32
-0 0 0 0 0 0 0 0 0 0 0 0 0 0 0 0 0 0 0 0 0 0 0 0 0 0 0 0 0 0 0 0 
0.29046 -1.37237 0 0.270476 0 0.270476 0 0 0 0.270476 0 0 0 0 0 0 0 0.270476 0 0 0 0 0 0 0 0 0 0 0 0 0 0 
0.29046 0 -1.37237 0.270476 0 0 0.270476 0 0 0 0.270476 0 0 0 0 0 0 0 0.270476 0 0 0 0 0 0 0 0 0 0 0 0 0 
0 0.29046 0.29046 -2.20378 0 0 0 0.540953 0 0 0 0.540953 0 0 0 0 0 0 0 0.540953 0 0 0 0 0 0 0 0 0 0 0 0 
0.29046 0 0 0 -1.37237 0.270476 0.270476 0 0 0 0 0 0.270476 0 0 0 0 0 0 0 0.270476 0 0 0 0 0 0 0 0 0 0 0 
0 0.29046 0 0 0.29046 -2.20378 0 0.540953 0 0 0 0 0 0.540953 0 0 0 0 0 0 0 0.540953 0 0 0 0 0 0 0 0 0 0 
0 0 0.29046 0 0.29046 0 -2.20378 0.540953 0 0 0 0 0 0 0.540953 0 0 0 0 0 0 0 0.540953 0 0 0 0 0 0 0 0 0 
0 0 0 0.29046 0 0.29046 0.29046 -2.49424 0 0 0 0 0 0 0 0.811429 0 0 0 0 0 0 0 0.811429 0 0 0 0 0 0 0 0 
0.29046 0 0 0 0 0 0 0 -1.37237 0.270476 0.270476 0 0.270476 0 0 0 0 0 0 0 0 0 0 0 0.270476 0 0 0 0 0 0 0 
0 0.29046 0 0 0 0 0 0 0.29046 -2.20378 0 0.540953 0 0.540953 0 0 0 0 0 0 0 0 0 0 0 0.540953 0 0 0 0 0 0 
0 0 0.29046 0 0 0 0 0 0.29046 0 -2.20378 0.540953 0 0 0.540953 0 0 0 0 0 0 0 0 0 0 0 0.540953 0 0 0 0 0 
0 0 0 0.29046 0 0 0 0 0 0.29046 0.29046 -2.49424 0 0 0 0.811429 0 0 0 0 0 0 0 0 0 0 0 0.811429 0 0 0 0 
0 0 0 0 0.29046 0 0 0 0.29046 0 0 0 -2.20378 0.540953 0.540953 0 0 0 0 0 0 0 0 0 0 0 0 0 0.540953 0 0 0 
0 0 0 0 0 0.29046 0 0 0 0.29046 0 0 0.29046 -2.49424 0 0.811429 0 0 0 0 0 0 0 0 0 0 0 0 0 0.811429 0 0 
0 0 0 0 0 0 0.29046 0 0 0 0.29046 0 0.29046 0 -2.49424 0.811429 0 0 0 0 0 0 0 0 0 0 0 0 0 0 0.811429 0 
0 0 0 0 0 0 0 0.29046 0 0 0 0.29046 0 0.29046 0.29046 -2.24374 0 0 0 0 0 0 0 0 0 0 0 0 0 0 0 1.08191 
0.29046 0 0 0 0 0 0 0 0 0 0 0 0 0 0 0 -1.37237 0.270476 0.270476 0 0.270476 0 0 0 0.270476 0 0 0 0 0 0 0 
0 0.29046 0 0 0 0 0 0 0 0 0 0 0 0 0 0 0.29046 -2.20378 0 0.540953 0 0.540953 0 0 0 0.540953 0 0 0 0 0 0 
0 0 0.29046 0 0 0 0 0 0 0 0 0 0 0 0 0 0.29046 0 -2.20378 0.540953 0 0 0.540953 0 0 0 0.540953 0 0 0 0 0 
0 0 0 0.29046 0 0 0 0 0 0 0 0 0 0 0 0 0 0.29046 0.29046 -2.49424 0 0 0 0.811429 0 0 0 0.811429 0 0 0 0 
0 0 0 0 0.29046 0 0 0 0 0 0 0 0 0 0 0 0.29046 0 0 0 -2.20378 0.540953 0.540953 0 0 0 0 0 0.540953 0 0 0 
0 0 0 0 0 0.29046 0 0 0 0 0 0 0 0 0 0 0 0.29046 0 0 0.29046 -2.49424 0 0.811429 0 0 0 0 0 0.811429 0 0 
0 0 0 0 0 0 0.29046 0 0 0 0 0 0 0 0 0 0 0 0.29046 0 0.29046 0 -2.49424 0.811429 0 0 0 0 0 0 0.811429 0 
0 0 0 0 0 0 0 0.29046 0 0 0 0 0 0 0 0 0 0 0 0.29046 0 0.29046 0.29046 -2.24374 0 0 0 0 0 0 0 1.08191 
0 0 0 0 0 0 0 0 0.29046 0 0 0 0 0 0 0 0.29046 0 0 0 0 0 0 0 -2.20378 0.540953 0.540953 0 0.540953 0 0 0 
0 0 0 0 0 0 0 0 0 0.29046 0 0 0 0 0 0 0 0.29046 0 0 0 0 0 0 0.29046 -2.49424 0 0.811429 0 0.811429 0 0 
0 0 0 0 0 0 0 0 0 0 0.29046 0 0 0 0 0 0 0 0.29046 0 0 0 0 0 0.29046 0 -2.49424 0.811429 0 0 0.811429 0 
0 0 0 0 0 0 0 0 0 0 0 0.29046 0 0 0 0 0 0 0 0.29046 0 0 0 0 0 0.29046 0.29046 -2.24374 0 0 0 1.08191 
0 0 0 0 0 0 0 0 0 0 0 0 0.29046 0 0 0 0 0 0 0 0.29046 0 0 0 0.29046 0 0 0 -2.49424 0.811429 0.811429 0 
0 0 0 0 0 0 0 0 0 0 0 0 0 0.29046 0 0 0 0 0 0 0 0.29046 0 0 0 0.29046 0 0 0.29046 -2.24374 0 1.08191 
0 0 0 0 0 0 0 0 0 0 0 0 0 0 0.29046 0 0 0 0 0 0 0 0.29046 0 0 0 0.29046 0 0.29046 0 -2.24374 1.08191 
0 0 0 0 0 0 0 0 0 0 0 0 0 0 0 0.29046 0 0 0 0 0 0 0 0.29046 0 0 0 0.29046 0 0.29046 0.29046 -1.4523 
