32
-0 0 0 0 0 0 0 0 0 0 0 0 0 0 0 0 0 0 0 0 0 0 0 0 0 0 0 0 0 0 0 0 
0.193676 -1.16682 0 0.243286 0 0.243286 0 0 0 0.243286 0 0 0 0 0 0 0 0.243286 0 0 0 0 0 0 0 0 0 0 0 0 0 0 
0.193676 0 -1.16682 0.243286 0 0 0.243286 0 0 0 0.243286 0 0 0 0 0 0 0 0.243286 0 0 0 0 0 0 0 0 0 0 0 0 0 
0 0.193676 0.193676 -1.84707 0 0 0 0.486571 0 0 0 0.486571 0 0 0 0 0 0 0 0.486571 0 0 0 0 0 0 0 0 0 0 0 0 
0.193676 0 0 0 -1.16682 0.243286 0.243286 0 0 0 0 0 0.243286 0 0 0 0 0 0 0 0.243286 0 0 0 0 0 0 0 0 0 0 0 
0 0.193676 0 0 0.193676 -1.84707 0 0.486571 0 0 0 0 0 0.486571 0 0 0 0 0 0 0 0.486571 0 0 0 0 0 0 0 0 0 0 
0 0 0.193676 0 0.193676 0 -1.84707 0.486571 0 0 0 0 0 0 0.486571 0 0 0 0 0 0 0 0.486571 0 0 0 0 0 0 0 0 0 
0 0 0 0.193676 0 0.193676 0.193676 -2.04074 0 0 0 0 0 0 0 0.729857 0 0 0 0 0 0 0 0.729857 0 0 0 0 0 0 0 0 
0.193676 0 0 0 0 0 0 0 -1.16682 0.243286 0.243286 0 0.243286 0 0 0 0 0 0 0 0 0 0 0 0.243286 0 0 0 0 0 0 0 
0 0.193676 0 0 0 0 0 0 0.193676 -1.84707 0 0.486571 0 0.486571 0 0 0 0 0 0 0 0 0 0 0 0.486571 0 0 0 0 0 0 
0 0 0.193676 0 0 0 0 0 0.193676 0 -1.84707 0.486571 0 0 0.486571 0 0 0 0 0 0 0 0 0 0 0 0.486571 0 0 0 0 0 
0 0 0 0.193676 0 0 0 0 0 0.193676 0.193676 -2.04074 0 0 0 0.729857 0 0 0 0 0 0 0 0 0 0 0 0.729857 0 0 0 0 
0 0 0 0 0.193676 0 0 0 0.193676 0 0 0 -1.84707 0.486571 0.486571 0 0 0 0 0 0 0 0 0 0 0 0 0 0.486571 0 0 0 
0 0 0 0 0 0.193676 0 0 0 0.193676 0 0 0.193676 -2.04074 0 0.729857 0 0 0 0 0 0 0 0 0 0 0 0 0 0.729857 0 0 
0 0 0 0 0 0 0.193676 0 0 0 0.193676 0 0.193676 0 -2.04074 0.729857 0 0 0 0 0 0 0 0 0 0 0 0 0 0 0.729857 0 
0 0 0 0 0 0 0 0.193676 0 0 0 0.193676 0 0.193676 0.193676 -1.74785 0 0 0 0 0 0 0 0 0 0 0 0 0 0 0 0.973142 
0.193676 0 0 0 0 0 0 0 0 0 0 0 0 0 0 0 -1.16682 0.243286 0.243286 0 0.243286 0 0 0 0.243286 0 0 0 0 0 0 0 
0 0.193676 0 0 0 0 0 0 0 0 0 0 0 0 0 0 0.193676 -1.84707 0 0.486571 0 0.486571 0 0 0 0.486571 0 0 0 0 0 0 
0 0 0.193676 0 0 0 0 0 0 0 0 0 0 0 0 0 0.193676 0 -1.84707 0.486571 0 0 0.486571 0 0 0 0.486571 0 0 0 0 0 
0 0 0 0.193676 0 0 0 0 0 0 0 0 0 0 0 0 0 0.193676 0.193676 -2.04074 0 0 0 0.729857 0 0 0 0.729857 0 0 0 0 
0 0 0 0 0.193676 0 0 0 0 0 0 0 0 0 0 0 0.193676 0 0 0 -1.84707 0.486571 0.486571 0 0 0 0 0 0.486571 0 0 0 
0 0 0 0 0 0.193676 0 0 0 0 0 0 0 0 0 0 0 0.193676 0 0 0.193676 -2.04074 0 0.729857 0 0 0 0 0 0.729857 0 0 
0 0 0 0 0 0 0.193676 0 0 0 0 0 0 0 0 0 0 0 0.193676 0 0.193676 0 -2.04074 0.729857 0 0 0 0 0 0 0.729857 0 
0 0 0 0 0 0 0 0.193676 0 0 0 0 0 0 0 0 0 0 0 0.193676 0 0.193676 0.193676 -1.74785 0 0 0 0 0 0 0 0.973142 
0 0 0 0 0 0 0 0 0.193676 0 0 0 0 0 0 0 0.193676 0 0 0 0 0 0 0 -1.84707 0.486571 0.486571 0 0.486571 0 0 0 
0 0 0 0 0 0 0 0 0 0.193676 0 0 0 0 0 0 0 0.193676 0 0 0 0 0 0 0.193676 -2.04074 0 0.729857 0 0.729857 0 0 
0 0 0 0 0 0 0 0 0 0 0.193676 0 0 0 0 0 0 0 0.193676 0 0 0 0 0 0.193676 0 -2.04074 0.729857 0 0 0.729857 0 
0 0 0 0 0 0 0 0 0 0 0 0.193676 0 0 0 0 0 0 0 0.193676 0 0 0 0 0 0.193676 0.193676 -1.74785 0 0 0 0.973142 
0 0 0 0 0 0 0 0 0 0 0 0 0.193676 0 0 0 0 0 0 0 0.193676 0 0 0 0.193676 0 0 0 -2.04074 0.729857 0.729857 0 
0 0 0 0 0 0 0 0 0 0 0 0 0 0.193676 0 0 0 0 0 0 0 0.193676 0 0 0 0.193676 0 0 0.193676 -1.74785 0 0.973142 
0 0 0 0 0 0 0 0 0 0 0 0 0 0 0.193676 0 0 0 0 0 0 0 0.193676 0 0 0 0.193676 0 0.193676 0 -1.74785 0.973142 
0 0 0 0 0 0 0 0 0 0 0 0 0 0 0 0.193676 0 0 0 0 0 0 0 0.193676 0 0 0 0.193676 0 0.193676 0.193676 -0.968381 
