32
-0 0 0 0 0 0 0 0 0 0 0 0 0 0 0 0 0 0 0 0 0 0 0 0 0 0 0 0 0 0 0 0 
0.26342 -1.68901 0 0.356397 0 0.356397 0 0 0 0.356397 0 0 0 0 0 0 0 0.356397 0 0 0 0 0 0 0 0 0 0 0 0 0 0 
0.26342 0 -1.68901 0.356397 0 0 0.356397 0 0 0 0.356397 0 0 0 0 0 0 0 0.356397 0 0 0 0 0 0 0 0 0 0 0 0 0 
0 0.26342 0.26342 -2.66522 0 0 0 0.712795 0 0 0 0.712795 0 0 0 0 0 0 0 0.712795 0 0 0 0 0 0 0 0 0 0 0 0 
0.26342 0 0 0 -1.68901 0.356397 0.356397 0 0 0 0 0 0.356397 0 0 0 0 0 0 0 0.356397 0 0 0 0 0 0 0 0 0 0 0 
0 0.26342 0 0 0.26342 -2.66522 0 0.712795 0 0 0 0 0 0.712795 0 0 0 0 0 0 0 0.712795 0 0 0 0 0 0 0 0 0 0 
0 0 0.26342 0 0.26342 0 -2.66522 0.712795 0 0 0 0 0 0 0.712795 0 0 0 0 0 0 0 0.712795 0 0 0 0 0 0 0 0 0 
0 0 0 0.26342 0 0.26342 0.26342 -2.92865 0 0 0 0 0 0 0 1.06919 0 0 0 0 0 0 0 1.06919 0 0 0 0 0 0 0 0 
0.26342 0 0 0 0 0 0 0 -1.68901 0.356397 0.356397 0 0.356397 0 0 0 0 0 0 0 0 0 0 0 0.356397 0 0 0 0 0 0 0 
0 0.26342 0 0 0 0 0 0 0.26342 -2.66522 0 0.712795 0 0.712795 0 0 0 0 0 0 0 0 0 0 0 0.712795 0 0 0 0 0 0 
0 0 0.26342 0 0 0 0 0 0.26342 0 -2.66522 0.712795 0 0 0.712795 0 0 0 0 0 0 0 0 0 0 0 0.712795 0 0 0 0 0 
0 0 0 0.26342 0 0 0 0 0 0.26342 0.26342 -2.92865 0 0 0 1.06919 0 0 0 0 0 0 0 0 0 0 0 1.06919 0 0 0 0 
0 0 0 0 0.26342 0 0 0 0.26342 0 0 0 -2.66522 0.712795 0.712795 0 0 0 0 0 0 0 0 0 0 0 0 0 0.712795 0 0 0 
0 0 0 0 0 0.26342 0 0 0 0.26342 0 0 0.26342 -2.92865 0 1.06919 0 0 0 0 0 0 0 0 0 0 0 0 0 1.06919 0 0 
0 0 0 0 0 0 0.26342 0 0 0 0.26342 0 0.26342 0 -2.92865 1.06919 0 0 0 0 0 0 0 0 0 0 0 0 0 0 1.06919 0 
0 0 0 0 0 0 0 0.26342 0 0 0 0.26342 0 0.26342 0.26342 -2.47927 0 0 0 0 0 0 0 0 0 0 0 0 0 0 0 1.42559 
0.26342 0 0 0 0 0 0 0 0 0 0 0 0 0 0 0 -1.68901 0.356397 0.356397 0 0.356397 0 0 0 0.356397 0 0 0 0 0 0 0 
0 0.26342 0 0 0 0 0 0 0 0 0 0 0 0 0 0 0.26342 -2.66522 0 0.712795 0 0.712795 0 0 0 0.712795 0 0 0 0 0 0 
0 0 0.26342 0 0 0 0 0 0 0 0 0 0 0 0 0 0.26342 0 -2.66522 0.712795 0 0 0.712795 0 0 0 0.712795 0 0 0 0 0 
0 0 0 0.26342 0 0 0 0 0 0 0 0 0 0 0 0 0 0.26342 0.26342 -2.92865 0 0 0 1.06919 0 0 0 1.06919 0 0 0 0 
0 0 0 0 0.26342 0 0 0 0 0 0 0 0 0 0 0 0.26342 0 0 0 -2.66522 0.712795 0.712795 0 0 0 0 0 0.712795 0 0 0 
0 0 0 0 0 0.26342 0 0 0 0 0 0 0 0 0 0 0 0.26342 0 0 0.26342 -2.92865 0 1.06919 0 0 0 0 0 1.06919 0 0 
0 0 0 0 0 0 0.26342 0 0 0 0 0 0 0 0 0 0 0 0.26342 0 0.26342 0 -2.92865 1.06919 0 0 0 0 0 0 1.06919 0 
0 0 0 0 0 0 0 0.26342 0 0 0 0 0 0 0 0 0 0 0 0.26342 0 0.26342 0.26342 -2.47927 0 0 0 0 0 0 0 1.42559 
0 0 0 0 0 0 0 0 0.26342 0 0 0 0 0 0 0 0.26342 0 0 0 0 0 0 0 -2.66522 0.712795 0.712795 0 0.712795 0 0 0 
0 0 0 0 0 0 0 0 0 0.26342 0 0 0 0 0 0 0 0.26342 0 0 0 0 0 0 0.26342 -2.92865 0 1.06919 0 1.06919 0 0 
0 0 0 0 0 0 0 0 0 0 0.26342 0 0 0 0 0 0 0 0.26342 0 0 0 0 0 0.26342 0 -2.92865 1.06919 0 0 1.06919 0 
0 0 0 0 0 0 0 0 0 0 0 0.26342 0 0 0 0 0 0 0 0.26342 0 0 0 0 0 0.26342 0.26342 -2.47927 0 0 0 1.42559 
0 0 0 0 0 0 0 0 0 0 0 0 0.26342 0 0 0 0 0 0 0 0.26342 0 0 0 0.26342 0 0 0 -2.92865 1.06919 1.06919 0 
0 0 0 0 0 0 0 0 0 0 0 0 0 0.26342 0 0 0 0 0 0 0 0.26342 0 0 0 0.26342 0 0 0.26342 -2.47927 0 1.42559 
0 0 0 0 0 0 0 0 0 0 0 0 0 0 0.26342 0 0 0 0 0 0 0 0.26342 0 0 0 0.26342 0 0.26342 0 -2.47927 1.42559 
0 0 0 0 0 0 0 0 0 0 0 0 0 0 0 0.26342 0 0 0 0 0 0 0 0.26342 0 0 0 0.26342 0 0.26342 0.26342 -1.3171 
