64
-0 0 0 0 0 0 0 0 0 0 0 0 0 0 0 0 0 0 0 0 0 0 0 0 0 0 0 0 0 0 0 0 0 0 0 0 0 0 0 0 0 0 0 0 0 0 0 0 0 0 0 0 0 0 0 0 0 0 0 0 0 0 0 0 
0.356822 -1.9526 0 0.319155 0 0.319155 0 0 0 0.319155 0 0 0 0 0 0 0 0.319155 0 0 0 0 0 0 0 0 0 0 0 0 0 0 0 0.319155 0 0 0 0 0 0 0 0 0 0 0 0 0 0 0 0 0 0 0 0 0 0 0 0 0 0 0 0 0 0 
0.356822 0 -1.9526 0.319155 0 0 0.319155 0 0 0 0.319155 0 0 0 0 0 0 0 0.319155 0 0 0 0 0 0 0 0 0 0 0 0 0 0 0 0.319155 0 0 0 0 0 0 0 0 0 0 0 0 0 0 0 0 0 0 0 0 0 0 0 0 0 0 0 0 0 
0 0.356822 0.356822 -3.26688 0 0 0 0.63831 0 0 0 0.63831 0 0 0 0 0 0 0 0.63831 0 0 0 0 0 0 0 0 0 0 0 0 0 0 0 0.63831 0 0 0 0 0 0 0 0 0 0 0 0 0 0 0 0 0 0 0 0 0 0 0 0 0 0 0 0 
0.356822 0 0 0 -1.9526 0.319155 0.319155 0 0 0 0 0 0.319155 0 0 0 0 0 0 0 0.319155 0 0 0 0 0 0 0 0 0 0 0 0 0 0 0 0.319155 0 0 0 0 0 0 0 0 0 0 0 0 0 0 0 0 0 0 0 0 0 0 0 0 0 0 0 
0 0.356822 0 0 0.356822 -3.26688 0 0.63831 0 0 0 0 0 0.63831 0 0 0 0 0 0 0 0.63831 0 0 0 0 0 0 0 0 0 0 0 0 0 0 0 0.63831 0 0 0 0 0 0 0 0 0 0 0 0 0 0 0 0 0 0 0 0 0 0 0 0 0 0 
0 0 0.356822 0 0.356822 0 -3.26688 0.63831 0 0 0 0 0 0 0.63831 0 0 0 0 0 0 0 0.63831 0 0 0 0 0 0 0 0 0 0 0 0 0 0 0 0.63831 0 0 0 0 0 0 0 0 0 0 0 0 0 0 0 0 0 0 0 0 0 0 0 0 0 
0 0 0 0.356822 0 0.356822 0.356822 -3.94286 0 0 0 0 0 0 0 0.957465 0 0 0 0 0 0 0 0.957465 0 0 0 0 0 0 0 0 0 0 0 0 0 0 0 0.957465 0 0 0 0 0 0 0 0 0 0 0 0 0 0 0 0 0 0 0 0 0 0 0 0 
0.356822 0 0 0 0 0 0 0 -1.9526 0.319155 0.319155 0 0.319155 0 0 0 0 0 0 0 0 0 0 0 0.319155 0 0 0 0 0 0 0 0 0 0 0 0 0 0 0 0.319155 0 0 0 0 0 0 0 0 0 0 0 0 0 0 0 0 0 0 0 0 0 0 0 
0 0.356822 0 0 0 0 0 0 0.356822 -3.26688 0 0.63831 0 0.63831 0 0 0 0 0 0 0 0 0 0 0 0.63831 0 0 0 0 0 0 0 0 0 0 0 0 0 0 0 0.63831 0 0 0 0 0 0 0 0 0 0 0 0 0 0 0 0 0 0 0 0 0 0 
0 0 0.356822 0 0 0 0 0 0.356822 0 -3.26688 0.63831 0 0 0.63831 0 0 0 0 0 0 0 0 0 0 0 0.63831 0 0 0 0 0 0 0 0 0 0 0 0 0 0 0 0.63831 0 0 0 0 0 0 0 0 0 0 0 0 0 0 0 0 0 0 0 0 0 
0 0 0 0.356822 0 0 0 0 0 0.356822 0.356822 -3.94286 0 0 0 0.957465 0 0 0 0 0 0 0 0 0 0 0 0.957465 0 0 0 0 0 0 0 0 0 0 0 0 0 0 0 0.957465 0 0 0 0 0 0 0 0 0 0 0 0 0 0 0 0 0 0 0 0 
0 0 0 0 0.356822 0 0 0 0.356822 0 0 0 -3.26688 0.63831 0.63831 0 0 0 0 0 0 0 0 0 0 0 0 0 0.63831 0 0 0 0 0 0 0 0 0 0 0 0 0 0 0 0.63831 0 0 0 0 0 0 0 0 0 0 0 0 0 0 0 0 0 0 0 
0 0 0 0 0 0.356822 0 0 0 0.356822 0 0 0.356822 -3.94286 0 0.957465 0 0 0 0 0 0 0 0 0 0 0 0 0 0.957465 0 0 0 0 0 0 0 0 0 0 0 0 0 0 0 0.957465 0 0 0 0 0 0 0 0 0 0 0 0 0 0 0 0 0 0 
0 0 0 0 0 0 0.356822 0 0 0 0.356822 0 0.356822 0 -3.94286 0.957465 0 0 0 0 0 0 0 0 0 0 0 0 0 0 0.957465 0 0 0 0 0 0 0 0 0 0 0 0 0 0 0 0.957465 0 0 0 0 0 0 0 0 0 0 0 0 0 0 0 0 0 
0 0 0 0 0 0 0 0.356822 0 0 0 0.356822 0 0.356822 0.356822 -3.98053 0 0 0 0 0 0 0 0 0 0 0 0 0 0 0 1.27662 0 0 0 0 0 0 0 0 0 0 0 0 0 0 0 1.27662 0 0 0 0 0 0 0 0 0 0 0 0 0 0 0 0 
0.356822 0 0 0 0 0 0 0 0 0 0 0 0 0 0 0 -1.9526 0.319155 0.319155 0 0.319155 0 0 0 0.319155 0 0 0 0 0 0 0 0 0 0 0 0 0 0 0 0 0 0 0 0 0 0 0 0.319155 0 0 0 0 0 0 0 0 0 0 0 0 0 0 0 
0 0.356822 0 0 0 0 0 0 0 0 0 0 0 0 0 0 0.356822 -3.26688 0 0.63831 0 0.63831 0 0 0 0.63831 0 0 0 0 0 0 0 0 0 0 0 0 0 0 0 0 0 0 0 0 0 0 0 0.63831 0 0 0 0 0 0 0 0 0 0 0 0 0 0 
0 0 0.356822 0 0 0 0 0 0 0 0 0 0 0 0 0 0.356822 0 -3.26688 0.63831 0 0 0.63831 0 0 0 0.63831 0 0 0 0 0 0 0 0 0 0 0 0 0 0 0 0 0 0 0 0 0 0 0 0.63831 0 0 0 0 0 0 0 0 0 0 0 0 0 
0 0 0 0.356822 0 0 0 0 0 0 0 0 0 0 0 0 0 0.356822 0.356822 -3.94286 0 0 0 0.957465 0 0 0 0.957465 0 0 0 0 0 0 0 0 0 0 0 0 0 0 0 0 0 0 0 0 0 0 0 0.957465 0 0 0 0 0 0 0 0 0 0 0 0 
0 0 0 0 0.356822 0 0 0 0 0 0 0 0 0 0 0 0.356822 0 0 0 -3.26688 0.63831 0.63831 0 0 0 0 0 0.63831 0 0 0 0 0 0 0 0 0 0 0 0 0 0 0 0 0 0 0 0 0 0 0 0.63831 0 0 0 0 0 0 0 0 0 0 0 
0 0 0 0 0 0.356822 0 0 0 0 0 0 0 0 0 0 0 0.356822 0 0 0.356822 -3.94286 0 0.957465 0 0 0 0 0 0.957465 0 0 0 0 0 0 0 0 0 0 0 0 0 0 0 0 0 0 0 0 0 0 0 0.957465 0 0 0 0 0 0 0 0 0 0 
0 0 0 0 0 0 0.356822 0 0 0 0 0 0 0 0 0 0 0 0.356822 0 0.356822 0 -3.94286 0.957465 0 0 0 0 0 0 0.957465 0 0 0 0 0 0 0 0 0 0 0 0 0 0 0 0 0 0 0 0 0 0 0 0.957465 0 0 0 0 0 0 0 0 0 
0 0 0 0 0 0 0 0.356822 0 0 0 0 0 0 0 0 0 0 0 0.356822 0 0.356822 0.356822 -3.98053 0 0 0 0 0 0 0 1.27662 0 0 0 0 0 0 0 0 0 0 0 0 0 0 0 0 0 0 0 0 0 0 0 1.27662 0 0 0 0 0 0 0 0 
0 0 0 0 0 0 0 0 0.356822 0 0 0 0 0 0 0 0.356822 0 0 0 0 0 0 0 -3.26688 0.63831 0.63831 0 0.63831 0 0 0 0 0 0 0 0 0 0 0 0 0 0 0 0 0 0 0 0 0 0 0 0 0 0 0 0.63831 0 0 0 0 0 0 0 
0 0 0 0 0 0 0 0 0 0.356822 0 0 0 0 0 0 0 0.356822 0 0 0 0 0 0 0.356822 -3.94286 0 0.957465 0 0.957465 0 0 0 0 0 0 0 0 0 0 0 0 0 0 0 0 0 0 0 0 0 0 0 0 0 0 0 0.957465 0 0 0 0 0 0 
0 0 0 0 0 0 0 0 0 0 0.356822 0 0 0 0 0 0 0 0.356822 0 0 0 0 0 0.356822 0 -3.94286 0.957465 0 0 0.957465 0 0 0 0 0 0 0 0 0 0 0 0 0 0 0 0 0 0 0 0 0 0 0 0 0 0 0 0.957465 0 0 0 0 0 
0 0 0 0 0 0 0 0 0 0 0 0.356822 0 0 0 0 0 0 0 0.356822 0 0 0 0 0 0.356822 0.356822 -3.98053 0 0 0 1.27662 0 0 0 0 0 0 0 0 0 0 0 0 0 0 0 0 0 0 0 0 0 0 0 0 0 0 0 1.27662 0 0 0 0 
0 0 0 0 0 0 0 0 0 0 0 0 0.356822 0 0 0 0 0 0 0 0.356822 0 0 0 0.356822 0 0 0 -3.94286 0.957465 0.957465 0 0 0 0 0 0 0 0 0 0 0 0 0 0 0 0 0 0 0 0 0 0 0 0 0 0 0 0 0 0.957465 0 0 0 
0 0 0 0 0 0 0 0 0 0 0 0 0 0.356822 0 0 0 0 0 0 0 0.356822 0 0 0 0.356822 0 0 0.356822 -3.98053 0 1.27662 0 0 0 0 0 0 0 0 0 0 0 0 0 0 0 0 0 0 0 0 0 0 0 0 0 0 0 0 0 1.27662 0 0 
0 0 0 0 0 0 0 0 0 0 0 0 0 0 0.356822 0 0 0 0 0 0 0 0.356822 0 0 0 0.356822 0 0.356822 0 -3.98053 1.27662 0 0 0 0 0 0 0 0 0 0 0 0 0 0 0 0 0 0 0 0 0 0 0 0 0 0 0 0 0 0 1.27662 0 
0 0 0 0 0 0 0 0 0 0 0 0 0 0 0 0.356822 0 0 0 0 0 0 0 0.356822 0 0 0 0.356822 0 0.356822 0.356822 -3.37988 0 0 0 0 0 0 0 0 0 0 0 0 0 0 0 0 0 0 0 0 0 0 0 0 0 0 0 0 0 0 0 1.59577 
0.356822 0 0 0 0 0 0 0 0 0 0 0 0 0 0 0 0 0 0 0 0 0 0 0 0 0 0 0 0 0 0 0 -1.9526 0.319155 0.319155 0 0.319155 0 0 0 0.319155 0 0 0 0 0 0 0 0.319155 0 0 0 0 0 0 0 0 0 0 0 0 0 0 0 
0 0.356822 0 0 0 0 0 0 0 0 0 0 0 0 0 0 0 0 0 0 0 0 0 0 0 0 0 0 0 0 0 0 0.356822 -3.26688 0 0.63831 0 0.63831 0 0 0 0.63831 0 0 0 0 0 0 0 0.63831 0 0 0 0 0 0 0 0 0 0 0 0 0 0 
0 0 0.356822 0 0 0 0 0 0 0 0 0 0 0 0 0 0 0 0 0 0 0 0 0 0 0 0 0 0 0 0 0 0.356822 0 -3.26688 0.63831 0 0 0.63831 0 0 0 0.63831 0 0 0 0 0 0 0 0.63831 0 0 0 0 0 0 0 0 0 0 0 0 0 
0 0 0 0.356822 0 0 0 0 0 0 0 0 0 0 0 0 0 0 0 0 0 0 0 0 0 0 0 0 0 0 0 0 0 0.356822 0.356822 -3.94286 0 0 0 0.957465 0 0 0 0.957465 0 0 0 0 0 0 0 0.957465 0 0 0 0 0 0 0 0 0 0 0 0 
0 0 0 0 0.356822 0 0 0 0 0 0 0 0 0 0 0 0 0 0 0 0 0 0 0 0 0 0 0 0 0 0 0 0.356822 0 0 0 -3.26688 0.63831 0.63831 0 0 0 0 0 0.63831 0 0 0 0 0 0 0 0.63831 0 0 0 0 0 0 0 0 0 0 0 
0 0 0 0 0 0.356822 0 0 0 0 0 0 0 0 0 0 0 0 0 0 0 0 0 0 0 0 0 0 0 0 0 0 0 0.356822 0 0 0.356822 -3.94286 0 0.957465 0 0 0 0 0 0.957465 0 0 0 0 0 0 0 0.957465 0 0 0 0 0 0 0 0 0 0 
0 0 0 0 0 0 0.356822 0 0 0 0 0 0 0 0 0 0 0 0 0 0 0 0 0 0 0 0 0 0 0 0 0 0 0 0.356822 0 0.356822 0 -3.94286 0.957465 0 0 0 0 0 0 0.957465 0 0 0 0 0 0 0 0.957465 0 0 0 0 0 0 0 0 0 
0 0 0 0 0 0 0 0.356822 0 0 0 0 0 0 0 0 0 0 0 0 0 0 0 0 0 0 0 0 0 0 0 0 0 0 0 0.356822 0 0.356822 0.356822 -3.98053 0 0 0 0 0 0 0 1.27662 0 0 0 0 0 0 0 1.27662 0 0 0 0 0 0 0 0 
0 0 0 0 0 0 0 0 0.356822 0 0 0 0 0 0 0 0 0 0 0 0 0 0 0 0 0 0 0 0 0 0 0 0.356822 0 0 0 0 0 0 0 -3.26688 0.63831 0.63831 0 0.63831 0 0 0 0 0 0 0 0 0 0 0 0.63831 0 0 0 0 0 0 0 
0 0 0 0 0 0 0 0 0 0.356822 0 0 0 0 0 0 0 0 0 0 0 0 0 0 0 0 0 0 0 0 0 0 0 0.356822 0 0 0 0 0 0 0.356822 -3.94286 0 0.957465 0 0.957465 0 0 0 0 0 0 0 0 0 0 0 0.957465 0 0 0 0 0 0 
0 0 0 0 0 0 0 0 0 0 0.356822 0 0 0 0 0 0 0 0 0 0 0 0 0 0 0 0 0 0 0 0 0 0 0 0.356822 0 0 0 0 0 0.356822 0 -3.94286 0.957465 0 0 0.957465 0 0 0 0 0 0 0 0 0 0 0 0.957465 0 0 0 0 0 
0 0 0 0 0 0 0 0 0 0 0 0.356822 0 0 0 0 0 0 0 0 0 0 0 0 0 0 0 0 0 0 0 0 0 0 0 0.356822 0 0 0 0 0 0.356822 0.356822 -3.98053 0 0 0 1.27662 0 0 0 0 0 0 0 0 0 0 0 1.27662 0 0 0 0 
0 0 0 0 0 0 0 0 0 0 0 0 0.356822 0 0 0 0 0 0 0 0 0 0 0 0 0 0 0 0 0 0 0 0 0 0 0 0.356822 0 0 0 0.356822 0 0 0 -3.94286 0.957465 0.957465 0 0 0 0 0 0 0 0 0 0 0 0 0 0.957465 0 0 0 
0 0 0 0 0 0 0 0 0 0 0 0 0 0.356822 0 0 0 0 0 0 0 0 0 0 0 0 0 0 0 0 0 0 0 0 0 0 0 0.356822 0 0 0 0.356822 0 0 0.356822 -3.98053 0 1.27662 0 0 0 0 0 0 0 0 0 0 0 0 0 1.27662 0 0 
0 0 0 0 0 0 0 0 0 0 0 0 0 0 0.356822 0 0 0 0 0 0 0 0 0 0 0 0 0 0 0 0 0 0 0 0 0 0 0 0.356822 0 0 0 0.356822 0 0.356822 0 -3.98053 1.27662 0 0 0 0 0 0 0 0 0 0 0 0 0 0 1.27662 0 
0 0 0 0 0 0 0 0 0 0 0 0 0 0 0 0.356822 0 0 0 0 0 0 0 0 0 0 0 0 0 0 0 0 0 0 0 0 0 0 0 0.356822 0 0 0 0.356822 0 0.356822 0.356822 -3.37988 0 0 0 0 0 0 0 0 0 0 0 0 0 0 0 1.59577 
0 0 0 0 0 0 0 0 0 0 0 0 0 0 0 0 0.356822 0 0 0 0 0 0 0 0 0 0 0 0 0 0 0 0.356822 0 0 0 0 0 0 0 0 0 0 0 0 0 0 0 -3.26688 0.63831 0.63831 0 0.63831 0 0 0 0.63831 0 0 0 0 0 0 0 
0 0 0 0 0 0 0 0 0 0 0 0 0 0 0 0 0 0.356822 0 0 0 0 0 0 0 0 0 0 0 0 0 0 0 0.356822 0 0 0 0 0 0 0 0 0 0 0 0 0 0 0.356822 -3.94286 0 0.957465 0 0.957465 0 0 0 0.957465 0 0 0 0 0 0 
0 0 0 0 0 0 0 0 0 0 0 0 0 0 0 0 0 0 0.356822 0 0 0 0 0 0 0 0 0 0 0 0 0 0 0 0.356822 0 0 0 0 0 0 0 0 0 0 0 0 0 0.356822 0 -3.94286 0.957465 0 0 0.957465 0 0 0 0.957465 0 0 0 0 0 
0 0 0 0 0 0 0 0 0 0 0 0 0 0 0 0 0 0 0 0.356822 0 0 0 0 0 0 0 0 0 0 0 0 0 0 0 0.356822 0 0 0 0 0 0 0 0 0 0 0 0 0 0.356822 0.356822 -3.98053 0 0 0 1.27662 0 0 0 1.27662 0 0 0 0 
0 0 0 0 0 0 0 0 0 0 0 0 0 0 0 0 0 0 0 0 0.356822 0 0 0 0 0 0 0 0 0 0 0 0 0 0 0 0.356822 0 0 0 0 0 0 0 0 0 0 0 0.356822 0 0 0 -3.94286 0.957465 0.957465 0 0 0 0 0 0.957465 0 0 0 
0 0 0 0 0 0 0 0 0 0 0 0 0 0 0 0 0 0 0 0 0 0.356822 0 0 0 0 0 0 0 0 0 0 0 0 0 0 0 0.356822 0 0 0 0 0 0 0 0 0 0 0 0.356822 0 0 0.356822 -3.98053 0 1.27662 0 0 0 0 0 1.27662 0 0 
0 0 0 0 0 0 0 0 0 0 0 0 0 0 0 0 0 0 0 0 0 0 0.356822 0 0 0 0 0 0 0 0 0 0 0 0 0 0 0 0.356822 0 0 0 0 0 0 0 0 0 0 0 0.356822 0 0.356822 0 -3.98053 1.27662 0 0 0 0 0 0 1.27662 0 
0 0 0 0 0 0 0 0 0 0 0 0 0 0 0 0 0 0 0 0 0 0 0 0.356822 0 0 0 0 0 0 0 0 0 0 0 0 0 0 0 0.356822 0 0 0 0 0 0 0 0 0 0 0 0.356822 0 0.356822 0.356822 -3.37988 0 0 0 0 0 0 0 1.59577 
0 0 0 0 0 0 0 0 0 0 0 0 0 0 0 0 0 0 0 0 0 0 0 0 0.356822 0 0 0 0 0 0 0 0 0 0 0 0 0 0 0 0.356822 0 0 0 0 0 0 0 0.356822 0 0 0 0 0 0 0 -3.94286 0.957465 0.957465 0 0.957465 0 0 0 
0 0 0 0 0 0 0 0 0 0 0 0 0 0 0 0 0 0 0 0 0 0 0 0 0 0.356822 0 0 0 0 0 0 0 0 0 0 0 0 0 0 0 0.356822 0 0 0 0 0 0 0 0.356822 0 0 0 0 0 0 0.356822 -3.98053 0 1.27662 0 1.27662 0 0 
0 0 0 0 0 0 0 0 0 0 0 0 0 0 0 0 0 0 0 0 0 0 0 0 0 0 0.356822 0 0 0 0 0 0 0 0 0 0 0 0 0 0 0 0.356822 0 0 0 0 0 0 0 0.356822 0 0 0 0 0 0.356822 0 -3.98053 1.27662 0 0 1.27662 0 
0 0 0 0 0 0 0 0 0 0 0 0 0 0 0 0 0 0 0 0 0 0 0 0 0 0 0 0.356822 0 0 0 0 0 0 0 0 0 0 0 0 0 0 0 0.356822 0 0 0 0 0 0 0 0.356822 0 0 0 0 0 0.356822 0.356822 -3.37988 0 0 0 1.59577 
0 0 0 0 0 0 0 0 0 0 0 0 0 0 0 0 0 0 0 0 0 0 0 0 0 0 0 0 0.356822 0 0 0 0 0 0 0 0 0 0 0 0 0 0 0 0.356822 0 0 0 0 0 0 0 0.356822 0 0 0 0.356822 0 0 0 -3.98053 1.27662 1.27662 0 
0 0 0 0 0 0 0 0 0 0 0 0 0 0 0 0 0 0 0 0 0 0 0 0 0 0 0 0 0 0.356822 0 0 0 0 0 0 0 0 0 0 0 0 0 0 0 0.356822 0 0 0 0 0 0 0 0.356822 0 0 0 0.356822 0 0 0.356822 -3.37988 0 1.59577 
0 0 0 0 0 0 0 0 0 0 0 0 0 0 0 0 0 0 0 0 0 0 0 0 0 0 0 0 0 0 0.356822 0 0 0 0 0 0 0 0 0 0 0 0 0 0 0 0.356822 0 0 0 0 0 0 0 0.356822 0 0 0 0.356822 0 0.356822 0 -3.37988 1.59577 
0 0 0 0 0 0 0 0 0 0 0 0 0 0 0 0 0 0 0 0 0 0 0 0 0 0 0 0 0 0 0 0.356822 0 0 0 0 0 0 0 0 0 0 0 0 0 0 0 0.356822 0 0 0 0 0 0 0 0.356822 0 0 0 0.356822 0 0.356822 0.356822 -2.14093 
