32
-0 0 0 0 0 0 0 0 0 0 0 0 0 0 0 0 0 0 0 0 0 0 0 0 0 0 0 0 0 0 0 0 
0.895591 -4.33885 0 0.860814 0 0.860814 0 0 0 0.860814 0 0 0 0 0 0 0 0.860814 0 0 0 0 0 0 0 0 0 0 0 0 0 0 
0.895591 0 -4.33885 0.860814 0 0 0.860814 0 0 0 0.860814 0 0 0 0 0 0 0 0.860814 0 0 0 0 0 0 0 0 0 0 0 0 0 
0 0.895591 0.895591 -6.95606 0 0 0 1.72163 0 0 0 1.72163 0 0 0 0 0 0 0 1.72163 0 0 0 0 0 0 0 0 0 0 0 0 
0.895591 0 0 0 -4.33885 0.860814 0.860814 0 0 0 0 0 0.860814 0 0 0 0 0 0 0 0.860814 0 0 0 0 0 0 0 0 0 0 0 
0 0.895591 0 0 0.895591 -6.95606 0 1.72163 0 0 0 0 0 1.72163 0 0 0 0 0 0 0 1.72163 0 0 0 0 0 0 0 0 0 0 
0 0 0.895591 0 0.895591 0 -6.95606 1.72163 0 0 0 0 0 0 1.72163 0 0 0 0 0 0 0 1.72163 0 0 0 0 0 0 0 0 0 
0 0 0 0.895591 0 0.895591 0.895591 -7.85166 0 0 0 0 0 0 0 2.58244 0 0 0 0 0 0 0 2.58244 0 0 0 0 0 0 0 0 
0.895591 0 0 0 0 0 0 0 -4.33885 0.860814 0.860814 0 0.860814 0 0 0 0 0 0 0 0 0 0 0 0.860814 0 0 0 0 0 0 0 
0 0.895591 0 0 0 0 0 0 0.895591 -6.95606 0 1.72163 0 1.72163 0 0 0 0 0 0 0 0 0 0 0 1.72163 0 0 0 0 0 0 
0 0 0.895591 0 0 0 0 0 0.895591 0 -6.95606 1.72163 0 0 1.72163 0 0 0 0 0 0 0 0 0 0 0 1.72163 0 0 0 0 0 
0 0 0 0.895591 0 0 0 0 0 0.895591 0.895591 -7.85166 0 0 0 2.58244 0 0 0 0 0 0 0 0 0 0 0 2.58244 0 0 0 0 
0 0 0 0 0.895591 0 0 0 0.895591 0 0 0 -6.95606 1.72163 1.72163 0 0 0 0 0 0 0 0 0 0 0 0 0 1.72163 0 0 0 
0 0 0 0 0 0.895591 0 0 0 0.895591 0 0 0.895591 -7.85166 0 2.58244 0 0 0 0 0 0 0 0 0 0 0 0 0 2.58244 0 0 
0 0 0 0 0 0 0.895591 0 0 0 0.895591 0 0.895591 0 -7.85166 2.58244 0 0 0 0 0 0 0 0 0 0 0 0 0 0 2.58244 0 
0 0 0 0 0 0 0 0.895591 0 0 0 0.895591 0 0.895591 0.895591 -7.02562 0 0 0 0 0 0 0 0 0 0 0 0 0 0 0 3.44325 
0.895591 0 0 0 0 0 0 0 0 0 0 0 0 0 0 0 -4.33885 0.860814 0.860814 0 0.860814 0 0 0 0.860814 0 0 0 0 0 0 0 
0 0.895591 0 0 0 0 0 0 0 0 0 0 0 0 0 0 0.895591 -6.95606 0 1.72163 0 1.72163 0 0 0 1.72163 0 0 0 0 0 0 
0 0 0.895591 0 0 0 0 0 0 0 0 0 0 0 0 0 0.895591 0 -6.95606 1.72163 0 0 1.72163 0 0 0 1.72163 0 0 0 0 0 
0 0 0 0.895591 0 0 0 0 0 0 0 0 0 0 0 0 0 0.895591 0.895591 -7.85166 0 0 0 2.58244 0 0 0 2.58244 0 0 0 0 
0 0 0 0 0.895591 0 0 0 0 0 0 0 0 0 0 0 0.895591 0 0 0 -6.95606 1.72163 1.72163 0 0 0 0 0 1.72163 0 0 0 
0 0 0 0 0 0.895591 0 0 0 0 0 0 0 0 0 0 0 0.895591 0 0 0.895591 -7.85166 0 2.58244 0 0 0 0 0 2.58244 0 0 
0 0 0 0 0 0 0.895591 0 0 0 0 0 0 0 0 0 0 0 0.895591 0 0.895591 0 -7.85166 2.58244 0 0 0 0 0 0 2.58244 0 
0 0 0 0 0 0 0 0.895591 0 0 0 0 0 0 0 0 0 0 0 0.895591 0 0.895591 0.895591 -7.02562 0 0 0 0 0 0 0 3.44325 
0 0 0 0 0 0 0 0 0.895591 0 0 0 0 0 0 0 0.895591 0 0 0 0 0 0 0 -6.95606 1.72163 1.72163 0 1.72163 0 0 0 
0 0 0 0 0 0 0 0 0 0.895591 0 0 0 0 0 0 0 0.895591 0 0 0 0 0 0 0.895591 -7.85166 0 2.58244 0 2.58244 0 0 
0 0 0 0 0 0 0 0 0 0 0.895591 0 0 0 0 0 0 0 0.895591 0 0 0 0 0 0.895591 0 -7.85166 2.58244 0 0 2.58244 0 
0 0 0 0 0 0 0 0 0 0 0 0.895591 0 0 0 0 0 0 0 0.895591 0 0 0 0 0 0.895591 0.895591 -7.02562 0 0 0 3.44325 
0 0 0 0 0 0 0 0 0 0 0 0 0.895591 0 0 0 0 0 0 0 0.895591 0 0 0 0.895591 0 0 0 -7.85166 2.58244 2.58244 0 
0 0 0 0 0 0 0 0 0 0 0 0 0 0.895591 0 0 0 0 0 0 0 0.895591 0 0 0 0.895591 0 0 0.895591 -7.02562 0 3.44325 
0 0 0 0 0 0 0 0 0 0 0 0 0 0 0.895591 0 0 0 0 0 0 0 0.895591 0 0 0 0.895591 0 0.895591 0 -7.02562 3.44325 
0 0 0 0 0 0 0 0 0 0 0 0 0 0 0 0.895591 0 0 0 0 0 0 0 0.895591 0 0 0 0.895591 0 0.895591 0.895591 -4.47796 
