32
-0 0 0 0 0 0 0 0 0 0 0 0 0 0 0 0 0 0 0 0 0 0 0 0 0 0 0 0 0 0 0 0 
0.210822 -1.52491 0 0.328523 0 0.328523 0 0 0 0.328523 0 0 0 0 0 0 0 0.328523 0 0 0 0 0 0 0 0 0 0 0 0 0 0 
0.210822 0 -1.52491 0.328523 0 0 0.328523 0 0 0 0.328523 0 0 0 0 0 0 0 0.328523 0 0 0 0 0 0 0 0 0 0 0 0 0 
0 0.210822 0.210822 -2.39278 0 0 0 0.657046 0 0 0 0.657046 0 0 0 0 0 0 0 0.657046 0 0 0 0 0 0 0 0 0 0 0 0 
0.210822 0 0 0 -1.52491 0.328523 0.328523 0 0 0 0 0 0.328523 0 0 0 0 0 0 0 0.328523 0 0 0 0 0 0 0 0 0 0 0 
0 0.210822 0 0 0.210822 -2.39278 0 0.657046 0 0 0 0 0 0.657046 0 0 0 0 0 0 0 0.657046 0 0 0 0 0 0 0 0 0 0 
0 0 0.210822 0 0.210822 0 -2.39278 0.657046 0 0 0 0 0 0 0.657046 0 0 0 0 0 0 0 0.657046 0 0 0 0 0 0 0 0 0 
0 0 0 0.210822 0 0.210822 0.210822 -2.60361 0 0 0 0 0 0 0 0.985569 0 0 0 0 0 0 0 0.985569 0 0 0 0 0 0 0 0 
0.210822 0 0 0 0 0 0 0 -1.52491 0.328523 0.328523 0 0.328523 0 0 0 0 0 0 0 0 0 0 0 0.328523 0 0 0 0 0 0 0 
0 0.210822 0 0 0 0 0 0 0.210822 -2.39278 0 0.657046 0 0.657046 0 0 0 0 0 0 0 0 0 0 0 0.657046 0 0 0 0 0 0 
0 0 0.210822 0 0 0 0 0 0.210822 0 -2.39278 0.657046 0 0 0.657046 0 0 0 0 0 0 0 0 0 0 0 0.657046 0 0 0 0 0 
0 0 0 0.210822 0 0 0 0 0 0.210822 0.210822 -2.60361 0 0 0 0.985569 0 0 0 0 0 0 0 0 0 0 0 0.985569 0 0 0 0 
0 0 0 0 0.210822 0 0 0 0.210822 0 0 0 -2.39278 0.657046 0.657046 0 0 0 0 0 0 0 0 0 0 0 0 0 0.657046 0 0 0 
0 0 0 0 0 0.210822 0 0 0 0.210822 0 0 0.210822 -2.60361 0 0.985569 0 0 0 0 0 0 0 0 0 0 0 0 0 0.985569 0 0 
0 0 0 0 0 0 0.210822 0 0 0 0.210822 0 0.210822 0 -2.60361 0.985569 0 0 0 0 0 0 0 0 0 0 0 0 0 0 0.985569 0 
0 0 0 0 0 0 0 0.210822 0 0 0 0.210822 0 0.210822 0.210822 -2.15738 0 0 0 0 0 0 0 0 0 0 0 0 0 0 0 1.31409 
0.210822 0 0 0 0 0 0 0 0 0 0 0 0 0 0 0 -1.52491 0.328523 0.328523 0 0.328523 0 0 0 0.328523 0 0 0 0 0 0 0 
0 0.210822 0 0 0 0 0 0 0 0 0 0 0 0 0 0 0.210822 -2.39278 0 0.657046 0 0.657046 0 0 0 0.657046 0 0 0 0 0 0 
0 0 0.210822 0 0 0 0 0 0 0 0 0 0 0 0 0 0.210822 0 -2.39278 0.657046 0 0 0.657046 0 0 0 0.657046 0 0 0 0 0 
0 0 0 0.210822 0 0 0 0 0 0 0 0 0 0 0 0 0 0.210822 0.210822 -2.60361 0 0 0 0.985569 0 0 0 0.985569 0 0 0 0 
0 0 0 0 0.210822 0 0 0 0 0 0 0 0 0 0 0 0.210822 0 0 0 -2.39278 0.657046 0.657046 0 0 0 0 0 0.657046 0 0 0 
0 0 0 0 0 0.210822 0 0 0 0 0 0 0 0 0 0 0 0.210822 0 0 0.210822 -2.60361 0 0.985569 0 0 0 0 0 0.985569 0 0 
0 0 0 0 0 0 0.210822 0 0 0 0 0 0 0 0 0 0 0 0.210822 0 0.210822 0 -2.60361 0.985569 0 0 0 0 0 0 0.985569 0 
0 0 0 0 0 0 0 0.210822 0 0 0 0 0 0 0 0 0 0 0 0.210822 0 0.210822 0.210822 -2.15738 0 0 0 0 0 0 0 1.31409 
0 0 0 0 0 0 0 0 0.210822 0 0 0 0 0 0 0 0.210822 0 0 0 0 0 0 0 -2.39278 0.657046 0.657046 0 0.657046 0 0 0 
0 0 0 0 0 0 0 0 0 0.210822 0 0 0 0 0 0 0 0.210822 0 0 0 0 0 0 0.210822 -2.60361 0 0.985569 0 0.985569 0 0 
0 0 0 0 0 0 0 0 0 0 0.210822 0 0 0 0 0 0 0 0.210822 0 0 0 0 0 0.210822 0 -2.60361 0.985569 0 0 0.985569 0 
0 0 0 0 0 0 0 0 0 0 0 0.210822 0 0 0 0 0 0 0 0.210822 0 0 0 0 0 0.210822 0.210822 -2.15738 0 0 0 1.31409 
0 0 0 0 0 0 0 0 0 0 0 0 0.210822 0 0 0 0 0 0 0 0.210822 0 0 0 0.210822 0 0 0 -2.60361 0.985569 0.985569 0 
0 0 0 0 0 0 0 0 0 0 0 0 0 0.210822 0 0 0 0 0 0 0 0.210822 0 0 0 0.210822 0 0 0.210822 -2.15738 0 1.31409 
0 0 0 0 0 0 0 0 0 0 0 0 0 0 0.210822 0 0 0 0 0 0 0 0.210822 0 0 0 0.210822 0 0.210822 0 -2.15738 1.31409 
0 0 0 0 0 0 0 0 0 0 0 0 0 0 0 0.210822 0 0 0 0 0 0 0 0.210822 0 0 0 0.210822 0 0.210822 0.210822 -1.05411 
