64
-0 0 0 0 0 0 0 0 0 0 0 0 0 0 0 0 0 0 0 0 0 0 0 0 0 0 0 0 0 0 0 0 0 0 0 0 0 0 0 0 0 0 0 0 0 0 0 0 0 0 0 0 0 0 0 0 0 0 0 0 0 0 0 0 
0.587041 -3.01385 0 0.485361 0 0.485361 0 0 0 0.485361 0 0 0 0 0 0 0 0.485361 0 0 0 0 0 0 0 0 0 0 0 0 0 0 0 0.485361 0 0 0 0 0 0 0 0 0 0 0 0 0 0 0 0 0 0 0 0 0 0 0 0 0 0 0 0 0 0 
0.587041 0 -3.01385 0.485361 0 0 0.485361 0 0 0 0.485361 0 0 0 0 0 0 0 0.485361 0 0 0 0 0 0 0 0 0 0 0 0 0 0 0 0.485361 0 0 0 0 0 0 0 0 0 0 0 0 0 0 0 0 0 0 0 0 0 0 0 0 0 0 0 0 0 
0 0.587041 0.587041 -5.05697 0 0 0 0.970722 0 0 0 0.970722 0 0 0 0 0 0 0 0.970722 0 0 0 0 0 0 0 0 0 0 0 0 0 0 0 0.970722 0 0 0 0 0 0 0 0 0 0 0 0 0 0 0 0 0 0 0 0 0 0 0 0 0 0 0 0 
0.587041 0 0 0 -3.01385 0.485361 0.485361 0 0 0 0 0 0.485361 0 0 0 0 0 0 0 0.485361 0 0 0 0 0 0 0 0 0 0 0 0 0 0 0 0.485361 0 0 0 0 0 0 0 0 0 0 0 0 0 0 0 0 0 0 0 0 0 0 0 0 0 0 0 
0 0.587041 0 0 0.587041 -5.05697 0 0.970722 0 0 0 0 0 0.970722 0 0 0 0 0 0 0 0.970722 0 0 0 0 0 0 0 0 0 0 0 0 0 0 0 0.970722 0 0 0 0 0 0 0 0 0 0 0 0 0 0 0 0 0 0 0 0 0 0 0 0 0 0 
0 0 0.587041 0 0.587041 0 -5.05697 0.970722 0 0 0 0 0 0 0.970722 0 0 0 0 0 0 0 0.970722 0 0 0 0 0 0 0 0 0 0 0 0 0 0 0 0.970722 0 0 0 0 0 0 0 0 0 0 0 0 0 0 0 0 0 0 0 0 0 0 0 0 0 
0 0 0 0.587041 0 0.587041 0.587041 -6.12937 0 0 0 0 0 0 0 1.45608 0 0 0 0 0 0 0 1.45608 0 0 0 0 0 0 0 0 0 0 0 0 0 0 0 1.45608 0 0 0 0 0 0 0 0 0 0 0 0 0 0 0 0 0 0 0 0 0 0 0 0 
0.587041 0 0 0 0 0 0 0 -3.01385 0.485361 0.485361 0 0.485361 0 0 0 0 0 0 0 0 0 0 0 0.485361 0 0 0 0 0 0 0 0 0 0 0 0 0 0 0 0.485361 0 0 0 0 0 0 0 0 0 0 0 0 0 0 0 0 0 0 0 0 0 0 0 
0 0.587041 0 0 0 0 0 0 0.587041 -5.05697 0 0.970722 0 0.970722 0 0 0 0 0 0 0 0 0 0 0 0.970722 0 0 0 0 0 0 0 0 0 0 0 0 0 0 0 0.970722 0 0 0 0 0 0 0 0 0 0 0 0 0 0 0 0 0 0 0 0 0 0 
0 0 0.587041 0 0 0 0 0 0.587041 0 -5.05697 0.970722 0 0 0.970722 0 0 0 0 0 0 0 0 0 0 0 0.970722 0 0 0 0 0 0 0 0 0 0 0 0 0 0 0 0.970722 0 0 0 0 0 0 0 0 0 0 0 0 0 0 0 0 0 0 0 0 0 
0 0 0 0.587041 0 0 0 0 0 0.587041 0.587041 -6.12937 0 0 0 1.45608 0 0 0 0 0 0 0 0 0 0 0 1.45608 0 0 0 0 0 0 0 0 0 0 0 0 0 0 0 1.45608 0 0 0 0 0 0 0 0 0 0 0 0 0 0 0 0 0 0 0 0 
0 0 0 0 0.587041 0 0 0 0.587041 0 0 0 -5.05697 0.970722 0.970722 0 0 0 0 0 0 0 0 0 0 0 0 0 0.970722 0 0 0 0 0 0 0 0 0 0 0 0 0 0 0 0.970722 0 0 0 0 0 0 0 0 0 0 0 0 0 0 0 0 0 0 0 
0 0 0 0 0 0.587041 0 0 0 0.587041 0 0 0.587041 -6.12937 0 1.45608 0 0 0 0 0 0 0 0 0 0 0 0 0 1.45608 0 0 0 0 0 0 0 0 0 0 0 0 0 0 0 1.45608 0 0 0 0 0 0 0 0 0 0 0 0 0 0 0 0 0 0 
0 0 0 0 0 0 0.587041 0 0 0 0.587041 0 0.587041 0 -6.12937 1.45608 0 0 0 0 0 0 0 0 0 0 0 0 0 0 1.45608 0 0 0 0 0 0 0 0 0 0 0 0 0 0 0 1.45608 0 0 0 0 0 0 0 0 0 0 0 0 0 0 0 0 0 
0 0 0 0 0 0 0 0.587041 0 0 0 0.587041 0 0.587041 0.587041 -6.23105 0 0 0 0 0 0 0 0 0 0 0 0 0 0 0 1.94144 0 0 0 0 0 0 0 0 0 0 0 0 0 0 0 1.94144 0 0 0 0 0 0 0 0 0 0 0 0 0 0 0 0 
0.587041 0 0 0 0 0 0 0 0 0 0 0 0 0 0 0 -3.01385 0.485361 0.485361 0 0.485361 0 0 0 0.485361 0 0 0 0 0 0 0 0 0 0 0 0 0 0 0 0 0 0 0 0 0 0 0 0.485361 0 0 0 0 0 0 0 0 0 0 0 0 0 0 0 
0 0.587041 0 0 0 0 0 0 0 0 0 0 0 0 0 0 0.587041 -5.05697 0 0.970722 0 0.970722 0 0 0 0.970722 0 0 0 0 0 0 0 0 0 0 0 0 0 0 0 0 0 0 0 0 0 0 0 0.970722 0 0 0 0 0 0 0 0 0 0 0 0 0 0 
0 0 0.587041 0 0 0 0 0 0 0 0 0 0 0 0 0 0.587041 0 -5.05697 0.970722 0 0 0.970722 0 0 0 0.970722 0 0 0 0 0 0 0 0 0 0 0 0 0 0 0 0 0 0 0 0 0 0 0 0.970722 0 0 0 0 0 0 0 0 0 0 0 0 0 
0 0 0 0.587041 0 0 0 0 0 0 0 0 0 0 0 0 0 0.587041 0.587041 -6.12937 0 0 0 1.45608 0 0 0 1.45608 0 0 0 0 0 0 0 0 0 0 0 0 0 0 0 0 0 0 0 0 0 0 0 1.45608 0 0 0 0 0 0 0 0 0 0 0 0 
0 0 0 0 0.587041 0 0 0 0 0 0 0 0 0 0 0 0.587041 0 0 0 -5.05697 0.970722 0.970722 0 0 0 0 0 0.970722 0 0 0 0 0 0 0 0 0 0 0 0 0 0 0 0 0 0 0 0 0 0 0 0.970722 0 0 0 0 0 0 0 0 0 0 0 
0 0 0 0 0 0.587041 0 0 0 0 0 0 0 0 0 0 0 0.587041 0 0 0.587041 -6.12937 0 1.45608 0 0 0 0 0 1.45608 0 0 0 0 0 0 0 0 0 0 0 0 0 0 0 0 0 0 0 0 0 0 0 1.45608 0 0 0 0 0 0 0 0 0 0 
0 0 0 0 0 0 0.587041 0 0 0 0 0 0 0 0 0 0 0 0.587041 0 0.587041 0 -6.12937 1.45608 0 0 0 0 0 0 1.45608 0 0 0 0 0 0 0 0 0 0 0 0 0 0 0 0 0 0 0 0 0 0 0 1.45608 0 0 0 0 0 0 0 0 0 
0 0 0 0 0 0 0 0.587041 0 0 0 0 0 0 0 0 0 0 0 0.587041 0 0.587041 0.587041 -6.23105 0 0 0 0 0 0 0 1.94144 0 0 0 0 0 0 0 0 0 0 0 0 0 0 0 0 0 0 0 0 0 0 0 1.94144 0 0 0 0 0 0 0 0 
0 0 0 0 0 0 0 0 0.587041 0 0 0 0 0 0 0 0.587041 0 0 0 0 0 0 0 -5.05697 0.970722 0.970722 0 0.970722 0 0 0 0 0 0 0 0 0 0 0 0 0 0 0 0 0 0 0 0 0 0 0 0 0 0 0 0.970722 0 0 0 0 0 0 0 
0 0 0 0 0 0 0 0 0 0.587041 0 0 0 0 0 0 0 0.587041 0 0 0 0 0 0 0.587041 -6.12937 0 1.45608 0 1.45608 0 0 0 0 0 0 0 0 0 0 0 0 0 0 0 0 0 0 0 0 0 0 0 0 0 0 0 1.45608 0 0 0 0 0 0 
0 0 0 0 0 0 0 0 0 0 0.587041 0 0 0 0 0 0 0 0.587041 0 0 0 0 0 0.587041 0 -6.12937 1.45608 0 0 1.45608 0 0 0 0 0 0 0 0 0 0 0 0 0 0 0 0 0 0 0 0 0 0 0 0 0 0 0 1.45608 0 0 0 0 0 
0 0 0 0 0 0 0 0 0 0 0 0.587041 0 0 0 0 0 0 0 0.587041 0 0 0 0 0 0.587041 0.587041 -6.23105 0 0 0 1.94144 0 0 0 0 0 0 0 0 0 0 0 0 0 0 0 0 0 0 0 0 0 0 0 0 0 0 0 1.94144 0 0 0 0 
0 0 0 0 0 0 0 0 0 0 0 0 0.587041 0 0 0 0 0 0 0 0.587041 0 0 0 0.587041 0 0 0 -6.12937 1.45608 1.45608 0 0 0 0 0 0 0 0 0 0 0 0 0 0 0 0 0 0 0 0 0 0 0 0 0 0 0 0 0 1.45608 0 0 0 
0 0 0 0 0 0 0 0 0 0 0 0 0 0.587041 0 0 0 0 0 0 0 0.587041 0 0 0 0.587041 0 0 0.587041 -6.23105 0 1.94144 0 0 0 0 0 0 0 0 0 0 0 0 0 0 0 0 0 0 0 0 0 0 0 0 0 0 0 0 0 1.94144 0 0 
0 0 0 0 0 0 0 0 0 0 0 0 0 0 0.587041 0 0 0 0 0 0 0 0.587041 0 0 0 0.587041 0 0.587041 0 -6.23105 1.94144 0 0 0 0 0 0 0 0 0 0 0 0 0 0 0 0 0 0 0 0 0 0 0 0 0 0 0 0 0 0 1.94144 0 
0 0 0 0 0 0 0 0 0 0 0 0 0 0 0 0.587041 0 0 0 0 0 0 0 0.587041 0 0 0 0.587041 0 0.587041 0.587041 -5.36201 0 0 0 0 0 0 0 0 0 0 0 0 0 0 0 0 0 0 0 0 0 0 0 0 0 0 0 0 0 0 0 2.4268 
0.587041 0 0 0 0 0 0 0 0 0 0 0 0 0 0 0 0 0 0 0 0 0 0 0 0 0 0 0 0 0 0 0 -3.01385 0.485361 0.485361 0 0.485361 0 0 0 0.485361 0 0 0 0 0 0 0 0.485361 0 0 0 0 0 0 0 0 0 0 0 0 0 0 0 
0 0.587041 0 0 0 0 0 0 0 0 0 0 0 0 0 0 0 0 0 0 0 0 0 0 0 0 0 0 0 0 0 0 0.587041 -5.05697 0 0.970722 0 0.970722 0 0 0 0.970722 0 0 0 0 0 0 0 0.970722 0 0 0 0 0 0 0 0 0 0 0 0 0 0 
0 0 0.587041 0 0 0 0 0 0 0 0 0 0 0 0 0 0 0 0 0 0 0 0 0 0 0 0 0 0 0 0 0 0.587041 0 -5.05697 0.970722 0 0 0.970722 0 0 0 0.970722 0 0 0 0 0 0 0 0.970722 0 0 0 0 0 0 0 0 0 0 0 0 0 
0 0 0 0.587041 0 0 0 0 0 0 0 0 0 0 0 0 0 0 0 0 0 0 0 0 0 0 0 0 0 0 0 0 0 0.587041 0.587041 -6.12937 0 0 0 1.45608 0 0 0 1.45608 0 0 0 0 0 0 0 1.45608 0 0 0 0 0 0 0 0 0 0 0 0 
0 0 0 0 0.587041 0 0 0 0 0 0 0 0 0 0 0 0 0 0 0 0 0 0 0 0 0 0 0 0 0 0 0 0.587041 0 0 0 -5.05697 0.970722 0.970722 0 0 0 0 0 0.970722 0 0 0 0 0 0 0 0.970722 0 0 0 0 0 0 0 0 0 0 0 
0 0 0 0 0 0.587041 0 0 0 0 0 0 0 0 0 0 0 0 0 0 0 0 0 0 0 0 0 0 0 0 0 0 0 0.587041 0 0 0.587041 -6.12937 0 1.45608 0 0 0 0 0 1.45608 0 0 0 0 0 0 0 1.45608 0 0 0 0 0 0 0 0 0 0 
0 0 0 0 0 0 0.587041 0 0 0 0 0 0 0 0 0 0 0 0 0 0 0 0 0 0 0 0 0 0 0 0 0 0 0 0.587041 0 0.587041 0 -6.12937 1.45608 0 0 0 0 0 0 1.45608 0 0 0 0 0 0 0 1.45608 0 0 0 0 0 0 0 0 0 
0 0 0 0 0 0 0 0.587041 0 0 0 0 0 0 0 0 0 0 0 0 0 0 0 0 0 0 0 0 0 0 0 0 0 0 0 0.587041 0 0.587041 0.587041 -6.23105 0 0 0 0 0 0 0 1.94144 0 0 0 0 0 0 0 1.94144 0 0 0 0 0 0 0 0 
0 0 0 0 0 0 0 0 0.587041 0 0 0 0 0 0 0 0 0 0 0 0 0 0 0 0 0 0 0 0 0 0 0 0.587041 0 0 0 0 0 0 0 -5.05697 0.970722 0.970722 0 0.970722 0 0 0 0 0 0 0 0 0 0 0 0.970722 0 0 0 0 0 0 0 
0 0 0 0 0 0 0 0 0 0.587041 0 0 0 0 0 0 0 0 0 0 0 0 0 0 0 0 0 0 0 0 0 0 0 0.587041 0 0 0 0 0 0 0.587041 -6.12937 0 1.45608 0 1.45608 0 0 0 0 0 0 0 0 0 0 0 1.45608 0 0 0 0 0 0 
0 0 0 0 0 0 0 0 0 0 0.587041 0 0 0 0 0 0 0 0 0 0 0 0 0 0 0 0 0 0 0 0 0 0 0 0.587041 0 0 0 0 0 0.587041 0 -6.12937 1.45608 0 0 1.45608 0 0 0 0 0 0 0 0 0 0 0 1.45608 0 0 0 0 0 
0 0 0 0 0 0 0 0 0 0 0 0.587041 0 0 0 0 0 0 0 0 0 0 0 0 0 0 0 0 0 0 0 0 0 0 0 0.587041 0 0 0 0 0 0.587041 0.587041 -6.23105 0 0 0 1.94144 0 0 0 0 0 0 0 0 0 0 0 1.94144 0 0 0 0 
0 0 0 0 0 0 0 0 0 0 0 0 0.587041 0 0 0 0 0 0 0 0 0 0 0 0 0 0 0 0 0 0 0 0 0 0 0 0.587041 0 0 0 0.587041 0 0 0 -6.12937 1.45608 1.45608 0 0 0 0 0 0 0 0 0 0 0 0 0 1.45608 0 0 0 
0 0 0 0 0 0 0 0 0 0 0 0 0 0.587041 0 0 0 0 0 0 0 0 0 0 0 0 0 0 0 0 0 0 0 0 0 0 0 0.587041 0 0 0 0.587041 0 0 0.587041 -6.23105 0 1.94144 0 0 0 0 0 0 0 0 0 0 0 0 0 1.94144 0 0 
0 0 0 0 0 0 0 0 0 0 0 0 0 0 0.587041 0 0 0 0 0 0 0 0 0 0 0 0 0 0 0 0 0 0 0 0 0 0 0 0.587041 0 0 0 0.587041 0 0.587041 0 -6.23105 1.94144 0 0 0 0 0 0 0 0 0 0 0 0 0 0 1.94144 0 
0 0 0 0 0 0 0 0 0 0 0 0 0 0 0 0.587041 0 0 0 0 0 0 0 0 0 0 0 0 0 0 0 0 0 0 0 0 0 0 0 0.587041 0 0 0 0.587041 0 0.587041 0.587041 -5.36201 0 0 0 0 0 0 0 0 0 0 0 0 0 0 0 2.4268 
0 0 0 0 0 0 0 0 0 0 0 0 0 0 0 0 0.587041 0 0 0 0 0 0 0 0 0 0 0 0 0 0 0 0.587041 0 0 0 0 0 0 0 0 0 0 0 0 0 0 0 -5.05697 0.970722 0.970722 0 0.970722 0 0 0 0.970722 0 0 0 0 0 0 0 
0 0 0 0 0 0 0 0 0 0 0 0 0 0 0 0 0 0.587041 0 0 0 0 0 0 0 0 0 0 0 0 0 0 0 0.587041 0 0 0 0 0 0 0 0 0 0 0 0 0 0 0.587041 -6.12937 0 1.45608 0 1.45608 0 0 0 1.45608 0 0 0 0 0 0 
0 0 0 0 0 0 0 0 0 0 0 0 0 0 0 0 0 0 0.587041 0 0 0 0 0 0 0 0 0 0 0 0 0 0 0 0.587041 0 0 0 0 0 0 0 0 0 0 0 0 0 0.587041 0 -6.12937 1.45608 0 0 1.45608 0 0 0 1.45608 0 0 0 0 0 
0 0 0 0 0 0 0 0 0 0 0 0 0 0 0 0 0 0 0 0.587041 0 0 0 0 0 0 0 0 0 0 0 0 0 0 0 0.587041 0 0 0 0 0 0 0 0 0 0 0 0 0 0.587041 0.587041 -6.23105 0 0 0 1.94144 0 0 0 1.94144 0 0 0 0 
0 0 0 0 0 0 0 0 0 0 0 0 0 0 0 0 0 0 0 0 0.587041 0 0 0 0 0 0 0 0 0 0 0 0 0 0 0 0.587041 0 0 0 0 0 0 0 0 0 0 0 0.587041 0 0 0 -6.12937 1.45608 1.45608 0 0 0 0 0 1.45608 0 0 0 
0 0 0 0 0 0 0 0 0 0 0 0 0 0 0 0 0 0 0 0 0 0.587041 0 0 0 0 0 0 0 0 0 0 0 0 0 0 0 0.587041 0 0 0 0 0 0 0 0 0 0 0 0.587041 0 0 0.587041 -6.23105 0 1.94144 0 0 0 0 0 1.94144 0 0 
0 0 0 0 0 0 0 0 0 0 0 0 0 0 0 0 0 0 0 0 0 0 0.587041 0 0 0 0 0 0 0 0 0 0 0 0 0 0 0 0.587041 0 0 0 0 0 0 0 0 0 0 0 0.587041 0 0.587041 0 -6.23105 1.94144 0 0 0 0 0 0 1.94144 0 
0 0 0 0 0 0 0 0 0 0 0 0 0 0 0 0 0 0 0 0 0 0 0 0.587041 0 0 0 0 0 0 0 0 0 0 0 0 0 0 0 0.587041 0 0 0 0 0 0 0 0 0 0 0 0.587041 0 0.587041 0.587041 -5.36201 0 0 0 0 0 0 0 2.4268 
0 0 0 0 0 0 0 0 0 0 0 0 0 0 0 0 0 0 0 0 0 0 0 0 0.587041 0 0 0 0 0 0 0 0 0 0 0 0 0 0 0 0.587041 0 0 0 0 0 0 0 0.587041 0 0 0 0 0 0 0 -6.12937 1.45608 1.45608 0 1.45608 0 0 0 
0 0 0 0 0 0 0 0 0 0 0 0 0 0 0 0 0 0 0 0 0 0 0 0 0 0.587041 0 0 0 0 0 0 0 0 0 0 0 0 0 0 0 0.587041 0 0 0 0 0 0 0 0.587041 0 0 0 0 0 0 0.587041 -6.23105 0 1.94144 0 1.94144 0 0 
0 0 0 0 0 0 0 0 0 0 0 0 0 0 0 0 0 0 0 0 0 0 0 0 0 0 0.587041 0 0 0 0 0 0 0 0 0 0 0 0 0 0 0 0.587041 0 0 0 0 0 0 0 0.587041 0 0 0 0 0 0.587041 0 -6.23105 1.94144 0 0 1.94144 0 
0 0 0 0 0 0 0 0 0 0 0 0 0 0 0 0 0 0 0 0 0 0 0 0 0 0 0 0.587041 0 0 0 0 0 0 0 0 0 0 0 0 0 0 0 0.587041 0 0 0 0 0 0 0 0.587041 0 0 0 0 0 0.587041 0.587041 -5.36201 0 0 0 2.4268 
0 0 0 0 0 0 0 0 0 0 0 0 0 0 0 0 0 0 0 0 0 0 0 0 0 0 0 0 0.587041 0 0 0 0 0 0 0 0 0 0 0 0 0 0 0 0.587041 0 0 0 0 0 0 0 0.587041 0 0 0 0.587041 0 0 0 -6.23105 1.94144 1.94144 0 
0 0 0 0 0 0 0 0 0 0 0 0 0 0 0 0 0 0 0 0 0 0 0 0 0 0 0 0 0 0.587041 0 0 0 0 0 0 0 0 0 0 0 0 0 0 0 0.587041 0 0 0 0 0 0 0 0.587041 0 0 0 0.587041 0 0 0.587041 -5.36201 0 2.4268 
0 0 0 0 0 0 0 0 0 0 0 0 0 0 0 0 0 0 0 0 0 0 0 0 0 0 0 0 0 0 0.587041 0 0 0 0 0 0 0 0 0 0 0 0 0 0 0 0.587041 0 0 0 0 0 0 0 0.587041 0 0 0 0.587041 0 0.587041 0 -5.36201 2.4268 
0 0 0 0 0 0 0 0 0 0 0 0 0 0 0 0 0 0 0 0 0 0 0 0 0 0 0 0 0 0 0 0.587041 0 0 0 0 0 0 0 0 0 0 0 0 0 0 0 0.587041 0 0 0 0 0 0 0 0.587041 0 0 0 0.587041 0 0.587041 0.587041 -3.52225 
