64
-0 0 0 0 0 0 0 0 0 0 0 0 0 0 0 0 0 0 0 0 0 0 0 0 0 0 0 0 0 0 0 0 0 0 0 0 0 0 0 0 0 0 0 0 0 0 0 0 0 0 0 0 0 0 0 0 0 0 0 0 0 0 0 0 
0.442227 -2.21459 0 0.354472 0 0.354472 0 0 0 0.354472 0 0 0 0 0 0 0 0.354472 0 0 0 0 0 0 0 0 0 0 0 0 0 0 0 0.354472 0 0 0 0 0 0 0 0 0 0 0 0 0 0 0 0 0 0 0 0 0 0 0 0 0 0 0 0 0 0 
0.442227 0 -2.21459 0.354472 0 0 0.354472 0 0 0 0.354472 0 0 0 0 0 0 0 0.354472 0 0 0 0 0 0 0 0 0 0 0 0 0 0 0 0.354472 0 0 0 0 0 0 0 0 0 0 0 0 0 0 0 0 0 0 0 0 0 0 0 0 0 0 0 0 0 
0 0.442227 0.442227 -3.72023 0 0 0 0.708943 0 0 0 0.708943 0 0 0 0 0 0 0 0.708943 0 0 0 0 0 0 0 0 0 0 0 0 0 0 0 0.708943 0 0 0 0 0 0 0 0 0 0 0 0 0 0 0 0 0 0 0 0 0 0 0 0 0 0 0 0 
0.442227 0 0 0 -2.21459 0.354472 0.354472 0 0 0 0 0 0.354472 0 0 0 0 0 0 0 0.354472 0 0 0 0 0 0 0 0 0 0 0 0 0 0 0 0.354472 0 0 0 0 0 0 0 0 0 0 0 0 0 0 0 0 0 0 0 0 0 0 0 0 0 0 0 
0 0.442227 0 0 0.442227 -3.72023 0 0.708943 0 0 0 0 0 0.708943 0 0 0 0 0 0 0 0.708943 0 0 0 0 0 0 0 0 0 0 0 0 0 0 0 0.708943 0 0 0 0 0 0 0 0 0 0 0 0 0 0 0 0 0 0 0 0 0 0 0 0 0 0 
0 0 0.442227 0 0.442227 0 -3.72023 0.708943 0 0 0 0 0 0 0.708943 0 0 0 0 0 0 0 0.708943 0 0 0 0 0 0 0 0 0 0 0 0 0 0 0 0.708943 0 0 0 0 0 0 0 0 0 0 0 0 0 0 0 0 0 0 0 0 0 0 0 0 0 
0 0 0 0.442227 0 0.442227 0.442227 -4.51693 0 0 0 0 0 0 0 1.06341 0 0 0 0 0 0 0 1.06341 0 0 0 0 0 0 0 0 0 0 0 0 0 0 0 1.06341 0 0 0 0 0 0 0 0 0 0 0 0 0 0 0 0 0 0 0 0 0 0 0 0 
0.442227 0 0 0 0 0 0 0 -2.21459 0.354472 0.354472 0 0.354472 0 0 0 0 0 0 0 0 0 0 0 0.354472 0 0 0 0 0 0 0 0 0 0 0 0 0 0 0 0.354472 0 0 0 0 0 0 0 0 0 0 0 0 0 0 0 0 0 0 0 0 0 0 0 
0 0.442227 0 0 0 0 0 0 0.442227 -3.72023 0 0.708943 0 0.708943 0 0 0 0 0 0 0 0 0 0 0 0.708943 0 0 0 0 0 0 0 0 0 0 0 0 0 0 0 0.708943 0 0 0 0 0 0 0 0 0 0 0 0 0 0 0 0 0 0 0 0 0 0 
0 0 0.442227 0 0 0 0 0 0.442227 0 -3.72023 0.708943 0 0 0.708943 0 0 0 0 0 0 0 0 0 0 0 0.708943 0 0 0 0 0 0 0 0 0 0 0 0 0 0 0 0.708943 0 0 0 0 0 0 0 0 0 0 0 0 0 0 0 0 0 0 0 0 0 
0 0 0 0.442227 0 0 0 0 0 0.442227 0.442227 -4.51693 0 0 0 1.06341 0 0 0 0 0 0 0 0 0 0 0 1.06341 0 0 0 0 0 0 0 0 0 0 0 0 0 0 0 1.06341 0 0 0 0 0 0 0 0 0 0 0 0 0 0 0 0 0 0 0 0 
0 0 0 0 0.442227 0 0 0 0.442227 0 0 0 -3.72023 0.708943 0.708943 0 0 0 0 0 0 0 0 0 0 0 0 0 0.708943 0 0 0 0 0 0 0 0 0 0 0 0 0 0 0 0.708943 0 0 0 0 0 0 0 0 0 0 0 0 0 0 0 0 0 0 0 
0 0 0 0 0 0.442227 0 0 0 0.442227 0 0 0.442227 -4.51693 0 1.06341 0 0 0 0 0 0 0 0 0 0 0 0 0 1.06341 0 0 0 0 0 0 0 0 0 0 0 0 0 0 0 1.06341 0 0 0 0 0 0 0 0 0 0 0 0 0 0 0 0 0 0 
0 0 0 0 0 0 0.442227 0 0 0 0.442227 0 0.442227 0 -4.51693 1.06341 0 0 0 0 0 0 0 0 0 0 0 0 0 0 1.06341 0 0 0 0 0 0 0 0 0 0 0 0 0 0 0 1.06341 0 0 0 0 0 0 0 0 0 0 0 0 0 0 0 0 0 
0 0 0 0 0 0 0 0.442227 0 0 0 0.442227 0 0.442227 0.442227 -4.60468 0 0 0 0 0 0 0 0 0 0 0 0 0 0 0 1.41789 0 0 0 0 0 0 0 0 0 0 0 0 0 0 0 1.41789 0 0 0 0 0 0 0 0 0 0 0 0 0 0 0 0 
0.442227 0 0 0 0 0 0 0 0 0 0 0 0 0 0 0 -2.21459 0.354472 0.354472 0 0.354472 0 0 0 0.354472 0 0 0 0 0 0 0 0 0 0 0 0 0 0 0 0 0 0 0 0 0 0 0 0.354472 0 0 0 0 0 0 0 0 0 0 0 0 0 0 0 
0 0.442227 0 0 0 0 0 0 0 0 0 0 0 0 0 0 0.442227 -3.72023 0 0.708943 0 0.708943 0 0 0 0.708943 0 0 0 0 0 0 0 0 0 0 0 0 0 0 0 0 0 0 0 0 0 0 0 0.708943 0 0 0 0 0 0 0 0 0 0 0 0 0 0 
0 0 0.442227 0 0 0 0 0 0 0 0 0 0 0 0 0 0.442227 0 -3.72023 0.708943 0 0 0.708943 0 0 0 0.708943 0 0 0 0 0 0 0 0 0 0 0 0 0 0 0 0 0 0 0 0 0 0 0 0.708943 0 0 0 0 0 0 0 0 0 0 0 0 0 
0 0 0 0.442227 0 0 0 0 0 0 0 0 0 0 0 0 0 0.442227 0.442227 -4.51693 0 0 0 1.06341 0 0 0 1.06341 0 0 0 0 0 0 0 0 0 0 0 0 0 0 0 0 0 0 0 0 0 0 0 1.06341 0 0 0 0 0 0 0 0 0 0 0 0 
0 0 0 0 0.442227 0 0 0 0 0 0 0 0 0 0 0 0.442227 0 0 0 -3.72023 0.708943 0.708943 0 0 0 0 0 0.708943 0 0 0 0 0 0 0 0 0 0 0 0 0 0 0 0 0 0 0 0 0 0 0 0.708943 0 0 0 0 0 0 0 0 0 0 0 
0 0 0 0 0 0.442227 0 0 0 0 0 0 0 0 0 0 0 0.442227 0 0 0.442227 -4.51693 0 1.06341 0 0 0 0 0 1.06341 0 0 0 0 0 0 0 0 0 0 0 0 0 0 0 0 0 0 0 0 0 0 0 1.06341 0 0 0 0 0 0 0 0 0 0 
0 0 0 0 0 0 0.442227 0 0 0 0 0 0 0 0 0 0 0 0.442227 0 0.442227 0 -4.51693 1.06341 0 0 0 0 0 0 1.06341 0 0 0 0 0 0 0 0 0 0 0 0 0 0 0 0 0 0 0 0 0 0 0 1.06341 0 0 0 0 0 0 0 0 0 
0 0 0 0 0 0 0 0.442227 0 0 0 0 0 0 0 0 0 0 0 0.442227 0 0.442227 0.442227 -4.60468 0 0 0 0 0 0 0 1.41789 0 0 0 0 0 0 0 0 0 0 0 0 0 0 0 0 0 0 0 0 0 0 0 1.41789 0 0 0 0 0 0 0 0 
0 0 0 0 0 0 0 0 0.442227 0 0 0 0 0 0 0 0.442227 0 0 0 0 0 0 0 -3.72023 0.708943 0.708943 0 0.708943 0 0 0 0 0 0 0 0 0 0 0 0 0 0 0 0 0 0 0 0 0 0 0 0 0 0 0 0.708943 0 0 0 0 0 0 0 
0 0 0 0 0 0 0 0 0 0.442227 0 0 0 0 0 0 0 0.442227 0 0 0 0 0 0 0.442227 -4.51693 0 1.06341 0 1.06341 0 0 0 0 0 0 0 0 0 0 0 0 0 0 0 0 0 0 0 0 0 0 0 0 0 0 0 1.06341 0 0 0 0 0 0 
0 0 0 0 0 0 0 0 0 0 0.442227 0 0 0 0 0 0 0 0.442227 0 0 0 0 0 0.442227 0 -4.51693 1.06341 0 0 1.06341 0 0 0 0 0 0 0 0 0 0 0 0 0 0 0 0 0 0 0 0 0 0 0 0 0 0 0 1.06341 0 0 0 0 0 
0 0 0 0 0 0 0 0 0 0 0 0.442227 0 0 0 0 0 0 0 0.442227 0 0 0 0 0 0.442227 0.442227 -4.60468 0 0 0 1.41789 0 0 0 0 0 0 0 0 0 0 0 0 0 0 0 0 0 0 0 0 0 0 0 0 0 0 0 1.41789 0 0 0 0 
0 0 0 0 0 0 0 0 0 0 0 0 0.442227 0 0 0 0 0 0 0 0.442227 0 0 0 0.442227 0 0 0 -4.51693 1.06341 1.06341 0 0 0 0 0 0 0 0 0 0 0 0 0 0 0 0 0 0 0 0 0 0 0 0 0 0 0 0 0 1.06341 0 0 0 
0 0 0 0 0 0 0 0 0 0 0 0 0 0.442227 0 0 0 0 0 0 0 0.442227 0 0 0 0.442227 0 0 0.442227 -4.60468 0 1.41789 0 0 0 0 0 0 0 0 0 0 0 0 0 0 0 0 0 0 0 0 0 0 0 0 0 0 0 0 0 1.41789 0 0 
0 0 0 0 0 0 0 0 0 0 0 0 0 0 0.442227 0 0 0 0 0 0 0 0.442227 0 0 0 0.442227 0 0.442227 0 -4.60468 1.41789 0 0 0 0 0 0 0 0 0 0 0 0 0 0 0 0 0 0 0 0 0 0 0 0 0 0 0 0 0 0 1.41789 0 
0 0 0 0 0 0 0 0 0 0 0 0 0 0 0 0.442227 0 0 0 0 0 0 0 0.442227 0 0 0 0.442227 0 0.442227 0.442227 -3.98349 0 0 0 0 0 0 0 0 0 0 0 0 0 0 0 0 0 0 0 0 0 0 0 0 0 0 0 0 0 0 0 1.77236 
0.442227 0 0 0 0 0 0 0 0 0 0 0 0 0 0 0 0 0 0 0 0 0 0 0 0 0 0 0 0 0 0 0 -2.21459 0.354472 0.354472 0 0.354472 0 0 0 0.354472 0 0 0 0 0 0 0 0.354472 0 0 0 0 0 0 0 0 0 0 0 0 0 0 0 
0 0.442227 0 0 0 0 0 0 0 0 0 0 0 0 0 0 0 0 0 0 0 0 0 0 0 0 0 0 0 0 0 0 0.442227 -3.72023 0 0.708943 0 0.708943 0 0 0 0.708943 0 0 0 0 0 0 0 0.708943 0 0 0 0 0 0 0 0 0 0 0 0 0 0 
0 0 0.442227 0 0 0 0 0 0 0 0 0 0 0 0 0 0 0 0 0 0 0 0 0 0 0 0 0 0 0 0 0 0.442227 0 -3.72023 0.708943 0 0 0.708943 0 0 0 0.708943 0 0 0 0 0 0 0 0.708943 0 0 0 0 0 0 0 0 0 0 0 0 0 
0 0 0 0.442227 0 0 0 0 0 0 0 0 0 0 0 0 0 0 0 0 0 0 0 0 0 0 0 0 0 0 0 0 0 0.442227 0.442227 -4.51693 0 0 0 1.06341 0 0 0 1.06341 0 0 0 0 0 0 0 1.06341 0 0 0 0 0 0 0 0 0 0 0 0 
0 0 0 0 0.442227 0 0 0 0 0 0 0 0 0 0 0 0 0 0 0 0 0 0 0 0 0 0 0 0 0 0 0 0.442227 0 0 0 -3.72023 0.708943 0.708943 0 0 0 0 0 0.708943 0 0 0 0 0 0 0 0.708943 0 0 0 0 0 0 0 0 0 0 0 
0 0 0 0 0 0.442227 0 0 0 0 0 0 0 0 0 0 0 0 0 0 0 0 0 0 0 0 0 0 0 0 0 0 0 0.442227 0 0 0.442227 -4.51693 0 1.06341 0 0 0 0 0 1.06341 0 0 0 0 0 0 0 1.06341 0 0 0 0 0 0 0 0 0 0 
0 0 0 0 0 0 0.442227 0 0 0 0 0 0 0 0 0 0 0 0 0 0 0 0 0 0 0 0 0 0 0 0 0 0 0 0.442227 0 0.442227 0 -4.51693 1.06341 0 0 0 0 0 0 1.06341 0 0 0 0 0 0 0 1.06341 0 0 0 0 0 0 0 0 0 
0 0 0 0 0 0 0 0.442227 0 0 0 0 0 0 0 0 0 0 0 0 0 0 0 0 0 0 0 0 0 0 0 0 0 0 0 0.442227 0 0.442227 0.442227 -4.60468 0 0 0 0 0 0 0 1.41789 0 0 0 0 0 0 0 1.41789 0 0 0 0 0 0 0 0 
0 0 0 0 0 0 0 0 0.442227 0 0 0 0 0 0 0 0 0 0 0 0 0 0 0 0 0 0 0 0 0 0 0 0.442227 0 0 0 0 0 0 0 -3.72023 0.708943 0.708943 0 0.708943 0 0 0 0 0 0 0 0 0 0 0 0.708943 0 0 0 0 0 0 0 
0 0 0 0 0 0 0 0 0 0.442227 0 0 0 0 0 0 0 0 0 0 0 0 0 0 0 0 0 0 0 0 0 0 0 0.442227 0 0 0 0 0 0 0.442227 -4.51693 0 1.06341 0 1.06341 0 0 0 0 0 0 0 0 0 0 0 1.06341 0 0 0 0 0 0 
0 0 0 0 0 0 0 0 0 0 0.442227 0 0 0 0 0 0 0 0 0 0 0 0 0 0 0 0 0 0 0 0 0 0 0 0.442227 0 0 0 0 0 0.442227 0 -4.51693 1.06341 0 0 1.06341 0 0 0 0 0 0 0 0 0 0 0 1.06341 0 0 0 0 0 
0 0 0 0 0 0 0 0 0 0 0 0.442227 0 0 0 0 0 0 0 0 0 0 0 0 0 0 0 0 0 0 0 0 0 0 0 0.442227 0 0 0 0 0 0.442227 0.442227 -4.60468 0 0 0 1.41789 0 0 0 0 0 0 0 0 0 0 0 1.41789 0 0 0 0 
0 0 0 0 0 0 0 0 0 0 0 0 0.442227 0 0 0 0 0 0 0 0 0 0 0 0 0 0 0 0 0 0 0 0 0 0 0 0.442227 0 0 0 0.442227 0 0 0 -4.51693 1.06341 1.06341 0 0 0 0 0 0 0 0 0 0 0 0 0 1.06341 0 0 0 
0 0 0 0 0 0 0 0 0 0 0 0 0 0.442227 0 0 0 0 0 0 0 0 0 0 0 0 0 0 0 0 0 0 0 0 0 0 0 0.442227 0 0 0 0.442227 0 0 0.442227 -4.60468 0 1.41789 0 0 0 0 0 0 0 0 0 0 0 0 0 1.41789 0 0 
0 0 0 0 0 0 0 0 0 0 0 0 0 0 0.442227 0 0 0 0 0 0 0 0 0 0 0 0 0 0 0 0 0 0 0 0 0 0 0 0.442227 0 0 0 0.442227 0 0.442227 0 -4.60468 1.41789 0 0 0 0 0 0 0 0 0 0 0 0 0 0 1.41789 0 
0 0 0 0 0 0 0 0 0 0 0 0 0 0 0 0.442227 0 0 0 0 0 0 0 0 0 0 0 0 0 0 0 0 0 0 0 0 0 0 0 0.442227 0 0 0 0.442227 0 0.442227 0.442227 -3.98349 0 0 0 0 0 0 0 0 0 0 0 0 0 0 0 1.77236 
0 0 0 0 0 0 0 0 0 0 0 0 0 0 0 0 0.442227 0 0 0 0 0 0 0 0 0 0 0 0 0 0 0 0.442227 0 0 0 0 0 0 0 0 0 0 0 0 0 0 0 -3.72023 0.708943 0.708943 0 0.708943 0 0 0 0.708943 0 0 0 0 0 0 0 
0 0 0 0 0 0 0 0 0 0 0 0 0 0 0 0 0 0.442227 0 0 0 0 0 0 0 0 0 0 0 0 0 0 0 0.442227 0 0 0 0 0 0 0 0 0 0 0 0 0 0 0.442227 -4.51693 0 1.06341 0 1.06341 0 0 0 1.06341 0 0 0 0 0 0 
0 0 0 0 0 0 0 0 0 0 0 0 0 0 0 0 0 0 0.442227 0 0 0 0 0 0 0 0 0 0 0 0 0 0 0 0.442227 0 0 0 0 0 0 0 0 0 0 0 0 0 0.442227 0 -4.51693 1.06341 0 0 1.06341 0 0 0 1.06341 0 0 0 0 0 
0 0 0 0 0 0 0 0 0 0 0 0 0 0 0 0 0 0 0 0.442227 0 0 0 0 0 0 0 0 0 0 0 0 0 0 0 0.442227 0 0 0 0 0 0 0 0 0 0 0 0 0 0.442227 0.442227 -4.60468 0 0 0 1.41789 0 0 0 1.41789 0 0 0 0 
0 0 0 0 0 0 0 0 0 0 0 0 0 0 0 0 0 0 0 0 0.442227 0 0 0 0 0 0 0 0 0 0 0 0 0 0 0 0.442227 0 0 0 0 0 0 0 0 0 0 0 0.442227 0 0 0 -4.51693 1.06341 1.06341 0 0 0 0 0 1.06341 0 0 0 
0 0 0 0 0 0 0 0 0 0 0 0 0 0 0 0 0 0 0 0 0 0.442227 0 0 0 0 0 0 0 0 0 0 0 0 0 0 0 0.442227 0 0 0 0 0 0 0 0 0 0 0 0.442227 0 0 0.442227 -4.60468 0 1.41789 0 0 0 0 0 1.41789 0 0 
0 0 0 0 0 0 0 0 0 0 0 0 0 0 0 0 0 0 0 0 0 0 0.442227 0 0 0 0 0 0 0 0 0 0 0 0 0 0 0 0.442227 0 0 0 0 0 0 0 0 0 0 0 0.442227 0 0.442227 0 -4.60468 1.41789 0 0 0 0 0 0 1.41789 0 
0 0 0 0 0 0 0 0 0 0 0 0 0 0 0 0 0 0 0 0 0 0 0 0.442227 0 0 0 0 0 0 0 0 0 0 0 0 0 0 0 0.442227 0 0 0 0 0 0 0 0 0 0 0 0.442227 0 0.442227 0.442227 -3.98349 0 0 0 0 0 0 0 1.77236 
0 0 0 0 0 0 0 0 0 0 0 0 0 0 0 0 0 0 0 0 0 0 0 0 0.442227 0 0 0 0 0 0 0 0 0 0 0 0 0 0 0 0.442227 0 0 0 0 0 0 0 0.442227 0 0 0 0 0 0 0 -4.51693 1.06341 1.06341 0 1.06341 0 0 0 
0 0 0 0 0 0 0 0 0 0 0 0 0 0 0 0 0 0 0 0 0 0 0 0 0 0.442227 0 0 0 0 0 0 0 0 0 0 0 0 0 0 0 0.442227 0 0 0 0 0 0 0 0.442227 0 0 0 0 0 0 0.442227 -4.60468 0 1.41789 0 1.41789 0 0 
0 0 0 0 0 0 0 0 0 0 0 0 0 0 0 0 0 0 0 0 0 0 0 0 0 0 0.442227 0 0 0 0 0 0 0 0 0 0 0 0 0 0 0 0.442227 0 0 0 0 0 0 0 0.442227 0 0 0 0 0 0.442227 0 -4.60468 1.41789 0 0 1.41789 0 
0 0 0 0 0 0 0 0 0 0 0 0 0 0 0 0 0 0 0 0 0 0 0 0 0 0 0 0.442227 0 0 0 0 0 0 0 0 0 0 0 0 0 0 0 0.442227 0 0 0 0 0 0 0 0.442227 0 0 0 0 0 0.442227 0.442227 -3.98349 0 0 0 1.77236 
0 0 0 0 0 0 0 0 0 0 0 0 0 0 0 0 0 0 0 0 0 0 0 0 0 0 0 0 0.442227 0 0 0 0 0 0 0 0 0 0 0 0 0 0 0 0.442227 0 0 0 0 0 0 0 0.442227 0 0 0 0.442227 0 0 0 -4.60468 1.41789 1.41789 0 
0 0 0 0 0 0 0 0 0 0 0 0 0 0 0 0 0 0 0 0 0 0 0 0 0 0 0 0 0 0.442227 0 0 0 0 0 0 0 0 0 0 0 0 0 0 0 0.442227 0 0 0 0 0 0 0 0.442227 0 0 0 0.442227 0 0 0.442227 -3.98349 0 1.77236 
0 0 0 0 0 0 0 0 0 0 0 0 0 0 0 0 0 0 0 0 0 0 0 0 0 0 0 0 0 0 0.442227 0 0 0 0 0 0 0 0 0 0 0 0 0 0 0 0.442227 0 0 0 0 0 0 0 0.442227 0 0 0 0.442227 0 0.442227 0 -3.98349 1.77236 
0 0 0 0 0 0 0 0 0 0 0 0 0 0 0 0 0 0 0 0 0 0 0 0 0 0 0 0 0 0 0 0.442227 0 0 0 0 0 0 0 0 0 0 0 0 0 0 0 0.442227 0 0 0 0 0 0 0 0.442227 0 0 0 0.442227 0 0.442227 0.442227 -2.65336 
