64
-0 0 0 0 0 0 0 0 0 0 0 0 0 0 0 0 0 0 0 0 0 0 0 0 0 0 0 0 0 0 0 0 0 0 0 0 0 0 0 0 0 0 0 0 0 0 0 0 0 0 0 0 0 0 0 0 0 0 0 0 0 0 0 0 
0.494853 -2.2864 0 0.35831 0 0.35831 0 0 0 0.35831 0 0 0 0 0 0 0 0.35831 0 0 0 0 0 0 0 0 0 0 0 0 0 0 0 0.35831 0 0 0 0 0 0 0 0 0 0 0 0 0 0 0 0 0 0 0 0 0 0 0 0 0 0 0 0 0 0 
0.494853 0 -2.2864 0.35831 0 0 0.35831 0 0 0 0.35831 0 0 0 0 0 0 0 0.35831 0 0 0 0 0 0 0 0 0 0 0 0 0 0 0 0.35831 0 0 0 0 0 0 0 0 0 0 0 0 0 0 0 0 0 0 0 0 0 0 0 0 0 0 0 0 0 
0 0.494853 0.494853 -3.85618 0 0 0 0.71662 0 0 0 0.71662 0 0 0 0 0 0 0 0.71662 0 0 0 0 0 0 0 0 0 0 0 0 0 0 0 0.71662 0 0 0 0 0 0 0 0 0 0 0 0 0 0 0 0 0 0 0 0 0 0 0 0 0 0 0 0 
0.494853 0 0 0 -2.2864 0.35831 0.35831 0 0 0 0 0 0.35831 0 0 0 0 0 0 0 0.35831 0 0 0 0 0 0 0 0 0 0 0 0 0 0 0 0.35831 0 0 0 0 0 0 0 0 0 0 0 0 0 0 0 0 0 0 0 0 0 0 0 0 0 0 0 
0 0.494853 0 0 0.494853 -3.85618 0 0.71662 0 0 0 0 0 0.71662 0 0 0 0 0 0 0 0.71662 0 0 0 0 0 0 0 0 0 0 0 0 0 0 0 0.71662 0 0 0 0 0 0 0 0 0 0 0 0 0 0 0 0 0 0 0 0 0 0 0 0 0 0 
0 0 0.494853 0 0.494853 0 -3.85618 0.71662 0 0 0 0 0 0 0.71662 0 0 0 0 0 0 0 0.71662 0 0 0 0 0 0 0 0 0 0 0 0 0 0 0 0.71662 0 0 0 0 0 0 0 0 0 0 0 0 0 0 0 0 0 0 0 0 0 0 0 0 0 
0 0 0 0.494853 0 0.494853 0.494853 -4.70935 0 0 0 0 0 0 0 1.07493 0 0 0 0 0 0 0 1.07493 0 0 0 0 0 0 0 0 0 0 0 0 0 0 0 1.07493 0 0 0 0 0 0 0 0 0 0 0 0 0 0 0 0 0 0 0 0 0 0 0 0 
0.494853 0 0 0 0 0 0 0 -2.2864 0.35831 0.35831 0 0.35831 0 0 0 0 0 0 0 0 0 0 0 0.35831 0 0 0 0 0 0 0 0 0 0 0 0 0 0 0 0.35831 0 0 0 0 0 0 0 0 0 0 0 0 0 0 0 0 0 0 0 0 0 0 0 
0 0.494853 0 0 0 0 0 0 0.494853 -3.85618 0 0.71662 0 0.71662 0 0 0 0 0 0 0 0 0 0 0 0.71662 0 0 0 0 0 0 0 0 0 0 0 0 0 0 0 0.71662 0 0 0 0 0 0 0 0 0 0 0 0 0 0 0 0 0 0 0 0 0 0 
0 0 0.494853 0 0 0 0 0 0.494853 0 -3.85618 0.71662 0 0 0.71662 0 0 0 0 0 0 0 0 0 0 0 0.71662 0 0 0 0 0 0 0 0 0 0 0 0 0 0 0 0.71662 0 0 0 0 0 0 0 0 0 0 0 0 0 0 0 0 0 0 0 0 0 
0 0 0 0.494853 0 0 0 0 0 0.494853 0.494853 -4.70935 0 0 0 1.07493 0 0 0 0 0 0 0 0 0 0 0 1.07493 0 0 0 0 0 0 0 0 0 0 0 0 0 0 0 1.07493 0 0 0 0 0 0 0 0 0 0 0 0 0 0 0 0 0 0 0 0 
0 0 0 0 0.494853 0 0 0 0.494853 0 0 0 -3.85618 0.71662 0.71662 0 0 0 0 0 0 0 0 0 0 0 0 0 0.71662 0 0 0 0 0 0 0 0 0 0 0 0 0 0 0 0.71662 0 0 0 0 0 0 0 0 0 0 0 0 0 0 0 0 0 0 0 
0 0 0 0 0 0.494853 0 0 0 0.494853 0 0 0.494853 -4.70935 0 1.07493 0 0 0 0 0 0 0 0 0 0 0 0 0 1.07493 0 0 0 0 0 0 0 0 0 0 0 0 0 0 0 1.07493 0 0 0 0 0 0 0 0 0 0 0 0 0 0 0 0 0 0 
0 0 0 0 0 0 0.494853 0 0 0 0.494853 0 0.494853 0 -4.70935 1.07493 0 0 0 0 0 0 0 0 0 0 0 0 0 0 1.07493 0 0 0 0 0 0 0 0 0 0 0 0 0 0 0 1.07493 0 0 0 0 0 0 0 0 0 0 0 0 0 0 0 0 0 
0 0 0 0 0 0 0 0.494853 0 0 0 0.494853 0 0.494853 0.494853 -4.84589 0 0 0 0 0 0 0 0 0 0 0 0 0 0 0 1.43324 0 0 0 0 0 0 0 0 0 0 0 0 0 0 0 1.43324 0 0 0 0 0 0 0 0 0 0 0 0 0 0 0 0 
0.494853 0 0 0 0 0 0 0 0 0 0 0 0 0 0 0 -2.2864 0.35831 0.35831 0 0.35831 0 0 0 0.35831 0 0 0 0 0 0 0 0 0 0 0 0 0 0 0 0 0 0 0 0 0 0 0 0.35831 0 0 0 0 0 0 0 0 0 0 0 0 0 0 0 
0 0.494853 0 0 0 0 0 0 0 0 0 0 0 0 0 0 0.494853 -3.85618 0 0.71662 0 0.71662 0 0 0 0.71662 0 0 0 0 0 0 0 0 0 0 0 0 0 0 0 0 0 0 0 0 0 0 0 0.71662 0 0 0 0 0 0 0 0 0 0 0 0 0 0 
0 0 0.494853 0 0 0 0 0 0 0 0 0 0 0 0 0 0.494853 0 -3.85618 0.71662 0 0 0.71662 0 0 0 0.71662 0 0 0 0 0 0 0 0 0 0 0 0 0 0 0 0 0 0 0 0 0 0 0 0.71662 0 0 0 0 0 0 0 0 0 0 0 0 0 
0 0 0 0.494853 0 0 0 0 0 0 0 0 0 0 0 0 0 0.494853 0.494853 -4.70935 0 0 0 1.07493 0 0 0 1.07493 0 0 0 0 0 0 0 0 0 0 0 0 0 0 0 0 0 0 0 0 0 0 0 1.07493 0 0 0 0 0 0 0 0 0 0 0 0 
0 0 0 0 0.494853 0 0 0 0 0 0 0 0 0 0 0 0.494853 0 0 0 -3.85618 0.71662 0.71662 0 0 0 0 0 0.71662 0 0 0 0 0 0 0 0 0 0 0 0 0 0 0 0 0 0 0 0 0 0 0 0.71662 0 0 0 0 0 0 0 0 0 0 0 
0 0 0 0 0 0.494853 0 0 0 0 0 0 0 0 0 0 0 0.494853 0 0 0.494853 -4.70935 0 1.07493 0 0 0 0 0 1.07493 0 0 0 0 0 0 0 0 0 0 0 0 0 0 0 0 0 0 0 0 0 0 0 1.07493 0 0 0 0 0 0 0 0 0 0 
0 0 0 0 0 0 0.494853 0 0 0 0 0 0 0 0 0 0 0 0.494853 0 0.494853 0 -4.70935 1.07493 0 0 0 0 0 0 1.07493 0 0 0 0 0 0 0 0 0 0 0 0 0 0 0 0 0 0 0 0 0 0 0 1.07493 0 0 0 0 0 0 0 0 0 
0 0 0 0 0 0 0 0.494853 0 0 0 0 0 0 0 0 0 0 0 0.494853 0 0.494853 0.494853 -4.84589 0 0 0 0 0 0 0 1.43324 0 0 0 0 0 0 0 0 0 0 0 0 0 0 0 0 0 0 0 0 0 0 0 1.43324 0 0 0 0 0 0 0 0 
0 0 0 0 0 0 0 0 0.494853 0 0 0 0 0 0 0 0.494853 0 0 0 0 0 0 0 -3.85618 0.71662 0.71662 0 0.71662 0 0 0 0 0 0 0 0 0 0 0 0 0 0 0 0 0 0 0 0 0 0 0 0 0 0 0 0.71662 0 0 0 0 0 0 0 
0 0 0 0 0 0 0 0 0 0.494853 0 0 0 0 0 0 0 0.494853 0 0 0 0 0 0 0.494853 -4.70935 0 1.07493 0 1.07493 0 0 0 0 0 0 0 0 0 0 0 0 0 0 0 0 0 0 0 0 0 0 0 0 0 0 0 1.07493 0 0 0 0 0 0 
0 0 0 0 0 0 0 0 0 0 0.494853 0 0 0 0 0 0 0 0.494853 0 0 0 0 0 0.494853 0 -4.70935 1.07493 0 0 1.07493 0 0 0 0 0 0 0 0 0 0 0 0 0 0 0 0 0 0 0 0 0 0 0 0 0 0 0 1.07493 0 0 0 0 0 
0 0 0 0 0 0 0 0 0 0 0 0.494853 0 0 0 0 0 0 0 0.494853 0 0 0 0 0 0.494853 0.494853 -4.84589 0 0 0 1.43324 0 0 0 0 0 0 0 0 0 0 0 0 0 0 0 0 0 0 0 0 0 0 0 0 0 0 0 1.43324 0 0 0 0 
0 0 0 0 0 0 0 0 0 0 0 0 0.494853 0 0 0 0 0 0 0 0.494853 0 0 0 0.494853 0 0 0 -4.70935 1.07493 1.07493 0 0 0 0 0 0 0 0 0 0 0 0 0 0 0 0 0 0 0 0 0 0 0 0 0 0 0 0 0 1.07493 0 0 0 
0 0 0 0 0 0 0 0 0 0 0 0 0 0.494853 0 0 0 0 0 0 0 0.494853 0 0 0 0.494853 0 0 0.494853 -4.84589 0 1.43324 0 0 0 0 0 0 0 0 0 0 0 0 0 0 0 0 0 0 0 0 0 0 0 0 0 0 0 0 0 1.43324 0 0 
0 0 0 0 0 0 0 0 0 0 0 0 0 0 0.494853 0 0 0 0 0 0 0 0.494853 0 0 0 0.494853 0 0.494853 0 -4.84589 1.43324 0 0 0 0 0 0 0 0 0 0 0 0 0 0 0 0 0 0 0 0 0 0 0 0 0 0 0 0 0 0 1.43324 0 
0 0 0 0 0 0 0 0 0 0 0 0 0 0 0 0.494853 0 0 0 0 0 0 0 0.494853 0 0 0 0.494853 0 0.494853 0.494853 -4.26581 0 0 0 0 0 0 0 0 0 0 0 0 0 0 0 0 0 0 0 0 0 0 0 0 0 0 0 0 0 0 0 1.79155 
0.494853 0 0 0 0 0 0 0 0 0 0 0 0 0 0 0 0 0 0 0 0 0 0 0 0 0 0 0 0 0 0 0 -2.2864 0.35831 0.35831 0 0.35831 0 0 0 0.35831 0 0 0 0 0 0 0 0.35831 0 0 0 0 0 0 0 0 0 0 0 0 0 0 0 
0 0.494853 0 0 0 0 0 0 0 0 0 0 0 0 0 0 0 0 0 0 0 0 0 0 0 0 0 0 0 0 0 0 0.494853 -3.85618 0 0.71662 0 0.71662 0 0 0 0.71662 0 0 0 0 0 0 0 0.71662 0 0 0 0 0 0 0 0 0 0 0 0 0 0 
0 0 0.494853 0 0 0 0 0 0 0 0 0 0 0 0 0 0 0 0 0 0 0 0 0 0 0 0 0 0 0 0 0 0.494853 0 -3.85618 0.71662 0 0 0.71662 0 0 0 0.71662 0 0 0 0 0 0 0 0.71662 0 0 0 0 0 0 0 0 0 0 0 0 0 
0 0 0 0.494853 0 0 0 0 0 0 0 0 0 0 0 0 0 0 0 0 0 0 0 0 0 0 0 0 0 0 0 0 0 0.494853 0.494853 -4.70935 0 0 0 1.07493 0 0 0 1.07493 0 0 0 0 0 0 0 1.07493 0 0 0 0 0 0 0 0 0 0 0 0 
0 0 0 0 0.494853 0 0 0 0 0 0 0 0 0 0 0 0 0 0 0 0 0 0 0 0 0 0 0 0 0 0 0 0.494853 0 0 0 -3.85618 0.71662 0.71662 0 0 0 0 0 0.71662 0 0 0 0 0 0 0 0.71662 0 0 0 0 0 0 0 0 0 0 0 
0 0 0 0 0 0.494853 0 0 0 0 0 0 0 0 0 0 0 0 0 0 0 0 0 0 0 0 0 0 0 0 0 0 0 0.494853 0 0 0.494853 -4.70935 0 1.07493 0 0 0 0 0 1.07493 0 0 0 0 0 0 0 1.07493 0 0 0 0 0 0 0 0 0 0 
0 0 0 0 0 0 0.494853 0 0 0 0 0 0 0 0 0 0 0 0 0 0 0 0 0 0 0 0 0 0 0 0 0 0 0 0.494853 0 0.494853 0 -4.70935 1.07493 0 0 0 0 0 0 1.07493 0 0 0 0 0 0 0 1.07493 0 0 0 0 0 0 0 0 0 
0 0 0 0 0 0 0 0.494853 0 0 0 0 0 0 0 0 0 0 0 0 0 0 0 0 0 0 0 0 0 0 0 0 0 0 0 0.494853 0 0.494853 0.494853 -4.84589 0 0 0 0 0 0 0 1.43324 0 0 0 0 0 0 0 1.43324 0 0 0 0 0 0 0 0 
0 0 0 0 0 0 0 0 0.494853 0 0 0 0 0 0 0 0 0 0 0 0 0 0 0 0 0 0 0 0 0 0 0 0.494853 0 0 0 0 0 0 0 -3.85618 0.71662 0.71662 0 0.71662 0 0 0 0 0 0 0 0 0 0 0 0.71662 0 0 0 0 0 0 0 
0 0 0 0 0 0 0 0 0 0.494853 0 0 0 0 0 0 0 0 0 0 0 0 0 0 0 0 0 0 0 0 0 0 0 0.494853 0 0 0 0 0 0 0.494853 -4.70935 0 1.07493 0 1.07493 0 0 0 0 0 0 0 0 0 0 0 1.07493 0 0 0 0 0 0 
0 0 0 0 0 0 0 0 0 0 0.494853 0 0 0 0 0 0 0 0 0 0 0 0 0 0 0 0 0 0 0 0 0 0 0 0.494853 0 0 0 0 0 0.494853 0 -4.70935 1.07493 0 0 1.07493 0 0 0 0 0 0 0 0 0 0 0 1.07493 0 0 0 0 0 
0 0 0 0 0 0 0 0 0 0 0 0.494853 0 0 0 0 0 0 0 0 0 0 0 0 0 0 0 0 0 0 0 0 0 0 0 0.494853 0 0 0 0 0 0.494853 0.494853 -4.84589 0 0 0 1.43324 0 0 0 0 0 0 0 0 0 0 0 1.43324 0 0 0 0 
0 0 0 0 0 0 0 0 0 0 0 0 0.494853 0 0 0 0 0 0 0 0 0 0 0 0 0 0 0 0 0 0 0 0 0 0 0 0.494853 0 0 0 0.494853 0 0 0 -4.70935 1.07493 1.07493 0 0 0 0 0 0 0 0 0 0 0 0 0 1.07493 0 0 0 
0 0 0 0 0 0 0 0 0 0 0 0 0 0.494853 0 0 0 0 0 0 0 0 0 0 0 0 0 0 0 0 0 0 0 0 0 0 0 0.494853 0 0 0 0.494853 0 0 0.494853 -4.84589 0 1.43324 0 0 0 0 0 0 0 0 0 0 0 0 0 1.43324 0 0 
0 0 0 0 0 0 0 0 0 0 0 0 0 0 0.494853 0 0 0 0 0 0 0 0 0 0 0 0 0 0 0 0 0 0 0 0 0 0 0 0.494853 0 0 0 0.494853 0 0.494853 0 -4.84589 1.43324 0 0 0 0 0 0 0 0 0 0 0 0 0 0 1.43324 0 
0 0 0 0 0 0 0 0 0 0 0 0 0 0 0 0.494853 0 0 0 0 0 0 0 0 0 0 0 0 0 0 0 0 0 0 0 0 0 0 0 0.494853 0 0 0 0.494853 0 0.494853 0.494853 -4.26581 0 0 0 0 0 0 0 0 0 0 0 0 0 0 0 1.79155 
0 0 0 0 0 0 0 0 0 0 0 0 0 0 0 0 0.494853 0 0 0 0 0 0 0 0 0 0 0 0 0 0 0 0.494853 0 0 0 0 0 0 0 0 0 0 0 0 0 0 0 -3.85618 0.71662 0.71662 0 0.71662 0 0 0 0.71662 0 0 0 0 0 0 0 
0 0 0 0 0 0 0 0 0 0 0 0 0 0 0 0 0 0.494853 0 0 0 0 0 0 0 0 0 0 0 0 0 0 0 0.494853 0 0 0 0 0 0 0 0 0 0 0 0 0 0 0.494853 -4.70935 0 1.07493 0 1.07493 0 0 0 1.07493 0 0 0 0 0 0 
0 0 0 0 0 0 0 0 0 0 0 0 0 0 0 0 0 0 0.494853 0 0 0 0 0 0 0 0 0 0 0 0 0 0 0 0.494853 0 0 0 0 0 0 0 0 0 0 0 0 0 0.494853 0 -4.70935 1.07493 0 0 1.07493 0 0 0 1.07493 0 0 0 0 0 
0 0 0 0 0 0 0 0 0 0 0 0 0 0 0 0 0 0 0 0.494853 0 0 0 0 0 0 0 0 0 0 0 0 0 0 0 0.494853 0 0 0 0 0 0 0 0 0 0 0 0 0 0.494853 0.494853 -4.84589 0 0 0 1.43324 0 0 0 1.43324 0 0 0 0 
0 0 0 0 0 0 0 0 0 0 0 0 0 0 0 0 0 0 0 0 0.494853 0 0 0 0 0 0 0 0 0 0 0 0 0 0 0 0.494853 0 0 0 0 0 0 0 0 0 0 0 0.494853 0 0 0 -4.70935 1.07493 1.07493 0 0 0 0 0 1.07493 0 0 0 
0 0 0 0 0 0 0 0 0 0 0 0 0 0 0 0 0 0 0 0 0 0.494853 0 0 0 0 0 0 0 0 0 0 0 0 0 0 0 0.494853 0 0 0 0 0 0 0 0 0 0 0 0.494853 0 0 0.494853 -4.84589 0 1.43324 0 0 0 0 0 1.43324 0 0 
0 0 0 0 0 0 0 0 0 0 0 0 0 0 0 0 0 0 0 0 0 0 0.494853 0 0 0 0 0 0 0 0 0 0 0 0 0 0 0 0.494853 0 0 0 0 0 0 0 0 0 0 0 0.494853 0 0.494853 0 -4.84589 1.43324 0 0 0 0 0 0 1.43324 0 
0 0 0 0 0 0 0 0 0 0 0 0 0 0 0 0 0 0 0 0 0 0 0 0.494853 0 0 0 0 0 0 0 0 0 0 0 0 0 0 0 0.494853 0 0 0 0 0 0 0 0 0 0 0 0.494853 0 0.494853 0.494853 -4.26581 0 0 0 0 0 0 0 1.79155 
0 0 0 0 0 0 0 0 0 0 0 0 0 0 0 0 0 0 0 0 0 0 0 0 0.494853 0 0 0 0 0 0 0 0 0 0 0 0 0 0 0 0.494853 0 0 0 0 0 0 0 0.494853 0 0 0 0 0 0 0 -4.70935 1.07493 1.07493 0 1.07493 0 0 0 
0 0 0 0 0 0 0 0 0 0 0 0 0 0 0 0 0 0 0 0 0 0 0 0 0 0.494853 0 0 0 0 0 0 0 0 0 0 0 0 0 0 0 0.494853 0 0 0 0 0 0 0 0.494853 0 0 0 0 0 0 0.494853 -4.84589 0 1.43324 0 1.43324 0 0 
0 0 0 0 0 0 0 0 0 0 0 0 0 0 0 0 0 0 0 0 0 0 0 0 0 0 0.494853 0 0 0 0 0 0 0 0 0 0 0 0 0 0 0 0.494853 0 0 0 0 0 0 0 0.494853 0 0 0 0 0 0.494853 0 -4.84589 1.43324 0 0 1.43324 0 
0 0 0 0 0 0 0 0 0 0 0 0 0 0 0 0 0 0 0 0 0 0 0 0 0 0 0 0.494853 0 0 0 0 0 0 0 0 0 0 0 0 0 0 0 0.494853 0 0 0 0 0 0 0 0.494853 0 0 0 0 0 0.494853 0.494853 -4.26581 0 0 0 1.79155 
0 0 0 0 0 0 0 0 0 0 0 0 0 0 0 0 0 0 0 0 0 0 0 0 0 0 0 0 0.494853 0 0 0 0 0 0 0 0 0 0 0 0 0 0 0 0.494853 0 0 0 0 0 0 0 0.494853 0 0 0 0.494853 0 0 0 -4.84589 1.43324 1.43324 0 
0 0 0 0 0 0 0 0 0 0 0 0 0 0 0 0 0 0 0 0 0 0 0 0 0 0 0 0 0 0.494853 0 0 0 0 0 0 0 0 0 0 0 0 0 0 0 0.494853 0 0 0 0 0 0 0 0.494853 0 0 0 0.494853 0 0 0.494853 -4.26581 0 1.79155 
0 0 0 0 0 0 0 0 0 0 0 0 0 0 0 0 0 0 0 0 0 0 0 0 0 0 0 0 0 0 0.494853 0 0 0 0 0 0 0 0 0 0 0 0 0 0 0 0.494853 0 0 0 0 0 0 0 0.494853 0 0 0 0.494853 0 0.494853 0 -4.26581 1.79155 
0 0 0 0 0 0 0 0 0 0 0 0 0 0 0 0 0 0 0 0 0 0 0 0 0 0 0 0 0 0 0 0.494853 0 0 0 0 0 0 0 0 0 0 0 0 0 0 0 0.494853 0 0 0 0 0 0 0 0.494853 0 0 0 0.494853 0 0.494853 0.494853 -2.96912 
