64
-0 0 0 0 0 0 0 0 0 0 0 0 0 0 0 0 0 0 0 0 0 0 0 0 0 0 0 0 0 0 0 0 0 0 0 0 0 0 0 0 0 0 0 0 0 0 0 0 0 0 0 0 0 0 0 0 0 0 0 0 0 0 0 0 
0.946852 -4.31159 0 0.672947 0 0.672947 0 0 0 0.672947 0 0 0 0 0 0 0 0.672947 0 0 0 0 0 0 0 0 0 0 0 0 0 0 0 0.672947 0 0 0 0 0 0 0 0 0 0 0 0 0 0 0 0 0 0 0 0 0 0 0 0 0 0 0 0 0 0 
0.946852 0 -4.31159 0.672947 0 0 0.672947 0 0 0 0.672947 0 0 0 0 0 0 0 0.672947 0 0 0 0 0 0 0 0 0 0 0 0 0 0 0 0.672947 0 0 0 0 0 0 0 0 0 0 0 0 0 0 0 0 0 0 0 0 0 0 0 0 0 0 0 0 0 
0 0.946852 0.946852 -7.27728 0 0 0 1.34589 0 0 0 1.34589 0 0 0 0 0 0 0 1.34589 0 0 0 0 0 0 0 0 0 0 0 0 0 0 0 1.34589 0 0 0 0 0 0 0 0 0 0 0 0 0 0 0 0 0 0 0 0 0 0 0 0 0 0 0 0 
0.946852 0 0 0 -4.31159 0.672947 0.672947 0 0 0 0 0 0.672947 0 0 0 0 0 0 0 0.672947 0 0 0 0 0 0 0 0 0 0 0 0 0 0 0 0.672947 0 0 0 0 0 0 0 0 0 0 0 0 0 0 0 0 0 0 0 0 0 0 0 0 0 0 0 
0 0.946852 0 0 0.946852 -7.27728 0 1.34589 0 0 0 0 0 1.34589 0 0 0 0 0 0 0 1.34589 0 0 0 0 0 0 0 0 0 0 0 0 0 0 0 1.34589 0 0 0 0 0 0 0 0 0 0 0 0 0 0 0 0 0 0 0 0 0 0 0 0 0 0 
0 0 0.946852 0 0.946852 0 -7.27728 1.34589 0 0 0 0 0 0 1.34589 0 0 0 0 0 0 0 1.34589 0 0 0 0 0 0 0 0 0 0 0 0 0 0 0 1.34589 0 0 0 0 0 0 0 0 0 0 0 0 0 0 0 0 0 0 0 0 0 0 0 0 0 
0 0 0 0.946852 0 0.946852 0.946852 -8.89708 0 0 0 0 0 0 0 2.01884 0 0 0 0 0 0 0 2.01884 0 0 0 0 0 0 0 0 0 0 0 0 0 0 0 2.01884 0 0 0 0 0 0 0 0 0 0 0 0 0 0 0 0 0 0 0 0 0 0 0 0 
0.946852 0 0 0 0 0 0 0 -4.31159 0.672947 0.672947 0 0.672947 0 0 0 0 0 0 0 0 0 0 0 0.672947 0 0 0 0 0 0 0 0 0 0 0 0 0 0 0 0.672947 0 0 0 0 0 0 0 0 0 0 0 0 0 0 0 0 0 0 0 0 0 0 0 
0 0.946852 0 0 0 0 0 0 0.946852 -7.27728 0 1.34589 0 1.34589 0 0 0 0 0 0 0 0 0 0 0 1.34589 0 0 0 0 0 0 0 0 0 0 0 0 0 0 0 1.34589 0 0 0 0 0 0 0 0 0 0 0 0 0 0 0 0 0 0 0 0 0 0 
0 0 0.946852 0 0 0 0 0 0.946852 0 -7.27728 1.34589 0 0 1.34589 0 0 0 0 0 0 0 0 0 0 0 1.34589 0 0 0 0 0 0 0 0 0 0 0 0 0 0 0 1.34589 0 0 0 0 0 0 0 0 0 0 0 0 0 0 0 0 0 0 0 0 0 
0 0 0 0.946852 0 0 0 0 0 0.946852 0.946852 -8.89708 0 0 0 2.01884 0 0 0 0 0 0 0 0 0 0 0 2.01884 0 0 0 0 0 0 0 0 0 0 0 0 0 0 0 2.01884 0 0 0 0 0 0 0 0 0 0 0 0 0 0 0 0 0 0 0 0 
0 0 0 0 0.946852 0 0 0 0.946852 0 0 0 -7.27728 1.34589 1.34589 0 0 0 0 0 0 0 0 0 0 0 0 0 1.34589 0 0 0 0 0 0 0 0 0 0 0 0 0 0 0 1.34589 0 0 0 0 0 0 0 0 0 0 0 0 0 0 0 0 0 0 0 
0 0 0 0 0 0.946852 0 0 0 0.946852 0 0 0.946852 -8.89708 0 2.01884 0 0 0 0 0 0 0 0 0 0 0 0 0 2.01884 0 0 0 0 0 0 0 0 0 0 0 0 0 0 0 2.01884 0 0 0 0 0 0 0 0 0 0 0 0 0 0 0 0 0 0 
0 0 0 0 0 0 0.946852 0 0 0 0.946852 0 0.946852 0 -8.89708 2.01884 0 0 0 0 0 0 0 0 0 0 0 0 0 0 2.01884 0 0 0 0 0 0 0 0 0 0 0 0 0 0 0 2.01884 0 0 0 0 0 0 0 0 0 0 0 0 0 0 0 0 0 
0 0 0 0 0 0 0 0.946852 0 0 0 0.946852 0 0.946852 0.946852 -9.17099 0 0 0 0 0 0 0 0 0 0 0 0 0 0 0 2.69179 0 0 0 0 0 0 0 0 0 0 0 0 0 0 0 2.69179 0 0 0 0 0 0 0 0 0 0 0 0 0 0 0 0 
0.946852 0 0 0 0 0 0 0 0 0 0 0 0 0 0 0 -4.31159 0.672947 0.672947 0 0.672947 0 0 0 0.672947 0 0 0 0 0 0 0 0 0 0 0 0 0 0 0 0 0 0 0 0 0 0 0 0.672947 0 0 0 0 0 0 0 0 0 0 0 0 0 0 0 
0 0.946852 0 0 0 0 0 0 0 0 0 0 0 0 0 0 0.946852 -7.27728 0 1.34589 0 1.34589 0 0 0 1.34589 0 0 0 0 0 0 0 0 0 0 0 0 0 0 0 0 0 0 0 0 0 0 0 1.34589 0 0 0 0 0 0 0 0 0 0 0 0 0 0 
0 0 0.946852 0 0 0 0 0 0 0 0 0 0 0 0 0 0.946852 0 -7.27728 1.34589 0 0 1.34589 0 0 0 1.34589 0 0 0 0 0 0 0 0 0 0 0 0 0 0 0 0 0 0 0 0 0 0 0 1.34589 0 0 0 0 0 0 0 0 0 0 0 0 0 
0 0 0 0.946852 0 0 0 0 0 0 0 0 0 0 0 0 0 0.946852 0.946852 -8.89708 0 0 0 2.01884 0 0 0 2.01884 0 0 0 0 0 0 0 0 0 0 0 0 0 0 0 0 0 0 0 0 0 0 0 2.01884 0 0 0 0 0 0 0 0 0 0 0 0 
0 0 0 0 0.946852 0 0 0 0 0 0 0 0 0 0 0 0.946852 0 0 0 -7.27728 1.34589 1.34589 0 0 0 0 0 1.34589 0 0 0 0 0 0 0 0 0 0 0 0 0 0 0 0 0 0 0 0 0 0 0 1.34589 0 0 0 0 0 0 0 0 0 0 0 
0 0 0 0 0 0.946852 0 0 0 0 0 0 0 0 0 0 0 0.946852 0 0 0.946852 -8.89708 0 2.01884 0 0 0 0 0 2.01884 0 0 0 0 0 0 0 0 0 0 0 0 0 0 0 0 0 0 0 0 0 0 0 2.01884 0 0 0 0 0 0 0 0 0 0 
0 0 0 0 0 0 0.946852 0 0 0 0 0 0 0 0 0 0 0 0.946852 0 0.946852 0 -8.89708 2.01884 0 0 0 0 0 0 2.01884 0 0 0 0 0 0 0 0 0 0 0 0 0 0 0 0 0 0 0 0 0 0 0 2.01884 0 0 0 0 0 0 0 0 0 
0 0 0 0 0 0 0 0.946852 0 0 0 0 0 0 0 0 0 0 0 0.946852 0 0.946852 0.946852 -9.17099 0 0 0 0 0 0 0 2.69179 0 0 0 0 0 0 0 0 0 0 0 0 0 0 0 0 0 0 0 0 0 0 0 2.69179 0 0 0 0 0 0 0 0 
0 0 0 0 0 0 0 0 0.946852 0 0 0 0 0 0 0 0.946852 0 0 0 0 0 0 0 -7.27728 1.34589 1.34589 0 1.34589 0 0 0 0 0 0 0 0 0 0 0 0 0 0 0 0 0 0 0 0 0 0 0 0 0 0 0 1.34589 0 0 0 0 0 0 0 
0 0 0 0 0 0 0 0 0 0.946852 0 0 0 0 0 0 0 0.946852 0 0 0 0 0 0 0.946852 -8.89708 0 2.01884 0 2.01884 0 0 0 0 0 0 0 0 0 0 0 0 0 0 0 0 0 0 0 0 0 0 0 0 0 0 0 2.01884 0 0 0 0 0 0 
0 0 0 0 0 0 0 0 0 0 0.946852 0 0 0 0 0 0 0 0.946852 0 0 0 0 0 0.946852 0 -8.89708 2.01884 0 0 2.01884 0 0 0 0 0 0 0 0 0 0 0 0 0 0 0 0 0 0 0 0 0 0 0 0 0 0 0 2.01884 0 0 0 0 0 
0 0 0 0 0 0 0 0 0 0 0 0.946852 0 0 0 0 0 0 0 0.946852 0 0 0 0 0 0.946852 0.946852 -9.17099 0 0 0 2.69179 0 0 0 0 0 0 0 0 0 0 0 0 0 0 0 0 0 0 0 0 0 0 0 0 0 0 0 2.69179 0 0 0 0 
0 0 0 0 0 0 0 0 0 0 0 0 0.946852 0 0 0 0 0 0 0 0.946852 0 0 0 0.946852 0 0 0 -8.89708 2.01884 2.01884 0 0 0 0 0 0 0 0 0 0 0 0 0 0 0 0 0 0 0 0 0 0 0 0 0 0 0 0 0 2.01884 0 0 0 
0 0 0 0 0 0 0 0 0 0 0 0 0 0.946852 0 0 0 0 0 0 0 0.946852 0 0 0 0.946852 0 0 0.946852 -9.17099 0 2.69179 0 0 0 0 0 0 0 0 0 0 0 0 0 0 0 0 0 0 0 0 0 0 0 0 0 0 0 0 0 2.69179 0 0 
0 0 0 0 0 0 0 0 0 0 0 0 0 0 0.946852 0 0 0 0 0 0 0 0.946852 0 0 0 0.946852 0 0.946852 0 -9.17099 2.69179 0 0 0 0 0 0 0 0 0 0 0 0 0 0 0 0 0 0 0 0 0 0 0 0 0 0 0 0 0 0 2.69179 0 
0 0 0 0 0 0 0 0 0 0 0 0 0 0 0 0.946852 0 0 0 0 0 0 0 0.946852 0 0 0 0.946852 0 0.946852 0.946852 -8.099 0 0 0 0 0 0 0 0 0 0 0 0 0 0 0 0 0 0 0 0 0 0 0 0 0 0 0 0 0 0 0 3.36474 
0.946852 0 0 0 0 0 0 0 0 0 0 0 0 0 0 0 0 0 0 0 0 0 0 0 0 0 0 0 0 0 0 0 -4.31159 0.672947 0.672947 0 0.672947 0 0 0 0.672947 0 0 0 0 0 0 0 0.672947 0 0 0 0 0 0 0 0 0 0 0 0 0 0 0 
0 0.946852 0 0 0 0 0 0 0 0 0 0 0 0 0 0 0 0 0 0 0 0 0 0 0 0 0 0 0 0 0 0 0.946852 -7.27728 0 1.34589 0 1.34589 0 0 0 1.34589 0 0 0 0 0 0 0 1.34589 0 0 0 0 0 0 0 0 0 0 0 0 0 0 
0 0 0.946852 0 0 0 0 0 0 0 0 0 0 0 0 0 0 0 0 0 0 0 0 0 0 0 0 0 0 0 0 0 0.946852 0 -7.27728 1.34589 0 0 1.34589 0 0 0 1.34589 0 0 0 0 0 0 0 1.34589 0 0 0 0 0 0 0 0 0 0 0 0 0 
0 0 0 0.946852 0 0 0 0 0 0 0 0 0 0 0 0 0 0 0 0 0 0 0 0 0 0 0 0 0 0 0 0 0 0.946852 0.946852 -8.89708 0 0 0 2.01884 0 0 0 2.01884 0 0 0 0 0 0 0 2.01884 0 0 0 0 0 0 0 0 0 0 0 0 
0 0 0 0 0.946852 0 0 0 0 0 0 0 0 0 0 0 0 0 0 0 0 0 0 0 0 0 0 0 0 0 0 0 0.946852 0 0 0 -7.27728 1.34589 1.34589 0 0 0 0 0 1.34589 0 0 0 0 0 0 0 1.34589 0 0 0 0 0 0 0 0 0 0 0 
0 0 0 0 0 0.946852 0 0 0 0 0 0 0 0 0 0 0 0 0 0 0 0 0 0 0 0 0 0 0 0 0 0 0 0.946852 0 0 0.946852 -8.89708 0 2.01884 0 0 0 0 0 2.01884 0 0 0 0 0 0 0 2.01884 0 0 0 0 0 0 0 0 0 0 
0 0 0 0 0 0 0.946852 0 0 0 0 0 0 0 0 0 0 0 0 0 0 0 0 0 0 0 0 0 0 0 0 0 0 0 0.946852 0 0.946852 0 -8.89708 2.01884 0 0 0 0 0 0 2.01884 0 0 0 0 0 0 0 2.01884 0 0 0 0 0 0 0 0 0 
0 0 0 0 0 0 0 0.946852 0 0 0 0 0 0 0 0 0 0 0 0 0 0 0 0 0 0 0 0 0 0 0 0 0 0 0 0.946852 0 0.946852 0.946852 -9.17099 0 0 0 0 0 0 0 2.69179 0 0 0 0 0 0 0 2.69179 0 0 0 0 0 0 0 0 
0 0 0 0 0 0 0 0 0.946852 0 0 0 0 0 0 0 0 0 0 0 0 0 0 0 0 0 0 0 0 0 0 0 0.946852 0 0 0 0 0 0 0 -7.27728 1.34589 1.34589 0 1.34589 0 0 0 0 0 0 0 0 0 0 0 1.34589 0 0 0 0 0 0 0 
0 0 0 0 0 0 0 0 0 0.946852 0 0 0 0 0 0 0 0 0 0 0 0 0 0 0 0 0 0 0 0 0 0 0 0.946852 0 0 0 0 0 0 0.946852 -8.89708 0 2.01884 0 2.01884 0 0 0 0 0 0 0 0 0 0 0 2.01884 0 0 0 0 0 0 
0 0 0 0 0 0 0 0 0 0 0.946852 0 0 0 0 0 0 0 0 0 0 0 0 0 0 0 0 0 0 0 0 0 0 0 0.946852 0 0 0 0 0 0.946852 0 -8.89708 2.01884 0 0 2.01884 0 0 0 0 0 0 0 0 0 0 0 2.01884 0 0 0 0 0 
0 0 0 0 0 0 0 0 0 0 0 0.946852 0 0 0 0 0 0 0 0 0 0 0 0 0 0 0 0 0 0 0 0 0 0 0 0.946852 0 0 0 0 0 0.946852 0.946852 -9.17099 0 0 0 2.69179 0 0 0 0 0 0 0 0 0 0 0 2.69179 0 0 0 0 
0 0 0 0 0 0 0 0 0 0 0 0 0.946852 0 0 0 0 0 0 0 0 0 0 0 0 0 0 0 0 0 0 0 0 0 0 0 0.946852 0 0 0 0.946852 0 0 0 -8.89708 2.01884 2.01884 0 0 0 0 0 0 0 0 0 0 0 0 0 2.01884 0 0 0 
0 0 0 0 0 0 0 0 0 0 0 0 0 0.946852 0 0 0 0 0 0 0 0 0 0 0 0 0 0 0 0 0 0 0 0 0 0 0 0.946852 0 0 0 0.946852 0 0 0.946852 -9.17099 0 2.69179 0 0 0 0 0 0 0 0 0 0 0 0 0 2.69179 0 0 
0 0 0 0 0 0 0 0 0 0 0 0 0 0 0.946852 0 0 0 0 0 0 0 0 0 0 0 0 0 0 0 0 0 0 0 0 0 0 0 0.946852 0 0 0 0.946852 0 0.946852 0 -9.17099 2.69179 0 0 0 0 0 0 0 0 0 0 0 0 0 0 2.69179 0 
0 0 0 0 0 0 0 0 0 0 0 0 0 0 0 0.946852 0 0 0 0 0 0 0 0 0 0 0 0 0 0 0 0 0 0 0 0 0 0 0 0.946852 0 0 0 0.946852 0 0.946852 0.946852 -8.099 0 0 0 0 0 0 0 0 0 0 0 0 0 0 0 3.36474 
0 0 0 0 0 0 0 0 0 0 0 0 0 0 0 0 0.946852 0 0 0 0 0 0 0 0 0 0 0 0 0 0 0 0.946852 0 0 0 0 0 0 0 0 0 0 0 0 0 0 0 -7.27728 1.34589 1.34589 0 1.34589 0 0 0 1.34589 0 0 0 0 0 0 0 
0 0 0 0 0 0 0 0 0 0 0 0 0 0 0 0 0 0.946852 0 0 0 0 0 0 0 0 0 0 0 0 0 0 0 0.946852 0 0 0 0 0 0 0 0 0 0 0 0 0 0 0.946852 -8.89708 0 2.01884 0 2.01884 0 0 0 2.01884 0 0 0 0 0 0 
0 0 0 0 0 0 0 0 0 0 0 0 0 0 0 0 0 0 0.946852 0 0 0 0 0 0 0 0 0 0 0 0 0 0 0 0.946852 0 0 0 0 0 0 0 0 0 0 0 0 0 0.946852 0 -8.89708 2.01884 0 0 2.01884 0 0 0 2.01884 0 0 0 0 0 
0 0 0 0 0 0 0 0 0 0 0 0 0 0 0 0 0 0 0 0.946852 0 0 0 0 0 0 0 0 0 0 0 0 0 0 0 0.946852 0 0 0 0 0 0 0 0 0 0 0 0 0 0.946852 0.946852 -9.17099 0 0 0 2.69179 0 0 0 2.69179 0 0 0 0 
0 0 0 0 0 0 0 0 0 0 0 0 0 0 0 0 0 0 0 0 0.946852 0 0 0 0 0 0 0 0 0 0 0 0 0 0 0 0.946852 0 0 0 0 0 0 0 0 0 0 0 0.946852 0 0 0 -8.89708 2.01884 2.01884 0 0 0 0 0 2.01884 0 0 0 
0 0 0 0 0 0 0 0 0 0 0 0 0 0 0 0 0 0 0 0 0 0.946852 0 0 0 0 0 0 0 0 0 0 0 0 0 0 0 0.946852 0 0 0 0 0 0 0 0 0 0 0 0.946852 0 0 0.946852 -9.17099 0 2.69179 0 0 0 0 0 2.69179 0 0 
0 0 0 0 0 0 0 0 0 0 0 0 0 0 0 0 0 0 0 0 0 0 0.946852 0 0 0 0 0 0 0 0 0 0 0 0 0 0 0 0.946852 0 0 0 0 0 0 0 0 0 0 0 0.946852 0 0.946852 0 -9.17099 2.69179 0 0 0 0 0 0 2.69179 0 
0 0 0 0 0 0 0 0 0 0 0 0 0 0 0 0 0 0 0 0 0 0 0 0.946852 0 0 0 0 0 0 0 0 0 0 0 0 0 0 0 0.946852 0 0 0 0 0 0 0 0 0 0 0 0.946852 0 0.946852 0.946852 -8.099 0 0 0 0 0 0 0 3.36474 
0 0 0 0 0 0 0 0 0 0 0 0 0 0 0 0 0 0 0 0 0 0 0 0 0.946852 0 0 0 0 0 0 0 0 0 0 0 0 0 0 0 0.946852 0 0 0 0 0 0 0 0.946852 0 0 0 0 0 0 0 -8.89708 2.01884 2.01884 0 2.01884 0 0 0 
0 0 0 0 0 0 0 0 0 0 0 0 0 0 0 0 0 0 0 0 0 0 0 0 0 0.946852 0 0 0 0 0 0 0 0 0 0 0 0 0 0 0 0.946852 0 0 0 0 0 0 0 0.946852 0 0 0 0 0 0 0.946852 -9.17099 0 2.69179 0 2.69179 0 0 
0 0 0 0 0 0 0 0 0 0 0 0 0 0 0 0 0 0 0 0 0 0 0 0 0 0 0.946852 0 0 0 0 0 0 0 0 0 0 0 0 0 0 0 0.946852 0 0 0 0 0 0 0 0.946852 0 0 0 0 0 0.946852 0 -9.17099 2.69179 0 0 2.69179 0 
0 0 0 0 0 0 0 0 0 0 0 0 0 0 0 0 0 0 0 0 0 0 0 0 0 0 0 0.946852 0 0 0 0 0 0 0 0 0 0 0 0 0 0 0 0.946852 0 0 0 0 0 0 0 0.946852 0 0 0 0 0 0.946852 0.946852 -8.099 0 0 0 3.36474 
0 0 0 0 0 0 0 0 0 0 0 0 0 0 0 0 0 0 0 0 0 0 0 0 0 0 0 0 0.946852 0 0 0 0 0 0 0 0 0 0 0 0 0 0 0 0.946852 0 0 0 0 0 0 0 0.946852 0 0 0 0.946852 0 0 0 -9.17099 2.69179 2.69179 0 
0 0 0 0 0 0 0 0 0 0 0 0 0 0 0 0 0 0 0 0 0 0 0 0 0 0 0 0 0 0.946852 0 0 0 0 0 0 0 0 0 0 0 0 0 0 0 0.946852 0 0 0 0 0 0 0 0.946852 0 0 0 0.946852 0 0 0.946852 -8.099 0 3.36474 
0 0 0 0 0 0 0 0 0 0 0 0 0 0 0 0 0 0 0 0 0 0 0 0 0 0 0 0 0 0 0.946852 0 0 0 0 0 0 0 0 0 0 0 0 0 0 0 0.946852 0 0 0 0 0 0 0 0.946852 0 0 0 0.946852 0 0.946852 0 -8.099 3.36474 
0 0 0 0 0 0 0 0 0 0 0 0 0 0 0 0 0 0 0 0 0 0 0 0 0 0 0 0 0 0 0 0.946852 0 0 0 0 0 0 0 0 0 0 0 0 0 0 0 0.946852 0 0 0 0 0 0 0 0.946852 0 0 0 0.946852 0 0.946852 0.946852 -5.68111 
