64
-0 0 0 0 0 0 0 0 0 0 0 0 0 0 0 0 0 0 0 0 0 0 0 0 0 0 0 0 0 0 0 0 0 0 0 0 0 0 0 0 0 0 0 0 0 0 0 0 0 0 0 0 0 0 0 0 0 0 0 0 0 0 0 0 
1.26889 -5.89871 0 0.925964 0 0.925964 0 0 0 0.925964 0 0 0 0 0 0 0 0.925964 0 0 0 0 0 0 0 0 0 0 0 0 0 0 0 0.925964 0 0 0 0 0 0 0 0 0 0 0 0 0 0 0 0 0 0 0 0 0 0 0 0 0 0 0 0 0 0 
1.26889 0 -5.89871 0.925964 0 0 0.925964 0 0 0 0.925964 0 0 0 0 0 0 0 0.925964 0 0 0 0 0 0 0 0 0 0 0 0 0 0 0 0.925964 0 0 0 0 0 0 0 0 0 0 0 0 0 0 0 0 0 0 0 0 0 0 0 0 0 0 0 0 0 
0 1.26889 1.26889 -9.94549 0 0 0 1.85193 0 0 0 1.85193 0 0 0 0 0 0 0 1.85193 0 0 0 0 0 0 0 0 0 0 0 0 0 0 0 1.85193 0 0 0 0 0 0 0 0 0 0 0 0 0 0 0 0 0 0 0 0 0 0 0 0 0 0 0 0 
1.26889 0 0 0 -5.89871 0.925964 0.925964 0 0 0 0 0 0.925964 0 0 0 0 0 0 0 0.925964 0 0 0 0 0 0 0 0 0 0 0 0 0 0 0 0.925964 0 0 0 0 0 0 0 0 0 0 0 0 0 0 0 0 0 0 0 0 0 0 0 0 0 0 0 
0 1.26889 0 0 1.26889 -9.94549 0 1.85193 0 0 0 0 0 1.85193 0 0 0 0 0 0 0 1.85193 0 0 0 0 0 0 0 0 0 0 0 0 0 0 0 1.85193 0 0 0 0 0 0 0 0 0 0 0 0 0 0 0 0 0 0 0 0 0 0 0 0 0 0 
0 0 1.26889 0 1.26889 0 -9.94549 1.85193 0 0 0 0 0 0 1.85193 0 0 0 0 0 0 0 1.85193 0 0 0 0 0 0 0 0 0 0 0 0 0 0 0 1.85193 0 0 0 0 0 0 0 0 0 0 0 0 0 0 0 0 0 0 0 0 0 0 0 0 0 
0 0 0 1.26889 0 1.26889 1.26889 -12.1403 0 0 0 0 0 0 0 2.77789 0 0 0 0 0 0 0 2.77789 0 0 0 0 0 0 0 0 0 0 0 0 0 0 0 2.77789 0 0 0 0 0 0 0 0 0 0 0 0 0 0 0 0 0 0 0 0 0 0 0 0 
1.26889 0 0 0 0 0 0 0 -5.89871 0.925964 0.925964 0 0.925964 0 0 0 0 0 0 0 0 0 0 0 0.925964 0 0 0 0 0 0 0 0 0 0 0 0 0 0 0 0.925964 0 0 0 0 0 0 0 0 0 0 0 0 0 0 0 0 0 0 0 0 0 0 0 
0 1.26889 0 0 0 0 0 0 1.26889 -9.94549 0 1.85193 0 1.85193 0 0 0 0 0 0 0 0 0 0 0 1.85193 0 0 0 0 0 0 0 0 0 0 0 0 0 0 0 1.85193 0 0 0 0 0 0 0 0 0 0 0 0 0 0 0 0 0 0 0 0 0 0 
0 0 1.26889 0 0 0 0 0 1.26889 0 -9.94549 1.85193 0 0 1.85193 0 0 0 0 0 0 0 0 0 0 0 1.85193 0 0 0 0 0 0 0 0 0 0 0 0 0 0 0 1.85193 0 0 0 0 0 0 0 0 0 0 0 0 0 0 0 0 0 0 0 0 0 
0 0 0 1.26889 0 0 0 0 0 1.26889 1.26889 -12.1403 0 0 0 2.77789 0 0 0 0 0 0 0 0 0 0 0 2.77789 0 0 0 0 0 0 0 0 0 0 0 0 0 0 0 2.77789 0 0 0 0 0 0 0 0 0 0 0 0 0 0 0 0 0 0 0 0 
0 0 0 0 1.26889 0 0 0 1.26889 0 0 0 -9.94549 1.85193 1.85193 0 0 0 0 0 0 0 0 0 0 0 0 0 1.85193 0 0 0 0 0 0 0 0 0 0 0 0 0 0 0 1.85193 0 0 0 0 0 0 0 0 0 0 0 0 0 0 0 0 0 0 0 
0 0 0 0 0 1.26889 0 0 0 1.26889 0 0 1.26889 -12.1403 0 2.77789 0 0 0 0 0 0 0 0 0 0 0 0 0 2.77789 0 0 0 0 0 0 0 0 0 0 0 0 0 0 0 2.77789 0 0 0 0 0 0 0 0 0 0 0 0 0 0 0 0 0 0 
0 0 0 0 0 0 1.26889 0 0 0 1.26889 0 1.26889 0 -12.1403 2.77789 0 0 0 0 0 0 0 0 0 0 0 0 0 0 2.77789 0 0 0 0 0 0 0 0 0 0 0 0 0 0 0 2.77789 0 0 0 0 0 0 0 0 0 0 0 0 0 0 0 0 0 
0 0 0 0 0 0 0 1.26889 0 0 0 1.26889 0 1.26889 1.26889 -12.4833 0 0 0 0 0 0 0 0 0 0 0 0 0 0 0 3.70386 0 0 0 0 0 0 0 0 0 0 0 0 0 0 0 3.70386 0 0 0 0 0 0 0 0 0 0 0 0 0 0 0 0 
1.26889 0 0 0 0 0 0 0 0 0 0 0 0 0 0 0 -5.89871 0.925964 0.925964 0 0.925964 0 0 0 0.925964 0 0 0 0 0 0 0 0 0 0 0 0 0 0 0 0 0 0 0 0 0 0 0 0.925964 0 0 0 0 0 0 0 0 0 0 0 0 0 0 0 
0 1.26889 0 0 0 0 0 0 0 0 0 0 0 0 0 0 1.26889 -9.94549 0 1.85193 0 1.85193 0 0 0 1.85193 0 0 0 0 0 0 0 0 0 0 0 0 0 0 0 0 0 0 0 0 0 0 0 1.85193 0 0 0 0 0 0 0 0 0 0 0 0 0 0 
0 0 1.26889 0 0 0 0 0 0 0 0 0 0 0 0 0 1.26889 0 -9.94549 1.85193 0 0 1.85193 0 0 0 1.85193 0 0 0 0 0 0 0 0 0 0 0 0 0 0 0 0 0 0 0 0 0 0 0 1.85193 0 0 0 0 0 0 0 0 0 0 0 0 0 
0 0 0 1.26889 0 0 0 0 0 0 0 0 0 0 0 0 0 1.26889 1.26889 -12.1403 0 0 0 2.77789 0 0 0 2.77789 0 0 0 0 0 0 0 0 0 0 0 0 0 0 0 0 0 0 0 0 0 0 0 2.77789 0 0 0 0 0 0 0 0 0 0 0 0 
0 0 0 0 1.26889 0 0 0 0 0 0 0 0 0 0 0 1.26889 0 0 0 -9.94549 1.85193 1.85193 0 0 0 0 0 1.85193 0 0 0 0 0 0 0 0 0 0 0 0 0 0 0 0 0 0 0 0 0 0 0 1.85193 0 0 0 0 0 0 0 0 0 0 0 
0 0 0 0 0 1.26889 0 0 0 0 0 0 0 0 0 0 0 1.26889 0 0 1.26889 -12.1403 0 2.77789 0 0 0 0 0 2.77789 0 0 0 0 0 0 0 0 0 0 0 0 0 0 0 0 0 0 0 0 0 0 0 2.77789 0 0 0 0 0 0 0 0 0 0 
0 0 0 0 0 0 1.26889 0 0 0 0 0 0 0 0 0 0 0 1.26889 0 1.26889 0 -12.1403 2.77789 0 0 0 0 0 0 2.77789 0 0 0 0 0 0 0 0 0 0 0 0 0 0 0 0 0 0 0 0 0 0 0 2.77789 0 0 0 0 0 0 0 0 0 
0 0 0 0 0 0 0 1.26889 0 0 0 0 0 0 0 0 0 0 0 1.26889 0 1.26889 1.26889 -12.4833 0 0 0 0 0 0 0 3.70386 0 0 0 0 0 0 0 0 0 0 0 0 0 0 0 0 0 0 0 0 0 0 0 3.70386 0 0 0 0 0 0 0 0 
0 0 0 0 0 0 0 0 1.26889 0 0 0 0 0 0 0 1.26889 0 0 0 0 0 0 0 -9.94549 1.85193 1.85193 0 1.85193 0 0 0 0 0 0 0 0 0 0 0 0 0 0 0 0 0 0 0 0 0 0 0 0 0 0 0 1.85193 0 0 0 0 0 0 0 
0 0 0 0 0 0 0 0 0 1.26889 0 0 0 0 0 0 0 1.26889 0 0 0 0 0 0 1.26889 -12.1403 0 2.77789 0 2.77789 0 0 0 0 0 0 0 0 0 0 0 0 0 0 0 0 0 0 0 0 0 0 0 0 0 0 0 2.77789 0 0 0 0 0 0 
0 0 0 0 0 0 0 0 0 0 1.26889 0 0 0 0 0 0 0 1.26889 0 0 0 0 0 1.26889 0 -12.1403 2.77789 0 0 2.77789 0 0 0 0 0 0 0 0 0 0 0 0 0 0 0 0 0 0 0 0 0 0 0 0 0 0 0 2.77789 0 0 0 0 0 
0 0 0 0 0 0 0 0 0 0 0 1.26889 0 0 0 0 0 0 0 1.26889 0 0 0 0 0 1.26889 1.26889 -12.4833 0 0 0 3.70386 0 0 0 0 0 0 0 0 0 0 0 0 0 0 0 0 0 0 0 0 0 0 0 0 0 0 0 3.70386 0 0 0 0 
0 0 0 0 0 0 0 0 0 0 0 0 1.26889 0 0 0 0 0 0 0 1.26889 0 0 0 1.26889 0 0 0 -12.1403 2.77789 2.77789 0 0 0 0 0 0 0 0 0 0 0 0 0 0 0 0 0 0 0 0 0 0 0 0 0 0 0 0 0 2.77789 0 0 0 
0 0 0 0 0 0 0 0 0 0 0 0 0 1.26889 0 0 0 0 0 0 0 1.26889 0 0 0 1.26889 0 0 1.26889 -12.4833 0 3.70386 0 0 0 0 0 0 0 0 0 0 0 0 0 0 0 0 0 0 0 0 0 0 0 0 0 0 0 0 0 3.70386 0 0 
0 0 0 0 0 0 0 0 0 0 0 0 0 0 1.26889 0 0 0 0 0 0 0 1.26889 0 0 0 1.26889 0 1.26889 0 -12.4833 3.70386 0 0 0 0 0 0 0 0 0 0 0 0 0 0 0 0 0 0 0 0 0 0 0 0 0 0 0 0 0 0 3.70386 0 
0 0 0 0 0 0 0 0 0 0 0 0 0 0 0 1.26889 0 0 0 0 0 0 0 1.26889 0 0 0 1.26889 0 1.26889 1.26889 -10.9743 0 0 0 0 0 0 0 0 0 0 0 0 0 0 0 0 0 0 0 0 0 0 0 0 0 0 0 0 0 0 0 4.62982 
1.26889 0 0 0 0 0 0 0 0 0 0 0 0 0 0 0 0 0 0 0 0 0 0 0 0 0 0 0 0 0 0 0 -5.89871 0.925964 0.925964 0 0.925964 0 0 0 0.925964 0 0 0 0 0 0 0 0.925964 0 0 0 0 0 0 0 0 0 0 0 0 0 0 0 
0 1.26889 0 0 0 0 0 0 0 0 0 0 0 0 0 0 0 0 0 0 0 0 0 0 0 0 0 0 0 0 0 0 1.26889 -9.94549 0 1.85193 0 1.85193 0 0 0 1.85193 0 0 0 0 0 0 0 1.85193 0 0 0 0 0 0 0 0 0 0 0 0 0 0 
0 0 1.26889 0 0 0 0 0 0 0 0 0 0 0 0 0 0 0 0 0 0 0 0 0 0 0 0 0 0 0 0 0 1.26889 0 -9.94549 1.85193 0 0 1.85193 0 0 0 1.85193 0 0 0 0 0 0 0 1.85193 0 0 0 0 0 0 0 0 0 0 0 0 0 
0 0 0 1.26889 0 0 0 0 0 0 0 0 0 0 0 0 0 0 0 0 0 0 0 0 0 0 0 0 0 0 0 0 0 1.26889 1.26889 -12.1403 0 0 0 2.77789 0 0 0 2.77789 0 0 0 0 0 0 0 2.77789 0 0 0 0 0 0 0 0 0 0 0 0 
0 0 0 0 1.26889 0 0 0 0 0 0 0 0 0 0 0 0 0 0 0 0 0 0 0 0 0 0 0 0 0 0 0 1.26889 0 0 0 -9.94549 1.85193 1.85193 0 0 0 0 0 1.85193 0 0 0 0 0 0 0 1.85193 0 0 0 0 0 0 0 0 0 0 0 
0 0 0 0 0 1.26889 0 0 0 0 0 0 0 0 0 0 0 0 0 0 0 0 0 0 0 0 0 0 0 0 0 0 0 1.26889 0 0 1.26889 -12.1403 0 2.77789 0 0 0 0 0 2.77789 0 0 0 0 0 0 0 2.77789 0 0 0 0 0 0 0 0 0 0 
0 0 0 0 0 0 1.26889 0 0 0 0 0 0 0 0 0 0 0 0 0 0 0 0 0 0 0 0 0 0 0 0 0 0 0 1.26889 0 1.26889 0 -12.1403 2.77789 0 0 0 0 0 0 2.77789 0 0 0 0 0 0 0 2.77789 0 0 0 0 0 0 0 0 0 
0 0 0 0 0 0 0 1.26889 0 0 0 0 0 0 0 0 0 0 0 0 0 0 0 0 0 0 0 0 0 0 0 0 0 0 0 1.26889 0 1.26889 1.26889 -12.4833 0 0 0 0 0 0 0 3.70386 0 0 0 0 0 0 0 3.70386 0 0 0 0 0 0 0 0 
0 0 0 0 0 0 0 0 1.26889 0 0 0 0 0 0 0 0 0 0 0 0 0 0 0 0 0 0 0 0 0 0 0 1.26889 0 0 0 0 0 0 0 -9.94549 1.85193 1.85193 0 1.85193 0 0 0 0 0 0 0 0 0 0 0 1.85193 0 0 0 0 0 0 0 
0 0 0 0 0 0 0 0 0 1.26889 0 0 0 0 0 0 0 0 0 0 0 0 0 0 0 0 0 0 0 0 0 0 0 1.26889 0 0 0 0 0 0 1.26889 -12.1403 0 2.77789 0 2.77789 0 0 0 0 0 0 0 0 0 0 0 2.77789 0 0 0 0 0 0 
0 0 0 0 0 0 0 0 0 0 1.26889 0 0 0 0 0 0 0 0 0 0 0 0 0 0 0 0 0 0 0 0 0 0 0 1.26889 0 0 0 0 0 1.26889 0 -12.1403 2.77789 0 0 2.77789 0 0 0 0 0 0 0 0 0 0 0 2.77789 0 0 0 0 0 
0 0 0 0 0 0 0 0 0 0 0 1.26889 0 0 0 0 0 0 0 0 0 0 0 0 0 0 0 0 0 0 0 0 0 0 0 1.26889 0 0 0 0 0 1.26889 1.26889 -12.4833 0 0 0 3.70386 0 0 0 0 0 0 0 0 0 0 0 3.70386 0 0 0 0 
0 0 0 0 0 0 0 0 0 0 0 0 1.26889 0 0 0 0 0 0 0 0 0 0 0 0 0 0 0 0 0 0 0 0 0 0 0 1.26889 0 0 0 1.26889 0 0 0 -12.1403 2.77789 2.77789 0 0 0 0 0 0 0 0 0 0 0 0 0 2.77789 0 0 0 
0 0 0 0 0 0 0 0 0 0 0 0 0 1.26889 0 0 0 0 0 0 0 0 0 0 0 0 0 0 0 0 0 0 0 0 0 0 0 1.26889 0 0 0 1.26889 0 0 1.26889 -12.4833 0 3.70386 0 0 0 0 0 0 0 0 0 0 0 0 0 3.70386 0 0 
0 0 0 0 0 0 0 0 0 0 0 0 0 0 1.26889 0 0 0 0 0 0 0 0 0 0 0 0 0 0 0 0 0 0 0 0 0 0 0 1.26889 0 0 0 1.26889 0 1.26889 0 -12.4833 3.70386 0 0 0 0 0 0 0 0 0 0 0 0 0 0 3.70386 0 
0 0 0 0 0 0 0 0 0 0 0 0 0 0 0 1.26889 0 0 0 0 0 0 0 0 0 0 0 0 0 0 0 0 0 0 0 0 0 0 0 1.26889 0 0 0 1.26889 0 1.26889 1.26889 -10.9743 0 0 0 0 0 0 0 0 0 0 0 0 0 0 0 4.62982 
0 0 0 0 0 0 0 0 0 0 0 0 0 0 0 0 1.26889 0 0 0 0 0 0 0 0 0 0 0 0 0 0 0 1.26889 0 0 0 0 0 0 0 0 0 0 0 0 0 0 0 -9.94549 1.85193 1.85193 0 1.85193 0 0 0 1.85193 0 0 0 0 0 0 0 
0 0 0 0 0 0 0 0 0 0 0 0 0 0 0 0 0 1.26889 0 0 0 0 0 0 0 0 0 0 0 0 0 0 0 1.26889 0 0 0 0 0 0 0 0 0 0 0 0 0 0 1.26889 -12.1403 0 2.77789 0 2.77789 0 0 0 2.77789 0 0 0 0 0 0 
0 0 0 0 0 0 0 0 0 0 0 0 0 0 0 0 0 0 1.26889 0 0 0 0 0 0 0 0 0 0 0 0 0 0 0 1.26889 0 0 0 0 0 0 0 0 0 0 0 0 0 1.26889 0 -12.1403 2.77789 0 0 2.77789 0 0 0 2.77789 0 0 0 0 0 
0 0 0 0 0 0 0 0 0 0 0 0 0 0 0 0 0 0 0 1.26889 0 0 0 0 0 0 0 0 0 0 0 0 0 0 0 1.26889 0 0 0 0 0 0 0 0 0 0 0 0 0 1.26889 1.26889 -12.4833 0 0 0 3.70386 0 0 0 3.70386 0 0 0 0 
0 0 0 0 0 0 0 0 0 0 0 0 0 0 0 0 0 0 0 0 1.26889 0 0 0 0 0 0 0 0 0 0 0 0 0 0 0 1.26889 0 0 0 0 0 0 0 0 0 0 0 1.26889 0 0 0 -12.1403 2.77789 2.77789 0 0 0 0 0 2.77789 0 0 0 
0 0 0 0 0 0 0 0 0 0 0 0 0 0 0 0 0 0 0 0 0 1.26889 0 0 0 0 0 0 0 0 0 0 0 0 0 0 0 1.26889 0 0 0 0 0 0 0 0 0 0 0 1.26889 0 0 1.26889 -12.4833 0 3.70386 0 0 0 0 0 3.70386 0 0 
0 0 0 0 0 0 0 0 0 0 0 0 0 0 0 0 0 0 0 0 0 0 1.26889 0 0 0 0 0 0 0 0 0 0 0 0 0 0 0 1.26889 0 0 0 0 0 0 0 0 0 0 0 1.26889 0 1.26889 0 -12.4833 3.70386 0 0 0 0 0 0 3.70386 0 
0 0 0 0 0 0 0 0 0 0 0 0 0 0 0 0 0 0 0 0 0 0 0 1.26889 0 0 0 0 0 0 0 0 0 0 0 0 0 0 0 1.26889 0 0 0 0 0 0 0 0 0 0 0 1.26889 0 1.26889 1.26889 -10.9743 0 0 0 0 0 0 0 4.62982 
0 0 0 0 0 0 0 0 0 0 0 0 0 0 0 0 0 0 0 0 0 0 0 0 1.26889 0 0 0 0 0 0 0 0 0 0 0 0 0 0 0 1.26889 0 0 0 0 0 0 0 1.26889 0 0 0 0 0 0 0 -12.1403 2.77789 2.77789 0 2.77789 0 0 0 
0 0 0 0 0 0 0 0 0 0 0 0 0 0 0 0 0 0 0 0 0 0 0 0 0 1.26889 0 0 0 0 0 0 0 0 0 0 0 0 0 0 0 1.26889 0 0 0 0 0 0 0 1.26889 0 0 0 0 0 0 1.26889 -12.4833 0 3.70386 0 3.70386 0 0 
0 0 0 0 0 0 0 0 0 0 0 0 0 0 0 0 0 0 0 0 0 0 0 0 0 0 1.26889 0 0 0 0 0 0 0 0 0 0 0 0 0 0 0 1.26889 0 0 0 0 0 0 0 1.26889 0 0 0 0 0 1.26889 0 -12.4833 3.70386 0 0 3.70386 0 
0 0 0 0 0 0 0 0 0 0 0 0 0 0 0 0 0 0 0 0 0 0 0 0 0 0 0 1.26889 0 0 0 0 0 0 0 0 0 0 0 0 0 0 0 1.26889 0 0 0 0 0 0 0 1.26889 0 0 0 0 0 1.26889 1.26889 -10.9743 0 0 0 4.62982 
0 0 0 0 0 0 0 0 0 0 0 0 0 0 0 0 0 0 0 0 0 0 0 0 0 0 0 0 1.26889 0 0 0 0 0 0 0 0 0 0 0 0 0 0 0 1.26889 0 0 0 0 0 0 0 1.26889 0 0 0 1.26889 0 0 0 -12.4833 3.70386 3.70386 0 
0 0 0 0 0 0 0 0 0 0 0 0 0 0 0 0 0 0 0 0 0 0 0 0 0 0 0 0 0 1.26889 0 0 0 0 0 0 0 0 0 0 0 0 0 0 0 1.26889 0 0 0 0 0 0 0 1.26889 0 0 0 1.26889 0 0 1.26889 -10.9743 0 4.62982 
0 0 0 0 0 0 0 0 0 0 0 0 0 0 0 0 0 0 0 0 0 0 0 0 0 0 0 0 0 0 1.26889 0 0 0 0 0 0 0 0 0 0 0 0 0 0 0 1.26889 0 0 0 0 0 0 0 1.26889 0 0 0 1.26889 0 1.26889 0 -10.9743 4.62982 
0 0 0 0 0 0 0 0 0 0 0 0 0 0 0 0 0 0 0 0 0 0 0 0 0 0 0 0 0 0 0 1.26889 0 0 0 0 0 0 0 0 0 0 0 0 0 0 0 1.26889 0 0 0 0 0 0 0 1.26889 0 0 0 1.26889 0 1.26889 1.26889 -7.61333 
