32
-0 0 0 0 0 0 0 0 0 0 0 0 0 0 0 0 0 0 0 0 0 0 0 0 0 0 0 0 0 0 0 0 
0.314687 -1.71482 0 0.350032 0 0.350032 0 0 0 0.350032 0 0 0 0 0 0 0 0.350032 0 0 0 0 0 0 0 0 0 0 0 0 0 0 
0.314687 0 -1.71482 0.350032 0 0 0.350032 0 0 0 0.350032 0 0 0 0 0 0 0 0.350032 0 0 0 0 0 0 0 0 0 0 0 0 0 
0 0.314687 0.314687 -2.72957 0 0 0 0.700065 0 0 0 0.700065 0 0 0 0 0 0 0 0.700065 0 0 0 0 0 0 0 0 0 0 0 0 
0.314687 0 0 0 -1.71482 0.350032 0.350032 0 0 0 0 0 0.350032 0 0 0 0 0 0 0 0.350032 0 0 0 0 0 0 0 0 0 0 0 
0 0.314687 0 0 0.314687 -2.72957 0 0.700065 0 0 0 0 0 0.700065 0 0 0 0 0 0 0 0.700065 0 0 0 0 0 0 0 0 0 0 
0 0 0.314687 0 0.314687 0 -2.72957 0.700065 0 0 0 0 0 0 0.700065 0 0 0 0 0 0 0 0.700065 0 0 0 0 0 0 0 0 0 
0 0 0 0.314687 0 0.314687 0.314687 -3.04426 0 0 0 0 0 0 0 1.0501 0 0 0 0 0 0 0 1.0501 0 0 0 0 0 0 0 0 
0.314687 0 0 0 0 0 0 0 -1.71482 0.350032 0.350032 0 0.350032 0 0 0 0 0 0 0 0 0 0 0 0.350032 0 0 0 0 0 0 0 
0 0.314687 0 0 0 0 0 0 0.314687 -2.72957 0 0.700065 0 0.700065 0 0 0 0 0 0 0 0 0 0 0 0.700065 0 0 0 0 0 0 
0 0 0.314687 0 0 0 0 0 0.314687 0 -2.72957 0.700065 0 0 0.700065 0 0 0 0 0 0 0 0 0 0 0 0.700065 0 0 0 0 0 
0 0 0 0.314687 0 0 0 0 0 0.314687 0.314687 -3.04426 0 0 0 1.0501 0 0 0 0 0 0 0 0 0 0 0 1.0501 0 0 0 0 
0 0 0 0 0.314687 0 0 0 0.314687 0 0 0 -2.72957 0.700065 0.700065 0 0 0 0 0 0 0 0 0 0 0 0 0 0.700065 0 0 0 
0 0 0 0 0 0.314687 0 0 0 0.314687 0 0 0.314687 -3.04426 0 1.0501 0 0 0 0 0 0 0 0 0 0 0 0 0 1.0501 0 0 
0 0 0 0 0 0 0.314687 0 0 0 0.314687 0 0.314687 0 -3.04426 1.0501 0 0 0 0 0 0 0 0 0 0 0 0 0 0 1.0501 0 
0 0 0 0 0 0 0 0.314687 0 0 0 0.314687 0 0.314687 0.314687 -2.65888 0 0 0 0 0 0 0 0 0 0 0 0 0 0 0 1.40013 
0.314687 0 0 0 0 0 0 0 0 0 0 0 0 0 0 0 -1.71482 0.350032 0.350032 0 0.350032 0 0 0 0.350032 0 0 0 0 0 0 0 
0 0.314687 0 0 0 0 0 0 0 0 0 0 0 0 0 0 0.314687 -2.72957 0 0.700065 0 0.700065 0 0 0 0.700065 0 0 0 0 0 0 
0 0 0.314687 0 0 0 0 0 0 0 0 0 0 0 0 0 0.314687 0 -2.72957 0.700065 0 0 0.700065 0 0 0 0.700065 0 0 0 0 0 
0 0 0 0.314687 0 0 0 0 0 0 0 0 0 0 0 0 0 0.314687 0.314687 -3.04426 0 0 0 1.0501 0 0 0 1.0501 0 0 0 0 
0 0 0 0 0.314687 0 0 0 0 0 0 0 0 0 0 0 0.314687 0 0 0 -2.72957 0.700065 0.700065 0 0 0 0 0 0.700065 0 0 0 
0 0 0 0 0 0.314687 0 0 0 0 0 0 0 0 0 0 0 0.314687 0 0 0.314687 -3.04426 0 1.0501 0 0 0 0 0 1.0501 0 0 
0 0 0 0 0 0 0.314687 0 0 0 0 0 0 0 0 0 0 0 0.314687 0 0.314687 0 -3.04426 1.0501 0 0 0 0 0 0 1.0501 0 
0 0 0 0 0 0 0 0.314687 0 0 0 0 0 0 0 0 0 0 0 0.314687 0 0.314687 0.314687 -2.65888 0 0 0 0 0 0 0 1.40013 
0 0 0 0 0 0 0 0 0.314687 0 0 0 0 0 0 0 0.314687 0 0 0 0 0 0 0 -2.72957 0.700065 0.700065 0 0.700065 0 0 0 
0 0 0 0 0 0 0 0 0 0.314687 0 0 0 0 0 0 0 0.314687 0 0 0 0 0 0 0.314687 -3.04426 0 1.0501 0 1.0501 0 0 
0 0 0 0 0 0 0 0 0 0 0.314687 0 0 0 0 0 0 0 0.314687 0 0 0 0 0 0.314687 0 -3.04426 1.0501 0 0 1.0501 0 
0 0 0 0 0 0 0 0 0 0 0 0.314687 0 0 0 0 0 0 0 0.314687 0 0 0 0 0 0.314687 0.314687 -2.65888 0 0 0 1.40013 
0 0 0 0 0 0 0 0 0 0 0 0 0.314687 0 0 0 0 0 0 0 0.314687 0 0 0 0.314687 0 0 0 -3.04426 1.0501 1.0501 0 
0 0 0 0 0 0 0 0 0 0 0 0 0 0.314687 0 0 0 0 0 0 0 0.314687 0 0 0 0.314687 0 0 0.314687 -2.65888 0 1.40013 
0 0 0 0 0 0 0 0 0 0 0 0 0 0 0.314687 0 0 0 0 0 0 0 0.314687 0 0 0 0.314687 0 0.314687 0 -2.65888 1.40013 
0 0 0 0 0 0 0 0 0 0 0 0 0 0 0 0.314687 0 0 0 0 0 0 0 0.314687 0 0 0 0.314687 0 0.314687 0.314687 -1.57344 
