64
-0 0 0 0 0 0 0 0 0 0 0 0 0 0 0 0 0 0 0 0 0 0 0 0 0 0 0 0 0 0 0 0 0 0 0 0 0 0 0 0 0 0 0 0 0 0 0 0 0 0 0 0 0 0 0 0 0 0 0 0 0 0 0 0 
0.833849 -4.16432 0 0.666094 0 0.666094 0 0 0 0.666094 0 0 0 0 0 0 0 0.666094 0 0 0 0 0 0 0 0 0 0 0 0 0 0 0 0.666094 0 0 0 0 0 0 0 0 0 0 0 0 0 0 0 0 0 0 0 0 0 0 0 0 0 0 0 0 0 0 
0.833849 0 -4.16432 0.666094 0 0 0.666094 0 0 0 0.666094 0 0 0 0 0 0 0 0.666094 0 0 0 0 0 0 0 0 0 0 0 0 0 0 0 0.666094 0 0 0 0 0 0 0 0 0 0 0 0 0 0 0 0 0 0 0 0 0 0 0 0 0 0 0 0 0 
0 0.833849 0.833849 -6.99645 0 0 0 1.33219 0 0 0 1.33219 0 0 0 0 0 0 0 1.33219 0 0 0 0 0 0 0 0 0 0 0 0 0 0 0 1.33219 0 0 0 0 0 0 0 0 0 0 0 0 0 0 0 0 0 0 0 0 0 0 0 0 0 0 0 0 
0.833849 0 0 0 -4.16432 0.666094 0.666094 0 0 0 0 0 0.666094 0 0 0 0 0 0 0 0.666094 0 0 0 0 0 0 0 0 0 0 0 0 0 0 0 0.666094 0 0 0 0 0 0 0 0 0 0 0 0 0 0 0 0 0 0 0 0 0 0 0 0 0 0 0 
0 0.833849 0 0 0.833849 -6.99645 0 1.33219 0 0 0 0 0 1.33219 0 0 0 0 0 0 0 1.33219 0 0 0 0 0 0 0 0 0 0 0 0 0 0 0 1.33219 0 0 0 0 0 0 0 0 0 0 0 0 0 0 0 0 0 0 0 0 0 0 0 0 0 0 
0 0 0.833849 0 0.833849 0 -6.99645 1.33219 0 0 0 0 0 0 1.33219 0 0 0 0 0 0 0 1.33219 0 0 0 0 0 0 0 0 0 0 0 0 0 0 0 1.33219 0 0 0 0 0 0 0 0 0 0 0 0 0 0 0 0 0 0 0 0 0 0 0 0 0 
0 0 0 0.833849 0 0.833849 0.833849 -8.4964 0 0 0 0 0 0 0 1.99828 0 0 0 0 0 0 0 1.99828 0 0 0 0 0 0 0 0 0 0 0 0 0 0 0 1.99828 0 0 0 0 0 0 0 0 0 0 0 0 0 0 0 0 0 0 0 0 0 0 0 0 
0.833849 0 0 0 0 0 0 0 -4.16432 0.666094 0.666094 0 0.666094 0 0 0 0 0 0 0 0 0 0 0 0.666094 0 0 0 0 0 0 0 0 0 0 0 0 0 0 0 0.666094 0 0 0 0 0 0 0 0 0 0 0 0 0 0 0 0 0 0 0 0 0 0 0 
0 0.833849 0 0 0 0 0 0 0.833849 -6.99645 0 1.33219 0 1.33219 0 0 0 0 0 0 0 0 0 0 0 1.33219 0 0 0 0 0 0 0 0 0 0 0 0 0 0 0 1.33219 0 0 0 0 0 0 0 0 0 0 0 0 0 0 0 0 0 0 0 0 0 0 
0 0 0.833849 0 0 0 0 0 0.833849 0 -6.99645 1.33219 0 0 1.33219 0 0 0 0 0 0 0 0 0 0 0 1.33219 0 0 0 0 0 0 0 0 0 0 0 0 0 0 0 1.33219 0 0 0 0 0 0 0 0 0 0 0 0 0 0 0 0 0 0 0 0 0 
0 0 0 0.833849 0 0 0 0 0 0.833849 0.833849 -8.4964 0 0 0 1.99828 0 0 0 0 0 0 0 0 0 0 0 1.99828 0 0 0 0 0 0 0 0 0 0 0 0 0 0 0 1.99828 0 0 0 0 0 0 0 0 0 0 0 0 0 0 0 0 0 0 0 0 
0 0 0 0 0.833849 0 0 0 0.833849 0 0 0 -6.99645 1.33219 1.33219 0 0 0 0 0 0 0 0 0 0 0 0 0 1.33219 0 0 0 0 0 0 0 0 0 0 0 0 0 0 0 1.33219 0 0 0 0 0 0 0 0 0 0 0 0 0 0 0 0 0 0 0 
0 0 0 0 0 0.833849 0 0 0 0.833849 0 0 0.833849 -8.4964 0 1.99828 0 0 0 0 0 0 0 0 0 0 0 0 0 1.99828 0 0 0 0 0 0 0 0 0 0 0 0 0 0 0 1.99828 0 0 0 0 0 0 0 0 0 0 0 0 0 0 0 0 0 0 
0 0 0 0 0 0 0.833849 0 0 0 0.833849 0 0.833849 0 -8.4964 1.99828 0 0 0 0 0 0 0 0 0 0 0 0 0 0 1.99828 0 0 0 0 0 0 0 0 0 0 0 0 0 0 0 1.99828 0 0 0 0 0 0 0 0 0 0 0 0 0 0 0 0 0 
0 0 0 0 0 0 0 0.833849 0 0 0 0.833849 0 0.833849 0.833849 -8.66415 0 0 0 0 0 0 0 0 0 0 0 0 0 0 0 2.66438 0 0 0 0 0 0 0 0 0 0 0 0 0 0 0 2.66438 0 0 0 0 0 0 0 0 0 0 0 0 0 0 0 0 
0.833849 0 0 0 0 0 0 0 0 0 0 0 0 0 0 0 -4.16432 0.666094 0.666094 0 0.666094 0 0 0 0.666094 0 0 0 0 0 0 0 0 0 0 0 0 0 0 0 0 0 0 0 0 0 0 0 0.666094 0 0 0 0 0 0 0 0 0 0 0 0 0 0 0 
0 0.833849 0 0 0 0 0 0 0 0 0 0 0 0 0 0 0.833849 -6.99645 0 1.33219 0 1.33219 0 0 0 1.33219 0 0 0 0 0 0 0 0 0 0 0 0 0 0 0 0 0 0 0 0 0 0 0 1.33219 0 0 0 0 0 0 0 0 0 0 0 0 0 0 
0 0 0.833849 0 0 0 0 0 0 0 0 0 0 0 0 0 0.833849 0 -6.99645 1.33219 0 0 1.33219 0 0 0 1.33219 0 0 0 0 0 0 0 0 0 0 0 0 0 0 0 0 0 0 0 0 0 0 0 1.33219 0 0 0 0 0 0 0 0 0 0 0 0 0 
0 0 0 0.833849 0 0 0 0 0 0 0 0 0 0 0 0 0 0.833849 0.833849 -8.4964 0 0 0 1.99828 0 0 0 1.99828 0 0 0 0 0 0 0 0 0 0 0 0 0 0 0 0 0 0 0 0 0 0 0 1.99828 0 0 0 0 0 0 0 0 0 0 0 0 
0 0 0 0 0.833849 0 0 0 0 0 0 0 0 0 0 0 0.833849 0 0 0 -6.99645 1.33219 1.33219 0 0 0 0 0 1.33219 0 0 0 0 0 0 0 0 0 0 0 0 0 0 0 0 0 0 0 0 0 0 0 1.33219 0 0 0 0 0 0 0 0 0 0 0 
0 0 0 0 0 0.833849 0 0 0 0 0 0 0 0 0 0 0 0.833849 0 0 0.833849 -8.4964 0 1.99828 0 0 0 0 0 1.99828 0 0 0 0 0 0 0 0 0 0 0 0 0 0 0 0 0 0 0 0 0 0 0 1.99828 0 0 0 0 0 0 0 0 0 0 
0 0 0 0 0 0 0.833849 0 0 0 0 0 0 0 0 0 0 0 0.833849 0 0.833849 0 -8.4964 1.99828 0 0 0 0 0 0 1.99828 0 0 0 0 0 0 0 0 0 0 0 0 0 0 0 0 0 0 0 0 0 0 0 1.99828 0 0 0 0 0 0 0 0 0 
0 0 0 0 0 0 0 0.833849 0 0 0 0 0 0 0 0 0 0 0 0.833849 0 0.833849 0.833849 -8.66415 0 0 0 0 0 0 0 2.66438 0 0 0 0 0 0 0 0 0 0 0 0 0 0 0 0 0 0 0 0 0 0 0 2.66438 0 0 0 0 0 0 0 0 
0 0 0 0 0 0 0 0 0.833849 0 0 0 0 0 0 0 0.833849 0 0 0 0 0 0 0 -6.99645 1.33219 1.33219 0 1.33219 0 0 0 0 0 0 0 0 0 0 0 0 0 0 0 0 0 0 0 0 0 0 0 0 0 0 0 1.33219 0 0 0 0 0 0 0 
0 0 0 0 0 0 0 0 0 0.833849 0 0 0 0 0 0 0 0.833849 0 0 0 0 0 0 0.833849 -8.4964 0 1.99828 0 1.99828 0 0 0 0 0 0 0 0 0 0 0 0 0 0 0 0 0 0 0 0 0 0 0 0 0 0 0 1.99828 0 0 0 0 0 0 
0 0 0 0 0 0 0 0 0 0 0.833849 0 0 0 0 0 0 0 0.833849 0 0 0 0 0 0.833849 0 -8.4964 1.99828 0 0 1.99828 0 0 0 0 0 0 0 0 0 0 0 0 0 0 0 0 0 0 0 0 0 0 0 0 0 0 0 1.99828 0 0 0 0 0 
0 0 0 0 0 0 0 0 0 0 0 0.833849 0 0 0 0 0 0 0 0.833849 0 0 0 0 0 0.833849 0.833849 -8.66415 0 0 0 2.66438 0 0 0 0 0 0 0 0 0 0 0 0 0 0 0 0 0 0 0 0 0 0 0 0 0 0 0 2.66438 0 0 0 0 
0 0 0 0 0 0 0 0 0 0 0 0 0.833849 0 0 0 0 0 0 0 0.833849 0 0 0 0.833849 0 0 0 -8.4964 1.99828 1.99828 0 0 0 0 0 0 0 0 0 0 0 0 0 0 0 0 0 0 0 0 0 0 0 0 0 0 0 0 0 1.99828 0 0 0 
0 0 0 0 0 0 0 0 0 0 0 0 0 0.833849 0 0 0 0 0 0 0 0.833849 0 0 0 0.833849 0 0 0.833849 -8.66415 0 2.66438 0 0 0 0 0 0 0 0 0 0 0 0 0 0 0 0 0 0 0 0 0 0 0 0 0 0 0 0 0 2.66438 0 0 
0 0 0 0 0 0 0 0 0 0 0 0 0 0 0.833849 0 0 0 0 0 0 0 0.833849 0 0 0 0.833849 0 0.833849 0 -8.66415 2.66438 0 0 0 0 0 0 0 0 0 0 0 0 0 0 0 0 0 0 0 0 0 0 0 0 0 0 0 0 0 0 2.66438 0 
0 0 0 0 0 0 0 0 0 0 0 0 0 0 0 0.833849 0 0 0 0 0 0 0 0.833849 0 0 0 0.833849 0 0.833849 0.833849 -7.49972 0 0 0 0 0 0 0 0 0 0 0 0 0 0 0 0 0 0 0 0 0 0 0 0 0 0 0 0 0 0 0 3.33047 
0.833849 0 0 0 0 0 0 0 0 0 0 0 0 0 0 0 0 0 0 0 0 0 0 0 0 0 0 0 0 0 0 0 -4.16432 0.666094 0.666094 0 0.666094 0 0 0 0.666094 0 0 0 0 0 0 0 0.666094 0 0 0 0 0 0 0 0 0 0 0 0 0 0 0 
0 0.833849 0 0 0 0 0 0 0 0 0 0 0 0 0 0 0 0 0 0 0 0 0 0 0 0 0 0 0 0 0 0 0.833849 -6.99645 0 1.33219 0 1.33219 0 0 0 1.33219 0 0 0 0 0 0 0 1.33219 0 0 0 0 0 0 0 0 0 0 0 0 0 0 
0 0 0.833849 0 0 0 0 0 0 0 0 0 0 0 0 0 0 0 0 0 0 0 0 0 0 0 0 0 0 0 0 0 0.833849 0 -6.99645 1.33219 0 0 1.33219 0 0 0 1.33219 0 0 0 0 0 0 0 1.33219 0 0 0 0 0 0 0 0 0 0 0 0 0 
0 0 0 0.833849 0 0 0 0 0 0 0 0 0 0 0 0 0 0 0 0 0 0 0 0 0 0 0 0 0 0 0 0 0 0.833849 0.833849 -8.4964 0 0 0 1.99828 0 0 0 1.99828 0 0 0 0 0 0 0 1.99828 0 0 0 0 0 0 0 0 0 0 0 0 
0 0 0 0 0.833849 0 0 0 0 0 0 0 0 0 0 0 0 0 0 0 0 0 0 0 0 0 0 0 0 0 0 0 0.833849 0 0 0 -6.99645 1.33219 1.33219 0 0 0 0 0 1.33219 0 0 0 0 0 0 0 1.33219 0 0 0 0 0 0 0 0 0 0 0 
0 0 0 0 0 0.833849 0 0 0 0 0 0 0 0 0 0 0 0 0 0 0 0 0 0 0 0 0 0 0 0 0 0 0 0.833849 0 0 0.833849 -8.4964 0 1.99828 0 0 0 0 0 1.99828 0 0 0 0 0 0 0 1.99828 0 0 0 0 0 0 0 0 0 0 
0 0 0 0 0 0 0.833849 0 0 0 0 0 0 0 0 0 0 0 0 0 0 0 0 0 0 0 0 0 0 0 0 0 0 0 0.833849 0 0.833849 0 -8.4964 1.99828 0 0 0 0 0 0 1.99828 0 0 0 0 0 0 0 1.99828 0 0 0 0 0 0 0 0 0 
0 0 0 0 0 0 0 0.833849 0 0 0 0 0 0 0 0 0 0 0 0 0 0 0 0 0 0 0 0 0 0 0 0 0 0 0 0.833849 0 0.833849 0.833849 -8.66415 0 0 0 0 0 0 0 2.66438 0 0 0 0 0 0 0 2.66438 0 0 0 0 0 0 0 0 
0 0 0 0 0 0 0 0 0.833849 0 0 0 0 0 0 0 0 0 0 0 0 0 0 0 0 0 0 0 0 0 0 0 0.833849 0 0 0 0 0 0 0 -6.99645 1.33219 1.33219 0 1.33219 0 0 0 0 0 0 0 0 0 0 0 1.33219 0 0 0 0 0 0 0 
0 0 0 0 0 0 0 0 0 0.833849 0 0 0 0 0 0 0 0 0 0 0 0 0 0 0 0 0 0 0 0 0 0 0 0.833849 0 0 0 0 0 0 0.833849 -8.4964 0 1.99828 0 1.99828 0 0 0 0 0 0 0 0 0 0 0 1.99828 0 0 0 0 0 0 
0 0 0 0 0 0 0 0 0 0 0.833849 0 0 0 0 0 0 0 0 0 0 0 0 0 0 0 0 0 0 0 0 0 0 0 0.833849 0 0 0 0 0 0.833849 0 -8.4964 1.99828 0 0 1.99828 0 0 0 0 0 0 0 0 0 0 0 1.99828 0 0 0 0 0 
0 0 0 0 0 0 0 0 0 0 0 0.833849 0 0 0 0 0 0 0 0 0 0 0 0 0 0 0 0 0 0 0 0 0 0 0 0.833849 0 0 0 0 0 0.833849 0.833849 -8.66415 0 0 0 2.66438 0 0 0 0 0 0 0 0 0 0 0 2.66438 0 0 0 0 
0 0 0 0 0 0 0 0 0 0 0 0 0.833849 0 0 0 0 0 0 0 0 0 0 0 0 0 0 0 0 0 0 0 0 0 0 0 0.833849 0 0 0 0.833849 0 0 0 -8.4964 1.99828 1.99828 0 0 0 0 0 0 0 0 0 0 0 0 0 1.99828 0 0 0 
0 0 0 0 0 0 0 0 0 0 0 0 0 0.833849 0 0 0 0 0 0 0 0 0 0 0 0 0 0 0 0 0 0 0 0 0 0 0 0.833849 0 0 0 0.833849 0 0 0.833849 -8.66415 0 2.66438 0 0 0 0 0 0 0 0 0 0 0 0 0 2.66438 0 0 
0 0 0 0 0 0 0 0 0 0 0 0 0 0 0.833849 0 0 0 0 0 0 0 0 0 0 0 0 0 0 0 0 0 0 0 0 0 0 0 0.833849 0 0 0 0.833849 0 0.833849 0 -8.66415 2.66438 0 0 0 0 0 0 0 0 0 0 0 0 0 0 2.66438 0 
0 0 0 0 0 0 0 0 0 0 0 0 0 0 0 0.833849 0 0 0 0 0 0 0 0 0 0 0 0 0 0 0 0 0 0 0 0 0 0 0 0.833849 0 0 0 0.833849 0 0.833849 0.833849 -7.49972 0 0 0 0 0 0 0 0 0 0 0 0 0 0 0 3.33047 
0 0 0 0 0 0 0 0 0 0 0 0 0 0 0 0 0.833849 0 0 0 0 0 0 0 0 0 0 0 0 0 0 0 0.833849 0 0 0 0 0 0 0 0 0 0 0 0 0 0 0 -6.99645 1.33219 1.33219 0 1.33219 0 0 0 1.33219 0 0 0 0 0 0 0 
0 0 0 0 0 0 0 0 0 0 0 0 0 0 0 0 0 0.833849 0 0 0 0 0 0 0 0 0 0 0 0 0 0 0 0.833849 0 0 0 0 0 0 0 0 0 0 0 0 0 0 0.833849 -8.4964 0 1.99828 0 1.99828 0 0 0 1.99828 0 0 0 0 0 0 
0 0 0 0 0 0 0 0 0 0 0 0 0 0 0 0 0 0 0.833849 0 0 0 0 0 0 0 0 0 0 0 0 0 0 0 0.833849 0 0 0 0 0 0 0 0 0 0 0 0 0 0.833849 0 -8.4964 1.99828 0 0 1.99828 0 0 0 1.99828 0 0 0 0 0 
0 0 0 0 0 0 0 0 0 0 0 0 0 0 0 0 0 0 0 0.833849 0 0 0 0 0 0 0 0 0 0 0 0 0 0 0 0.833849 0 0 0 0 0 0 0 0 0 0 0 0 0 0.833849 0.833849 -8.66415 0 0 0 2.66438 0 0 0 2.66438 0 0 0 0 
0 0 0 0 0 0 0 0 0 0 0 0 0 0 0 0 0 0 0 0 0.833849 0 0 0 0 0 0 0 0 0 0 0 0 0 0 0 0.833849 0 0 0 0 0 0 0 0 0 0 0 0.833849 0 0 0 -8.4964 1.99828 1.99828 0 0 0 0 0 1.99828 0 0 0 
0 0 0 0 0 0 0 0 0 0 0 0 0 0 0 0 0 0 0 0 0 0.833849 0 0 0 0 0 0 0 0 0 0 0 0 0 0 0 0.833849 0 0 0 0 0 0 0 0 0 0 0 0.833849 0 0 0.833849 -8.66415 0 2.66438 0 0 0 0 0 2.66438 0 0 
0 0 0 0 0 0 0 0 0 0 0 0 0 0 0 0 0 0 0 0 0 0 0.833849 0 0 0 0 0 0 0 0 0 0 0 0 0 0 0 0.833849 0 0 0 0 0 0 0 0 0 0 0 0.833849 0 0.833849 0 -8.66415 2.66438 0 0 0 0 0 0 2.66438 0 
0 0 0 0 0 0 0 0 0 0 0 0 0 0 0 0 0 0 0 0 0 0 0 0.833849 0 0 0 0 0 0 0 0 0 0 0 0 0 0 0 0.833849 0 0 0 0 0 0 0 0 0 0 0 0.833849 0 0.833849 0.833849 -7.49972 0 0 0 0 0 0 0 3.33047 
0 0 0 0 0 0 0 0 0 0 0 0 0 0 0 0 0 0 0 0 0 0 0 0 0.833849 0 0 0 0 0 0 0 0 0 0 0 0 0 0 0 0.833849 0 0 0 0 0 0 0 0.833849 0 0 0 0 0 0 0 -8.4964 1.99828 1.99828 0 1.99828 0 0 0 
0 0 0 0 0 0 0 0 0 0 0 0 0 0 0 0 0 0 0 0 0 0 0 0 0 0.833849 0 0 0 0 0 0 0 0 0 0 0 0 0 0 0 0.833849 0 0 0 0 0 0 0 0.833849 0 0 0 0 0 0 0.833849 -8.66415 0 2.66438 0 2.66438 0 0 
0 0 0 0 0 0 0 0 0 0 0 0 0 0 0 0 0 0 0 0 0 0 0 0 0 0 0.833849 0 0 0 0 0 0 0 0 0 0 0 0 0 0 0 0.833849 0 0 0 0 0 0 0 0.833849 0 0 0 0 0 0.833849 0 -8.66415 2.66438 0 0 2.66438 0 
0 0 0 0 0 0 0 0 0 0 0 0 0 0 0 0 0 0 0 0 0 0 0 0 0 0 0 0.833849 0 0 0 0 0 0 0 0 0 0 0 0 0 0 0 0.833849 0 0 0 0 0 0 0 0.833849 0 0 0 0 0 0.833849 0.833849 -7.49972 0 0 0 3.33047 
0 0 0 0 0 0 0 0 0 0 0 0 0 0 0 0 0 0 0 0 0 0 0 0 0 0 0 0 0.833849 0 0 0 0 0 0 0 0 0 0 0 0 0 0 0 0.833849 0 0 0 0 0 0 0 0.833849 0 0 0 0.833849 0 0 0 -8.66415 2.66438 2.66438 0 
0 0 0 0 0 0 0 0 0 0 0 0 0 0 0 0 0 0 0 0 0 0 0 0 0 0 0 0 0 0.833849 0 0 0 0 0 0 0 0 0 0 0 0 0 0 0 0.833849 0 0 0 0 0 0 0 0.833849 0 0 0 0.833849 0 0 0.833849 -7.49972 0 3.33047 
0 0 0 0 0 0 0 0 0 0 0 0 0 0 0 0 0 0 0 0 0 0 0 0 0 0 0 0 0 0 0.833849 0 0 0 0 0 0 0 0 0 0 0 0 0 0 0 0.833849 0 0 0 0 0 0 0 0.833849 0 0 0 0.833849 0 0.833849 0 -7.49972 3.33047 
0 0 0 0 0 0 0 0 0 0 0 0 0 0 0 0 0 0 0 0 0 0 0 0 0 0 0 0 0 0 0 0.833849 0 0 0 0 0 0 0 0 0 0 0 0 0 0 0 0.833849 0 0 0 0 0 0 0 0.833849 0 0 0 0.833849 0 0.833849 0.833849 -5.0031 
