64
-0 0 0 0 0 0 0 0 0 0 0 0 0 0 0 0 0 0 0 0 0 0 0 0 0 0 0 0 0 0 0 0 0 0 0 0 0 0 0 0 0 0 0 0 0 0 0 0 0 0 0 0 0 0 0 0 0 0 0 0 0 0 0 0 
0.360374 -1.82431 0 0.292788 0 0.292788 0 0 0 0.292788 0 0 0 0 0 0 0 0.292788 0 0 0 0 0 0 0 0 0 0 0 0 0 0 0 0.292788 0 0 0 0 0 0 0 0 0 0 0 0 0 0 0 0 0 0 0 0 0 0 0 0 0 0 0 0 0 0 
0.360374 0 -1.82431 0.292788 0 0 0.292788 0 0 0 0.292788 0 0 0 0 0 0 0 0.292788 0 0 0 0 0 0 0 0 0 0 0 0 0 0 0 0.292788 0 0 0 0 0 0 0 0 0 0 0 0 0 0 0 0 0 0 0 0 0 0 0 0 0 0 0 0 0 
0 0.360374 0.360374 -3.06305 0 0 0 0.585576 0 0 0 0.585576 0 0 0 0 0 0 0 0.585576 0 0 0 0 0 0 0 0 0 0 0 0 0 0 0 0.585576 0 0 0 0 0 0 0 0 0 0 0 0 0 0 0 0 0 0 0 0 0 0 0 0 0 0 0 0 
0.360374 0 0 0 -1.82431 0.292788 0.292788 0 0 0 0 0 0.292788 0 0 0 0 0 0 0 0.292788 0 0 0 0 0 0 0 0 0 0 0 0 0 0 0 0.292788 0 0 0 0 0 0 0 0 0 0 0 0 0 0 0 0 0 0 0 0 0 0 0 0 0 0 0 
0 0.360374 0 0 0.360374 -3.06305 0 0.585576 0 0 0 0 0 0.585576 0 0 0 0 0 0 0 0.585576 0 0 0 0 0 0 0 0 0 0 0 0 0 0 0 0.585576 0 0 0 0 0 0 0 0 0 0 0 0 0 0 0 0 0 0 0 0 0 0 0 0 0 0 
0 0 0.360374 0 0.360374 0 -3.06305 0.585576 0 0 0 0 0 0 0.585576 0 0 0 0 0 0 0 0.585576 0 0 0 0 0 0 0 0 0 0 0 0 0 0 0 0.585576 0 0 0 0 0 0 0 0 0 0 0 0 0 0 0 0 0 0 0 0 0 0 0 0 0 
0 0 0 0.360374 0 0.360374 0.360374 -3.71621 0 0 0 0 0 0 0 0.878365 0 0 0 0 0 0 0 0.878365 0 0 0 0 0 0 0 0 0 0 0 0 0 0 0 0.878365 0 0 0 0 0 0 0 0 0 0 0 0 0 0 0 0 0 0 0 0 0 0 0 0 
0.360374 0 0 0 0 0 0 0 -1.82431 0.292788 0.292788 0 0.292788 0 0 0 0 0 0 0 0 0 0 0 0.292788 0 0 0 0 0 0 0 0 0 0 0 0 0 0 0 0.292788 0 0 0 0 0 0 0 0 0 0 0 0 0 0 0 0 0 0 0 0 0 0 0 
0 0.360374 0 0 0 0 0 0 0.360374 -3.06305 0 0.585576 0 0.585576 0 0 0 0 0 0 0 0 0 0 0 0.585576 0 0 0 0 0 0 0 0 0 0 0 0 0 0 0 0.585576 0 0 0 0 0 0 0 0 0 0 0 0 0 0 0 0 0 0 0 0 0 0 
0 0 0.360374 0 0 0 0 0 0.360374 0 -3.06305 0.585576 0 0 0.585576 0 0 0 0 0 0 0 0 0 0 0 0.585576 0 0 0 0 0 0 0 0 0 0 0 0 0 0 0 0.585576 0 0 0 0 0 0 0 0 0 0 0 0 0 0 0 0 0 0 0 0 0 
0 0 0 0.360374 0 0 0 0 0 0.360374 0.360374 -3.71621 0 0 0 0.878365 0 0 0 0 0 0 0 0 0 0 0 0.878365 0 0 0 0 0 0 0 0 0 0 0 0 0 0 0 0.878365 0 0 0 0 0 0 0 0 0 0 0 0 0 0 0 0 0 0 0 0 
0 0 0 0 0.360374 0 0 0 0.360374 0 0 0 -3.06305 0.585576 0.585576 0 0 0 0 0 0 0 0 0 0 0 0 0 0.585576 0 0 0 0 0 0 0 0 0 0 0 0 0 0 0 0.585576 0 0 0 0 0 0 0 0 0 0 0 0 0 0 0 0 0 0 0 
0 0 0 0 0 0.360374 0 0 0 0.360374 0 0 0.360374 -3.71621 0 0.878365 0 0 0 0 0 0 0 0 0 0 0 0 0 0.878365 0 0 0 0 0 0 0 0 0 0 0 0 0 0 0 0.878365 0 0 0 0 0 0 0 0 0 0 0 0 0 0 0 0 0 0 
0 0 0 0 0 0 0.360374 0 0 0 0.360374 0 0.360374 0 -3.71621 0.878365 0 0 0 0 0 0 0 0 0 0 0 0 0 0 0.878365 0 0 0 0 0 0 0 0 0 0 0 0 0 0 0 0.878365 0 0 0 0 0 0 0 0 0 0 0 0 0 0 0 0 0 
0 0 0 0 0 0 0 0.360374 0 0 0 0.360374 0 0.360374 0.360374 -3.7838 0 0 0 0 0 0 0 0 0 0 0 0 0 0 0 1.17115 0 0 0 0 0 0 0 0 0 0 0 0 0 0 0 1.17115 0 0 0 0 0 0 0 0 0 0 0 0 0 0 0 0 
0.360374 0 0 0 0 0 0 0 0 0 0 0 0 0 0 0 -1.82431 0.292788 0.292788 0 0.292788 0 0 0 0.292788 0 0 0 0 0 0 0 0 0 0 0 0 0 0 0 0 0 0 0 0 0 0 0 0.292788 0 0 0 0 0 0 0 0 0 0 0 0 0 0 0 
0 0.360374 0 0 0 0 0 0 0 0 0 0 0 0 0 0 0.360374 -3.06305 0 0.585576 0 0.585576 0 0 0 0.585576 0 0 0 0 0 0 0 0 0 0 0 0 0 0 0 0 0 0 0 0 0 0 0 0.585576 0 0 0 0 0 0 0 0 0 0 0 0 0 0 
0 0 0.360374 0 0 0 0 0 0 0 0 0 0 0 0 0 0.360374 0 -3.06305 0.585576 0 0 0.585576 0 0 0 0.585576 0 0 0 0 0 0 0 0 0 0 0 0 0 0 0 0 0 0 0 0 0 0 0 0.585576 0 0 0 0 0 0 0 0 0 0 0 0 0 
0 0 0 0.360374 0 0 0 0 0 0 0 0 0 0 0 0 0 0.360374 0.360374 -3.71621 0 0 0 0.878365 0 0 0 0.878365 0 0 0 0 0 0 0 0 0 0 0 0 0 0 0 0 0 0 0 0 0 0 0 0.878365 0 0 0 0 0 0 0 0 0 0 0 0 
0 0 0 0 0.360374 0 0 0 0 0 0 0 0 0 0 0 0.360374 0 0 0 -3.06305 0.585576 0.585576 0 0 0 0 0 0.585576 0 0 0 0 0 0 0 0 0 0 0 0 0 0 0 0 0 0 0 0 0 0 0 0.585576 0 0 0 0 0 0 0 0 0 0 0 
0 0 0 0 0 0.360374 0 0 0 0 0 0 0 0 0 0 0 0.360374 0 0 0.360374 -3.71621 0 0.878365 0 0 0 0 0 0.878365 0 0 0 0 0 0 0 0 0 0 0 0 0 0 0 0 0 0 0 0 0 0 0 0.878365 0 0 0 0 0 0 0 0 0 0 
0 0 0 0 0 0 0.360374 0 0 0 0 0 0 0 0 0 0 0 0.360374 0 0.360374 0 -3.71621 0.878365 0 0 0 0 0 0 0.878365 0 0 0 0 0 0 0 0 0 0 0 0 0 0 0 0 0 0 0 0 0 0 0 0.878365 0 0 0 0 0 0 0 0 0 
0 0 0 0 0 0 0 0.360374 0 0 0 0 0 0 0 0 0 0 0 0.360374 0 0.360374 0.360374 -3.7838 0 0 0 0 0 0 0 1.17115 0 0 0 0 0 0 0 0 0 0 0 0 0 0 0 0 0 0 0 0 0 0 0 1.17115 0 0 0 0 0 0 0 0 
0 0 0 0 0 0 0 0 0.360374 0 0 0 0 0 0 0 0.360374 0 0 0 0 0 0 0 -3.06305 0.585576 0.585576 0 0.585576 0 0 0 0 0 0 0 0 0 0 0 0 0 0 0 0 0 0 0 0 0 0 0 0 0 0 0 0.585576 0 0 0 0 0 0 0 
0 0 0 0 0 0 0 0 0 0.360374 0 0 0 0 0 0 0 0.360374 0 0 0 0 0 0 0.360374 -3.71621 0 0.878365 0 0.878365 0 0 0 0 0 0 0 0 0 0 0 0 0 0 0 0 0 0 0 0 0 0 0 0 0 0 0 0.878365 0 0 0 0 0 0 
0 0 0 0 0 0 0 0 0 0 0.360374 0 0 0 0 0 0 0 0.360374 0 0 0 0 0 0.360374 0 -3.71621 0.878365 0 0 0.878365 0 0 0 0 0 0 0 0 0 0 0 0 0 0 0 0 0 0 0 0 0 0 0 0 0 0 0 0.878365 0 0 0 0 0 
0 0 0 0 0 0 0 0 0 0 0 0.360374 0 0 0 0 0 0 0 0.360374 0 0 0 0 0 0.360374 0.360374 -3.7838 0 0 0 1.17115 0 0 0 0 0 0 0 0 0 0 0 0 0 0 0 0 0 0 0 0 0 0 0 0 0 0 0 1.17115 0 0 0 0 
0 0 0 0 0 0 0 0 0 0 0 0 0.360374 0 0 0 0 0 0 0 0.360374 0 0 0 0.360374 0 0 0 -3.71621 0.878365 0.878365 0 0 0 0 0 0 0 0 0 0 0 0 0 0 0 0 0 0 0 0 0 0 0 0 0 0 0 0 0 0.878365 0 0 0 
0 0 0 0 0 0 0 0 0 0 0 0 0 0.360374 0 0 0 0 0 0 0 0.360374 0 0 0 0.360374 0 0 0.360374 -3.7838 0 1.17115 0 0 0 0 0 0 0 0 0 0 0 0 0 0 0 0 0 0 0 0 0 0 0 0 0 0 0 0 0 1.17115 0 0 
0 0 0 0 0 0 0 0 0 0 0 0 0 0 0.360374 0 0 0 0 0 0 0 0.360374 0 0 0 0.360374 0 0.360374 0 -3.7838 1.17115 0 0 0 0 0 0 0 0 0 0 0 0 0 0 0 0 0 0 0 0 0 0 0 0 0 0 0 0 0 0 1.17115 0 
0 0 0 0 0 0 0 0 0 0 0 0 0 0 0 0.360374 0 0 0 0 0 0 0 0.360374 0 0 0 0.360374 0 0.360374 0.360374 -3.26581 0 0 0 0 0 0 0 0 0 0 0 0 0 0 0 0 0 0 0 0 0 0 0 0 0 0 0 0 0 0 0 1.46394 
0.360374 0 0 0 0 0 0 0 0 0 0 0 0 0 0 0 0 0 0 0 0 0 0 0 0 0 0 0 0 0 0 0 -1.82431 0.292788 0.292788 0 0.292788 0 0 0 0.292788 0 0 0 0 0 0 0 0.292788 0 0 0 0 0 0 0 0 0 0 0 0 0 0 0 
0 0.360374 0 0 0 0 0 0 0 0 0 0 0 0 0 0 0 0 0 0 0 0 0 0 0 0 0 0 0 0 0 0 0.360374 -3.06305 0 0.585576 0 0.585576 0 0 0 0.585576 0 0 0 0 0 0 0 0.585576 0 0 0 0 0 0 0 0 0 0 0 0 0 0 
0 0 0.360374 0 0 0 0 0 0 0 0 0 0 0 0 0 0 0 0 0 0 0 0 0 0 0 0 0 0 0 0 0 0.360374 0 -3.06305 0.585576 0 0 0.585576 0 0 0 0.585576 0 0 0 0 0 0 0 0.585576 0 0 0 0 0 0 0 0 0 0 0 0 0 
0 0 0 0.360374 0 0 0 0 0 0 0 0 0 0 0 0 0 0 0 0 0 0 0 0 0 0 0 0 0 0 0 0 0 0.360374 0.360374 -3.71621 0 0 0 0.878365 0 0 0 0.878365 0 0 0 0 0 0 0 0.878365 0 0 0 0 0 0 0 0 0 0 0 0 
0 0 0 0 0.360374 0 0 0 0 0 0 0 0 0 0 0 0 0 0 0 0 0 0 0 0 0 0 0 0 0 0 0 0.360374 0 0 0 -3.06305 0.585576 0.585576 0 0 0 0 0 0.585576 0 0 0 0 0 0 0 0.585576 0 0 0 0 0 0 0 0 0 0 0 
0 0 0 0 0 0.360374 0 0 0 0 0 0 0 0 0 0 0 0 0 0 0 0 0 0 0 0 0 0 0 0 0 0 0 0.360374 0 0 0.360374 -3.71621 0 0.878365 0 0 0 0 0 0.878365 0 0 0 0 0 0 0 0.878365 0 0 0 0 0 0 0 0 0 0 
0 0 0 0 0 0 0.360374 0 0 0 0 0 0 0 0 0 0 0 0 0 0 0 0 0 0 0 0 0 0 0 0 0 0 0 0.360374 0 0.360374 0 -3.71621 0.878365 0 0 0 0 0 0 0.878365 0 0 0 0 0 0 0 0.878365 0 0 0 0 0 0 0 0 0 
0 0 0 0 0 0 0 0.360374 0 0 0 0 0 0 0 0 0 0 0 0 0 0 0 0 0 0 0 0 0 0 0 0 0 0 0 0.360374 0 0.360374 0.360374 -3.7838 0 0 0 0 0 0 0 1.17115 0 0 0 0 0 0 0 1.17115 0 0 0 0 0 0 0 0 
0 0 0 0 0 0 0 0 0.360374 0 0 0 0 0 0 0 0 0 0 0 0 0 0 0 0 0 0 0 0 0 0 0 0.360374 0 0 0 0 0 0 0 -3.06305 0.585576 0.585576 0 0.585576 0 0 0 0 0 0 0 0 0 0 0 0.585576 0 0 0 0 0 0 0 
0 0 0 0 0 0 0 0 0 0.360374 0 0 0 0 0 0 0 0 0 0 0 0 0 0 0 0 0 0 0 0 0 0 0 0.360374 0 0 0 0 0 0 0.360374 -3.71621 0 0.878365 0 0.878365 0 0 0 0 0 0 0 0 0 0 0 0.878365 0 0 0 0 0 0 
0 0 0 0 0 0 0 0 0 0 0.360374 0 0 0 0 0 0 0 0 0 0 0 0 0 0 0 0 0 0 0 0 0 0 0 0.360374 0 0 0 0 0 0.360374 0 -3.71621 0.878365 0 0 0.878365 0 0 0 0 0 0 0 0 0 0 0 0.878365 0 0 0 0 0 
0 0 0 0 0 0 0 0 0 0 0 0.360374 0 0 0 0 0 0 0 0 0 0 0 0 0 0 0 0 0 0 0 0 0 0 0 0.360374 0 0 0 0 0 0.360374 0.360374 -3.7838 0 0 0 1.17115 0 0 0 0 0 0 0 0 0 0 0 1.17115 0 0 0 0 
0 0 0 0 0 0 0 0 0 0 0 0 0.360374 0 0 0 0 0 0 0 0 0 0 0 0 0 0 0 0 0 0 0 0 0 0 0 0.360374 0 0 0 0.360374 0 0 0 -3.71621 0.878365 0.878365 0 0 0 0 0 0 0 0 0 0 0 0 0 0.878365 0 0 0 
0 0 0 0 0 0 0 0 0 0 0 0 0 0.360374 0 0 0 0 0 0 0 0 0 0 0 0 0 0 0 0 0 0 0 0 0 0 0 0.360374 0 0 0 0.360374 0 0 0.360374 -3.7838 0 1.17115 0 0 0 0 0 0 0 0 0 0 0 0 0 1.17115 0 0 
0 0 0 0 0 0 0 0 0 0 0 0 0 0 0.360374 0 0 0 0 0 0 0 0 0 0 0 0 0 0 0 0 0 0 0 0 0 0 0 0.360374 0 0 0 0.360374 0 0.360374 0 -3.7838 1.17115 0 0 0 0 0 0 0 0 0 0 0 0 0 0 1.17115 0 
0 0 0 0 0 0 0 0 0 0 0 0 0 0 0 0.360374 0 0 0 0 0 0 0 0 0 0 0 0 0 0 0 0 0 0 0 0 0 0 0 0.360374 0 0 0 0.360374 0 0.360374 0.360374 -3.26581 0 0 0 0 0 0 0 0 0 0 0 0 0 0 0 1.46394 
0 0 0 0 0 0 0 0 0 0 0 0 0 0 0 0 0.360374 0 0 0 0 0 0 0 0 0 0 0 0 0 0 0 0.360374 0 0 0 0 0 0 0 0 0 0 0 0 0 0 0 -3.06305 0.585576 0.585576 0 0.585576 0 0 0 0.585576 0 0 0 0 0 0 0 
0 0 0 0 0 0 0 0 0 0 0 0 0 0 0 0 0 0.360374 0 0 0 0 0 0 0 0 0 0 0 0 0 0 0 0.360374 0 0 0 0 0 0 0 0 0 0 0 0 0 0 0.360374 -3.71621 0 0.878365 0 0.878365 0 0 0 0.878365 0 0 0 0 0 0 
0 0 0 0 0 0 0 0 0 0 0 0 0 0 0 0 0 0 0.360374 0 0 0 0 0 0 0 0 0 0 0 0 0 0 0 0.360374 0 0 0 0 0 0 0 0 0 0 0 0 0 0.360374 0 -3.71621 0.878365 0 0 0.878365 0 0 0 0.878365 0 0 0 0 0 
0 0 0 0 0 0 0 0 0 0 0 0 0 0 0 0 0 0 0 0.360374 0 0 0 0 0 0 0 0 0 0 0 0 0 0 0 0.360374 0 0 0 0 0 0 0 0 0 0 0 0 0 0.360374 0.360374 -3.7838 0 0 0 1.17115 0 0 0 1.17115 0 0 0 0 
0 0 0 0 0 0 0 0 0 0 0 0 0 0 0 0 0 0 0 0 0.360374 0 0 0 0 0 0 0 0 0 0 0 0 0 0 0 0.360374 0 0 0 0 0 0 0 0 0 0 0 0.360374 0 0 0 -3.71621 0.878365 0.878365 0 0 0 0 0 0.878365 0 0 0 
0 0 0 0 0 0 0 0 0 0 0 0 0 0 0 0 0 0 0 0 0 0.360374 0 0 0 0 0 0 0 0 0 0 0 0 0 0 0 0.360374 0 0 0 0 0 0 0 0 0 0 0 0.360374 0 0 0.360374 -3.7838 0 1.17115 0 0 0 0 0 1.17115 0 0 
0 0 0 0 0 0 0 0 0 0 0 0 0 0 0 0 0 0 0 0 0 0 0.360374 0 0 0 0 0 0 0 0 0 0 0 0 0 0 0 0.360374 0 0 0 0 0 0 0 0 0 0 0 0.360374 0 0.360374 0 -3.7838 1.17115 0 0 0 0 0 0 1.17115 0 
0 0 0 0 0 0 0 0 0 0 0 0 0 0 0 0 0 0 0 0 0 0 0 0.360374 0 0 0 0 0 0 0 0 0 0 0 0 0 0 0 0.360374 0 0 0 0 0 0 0 0 0 0 0 0.360374 0 0.360374 0.360374 -3.26581 0 0 0 0 0 0 0 1.46394 
0 0 0 0 0 0 0 0 0 0 0 0 0 0 0 0 0 0 0 0 0 0 0 0 0.360374 0 0 0 0 0 0 0 0 0 0 0 0 0 0 0 0.360374 0 0 0 0 0 0 0 0.360374 0 0 0 0 0 0 0 -3.71621 0.878365 0.878365 0 0.878365 0 0 0 
0 0 0 0 0 0 0 0 0 0 0 0 0 0 0 0 0 0 0 0 0 0 0 0 0 0.360374 0 0 0 0 0 0 0 0 0 0 0 0 0 0 0 0.360374 0 0 0 0 0 0 0 0.360374 0 0 0 0 0 0 0.360374 -3.7838 0 1.17115 0 1.17115 0 0 
0 0 0 0 0 0 0 0 0 0 0 0 0 0 0 0 0 0 0 0 0 0 0 0 0 0 0.360374 0 0 0 0 0 0 0 0 0 0 0 0 0 0 0 0.360374 0 0 0 0 0 0 0 0.360374 0 0 0 0 0 0.360374 0 -3.7838 1.17115 0 0 1.17115 0 
0 0 0 0 0 0 0 0 0 0 0 0 0 0 0 0 0 0 0 0 0 0 0 0 0 0 0 0.360374 0 0 0 0 0 0 0 0 0 0 0 0 0 0 0 0.360374 0 0 0 0 0 0 0 0.360374 0 0 0 0 0 0.360374 0.360374 -3.26581 0 0 0 1.46394 
0 0 0 0 0 0 0 0 0 0 0 0 0 0 0 0 0 0 0 0 0 0 0 0 0 0 0 0 0.360374 0 0 0 0 0 0 0 0 0 0 0 0 0 0 0 0.360374 0 0 0 0 0 0 0 0.360374 0 0 0 0.360374 0 0 0 -3.7838 1.17115 1.17115 0 
0 0 0 0 0 0 0 0 0 0 0 0 0 0 0 0 0 0 0 0 0 0 0 0 0 0 0 0 0 0.360374 0 0 0 0 0 0 0 0 0 0 0 0 0 0 0 0.360374 0 0 0 0 0 0 0 0.360374 0 0 0 0.360374 0 0 0.360374 -3.26581 0 1.46394 
0 0 0 0 0 0 0 0 0 0 0 0 0 0 0 0 0 0 0 0 0 0 0 0 0 0 0 0 0 0 0.360374 0 0 0 0 0 0 0 0 0 0 0 0 0 0 0 0.360374 0 0 0 0 0 0 0 0.360374 0 0 0 0.360374 0 0.360374 0 -3.26581 1.46394 
0 0 0 0 0 0 0 0 0 0 0 0 0 0 0 0 0 0 0 0 0 0 0 0 0 0 0 0 0 0 0 0.360374 0 0 0 0 0 0 0 0 0 0 0 0 0 0 0 0.360374 0 0 0 0 0 0 0 0.360374 0 0 0 0.360374 0 0.360374 0.360374 -2.16224 
