64
-0 0 0 0 0 0 0 0 0 0 0 0 0 0 0 0 0 0 0 0 0 0 0 0 0 0 0 0 0 0 0 0 0 0 0 0 0 0 0 0 0 0 0 0 0 0 0 0 0 0 0 0 0 0 0 0 0 0 0 0 0 0 0 0 
0.340605 -1.7513 0 0.282138 0 0.282138 0 0 0 0.282138 0 0 0 0 0 0 0 0.282138 0 0 0 0 0 0 0 0 0 0 0 0 0 0 0 0.282138 0 0 0 0 0 0 0 0 0 0 0 0 0 0 0 0 0 0 0 0 0 0 0 0 0 0 0 0 0 0 
0.340605 0 -1.7513 0.282138 0 0 0.282138 0 0 0 0.282138 0 0 0 0 0 0 0 0.282138 0 0 0 0 0 0 0 0 0 0 0 0 0 0 0 0.282138 0 0 0 0 0 0 0 0 0 0 0 0 0 0 0 0 0 0 0 0 0 0 0 0 0 0 0 0 0 
0 0.340605 0.340605 -2.93832 0 0 0 0.564276 0 0 0 0.564276 0 0 0 0 0 0 0 0.564276 0 0 0 0 0 0 0 0 0 0 0 0 0 0 0 0.564276 0 0 0 0 0 0 0 0 0 0 0 0 0 0 0 0 0 0 0 0 0 0 0 0 0 0 0 0 
0.340605 0 0 0 -1.7513 0.282138 0.282138 0 0 0 0 0 0.282138 0 0 0 0 0 0 0 0.282138 0 0 0 0 0 0 0 0 0 0 0 0 0 0 0 0.282138 0 0 0 0 0 0 0 0 0 0 0 0 0 0 0 0 0 0 0 0 0 0 0 0 0 0 0 
0 0.340605 0 0 0.340605 -2.93832 0 0.564276 0 0 0 0 0 0.564276 0 0 0 0 0 0 0 0.564276 0 0 0 0 0 0 0 0 0 0 0 0 0 0 0 0.564276 0 0 0 0 0 0 0 0 0 0 0 0 0 0 0 0 0 0 0 0 0 0 0 0 0 0 
0 0 0.340605 0 0.340605 0 -2.93832 0.564276 0 0 0 0 0 0 0.564276 0 0 0 0 0 0 0 0.564276 0 0 0 0 0 0 0 0 0 0 0 0 0 0 0 0.564276 0 0 0 0 0 0 0 0 0 0 0 0 0 0 0 0 0 0 0 0 0 0 0 0 0 
0 0 0 0.340605 0 0.340605 0.340605 -3.56106 0 0 0 0 0 0 0 0.846415 0 0 0 0 0 0 0 0.846415 0 0 0 0 0 0 0 0 0 0 0 0 0 0 0 0.846415 0 0 0 0 0 0 0 0 0 0 0 0 0 0 0 0 0 0 0 0 0 0 0 0 
0.340605 0 0 0 0 0 0 0 -1.7513 0.282138 0.282138 0 0.282138 0 0 0 0 0 0 0 0 0 0 0 0.282138 0 0 0 0 0 0 0 0 0 0 0 0 0 0 0 0.282138 0 0 0 0 0 0 0 0 0 0 0 0 0 0 0 0 0 0 0 0 0 0 0 
0 0.340605 0 0 0 0 0 0 0.340605 -2.93832 0 0.564276 0 0.564276 0 0 0 0 0 0 0 0 0 0 0 0.564276 0 0 0 0 0 0 0 0 0 0 0 0 0 0 0 0.564276 0 0 0 0 0 0 0 0 0 0 0 0 0 0 0 0 0 0 0 0 0 0 
0 0 0.340605 0 0 0 0 0 0.340605 0 -2.93832 0.564276 0 0 0.564276 0 0 0 0 0 0 0 0 0 0 0 0.564276 0 0 0 0 0 0 0 0 0 0 0 0 0 0 0 0.564276 0 0 0 0 0 0 0 0 0 0 0 0 0 0 0 0 0 0 0 0 0 
0 0 0 0.340605 0 0 0 0 0 0.340605 0.340605 -3.56106 0 0 0 0.846415 0 0 0 0 0 0 0 0 0 0 0 0.846415 0 0 0 0 0 0 0 0 0 0 0 0 0 0 0 0.846415 0 0 0 0 0 0 0 0 0 0 0 0 0 0 0 0 0 0 0 0 
0 0 0 0 0.340605 0 0 0 0.340605 0 0 0 -2.93832 0.564276 0.564276 0 0 0 0 0 0 0 0 0 0 0 0 0 0.564276 0 0 0 0 0 0 0 0 0 0 0 0 0 0 0 0.564276 0 0 0 0 0 0 0 0 0 0 0 0 0 0 0 0 0 0 0 
0 0 0 0 0 0.340605 0 0 0 0.340605 0 0 0.340605 -3.56106 0 0.846415 0 0 0 0 0 0 0 0 0 0 0 0 0 0.846415 0 0 0 0 0 0 0 0 0 0 0 0 0 0 0 0.846415 0 0 0 0 0 0 0 0 0 0 0 0 0 0 0 0 0 0 
0 0 0 0 0 0 0.340605 0 0 0 0.340605 0 0.340605 0 -3.56106 0.846415 0 0 0 0 0 0 0 0 0 0 0 0 0 0 0.846415 0 0 0 0 0 0 0 0 0 0 0 0 0 0 0 0.846415 0 0 0 0 0 0 0 0 0 0 0 0 0 0 0 0 0 
0 0 0 0 0 0 0 0.340605 0 0 0 0.340605 0 0.340605 0.340605 -3.61953 0 0 0 0 0 0 0 0 0 0 0 0 0 0 0 1.12855 0 0 0 0 0 0 0 0 0 0 0 0 0 0 0 1.12855 0 0 0 0 0 0 0 0 0 0 0 0 0 0 0 0 
0.340605 0 0 0 0 0 0 0 0 0 0 0 0 0 0 0 -1.7513 0.282138 0.282138 0 0.282138 0 0 0 0.282138 0 0 0 0 0 0 0 0 0 0 0 0 0 0 0 0 0 0 0 0 0 0 0 0.282138 0 0 0 0 0 0 0 0 0 0 0 0 0 0 0 
0 0.340605 0 0 0 0 0 0 0 0 0 0 0 0 0 0 0.340605 -2.93832 0 0.564276 0 0.564276 0 0 0 0.564276 0 0 0 0 0 0 0 0 0 0 0 0 0 0 0 0 0 0 0 0 0 0 0 0.564276 0 0 0 0 0 0 0 0 0 0 0 0 0 0 
0 0 0.340605 0 0 0 0 0 0 0 0 0 0 0 0 0 0.340605 0 -2.93832 0.564276 0 0 0.564276 0 0 0 0.564276 0 0 0 0 0 0 0 0 0 0 0 0 0 0 0 0 0 0 0 0 0 0 0 0.564276 0 0 0 0 0 0 0 0 0 0 0 0 0 
0 0 0 0.340605 0 0 0 0 0 0 0 0 0 0 0 0 0 0.340605 0.340605 -3.56106 0 0 0 0.846415 0 0 0 0.846415 0 0 0 0 0 0 0 0 0 0 0 0 0 0 0 0 0 0 0 0 0 0 0 0.846415 0 0 0 0 0 0 0 0 0 0 0 0 
0 0 0 0 0.340605 0 0 0 0 0 0 0 0 0 0 0 0.340605 0 0 0 -2.93832 0.564276 0.564276 0 0 0 0 0 0.564276 0 0 0 0 0 0 0 0 0 0 0 0 0 0 0 0 0 0 0 0 0 0 0 0.564276 0 0 0 0 0 0 0 0 0 0 0 
0 0 0 0 0 0.340605 0 0 0 0 0 0 0 0 0 0 0 0.340605 0 0 0.340605 -3.56106 0 0.846415 0 0 0 0 0 0.846415 0 0 0 0 0 0 0 0 0 0 0 0 0 0 0 0 0 0 0 0 0 0 0 0.846415 0 0 0 0 0 0 0 0 0 0 
0 0 0 0 0 0 0.340605 0 0 0 0 0 0 0 0 0 0 0 0.340605 0 0.340605 0 -3.56106 0.846415 0 0 0 0 0 0 0.846415 0 0 0 0 0 0 0 0 0 0 0 0 0 0 0 0 0 0 0 0 0 0 0 0.846415 0 0 0 0 0 0 0 0 0 
0 0 0 0 0 0 0 0.340605 0 0 0 0 0 0 0 0 0 0 0 0.340605 0 0.340605 0.340605 -3.61953 0 0 0 0 0 0 0 1.12855 0 0 0 0 0 0 0 0 0 0 0 0 0 0 0 0 0 0 0 0 0 0 0 1.12855 0 0 0 0 0 0 0 0 
0 0 0 0 0 0 0 0 0.340605 0 0 0 0 0 0 0 0.340605 0 0 0 0 0 0 0 -2.93832 0.564276 0.564276 0 0.564276 0 0 0 0 0 0 0 0 0 0 0 0 0 0 0 0 0 0 0 0 0 0 0 0 0 0 0 0.564276 0 0 0 0 0 0 0 
0 0 0 0 0 0 0 0 0 0.340605 0 0 0 0 0 0 0 0.340605 0 0 0 0 0 0 0.340605 -3.56106 0 0.846415 0 0.846415 0 0 0 0 0 0 0 0 0 0 0 0 0 0 0 0 0 0 0 0 0 0 0 0 0 0 0 0.846415 0 0 0 0 0 0 
0 0 0 0 0 0 0 0 0 0 0.340605 0 0 0 0 0 0 0 0.340605 0 0 0 0 0 0.340605 0 -3.56106 0.846415 0 0 0.846415 0 0 0 0 0 0 0 0 0 0 0 0 0 0 0 0 0 0 0 0 0 0 0 0 0 0 0 0.846415 0 0 0 0 0 
0 0 0 0 0 0 0 0 0 0 0 0.340605 0 0 0 0 0 0 0 0.340605 0 0 0 0 0 0.340605 0.340605 -3.61953 0 0 0 1.12855 0 0 0 0 0 0 0 0 0 0 0 0 0 0 0 0 0 0 0 0 0 0 0 0 0 0 0 1.12855 0 0 0 0 
0 0 0 0 0 0 0 0 0 0 0 0 0.340605 0 0 0 0 0 0 0 0.340605 0 0 0 0.340605 0 0 0 -3.56106 0.846415 0.846415 0 0 0 0 0 0 0 0 0 0 0 0 0 0 0 0 0 0 0 0 0 0 0 0 0 0 0 0 0 0.846415 0 0 0 
0 0 0 0 0 0 0 0 0 0 0 0 0 0.340605 0 0 0 0 0 0 0 0.340605 0 0 0 0.340605 0 0 0.340605 -3.61953 0 1.12855 0 0 0 0 0 0 0 0 0 0 0 0 0 0 0 0 0 0 0 0 0 0 0 0 0 0 0 0 0 1.12855 0 0 
0 0 0 0 0 0 0 0 0 0 0 0 0 0 0.340605 0 0 0 0 0 0 0 0.340605 0 0 0 0.340605 0 0.340605 0 -3.61953 1.12855 0 0 0 0 0 0 0 0 0 0 0 0 0 0 0 0 0 0 0 0 0 0 0 0 0 0 0 0 0 0 1.12855 0 
0 0 0 0 0 0 0 0 0 0 0 0 0 0 0 0.340605 0 0 0 0 0 0 0 0.340605 0 0 0 0.340605 0 0.340605 0.340605 -3.11372 0 0 0 0 0 0 0 0 0 0 0 0 0 0 0 0 0 0 0 0 0 0 0 0 0 0 0 0 0 0 0 1.41069 
0.340605 0 0 0 0 0 0 0 0 0 0 0 0 0 0 0 0 0 0 0 0 0 0 0 0 0 0 0 0 0 0 0 -1.7513 0.282138 0.282138 0 0.282138 0 0 0 0.282138 0 0 0 0 0 0 0 0.282138 0 0 0 0 0 0 0 0 0 0 0 0 0 0 0 
0 0.340605 0 0 0 0 0 0 0 0 0 0 0 0 0 0 0 0 0 0 0 0 0 0 0 0 0 0 0 0 0 0 0.340605 -2.93832 0 0.564276 0 0.564276 0 0 0 0.564276 0 0 0 0 0 0 0 0.564276 0 0 0 0 0 0 0 0 0 0 0 0 0 0 
0 0 0.340605 0 0 0 0 0 0 0 0 0 0 0 0 0 0 0 0 0 0 0 0 0 0 0 0 0 0 0 0 0 0.340605 0 -2.93832 0.564276 0 0 0.564276 0 0 0 0.564276 0 0 0 0 0 0 0 0.564276 0 0 0 0 0 0 0 0 0 0 0 0 0 
0 0 0 0.340605 0 0 0 0 0 0 0 0 0 0 0 0 0 0 0 0 0 0 0 0 0 0 0 0 0 0 0 0 0 0.340605 0.340605 -3.56106 0 0 0 0.846415 0 0 0 0.846415 0 0 0 0 0 0 0 0.846415 0 0 0 0 0 0 0 0 0 0 0 0 
0 0 0 0 0.340605 0 0 0 0 0 0 0 0 0 0 0 0 0 0 0 0 0 0 0 0 0 0 0 0 0 0 0 0.340605 0 0 0 -2.93832 0.564276 0.564276 0 0 0 0 0 0.564276 0 0 0 0 0 0 0 0.564276 0 0 0 0 0 0 0 0 0 0 0 
0 0 0 0 0 0.340605 0 0 0 0 0 0 0 0 0 0 0 0 0 0 0 0 0 0 0 0 0 0 0 0 0 0 0 0.340605 0 0 0.340605 -3.56106 0 0.846415 0 0 0 0 0 0.846415 0 0 0 0 0 0 0 0.846415 0 0 0 0 0 0 0 0 0 0 
0 0 0 0 0 0 0.340605 0 0 0 0 0 0 0 0 0 0 0 0 0 0 0 0 0 0 0 0 0 0 0 0 0 0 0 0.340605 0 0.340605 0 -3.56106 0.846415 0 0 0 0 0 0 0.846415 0 0 0 0 0 0 0 0.846415 0 0 0 0 0 0 0 0 0 
0 0 0 0 0 0 0 0.340605 0 0 0 0 0 0 0 0 0 0 0 0 0 0 0 0 0 0 0 0 0 0 0 0 0 0 0 0.340605 0 0.340605 0.340605 -3.61953 0 0 0 0 0 0 0 1.12855 0 0 0 0 0 0 0 1.12855 0 0 0 0 0 0 0 0 
0 0 0 0 0 0 0 0 0.340605 0 0 0 0 0 0 0 0 0 0 0 0 0 0 0 0 0 0 0 0 0 0 0 0.340605 0 0 0 0 0 0 0 -2.93832 0.564276 0.564276 0 0.564276 0 0 0 0 0 0 0 0 0 0 0 0.564276 0 0 0 0 0 0 0 
0 0 0 0 0 0 0 0 0 0.340605 0 0 0 0 0 0 0 0 0 0 0 0 0 0 0 0 0 0 0 0 0 0 0 0.340605 0 0 0 0 0 0 0.340605 -3.56106 0 0.846415 0 0.846415 0 0 0 0 0 0 0 0 0 0 0 0.846415 0 0 0 0 0 0 
0 0 0 0 0 0 0 0 0 0 0.340605 0 0 0 0 0 0 0 0 0 0 0 0 0 0 0 0 0 0 0 0 0 0 0 0.340605 0 0 0 0 0 0.340605 0 -3.56106 0.846415 0 0 0.846415 0 0 0 0 0 0 0 0 0 0 0 0.846415 0 0 0 0 0 
0 0 0 0 0 0 0 0 0 0 0 0.340605 0 0 0 0 0 0 0 0 0 0 0 0 0 0 0 0 0 0 0 0 0 0 0 0.340605 0 0 0 0 0 0.340605 0.340605 -3.61953 0 0 0 1.12855 0 0 0 0 0 0 0 0 0 0 0 1.12855 0 0 0 0 
0 0 0 0 0 0 0 0 0 0 0 0 0.340605 0 0 0 0 0 0 0 0 0 0 0 0 0 0 0 0 0 0 0 0 0 0 0 0.340605 0 0 0 0.340605 0 0 0 -3.56106 0.846415 0.846415 0 0 0 0 0 0 0 0 0 0 0 0 0 0.846415 0 0 0 
0 0 0 0 0 0 0 0 0 0 0 0 0 0.340605 0 0 0 0 0 0 0 0 0 0 0 0 0 0 0 0 0 0 0 0 0 0 0 0.340605 0 0 0 0.340605 0 0 0.340605 -3.61953 0 1.12855 0 0 0 0 0 0 0 0 0 0 0 0 0 1.12855 0 0 
0 0 0 0 0 0 0 0 0 0 0 0 0 0 0.340605 0 0 0 0 0 0 0 0 0 0 0 0 0 0 0 0 0 0 0 0 0 0 0 0.340605 0 0 0 0.340605 0 0.340605 0 -3.61953 1.12855 0 0 0 0 0 0 0 0 0 0 0 0 0 0 1.12855 0 
0 0 0 0 0 0 0 0 0 0 0 0 0 0 0 0.340605 0 0 0 0 0 0 0 0 0 0 0 0 0 0 0 0 0 0 0 0 0 0 0 0.340605 0 0 0 0.340605 0 0.340605 0.340605 -3.11372 0 0 0 0 0 0 0 0 0 0 0 0 0 0 0 1.41069 
0 0 0 0 0 0 0 0 0 0 0 0 0 0 0 0 0.340605 0 0 0 0 0 0 0 0 0 0 0 0 0 0 0 0.340605 0 0 0 0 0 0 0 0 0 0 0 0 0 0 0 -2.93832 0.564276 0.564276 0 0.564276 0 0 0 0.564276 0 0 0 0 0 0 0 
0 0 0 0 0 0 0 0 0 0 0 0 0 0 0 0 0 0.340605 0 0 0 0 0 0 0 0 0 0 0 0 0 0 0 0.340605 0 0 0 0 0 0 0 0 0 0 0 0 0 0 0.340605 -3.56106 0 0.846415 0 0.846415 0 0 0 0.846415 0 0 0 0 0 0 
0 0 0 0 0 0 0 0 0 0 0 0 0 0 0 0 0 0 0.340605 0 0 0 0 0 0 0 0 0 0 0 0 0 0 0 0.340605 0 0 0 0 0 0 0 0 0 0 0 0 0 0.340605 0 -3.56106 0.846415 0 0 0.846415 0 0 0 0.846415 0 0 0 0 0 
0 0 0 0 0 0 0 0 0 0 0 0 0 0 0 0 0 0 0 0.340605 0 0 0 0 0 0 0 0 0 0 0 0 0 0 0 0.340605 0 0 0 0 0 0 0 0 0 0 0 0 0 0.340605 0.340605 -3.61953 0 0 0 1.12855 0 0 0 1.12855 0 0 0 0 
0 0 0 0 0 0 0 0 0 0 0 0 0 0 0 0 0 0 0 0 0.340605 0 0 0 0 0 0 0 0 0 0 0 0 0 0 0 0.340605 0 0 0 0 0 0 0 0 0 0 0 0.340605 0 0 0 -3.56106 0.846415 0.846415 0 0 0 0 0 0.846415 0 0 0 
0 0 0 0 0 0 0 0 0 0 0 0 0 0 0 0 0 0 0 0 0 0.340605 0 0 0 0 0 0 0 0 0 0 0 0 0 0 0 0.340605 0 0 0 0 0 0 0 0 0 0 0 0.340605 0 0 0.340605 -3.61953 0 1.12855 0 0 0 0 0 1.12855 0 0 
0 0 0 0 0 0 0 0 0 0 0 0 0 0 0 0 0 0 0 0 0 0 0.340605 0 0 0 0 0 0 0 0 0 0 0 0 0 0 0 0.340605 0 0 0 0 0 0 0 0 0 0 0 0.340605 0 0.340605 0 -3.61953 1.12855 0 0 0 0 0 0 1.12855 0 
0 0 0 0 0 0 0 0 0 0 0 0 0 0 0 0 0 0 0 0 0 0 0 0.340605 0 0 0 0 0 0 0 0 0 0 0 0 0 0 0 0.340605 0 0 0 0 0 0 0 0 0 0 0 0.340605 0 0.340605 0.340605 -3.11372 0 0 0 0 0 0 0 1.41069 
0 0 0 0 0 0 0 0 0 0 0 0 0 0 0 0 0 0 0 0 0 0 0 0 0.340605 0 0 0 0 0 0 0 0 0 0 0 0 0 0 0 0.340605 0 0 0 0 0 0 0 0.340605 0 0 0 0 0 0 0 -3.56106 0.846415 0.846415 0 0.846415 0 0 0 
0 0 0 0 0 0 0 0 0 0 0 0 0 0 0 0 0 0 0 0 0 0 0 0 0 0.340605 0 0 0 0 0 0 0 0 0 0 0 0 0 0 0 0.340605 0 0 0 0 0 0 0 0.340605 0 0 0 0 0 0 0.340605 -3.61953 0 1.12855 0 1.12855 0 0 
0 0 0 0 0 0 0 0 0 0 0 0 0 0 0 0 0 0 0 0 0 0 0 0 0 0 0.340605 0 0 0 0 0 0 0 0 0 0 0 0 0 0 0 0.340605 0 0 0 0 0 0 0 0.340605 0 0 0 0 0 0.340605 0 -3.61953 1.12855 0 0 1.12855 0 
0 0 0 0 0 0 0 0 0 0 0 0 0 0 0 0 0 0 0 0 0 0 0 0 0 0 0 0.340605 0 0 0 0 0 0 0 0 0 0 0 0 0 0 0 0.340605 0 0 0 0 0 0 0 0.340605 0 0 0 0 0 0.340605 0.340605 -3.11372 0 0 0 1.41069 
0 0 0 0 0 0 0 0 0 0 0 0 0 0 0 0 0 0 0 0 0 0 0 0 0 0 0 0 0.340605 0 0 0 0 0 0 0 0 0 0 0 0 0 0 0 0.340605 0 0 0 0 0 0 0 0.340605 0 0 0 0.340605 0 0 0 -3.61953 1.12855 1.12855 0 
0 0 0 0 0 0 0 0 0 0 0 0 0 0 0 0 0 0 0 0 0 0 0 0 0 0 0 0 0 0.340605 0 0 0 0 0 0 0 0 0 0 0 0 0 0 0 0.340605 0 0 0 0 0 0 0 0.340605 0 0 0 0.340605 0 0 0.340605 -3.11372 0 1.41069 
0 0 0 0 0 0 0 0 0 0 0 0 0 0 0 0 0 0 0 0 0 0 0 0 0 0 0 0 0 0 0.340605 0 0 0 0 0 0 0 0 0 0 0 0 0 0 0 0.340605 0 0 0 0 0 0 0 0.340605 0 0 0 0.340605 0 0.340605 0 -3.11372 1.41069 
0 0 0 0 0 0 0 0 0 0 0 0 0 0 0 0 0 0 0 0 0 0 0 0 0 0 0 0 0 0 0 0.340605 0 0 0 0 0 0 0 0 0 0 0 0 0 0 0 0.340605 0 0 0 0 0 0 0 0.340605 0 0 0 0.340605 0 0.340605 0.340605 -2.04363 
