64
-0 0 0 0 0 0 0 0 0 0 0 0 0 0 0 0 0 0 0 0 0 0 0 0 0 0 0 0 0 0 0 0 0 0 0 0 0 0 0 0 0 0 0 0 0 0 0 0 0 0 0 0 0 0 0 0 0 0 0 0 0 0 0 0 
0.935287 -4.8052 0 0.773982 0 0.773982 0 0 0 0.773982 0 0 0 0 0 0 0 0.773982 0 0 0 0 0 0 0 0 0 0 0 0 0 0 0 0.773982 0 0 0 0 0 0 0 0 0 0 0 0 0 0 0 0 0 0 0 0 0 0 0 0 0 0 0 0 0 0 
0.935287 0 -4.8052 0.773982 0 0 0.773982 0 0 0 0.773982 0 0 0 0 0 0 0 0.773982 0 0 0 0 0 0 0 0 0 0 0 0 0 0 0 0.773982 0 0 0 0 0 0 0 0 0 0 0 0 0 0 0 0 0 0 0 0 0 0 0 0 0 0 0 0 0 
0 0.935287 0.935287 -8.06243 0 0 0 1.54796 0 0 0 1.54796 0 0 0 0 0 0 0 1.54796 0 0 0 0 0 0 0 0 0 0 0 0 0 0 0 1.54796 0 0 0 0 0 0 0 0 0 0 0 0 0 0 0 0 0 0 0 0 0 0 0 0 0 0 0 0 
0.935287 0 0 0 -4.8052 0.773982 0.773982 0 0 0 0 0 0.773982 0 0 0 0 0 0 0 0.773982 0 0 0 0 0 0 0 0 0 0 0 0 0 0 0 0.773982 0 0 0 0 0 0 0 0 0 0 0 0 0 0 0 0 0 0 0 0 0 0 0 0 0 0 0 
0 0.935287 0 0 0.935287 -8.06243 0 1.54796 0 0 0 0 0 1.54796 0 0 0 0 0 0 0 1.54796 0 0 0 0 0 0 0 0 0 0 0 0 0 0 0 1.54796 0 0 0 0 0 0 0 0 0 0 0 0 0 0 0 0 0 0 0 0 0 0 0 0 0 0 
0 0 0.935287 0 0.935287 0 -8.06243 1.54796 0 0 0 0 0 0 1.54796 0 0 0 0 0 0 0 1.54796 0 0 0 0 0 0 0 0 0 0 0 0 0 0 0 1.54796 0 0 0 0 0 0 0 0 0 0 0 0 0 0 0 0 0 0 0 0 0 0 0 0 0 
0 0 0 0.935287 0 0.935287 0.935287 -9.7717 0 0 0 0 0 0 0 2.32195 0 0 0 0 0 0 0 2.32195 0 0 0 0 0 0 0 0 0 0 0 0 0 0 0 2.32195 0 0 0 0 0 0 0 0 0 0 0 0 0 0 0 0 0 0 0 0 0 0 0 0 
0.935287 0 0 0 0 0 0 0 -4.8052 0.773982 0.773982 0 0.773982 0 0 0 0 0 0 0 0 0 0 0 0.773982 0 0 0 0 0 0 0 0 0 0 0 0 0 0 0 0.773982 0 0 0 0 0 0 0 0 0 0 0 0 0 0 0 0 0 0 0 0 0 0 0 
0 0.935287 0 0 0 0 0 0 0.935287 -8.06243 0 1.54796 0 1.54796 0 0 0 0 0 0 0 0 0 0 0 1.54796 0 0 0 0 0 0 0 0 0 0 0 0 0 0 0 1.54796 0 0 0 0 0 0 0 0 0 0 0 0 0 0 0 0 0 0 0 0 0 0 
0 0 0.935287 0 0 0 0 0 0.935287 0 -8.06243 1.54796 0 0 1.54796 0 0 0 0 0 0 0 0 0 0 0 1.54796 0 0 0 0 0 0 0 0 0 0 0 0 0 0 0 1.54796 0 0 0 0 0 0 0 0 0 0 0 0 0 0 0 0 0 0 0 0 0 
0 0 0 0.935287 0 0 0 0 0 0.935287 0.935287 -9.7717 0 0 0 2.32195 0 0 0 0 0 0 0 0 0 0 0 2.32195 0 0 0 0 0 0 0 0 0 0 0 0 0 0 0 2.32195 0 0 0 0 0 0 0 0 0 0 0 0 0 0 0 0 0 0 0 0 
0 0 0 0 0.935287 0 0 0 0.935287 0 0 0 -8.06243 1.54796 1.54796 0 0 0 0 0 0 0 0 0 0 0 0 0 1.54796 0 0 0 0 0 0 0 0 0 0 0 0 0 0 0 1.54796 0 0 0 0 0 0 0 0 0 0 0 0 0 0 0 0 0 0 0 
0 0 0 0 0 0.935287 0 0 0 0.935287 0 0 0.935287 -9.7717 0 2.32195 0 0 0 0 0 0 0 0 0 0 0 0 0 2.32195 0 0 0 0 0 0 0 0 0 0 0 0 0 0 0 2.32195 0 0 0 0 0 0 0 0 0 0 0 0 0 0 0 0 0 0 
0 0 0 0 0 0 0.935287 0 0 0 0.935287 0 0.935287 0 -9.7717 2.32195 0 0 0 0 0 0 0 0 0 0 0 0 0 0 2.32195 0 0 0 0 0 0 0 0 0 0 0 0 0 0 0 2.32195 0 0 0 0 0 0 0 0 0 0 0 0 0 0 0 0 0 
0 0 0 0 0 0 0 0.935287 0 0 0 0.935287 0 0.935287 0.935287 -9.93301 0 0 0 0 0 0 0 0 0 0 0 0 0 0 0 3.09593 0 0 0 0 0 0 0 0 0 0 0 0 0 0 0 3.09593 0 0 0 0 0 0 0 0 0 0 0 0 0 0 0 0 
0.935287 0 0 0 0 0 0 0 0 0 0 0 0 0 0 0 -4.8052 0.773982 0.773982 0 0.773982 0 0 0 0.773982 0 0 0 0 0 0 0 0 0 0 0 0 0 0 0 0 0 0 0 0 0 0 0 0.773982 0 0 0 0 0 0 0 0 0 0 0 0 0 0 0 
0 0.935287 0 0 0 0 0 0 0 0 0 0 0 0 0 0 0.935287 -8.06243 0 1.54796 0 1.54796 0 0 0 1.54796 0 0 0 0 0 0 0 0 0 0 0 0 0 0 0 0 0 0 0 0 0 0 0 1.54796 0 0 0 0 0 0 0 0 0 0 0 0 0 0 
0 0 0.935287 0 0 0 0 0 0 0 0 0 0 0 0 0 0.935287 0 -8.06243 1.54796 0 0 1.54796 0 0 0 1.54796 0 0 0 0 0 0 0 0 0 0 0 0 0 0 0 0 0 0 0 0 0 0 0 1.54796 0 0 0 0 0 0 0 0 0 0 0 0 0 
0 0 0 0.935287 0 0 0 0 0 0 0 0 0 0 0 0 0 0.935287 0.935287 -9.7717 0 0 0 2.32195 0 0 0 2.32195 0 0 0 0 0 0 0 0 0 0 0 0 0 0 0 0 0 0 0 0 0 0 0 2.32195 0 0 0 0 0 0 0 0 0 0 0 0 
0 0 0 0 0.935287 0 0 0 0 0 0 0 0 0 0 0 0.935287 0 0 0 -8.06243 1.54796 1.54796 0 0 0 0 0 1.54796 0 0 0 0 0 0 0 0 0 0 0 0 0 0 0 0 0 0 0 0 0 0 0 1.54796 0 0 0 0 0 0 0 0 0 0 0 
0 0 0 0 0 0.935287 0 0 0 0 0 0 0 0 0 0 0 0.935287 0 0 0.935287 -9.7717 0 2.32195 0 0 0 0 0 2.32195 0 0 0 0 0 0 0 0 0 0 0 0 0 0 0 0 0 0 0 0 0 0 0 2.32195 0 0 0 0 0 0 0 0 0 0 
0 0 0 0 0 0 0.935287 0 0 0 0 0 0 0 0 0 0 0 0.935287 0 0.935287 0 -9.7717 2.32195 0 0 0 0 0 0 2.32195 0 0 0 0 0 0 0 0 0 0 0 0 0 0 0 0 0 0 0 0 0 0 0 2.32195 0 0 0 0 0 0 0 0 0 
0 0 0 0 0 0 0 0.935287 0 0 0 0 0 0 0 0 0 0 0 0.935287 0 0.935287 0.935287 -9.93301 0 0 0 0 0 0 0 3.09593 0 0 0 0 0 0 0 0 0 0 0 0 0 0 0 0 0 0 0 0 0 0 0 3.09593 0 0 0 0 0 0 0 0 
0 0 0 0 0 0 0 0 0.935287 0 0 0 0 0 0 0 0.935287 0 0 0 0 0 0 0 -8.06243 1.54796 1.54796 0 1.54796 0 0 0 0 0 0 0 0 0 0 0 0 0 0 0 0 0 0 0 0 0 0 0 0 0 0 0 1.54796 0 0 0 0 0 0 0 
0 0 0 0 0 0 0 0 0 0.935287 0 0 0 0 0 0 0 0.935287 0 0 0 0 0 0 0.935287 -9.7717 0 2.32195 0 2.32195 0 0 0 0 0 0 0 0 0 0 0 0 0 0 0 0 0 0 0 0 0 0 0 0 0 0 0 2.32195 0 0 0 0 0 0 
0 0 0 0 0 0 0 0 0 0 0.935287 0 0 0 0 0 0 0 0.935287 0 0 0 0 0 0.935287 0 -9.7717 2.32195 0 0 2.32195 0 0 0 0 0 0 0 0 0 0 0 0 0 0 0 0 0 0 0 0 0 0 0 0 0 0 0 2.32195 0 0 0 0 0 
0 0 0 0 0 0 0 0 0 0 0 0.935287 0 0 0 0 0 0 0 0.935287 0 0 0 0 0 0.935287 0.935287 -9.93301 0 0 0 3.09593 0 0 0 0 0 0 0 0 0 0 0 0 0 0 0 0 0 0 0 0 0 0 0 0 0 0 0 3.09593 0 0 0 0 
0 0 0 0 0 0 0 0 0 0 0 0 0.935287 0 0 0 0 0 0 0 0.935287 0 0 0 0.935287 0 0 0 -9.7717 2.32195 2.32195 0 0 0 0 0 0 0 0 0 0 0 0 0 0 0 0 0 0 0 0 0 0 0 0 0 0 0 0 0 2.32195 0 0 0 
0 0 0 0 0 0 0 0 0 0 0 0 0 0.935287 0 0 0 0 0 0 0 0.935287 0 0 0 0.935287 0 0 0.935287 -9.93301 0 3.09593 0 0 0 0 0 0 0 0 0 0 0 0 0 0 0 0 0 0 0 0 0 0 0 0 0 0 0 0 0 3.09593 0 0 
0 0 0 0 0 0 0 0 0 0 0 0 0 0 0.935287 0 0 0 0 0 0 0 0.935287 0 0 0 0.935287 0 0.935287 0 -9.93301 3.09593 0 0 0 0 0 0 0 0 0 0 0 0 0 0 0 0 0 0 0 0 0 0 0 0 0 0 0 0 0 0 3.09593 0 
0 0 0 0 0 0 0 0 0 0 0 0 0 0 0 0.935287 0 0 0 0 0 0 0 0.935287 0 0 0 0.935287 0 0.935287 0.935287 -8.54635 0 0 0 0 0 0 0 0 0 0 0 0 0 0 0 0 0 0 0 0 0 0 0 0 0 0 0 0 0 0 0 3.86991 
0.935287 0 0 0 0 0 0 0 0 0 0 0 0 0 0 0 0 0 0 0 0 0 0 0 0 0 0 0 0 0 0 0 -4.8052 0.773982 0.773982 0 0.773982 0 0 0 0.773982 0 0 0 0 0 0 0 0.773982 0 0 0 0 0 0 0 0 0 0 0 0 0 0 0 
0 0.935287 0 0 0 0 0 0 0 0 0 0 0 0 0 0 0 0 0 0 0 0 0 0 0 0 0 0 0 0 0 0 0.935287 -8.06243 0 1.54796 0 1.54796 0 0 0 1.54796 0 0 0 0 0 0 0 1.54796 0 0 0 0 0 0 0 0 0 0 0 0 0 0 
0 0 0.935287 0 0 0 0 0 0 0 0 0 0 0 0 0 0 0 0 0 0 0 0 0 0 0 0 0 0 0 0 0 0.935287 0 -8.06243 1.54796 0 0 1.54796 0 0 0 1.54796 0 0 0 0 0 0 0 1.54796 0 0 0 0 0 0 0 0 0 0 0 0 0 
0 0 0 0.935287 0 0 0 0 0 0 0 0 0 0 0 0 0 0 0 0 0 0 0 0 0 0 0 0 0 0 0 0 0 0.935287 0.935287 -9.7717 0 0 0 2.32195 0 0 0 2.32195 0 0 0 0 0 0 0 2.32195 0 0 0 0 0 0 0 0 0 0 0 0 
0 0 0 0 0.935287 0 0 0 0 0 0 0 0 0 0 0 0 0 0 0 0 0 0 0 0 0 0 0 0 0 0 0 0.935287 0 0 0 -8.06243 1.54796 1.54796 0 0 0 0 0 1.54796 0 0 0 0 0 0 0 1.54796 0 0 0 0 0 0 0 0 0 0 0 
0 0 0 0 0 0.935287 0 0 0 0 0 0 0 0 0 0 0 0 0 0 0 0 0 0 0 0 0 0 0 0 0 0 0 0.935287 0 0 0.935287 -9.7717 0 2.32195 0 0 0 0 0 2.32195 0 0 0 0 0 0 0 2.32195 0 0 0 0 0 0 0 0 0 0 
0 0 0 0 0 0 0.935287 0 0 0 0 0 0 0 0 0 0 0 0 0 0 0 0 0 0 0 0 0 0 0 0 0 0 0 0.935287 0 0.935287 0 -9.7717 2.32195 0 0 0 0 0 0 2.32195 0 0 0 0 0 0 0 2.32195 0 0 0 0 0 0 0 0 0 
0 0 0 0 0 0 0 0.935287 0 0 0 0 0 0 0 0 0 0 0 0 0 0 0 0 0 0 0 0 0 0 0 0 0 0 0 0.935287 0 0.935287 0.935287 -9.93301 0 0 0 0 0 0 0 3.09593 0 0 0 0 0 0 0 3.09593 0 0 0 0 0 0 0 0 
0 0 0 0 0 0 0 0 0.935287 0 0 0 0 0 0 0 0 0 0 0 0 0 0 0 0 0 0 0 0 0 0 0 0.935287 0 0 0 0 0 0 0 -8.06243 1.54796 1.54796 0 1.54796 0 0 0 0 0 0 0 0 0 0 0 1.54796 0 0 0 0 0 0 0 
0 0 0 0 0 0 0 0 0 0.935287 0 0 0 0 0 0 0 0 0 0 0 0 0 0 0 0 0 0 0 0 0 0 0 0.935287 0 0 0 0 0 0 0.935287 -9.7717 0 2.32195 0 2.32195 0 0 0 0 0 0 0 0 0 0 0 2.32195 0 0 0 0 0 0 
0 0 0 0 0 0 0 0 0 0 0.935287 0 0 0 0 0 0 0 0 0 0 0 0 0 0 0 0 0 0 0 0 0 0 0 0.935287 0 0 0 0 0 0.935287 0 -9.7717 2.32195 0 0 2.32195 0 0 0 0 0 0 0 0 0 0 0 2.32195 0 0 0 0 0 
0 0 0 0 0 0 0 0 0 0 0 0.935287 0 0 0 0 0 0 0 0 0 0 0 0 0 0 0 0 0 0 0 0 0 0 0 0.935287 0 0 0 0 0 0.935287 0.935287 -9.93301 0 0 0 3.09593 0 0 0 0 0 0 0 0 0 0 0 3.09593 0 0 0 0 
0 0 0 0 0 0 0 0 0 0 0 0 0.935287 0 0 0 0 0 0 0 0 0 0 0 0 0 0 0 0 0 0 0 0 0 0 0 0.935287 0 0 0 0.935287 0 0 0 -9.7717 2.32195 2.32195 0 0 0 0 0 0 0 0 0 0 0 0 0 2.32195 0 0 0 
0 0 0 0 0 0 0 0 0 0 0 0 0 0.935287 0 0 0 0 0 0 0 0 0 0 0 0 0 0 0 0 0 0 0 0 0 0 0 0.935287 0 0 0 0.935287 0 0 0.935287 -9.93301 0 3.09593 0 0 0 0 0 0 0 0 0 0 0 0 0 3.09593 0 0 
0 0 0 0 0 0 0 0 0 0 0 0 0 0 0.935287 0 0 0 0 0 0 0 0 0 0 0 0 0 0 0 0 0 0 0 0 0 0 0 0.935287 0 0 0 0.935287 0 0.935287 0 -9.93301 3.09593 0 0 0 0 0 0 0 0 0 0 0 0 0 0 3.09593 0 
0 0 0 0 0 0 0 0 0 0 0 0 0 0 0 0.935287 0 0 0 0 0 0 0 0 0 0 0 0 0 0 0 0 0 0 0 0 0 0 0 0.935287 0 0 0 0.935287 0 0.935287 0.935287 -8.54635 0 0 0 0 0 0 0 0 0 0 0 0 0 0 0 3.86991 
0 0 0 0 0 0 0 0 0 0 0 0 0 0 0 0 0.935287 0 0 0 0 0 0 0 0 0 0 0 0 0 0 0 0.935287 0 0 0 0 0 0 0 0 0 0 0 0 0 0 0 -8.06243 1.54796 1.54796 0 1.54796 0 0 0 1.54796 0 0 0 0 0 0 0 
0 0 0 0 0 0 0 0 0 0 0 0 0 0 0 0 0 0.935287 0 0 0 0 0 0 0 0 0 0 0 0 0 0 0 0.935287 0 0 0 0 0 0 0 0 0 0 0 0 0 0 0.935287 -9.7717 0 2.32195 0 2.32195 0 0 0 2.32195 0 0 0 0 0 0 
0 0 0 0 0 0 0 0 0 0 0 0 0 0 0 0 0 0 0.935287 0 0 0 0 0 0 0 0 0 0 0 0 0 0 0 0.935287 0 0 0 0 0 0 0 0 0 0 0 0 0 0.935287 0 -9.7717 2.32195 0 0 2.32195 0 0 0 2.32195 0 0 0 0 0 
0 0 0 0 0 0 0 0 0 0 0 0 0 0 0 0 0 0 0 0.935287 0 0 0 0 0 0 0 0 0 0 0 0 0 0 0 0.935287 0 0 0 0 0 0 0 0 0 0 0 0 0 0.935287 0.935287 -9.93301 0 0 0 3.09593 0 0 0 3.09593 0 0 0 0 
0 0 0 0 0 0 0 0 0 0 0 0 0 0 0 0 0 0 0 0 0.935287 0 0 0 0 0 0 0 0 0 0 0 0 0 0 0 0.935287 0 0 0 0 0 0 0 0 0 0 0 0.935287 0 0 0 -9.7717 2.32195 2.32195 0 0 0 0 0 2.32195 0 0 0 
0 0 0 0 0 0 0 0 0 0 0 0 0 0 0 0 0 0 0 0 0 0.935287 0 0 0 0 0 0 0 0 0 0 0 0 0 0 0 0.935287 0 0 0 0 0 0 0 0 0 0 0 0.935287 0 0 0.935287 -9.93301 0 3.09593 0 0 0 0 0 3.09593 0 0 
0 0 0 0 0 0 0 0 0 0 0 0 0 0 0 0 0 0 0 0 0 0 0.935287 0 0 0 0 0 0 0 0 0 0 0 0 0 0 0 0.935287 0 0 0 0 0 0 0 0 0 0 0 0.935287 0 0.935287 0 -9.93301 3.09593 0 0 0 0 0 0 3.09593 0 
0 0 0 0 0 0 0 0 0 0 0 0 0 0 0 0 0 0 0 0 0 0 0 0.935287 0 0 0 0 0 0 0 0 0 0 0 0 0 0 0 0.935287 0 0 0 0 0 0 0 0 0 0 0 0.935287 0 0.935287 0.935287 -8.54635 0 0 0 0 0 0 0 3.86991 
0 0 0 0 0 0 0 0 0 0 0 0 0 0 0 0 0 0 0 0 0 0 0 0 0.935287 0 0 0 0 0 0 0 0 0 0 0 0 0 0 0 0.935287 0 0 0 0 0 0 0 0.935287 0 0 0 0 0 0 0 -9.7717 2.32195 2.32195 0 2.32195 0 0 0 
0 0 0 0 0 0 0 0 0 0 0 0 0 0 0 0 0 0 0 0 0 0 0 0 0 0.935287 0 0 0 0 0 0 0 0 0 0 0 0 0 0 0 0.935287 0 0 0 0 0 0 0 0.935287 0 0 0 0 0 0 0.935287 -9.93301 0 3.09593 0 3.09593 0 0 
0 0 0 0 0 0 0 0 0 0 0 0 0 0 0 0 0 0 0 0 0 0 0 0 0 0 0.935287 0 0 0 0 0 0 0 0 0 0 0 0 0 0 0 0.935287 0 0 0 0 0 0 0 0.935287 0 0 0 0 0 0.935287 0 -9.93301 3.09593 0 0 3.09593 0 
0 0 0 0 0 0 0 0 0 0 0 0 0 0 0 0 0 0 0 0 0 0 0 0 0 0 0 0.935287 0 0 0 0 0 0 0 0 0 0 0 0 0 0 0 0.935287 0 0 0 0 0 0 0 0.935287 0 0 0 0 0 0.935287 0.935287 -8.54635 0 0 0 3.86991 
0 0 0 0 0 0 0 0 0 0 0 0 0 0 0 0 0 0 0 0 0 0 0 0 0 0 0 0 0.935287 0 0 0 0 0 0 0 0 0 0 0 0 0 0 0 0.935287 0 0 0 0 0 0 0 0.935287 0 0 0 0.935287 0 0 0 -9.93301 3.09593 3.09593 0 
0 0 0 0 0 0 0 0 0 0 0 0 0 0 0 0 0 0 0 0 0 0 0 0 0 0 0 0 0 0.935287 0 0 0 0 0 0 0 0 0 0 0 0 0 0 0 0.935287 0 0 0 0 0 0 0 0.935287 0 0 0 0.935287 0 0 0.935287 -8.54635 0 3.86991 
0 0 0 0 0 0 0 0 0 0 0 0 0 0 0 0 0 0 0 0 0 0 0 0 0 0 0 0 0 0 0.935287 0 0 0 0 0 0 0 0 0 0 0 0 0 0 0 0.935287 0 0 0 0 0 0 0 0.935287 0 0 0 0.935287 0 0.935287 0 -8.54635 3.86991 
0 0 0 0 0 0 0 0 0 0 0 0 0 0 0 0 0 0 0 0 0 0 0 0 0 0 0 0 0 0 0 0.935287 0 0 0 0 0 0 0 0 0 0 0 0 0 0 0 0.935287 0 0 0 0 0 0 0 0.935287 0 0 0 0.935287 0 0.935287 0.935287 -5.61172 
