64
-0 0 0 0 0 0 0 0 0 0 0 0 0 0 0 0 0 0 0 0 0 0 0 0 0 0 0 0 0 0 0 0 0 0 0 0 0 0 0 0 0 0 0 0 0 0 0 0 0 0 0 0 0 0 0 0 0 0 0 0 0 0 0 0 
0.86959 -3.8876 0 0.603603 0 0.603603 0 0 0 0.603603 0 0 0 0 0 0 0 0.603603 0 0 0 0 0 0 0 0 0 0 0 0 0 0 0 0.603603 0 0 0 0 0 0 0 0 0 0 0 0 0 0 0 0 0 0 0 0 0 0 0 0 0 0 0 0 0 0 
0.86959 0 -3.8876 0.603603 0 0 0.603603 0 0 0 0.603603 0 0 0 0 0 0 0 0.603603 0 0 0 0 0 0 0 0 0 0 0 0 0 0 0 0.603603 0 0 0 0 0 0 0 0 0 0 0 0 0 0 0 0 0 0 0 0 0 0 0 0 0 0 0 0 0 
0 0.86959 0.86959 -6.568 0 0 0 1.20721 0 0 0 1.20721 0 0 0 0 0 0 0 1.20721 0 0 0 0 0 0 0 0 0 0 0 0 0 0 0 1.20721 0 0 0 0 0 0 0 0 0 0 0 0 0 0 0 0 0 0 0 0 0 0 0 0 0 0 0 0 
0.86959 0 0 0 -3.8876 0.603603 0.603603 0 0 0 0 0 0.603603 0 0 0 0 0 0 0 0.603603 0 0 0 0 0 0 0 0 0 0 0 0 0 0 0 0.603603 0 0 0 0 0 0 0 0 0 0 0 0 0 0 0 0 0 0 0 0 0 0 0 0 0 0 0 
0 0.86959 0 0 0.86959 -6.568 0 1.20721 0 0 0 0 0 1.20721 0 0 0 0 0 0 0 1.20721 0 0 0 0 0 0 0 0 0 0 0 0 0 0 0 1.20721 0 0 0 0 0 0 0 0 0 0 0 0 0 0 0 0 0 0 0 0 0 0 0 0 0 0 
0 0 0.86959 0 0.86959 0 -6.568 1.20721 0 0 0 0 0 0 1.20721 0 0 0 0 0 0 0 1.20721 0 0 0 0 0 0 0 0 0 0 0 0 0 0 0 1.20721 0 0 0 0 0 0 0 0 0 0 0 0 0 0 0 0 0 0 0 0 0 0 0 0 0 
0 0 0 0.86959 0 0.86959 0.86959 -8.04119 0 0 0 0 0 0 0 1.81081 0 0 0 0 0 0 0 1.81081 0 0 0 0 0 0 0 0 0 0 0 0 0 0 0 1.81081 0 0 0 0 0 0 0 0 0 0 0 0 0 0 0 0 0 0 0 0 0 0 0 0 
0.86959 0 0 0 0 0 0 0 -3.8876 0.603603 0.603603 0 0.603603 0 0 0 0 0 0 0 0 0 0 0 0.603603 0 0 0 0 0 0 0 0 0 0 0 0 0 0 0 0.603603 0 0 0 0 0 0 0 0 0 0 0 0 0 0 0 0 0 0 0 0 0 0 0 
0 0.86959 0 0 0 0 0 0 0.86959 -6.568 0 1.20721 0 1.20721 0 0 0 0 0 0 0 0 0 0 0 1.20721 0 0 0 0 0 0 0 0 0 0 0 0 0 0 0 1.20721 0 0 0 0 0 0 0 0 0 0 0 0 0 0 0 0 0 0 0 0 0 0 
0 0 0.86959 0 0 0 0 0 0.86959 0 -6.568 1.20721 0 0 1.20721 0 0 0 0 0 0 0 0 0 0 0 1.20721 0 0 0 0 0 0 0 0 0 0 0 0 0 0 0 1.20721 0 0 0 0 0 0 0 0 0 0 0 0 0 0 0 0 0 0 0 0 0 
0 0 0 0.86959 0 0 0 0 0 0.86959 0.86959 -8.04119 0 0 0 1.81081 0 0 0 0 0 0 0 0 0 0 0 1.81081 0 0 0 0 0 0 0 0 0 0 0 0 0 0 0 1.81081 0 0 0 0 0 0 0 0 0 0 0 0 0 0 0 0 0 0 0 0 
0 0 0 0 0.86959 0 0 0 0.86959 0 0 0 -6.568 1.20721 1.20721 0 0 0 0 0 0 0 0 0 0 0 0 0 1.20721 0 0 0 0 0 0 0 0 0 0 0 0 0 0 0 1.20721 0 0 0 0 0 0 0 0 0 0 0 0 0 0 0 0 0 0 0 
0 0 0 0 0 0.86959 0 0 0 0.86959 0 0 0.86959 -8.04119 0 1.81081 0 0 0 0 0 0 0 0 0 0 0 0 0 1.81081 0 0 0 0 0 0 0 0 0 0 0 0 0 0 0 1.81081 0 0 0 0 0 0 0 0 0 0 0 0 0 0 0 0 0 0 
0 0 0 0 0 0 0.86959 0 0 0 0.86959 0 0.86959 0 -8.04119 1.81081 0 0 0 0 0 0 0 0 0 0 0 0 0 0 1.81081 0 0 0 0 0 0 0 0 0 0 0 0 0 0 0 1.81081 0 0 0 0 0 0 0 0 0 0 0 0 0 0 0 0 0 
0 0 0 0 0 0 0 0.86959 0 0 0 0.86959 0 0.86959 0.86959 -8.30718 0 0 0 0 0 0 0 0 0 0 0 0 0 0 0 2.41441 0 0 0 0 0 0 0 0 0 0 0 0 0 0 0 2.41441 0 0 0 0 0 0 0 0 0 0 0 0 0 0 0 0 
0.86959 0 0 0 0 0 0 0 0 0 0 0 0 0 0 0 -3.8876 0.603603 0.603603 0 0.603603 0 0 0 0.603603 0 0 0 0 0 0 0 0 0 0 0 0 0 0 0 0 0 0 0 0 0 0 0 0.603603 0 0 0 0 0 0 0 0 0 0 0 0 0 0 0 
0 0.86959 0 0 0 0 0 0 0 0 0 0 0 0 0 0 0.86959 -6.568 0 1.20721 0 1.20721 0 0 0 1.20721 0 0 0 0 0 0 0 0 0 0 0 0 0 0 0 0 0 0 0 0 0 0 0 1.20721 0 0 0 0 0 0 0 0 0 0 0 0 0 0 
0 0 0.86959 0 0 0 0 0 0 0 0 0 0 0 0 0 0.86959 0 -6.568 1.20721 0 0 1.20721 0 0 0 1.20721 0 0 0 0 0 0 0 0 0 0 0 0 0 0 0 0 0 0 0 0 0 0 0 1.20721 0 0 0 0 0 0 0 0 0 0 0 0 0 
0 0 0 0.86959 0 0 0 0 0 0 0 0 0 0 0 0 0 0.86959 0.86959 -8.04119 0 0 0 1.81081 0 0 0 1.81081 0 0 0 0 0 0 0 0 0 0 0 0 0 0 0 0 0 0 0 0 0 0 0 1.81081 0 0 0 0 0 0 0 0 0 0 0 0 
0 0 0 0 0.86959 0 0 0 0 0 0 0 0 0 0 0 0.86959 0 0 0 -6.568 1.20721 1.20721 0 0 0 0 0 1.20721 0 0 0 0 0 0 0 0 0 0 0 0 0 0 0 0 0 0 0 0 0 0 0 1.20721 0 0 0 0 0 0 0 0 0 0 0 
0 0 0 0 0 0.86959 0 0 0 0 0 0 0 0 0 0 0 0.86959 0 0 0.86959 -8.04119 0 1.81081 0 0 0 0 0 1.81081 0 0 0 0 0 0 0 0 0 0 0 0 0 0 0 0 0 0 0 0 0 0 0 1.81081 0 0 0 0 0 0 0 0 0 0 
0 0 0 0 0 0 0.86959 0 0 0 0 0 0 0 0 0 0 0 0.86959 0 0.86959 0 -8.04119 1.81081 0 0 0 0 0 0 1.81081 0 0 0 0 0 0 0 0 0 0 0 0 0 0 0 0 0 0 0 0 0 0 0 1.81081 0 0 0 0 0 0 0 0 0 
0 0 0 0 0 0 0 0.86959 0 0 0 0 0 0 0 0 0 0 0 0.86959 0 0.86959 0.86959 -8.30718 0 0 0 0 0 0 0 2.41441 0 0 0 0 0 0 0 0 0 0 0 0 0 0 0 0 0 0 0 0 0 0 0 2.41441 0 0 0 0 0 0 0 0 
0 0 0 0 0 0 0 0 0.86959 0 0 0 0 0 0 0 0.86959 0 0 0 0 0 0 0 -6.568 1.20721 1.20721 0 1.20721 0 0 0 0 0 0 0 0 0 0 0 0 0 0 0 0 0 0 0 0 0 0 0 0 0 0 0 1.20721 0 0 0 0 0 0 0 
0 0 0 0 0 0 0 0 0 0.86959 0 0 0 0 0 0 0 0.86959 0 0 0 0 0 0 0.86959 -8.04119 0 1.81081 0 1.81081 0 0 0 0 0 0 0 0 0 0 0 0 0 0 0 0 0 0 0 0 0 0 0 0 0 0 0 1.81081 0 0 0 0 0 0 
0 0 0 0 0 0 0 0 0 0 0.86959 0 0 0 0 0 0 0 0.86959 0 0 0 0 0 0.86959 0 -8.04119 1.81081 0 0 1.81081 0 0 0 0 0 0 0 0 0 0 0 0 0 0 0 0 0 0 0 0 0 0 0 0 0 0 0 1.81081 0 0 0 0 0 
0 0 0 0 0 0 0 0 0 0 0 0.86959 0 0 0 0 0 0 0 0.86959 0 0 0 0 0 0.86959 0.86959 -8.30718 0 0 0 2.41441 0 0 0 0 0 0 0 0 0 0 0 0 0 0 0 0 0 0 0 0 0 0 0 0 0 0 0 2.41441 0 0 0 0 
0 0 0 0 0 0 0 0 0 0 0 0 0.86959 0 0 0 0 0 0 0 0.86959 0 0 0 0.86959 0 0 0 -8.04119 1.81081 1.81081 0 0 0 0 0 0 0 0 0 0 0 0 0 0 0 0 0 0 0 0 0 0 0 0 0 0 0 0 0 1.81081 0 0 0 
0 0 0 0 0 0 0 0 0 0 0 0 0 0.86959 0 0 0 0 0 0 0 0.86959 0 0 0 0.86959 0 0 0.86959 -8.30718 0 2.41441 0 0 0 0 0 0 0 0 0 0 0 0 0 0 0 0 0 0 0 0 0 0 0 0 0 0 0 0 0 2.41441 0 0 
0 0 0 0 0 0 0 0 0 0 0 0 0 0 0.86959 0 0 0 0 0 0 0 0.86959 0 0 0 0.86959 0 0.86959 0 -8.30718 2.41441 0 0 0 0 0 0 0 0 0 0 0 0 0 0 0 0 0 0 0 0 0 0 0 0 0 0 0 0 0 0 2.41441 0 
0 0 0 0 0 0 0 0 0 0 0 0 0 0 0 0.86959 0 0 0 0 0 0 0 0.86959 0 0 0 0.86959 0 0.86959 0.86959 -7.36596 0 0 0 0 0 0 0 0 0 0 0 0 0 0 0 0 0 0 0 0 0 0 0 0 0 0 0 0 0 0 0 3.01801 
0.86959 0 0 0 0 0 0 0 0 0 0 0 0 0 0 0 0 0 0 0 0 0 0 0 0 0 0 0 0 0 0 0 -3.8876 0.603603 0.603603 0 0.603603 0 0 0 0.603603 0 0 0 0 0 0 0 0.603603 0 0 0 0 0 0 0 0 0 0 0 0 0 0 0 
0 0.86959 0 0 0 0 0 0 0 0 0 0 0 0 0 0 0 0 0 0 0 0 0 0 0 0 0 0 0 0 0 0 0.86959 -6.568 0 1.20721 0 1.20721 0 0 0 1.20721 0 0 0 0 0 0 0 1.20721 0 0 0 0 0 0 0 0 0 0 0 0 0 0 
0 0 0.86959 0 0 0 0 0 0 0 0 0 0 0 0 0 0 0 0 0 0 0 0 0 0 0 0 0 0 0 0 0 0.86959 0 -6.568 1.20721 0 0 1.20721 0 0 0 1.20721 0 0 0 0 0 0 0 1.20721 0 0 0 0 0 0 0 0 0 0 0 0 0 
0 0 0 0.86959 0 0 0 0 0 0 0 0 0 0 0 0 0 0 0 0 0 0 0 0 0 0 0 0 0 0 0 0 0 0.86959 0.86959 -8.04119 0 0 0 1.81081 0 0 0 1.81081 0 0 0 0 0 0 0 1.81081 0 0 0 0 0 0 0 0 0 0 0 0 
0 0 0 0 0.86959 0 0 0 0 0 0 0 0 0 0 0 0 0 0 0 0 0 0 0 0 0 0 0 0 0 0 0 0.86959 0 0 0 -6.568 1.20721 1.20721 0 0 0 0 0 1.20721 0 0 0 0 0 0 0 1.20721 0 0 0 0 0 0 0 0 0 0 0 
0 0 0 0 0 0.86959 0 0 0 0 0 0 0 0 0 0 0 0 0 0 0 0 0 0 0 0 0 0 0 0 0 0 0 0.86959 0 0 0.86959 -8.04119 0 1.81081 0 0 0 0 0 1.81081 0 0 0 0 0 0 0 1.81081 0 0 0 0 0 0 0 0 0 0 
0 0 0 0 0 0 0.86959 0 0 0 0 0 0 0 0 0 0 0 0 0 0 0 0 0 0 0 0 0 0 0 0 0 0 0 0.86959 0 0.86959 0 -8.04119 1.81081 0 0 0 0 0 0 1.81081 0 0 0 0 0 0 0 1.81081 0 0 0 0 0 0 0 0 0 
0 0 0 0 0 0 0 0.86959 0 0 0 0 0 0 0 0 0 0 0 0 0 0 0 0 0 0 0 0 0 0 0 0 0 0 0 0.86959 0 0.86959 0.86959 -8.30718 0 0 0 0 0 0 0 2.41441 0 0 0 0 0 0 0 2.41441 0 0 0 0 0 0 0 0 
0 0 0 0 0 0 0 0 0.86959 0 0 0 0 0 0 0 0 0 0 0 0 0 0 0 0 0 0 0 0 0 0 0 0.86959 0 0 0 0 0 0 0 -6.568 1.20721 1.20721 0 1.20721 0 0 0 0 0 0 0 0 0 0 0 1.20721 0 0 0 0 0 0 0 
0 0 0 0 0 0 0 0 0 0.86959 0 0 0 0 0 0 0 0 0 0 0 0 0 0 0 0 0 0 0 0 0 0 0 0.86959 0 0 0 0 0 0 0.86959 -8.04119 0 1.81081 0 1.81081 0 0 0 0 0 0 0 0 0 0 0 1.81081 0 0 0 0 0 0 
0 0 0 0 0 0 0 0 0 0 0.86959 0 0 0 0 0 0 0 0 0 0 0 0 0 0 0 0 0 0 0 0 0 0 0 0.86959 0 0 0 0 0 0.86959 0 -8.04119 1.81081 0 0 1.81081 0 0 0 0 0 0 0 0 0 0 0 1.81081 0 0 0 0 0 
0 0 0 0 0 0 0 0 0 0 0 0.86959 0 0 0 0 0 0 0 0 0 0 0 0 0 0 0 0 0 0 0 0 0 0 0 0.86959 0 0 0 0 0 0.86959 0.86959 -8.30718 0 0 0 2.41441 0 0 0 0 0 0 0 0 0 0 0 2.41441 0 0 0 0 
0 0 0 0 0 0 0 0 0 0 0 0 0.86959 0 0 0 0 0 0 0 0 0 0 0 0 0 0 0 0 0 0 0 0 0 0 0 0.86959 0 0 0 0.86959 0 0 0 -8.04119 1.81081 1.81081 0 0 0 0 0 0 0 0 0 0 0 0 0 1.81081 0 0 0 
0 0 0 0 0 0 0 0 0 0 0 0 0 0.86959 0 0 0 0 0 0 0 0 0 0 0 0 0 0 0 0 0 0 0 0 0 0 0 0.86959 0 0 0 0.86959 0 0 0.86959 -8.30718 0 2.41441 0 0 0 0 0 0 0 0 0 0 0 0 0 2.41441 0 0 
0 0 0 0 0 0 0 0 0 0 0 0 0 0 0.86959 0 0 0 0 0 0 0 0 0 0 0 0 0 0 0 0 0 0 0 0 0 0 0 0.86959 0 0 0 0.86959 0 0.86959 0 -8.30718 2.41441 0 0 0 0 0 0 0 0 0 0 0 0 0 0 2.41441 0 
0 0 0 0 0 0 0 0 0 0 0 0 0 0 0 0.86959 0 0 0 0 0 0 0 0 0 0 0 0 0 0 0 0 0 0 0 0 0 0 0 0.86959 0 0 0 0.86959 0 0.86959 0.86959 -7.36596 0 0 0 0 0 0 0 0 0 0 0 0 0 0 0 3.01801 
0 0 0 0 0 0 0 0 0 0 0 0 0 0 0 0 0.86959 0 0 0 0 0 0 0 0 0 0 0 0 0 0 0 0.86959 0 0 0 0 0 0 0 0 0 0 0 0 0 0 0 -6.568 1.20721 1.20721 0 1.20721 0 0 0 1.20721 0 0 0 0 0 0 0 
0 0 0 0 0 0 0 0 0 0 0 0 0 0 0 0 0 0.86959 0 0 0 0 0 0 0 0 0 0 0 0 0 0 0 0.86959 0 0 0 0 0 0 0 0 0 0 0 0 0 0 0.86959 -8.04119 0 1.81081 0 1.81081 0 0 0 1.81081 0 0 0 0 0 0 
0 0 0 0 0 0 0 0 0 0 0 0 0 0 0 0 0 0 0.86959 0 0 0 0 0 0 0 0 0 0 0 0 0 0 0 0.86959 0 0 0 0 0 0 0 0 0 0 0 0 0 0.86959 0 -8.04119 1.81081 0 0 1.81081 0 0 0 1.81081 0 0 0 0 0 
0 0 0 0 0 0 0 0 0 0 0 0 0 0 0 0 0 0 0 0.86959 0 0 0 0 0 0 0 0 0 0 0 0 0 0 0 0.86959 0 0 0 0 0 0 0 0 0 0 0 0 0 0.86959 0.86959 -8.30718 0 0 0 2.41441 0 0 0 2.41441 0 0 0 0 
0 0 0 0 0 0 0 0 0 0 0 0 0 0 0 0 0 0 0 0 0.86959 0 0 0 0 0 0 0 0 0 0 0 0 0 0 0 0.86959 0 0 0 0 0 0 0 0 0 0 0 0.86959 0 0 0 -8.04119 1.81081 1.81081 0 0 0 0 0 1.81081 0 0 0 
0 0 0 0 0 0 0 0 0 0 0 0 0 0 0 0 0 0 0 0 0 0.86959 0 0 0 0 0 0 0 0 0 0 0 0 0 0 0 0.86959 0 0 0 0 0 0 0 0 0 0 0 0.86959 0 0 0.86959 -8.30718 0 2.41441 0 0 0 0 0 2.41441 0 0 
0 0 0 0 0 0 0 0 0 0 0 0 0 0 0 0 0 0 0 0 0 0 0.86959 0 0 0 0 0 0 0 0 0 0 0 0 0 0 0 0.86959 0 0 0 0 0 0 0 0 0 0 0 0.86959 0 0.86959 0 -8.30718 2.41441 0 0 0 0 0 0 2.41441 0 
0 0 0 0 0 0 0 0 0 0 0 0 0 0 0 0 0 0 0 0 0 0 0 0.86959 0 0 0 0 0 0 0 0 0 0 0 0 0 0 0 0.86959 0 0 0 0 0 0 0 0 0 0 0 0.86959 0 0.86959 0.86959 -7.36596 0 0 0 0 0 0 0 3.01801 
0 0 0 0 0 0 0 0 0 0 0 0 0 0 0 0 0 0 0 0 0 0 0 0 0.86959 0 0 0 0 0 0 0 0 0 0 0 0 0 0 0 0.86959 0 0 0 0 0 0 0 0.86959 0 0 0 0 0 0 0 -8.04119 1.81081 1.81081 0 1.81081 0 0 0 
0 0 0 0 0 0 0 0 0 0 0 0 0 0 0 0 0 0 0 0 0 0 0 0 0 0.86959 0 0 0 0 0 0 0 0 0 0 0 0 0 0 0 0.86959 0 0 0 0 0 0 0 0.86959 0 0 0 0 0 0 0.86959 -8.30718 0 2.41441 0 2.41441 0 0 
0 0 0 0 0 0 0 0 0 0 0 0 0 0 0 0 0 0 0 0 0 0 0 0 0 0 0.86959 0 0 0 0 0 0 0 0 0 0 0 0 0 0 0 0.86959 0 0 0 0 0 0 0 0.86959 0 0 0 0 0 0.86959 0 -8.30718 2.41441 0 0 2.41441 0 
0 0 0 0 0 0 0 0 0 0 0 0 0 0 0 0 0 0 0 0 0 0 0 0 0 0 0 0.86959 0 0 0 0 0 0 0 0 0 0 0 0 0 0 0 0.86959 0 0 0 0 0 0 0 0.86959 0 0 0 0 0 0.86959 0.86959 -7.36596 0 0 0 3.01801 
0 0 0 0 0 0 0 0 0 0 0 0 0 0 0 0 0 0 0 0 0 0 0 0 0 0 0 0 0.86959 0 0 0 0 0 0 0 0 0 0 0 0 0 0 0 0.86959 0 0 0 0 0 0 0 0.86959 0 0 0 0.86959 0 0 0 -8.30718 2.41441 2.41441 0 
0 0 0 0 0 0 0 0 0 0 0 0 0 0 0 0 0 0 0 0 0 0 0 0 0 0 0 0 0 0.86959 0 0 0 0 0 0 0 0 0 0 0 0 0 0 0 0.86959 0 0 0 0 0 0 0 0.86959 0 0 0 0.86959 0 0 0.86959 -7.36596 0 3.01801 
0 0 0 0 0 0 0 0 0 0 0 0 0 0 0 0 0 0 0 0 0 0 0 0 0 0 0 0 0 0 0.86959 0 0 0 0 0 0 0 0 0 0 0 0 0 0 0 0.86959 0 0 0 0 0 0 0 0.86959 0 0 0 0.86959 0 0.86959 0 -7.36596 3.01801 
0 0 0 0 0 0 0 0 0 0 0 0 0 0 0 0 0 0 0 0 0 0 0 0 0 0 0 0 0 0 0 0.86959 0 0 0 0 0 0 0 0 0 0 0 0 0 0 0 0.86959 0 0 0 0 0 0 0 0.86959 0 0 0 0.86959 0 0.86959 0.86959 -5.21754 
