64
-0 0 0 0 0 0 0 0 0 0 0 0 0 0 0 0 0 0 0 0 0 0 0 0 0 0 0 0 0 0 0 0 0 0 0 0 0 0 0 0 0 0 0 0 0 0 0 0 0 0 0 0 0 0 0 0 0 0 0 0 0 0 0 0 
0.234461 -1.40154 0 0.233416 0 0.233416 0 0 0 0.233416 0 0 0 0 0 0 0 0.233416 0 0 0 0 0 0 0 0 0 0 0 0 0 0 0 0.233416 0 0 0 0 0 0 0 0 0 0 0 0 0 0 0 0 0 0 0 0 0 0 0 0 0 0 0 0 0 0 
0.234461 0 -1.40154 0.233416 0 0 0.233416 0 0 0 0.233416 0 0 0 0 0 0 0 0.233416 0 0 0 0 0 0 0 0 0 0 0 0 0 0 0 0.233416 0 0 0 0 0 0 0 0 0 0 0 0 0 0 0 0 0 0 0 0 0 0 0 0 0 0 0 0 0 
0 0.234461 0.234461 -2.33625 0 0 0 0.466832 0 0 0 0.466832 0 0 0 0 0 0 0 0.466832 0 0 0 0 0 0 0 0 0 0 0 0 0 0 0 0.466832 0 0 0 0 0 0 0 0 0 0 0 0 0 0 0 0 0 0 0 0 0 0 0 0 0 0 0 0 
0.234461 0 0 0 -1.40154 0.233416 0.233416 0 0 0 0 0 0.233416 0 0 0 0 0 0 0 0.233416 0 0 0 0 0 0 0 0 0 0 0 0 0 0 0 0.233416 0 0 0 0 0 0 0 0 0 0 0 0 0 0 0 0 0 0 0 0 0 0 0 0 0 0 0 
0 0.234461 0 0 0.234461 -2.33625 0 0.466832 0 0 0 0 0 0.466832 0 0 0 0 0 0 0 0.466832 0 0 0 0 0 0 0 0 0 0 0 0 0 0 0 0.466832 0 0 0 0 0 0 0 0 0 0 0 0 0 0 0 0 0 0 0 0 0 0 0 0 0 0 
0 0 0.234461 0 0.234461 0 -2.33625 0.466832 0 0 0 0 0 0 0.466832 0 0 0 0 0 0 0 0.466832 0 0 0 0 0 0 0 0 0 0 0 0 0 0 0 0.466832 0 0 0 0 0 0 0 0 0 0 0 0 0 0 0 0 0 0 0 0 0 0 0 0 0 
0 0 0 0.234461 0 0.234461 0.234461 -2.80412 0 0 0 0 0 0 0 0.700248 0 0 0 0 0 0 0 0.700248 0 0 0 0 0 0 0 0 0 0 0 0 0 0 0 0.700248 0 0 0 0 0 0 0 0 0 0 0 0 0 0 0 0 0 0 0 0 0 0 0 0 
0.234461 0 0 0 0 0 0 0 -1.40154 0.233416 0.233416 0 0.233416 0 0 0 0 0 0 0 0 0 0 0 0.233416 0 0 0 0 0 0 0 0 0 0 0 0 0 0 0 0.233416 0 0 0 0 0 0 0 0 0 0 0 0 0 0 0 0 0 0 0 0 0 0 0 
0 0.234461 0 0 0 0 0 0 0.234461 -2.33625 0 0.466832 0 0.466832 0 0 0 0 0 0 0 0 0 0 0 0.466832 0 0 0 0 0 0 0 0 0 0 0 0 0 0 0 0.466832 0 0 0 0 0 0 0 0 0 0 0 0 0 0 0 0 0 0 0 0 0 0 
0 0 0.234461 0 0 0 0 0 0.234461 0 -2.33625 0.466832 0 0 0.466832 0 0 0 0 0 0 0 0 0 0 0 0.466832 0 0 0 0 0 0 0 0 0 0 0 0 0 0 0 0.466832 0 0 0 0 0 0 0 0 0 0 0 0 0 0 0 0 0 0 0 0 0 
0 0 0 0.234461 0 0 0 0 0 0.234461 0.234461 -2.80412 0 0 0 0.700248 0 0 0 0 0 0 0 0 0 0 0 0.700248 0 0 0 0 0 0 0 0 0 0 0 0 0 0 0 0.700248 0 0 0 0 0 0 0 0 0 0 0 0 0 0 0 0 0 0 0 0 
0 0 0 0 0.234461 0 0 0 0.234461 0 0 0 -2.33625 0.466832 0.466832 0 0 0 0 0 0 0 0 0 0 0 0 0 0.466832 0 0 0 0 0 0 0 0 0 0 0 0 0 0 0 0.466832 0 0 0 0 0 0 0 0 0 0 0 0 0 0 0 0 0 0 0 
0 0 0 0 0 0.234461 0 0 0 0.234461 0 0 0.234461 -2.80412 0 0.700248 0 0 0 0 0 0 0 0 0 0 0 0 0 0.700248 0 0 0 0 0 0 0 0 0 0 0 0 0 0 0 0.700248 0 0 0 0 0 0 0 0 0 0 0 0 0 0 0 0 0 0 
0 0 0 0 0 0 0.234461 0 0 0 0.234461 0 0.234461 0 -2.80412 0.700248 0 0 0 0 0 0 0 0 0 0 0 0 0 0 0.700248 0 0 0 0 0 0 0 0 0 0 0 0 0 0 0 0.700248 0 0 0 0 0 0 0 0 0 0 0 0 0 0 0 0 0 
0 0 0 0 0 0 0 0.234461 0 0 0 0.234461 0 0.234461 0.234461 -2.80517 0 0 0 0 0 0 0 0 0 0 0 0 0 0 0 0.933663 0 0 0 0 0 0 0 0 0 0 0 0 0 0 0 0.933663 0 0 0 0 0 0 0 0 0 0 0 0 0 0 0 0 
0.234461 0 0 0 0 0 0 0 0 0 0 0 0 0 0 0 -1.40154 0.233416 0.233416 0 0.233416 0 0 0 0.233416 0 0 0 0 0 0 0 0 0 0 0 0 0 0 0 0 0 0 0 0 0 0 0 0.233416 0 0 0 0 0 0 0 0 0 0 0 0 0 0 0 
0 0.234461 0 0 0 0 0 0 0 0 0 0 0 0 0 0 0.234461 -2.33625 0 0.466832 0 0.466832 0 0 0 0.466832 0 0 0 0 0 0 0 0 0 0 0 0 0 0 0 0 0 0 0 0 0 0 0 0.466832 0 0 0 0 0 0 0 0 0 0 0 0 0 0 
0 0 0.234461 0 0 0 0 0 0 0 0 0 0 0 0 0 0.234461 0 -2.33625 0.466832 0 0 0.466832 0 0 0 0.466832 0 0 0 0 0 0 0 0 0 0 0 0 0 0 0 0 0 0 0 0 0 0 0 0.466832 0 0 0 0 0 0 0 0 0 0 0 0 0 
0 0 0 0.234461 0 0 0 0 0 0 0 0 0 0 0 0 0 0.234461 0.234461 -2.80412 0 0 0 0.700248 0 0 0 0.700248 0 0 0 0 0 0 0 0 0 0 0 0 0 0 0 0 0 0 0 0 0 0 0 0.700248 0 0 0 0 0 0 0 0 0 0 0 0 
0 0 0 0 0.234461 0 0 0 0 0 0 0 0 0 0 0 0.234461 0 0 0 -2.33625 0.466832 0.466832 0 0 0 0 0 0.466832 0 0 0 0 0 0 0 0 0 0 0 0 0 0 0 0 0 0 0 0 0 0 0 0.466832 0 0 0 0 0 0 0 0 0 0 0 
0 0 0 0 0 0.234461 0 0 0 0 0 0 0 0 0 0 0 0.234461 0 0 0.234461 -2.80412 0 0.700248 0 0 0 0 0 0.700248 0 0 0 0 0 0 0 0 0 0 0 0 0 0 0 0 0 0 0 0 0 0 0 0.700248 0 0 0 0 0 0 0 0 0 0 
0 0 0 0 0 0 0.234461 0 0 0 0 0 0 0 0 0 0 0 0.234461 0 0.234461 0 -2.80412 0.700248 0 0 0 0 0 0 0.700248 0 0 0 0 0 0 0 0 0 0 0 0 0 0 0 0 0 0 0 0 0 0 0 0.700248 0 0 0 0 0 0 0 0 0 
0 0 0 0 0 0 0 0.234461 0 0 0 0 0 0 0 0 0 0 0 0.234461 0 0.234461 0.234461 -2.80517 0 0 0 0 0 0 0 0.933663 0 0 0 0 0 0 0 0 0 0 0 0 0 0 0 0 0 0 0 0 0 0 0 0.933663 0 0 0 0 0 0 0 0 
0 0 0 0 0 0 0 0 0.234461 0 0 0 0 0 0 0 0.234461 0 0 0 0 0 0 0 -2.33625 0.466832 0.466832 0 0.466832 0 0 0 0 0 0 0 0 0 0 0 0 0 0 0 0 0 0 0 0 0 0 0 0 0 0 0 0.466832 0 0 0 0 0 0 0 
0 0 0 0 0 0 0 0 0 0.234461 0 0 0 0 0 0 0 0.234461 0 0 0 0 0 0 0.234461 -2.80412 0 0.700248 0 0.700248 0 0 0 0 0 0 0 0 0 0 0 0 0 0 0 0 0 0 0 0 0 0 0 0 0 0 0 0.700248 0 0 0 0 0 0 
0 0 0 0 0 0 0 0 0 0 0.234461 0 0 0 0 0 0 0 0.234461 0 0 0 0 0 0.234461 0 -2.80412 0.700248 0 0 0.700248 0 0 0 0 0 0 0 0 0 0 0 0 0 0 0 0 0 0 0 0 0 0 0 0 0 0 0 0.700248 0 0 0 0 0 
0 0 0 0 0 0 0 0 0 0 0 0.234461 0 0 0 0 0 0 0 0.234461 0 0 0 0 0 0.234461 0.234461 -2.80517 0 0 0 0.933663 0 0 0 0 0 0 0 0 0 0 0 0 0 0 0 0 0 0 0 0 0 0 0 0 0 0 0 0.933663 0 0 0 0 
0 0 0 0 0 0 0 0 0 0 0 0 0.234461 0 0 0 0 0 0 0 0.234461 0 0 0 0.234461 0 0 0 -2.80412 0.700248 0.700248 0 0 0 0 0 0 0 0 0 0 0 0 0 0 0 0 0 0 0 0 0 0 0 0 0 0 0 0 0 0.700248 0 0 0 
0 0 0 0 0 0 0 0 0 0 0 0 0 0.234461 0 0 0 0 0 0 0 0.234461 0 0 0 0.234461 0 0 0.234461 -2.80517 0 0.933663 0 0 0 0 0 0 0 0 0 0 0 0 0 0 0 0 0 0 0 0 0 0 0 0 0 0 0 0 0 0.933663 0 0 
0 0 0 0 0 0 0 0 0 0 0 0 0 0 0.234461 0 0 0 0 0 0 0 0.234461 0 0 0 0.234461 0 0.234461 0 -2.80517 0.933663 0 0 0 0 0 0 0 0 0 0 0 0 0 0 0 0 0 0 0 0 0 0 0 0 0 0 0 0 0 0 0.933663 0 
0 0 0 0 0 0 0 0 0 0 0 0 0 0 0 0.234461 0 0 0 0 0 0 0 0.234461 0 0 0 0.234461 0 0.234461 0.234461 -2.33938 0 0 0 0 0 0 0 0 0 0 0 0 0 0 0 0 0 0 0 0 0 0 0 0 0 0 0 0 0 0 0 1.16708 
0.234461 0 0 0 0 0 0 0 0 0 0 0 0 0 0 0 0 0 0 0 0 0 0 0 0 0 0 0 0 0 0 0 -1.40154 0.233416 0.233416 0 0.233416 0 0 0 0.233416 0 0 0 0 0 0 0 0.233416 0 0 0 0 0 0 0 0 0 0 0 0 0 0 0 
0 0.234461 0 0 0 0 0 0 0 0 0 0 0 0 0 0 0 0 0 0 0 0 0 0 0 0 0 0 0 0 0 0 0.234461 -2.33625 0 0.466832 0 0.466832 0 0 0 0.466832 0 0 0 0 0 0 0 0.466832 0 0 0 0 0 0 0 0 0 0 0 0 0 0 
0 0 0.234461 0 0 0 0 0 0 0 0 0 0 0 0 0 0 0 0 0 0 0 0 0 0 0 0 0 0 0 0 0 0.234461 0 -2.33625 0.466832 0 0 0.466832 0 0 0 0.466832 0 0 0 0 0 0 0 0.466832 0 0 0 0 0 0 0 0 0 0 0 0 0 
0 0 0 0.234461 0 0 0 0 0 0 0 0 0 0 0 0 0 0 0 0 0 0 0 0 0 0 0 0 0 0 0 0 0 0.234461 0.234461 -2.80412 0 0 0 0.700248 0 0 0 0.700248 0 0 0 0 0 0 0 0.700248 0 0 0 0 0 0 0 0 0 0 0 0 
0 0 0 0 0.234461 0 0 0 0 0 0 0 0 0 0 0 0 0 0 0 0 0 0 0 0 0 0 0 0 0 0 0 0.234461 0 0 0 -2.33625 0.466832 0.466832 0 0 0 0 0 0.466832 0 0 0 0 0 0 0 0.466832 0 0 0 0 0 0 0 0 0 0 0 
0 0 0 0 0 0.234461 0 0 0 0 0 0 0 0 0 0 0 0 0 0 0 0 0 0 0 0 0 0 0 0 0 0 0 0.234461 0 0 0.234461 -2.80412 0 0.700248 0 0 0 0 0 0.700248 0 0 0 0 0 0 0 0.700248 0 0 0 0 0 0 0 0 0 0 
0 0 0 0 0 0 0.234461 0 0 0 0 0 0 0 0 0 0 0 0 0 0 0 0 0 0 0 0 0 0 0 0 0 0 0 0.234461 0 0.234461 0 -2.80412 0.700248 0 0 0 0 0 0 0.700248 0 0 0 0 0 0 0 0.700248 0 0 0 0 0 0 0 0 0 
0 0 0 0 0 0 0 0.234461 0 0 0 0 0 0 0 0 0 0 0 0 0 0 0 0 0 0 0 0 0 0 0 0 0 0 0 0.234461 0 0.234461 0.234461 -2.80517 0 0 0 0 0 0 0 0.933663 0 0 0 0 0 0 0 0.933663 0 0 0 0 0 0 0 0 
0 0 0 0 0 0 0 0 0.234461 0 0 0 0 0 0 0 0 0 0 0 0 0 0 0 0 0 0 0 0 0 0 0 0.234461 0 0 0 0 0 0 0 -2.33625 0.466832 0.466832 0 0.466832 0 0 0 0 0 0 0 0 0 0 0 0.466832 0 0 0 0 0 0 0 
0 0 0 0 0 0 0 0 0 0.234461 0 0 0 0 0 0 0 0 0 0 0 0 0 0 0 0 0 0 0 0 0 0 0 0.234461 0 0 0 0 0 0 0.234461 -2.80412 0 0.700248 0 0.700248 0 0 0 0 0 0 0 0 0 0 0 0.700248 0 0 0 0 0 0 
0 0 0 0 0 0 0 0 0 0 0.234461 0 0 0 0 0 0 0 0 0 0 0 0 0 0 0 0 0 0 0 0 0 0 0 0.234461 0 0 0 0 0 0.234461 0 -2.80412 0.700248 0 0 0.700248 0 0 0 0 0 0 0 0 0 0 0 0.700248 0 0 0 0 0 
0 0 0 0 0 0 0 0 0 0 0 0.234461 0 0 0 0 0 0 0 0 0 0 0 0 0 0 0 0 0 0 0 0 0 0 0 0.234461 0 0 0 0 0 0.234461 0.234461 -2.80517 0 0 0 0.933663 0 0 0 0 0 0 0 0 0 0 0 0.933663 0 0 0 0 
0 0 0 0 0 0 0 0 0 0 0 0 0.234461 0 0 0 0 0 0 0 0 0 0 0 0 0 0 0 0 0 0 0 0 0 0 0 0.234461 0 0 0 0.234461 0 0 0 -2.80412 0.700248 0.700248 0 0 0 0 0 0 0 0 0 0 0 0 0 0.700248 0 0 0 
0 0 0 0 0 0 0 0 0 0 0 0 0 0.234461 0 0 0 0 0 0 0 0 0 0 0 0 0 0 0 0 0 0 0 0 0 0 0 0.234461 0 0 0 0.234461 0 0 0.234461 -2.80517 0 0.933663 0 0 0 0 0 0 0 0 0 0 0 0 0 0.933663 0 0 
0 0 0 0 0 0 0 0 0 0 0 0 0 0 0.234461 0 0 0 0 0 0 0 0 0 0 0 0 0 0 0 0 0 0 0 0 0 0 0 0.234461 0 0 0 0.234461 0 0.234461 0 -2.80517 0.933663 0 0 0 0 0 0 0 0 0 0 0 0 0 0 0.933663 0 
0 0 0 0 0 0 0 0 0 0 0 0 0 0 0 0.234461 0 0 0 0 0 0 0 0 0 0 0 0 0 0 0 0 0 0 0 0 0 0 0 0.234461 0 0 0 0.234461 0 0.234461 0.234461 -2.33938 0 0 0 0 0 0 0 0 0 0 0 0 0 0 0 1.16708 
0 0 0 0 0 0 0 0 0 0 0 0 0 0 0 0 0.234461 0 0 0 0 0 0 0 0 0 0 0 0 0 0 0 0.234461 0 0 0 0 0 0 0 0 0 0 0 0 0 0 0 -2.33625 0.466832 0.466832 0 0.466832 0 0 0 0.466832 0 0 0 0 0 0 0 
0 0 0 0 0 0 0 0 0 0 0 0 0 0 0 0 0 0.234461 0 0 0 0 0 0 0 0 0 0 0 0 0 0 0 0.234461 0 0 0 0 0 0 0 0 0 0 0 0 0 0 0.234461 -2.80412 0 0.700248 0 0.700248 0 0 0 0.700248 0 0 0 0 0 0 
0 0 0 0 0 0 0 0 0 0 0 0 0 0 0 0 0 0 0.234461 0 0 0 0 0 0 0 0 0 0 0 0 0 0 0 0.234461 0 0 0 0 0 0 0 0 0 0 0 0 0 0.234461 0 -2.80412 0.700248 0 0 0.700248 0 0 0 0.700248 0 0 0 0 0 
0 0 0 0 0 0 0 0 0 0 0 0 0 0 0 0 0 0 0 0.234461 0 0 0 0 0 0 0 0 0 0 0 0 0 0 0 0.234461 0 0 0 0 0 0 0 0 0 0 0 0 0 0.234461 0.234461 -2.80517 0 0 0 0.933663 0 0 0 0.933663 0 0 0 0 
0 0 0 0 0 0 0 0 0 0 0 0 0 0 0 0 0 0 0 0 0.234461 0 0 0 0 0 0 0 0 0 0 0 0 0 0 0 0.234461 0 0 0 0 0 0 0 0 0 0 0 0.234461 0 0 0 -2.80412 0.700248 0.700248 0 0 0 0 0 0.700248 0 0 0 
0 0 0 0 0 0 0 0 0 0 0 0 0 0 0 0 0 0 0 0 0 0.234461 0 0 0 0 0 0 0 0 0 0 0 0 0 0 0 0.234461 0 0 0 0 0 0 0 0 0 0 0 0.234461 0 0 0.234461 -2.80517 0 0.933663 0 0 0 0 0 0.933663 0 0 
0 0 0 0 0 0 0 0 0 0 0 0 0 0 0 0 0 0 0 0 0 0 0.234461 0 0 0 0 0 0 0 0 0 0 0 0 0 0 0 0.234461 0 0 0 0 0 0 0 0 0 0 0 0.234461 0 0.234461 0 -2.80517 0.933663 0 0 0 0 0 0 0.933663 0 
0 0 0 0 0 0 0 0 0 0 0 0 0 0 0 0 0 0 0 0 0 0 0 0.234461 0 0 0 0 0 0 0 0 0 0 0 0 0 0 0 0.234461 0 0 0 0 0 0 0 0 0 0 0 0.234461 0 0.234461 0.234461 -2.33938 0 0 0 0 0 0 0 1.16708 
0 0 0 0 0 0 0 0 0 0 0 0 0 0 0 0 0 0 0 0 0 0 0 0 0.234461 0 0 0 0 0 0 0 0 0 0 0 0 0 0 0 0.234461 0 0 0 0 0 0 0 0.234461 0 0 0 0 0 0 0 -2.80412 0.700248 0.700248 0 0.700248 0 0 0 
0 0 0 0 0 0 0 0 0 0 0 0 0 0 0 0 0 0 0 0 0 0 0 0 0 0.234461 0 0 0 0 0 0 0 0 0 0 0 0 0 0 0 0.234461 0 0 0 0 0 0 0 0.234461 0 0 0 0 0 0 0.234461 -2.80517 0 0.933663 0 0.933663 0 0 
0 0 0 0 0 0 0 0 0 0 0 0 0 0 0 0 0 0 0 0 0 0 0 0 0 0 0.234461 0 0 0 0 0 0 0 0 0 0 0 0 0 0 0 0.234461 0 0 0 0 0 0 0 0.234461 0 0 0 0 0 0.234461 0 -2.80517 0.933663 0 0 0.933663 0 
0 0 0 0 0 0 0 0 0 0 0 0 0 0 0 0 0 0 0 0 0 0 0 0 0 0 0 0.234461 0 0 0 0 0 0 0 0 0 0 0 0 0 0 0 0.234461 0 0 0 0 0 0 0 0.234461 0 0 0 0 0 0.234461 0.234461 -2.33938 0 0 0 1.16708 
0 0 0 0 0 0 0 0 0 0 0 0 0 0 0 0 0 0 0 0 0 0 0 0 0 0 0 0 0.234461 0 0 0 0 0 0 0 0 0 0 0 0 0 0 0 0.234461 0 0 0 0 0 0 0 0.234461 0 0 0 0.234461 0 0 0 -2.80517 0.933663 0.933663 0 
0 0 0 0 0 0 0 0 0 0 0 0 0 0 0 0 0 0 0 0 0 0 0 0 0 0 0 0 0 0.234461 0 0 0 0 0 0 0 0 0 0 0 0 0 0 0 0.234461 0 0 0 0 0 0 0 0.234461 0 0 0 0.234461 0 0 0.234461 -2.33938 0 1.16708 
0 0 0 0 0 0 0 0 0 0 0 0 0 0 0 0 0 0 0 0 0 0 0 0 0 0 0 0 0 0 0.234461 0 0 0 0 0 0 0 0 0 0 0 0 0 0 0 0.234461 0 0 0 0 0 0 0 0.234461 0 0 0 0.234461 0 0.234461 0 -2.33938 1.16708 
0 0 0 0 0 0 0 0 0 0 0 0 0 0 0 0 0 0 0 0 0 0 0 0 0 0 0 0 0 0 0 0.234461 0 0 0 0 0 0 0 0 0 0 0 0 0 0 0 0.234461 0 0 0 0 0 0 0 0.234461 0 0 0 0.234461 0 0.234461 0.234461 -1.40676 
