32
-0 0 0 0 0 0 0 0 0 0 0 0 0 0 0 0 0 0 0 0 0 0 0 0 0 0 0 0 0 0 0 0 
0.209345 -1.14582 0 0.234118 0 0.234118 0 0 0 0.234118 0 0 0 0 0 0 0 0.234118 0 0 0 0 0 0 0 0 0 0 0 0 0 0 
0.209345 0 -1.14582 0.234118 0 0 0.234118 0 0 0 0.234118 0 0 0 0 0 0 0 0.234118 0 0 0 0 0 0 0 0 0 0 0 0 0 
0 0.209345 0.209345 -1.8234 0 0 0 0.468236 0 0 0 0.468236 0 0 0 0 0 0 0 0.468236 0 0 0 0 0 0 0 0 0 0 0 0 
0.209345 0 0 0 -1.14582 0.234118 0.234118 0 0 0 0 0 0.234118 0 0 0 0 0 0 0 0.234118 0 0 0 0 0 0 0 0 0 0 0 
0 0.209345 0 0 0.209345 -1.8234 0 0.468236 0 0 0 0 0 0.468236 0 0 0 0 0 0 0 0.468236 0 0 0 0 0 0 0 0 0 0 
0 0 0.209345 0 0.209345 0 -1.8234 0.468236 0 0 0 0 0 0 0.468236 0 0 0 0 0 0 0 0.468236 0 0 0 0 0 0 0 0 0 
0 0 0 0.209345 0 0.209345 0.209345 -2.03274 0 0 0 0 0 0 0 0.702354 0 0 0 0 0 0 0 0.702354 0 0 0 0 0 0 0 0 
0.209345 0 0 0 0 0 0 0 -1.14582 0.234118 0.234118 0 0.234118 0 0 0 0 0 0 0 0 0 0 0 0.234118 0 0 0 0 0 0 0 
0 0.209345 0 0 0 0 0 0 0.209345 -1.8234 0 0.468236 0 0.468236 0 0 0 0 0 0 0 0 0 0 0 0.468236 0 0 0 0 0 0 
0 0 0.209345 0 0 0 0 0 0.209345 0 -1.8234 0.468236 0 0 0.468236 0 0 0 0 0 0 0 0 0 0 0 0.468236 0 0 0 0 0 
0 0 0 0.209345 0 0 0 0 0 0.209345 0.209345 -2.03274 0 0 0 0.702354 0 0 0 0 0 0 0 0 0 0 0 0.702354 0 0 0 0 
0 0 0 0 0.209345 0 0 0 0.209345 0 0 0 -1.8234 0.468236 0.468236 0 0 0 0 0 0 0 0 0 0 0 0 0 0.468236 0 0 0 
0 0 0 0 0 0.209345 0 0 0 0.209345 0 0 0.209345 -2.03274 0 0.702354 0 0 0 0 0 0 0 0 0 0 0 0 0 0.702354 0 0 
0 0 0 0 0 0 0.209345 0 0 0 0.209345 0 0.209345 0 -2.03274 0.702354 0 0 0 0 0 0 0 0 0 0 0 0 0 0 0.702354 0 
0 0 0 0 0 0 0 0.209345 0 0 0 0.209345 0 0.209345 0.209345 -1.77385 0 0 0 0 0 0 0 0 0 0 0 0 0 0 0 0.936472 
0.209345 0 0 0 0 0 0 0 0 0 0 0 0 0 0 0 -1.14582 0.234118 0.234118 0 0.234118 0 0 0 0.234118 0 0 0 0 0 0 0 
0 0.209345 0 0 0 0 0 0 0 0 0 0 0 0 0 0 0.209345 -1.8234 0 0.468236 0 0.468236 0 0 0 0.468236 0 0 0 0 0 0 
0 0 0.209345 0 0 0 0 0 0 0 0 0 0 0 0 0 0.209345 0 -1.8234 0.468236 0 0 0.468236 0 0 0 0.468236 0 0 0 0 0 
0 0 0 0.209345 0 0 0 0 0 0 0 0 0 0 0 0 0 0.209345 0.209345 -2.03274 0 0 0 0.702354 0 0 0 0.702354 0 0 0 0 
0 0 0 0 0.209345 0 0 0 0 0 0 0 0 0 0 0 0.209345 0 0 0 -1.8234 0.468236 0.468236 0 0 0 0 0 0.468236 0 0 0 
0 0 0 0 0 0.209345 0 0 0 0 0 0 0 0 0 0 0 0.209345 0 0 0.209345 -2.03274 0 0.702354 0 0 0 0 0 0.702354 0 0 
0 0 0 0 0 0 0.209345 0 0 0 0 0 0 0 0 0 0 0 0.209345 0 0.209345 0 -2.03274 0.702354 0 0 0 0 0 0 0.702354 0 
0 0 0 0 0 0 0 0.209345 0 0 0 0 0 0 0 0 0 0 0 0.209345 0 0.209345 0.209345 -1.77385 0 0 0 0 0 0 0 0.936472 
0 0 0 0 0 0 0 0 0.209345 0 0 0 0 0 0 0 0.209345 0 0 0 0 0 0 0 -1.8234 0.468236 0.468236 0 0.468236 0 0 0 
0 0 0 0 0 0 0 0 0 0.209345 0 0 0 0 0 0 0 0.209345 0 0 0 0 0 0 0.209345 -2.03274 0 0.702354 0 0.702354 0 0 
0 0 0 0 0 0 0 0 0 0 0.209345 0 0 0 0 0 0 0 0.209345 0 0 0 0 0 0.209345 0 -2.03274 0.702354 0 0 0.702354 0 
0 0 0 0 0 0 0 0 0 0 0 0.209345 0 0 0 0 0 0 0 0.209345 0 0 0 0 0 0.209345 0.209345 -1.77385 0 0 0 0.936472 
0 0 0 0 0 0 0 0 0 0 0 0 0.209345 0 0 0 0 0 0 0 0.209345 0 0 0 0.209345 0 0 0 -2.03274 0.702354 0.702354 0 
0 0 0 0 0 0 0 0 0 0 0 0 0 0.209345 0 0 0 0 0 0 0 0.209345 0 0 0 0.209345 0 0 0.209345 -1.77385 0 0.936472 
0 0 0 0 0 0 0 0 0 0 0 0 0 0 0.209345 0 0 0 0 0 0 0 0.209345 0 0 0 0.209345 0 0.209345 0 -1.77385 0.936472 
0 0 0 0 0 0 0 0 0 0 0 0 0 0 0 0.209345 0 0 0 0 0 0 0 0.209345 0 0 0 0.209345 0 0.209345 0.209345 -1.04673 
