32
-0 0 0 0 0 0 0 0 0 0 0 0 0 0 0 0 0 0 0 0 0 0 0 0 0 0 0 0 0 0 0 0 
0.283605 -1.69382 0 0.352553 0 0.352553 0 0 0 0.352553 0 0 0 0 0 0 0 0.352553 0 0 0 0 0 0 0 0 0 0 0 0 0 0 
0.283605 0 -1.69382 0.352553 0 0 0.352553 0 0 0 0.352553 0 0 0 0 0 0 0 0.352553 0 0 0 0 0 0 0 0 0 0 0 0 0 
0 0.283605 0.283605 -2.68253 0 0 0 0.705105 0 0 0 0.705105 0 0 0 0 0 0 0 0.705105 0 0 0 0 0 0 0 0 0 0 0 0 
0.283605 0 0 0 -1.69382 0.352553 0.352553 0 0 0 0 0 0.352553 0 0 0 0 0 0 0 0.352553 0 0 0 0 0 0 0 0 0 0 0 
0 0.283605 0 0 0.283605 -2.68253 0 0.705105 0 0 0 0 0 0.705105 0 0 0 0 0 0 0 0.705105 0 0 0 0 0 0 0 0 0 0 
0 0 0.283605 0 0.283605 0 -2.68253 0.705105 0 0 0 0 0 0 0.705105 0 0 0 0 0 0 0 0.705105 0 0 0 0 0 0 0 0 0 
0 0 0 0.283605 0 0.283605 0.283605 -2.96613 0 0 0 0 0 0 0 1.05766 0 0 0 0 0 0 0 1.05766 0 0 0 0 0 0 0 0 
0.283605 0 0 0 0 0 0 0 -1.69382 0.352553 0.352553 0 0.352553 0 0 0 0 0 0 0 0 0 0 0 0.352553 0 0 0 0 0 0 0 
0 0.283605 0 0 0 0 0 0 0.283605 -2.68253 0 0.705105 0 0.705105 0 0 0 0 0 0 0 0 0 0 0 0.705105 0 0 0 0 0 0 
0 0 0.283605 0 0 0 0 0 0.283605 0 -2.68253 0.705105 0 0 0.705105 0 0 0 0 0 0 0 0 0 0 0 0.705105 0 0 0 0 0 
0 0 0 0.283605 0 0 0 0 0 0.283605 0.283605 -2.96613 0 0 0 1.05766 0 0 0 0 0 0 0 0 0 0 0 1.05766 0 0 0 0 
0 0 0 0 0.283605 0 0 0 0.283605 0 0 0 -2.68253 0.705105 0.705105 0 0 0 0 0 0 0 0 0 0 0 0 0 0.705105 0 0 0 
0 0 0 0 0 0.283605 0 0 0 0.283605 0 0 0.283605 -2.96613 0 1.05766 0 0 0 0 0 0 0 0 0 0 0 0 0 1.05766 0 0 
0 0 0 0 0 0 0.283605 0 0 0 0.283605 0 0.283605 0 -2.96613 1.05766 0 0 0 0 0 0 0 0 0 0 0 0 0 0 1.05766 0 
0 0 0 0 0 0 0 0.283605 0 0 0 0.283605 0 0.283605 0.283605 -2.54463 0 0 0 0 0 0 0 0 0 0 0 0 0 0 0 1.41021 
0.283605 0 0 0 0 0 0 0 0 0 0 0 0 0 0 0 -1.69382 0.352553 0.352553 0 0.352553 0 0 0 0.352553 0 0 0 0 0 0 0 
0 0.283605 0 0 0 0 0 0 0 0 0 0 0 0 0 0 0.283605 -2.68253 0 0.705105 0 0.705105 0 0 0 0.705105 0 0 0 0 0 0 
0 0 0.283605 0 0 0 0 0 0 0 0 0 0 0 0 0 0.283605 0 -2.68253 0.705105 0 0 0.705105 0 0 0 0.705105 0 0 0 0 0 
0 0 0 0.283605 0 0 0 0 0 0 0 0 0 0 0 0 0 0.283605 0.283605 -2.96613 0 0 0 1.05766 0 0 0 1.05766 0 0 0 0 
0 0 0 0 0.283605 0 0 0 0 0 0 0 0 0 0 0 0.283605 0 0 0 -2.68253 0.705105 0.705105 0 0 0 0 0 0.705105 0 0 0 
0 0 0 0 0 0.283605 0 0 0 0 0 0 0 0 0 0 0 0.283605 0 0 0.283605 -2.96613 0 1.05766 0 0 0 0 0 1.05766 0 0 
0 0 0 0 0 0 0.283605 0 0 0 0 0 0 0 0 0 0 0 0.283605 0 0.283605 0 -2.96613 1.05766 0 0 0 0 0 0 1.05766 0 
0 0 0 0 0 0 0 0.283605 0 0 0 0 0 0 0 0 0 0 0 0.283605 0 0.283605 0.283605 -2.54463 0 0 0 0 0 0 0 1.41021 
0 0 0 0 0 0 0 0 0.283605 0 0 0 0 0 0 0 0.283605 0 0 0 0 0 0 0 -2.68253 0.705105 0.705105 0 0.705105 0 0 0 
0 0 0 0 0 0 0 0 0 0.283605 0 0 0 0 0 0 0 0.283605 0 0 0 0 0 0 0.283605 -2.96613 0 1.05766 0 1.05766 0 0 
0 0 0 0 0 0 0 0 0 0 0.283605 0 0 0 0 0 0 0 0.283605 0 0 0 0 0 0.283605 0 -2.96613 1.05766 0 0 1.05766 0 
0 0 0 0 0 0 0 0 0 0 0 0.283605 0 0 0 0 0 0 0 0.283605 0 0 0 0 0 0.283605 0.283605 -2.54463 0 0 0 1.41021 
0 0 0 0 0 0 0 0 0 0 0 0 0.283605 0 0 0 0 0 0 0 0.283605 0 0 0 0.283605 0 0 0 -2.96613 1.05766 1.05766 0 
0 0 0 0 0 0 0 0 0 0 0 0 0 0.283605 0 0 0 0 0 0 0 0.283605 0 0 0 0.283605 0 0 0.283605 -2.54463 0 1.41021 
0 0 0 0 0 0 0 0 0 0 0 0 0 0 0.283605 0 0 0 0 0 0 0 0.283605 0 0 0 0.283605 0 0.283605 0 -2.54463 1.41021 
0 0 0 0 0 0 0 0 0 0 0 0 0 0 0 0.283605 0 0 0 0 0 0 0 0.283605 0 0 0 0.283605 0 0.283605 0.283605 -1.41802 
