32
-0 0 0 0 0 0 0 0 0 0 0 0 0 0 0 0 0 0 0 0 0 0 0 0 0 0 0 0 0 0 0 0 
0.240946 -1.41717 0 0.294057 0 0.294057 0 0 0 0.294057 0 0 0 0 0 0 0 0.294057 0 0 0 0 0 0 0 0 0 0 0 0 0 0 
0.240946 0 -1.41717 0.294057 0 0 0.294057 0 0 0 0.294057 0 0 0 0 0 0 0 0.294057 0 0 0 0 0 0 0 0 0 0 0 0 0 
0 0.240946 0.240946 -2.24623 0 0 0 0.588114 0 0 0 0.588114 0 0 0 0 0 0 0 0.588114 0 0 0 0 0 0 0 0 0 0 0 0 
0.240946 0 0 0 -1.41717 0.294057 0.294057 0 0 0 0 0 0.294057 0 0 0 0 0 0 0 0.294057 0 0 0 0 0 0 0 0 0 0 0 
0 0.240946 0 0 0.240946 -2.24623 0 0.588114 0 0 0 0 0 0.588114 0 0 0 0 0 0 0 0.588114 0 0 0 0 0 0 0 0 0 0 
0 0 0.240946 0 0.240946 0 -2.24623 0.588114 0 0 0 0 0 0 0.588114 0 0 0 0 0 0 0 0.588114 0 0 0 0 0 0 0 0 0 
0 0 0 0.240946 0 0.240946 0.240946 -2.48718 0 0 0 0 0 0 0 0.882171 0 0 0 0 0 0 0 0.882171 0 0 0 0 0 0 0 0 
0.240946 0 0 0 0 0 0 0 -1.41717 0.294057 0.294057 0 0.294057 0 0 0 0 0 0 0 0 0 0 0 0.294057 0 0 0 0 0 0 0 
0 0.240946 0 0 0 0 0 0 0.240946 -2.24623 0 0.588114 0 0.588114 0 0 0 0 0 0 0 0 0 0 0 0.588114 0 0 0 0 0 0 
0 0 0.240946 0 0 0 0 0 0.240946 0 -2.24623 0.588114 0 0 0.588114 0 0 0 0 0 0 0 0 0 0 0 0.588114 0 0 0 0 0 
0 0 0 0.240946 0 0 0 0 0 0.240946 0.240946 -2.48718 0 0 0 0.882171 0 0 0 0 0 0 0 0 0 0 0 0.882171 0 0 0 0 
0 0 0 0 0.240946 0 0 0 0.240946 0 0 0 -2.24623 0.588114 0.588114 0 0 0 0 0 0 0 0 0 0 0 0 0 0.588114 0 0 0 
0 0 0 0 0 0.240946 0 0 0 0.240946 0 0 0.240946 -2.48718 0 0.882171 0 0 0 0 0 0 0 0 0 0 0 0 0 0.882171 0 0 
0 0 0 0 0 0 0.240946 0 0 0 0.240946 0 0.240946 0 -2.48718 0.882171 0 0 0 0 0 0 0 0 0 0 0 0 0 0 0.882171 0 
0 0 0 0 0 0 0 0.240946 0 0 0 0.240946 0 0.240946 0.240946 -2.14001 0 0 0 0 0 0 0 0 0 0 0 0 0 0 0 1.17623 
0.240946 0 0 0 0 0 0 0 0 0 0 0 0 0 0 0 -1.41717 0.294057 0.294057 0 0.294057 0 0 0 0.294057 0 0 0 0 0 0 0 
0 0.240946 0 0 0 0 0 0 0 0 0 0 0 0 0 0 0.240946 -2.24623 0 0.588114 0 0.588114 0 0 0 0.588114 0 0 0 0 0 0 
0 0 0.240946 0 0 0 0 0 0 0 0 0 0 0 0 0 0.240946 0 -2.24623 0.588114 0 0 0.588114 0 0 0 0.588114 0 0 0 0 0 
0 0 0 0.240946 0 0 0 0 0 0 0 0 0 0 0 0 0 0.240946 0.240946 -2.48718 0 0 0 0.882171 0 0 0 0.882171 0 0 0 0 
0 0 0 0 0.240946 0 0 0 0 0 0 0 0 0 0 0 0.240946 0 0 0 -2.24623 0.588114 0.588114 0 0 0 0 0 0.588114 0 0 0 
0 0 0 0 0 0.240946 0 0 0 0 0 0 0 0 0 0 0 0.240946 0 0 0.240946 -2.48718 0 0.882171 0 0 0 0 0 0.882171 0 0 
0 0 0 0 0 0 0.240946 0 0 0 0 0 0 0 0 0 0 0 0.240946 0 0.240946 0 -2.48718 0.882171 0 0 0 0 0 0 0.882171 0 
0 0 0 0 0 0 0 0.240946 0 0 0 0 0 0 0 0 0 0 0 0.240946 0 0.240946 0.240946 -2.14001 0 0 0 0 0 0 0 1.17623 
0 0 0 0 0 0 0 0 0.240946 0 0 0 0 0 0 0 0.240946 0 0 0 0 0 0 0 -2.24623 0.588114 0.588114 0 0.588114 0 0 0 
0 0 0 0 0 0 0 0 0 0.240946 0 0 0 0 0 0 0 0.240946 0 0 0 0 0 0 0.240946 -2.48718 0 0.882171 0 0.882171 0 0 
0 0 0 0 0 0 0 0 0 0 0.240946 0 0 0 0 0 0 0 0.240946 0 0 0 0 0 0.240946 0 -2.48718 0.882171 0 0 0.882171 0 
0 0 0 0 0 0 0 0 0 0 0 0.240946 0 0 0 0 0 0 0 0.240946 0 0 0 0 0 0.240946 0.240946 -2.14001 0 0 0 1.17623 
0 0 0 0 0 0 0 0 0 0 0 0 0.240946 0 0 0 0 0 0 0 0.240946 0 0 0 0.240946 0 0 0 -2.48718 0.882171 0.882171 0 
0 0 0 0 0 0 0 0 0 0 0 0 0 0.240946 0 0 0 0 0 0 0 0.240946 0 0 0 0.240946 0 0 0.240946 -2.14001 0 1.17623 
0 0 0 0 0 0 0 0 0 0 0 0 0 0 0.240946 0 0 0 0 0 0 0 0.240946 0 0 0 0.240946 0 0.240946 0 -2.14001 1.17623 
0 0 0 0 0 0 0 0 0 0 0 0 0 0 0 0.240946 0 0 0 0 0 0 0 0.240946 0 0 0 0.240946 0 0.240946 0.240946 -1.20473 
