64
-0 0 0 0 0 0 0 0 0 0 0 0 0 0 0 0 0 0 0 0 0 0 0 0 0 0 0 0 0 0 0 0 0 0 0 0 0 0 0 0 0 0 0 0 0 0 0 0 0 0 0 0 0 0 0 0 0 0 0 0 0 0 0 0 
0.460417 -2.18714 0 0.345344 0 0.345344 0 0 0 0.345344 0 0 0 0 0 0 0 0.345344 0 0 0 0 0 0 0 0 0 0 0 0 0 0 0 0.345344 0 0 0 0 0 0 0 0 0 0 0 0 0 0 0 0 0 0 0 0 0 0 0 0 0 0 0 0 0 0 
0.460417 0 -2.18714 0.345344 0 0 0.345344 0 0 0 0.345344 0 0 0 0 0 0 0 0.345344 0 0 0 0 0 0 0 0 0 0 0 0 0 0 0 0.345344 0 0 0 0 0 0 0 0 0 0 0 0 0 0 0 0 0 0 0 0 0 0 0 0 0 0 0 0 0 
0 0.460417 0.460417 -3.68359 0 0 0 0.690689 0 0 0 0.690689 0 0 0 0 0 0 0 0.690689 0 0 0 0 0 0 0 0 0 0 0 0 0 0 0 0.690689 0 0 0 0 0 0 0 0 0 0 0 0 0 0 0 0 0 0 0 0 0 0 0 0 0 0 0 0 
0.460417 0 0 0 -2.18714 0.345344 0.345344 0 0 0 0 0 0.345344 0 0 0 0 0 0 0 0.345344 0 0 0 0 0 0 0 0 0 0 0 0 0 0 0 0.345344 0 0 0 0 0 0 0 0 0 0 0 0 0 0 0 0 0 0 0 0 0 0 0 0 0 0 0 
0 0.460417 0 0 0.460417 -3.68359 0 0.690689 0 0 0 0 0 0.690689 0 0 0 0 0 0 0 0.690689 0 0 0 0 0 0 0 0 0 0 0 0 0 0 0 0.690689 0 0 0 0 0 0 0 0 0 0 0 0 0 0 0 0 0 0 0 0 0 0 0 0 0 0 
0 0 0.460417 0 0.460417 0 -3.68359 0.690689 0 0 0 0 0 0 0.690689 0 0 0 0 0 0 0 0.690689 0 0 0 0 0 0 0 0 0 0 0 0 0 0 0 0.690689 0 0 0 0 0 0 0 0 0 0 0 0 0 0 0 0 0 0 0 0 0 0 0 0 0 
0 0 0 0.460417 0 0.460417 0.460417 -4.48935 0 0 0 0 0 0 0 1.03603 0 0 0 0 0 0 0 1.03603 0 0 0 0 0 0 0 0 0 0 0 0 0 0 0 1.03603 0 0 0 0 0 0 0 0 0 0 0 0 0 0 0 0 0 0 0 0 0 0 0 0 
0.460417 0 0 0 0 0 0 0 -2.18714 0.345344 0.345344 0 0.345344 0 0 0 0 0 0 0 0 0 0 0 0.345344 0 0 0 0 0 0 0 0 0 0 0 0 0 0 0 0.345344 0 0 0 0 0 0 0 0 0 0 0 0 0 0 0 0 0 0 0 0 0 0 0 
0 0.460417 0 0 0 0 0 0 0.460417 -3.68359 0 0.690689 0 0.690689 0 0 0 0 0 0 0 0 0 0 0 0.690689 0 0 0 0 0 0 0 0 0 0 0 0 0 0 0 0.690689 0 0 0 0 0 0 0 0 0 0 0 0 0 0 0 0 0 0 0 0 0 0 
0 0 0.460417 0 0 0 0 0 0.460417 0 -3.68359 0.690689 0 0 0.690689 0 0 0 0 0 0 0 0 0 0 0 0.690689 0 0 0 0 0 0 0 0 0 0 0 0 0 0 0 0.690689 0 0 0 0 0 0 0 0 0 0 0 0 0 0 0 0 0 0 0 0 0 
0 0 0 0.460417 0 0 0 0 0 0.460417 0.460417 -4.48935 0 0 0 1.03603 0 0 0 0 0 0 0 0 0 0 0 1.03603 0 0 0 0 0 0 0 0 0 0 0 0 0 0 0 1.03603 0 0 0 0 0 0 0 0 0 0 0 0 0 0 0 0 0 0 0 0 
0 0 0 0 0.460417 0 0 0 0.460417 0 0 0 -3.68359 0.690689 0.690689 0 0 0 0 0 0 0 0 0 0 0 0 0 0.690689 0 0 0 0 0 0 0 0 0 0 0 0 0 0 0 0.690689 0 0 0 0 0 0 0 0 0 0 0 0 0 0 0 0 0 0 0 
0 0 0 0 0 0.460417 0 0 0 0.460417 0 0 0.460417 -4.48935 0 1.03603 0 0 0 0 0 0 0 0 0 0 0 0 0 1.03603 0 0 0 0 0 0 0 0 0 0 0 0 0 0 0 1.03603 0 0 0 0 0 0 0 0 0 0 0 0 0 0 0 0 0 0 
0 0 0 0 0 0 0.460417 0 0 0 0.460417 0 0.460417 0 -4.48935 1.03603 0 0 0 0 0 0 0 0 0 0 0 0 0 0 1.03603 0 0 0 0 0 0 0 0 0 0 0 0 0 0 0 1.03603 0 0 0 0 0 0 0 0 0 0 0 0 0 0 0 0 0 
0 0 0 0 0 0 0 0.460417 0 0 0 0.460417 0 0.460417 0.460417 -4.60443 0 0 0 0 0 0 0 0 0 0 0 0 0 0 0 1.38138 0 0 0 0 0 0 0 0 0 0 0 0 0 0 0 1.38138 0 0 0 0 0 0 0 0 0 0 0 0 0 0 0 0 
0.460417 0 0 0 0 0 0 0 0 0 0 0 0 0 0 0 -2.18714 0.345344 0.345344 0 0.345344 0 0 0 0.345344 0 0 0 0 0 0 0 0 0 0 0 0 0 0 0 0 0 0 0 0 0 0 0 0.345344 0 0 0 0 0 0 0 0 0 0 0 0 0 0 0 
0 0.460417 0 0 0 0 0 0 0 0 0 0 0 0 0 0 0.460417 -3.68359 0 0.690689 0 0.690689 0 0 0 0.690689 0 0 0 0 0 0 0 0 0 0 0 0 0 0 0 0 0 0 0 0 0 0 0 0.690689 0 0 0 0 0 0 0 0 0 0 0 0 0 0 
0 0 0.460417 0 0 0 0 0 0 0 0 0 0 0 0 0 0.460417 0 -3.68359 0.690689 0 0 0.690689 0 0 0 0.690689 0 0 0 0 0 0 0 0 0 0 0 0 0 0 0 0 0 0 0 0 0 0 0 0.690689 0 0 0 0 0 0 0 0 0 0 0 0 0 
0 0 0 0.460417 0 0 0 0 0 0 0 0 0 0 0 0 0 0.460417 0.460417 -4.48935 0 0 0 1.03603 0 0 0 1.03603 0 0 0 0 0 0 0 0 0 0 0 0 0 0 0 0 0 0 0 0 0 0 0 1.03603 0 0 0 0 0 0 0 0 0 0 0 0 
0 0 0 0 0.460417 0 0 0 0 0 0 0 0 0 0 0 0.460417 0 0 0 -3.68359 0.690689 0.690689 0 0 0 0 0 0.690689 0 0 0 0 0 0 0 0 0 0 0 0 0 0 0 0 0 0 0 0 0 0 0 0.690689 0 0 0 0 0 0 0 0 0 0 0 
0 0 0 0 0 0.460417 0 0 0 0 0 0 0 0 0 0 0 0.460417 0 0 0.460417 -4.48935 0 1.03603 0 0 0 0 0 1.03603 0 0 0 0 0 0 0 0 0 0 0 0 0 0 0 0 0 0 0 0 0 0 0 1.03603 0 0 0 0 0 0 0 0 0 0 
0 0 0 0 0 0 0.460417 0 0 0 0 0 0 0 0 0 0 0 0.460417 0 0.460417 0 -4.48935 1.03603 0 0 0 0 0 0 1.03603 0 0 0 0 0 0 0 0 0 0 0 0 0 0 0 0 0 0 0 0 0 0 0 1.03603 0 0 0 0 0 0 0 0 0 
0 0 0 0 0 0 0 0.460417 0 0 0 0 0 0 0 0 0 0 0 0.460417 0 0.460417 0.460417 -4.60443 0 0 0 0 0 0 0 1.38138 0 0 0 0 0 0 0 0 0 0 0 0 0 0 0 0 0 0 0 0 0 0 0 1.38138 0 0 0 0 0 0 0 0 
0 0 0 0 0 0 0 0 0.460417 0 0 0 0 0 0 0 0.460417 0 0 0 0 0 0 0 -3.68359 0.690689 0.690689 0 0.690689 0 0 0 0 0 0 0 0 0 0 0 0 0 0 0 0 0 0 0 0 0 0 0 0 0 0 0 0.690689 0 0 0 0 0 0 0 
0 0 0 0 0 0 0 0 0 0.460417 0 0 0 0 0 0 0 0.460417 0 0 0 0 0 0 0.460417 -4.48935 0 1.03603 0 1.03603 0 0 0 0 0 0 0 0 0 0 0 0 0 0 0 0 0 0 0 0 0 0 0 0 0 0 0 1.03603 0 0 0 0 0 0 
0 0 0 0 0 0 0 0 0 0 0.460417 0 0 0 0 0 0 0 0.460417 0 0 0 0 0 0.460417 0 -4.48935 1.03603 0 0 1.03603 0 0 0 0 0 0 0 0 0 0 0 0 0 0 0 0 0 0 0 0 0 0 0 0 0 0 0 1.03603 0 0 0 0 0 
0 0 0 0 0 0 0 0 0 0 0 0.460417 0 0 0 0 0 0 0 0.460417 0 0 0 0 0 0.460417 0.460417 -4.60443 0 0 0 1.38138 0 0 0 0 0 0 0 0 0 0 0 0 0 0 0 0 0 0 0 0 0 0 0 0 0 0 0 1.38138 0 0 0 0 
0 0 0 0 0 0 0 0 0 0 0 0 0.460417 0 0 0 0 0 0 0 0.460417 0 0 0 0.460417 0 0 0 -4.48935 1.03603 1.03603 0 0 0 0 0 0 0 0 0 0 0 0 0 0 0 0 0 0 0 0 0 0 0 0 0 0 0 0 0 1.03603 0 0 0 
0 0 0 0 0 0 0 0 0 0 0 0 0 0.460417 0 0 0 0 0 0 0 0.460417 0 0 0 0.460417 0 0 0.460417 -4.60443 0 1.38138 0 0 0 0 0 0 0 0 0 0 0 0 0 0 0 0 0 0 0 0 0 0 0 0 0 0 0 0 0 1.38138 0 0 
0 0 0 0 0 0 0 0 0 0 0 0 0 0 0.460417 0 0 0 0 0 0 0 0.460417 0 0 0 0.460417 0 0.460417 0 -4.60443 1.38138 0 0 0 0 0 0 0 0 0 0 0 0 0 0 0 0 0 0 0 0 0 0 0 0 0 0 0 0 0 0 1.38138 0 
0 0 0 0 0 0 0 0 0 0 0 0 0 0 0 0.460417 0 0 0 0 0 0 0 0.460417 0 0 0 0.460417 0 0.460417 0.460417 -4.02881 0 0 0 0 0 0 0 0 0 0 0 0 0 0 0 0 0 0 0 0 0 0 0 0 0 0 0 0 0 0 0 1.72672 
0.460417 0 0 0 0 0 0 0 0 0 0 0 0 0 0 0 0 0 0 0 0 0 0 0 0 0 0 0 0 0 0 0 -2.18714 0.345344 0.345344 0 0.345344 0 0 0 0.345344 0 0 0 0 0 0 0 0.345344 0 0 0 0 0 0 0 0 0 0 0 0 0 0 0 
0 0.460417 0 0 0 0 0 0 0 0 0 0 0 0 0 0 0 0 0 0 0 0 0 0 0 0 0 0 0 0 0 0 0.460417 -3.68359 0 0.690689 0 0.690689 0 0 0 0.690689 0 0 0 0 0 0 0 0.690689 0 0 0 0 0 0 0 0 0 0 0 0 0 0 
0 0 0.460417 0 0 0 0 0 0 0 0 0 0 0 0 0 0 0 0 0 0 0 0 0 0 0 0 0 0 0 0 0 0.460417 0 -3.68359 0.690689 0 0 0.690689 0 0 0 0.690689 0 0 0 0 0 0 0 0.690689 0 0 0 0 0 0 0 0 0 0 0 0 0 
0 0 0 0.460417 0 0 0 0 0 0 0 0 0 0 0 0 0 0 0 0 0 0 0 0 0 0 0 0 0 0 0 0 0 0.460417 0.460417 -4.48935 0 0 0 1.03603 0 0 0 1.03603 0 0 0 0 0 0 0 1.03603 0 0 0 0 0 0 0 0 0 0 0 0 
0 0 0 0 0.460417 0 0 0 0 0 0 0 0 0 0 0 0 0 0 0 0 0 0 0 0 0 0 0 0 0 0 0 0.460417 0 0 0 -3.68359 0.690689 0.690689 0 0 0 0 0 0.690689 0 0 0 0 0 0 0 0.690689 0 0 0 0 0 0 0 0 0 0 0 
0 0 0 0 0 0.460417 0 0 0 0 0 0 0 0 0 0 0 0 0 0 0 0 0 0 0 0 0 0 0 0 0 0 0 0.460417 0 0 0.460417 -4.48935 0 1.03603 0 0 0 0 0 1.03603 0 0 0 0 0 0 0 1.03603 0 0 0 0 0 0 0 0 0 0 
0 0 0 0 0 0 0.460417 0 0 0 0 0 0 0 0 0 0 0 0 0 0 0 0 0 0 0 0 0 0 0 0 0 0 0 0.460417 0 0.460417 0 -4.48935 1.03603 0 0 0 0 0 0 1.03603 0 0 0 0 0 0 0 1.03603 0 0 0 0 0 0 0 0 0 
0 0 0 0 0 0 0 0.460417 0 0 0 0 0 0 0 0 0 0 0 0 0 0 0 0 0 0 0 0 0 0 0 0 0 0 0 0.460417 0 0.460417 0.460417 -4.60443 0 0 0 0 0 0 0 1.38138 0 0 0 0 0 0 0 1.38138 0 0 0 0 0 0 0 0 
0 0 0 0 0 0 0 0 0.460417 0 0 0 0 0 0 0 0 0 0 0 0 0 0 0 0 0 0 0 0 0 0 0 0.460417 0 0 0 0 0 0 0 -3.68359 0.690689 0.690689 0 0.690689 0 0 0 0 0 0 0 0 0 0 0 0.690689 0 0 0 0 0 0 0 
0 0 0 0 0 0 0 0 0 0.460417 0 0 0 0 0 0 0 0 0 0 0 0 0 0 0 0 0 0 0 0 0 0 0 0.460417 0 0 0 0 0 0 0.460417 -4.48935 0 1.03603 0 1.03603 0 0 0 0 0 0 0 0 0 0 0 1.03603 0 0 0 0 0 0 
0 0 0 0 0 0 0 0 0 0 0.460417 0 0 0 0 0 0 0 0 0 0 0 0 0 0 0 0 0 0 0 0 0 0 0 0.460417 0 0 0 0 0 0.460417 0 -4.48935 1.03603 0 0 1.03603 0 0 0 0 0 0 0 0 0 0 0 1.03603 0 0 0 0 0 
0 0 0 0 0 0 0 0 0 0 0 0.460417 0 0 0 0 0 0 0 0 0 0 0 0 0 0 0 0 0 0 0 0 0 0 0 0.460417 0 0 0 0 0 0.460417 0.460417 -4.60443 0 0 0 1.38138 0 0 0 0 0 0 0 0 0 0 0 1.38138 0 0 0 0 
0 0 0 0 0 0 0 0 0 0 0 0 0.460417 0 0 0 0 0 0 0 0 0 0 0 0 0 0 0 0 0 0 0 0 0 0 0 0.460417 0 0 0 0.460417 0 0 0 -4.48935 1.03603 1.03603 0 0 0 0 0 0 0 0 0 0 0 0 0 1.03603 0 0 0 
0 0 0 0 0 0 0 0 0 0 0 0 0 0.460417 0 0 0 0 0 0 0 0 0 0 0 0 0 0 0 0 0 0 0 0 0 0 0 0.460417 0 0 0 0.460417 0 0 0.460417 -4.60443 0 1.38138 0 0 0 0 0 0 0 0 0 0 0 0 0 1.38138 0 0 
0 0 0 0 0 0 0 0 0 0 0 0 0 0 0.460417 0 0 0 0 0 0 0 0 0 0 0 0 0 0 0 0 0 0 0 0 0 0 0 0.460417 0 0 0 0.460417 0 0.460417 0 -4.60443 1.38138 0 0 0 0 0 0 0 0 0 0 0 0 0 0 1.38138 0 
0 0 0 0 0 0 0 0 0 0 0 0 0 0 0 0.460417 0 0 0 0 0 0 0 0 0 0 0 0 0 0 0 0 0 0 0 0 0 0 0 0.460417 0 0 0 0.460417 0 0.460417 0.460417 -4.02881 0 0 0 0 0 0 0 0 0 0 0 0 0 0 0 1.72672 
0 0 0 0 0 0 0 0 0 0 0 0 0 0 0 0 0.460417 0 0 0 0 0 0 0 0 0 0 0 0 0 0 0 0.460417 0 0 0 0 0 0 0 0 0 0 0 0 0 0 0 -3.68359 0.690689 0.690689 0 0.690689 0 0 0 0.690689 0 0 0 0 0 0 0 
0 0 0 0 0 0 0 0 0 0 0 0 0 0 0 0 0 0.460417 0 0 0 0 0 0 0 0 0 0 0 0 0 0 0 0.460417 0 0 0 0 0 0 0 0 0 0 0 0 0 0 0.460417 -4.48935 0 1.03603 0 1.03603 0 0 0 1.03603 0 0 0 0 0 0 
0 0 0 0 0 0 0 0 0 0 0 0 0 0 0 0 0 0 0.460417 0 0 0 0 0 0 0 0 0 0 0 0 0 0 0 0.460417 0 0 0 0 0 0 0 0 0 0 0 0 0 0.460417 0 -4.48935 1.03603 0 0 1.03603 0 0 0 1.03603 0 0 0 0 0 
0 0 0 0 0 0 0 0 0 0 0 0 0 0 0 0 0 0 0 0.460417 0 0 0 0 0 0 0 0 0 0 0 0 0 0 0 0.460417 0 0 0 0 0 0 0 0 0 0 0 0 0 0.460417 0.460417 -4.60443 0 0 0 1.38138 0 0 0 1.38138 0 0 0 0 
0 0 0 0 0 0 0 0 0 0 0 0 0 0 0 0 0 0 0 0 0.460417 0 0 0 0 0 0 0 0 0 0 0 0 0 0 0 0.460417 0 0 0 0 0 0 0 0 0 0 0 0.460417 0 0 0 -4.48935 1.03603 1.03603 0 0 0 0 0 1.03603 0 0 0 
0 0 0 0 0 0 0 0 0 0 0 0 0 0 0 0 0 0 0 0 0 0.460417 0 0 0 0 0 0 0 0 0 0 0 0 0 0 0 0.460417 0 0 0 0 0 0 0 0 0 0 0 0.460417 0 0 0.460417 -4.60443 0 1.38138 0 0 0 0 0 1.38138 0 0 
0 0 0 0 0 0 0 0 0 0 0 0 0 0 0 0 0 0 0 0 0 0 0.460417 0 0 0 0 0 0 0 0 0 0 0 0 0 0 0 0.460417 0 0 0 0 0 0 0 0 0 0 0 0.460417 0 0.460417 0 -4.60443 1.38138 0 0 0 0 0 0 1.38138 0 
0 0 0 0 0 0 0 0 0 0 0 0 0 0 0 0 0 0 0 0 0 0 0 0.460417 0 0 0 0 0 0 0 0 0 0 0 0 0 0 0 0.460417 0 0 0 0 0 0 0 0 0 0 0 0.460417 0 0.460417 0.460417 -4.02881 0 0 0 0 0 0 0 1.72672 
0 0 0 0 0 0 0 0 0 0 0 0 0 0 0 0 0 0 0 0 0 0 0 0 0.460417 0 0 0 0 0 0 0 0 0 0 0 0 0 0 0 0.460417 0 0 0 0 0 0 0 0.460417 0 0 0 0 0 0 0 -4.48935 1.03603 1.03603 0 1.03603 0 0 0 
0 0 0 0 0 0 0 0 0 0 0 0 0 0 0 0 0 0 0 0 0 0 0 0 0 0.460417 0 0 0 0 0 0 0 0 0 0 0 0 0 0 0 0.460417 0 0 0 0 0 0 0 0.460417 0 0 0 0 0 0 0.460417 -4.60443 0 1.38138 0 1.38138 0 0 
0 0 0 0 0 0 0 0 0 0 0 0 0 0 0 0 0 0 0 0 0 0 0 0 0 0 0.460417 0 0 0 0 0 0 0 0 0 0 0 0 0 0 0 0.460417 0 0 0 0 0 0 0 0.460417 0 0 0 0 0 0.460417 0 -4.60443 1.38138 0 0 1.38138 0 
0 0 0 0 0 0 0 0 0 0 0 0 0 0 0 0 0 0 0 0 0 0 0 0 0 0 0 0.460417 0 0 0 0 0 0 0 0 0 0 0 0 0 0 0 0.460417 0 0 0 0 0 0 0 0.460417 0 0 0 0 0 0.460417 0.460417 -4.02881 0 0 0 1.72672 
0 0 0 0 0 0 0 0 0 0 0 0 0 0 0 0 0 0 0 0 0 0 0 0 0 0 0 0 0.460417 0 0 0 0 0 0 0 0 0 0 0 0 0 0 0 0.460417 0 0 0 0 0 0 0 0.460417 0 0 0 0.460417 0 0 0 -4.60443 1.38138 1.38138 0 
0 0 0 0 0 0 0 0 0 0 0 0 0 0 0 0 0 0 0 0 0 0 0 0 0 0 0 0 0 0.460417 0 0 0 0 0 0 0 0 0 0 0 0 0 0 0 0.460417 0 0 0 0 0 0 0 0.460417 0 0 0 0.460417 0 0 0.460417 -4.02881 0 1.72672 
0 0 0 0 0 0 0 0 0 0 0 0 0 0 0 0 0 0 0 0 0 0 0 0 0 0 0 0 0 0 0.460417 0 0 0 0 0 0 0 0 0 0 0 0 0 0 0 0.460417 0 0 0 0 0 0 0 0.460417 0 0 0 0.460417 0 0.460417 0 -4.02881 1.72672 
0 0 0 0 0 0 0 0 0 0 0 0 0 0 0 0 0 0 0 0 0 0 0 0 0 0 0 0 0 0 0 0.460417 0 0 0 0 0 0 0 0 0 0 0 0 0 0 0 0.460417 0 0 0 0 0 0 0 0.460417 0 0 0 0.460417 0 0.460417 0.460417 -2.7625 
