64
-0 0 0 0 0 0 0 0 0 0 0 0 0 0 0 0 0 0 0 0 0 0 0 0 0 0 0 0 0 0 0 0 0 0 0 0 0 0 0 0 0 0 0 0 0 0 0 0 0 0 0 0 0 0 0 0 0 0 0 0 0 0 0 0 
0.572167 -2.8207 0 0.449706 0 0.449706 0 0 0 0.449706 0 0 0 0 0 0 0 0.449706 0 0 0 0 0 0 0 0 0 0 0 0 0 0 0 0.449706 0 0 0 0 0 0 0 0 0 0 0 0 0 0 0 0 0 0 0 0 0 0 0 0 0 0 0 0 0 0 
0.572167 0 -2.8207 0.449706 0 0 0.449706 0 0 0 0.449706 0 0 0 0 0 0 0 0.449706 0 0 0 0 0 0 0 0 0 0 0 0 0 0 0 0.449706 0 0 0 0 0 0 0 0 0 0 0 0 0 0 0 0 0 0 0 0 0 0 0 0 0 0 0 0 0 
0 0.572167 0.572167 -4.74198 0 0 0 0.899412 0 0 0 0.899412 0 0 0 0 0 0 0 0.899412 0 0 0 0 0 0 0 0 0 0 0 0 0 0 0 0.899412 0 0 0 0 0 0 0 0 0 0 0 0 0 0 0 0 0 0 0 0 0 0 0 0 0 0 0 0 
0.572167 0 0 0 -2.8207 0.449706 0.449706 0 0 0 0 0 0.449706 0 0 0 0 0 0 0 0.449706 0 0 0 0 0 0 0 0 0 0 0 0 0 0 0 0.449706 0 0 0 0 0 0 0 0 0 0 0 0 0 0 0 0 0 0 0 0 0 0 0 0 0 0 0 
0 0.572167 0 0 0.572167 -4.74198 0 0.899412 0 0 0 0 0 0.899412 0 0 0 0 0 0 0 0.899412 0 0 0 0 0 0 0 0 0 0 0 0 0 0 0 0.899412 0 0 0 0 0 0 0 0 0 0 0 0 0 0 0 0 0 0 0 0 0 0 0 0 0 0 
0 0 0.572167 0 0.572167 0 -4.74198 0.899412 0 0 0 0 0 0 0.899412 0 0 0 0 0 0 0 0.899412 0 0 0 0 0 0 0 0 0 0 0 0 0 0 0 0.899412 0 0 0 0 0 0 0 0 0 0 0 0 0 0 0 0 0 0 0 0 0 0 0 0 0 
0 0 0 0.572167 0 0.572167 0.572167 -5.76385 0 0 0 0 0 0 0 1.34912 0 0 0 0 0 0 0 1.34912 0 0 0 0 0 0 0 0 0 0 0 0 0 0 0 1.34912 0 0 0 0 0 0 0 0 0 0 0 0 0 0 0 0 0 0 0 0 0 0 0 0 
0.572167 0 0 0 0 0 0 0 -2.8207 0.449706 0.449706 0 0.449706 0 0 0 0 0 0 0 0 0 0 0 0.449706 0 0 0 0 0 0 0 0 0 0 0 0 0 0 0 0.449706 0 0 0 0 0 0 0 0 0 0 0 0 0 0 0 0 0 0 0 0 0 0 0 
0 0.572167 0 0 0 0 0 0 0.572167 -4.74198 0 0.899412 0 0.899412 0 0 0 0 0 0 0 0 0 0 0 0.899412 0 0 0 0 0 0 0 0 0 0 0 0 0 0 0 0.899412 0 0 0 0 0 0 0 0 0 0 0 0 0 0 0 0 0 0 0 0 0 0 
0 0 0.572167 0 0 0 0 0 0.572167 0 -4.74198 0.899412 0 0 0.899412 0 0 0 0 0 0 0 0 0 0 0 0.899412 0 0 0 0 0 0 0 0 0 0 0 0 0 0 0 0.899412 0 0 0 0 0 0 0 0 0 0 0 0 0 0 0 0 0 0 0 0 0 
0 0 0 0.572167 0 0 0 0 0 0.572167 0.572167 -5.76385 0 0 0 1.34912 0 0 0 0 0 0 0 0 0 0 0 1.34912 0 0 0 0 0 0 0 0 0 0 0 0 0 0 0 1.34912 0 0 0 0 0 0 0 0 0 0 0 0 0 0 0 0 0 0 0 0 
0 0 0 0 0.572167 0 0 0 0.572167 0 0 0 -4.74198 0.899412 0.899412 0 0 0 0 0 0 0 0 0 0 0 0 0 0.899412 0 0 0 0 0 0 0 0 0 0 0 0 0 0 0 0.899412 0 0 0 0 0 0 0 0 0 0 0 0 0 0 0 0 0 0 0 
0 0 0 0 0 0.572167 0 0 0 0.572167 0 0 0.572167 -5.76385 0 1.34912 0 0 0 0 0 0 0 0 0 0 0 0 0 1.34912 0 0 0 0 0 0 0 0 0 0 0 0 0 0 0 1.34912 0 0 0 0 0 0 0 0 0 0 0 0 0 0 0 0 0 0 
0 0 0 0 0 0 0.572167 0 0 0 0.572167 0 0.572167 0 -5.76385 1.34912 0 0 0 0 0 0 0 0 0 0 0 0 0 0 1.34912 0 0 0 0 0 0 0 0 0 0 0 0 0 0 0 1.34912 0 0 0 0 0 0 0 0 0 0 0 0 0 0 0 0 0 
0 0 0 0 0 0 0 0.572167 0 0 0 0.572167 0 0.572167 0.572167 -5.88631 0 0 0 0 0 0 0 0 0 0 0 0 0 0 0 1.79882 0 0 0 0 0 0 0 0 0 0 0 0 0 0 0 1.79882 0 0 0 0 0 0 0 0 0 0 0 0 0 0 0 0 
0.572167 0 0 0 0 0 0 0 0 0 0 0 0 0 0 0 -2.8207 0.449706 0.449706 0 0.449706 0 0 0 0.449706 0 0 0 0 0 0 0 0 0 0 0 0 0 0 0 0 0 0 0 0 0 0 0 0.449706 0 0 0 0 0 0 0 0 0 0 0 0 0 0 0 
0 0.572167 0 0 0 0 0 0 0 0 0 0 0 0 0 0 0.572167 -4.74198 0 0.899412 0 0.899412 0 0 0 0.899412 0 0 0 0 0 0 0 0 0 0 0 0 0 0 0 0 0 0 0 0 0 0 0 0.899412 0 0 0 0 0 0 0 0 0 0 0 0 0 0 
0 0 0.572167 0 0 0 0 0 0 0 0 0 0 0 0 0 0.572167 0 -4.74198 0.899412 0 0 0.899412 0 0 0 0.899412 0 0 0 0 0 0 0 0 0 0 0 0 0 0 0 0 0 0 0 0 0 0 0 0.899412 0 0 0 0 0 0 0 0 0 0 0 0 0 
0 0 0 0.572167 0 0 0 0 0 0 0 0 0 0 0 0 0 0.572167 0.572167 -5.76385 0 0 0 1.34912 0 0 0 1.34912 0 0 0 0 0 0 0 0 0 0 0 0 0 0 0 0 0 0 0 0 0 0 0 1.34912 0 0 0 0 0 0 0 0 0 0 0 0 
0 0 0 0 0.572167 0 0 0 0 0 0 0 0 0 0 0 0.572167 0 0 0 -4.74198 0.899412 0.899412 0 0 0 0 0 0.899412 0 0 0 0 0 0 0 0 0 0 0 0 0 0 0 0 0 0 0 0 0 0 0 0.899412 0 0 0 0 0 0 0 0 0 0 0 
0 0 0 0 0 0.572167 0 0 0 0 0 0 0 0 0 0 0 0.572167 0 0 0.572167 -5.76385 0 1.34912 0 0 0 0 0 1.34912 0 0 0 0 0 0 0 0 0 0 0 0 0 0 0 0 0 0 0 0 0 0 0 1.34912 0 0 0 0 0 0 0 0 0 0 
0 0 0 0 0 0 0.572167 0 0 0 0 0 0 0 0 0 0 0 0.572167 0 0.572167 0 -5.76385 1.34912 0 0 0 0 0 0 1.34912 0 0 0 0 0 0 0 0 0 0 0 0 0 0 0 0 0 0 0 0 0 0 0 1.34912 0 0 0 0 0 0 0 0 0 
0 0 0 0 0 0 0 0.572167 0 0 0 0 0 0 0 0 0 0 0 0.572167 0 0.572167 0.572167 -5.88631 0 0 0 0 0 0 0 1.79882 0 0 0 0 0 0 0 0 0 0 0 0 0 0 0 0 0 0 0 0 0 0 0 1.79882 0 0 0 0 0 0 0 0 
0 0 0 0 0 0 0 0 0.572167 0 0 0 0 0 0 0 0.572167 0 0 0 0 0 0 0 -4.74198 0.899412 0.899412 0 0.899412 0 0 0 0 0 0 0 0 0 0 0 0 0 0 0 0 0 0 0 0 0 0 0 0 0 0 0 0.899412 0 0 0 0 0 0 0 
0 0 0 0 0 0 0 0 0 0.572167 0 0 0 0 0 0 0 0.572167 0 0 0 0 0 0 0.572167 -5.76385 0 1.34912 0 1.34912 0 0 0 0 0 0 0 0 0 0 0 0 0 0 0 0 0 0 0 0 0 0 0 0 0 0 0 1.34912 0 0 0 0 0 0 
0 0 0 0 0 0 0 0 0 0 0.572167 0 0 0 0 0 0 0 0.572167 0 0 0 0 0 0.572167 0 -5.76385 1.34912 0 0 1.34912 0 0 0 0 0 0 0 0 0 0 0 0 0 0 0 0 0 0 0 0 0 0 0 0 0 0 0 1.34912 0 0 0 0 0 
0 0 0 0 0 0 0 0 0 0 0 0.572167 0 0 0 0 0 0 0 0.572167 0 0 0 0 0 0.572167 0.572167 -5.88631 0 0 0 1.79882 0 0 0 0 0 0 0 0 0 0 0 0 0 0 0 0 0 0 0 0 0 0 0 0 0 0 0 1.79882 0 0 0 0 
0 0 0 0 0 0 0 0 0 0 0 0 0.572167 0 0 0 0 0 0 0 0.572167 0 0 0 0.572167 0 0 0 -5.76385 1.34912 1.34912 0 0 0 0 0 0 0 0 0 0 0 0 0 0 0 0 0 0 0 0 0 0 0 0 0 0 0 0 0 1.34912 0 0 0 
0 0 0 0 0 0 0 0 0 0 0 0 0 0.572167 0 0 0 0 0 0 0 0.572167 0 0 0 0.572167 0 0 0.572167 -5.88631 0 1.79882 0 0 0 0 0 0 0 0 0 0 0 0 0 0 0 0 0 0 0 0 0 0 0 0 0 0 0 0 0 1.79882 0 0 
0 0 0 0 0 0 0 0 0 0 0 0 0 0 0.572167 0 0 0 0 0 0 0 0.572167 0 0 0 0.572167 0 0.572167 0 -5.88631 1.79882 0 0 0 0 0 0 0 0 0 0 0 0 0 0 0 0 0 0 0 0 0 0 0 0 0 0 0 0 0 0 1.79882 0 
0 0 0 0 0 0 0 0 0 0 0 0 0 0 0 0.572167 0 0 0 0 0 0 0 0.572167 0 0 0 0.572167 0 0.572167 0.572167 -5.10936 0 0 0 0 0 0 0 0 0 0 0 0 0 0 0 0 0 0 0 0 0 0 0 0 0 0 0 0 0 0 0 2.24853 
0.572167 0 0 0 0 0 0 0 0 0 0 0 0 0 0 0 0 0 0 0 0 0 0 0 0 0 0 0 0 0 0 0 -2.8207 0.449706 0.449706 0 0.449706 0 0 0 0.449706 0 0 0 0 0 0 0 0.449706 0 0 0 0 0 0 0 0 0 0 0 0 0 0 0 
0 0.572167 0 0 0 0 0 0 0 0 0 0 0 0 0 0 0 0 0 0 0 0 0 0 0 0 0 0 0 0 0 0 0.572167 -4.74198 0 0.899412 0 0.899412 0 0 0 0.899412 0 0 0 0 0 0 0 0.899412 0 0 0 0 0 0 0 0 0 0 0 0 0 0 
0 0 0.572167 0 0 0 0 0 0 0 0 0 0 0 0 0 0 0 0 0 0 0 0 0 0 0 0 0 0 0 0 0 0.572167 0 -4.74198 0.899412 0 0 0.899412 0 0 0 0.899412 0 0 0 0 0 0 0 0.899412 0 0 0 0 0 0 0 0 0 0 0 0 0 
0 0 0 0.572167 0 0 0 0 0 0 0 0 0 0 0 0 0 0 0 0 0 0 0 0 0 0 0 0 0 0 0 0 0 0.572167 0.572167 -5.76385 0 0 0 1.34912 0 0 0 1.34912 0 0 0 0 0 0 0 1.34912 0 0 0 0 0 0 0 0 0 0 0 0 
0 0 0 0 0.572167 0 0 0 0 0 0 0 0 0 0 0 0 0 0 0 0 0 0 0 0 0 0 0 0 0 0 0 0.572167 0 0 0 -4.74198 0.899412 0.899412 0 0 0 0 0 0.899412 0 0 0 0 0 0 0 0.899412 0 0 0 0 0 0 0 0 0 0 0 
0 0 0 0 0 0.572167 0 0 0 0 0 0 0 0 0 0 0 0 0 0 0 0 0 0 0 0 0 0 0 0 0 0 0 0.572167 0 0 0.572167 -5.76385 0 1.34912 0 0 0 0 0 1.34912 0 0 0 0 0 0 0 1.34912 0 0 0 0 0 0 0 0 0 0 
0 0 0 0 0 0 0.572167 0 0 0 0 0 0 0 0 0 0 0 0 0 0 0 0 0 0 0 0 0 0 0 0 0 0 0 0.572167 0 0.572167 0 -5.76385 1.34912 0 0 0 0 0 0 1.34912 0 0 0 0 0 0 0 1.34912 0 0 0 0 0 0 0 0 0 
0 0 0 0 0 0 0 0.572167 0 0 0 0 0 0 0 0 0 0 0 0 0 0 0 0 0 0 0 0 0 0 0 0 0 0 0 0.572167 0 0.572167 0.572167 -5.88631 0 0 0 0 0 0 0 1.79882 0 0 0 0 0 0 0 1.79882 0 0 0 0 0 0 0 0 
0 0 0 0 0 0 0 0 0.572167 0 0 0 0 0 0 0 0 0 0 0 0 0 0 0 0 0 0 0 0 0 0 0 0.572167 0 0 0 0 0 0 0 -4.74198 0.899412 0.899412 0 0.899412 0 0 0 0 0 0 0 0 0 0 0 0.899412 0 0 0 0 0 0 0 
0 0 0 0 0 0 0 0 0 0.572167 0 0 0 0 0 0 0 0 0 0 0 0 0 0 0 0 0 0 0 0 0 0 0 0.572167 0 0 0 0 0 0 0.572167 -5.76385 0 1.34912 0 1.34912 0 0 0 0 0 0 0 0 0 0 0 1.34912 0 0 0 0 0 0 
0 0 0 0 0 0 0 0 0 0 0.572167 0 0 0 0 0 0 0 0 0 0 0 0 0 0 0 0 0 0 0 0 0 0 0 0.572167 0 0 0 0 0 0.572167 0 -5.76385 1.34912 0 0 1.34912 0 0 0 0 0 0 0 0 0 0 0 1.34912 0 0 0 0 0 
0 0 0 0 0 0 0 0 0 0 0 0.572167 0 0 0 0 0 0 0 0 0 0 0 0 0 0 0 0 0 0 0 0 0 0 0 0.572167 0 0 0 0 0 0.572167 0.572167 -5.88631 0 0 0 1.79882 0 0 0 0 0 0 0 0 0 0 0 1.79882 0 0 0 0 
0 0 0 0 0 0 0 0 0 0 0 0 0.572167 0 0 0 0 0 0 0 0 0 0 0 0 0 0 0 0 0 0 0 0 0 0 0 0.572167 0 0 0 0.572167 0 0 0 -5.76385 1.34912 1.34912 0 0 0 0 0 0 0 0 0 0 0 0 0 1.34912 0 0 0 
0 0 0 0 0 0 0 0 0 0 0 0 0 0.572167 0 0 0 0 0 0 0 0 0 0 0 0 0 0 0 0 0 0 0 0 0 0 0 0.572167 0 0 0 0.572167 0 0 0.572167 -5.88631 0 1.79882 0 0 0 0 0 0 0 0 0 0 0 0 0 1.79882 0 0 
0 0 0 0 0 0 0 0 0 0 0 0 0 0 0.572167 0 0 0 0 0 0 0 0 0 0 0 0 0 0 0 0 0 0 0 0 0 0 0 0.572167 0 0 0 0.572167 0 0.572167 0 -5.88631 1.79882 0 0 0 0 0 0 0 0 0 0 0 0 0 0 1.79882 0 
0 0 0 0 0 0 0 0 0 0 0 0 0 0 0 0.572167 0 0 0 0 0 0 0 0 0 0 0 0 0 0 0 0 0 0 0 0 0 0 0 0.572167 0 0 0 0.572167 0 0.572167 0.572167 -5.10936 0 0 0 0 0 0 0 0 0 0 0 0 0 0 0 2.24853 
0 0 0 0 0 0 0 0 0 0 0 0 0 0 0 0 0.572167 0 0 0 0 0 0 0 0 0 0 0 0 0 0 0 0.572167 0 0 0 0 0 0 0 0 0 0 0 0 0 0 0 -4.74198 0.899412 0.899412 0 0.899412 0 0 0 0.899412 0 0 0 0 0 0 0 
0 0 0 0 0 0 0 0 0 0 0 0 0 0 0 0 0 0.572167 0 0 0 0 0 0 0 0 0 0 0 0 0 0 0 0.572167 0 0 0 0 0 0 0 0 0 0 0 0 0 0 0.572167 -5.76385 0 1.34912 0 1.34912 0 0 0 1.34912 0 0 0 0 0 0 
0 0 0 0 0 0 0 0 0 0 0 0 0 0 0 0 0 0 0.572167 0 0 0 0 0 0 0 0 0 0 0 0 0 0 0 0.572167 0 0 0 0 0 0 0 0 0 0 0 0 0 0.572167 0 -5.76385 1.34912 0 0 1.34912 0 0 0 1.34912 0 0 0 0 0 
0 0 0 0 0 0 0 0 0 0 0 0 0 0 0 0 0 0 0 0.572167 0 0 0 0 0 0 0 0 0 0 0 0 0 0 0 0.572167 0 0 0 0 0 0 0 0 0 0 0 0 0 0.572167 0.572167 -5.88631 0 0 0 1.79882 0 0 0 1.79882 0 0 0 0 
0 0 0 0 0 0 0 0 0 0 0 0 0 0 0 0 0 0 0 0 0.572167 0 0 0 0 0 0 0 0 0 0 0 0 0 0 0 0.572167 0 0 0 0 0 0 0 0 0 0 0 0.572167 0 0 0 -5.76385 1.34912 1.34912 0 0 0 0 0 1.34912 0 0 0 
0 0 0 0 0 0 0 0 0 0 0 0 0 0 0 0 0 0 0 0 0 0.572167 0 0 0 0 0 0 0 0 0 0 0 0 0 0 0 0.572167 0 0 0 0 0 0 0 0 0 0 0 0.572167 0 0 0.572167 -5.88631 0 1.79882 0 0 0 0 0 1.79882 0 0 
0 0 0 0 0 0 0 0 0 0 0 0 0 0 0 0 0 0 0 0 0 0 0.572167 0 0 0 0 0 0 0 0 0 0 0 0 0 0 0 0.572167 0 0 0 0 0 0 0 0 0 0 0 0.572167 0 0.572167 0 -5.88631 1.79882 0 0 0 0 0 0 1.79882 0 
0 0 0 0 0 0 0 0 0 0 0 0 0 0 0 0 0 0 0 0 0 0 0 0.572167 0 0 0 0 0 0 0 0 0 0 0 0 0 0 0 0.572167 0 0 0 0 0 0 0 0 0 0 0 0.572167 0 0.572167 0.572167 -5.10936 0 0 0 0 0 0 0 2.24853 
0 0 0 0 0 0 0 0 0 0 0 0 0 0 0 0 0 0 0 0 0 0 0 0 0.572167 0 0 0 0 0 0 0 0 0 0 0 0 0 0 0 0.572167 0 0 0 0 0 0 0 0.572167 0 0 0 0 0 0 0 -5.76385 1.34912 1.34912 0 1.34912 0 0 0 
0 0 0 0 0 0 0 0 0 0 0 0 0 0 0 0 0 0 0 0 0 0 0 0 0 0.572167 0 0 0 0 0 0 0 0 0 0 0 0 0 0 0 0.572167 0 0 0 0 0 0 0 0.572167 0 0 0 0 0 0 0.572167 -5.88631 0 1.79882 0 1.79882 0 0 
0 0 0 0 0 0 0 0 0 0 0 0 0 0 0 0 0 0 0 0 0 0 0 0 0 0 0.572167 0 0 0 0 0 0 0 0 0 0 0 0 0 0 0 0.572167 0 0 0 0 0 0 0 0.572167 0 0 0 0 0 0.572167 0 -5.88631 1.79882 0 0 1.79882 0 
0 0 0 0 0 0 0 0 0 0 0 0 0 0 0 0 0 0 0 0 0 0 0 0 0 0 0 0.572167 0 0 0 0 0 0 0 0 0 0 0 0 0 0 0 0.572167 0 0 0 0 0 0 0 0.572167 0 0 0 0 0 0.572167 0.572167 -5.10936 0 0 0 2.24853 
0 0 0 0 0 0 0 0 0 0 0 0 0 0 0 0 0 0 0 0 0 0 0 0 0 0 0 0 0.572167 0 0 0 0 0 0 0 0 0 0 0 0 0 0 0 0.572167 0 0 0 0 0 0 0 0.572167 0 0 0 0.572167 0 0 0 -5.88631 1.79882 1.79882 0 
0 0 0 0 0 0 0 0 0 0 0 0 0 0 0 0 0 0 0 0 0 0 0 0 0 0 0 0 0 0.572167 0 0 0 0 0 0 0 0 0 0 0 0 0 0 0 0.572167 0 0 0 0 0 0 0 0.572167 0 0 0 0.572167 0 0 0.572167 -5.10936 0 2.24853 
0 0 0 0 0 0 0 0 0 0 0 0 0 0 0 0 0 0 0 0 0 0 0 0 0 0 0 0 0 0 0.572167 0 0 0 0 0 0 0 0 0 0 0 0 0 0 0 0.572167 0 0 0 0 0 0 0 0.572167 0 0 0 0.572167 0 0.572167 0 -5.10936 2.24853 
0 0 0 0 0 0 0 0 0 0 0 0 0 0 0 0 0 0 0 0 0 0 0 0 0 0 0 0 0 0 0 0.572167 0 0 0 0 0 0 0 0 0 0 0 0 0 0 0 0.572167 0 0 0 0 0 0 0 0.572167 0 0 0 0.572167 0 0.572167 0.572167 -3.433 
