64
-0 0 0 0 0 0 0 0 0 0 0 0 0 0 0 0 0 0 0 0 0 0 0 0 0 0 0 0 0 0 0 0 0 0 0 0 0 0 0 0 0 0 0 0 0 0 0 0 0 0 0 0 0 0 0 0 0 0 0 0 0 0 0 0 
0.5802 -2.83235 0 0.450431 0 0.450431 0 0 0 0.450431 0 0 0 0 0 0 0 0.450431 0 0 0 0 0 0 0 0 0 0 0 0 0 0 0 0.450431 0 0 0 0 0 0 0 0 0 0 0 0 0 0 0 0 0 0 0 0 0 0 0 0 0 0 0 0 0 0 
0.5802 0 -2.83235 0.450431 0 0 0.450431 0 0 0 0.450431 0 0 0 0 0 0 0 0.450431 0 0 0 0 0 0 0 0 0 0 0 0 0 0 0 0.450431 0 0 0 0 0 0 0 0 0 0 0 0 0 0 0 0 0 0 0 0 0 0 0 0 0 0 0 0 0 
0 0.5802 0.5802 -4.76385 0 0 0 0.900861 0 0 0 0.900861 0 0 0 0 0 0 0 0.900861 0 0 0 0 0 0 0 0 0 0 0 0 0 0 0 0.900861 0 0 0 0 0 0 0 0 0 0 0 0 0 0 0 0 0 0 0 0 0 0 0 0 0 0 0 0 
0.5802 0 0 0 -2.83235 0.450431 0.450431 0 0 0 0 0 0.450431 0 0 0 0 0 0 0 0.450431 0 0 0 0 0 0 0 0 0 0 0 0 0 0 0 0.450431 0 0 0 0 0 0 0 0 0 0 0 0 0 0 0 0 0 0 0 0 0 0 0 0 0 0 0 
0 0.5802 0 0 0.5802 -4.76385 0 0.900861 0 0 0 0 0 0.900861 0 0 0 0 0 0 0 0.900861 0 0 0 0 0 0 0 0 0 0 0 0 0 0 0 0.900861 0 0 0 0 0 0 0 0 0 0 0 0 0 0 0 0 0 0 0 0 0 0 0 0 0 0 
0 0 0.5802 0 0.5802 0 -4.76385 0.900861 0 0 0 0 0 0 0.900861 0 0 0 0 0 0 0 0.900861 0 0 0 0 0 0 0 0 0 0 0 0 0 0 0 0.900861 0 0 0 0 0 0 0 0 0 0 0 0 0 0 0 0 0 0 0 0 0 0 0 0 0 
0 0 0 0.5802 0 0.5802 0.5802 -5.79448 0 0 0 0 0 0 0 1.35129 0 0 0 0 0 0 0 1.35129 0 0 0 0 0 0 0 0 0 0 0 0 0 0 0 1.35129 0 0 0 0 0 0 0 0 0 0 0 0 0 0 0 0 0 0 0 0 0 0 0 0 
0.5802 0 0 0 0 0 0 0 -2.83235 0.450431 0.450431 0 0.450431 0 0 0 0 0 0 0 0 0 0 0 0.450431 0 0 0 0 0 0 0 0 0 0 0 0 0 0 0 0.450431 0 0 0 0 0 0 0 0 0 0 0 0 0 0 0 0 0 0 0 0 0 0 0 
0 0.5802 0 0 0 0 0 0 0.5802 -4.76385 0 0.900861 0 0.900861 0 0 0 0 0 0 0 0 0 0 0 0.900861 0 0 0 0 0 0 0 0 0 0 0 0 0 0 0 0.900861 0 0 0 0 0 0 0 0 0 0 0 0 0 0 0 0 0 0 0 0 0 0 
0 0 0.5802 0 0 0 0 0 0.5802 0 -4.76385 0.900861 0 0 0.900861 0 0 0 0 0 0 0 0 0 0 0 0.900861 0 0 0 0 0 0 0 0 0 0 0 0 0 0 0 0.900861 0 0 0 0 0 0 0 0 0 0 0 0 0 0 0 0 0 0 0 0 0 
0 0 0 0.5802 0 0 0 0 0 0.5802 0.5802 -5.79448 0 0 0 1.35129 0 0 0 0 0 0 0 0 0 0 0 1.35129 0 0 0 0 0 0 0 0 0 0 0 0 0 0 0 1.35129 0 0 0 0 0 0 0 0 0 0 0 0 0 0 0 0 0 0 0 0 
0 0 0 0 0.5802 0 0 0 0.5802 0 0 0 -4.76385 0.900861 0.900861 0 0 0 0 0 0 0 0 0 0 0 0 0 0.900861 0 0 0 0 0 0 0 0 0 0 0 0 0 0 0 0.900861 0 0 0 0 0 0 0 0 0 0 0 0 0 0 0 0 0 0 0 
0 0 0 0 0 0.5802 0 0 0 0.5802 0 0 0.5802 -5.79448 0 1.35129 0 0 0 0 0 0 0 0 0 0 0 0 0 1.35129 0 0 0 0 0 0 0 0 0 0 0 0 0 0 0 1.35129 0 0 0 0 0 0 0 0 0 0 0 0 0 0 0 0 0 0 
0 0 0 0 0 0 0.5802 0 0 0 0.5802 0 0.5802 0 -5.79448 1.35129 0 0 0 0 0 0 0 0 0 0 0 0 0 0 1.35129 0 0 0 0 0 0 0 0 0 0 0 0 0 0 0 1.35129 0 0 0 0 0 0 0 0 0 0 0 0 0 0 0 0 0 
0 0 0 0 0 0 0 0.5802 0 0 0 0.5802 0 0.5802 0.5802 -5.92425 0 0 0 0 0 0 0 0 0 0 0 0 0 0 0 1.80172 0 0 0 0 0 0 0 0 0 0 0 0 0 0 0 1.80172 0 0 0 0 0 0 0 0 0 0 0 0 0 0 0 0 
0.5802 0 0 0 0 0 0 0 0 0 0 0 0 0 0 0 -2.83235 0.450431 0.450431 0 0.450431 0 0 0 0.450431 0 0 0 0 0 0 0 0 0 0 0 0 0 0 0 0 0 0 0 0 0 0 0 0.450431 0 0 0 0 0 0 0 0 0 0 0 0 0 0 0 
0 0.5802 0 0 0 0 0 0 0 0 0 0 0 0 0 0 0.5802 -4.76385 0 0.900861 0 0.900861 0 0 0 0.900861 0 0 0 0 0 0 0 0 0 0 0 0 0 0 0 0 0 0 0 0 0 0 0 0.900861 0 0 0 0 0 0 0 0 0 0 0 0 0 0 
0 0 0.5802 0 0 0 0 0 0 0 0 0 0 0 0 0 0.5802 0 -4.76385 0.900861 0 0 0.900861 0 0 0 0.900861 0 0 0 0 0 0 0 0 0 0 0 0 0 0 0 0 0 0 0 0 0 0 0 0.900861 0 0 0 0 0 0 0 0 0 0 0 0 0 
0 0 0 0.5802 0 0 0 0 0 0 0 0 0 0 0 0 0 0.5802 0.5802 -5.79448 0 0 0 1.35129 0 0 0 1.35129 0 0 0 0 0 0 0 0 0 0 0 0 0 0 0 0 0 0 0 0 0 0 0 1.35129 0 0 0 0 0 0 0 0 0 0 0 0 
0 0 0 0 0.5802 0 0 0 0 0 0 0 0 0 0 0 0.5802 0 0 0 -4.76385 0.900861 0.900861 0 0 0 0 0 0.900861 0 0 0 0 0 0 0 0 0 0 0 0 0 0 0 0 0 0 0 0 0 0 0 0.900861 0 0 0 0 0 0 0 0 0 0 0 
0 0 0 0 0 0.5802 0 0 0 0 0 0 0 0 0 0 0 0.5802 0 0 0.5802 -5.79448 0 1.35129 0 0 0 0 0 1.35129 0 0 0 0 0 0 0 0 0 0 0 0 0 0 0 0 0 0 0 0 0 0 0 1.35129 0 0 0 0 0 0 0 0 0 0 
0 0 0 0 0 0 0.5802 0 0 0 0 0 0 0 0 0 0 0 0.5802 0 0.5802 0 -5.79448 1.35129 0 0 0 0 0 0 1.35129 0 0 0 0 0 0 0 0 0 0 0 0 0 0 0 0 0 0 0 0 0 0 0 1.35129 0 0 0 0 0 0 0 0 0 
0 0 0 0 0 0 0 0.5802 0 0 0 0 0 0 0 0 0 0 0 0.5802 0 0.5802 0.5802 -5.92425 0 0 0 0 0 0 0 1.80172 0 0 0 0 0 0 0 0 0 0 0 0 0 0 0 0 0 0 0 0 0 0 0 1.80172 0 0 0 0 0 0 0 0 
0 0 0 0 0 0 0 0 0.5802 0 0 0 0 0 0 0 0.5802 0 0 0 0 0 0 0 -4.76385 0.900861 0.900861 0 0.900861 0 0 0 0 0 0 0 0 0 0 0 0 0 0 0 0 0 0 0 0 0 0 0 0 0 0 0 0.900861 0 0 0 0 0 0 0 
0 0 0 0 0 0 0 0 0 0.5802 0 0 0 0 0 0 0 0.5802 0 0 0 0 0 0 0.5802 -5.79448 0 1.35129 0 1.35129 0 0 0 0 0 0 0 0 0 0 0 0 0 0 0 0 0 0 0 0 0 0 0 0 0 0 0 1.35129 0 0 0 0 0 0 
0 0 0 0 0 0 0 0 0 0 0.5802 0 0 0 0 0 0 0 0.5802 0 0 0 0 0 0.5802 0 -5.79448 1.35129 0 0 1.35129 0 0 0 0 0 0 0 0 0 0 0 0 0 0 0 0 0 0 0 0 0 0 0 0 0 0 0 1.35129 0 0 0 0 0 
0 0 0 0 0 0 0 0 0 0 0 0.5802 0 0 0 0 0 0 0 0.5802 0 0 0 0 0 0.5802 0.5802 -5.92425 0 0 0 1.80172 0 0 0 0 0 0 0 0 0 0 0 0 0 0 0 0 0 0 0 0 0 0 0 0 0 0 0 1.80172 0 0 0 0 
0 0 0 0 0 0 0 0 0 0 0 0 0.5802 0 0 0 0 0 0 0 0.5802 0 0 0 0.5802 0 0 0 -5.79448 1.35129 1.35129 0 0 0 0 0 0 0 0 0 0 0 0 0 0 0 0 0 0 0 0 0 0 0 0 0 0 0 0 0 1.35129 0 0 0 
0 0 0 0 0 0 0 0 0 0 0 0 0 0.5802 0 0 0 0 0 0 0 0.5802 0 0 0 0.5802 0 0 0.5802 -5.92425 0 1.80172 0 0 0 0 0 0 0 0 0 0 0 0 0 0 0 0 0 0 0 0 0 0 0 0 0 0 0 0 0 1.80172 0 0 
0 0 0 0 0 0 0 0 0 0 0 0 0 0 0.5802 0 0 0 0 0 0 0 0.5802 0 0 0 0.5802 0 0.5802 0 -5.92425 1.80172 0 0 0 0 0 0 0 0 0 0 0 0 0 0 0 0 0 0 0 0 0 0 0 0 0 0 0 0 0 0 1.80172 0 
0 0 0 0 0 0 0 0 0 0 0 0 0 0 0 0.5802 0 0 0 0 0 0 0 0.5802 0 0 0 0.5802 0 0.5802 0.5802 -5.15316 0 0 0 0 0 0 0 0 0 0 0 0 0 0 0 0 0 0 0 0 0 0 0 0 0 0 0 0 0 0 0 2.25215 
0.5802 0 0 0 0 0 0 0 0 0 0 0 0 0 0 0 0 0 0 0 0 0 0 0 0 0 0 0 0 0 0 0 -2.83235 0.450431 0.450431 0 0.450431 0 0 0 0.450431 0 0 0 0 0 0 0 0.450431 0 0 0 0 0 0 0 0 0 0 0 0 0 0 0 
0 0.5802 0 0 0 0 0 0 0 0 0 0 0 0 0 0 0 0 0 0 0 0 0 0 0 0 0 0 0 0 0 0 0.5802 -4.76385 0 0.900861 0 0.900861 0 0 0 0.900861 0 0 0 0 0 0 0 0.900861 0 0 0 0 0 0 0 0 0 0 0 0 0 0 
0 0 0.5802 0 0 0 0 0 0 0 0 0 0 0 0 0 0 0 0 0 0 0 0 0 0 0 0 0 0 0 0 0 0.5802 0 -4.76385 0.900861 0 0 0.900861 0 0 0 0.900861 0 0 0 0 0 0 0 0.900861 0 0 0 0 0 0 0 0 0 0 0 0 0 
0 0 0 0.5802 0 0 0 0 0 0 0 0 0 0 0 0 0 0 0 0 0 0 0 0 0 0 0 0 0 0 0 0 0 0.5802 0.5802 -5.79448 0 0 0 1.35129 0 0 0 1.35129 0 0 0 0 0 0 0 1.35129 0 0 0 0 0 0 0 0 0 0 0 0 
0 0 0 0 0.5802 0 0 0 0 0 0 0 0 0 0 0 0 0 0 0 0 0 0 0 0 0 0 0 0 0 0 0 0.5802 0 0 0 -4.76385 0.900861 0.900861 0 0 0 0 0 0.900861 0 0 0 0 0 0 0 0.900861 0 0 0 0 0 0 0 0 0 0 0 
0 0 0 0 0 0.5802 0 0 0 0 0 0 0 0 0 0 0 0 0 0 0 0 0 0 0 0 0 0 0 0 0 0 0 0.5802 0 0 0.5802 -5.79448 0 1.35129 0 0 0 0 0 1.35129 0 0 0 0 0 0 0 1.35129 0 0 0 0 0 0 0 0 0 0 
0 0 0 0 0 0 0.5802 0 0 0 0 0 0 0 0 0 0 0 0 0 0 0 0 0 0 0 0 0 0 0 0 0 0 0 0.5802 0 0.5802 0 -5.79448 1.35129 0 0 0 0 0 0 1.35129 0 0 0 0 0 0 0 1.35129 0 0 0 0 0 0 0 0 0 
0 0 0 0 0 0 0 0.5802 0 0 0 0 0 0 0 0 0 0 0 0 0 0 0 0 0 0 0 0 0 0 0 0 0 0 0 0.5802 0 0.5802 0.5802 -5.92425 0 0 0 0 0 0 0 1.80172 0 0 0 0 0 0 0 1.80172 0 0 0 0 0 0 0 0 
0 0 0 0 0 0 0 0 0.5802 0 0 0 0 0 0 0 0 0 0 0 0 0 0 0 0 0 0 0 0 0 0 0 0.5802 0 0 0 0 0 0 0 -4.76385 0.900861 0.900861 0 0.900861 0 0 0 0 0 0 0 0 0 0 0 0.900861 0 0 0 0 0 0 0 
0 0 0 0 0 0 0 0 0 0.5802 0 0 0 0 0 0 0 0 0 0 0 0 0 0 0 0 0 0 0 0 0 0 0 0.5802 0 0 0 0 0 0 0.5802 -5.79448 0 1.35129 0 1.35129 0 0 0 0 0 0 0 0 0 0 0 1.35129 0 0 0 0 0 0 
0 0 0 0 0 0 0 0 0 0 0.5802 0 0 0 0 0 0 0 0 0 0 0 0 0 0 0 0 0 0 0 0 0 0 0 0.5802 0 0 0 0 0 0.5802 0 -5.79448 1.35129 0 0 1.35129 0 0 0 0 0 0 0 0 0 0 0 1.35129 0 0 0 0 0 
0 0 0 0 0 0 0 0 0 0 0 0.5802 0 0 0 0 0 0 0 0 0 0 0 0 0 0 0 0 0 0 0 0 0 0 0 0.5802 0 0 0 0 0 0.5802 0.5802 -5.92425 0 0 0 1.80172 0 0 0 0 0 0 0 0 0 0 0 1.80172 0 0 0 0 
0 0 0 0 0 0 0 0 0 0 0 0 0.5802 0 0 0 0 0 0 0 0 0 0 0 0 0 0 0 0 0 0 0 0 0 0 0 0.5802 0 0 0 0.5802 0 0 0 -5.79448 1.35129 1.35129 0 0 0 0 0 0 0 0 0 0 0 0 0 1.35129 0 0 0 
0 0 0 0 0 0 0 0 0 0 0 0 0 0.5802 0 0 0 0 0 0 0 0 0 0 0 0 0 0 0 0 0 0 0 0 0 0 0 0.5802 0 0 0 0.5802 0 0 0.5802 -5.92425 0 1.80172 0 0 0 0 0 0 0 0 0 0 0 0 0 1.80172 0 0 
0 0 0 0 0 0 0 0 0 0 0 0 0 0 0.5802 0 0 0 0 0 0 0 0 0 0 0 0 0 0 0 0 0 0 0 0 0 0 0 0.5802 0 0 0 0.5802 0 0.5802 0 -5.92425 1.80172 0 0 0 0 0 0 0 0 0 0 0 0 0 0 1.80172 0 
0 0 0 0 0 0 0 0 0 0 0 0 0 0 0 0.5802 0 0 0 0 0 0 0 0 0 0 0 0 0 0 0 0 0 0 0 0 0 0 0 0.5802 0 0 0 0.5802 0 0.5802 0.5802 -5.15316 0 0 0 0 0 0 0 0 0 0 0 0 0 0 0 2.25215 
0 0 0 0 0 0 0 0 0 0 0 0 0 0 0 0 0.5802 0 0 0 0 0 0 0 0 0 0 0 0 0 0 0 0.5802 0 0 0 0 0 0 0 0 0 0 0 0 0 0 0 -4.76385 0.900861 0.900861 0 0.900861 0 0 0 0.900861 0 0 0 0 0 0 0 
0 0 0 0 0 0 0 0 0 0 0 0 0 0 0 0 0 0.5802 0 0 0 0 0 0 0 0 0 0 0 0 0 0 0 0.5802 0 0 0 0 0 0 0 0 0 0 0 0 0 0 0.5802 -5.79448 0 1.35129 0 1.35129 0 0 0 1.35129 0 0 0 0 0 0 
0 0 0 0 0 0 0 0 0 0 0 0 0 0 0 0 0 0 0.5802 0 0 0 0 0 0 0 0 0 0 0 0 0 0 0 0.5802 0 0 0 0 0 0 0 0 0 0 0 0 0 0.5802 0 -5.79448 1.35129 0 0 1.35129 0 0 0 1.35129 0 0 0 0 0 
0 0 0 0 0 0 0 0 0 0 0 0 0 0 0 0 0 0 0 0.5802 0 0 0 0 0 0 0 0 0 0 0 0 0 0 0 0.5802 0 0 0 0 0 0 0 0 0 0 0 0 0 0.5802 0.5802 -5.92425 0 0 0 1.80172 0 0 0 1.80172 0 0 0 0 
0 0 0 0 0 0 0 0 0 0 0 0 0 0 0 0 0 0 0 0 0.5802 0 0 0 0 0 0 0 0 0 0 0 0 0 0 0 0.5802 0 0 0 0 0 0 0 0 0 0 0 0.5802 0 0 0 -5.79448 1.35129 1.35129 0 0 0 0 0 1.35129 0 0 0 
0 0 0 0 0 0 0 0 0 0 0 0 0 0 0 0 0 0 0 0 0 0.5802 0 0 0 0 0 0 0 0 0 0 0 0 0 0 0 0.5802 0 0 0 0 0 0 0 0 0 0 0 0.5802 0 0 0.5802 -5.92425 0 1.80172 0 0 0 0 0 1.80172 0 0 
0 0 0 0 0 0 0 0 0 0 0 0 0 0 0 0 0 0 0 0 0 0 0.5802 0 0 0 0 0 0 0 0 0 0 0 0 0 0 0 0.5802 0 0 0 0 0 0 0 0 0 0 0 0.5802 0 0.5802 0 -5.92425 1.80172 0 0 0 0 0 0 1.80172 0 
0 0 0 0 0 0 0 0 0 0 0 0 0 0 0 0 0 0 0 0 0 0 0 0.5802 0 0 0 0 0 0 0 0 0 0 0 0 0 0 0 0.5802 0 0 0 0 0 0 0 0 0 0 0 0.5802 0 0.5802 0.5802 -5.15316 0 0 0 0 0 0 0 2.25215 
0 0 0 0 0 0 0 0 0 0 0 0 0 0 0 0 0 0 0 0 0 0 0 0 0.5802 0 0 0 0 0 0 0 0 0 0 0 0 0 0 0 0.5802 0 0 0 0 0 0 0 0.5802 0 0 0 0 0 0 0 -5.79448 1.35129 1.35129 0 1.35129 0 0 0 
0 0 0 0 0 0 0 0 0 0 0 0 0 0 0 0 0 0 0 0 0 0 0 0 0 0.5802 0 0 0 0 0 0 0 0 0 0 0 0 0 0 0 0.5802 0 0 0 0 0 0 0 0.5802 0 0 0 0 0 0 0.5802 -5.92425 0 1.80172 0 1.80172 0 0 
0 0 0 0 0 0 0 0 0 0 0 0 0 0 0 0 0 0 0 0 0 0 0 0 0 0 0.5802 0 0 0 0 0 0 0 0 0 0 0 0 0 0 0 0.5802 0 0 0 0 0 0 0 0.5802 0 0 0 0 0 0.5802 0 -5.92425 1.80172 0 0 1.80172 0 
0 0 0 0 0 0 0 0 0 0 0 0 0 0 0 0 0 0 0 0 0 0 0 0 0 0 0 0.5802 0 0 0 0 0 0 0 0 0 0 0 0 0 0 0 0.5802 0 0 0 0 0 0 0 0.5802 0 0 0 0 0 0.5802 0.5802 -5.15316 0 0 0 2.25215 
0 0 0 0 0 0 0 0 0 0 0 0 0 0 0 0 0 0 0 0 0 0 0 0 0 0 0 0 0.5802 0 0 0 0 0 0 0 0 0 0 0 0 0 0 0 0.5802 0 0 0 0 0 0 0 0.5802 0 0 0 0.5802 0 0 0 -5.92425 1.80172 1.80172 0 
0 0 0 0 0 0 0 0 0 0 0 0 0 0 0 0 0 0 0 0 0 0 0 0 0 0 0 0 0 0.5802 0 0 0 0 0 0 0 0 0 0 0 0 0 0 0 0.5802 0 0 0 0 0 0 0 0.5802 0 0 0 0.5802 0 0 0.5802 -5.15316 0 2.25215 
0 0 0 0 0 0 0 0 0 0 0 0 0 0 0 0 0 0 0 0 0 0 0 0 0 0 0 0 0 0 0.5802 0 0 0 0 0 0 0 0 0 0 0 0 0 0 0 0.5802 0 0 0 0 0 0 0 0.5802 0 0 0 0.5802 0 0.5802 0 -5.15316 2.25215 
0 0 0 0 0 0 0 0 0 0 0 0 0 0 0 0 0 0 0 0 0 0 0 0 0 0 0 0 0 0 0 0.5802 0 0 0 0 0 0 0 0 0 0 0 0 0 0 0 0.5802 0 0 0 0 0 0 0 0.5802 0 0 0 0.5802 0 0.5802 0.5802 -3.4812 
