64
-0 0 0 0 0 0 0 0 0 0 0 0 0 0 0 0 0 0 0 0 0 0 0 0 0 0 0 0 0 0 0 0 0 0 0 0 0 0 0 0 0 0 0 0 0 0 0 0 0 0 0 0 0 0 0 0 0 0 0 0 0 0 0 0 
0.427582 -2.30208 0 0.3749 0 0.3749 0 0 0 0.3749 0 0 0 0 0 0 0 0.3749 0 0 0 0 0 0 0 0 0 0 0 0 0 0 0 0.3749 0 0 0 0 0 0 0 0 0 0 0 0 0 0 0 0 0 0 0 0 0 0 0 0 0 0 0 0 0 0 
0.427582 0 -2.30208 0.3749 0 0 0.3749 0 0 0 0.3749 0 0 0 0 0 0 0 0.3749 0 0 0 0 0 0 0 0 0 0 0 0 0 0 0 0.3749 0 0 0 0 0 0 0 0 0 0 0 0 0 0 0 0 0 0 0 0 0 0 0 0 0 0 0 0 0 
0 0.427582 0.427582 -3.85437 0 0 0 0.7498 0 0 0 0.7498 0 0 0 0 0 0 0 0.7498 0 0 0 0 0 0 0 0 0 0 0 0 0 0 0 0.7498 0 0 0 0 0 0 0 0 0 0 0 0 0 0 0 0 0 0 0 0 0 0 0 0 0 0 0 0 
0.427582 0 0 0 -2.30208 0.3749 0.3749 0 0 0 0 0 0.3749 0 0 0 0 0 0 0 0.3749 0 0 0 0 0 0 0 0 0 0 0 0 0 0 0 0.3749 0 0 0 0 0 0 0 0 0 0 0 0 0 0 0 0 0 0 0 0 0 0 0 0 0 0 0 
0 0.427582 0 0 0.427582 -3.85437 0 0.7498 0 0 0 0 0 0.7498 0 0 0 0 0 0 0 0.7498 0 0 0 0 0 0 0 0 0 0 0 0 0 0 0 0.7498 0 0 0 0 0 0 0 0 0 0 0 0 0 0 0 0 0 0 0 0 0 0 0 0 0 0 
0 0 0.427582 0 0.427582 0 -3.85437 0.7498 0 0 0 0 0 0 0.7498 0 0 0 0 0 0 0 0.7498 0 0 0 0 0 0 0 0 0 0 0 0 0 0 0 0.7498 0 0 0 0 0 0 0 0 0 0 0 0 0 0 0 0 0 0 0 0 0 0 0 0 0 
0 0 0 0.427582 0 0.427582 0.427582 -4.65685 0 0 0 0 0 0 0 1.1247 0 0 0 0 0 0 0 1.1247 0 0 0 0 0 0 0 0 0 0 0 0 0 0 0 1.1247 0 0 0 0 0 0 0 0 0 0 0 0 0 0 0 0 0 0 0 0 0 0 0 0 
0.427582 0 0 0 0 0 0 0 -2.30208 0.3749 0.3749 0 0.3749 0 0 0 0 0 0 0 0 0 0 0 0.3749 0 0 0 0 0 0 0 0 0 0 0 0 0 0 0 0.3749 0 0 0 0 0 0 0 0 0 0 0 0 0 0 0 0 0 0 0 0 0 0 0 
0 0.427582 0 0 0 0 0 0 0.427582 -3.85437 0 0.7498 0 0.7498 0 0 0 0 0 0 0 0 0 0 0 0.7498 0 0 0 0 0 0 0 0 0 0 0 0 0 0 0 0.7498 0 0 0 0 0 0 0 0 0 0 0 0 0 0 0 0 0 0 0 0 0 0 
0 0 0.427582 0 0 0 0 0 0.427582 0 -3.85437 0.7498 0 0 0.7498 0 0 0 0 0 0 0 0 0 0 0 0.7498 0 0 0 0 0 0 0 0 0 0 0 0 0 0 0 0.7498 0 0 0 0 0 0 0 0 0 0 0 0 0 0 0 0 0 0 0 0 0 
0 0 0 0.427582 0 0 0 0 0 0.427582 0.427582 -4.65685 0 0 0 1.1247 0 0 0 0 0 0 0 0 0 0 0 1.1247 0 0 0 0 0 0 0 0 0 0 0 0 0 0 0 1.1247 0 0 0 0 0 0 0 0 0 0 0 0 0 0 0 0 0 0 0 0 
0 0 0 0 0.427582 0 0 0 0.427582 0 0 0 -3.85437 0.7498 0.7498 0 0 0 0 0 0 0 0 0 0 0 0 0 0.7498 0 0 0 0 0 0 0 0 0 0 0 0 0 0 0 0.7498 0 0 0 0 0 0 0 0 0 0 0 0 0 0 0 0 0 0 0 
0 0 0 0 0 0.427582 0 0 0 0.427582 0 0 0.427582 -4.65685 0 1.1247 0 0 0 0 0 0 0 0 0 0 0 0 0 1.1247 0 0 0 0 0 0 0 0 0 0 0 0 0 0 0 1.1247 0 0 0 0 0 0 0 0 0 0 0 0 0 0 0 0 0 0 
0 0 0 0 0 0 0.427582 0 0 0 0.427582 0 0.427582 0 -4.65685 1.1247 0 0 0 0 0 0 0 0 0 0 0 0 0 0 1.1247 0 0 0 0 0 0 0 0 0 0 0 0 0 0 0 1.1247 0 0 0 0 0 0 0 0 0 0 0 0 0 0 0 0 0 
0 0 0 0 0 0 0 0.427582 0 0 0 0.427582 0 0.427582 0.427582 -4.70953 0 0 0 0 0 0 0 0 0 0 0 0 0 0 0 1.4996 0 0 0 0 0 0 0 0 0 0 0 0 0 0 0 1.4996 0 0 0 0 0 0 0 0 0 0 0 0 0 0 0 0 
0.427582 0 0 0 0 0 0 0 0 0 0 0 0 0 0 0 -2.30208 0.3749 0.3749 0 0.3749 0 0 0 0.3749 0 0 0 0 0 0 0 0 0 0 0 0 0 0 0 0 0 0 0 0 0 0 0 0.3749 0 0 0 0 0 0 0 0 0 0 0 0 0 0 0 
0 0.427582 0 0 0 0 0 0 0 0 0 0 0 0 0 0 0.427582 -3.85437 0 0.7498 0 0.7498 0 0 0 0.7498 0 0 0 0 0 0 0 0 0 0 0 0 0 0 0 0 0 0 0 0 0 0 0 0.7498 0 0 0 0 0 0 0 0 0 0 0 0 0 0 
0 0 0.427582 0 0 0 0 0 0 0 0 0 0 0 0 0 0.427582 0 -3.85437 0.7498 0 0 0.7498 0 0 0 0.7498 0 0 0 0 0 0 0 0 0 0 0 0 0 0 0 0 0 0 0 0 0 0 0 0.7498 0 0 0 0 0 0 0 0 0 0 0 0 0 
0 0 0 0.427582 0 0 0 0 0 0 0 0 0 0 0 0 0 0.427582 0.427582 -4.65685 0 0 0 1.1247 0 0 0 1.1247 0 0 0 0 0 0 0 0 0 0 0 0 0 0 0 0 0 0 0 0 0 0 0 1.1247 0 0 0 0 0 0 0 0 0 0 0 0 
0 0 0 0 0.427582 0 0 0 0 0 0 0 0 0 0 0 0.427582 0 0 0 -3.85437 0.7498 0.7498 0 0 0 0 0 0.7498 0 0 0 0 0 0 0 0 0 0 0 0 0 0 0 0 0 0 0 0 0 0 0 0.7498 0 0 0 0 0 0 0 0 0 0 0 
0 0 0 0 0 0.427582 0 0 0 0 0 0 0 0 0 0 0 0.427582 0 0 0.427582 -4.65685 0 1.1247 0 0 0 0 0 1.1247 0 0 0 0 0 0 0 0 0 0 0 0 0 0 0 0 0 0 0 0 0 0 0 1.1247 0 0 0 0 0 0 0 0 0 0 
0 0 0 0 0 0 0.427582 0 0 0 0 0 0 0 0 0 0 0 0.427582 0 0.427582 0 -4.65685 1.1247 0 0 0 0 0 0 1.1247 0 0 0 0 0 0 0 0 0 0 0 0 0 0 0 0 0 0 0 0 0 0 0 1.1247 0 0 0 0 0 0 0 0 0 
0 0 0 0 0 0 0 0.427582 0 0 0 0 0 0 0 0 0 0 0 0.427582 0 0.427582 0.427582 -4.70953 0 0 0 0 0 0 0 1.4996 0 0 0 0 0 0 0 0 0 0 0 0 0 0 0 0 0 0 0 0 0 0 0 1.4996 0 0 0 0 0 0 0 0 
0 0 0 0 0 0 0 0 0.427582 0 0 0 0 0 0 0 0.427582 0 0 0 0 0 0 0 -3.85437 0.7498 0.7498 0 0.7498 0 0 0 0 0 0 0 0 0 0 0 0 0 0 0 0 0 0 0 0 0 0 0 0 0 0 0 0.7498 0 0 0 0 0 0 0 
0 0 0 0 0 0 0 0 0 0.427582 0 0 0 0 0 0 0 0.427582 0 0 0 0 0 0 0.427582 -4.65685 0 1.1247 0 1.1247 0 0 0 0 0 0 0 0 0 0 0 0 0 0 0 0 0 0 0 0 0 0 0 0 0 0 0 1.1247 0 0 0 0 0 0 
0 0 0 0 0 0 0 0 0 0 0.427582 0 0 0 0 0 0 0 0.427582 0 0 0 0 0 0.427582 0 -4.65685 1.1247 0 0 1.1247 0 0 0 0 0 0 0 0 0 0 0 0 0 0 0 0 0 0 0 0 0 0 0 0 0 0 0 1.1247 0 0 0 0 0 
0 0 0 0 0 0 0 0 0 0 0 0.427582 0 0 0 0 0 0 0 0.427582 0 0 0 0 0 0.427582 0.427582 -4.70953 0 0 0 1.4996 0 0 0 0 0 0 0 0 0 0 0 0 0 0 0 0 0 0 0 0 0 0 0 0 0 0 0 1.4996 0 0 0 0 
0 0 0 0 0 0 0 0 0 0 0 0 0.427582 0 0 0 0 0 0 0 0.427582 0 0 0 0.427582 0 0 0 -4.65685 1.1247 1.1247 0 0 0 0 0 0 0 0 0 0 0 0 0 0 0 0 0 0 0 0 0 0 0 0 0 0 0 0 0 1.1247 0 0 0 
0 0 0 0 0 0 0 0 0 0 0 0 0 0.427582 0 0 0 0 0 0 0 0.427582 0 0 0 0.427582 0 0 0.427582 -4.70953 0 1.4996 0 0 0 0 0 0 0 0 0 0 0 0 0 0 0 0 0 0 0 0 0 0 0 0 0 0 0 0 0 1.4996 0 0 
0 0 0 0 0 0 0 0 0 0 0 0 0 0 0.427582 0 0 0 0 0 0 0 0.427582 0 0 0 0.427582 0 0.427582 0 -4.70953 1.4996 0 0 0 0 0 0 0 0 0 0 0 0 0 0 0 0 0 0 0 0 0 0 0 0 0 0 0 0 0 0 1.4996 0 
0 0 0 0 0 0 0 0 0 0 0 0 0 0 0 0.427582 0 0 0 0 0 0 0 0.427582 0 0 0 0.427582 0 0.427582 0.427582 -4.01241 0 0 0 0 0 0 0 0 0 0 0 0 0 0 0 0 0 0 0 0 0 0 0 0 0 0 0 0 0 0 0 1.8745 
0.427582 0 0 0 0 0 0 0 0 0 0 0 0 0 0 0 0 0 0 0 0 0 0 0 0 0 0 0 0 0 0 0 -2.30208 0.3749 0.3749 0 0.3749 0 0 0 0.3749 0 0 0 0 0 0 0 0.3749 0 0 0 0 0 0 0 0 0 0 0 0 0 0 0 
0 0.427582 0 0 0 0 0 0 0 0 0 0 0 0 0 0 0 0 0 0 0 0 0 0 0 0 0 0 0 0 0 0 0.427582 -3.85437 0 0.7498 0 0.7498 0 0 0 0.7498 0 0 0 0 0 0 0 0.7498 0 0 0 0 0 0 0 0 0 0 0 0 0 0 
0 0 0.427582 0 0 0 0 0 0 0 0 0 0 0 0 0 0 0 0 0 0 0 0 0 0 0 0 0 0 0 0 0 0.427582 0 -3.85437 0.7498 0 0 0.7498 0 0 0 0.7498 0 0 0 0 0 0 0 0.7498 0 0 0 0 0 0 0 0 0 0 0 0 0 
0 0 0 0.427582 0 0 0 0 0 0 0 0 0 0 0 0 0 0 0 0 0 0 0 0 0 0 0 0 0 0 0 0 0 0.427582 0.427582 -4.65685 0 0 0 1.1247 0 0 0 1.1247 0 0 0 0 0 0 0 1.1247 0 0 0 0 0 0 0 0 0 0 0 0 
0 0 0 0 0.427582 0 0 0 0 0 0 0 0 0 0 0 0 0 0 0 0 0 0 0 0 0 0 0 0 0 0 0 0.427582 0 0 0 -3.85437 0.7498 0.7498 0 0 0 0 0 0.7498 0 0 0 0 0 0 0 0.7498 0 0 0 0 0 0 0 0 0 0 0 
0 0 0 0 0 0.427582 0 0 0 0 0 0 0 0 0 0 0 0 0 0 0 0 0 0 0 0 0 0 0 0 0 0 0 0.427582 0 0 0.427582 -4.65685 0 1.1247 0 0 0 0 0 1.1247 0 0 0 0 0 0 0 1.1247 0 0 0 0 0 0 0 0 0 0 
0 0 0 0 0 0 0.427582 0 0 0 0 0 0 0 0 0 0 0 0 0 0 0 0 0 0 0 0 0 0 0 0 0 0 0 0.427582 0 0.427582 0 -4.65685 1.1247 0 0 0 0 0 0 1.1247 0 0 0 0 0 0 0 1.1247 0 0 0 0 0 0 0 0 0 
0 0 0 0 0 0 0 0.427582 0 0 0 0 0 0 0 0 0 0 0 0 0 0 0 0 0 0 0 0 0 0 0 0 0 0 0 0.427582 0 0.427582 0.427582 -4.70953 0 0 0 0 0 0 0 1.4996 0 0 0 0 0 0 0 1.4996 0 0 0 0 0 0 0 0 
0 0 0 0 0 0 0 0 0.427582 0 0 0 0 0 0 0 0 0 0 0 0 0 0 0 0 0 0 0 0 0 0 0 0.427582 0 0 0 0 0 0 0 -3.85437 0.7498 0.7498 0 0.7498 0 0 0 0 0 0 0 0 0 0 0 0.7498 0 0 0 0 0 0 0 
0 0 0 0 0 0 0 0 0 0.427582 0 0 0 0 0 0 0 0 0 0 0 0 0 0 0 0 0 0 0 0 0 0 0 0.427582 0 0 0 0 0 0 0.427582 -4.65685 0 1.1247 0 1.1247 0 0 0 0 0 0 0 0 0 0 0 1.1247 0 0 0 0 0 0 
0 0 0 0 0 0 0 0 0 0 0.427582 0 0 0 0 0 0 0 0 0 0 0 0 0 0 0 0 0 0 0 0 0 0 0 0.427582 0 0 0 0 0 0.427582 0 -4.65685 1.1247 0 0 1.1247 0 0 0 0 0 0 0 0 0 0 0 1.1247 0 0 0 0 0 
0 0 0 0 0 0 0 0 0 0 0 0.427582 0 0 0 0 0 0 0 0 0 0 0 0 0 0 0 0 0 0 0 0 0 0 0 0.427582 0 0 0 0 0 0.427582 0.427582 -4.70953 0 0 0 1.4996 0 0 0 0 0 0 0 0 0 0 0 1.4996 0 0 0 0 
0 0 0 0 0 0 0 0 0 0 0 0 0.427582 0 0 0 0 0 0 0 0 0 0 0 0 0 0 0 0 0 0 0 0 0 0 0 0.427582 0 0 0 0.427582 0 0 0 -4.65685 1.1247 1.1247 0 0 0 0 0 0 0 0 0 0 0 0 0 1.1247 0 0 0 
0 0 0 0 0 0 0 0 0 0 0 0 0 0.427582 0 0 0 0 0 0 0 0 0 0 0 0 0 0 0 0 0 0 0 0 0 0 0 0.427582 0 0 0 0.427582 0 0 0.427582 -4.70953 0 1.4996 0 0 0 0 0 0 0 0 0 0 0 0 0 1.4996 0 0 
0 0 0 0 0 0 0 0 0 0 0 0 0 0 0.427582 0 0 0 0 0 0 0 0 0 0 0 0 0 0 0 0 0 0 0 0 0 0 0 0.427582 0 0 0 0.427582 0 0.427582 0 -4.70953 1.4996 0 0 0 0 0 0 0 0 0 0 0 0 0 0 1.4996 0 
0 0 0 0 0 0 0 0 0 0 0 0 0 0 0 0.427582 0 0 0 0 0 0 0 0 0 0 0 0 0 0 0 0 0 0 0 0 0 0 0 0.427582 0 0 0 0.427582 0 0.427582 0.427582 -4.01241 0 0 0 0 0 0 0 0 0 0 0 0 0 0 0 1.8745 
0 0 0 0 0 0 0 0 0 0 0 0 0 0 0 0 0.427582 0 0 0 0 0 0 0 0 0 0 0 0 0 0 0 0.427582 0 0 0 0 0 0 0 0 0 0 0 0 0 0 0 -3.85437 0.7498 0.7498 0 0.7498 0 0 0 0.7498 0 0 0 0 0 0 0 
0 0 0 0 0 0 0 0 0 0 0 0 0 0 0 0 0 0.427582 0 0 0 0 0 0 0 0 0 0 0 0 0 0 0 0.427582 0 0 0 0 0 0 0 0 0 0 0 0 0 0 0.427582 -4.65685 0 1.1247 0 1.1247 0 0 0 1.1247 0 0 0 0 0 0 
0 0 0 0 0 0 0 0 0 0 0 0 0 0 0 0 0 0 0.427582 0 0 0 0 0 0 0 0 0 0 0 0 0 0 0 0.427582 0 0 0 0 0 0 0 0 0 0 0 0 0 0.427582 0 -4.65685 1.1247 0 0 1.1247 0 0 0 1.1247 0 0 0 0 0 
0 0 0 0 0 0 0 0 0 0 0 0 0 0 0 0 0 0 0 0.427582 0 0 0 0 0 0 0 0 0 0 0 0 0 0 0 0.427582 0 0 0 0 0 0 0 0 0 0 0 0 0 0.427582 0.427582 -4.70953 0 0 0 1.4996 0 0 0 1.4996 0 0 0 0 
0 0 0 0 0 0 0 0 0 0 0 0 0 0 0 0 0 0 0 0 0.427582 0 0 0 0 0 0 0 0 0 0 0 0 0 0 0 0.427582 0 0 0 0 0 0 0 0 0 0 0 0.427582 0 0 0 -4.65685 1.1247 1.1247 0 0 0 0 0 1.1247 0 0 0 
0 0 0 0 0 0 0 0 0 0 0 0 0 0 0 0 0 0 0 0 0 0.427582 0 0 0 0 0 0 0 0 0 0 0 0 0 0 0 0.427582 0 0 0 0 0 0 0 0 0 0 0 0.427582 0 0 0.427582 -4.70953 0 1.4996 0 0 0 0 0 1.4996 0 0 
0 0 0 0 0 0 0 0 0 0 0 0 0 0 0 0 0 0 0 0 0 0 0.427582 0 0 0 0 0 0 0 0 0 0 0 0 0 0 0 0.427582 0 0 0 0 0 0 0 0 0 0 0 0.427582 0 0.427582 0 -4.70953 1.4996 0 0 0 0 0 0 1.4996 0 
0 0 0 0 0 0 0 0 0 0 0 0 0 0 0 0 0 0 0 0 0 0 0 0.427582 0 0 0 0 0 0 0 0 0 0 0 0 0 0 0 0.427582 0 0 0 0 0 0 0 0 0 0 0 0.427582 0 0.427582 0.427582 -4.01241 0 0 0 0 0 0 0 1.8745 
0 0 0 0 0 0 0 0 0 0 0 0 0 0 0 0 0 0 0 0 0 0 0 0 0.427582 0 0 0 0 0 0 0 0 0 0 0 0 0 0 0 0.427582 0 0 0 0 0 0 0 0.427582 0 0 0 0 0 0 0 -4.65685 1.1247 1.1247 0 1.1247 0 0 0 
0 0 0 0 0 0 0 0 0 0 0 0 0 0 0 0 0 0 0 0 0 0 0 0 0 0.427582 0 0 0 0 0 0 0 0 0 0 0 0 0 0 0 0.427582 0 0 0 0 0 0 0 0.427582 0 0 0 0 0 0 0.427582 -4.70953 0 1.4996 0 1.4996 0 0 
0 0 0 0 0 0 0 0 0 0 0 0 0 0 0 0 0 0 0 0 0 0 0 0 0 0 0.427582 0 0 0 0 0 0 0 0 0 0 0 0 0 0 0 0.427582 0 0 0 0 0 0 0 0.427582 0 0 0 0 0 0.427582 0 -4.70953 1.4996 0 0 1.4996 0 
0 0 0 0 0 0 0 0 0 0 0 0 0 0 0 0 0 0 0 0 0 0 0 0 0 0 0 0.427582 0 0 0 0 0 0 0 0 0 0 0 0 0 0 0 0.427582 0 0 0 0 0 0 0 0.427582 0 0 0 0 0 0.427582 0.427582 -4.01241 0 0 0 1.8745 
0 0 0 0 0 0 0 0 0 0 0 0 0 0 0 0 0 0 0 0 0 0 0 0 0 0 0 0 0.427582 0 0 0 0 0 0 0 0 0 0 0 0 0 0 0 0.427582 0 0 0 0 0 0 0 0.427582 0 0 0 0.427582 0 0 0 -4.70953 1.4996 1.4996 0 
0 0 0 0 0 0 0 0 0 0 0 0 0 0 0 0 0 0 0 0 0 0 0 0 0 0 0 0 0 0.427582 0 0 0 0 0 0 0 0 0 0 0 0 0 0 0 0.427582 0 0 0 0 0 0 0 0.427582 0 0 0 0.427582 0 0 0.427582 -4.01241 0 1.8745 
0 0 0 0 0 0 0 0 0 0 0 0 0 0 0 0 0 0 0 0 0 0 0 0 0 0 0 0 0 0 0.427582 0 0 0 0 0 0 0 0 0 0 0 0 0 0 0 0.427582 0 0 0 0 0 0 0 0.427582 0 0 0 0.427582 0 0.427582 0 -4.01241 1.8745 
0 0 0 0 0 0 0 0 0 0 0 0 0 0 0 0 0 0 0 0 0 0 0 0 0 0 0 0 0 0 0 0.427582 0 0 0 0 0 0 0 0 0 0 0 0 0 0 0 0.427582 0 0 0 0 0 0 0 0.427582 0 0 0 0.427582 0 0.427582 0.427582 -2.56549 
