32
-0 0 0 0 0 0 0 0 0 0 0 0 0 0 0 0 0 0 0 0 0 0 0 0 0 0 0 0 0 0 0 0 
0.354867 -2.32538 0 0.492629 0 0.492629 0 0 0 0.492629 0 0 0 0 0 0 0 0.492629 0 0 0 0 0 0 0 0 0 0 0 0 0 0 
0.354867 0 -2.32538 0.492629 0 0 0.492629 0 0 0 0.492629 0 0 0 0 0 0 0 0.492629 0 0 0 0 0 0 0 0 0 0 0 0 0 
0 0.354867 0.354867 -3.66551 0 0 0 0.985257 0 0 0 0.985257 0 0 0 0 0 0 0 0.985257 0 0 0 0 0 0 0 0 0 0 0 0 
0.354867 0 0 0 -2.32538 0.492629 0.492629 0 0 0 0 0 0.492629 0 0 0 0 0 0 0 0.492629 0 0 0 0 0 0 0 0 0 0 0 
0 0.354867 0 0 0.354867 -3.66551 0 0.985257 0 0 0 0 0 0.985257 0 0 0 0 0 0 0 0.985257 0 0 0 0 0 0 0 0 0 0 
0 0 0.354867 0 0.354867 0 -3.66551 0.985257 0 0 0 0 0 0 0.985257 0 0 0 0 0 0 0 0.985257 0 0 0 0 0 0 0 0 0 
0 0 0 0.354867 0 0.354867 0.354867 -4.02037 0 0 0 0 0 0 0 1.47789 0 0 0 0 0 0 0 1.47789 0 0 0 0 0 0 0 0 
0.354867 0 0 0 0 0 0 0 -2.32538 0.492629 0.492629 0 0.492629 0 0 0 0 0 0 0 0 0 0 0 0.492629 0 0 0 0 0 0 0 
0 0.354867 0 0 0 0 0 0 0.354867 -3.66551 0 0.985257 0 0.985257 0 0 0 0 0 0 0 0 0 0 0 0.985257 0 0 0 0 0 0 
0 0 0.354867 0 0 0 0 0 0.354867 0 -3.66551 0.985257 0 0 0.985257 0 0 0 0 0 0 0 0 0 0 0 0.985257 0 0 0 0 0 
0 0 0 0.354867 0 0 0 0 0 0.354867 0.354867 -4.02037 0 0 0 1.47789 0 0 0 0 0 0 0 0 0 0 0 1.47789 0 0 0 0 
0 0 0 0 0.354867 0 0 0 0.354867 0 0 0 -3.66551 0.985257 0.985257 0 0 0 0 0 0 0 0 0 0 0 0 0 0.985257 0 0 0 
0 0 0 0 0 0.354867 0 0 0 0.354867 0 0 0.354867 -4.02037 0 1.47789 0 0 0 0 0 0 0 0 0 0 0 0 0 1.47789 0 0 
0 0 0 0 0 0 0.354867 0 0 0 0.354867 0 0.354867 0 -4.02037 1.47789 0 0 0 0 0 0 0 0 0 0 0 0 0 0 1.47789 0 
0 0 0 0 0 0 0 0.354867 0 0 0 0.354867 0 0.354867 0.354867 -3.38998 0 0 0 0 0 0 0 0 0 0 0 0 0 0 0 1.97051 
0.354867 0 0 0 0 0 0 0 0 0 0 0 0 0 0 0 -2.32538 0.492629 0.492629 0 0.492629 0 0 0 0.492629 0 0 0 0 0 0 0 
0 0.354867 0 0 0 0 0 0 0 0 0 0 0 0 0 0 0.354867 -3.66551 0 0.985257 0 0.985257 0 0 0 0.985257 0 0 0 0 0 0 
0 0 0.354867 0 0 0 0 0 0 0 0 0 0 0 0 0 0.354867 0 -3.66551 0.985257 0 0 0.985257 0 0 0 0.985257 0 0 0 0 0 
0 0 0 0.354867 0 0 0 0 0 0 0 0 0 0 0 0 0 0.354867 0.354867 -4.02037 0 0 0 1.47789 0 0 0 1.47789 0 0 0 0 
0 0 0 0 0.354867 0 0 0 0 0 0 0 0 0 0 0 0.354867 0 0 0 -3.66551 0.985257 0.985257 0 0 0 0 0 0.985257 0 0 0 
0 0 0 0 0 0.354867 0 0 0 0 0 0 0 0 0 0 0 0.354867 0 0 0.354867 -4.02037 0 1.47789 0 0 0 0 0 1.47789 0 0 
0 0 0 0 0 0 0.354867 0 0 0 0 0 0 0 0 0 0 0 0.354867 0 0.354867 0 -4.02037 1.47789 0 0 0 0 0 0 1.47789 0 
0 0 0 0 0 0 0 0.354867 0 0 0 0 0 0 0 0 0 0 0 0.354867 0 0.354867 0.354867 -3.38998 0 0 0 0 0 0 0 1.97051 
0 0 0 0 0 0 0 0 0.354867 0 0 0 0 0 0 0 0.354867 0 0 0 0 0 0 0 -3.66551 0.985257 0.985257 0 0.985257 0 0 0 
0 0 0 0 0 0 0 0 0 0.354867 0 0 0 0 0 0 0 0.354867 0 0 0 0 0 0 0.354867 -4.02037 0 1.47789 0 1.47789 0 0 
0 0 0 0 0 0 0 0 0 0 0.354867 0 0 0 0 0 0 0 0.354867 0 0 0 0 0 0.354867 0 -4.02037 1.47789 0 0 1.47789 0 
0 0 0 0 0 0 0 0 0 0 0 0.354867 0 0 0 0 0 0 0 0.354867 0 0 0 0 0 0.354867 0.354867 -3.38998 0 0 0 1.97051 
0 0 0 0 0 0 0 0 0 0 0 0 0.354867 0 0 0 0 0 0 0 0.354867 0 0 0 0.354867 0 0 0 -4.02037 1.47789 1.47789 0 
0 0 0 0 0 0 0 0 0 0 0 0 0 0.354867 0 0 0 0 0 0 0 0.354867 0 0 0 0.354867 0 0 0.354867 -3.38998 0 1.97051 
0 0 0 0 0 0 0 0 0 0 0 0 0 0 0.354867 0 0 0 0 0 0 0 0.354867 0 0 0 0.354867 0 0.354867 0 -3.38998 1.97051 
0 0 0 0 0 0 0 0 0 0 0 0 0 0 0 0.354867 0 0 0 0 0 0 0 0.354867 0 0 0 0.354867 0 0.354867 0.354867 -1.77434 
