32
-0 0 0 0 0 0 0 0 0 0 0 0 0 0 0 0 0 0 0 0 0 0 0 0 0 0 0 0 0 0 0 0 
0.156839 -0.834513 0 0.169419 0 0.169419 0 0 0 0.169419 0 0 0 0 0 0 0 0.169419 0 0 0 0 0 0 0 0 0 0 0 0 0 0 
0.156839 0 -0.834513 0.169419 0 0 0.169419 0 0 0 0.169419 0 0 0 0 0 0 0 0.169419 0 0 0 0 0 0 0 0 0 0 0 0 0 
0 0.156839 0.156839 -1.33019 0 0 0 0.338837 0 0 0 0.338837 0 0 0 0 0 0 0 0.338837 0 0 0 0 0 0 0 0 0 0 0 0 
0.156839 0 0 0 -0.834513 0.169419 0.169419 0 0 0 0 0 0.169419 0 0 0 0 0 0 0 0.169419 0 0 0 0 0 0 0 0 0 0 0 
0 0.156839 0 0 0.156839 -1.33019 0 0.338837 0 0 0 0 0 0.338837 0 0 0 0 0 0 0 0.338837 0 0 0 0 0 0 0 0 0 0 
0 0 0.156839 0 0.156839 0 -1.33019 0.338837 0 0 0 0 0 0 0.338837 0 0 0 0 0 0 0 0.338837 0 0 0 0 0 0 0 0 0 
0 0 0 0.156839 0 0.156839 0.156839 -1.48703 0 0 0 0 0 0 0 0.508256 0 0 0 0 0 0 0 0.508256 0 0 0 0 0 0 0 0 
0.156839 0 0 0 0 0 0 0 -0.834513 0.169419 0.169419 0 0.169419 0 0 0 0 0 0 0 0 0 0 0 0.169419 0 0 0 0 0 0 0 
0 0.156839 0 0 0 0 0 0 0.156839 -1.33019 0 0.338837 0 0.338837 0 0 0 0 0 0 0 0 0 0 0 0.338837 0 0 0 0 0 0 
0 0 0.156839 0 0 0 0 0 0.156839 0 -1.33019 0.338837 0 0 0.338837 0 0 0 0 0 0 0 0 0 0 0 0.338837 0 0 0 0 0 
0 0 0 0.156839 0 0 0 0 0 0.156839 0.156839 -1.48703 0 0 0 0.508256 0 0 0 0 0 0 0 0 0 0 0 0.508256 0 0 0 0 
0 0 0 0 0.156839 0 0 0 0.156839 0 0 0 -1.33019 0.338837 0.338837 0 0 0 0 0 0 0 0 0 0 0 0 0 0.338837 0 0 0 
0 0 0 0 0 0.156839 0 0 0 0.156839 0 0 0.156839 -1.48703 0 0.508256 0 0 0 0 0 0 0 0 0 0 0 0 0 0.508256 0 0 
0 0 0 0 0 0 0.156839 0 0 0 0.156839 0 0.156839 0 -1.48703 0.508256 0 0 0 0 0 0 0 0 0 0 0 0 0 0 0.508256 0 
0 0 0 0 0 0 0 0.156839 0 0 0 0.156839 0 0.156839 0.156839 -1.30503 0 0 0 0 0 0 0 0 0 0 0 0 0 0 0 0.677674 
0.156839 0 0 0 0 0 0 0 0 0 0 0 0 0 0 0 -0.834513 0.169419 0.169419 0 0.169419 0 0 0 0.169419 0 0 0 0 0 0 0 
0 0.156839 0 0 0 0 0 0 0 0 0 0 0 0 0 0 0.156839 -1.33019 0 0.338837 0 0.338837 0 0 0 0.338837 0 0 0 0 0 0 
0 0 0.156839 0 0 0 0 0 0 0 0 0 0 0 0 0 0.156839 0 -1.33019 0.338837 0 0 0.338837 0 0 0 0.338837 0 0 0 0 0 
0 0 0 0.156839 0 0 0 0 0 0 0 0 0 0 0 0 0 0.156839 0.156839 -1.48703 0 0 0 0.508256 0 0 0 0.508256 0 0 0 0 
0 0 0 0 0.156839 0 0 0 0 0 0 0 0 0 0 0 0.156839 0 0 0 -1.33019 0.338837 0.338837 0 0 0 0 0 0.338837 0 0 0 
0 0 0 0 0 0.156839 0 0 0 0 0 0 0 0 0 0 0 0.156839 0 0 0.156839 -1.48703 0 0.508256 0 0 0 0 0 0.508256 0 0 
0 0 0 0 0 0 0.156839 0 0 0 0 0 0 0 0 0 0 0 0.156839 0 0.156839 0 -1.48703 0.508256 0 0 0 0 0 0 0.508256 0 
0 0 0 0 0 0 0 0.156839 0 0 0 0 0 0 0 0 0 0 0 0.156839 0 0.156839 0.156839 -1.30503 0 0 0 0 0 0 0 0.677674 
0 0 0 0 0 0 0 0 0.156839 0 0 0 0 0 0 0 0.156839 0 0 0 0 0 0 0 -1.33019 0.338837 0.338837 0 0.338837 0 0 0 
0 0 0 0 0 0 0 0 0 0.156839 0 0 0 0 0 0 0 0.156839 0 0 0 0 0 0 0.156839 -1.48703 0 0.508256 0 0.508256 0 0 
0 0 0 0 0 0 0 0 0 0 0.156839 0 0 0 0 0 0 0 0.156839 0 0 0 0 0 0.156839 0 -1.48703 0.508256 0 0 0.508256 0 
0 0 0 0 0 0 0 0 0 0 0 0.156839 0 0 0 0 0 0 0 0.156839 0 0 0 0 0 0.156839 0.156839 -1.30503 0 0 0 0.677674 
0 0 0 0 0 0 0 0 0 0 0 0 0.156839 0 0 0 0 0 0 0 0.156839 0 0 0 0.156839 0 0 0 -1.48703 0.508256 0.508256 0 
0 0 0 0 0 0 0 0 0 0 0 0 0 0.156839 0 0 0 0 0 0 0 0.156839 0 0 0 0.156839 0 0 0.156839 -1.30503 0 0.677674 
0 0 0 0 0 0 0 0 0 0 0 0 0 0 0.156839 0 0 0 0 0 0 0 0.156839 0 0 0 0.156839 0 0.156839 0 -1.30503 0.677674 
0 0 0 0 0 0 0 0 0 0 0 0 0 0 0 0.156839 0 0 0 0 0 0 0 0.156839 0 0 0 0.156839 0 0.156839 0.156839 -0.784197 
