32
-0 0 0 0 0 0 0 0 0 0 0 0 0 0 0 0 0 0 0 0 0 0 0 0 0 0 0 0 0 0 0 0 
0.509081 -2.85401 0 0.586231 0 0.586231 0 0 0 0.586231 0 0 0 0 0 0 0 0.586231 0 0 0 0 0 0 0 0 0 0 0 0 0 0 
0.509081 0 -2.85401 0.586231 0 0 0.586231 0 0 0 0.586231 0 0 0 0 0 0 0 0.586231 0 0 0 0 0 0 0 0 0 0 0 0 0 
0 0.509081 0.509081 -4.53555 0 0 0 1.17246 0 0 0 1.17246 0 0 0 0 0 0 0 1.17246 0 0 0 0 0 0 0 0 0 0 0 0 
0.509081 0 0 0 -2.85401 0.586231 0.586231 0 0 0 0 0 0.586231 0 0 0 0 0 0 0 0.586231 0 0 0 0 0 0 0 0 0 0 0 
0 0.509081 0 0 0.509081 -4.53555 0 1.17246 0 0 0 0 0 1.17246 0 0 0 0 0 0 0 1.17246 0 0 0 0 0 0 0 0 0 0 
0 0 0.509081 0 0.509081 0 -4.53555 1.17246 0 0 0 0 0 0 1.17246 0 0 0 0 0 0 0 1.17246 0 0 0 0 0 0 0 0 0 
0 0 0 0.509081 0 0.509081 0.509081 -5.04463 0 0 0 0 0 0 0 1.75869 0 0 0 0 0 0 0 1.75869 0 0 0 0 0 0 0 0 
0.509081 0 0 0 0 0 0 0 -2.85401 0.586231 0.586231 0 0.586231 0 0 0 0 0 0 0 0 0 0 0 0.586231 0 0 0 0 0 0 0 
0 0.509081 0 0 0 0 0 0 0.509081 -4.53555 0 1.17246 0 1.17246 0 0 0 0 0 0 0 0 0 0 0 1.17246 0 0 0 0 0 0 
0 0 0.509081 0 0 0 0 0 0.509081 0 -4.53555 1.17246 0 0 1.17246 0 0 0 0 0 0 0 0 0 0 0 1.17246 0 0 0 0 0 
0 0 0 0.509081 0 0 0 0 0 0.509081 0.509081 -5.04463 0 0 0 1.75869 0 0 0 0 0 0 0 0 0 0 0 1.75869 0 0 0 0 
0 0 0 0 0.509081 0 0 0 0.509081 0 0 0 -4.53555 1.17246 1.17246 0 0 0 0 0 0 0 0 0 0 0 0 0 1.17246 0 0 0 
0 0 0 0 0 0.509081 0 0 0 0.509081 0 0 0.509081 -5.04463 0 1.75869 0 0 0 0 0 0 0 0 0 0 0 0 0 1.75869 0 0 
0 0 0 0 0 0 0.509081 0 0 0 0.509081 0 0.509081 0 -5.04463 1.75869 0 0 0 0 0 0 0 0 0 0 0 0 0 0 1.75869 0 
0 0 0 0 0 0 0 0.509081 0 0 0 0.509081 0 0.509081 0.509081 -4.38125 0 0 0 0 0 0 0 0 0 0 0 0 0 0 0 2.34492 
0.509081 0 0 0 0 0 0 0 0 0 0 0 0 0 0 0 -2.85401 0.586231 0.586231 0 0.586231 0 0 0 0.586231 0 0 0 0 0 0 0 
0 0.509081 0 0 0 0 0 0 0 0 0 0 0 0 0 0 0.509081 -4.53555 0 1.17246 0 1.17246 0 0 0 1.17246 0 0 0 0 0 0 
0 0 0.509081 0 0 0 0 0 0 0 0 0 0 0 0 0 0.509081 0 -4.53555 1.17246 0 0 1.17246 0 0 0 1.17246 0 0 0 0 0 
0 0 0 0.509081 0 0 0 0 0 0 0 0 0 0 0 0 0 0.509081 0.509081 -5.04463 0 0 0 1.75869 0 0 0 1.75869 0 0 0 0 
0 0 0 0 0.509081 0 0 0 0 0 0 0 0 0 0 0 0.509081 0 0 0 -4.53555 1.17246 1.17246 0 0 0 0 0 1.17246 0 0 0 
0 0 0 0 0 0.509081 0 0 0 0 0 0 0 0 0 0 0 0.509081 0 0 0.509081 -5.04463 0 1.75869 0 0 0 0 0 1.75869 0 0 
0 0 0 0 0 0 0.509081 0 0 0 0 0 0 0 0 0 0 0 0.509081 0 0.509081 0 -5.04463 1.75869 0 0 0 0 0 0 1.75869 0 
0 0 0 0 0 0 0 0.509081 0 0 0 0 0 0 0 0 0 0 0 0.509081 0 0.509081 0.509081 -4.38125 0 0 0 0 0 0 0 2.34492 
0 0 0 0 0 0 0 0 0.509081 0 0 0 0 0 0 0 0.509081 0 0 0 0 0 0 0 -4.53555 1.17246 1.17246 0 1.17246 0 0 0 
0 0 0 0 0 0 0 0 0 0.509081 0 0 0 0 0 0 0 0.509081 0 0 0 0 0 0 0.509081 -5.04463 0 1.75869 0 1.75869 0 0 
0 0 0 0 0 0 0 0 0 0 0.509081 0 0 0 0 0 0 0 0.509081 0 0 0 0 0 0.509081 0 -5.04463 1.75869 0 0 1.75869 0 
0 0 0 0 0 0 0 0 0 0 0 0.509081 0 0 0 0 0 0 0 0.509081 0 0 0 0 0 0.509081 0.509081 -4.38125 0 0 0 2.34492 
0 0 0 0 0 0 0 0 0 0 0 0 0.509081 0 0 0 0 0 0 0 0.509081 0 0 0 0.509081 0 0 0 -5.04463 1.75869 1.75869 0 
0 0 0 0 0 0 0 0 0 0 0 0 0 0.509081 0 0 0 0 0 0 0 0.509081 0 0 0 0.509081 0 0 0.509081 -4.38125 0 2.34492 
0 0 0 0 0 0 0 0 0 0 0 0 0 0 0.509081 0 0 0 0 0 0 0 0.509081 0 0 0 0.509081 0 0.509081 0 -4.38125 2.34492 
0 0 0 0 0 0 0 0 0 0 0 0 0 0 0 0.509081 0 0 0 0 0 0 0 0.509081 0 0 0 0.509081 0 0.509081 0.509081 -2.54541 
