32
-0 0 0 0 0 0 0 0 0 0 0 0 0 0 0 0 0 0 0 0 0 0 0 0 0 0 0 0 0 0 0 0 
0.0690956 -0.824569 0 0.188868 0 0.188868 0 0 0 0.188868 0 0 0 0 0 0 0 0.188868 0 0 0 0 0 0 0 0 0 0 0 0 0 0 
0.0690956 0 -0.824569 0.188868 0 0 0.188868 0 0 0 0.188868 0 0 0 0 0 0 0 0.188868 0 0 0 0 0 0 0 0 0 0 0 0 0 
0 0.0690956 0.0690956 -1.2714 0 0 0 0.377737 0 0 0 0.377737 0 0 0 0 0 0 0 0.377737 0 0 0 0 0 0 0 0 0 0 0 0 
0.0690956 0 0 0 -0.824569 0.188868 0.188868 0 0 0 0 0 0.188868 0 0 0 0 0 0 0 0.188868 0 0 0 0 0 0 0 0 0 0 0 
0 0.0690956 0 0 0.0690956 -1.2714 0 0.377737 0 0 0 0 0 0.377737 0 0 0 0 0 0 0 0.377737 0 0 0 0 0 0 0 0 0 0 
0 0 0.0690956 0 0.0690956 0 -1.2714 0.377737 0 0 0 0 0 0 0.377737 0 0 0 0 0 0 0 0.377737 0 0 0 0 0 0 0 0 0 
0 0 0 0.0690956 0 0.0690956 0.0690956 -1.3405 0 0 0 0 0 0 0 0.566605 0 0 0 0 0 0 0 0.566605 0 0 0 0 0 0 0 0 
0.0690956 0 0 0 0 0 0 0 -0.824569 0.188868 0.188868 0 0.188868 0 0 0 0 0 0 0 0 0 0 0 0.188868 0 0 0 0 0 0 0 
0 0.0690956 0 0 0 0 0 0 0.0690956 -1.2714 0 0.377737 0 0.377737 0 0 0 0 0 0 0 0 0 0 0 0.377737 0 0 0 0 0 0 
0 0 0.0690956 0 0 0 0 0 0.0690956 0 -1.2714 0.377737 0 0 0.377737 0 0 0 0 0 0 0 0 0 0 0 0.377737 0 0 0 0 0 
0 0 0 0.0690956 0 0 0 0 0 0.0690956 0.0690956 -1.3405 0 0 0 0.566605 0 0 0 0 0 0 0 0 0 0 0 0.566605 0 0 0 0 
0 0 0 0 0.0690956 0 0 0 0.0690956 0 0 0 -1.2714 0.377737 0.377737 0 0 0 0 0 0 0 0 0 0 0 0 0 0.377737 0 0 0 
0 0 0 0 0 0.0690956 0 0 0 0.0690956 0 0 0.0690956 -1.3405 0 0.566605 0 0 0 0 0 0 0 0 0 0 0 0 0 0.566605 0 0 
0 0 0 0 0 0 0.0690956 0 0 0 0.0690956 0 0.0690956 0 -1.3405 0.566605 0 0 0 0 0 0 0 0 0 0 0 0 0 0 0.566605 0 
0 0 0 0 0 0 0 0.0690956 0 0 0 0.0690956 0 0.0690956 0.0690956 -1.03186 0 0 0 0 0 0 0 0 0 0 0 0 0 0 0 0.755473 
0.0690956 0 0 0 0 0 0 0 0 0 0 0 0 0 0 0 -0.824569 0.188868 0.188868 0 0.188868 0 0 0 0.188868 0 0 0 0 0 0 0 
0 0.0690956 0 0 0 0 0 0 0 0 0 0 0 0 0 0 0.0690956 -1.2714 0 0.377737 0 0.377737 0 0 0 0.377737 0 0 0 0 0 0 
0 0 0.0690956 0 0 0 0 0 0 0 0 0 0 0 0 0 0.0690956 0 -1.2714 0.377737 0 0 0.377737 0 0 0 0.377737 0 0 0 0 0 
0 0 0 0.0690956 0 0 0 0 0 0 0 0 0 0 0 0 0 0.0690956 0.0690956 -1.3405 0 0 0 0.566605 0 0 0 0.566605 0 0 0 0 
0 0 0 0 0.0690956 0 0 0 0 0 0 0 0 0 0 0 0.0690956 0 0 0 -1.2714 0.377737 0.377737 0 0 0 0 0 0.377737 0 0 0 
0 0 0 0 0 0.0690956 0 0 0 0 0 0 0 0 0 0 0 0.0690956 0 0 0.0690956 -1.3405 0 0.566605 0 0 0 0 0 0.566605 0 0 
0 0 0 0 0 0 0.0690956 0 0 0 0 0 0 0 0 0 0 0 0.0690956 0 0.0690956 0 -1.3405 0.566605 0 0 0 0 0 0 0.566605 0 
0 0 0 0 0 0 0 0.0690956 0 0 0 0 0 0 0 0 0 0 0 0.0690956 0 0.0690956 0.0690956 -1.03186 0 0 0 0 0 0 0 0.755473 
0 0 0 0 0 0 0 0 0.0690956 0 0 0 0 0 0 0 0.0690956 0 0 0 0 0 0 0 -1.2714 0.377737 0.377737 0 0.377737 0 0 0 
0 0 0 0 0 0 0 0 0 0.0690956 0 0 0 0 0 0 0 0.0690956 0 0 0 0 0 0 0.0690956 -1.3405 0 0.566605 0 0.566605 0 0 
0 0 0 0 0 0 0 0 0 0 0.0690956 0 0 0 0 0 0 0 0.0690956 0 0 0 0 0 0.0690956 0 -1.3405 0.566605 0 0 0.566605 0 
0 0 0 0 0 0 0 0 0 0 0 0.0690956 0 0 0 0 0 0 0 0.0690956 0 0 0 0 0 0.0690956 0.0690956 -1.03186 0 0 0 0.755473 
0 0 0 0 0 0 0 0 0 0 0 0 0.0690956 0 0 0 0 0 0 0 0.0690956 0 0 0 0.0690956 0 0 0 -1.3405 0.566605 0.566605 0 
0 0 0 0 0 0 0 0 0 0 0 0 0 0.0690956 0 0 0 0 0 0 0 0.0690956 0 0 0 0.0690956 0 0 0.0690956 -1.03186 0 0.755473 
0 0 0 0 0 0 0 0 0 0 0 0 0 0 0.0690956 0 0 0 0 0 0 0 0.0690956 0 0 0 0.0690956 0 0.0690956 0 -1.03186 0.755473 
0 0 0 0 0 0 0 0 0 0 0 0 0 0 0 0.0690956 0 0 0 0 0 0 0 0.0690956 0 0 0 0.0690956 0 0.0690956 0.0690956 -0.345478 
