64
-0 0 0 0 0 0 0 0 0 0 0 0 0 0 0 0 0 0 0 0 0 0 0 0 0 0 0 0 0 0 0 0 0 0 0 0 0 0 0 0 0 0 0 0 0 0 0 0 0 0 0 0 0 0 0 0 0 0 0 0 0 0 0 0 
0.427558 -2.21768 0 0.358024 0 0.358024 0 0 0 0.358024 0 0 0 0 0 0 0 0.358024 0 0 0 0 0 0 0 0 0 0 0 0 0 0 0 0.358024 0 0 0 0 0 0 0 0 0 0 0 0 0 0 0 0 0 0 0 0 0 0 0 0 0 0 0 0 0 0 
0.427558 0 -2.21768 0.358024 0 0 0.358024 0 0 0 0.358024 0 0 0 0 0 0 0 0.358024 0 0 0 0 0 0 0 0 0 0 0 0 0 0 0 0.358024 0 0 0 0 0 0 0 0 0 0 0 0 0 0 0 0 0 0 0 0 0 0 0 0 0 0 0 0 0 
0 0.427558 0.427558 -3.71931 0 0 0 0.716048 0 0 0 0.716048 0 0 0 0 0 0 0 0.716048 0 0 0 0 0 0 0 0 0 0 0 0 0 0 0 0.716048 0 0 0 0 0 0 0 0 0 0 0 0 0 0 0 0 0 0 0 0 0 0 0 0 0 0 0 0 
0.427558 0 0 0 -2.21768 0.358024 0.358024 0 0 0 0 0 0.358024 0 0 0 0 0 0 0 0.358024 0 0 0 0 0 0 0 0 0 0 0 0 0 0 0 0.358024 0 0 0 0 0 0 0 0 0 0 0 0 0 0 0 0 0 0 0 0 0 0 0 0 0 0 0 
0 0.427558 0 0 0.427558 -3.71931 0 0.716048 0 0 0 0 0 0.716048 0 0 0 0 0 0 0 0.716048 0 0 0 0 0 0 0 0 0 0 0 0 0 0 0 0.716048 0 0 0 0 0 0 0 0 0 0 0 0 0 0 0 0 0 0 0 0 0 0 0 0 0 0 
0 0 0.427558 0 0.427558 0 -3.71931 0.716048 0 0 0 0 0 0 0.716048 0 0 0 0 0 0 0 0.716048 0 0 0 0 0 0 0 0 0 0 0 0 0 0 0 0.716048 0 0 0 0 0 0 0 0 0 0 0 0 0 0 0 0 0 0 0 0 0 0 0 0 0 
0 0 0 0.427558 0 0.427558 0.427558 -4.50489 0 0 0 0 0 0 0 1.07407 0 0 0 0 0 0 0 1.07407 0 0 0 0 0 0 0 0 0 0 0 0 0 0 0 1.07407 0 0 0 0 0 0 0 0 0 0 0 0 0 0 0 0 0 0 0 0 0 0 0 0 
0.427558 0 0 0 0 0 0 0 -2.21768 0.358024 0.358024 0 0.358024 0 0 0 0 0 0 0 0 0 0 0 0.358024 0 0 0 0 0 0 0 0 0 0 0 0 0 0 0 0.358024 0 0 0 0 0 0 0 0 0 0 0 0 0 0 0 0 0 0 0 0 0 0 0 
0 0.427558 0 0 0 0 0 0 0.427558 -3.71931 0 0.716048 0 0.716048 0 0 0 0 0 0 0 0 0 0 0 0.716048 0 0 0 0 0 0 0 0 0 0 0 0 0 0 0 0.716048 0 0 0 0 0 0 0 0 0 0 0 0 0 0 0 0 0 0 0 0 0 0 
0 0 0.427558 0 0 0 0 0 0.427558 0 -3.71931 0.716048 0 0 0.716048 0 0 0 0 0 0 0 0 0 0 0 0.716048 0 0 0 0 0 0 0 0 0 0 0 0 0 0 0 0.716048 0 0 0 0 0 0 0 0 0 0 0 0 0 0 0 0 0 0 0 0 0 
0 0 0 0.427558 0 0 0 0 0 0.427558 0.427558 -4.50489 0 0 0 1.07407 0 0 0 0 0 0 0 0 0 0 0 1.07407 0 0 0 0 0 0 0 0 0 0 0 0 0 0 0 1.07407 0 0 0 0 0 0 0 0 0 0 0 0 0 0 0 0 0 0 0 0 
0 0 0 0 0.427558 0 0 0 0.427558 0 0 0 -3.71931 0.716048 0.716048 0 0 0 0 0 0 0 0 0 0 0 0 0 0.716048 0 0 0 0 0 0 0 0 0 0 0 0 0 0 0 0.716048 0 0 0 0 0 0 0 0 0 0 0 0 0 0 0 0 0 0 0 
0 0 0 0 0 0.427558 0 0 0 0.427558 0 0 0.427558 -4.50489 0 1.07407 0 0 0 0 0 0 0 0 0 0 0 0 0 1.07407 0 0 0 0 0 0 0 0 0 0 0 0 0 0 0 1.07407 0 0 0 0 0 0 0 0 0 0 0 0 0 0 0 0 0 0 
0 0 0 0 0 0 0.427558 0 0 0 0.427558 0 0.427558 0 -4.50489 1.07407 0 0 0 0 0 0 0 0 0 0 0 0 0 0 1.07407 0 0 0 0 0 0 0 0 0 0 0 0 0 0 0 1.07407 0 0 0 0 0 0 0 0 0 0 0 0 0 0 0 0 0 
0 0 0 0 0 0 0 0.427558 0 0 0 0.427558 0 0.427558 0.427558 -4.57442 0 0 0 0 0 0 0 0 0 0 0 0 0 0 0 1.4321 0 0 0 0 0 0 0 0 0 0 0 0 0 0 0 1.4321 0 0 0 0 0 0 0 0 0 0 0 0 0 0 0 0 
0.427558 0 0 0 0 0 0 0 0 0 0 0 0 0 0 0 -2.21768 0.358024 0.358024 0 0.358024 0 0 0 0.358024 0 0 0 0 0 0 0 0 0 0 0 0 0 0 0 0 0 0 0 0 0 0 0 0.358024 0 0 0 0 0 0 0 0 0 0 0 0 0 0 0 
0 0.427558 0 0 0 0 0 0 0 0 0 0 0 0 0 0 0.427558 -3.71931 0 0.716048 0 0.716048 0 0 0 0.716048 0 0 0 0 0 0 0 0 0 0 0 0 0 0 0 0 0 0 0 0 0 0 0 0.716048 0 0 0 0 0 0 0 0 0 0 0 0 0 0 
0 0 0.427558 0 0 0 0 0 0 0 0 0 0 0 0 0 0.427558 0 -3.71931 0.716048 0 0 0.716048 0 0 0 0.716048 0 0 0 0 0 0 0 0 0 0 0 0 0 0 0 0 0 0 0 0 0 0 0 0.716048 0 0 0 0 0 0 0 0 0 0 0 0 0 
0 0 0 0.427558 0 0 0 0 0 0 0 0 0 0 0 0 0 0.427558 0.427558 -4.50489 0 0 0 1.07407 0 0 0 1.07407 0 0 0 0 0 0 0 0 0 0 0 0 0 0 0 0 0 0 0 0 0 0 0 1.07407 0 0 0 0 0 0 0 0 0 0 0 0 
0 0 0 0 0.427558 0 0 0 0 0 0 0 0 0 0 0 0.427558 0 0 0 -3.71931 0.716048 0.716048 0 0 0 0 0 0.716048 0 0 0 0 0 0 0 0 0 0 0 0 0 0 0 0 0 0 0 0 0 0 0 0.716048 0 0 0 0 0 0 0 0 0 0 0 
0 0 0 0 0 0.427558 0 0 0 0 0 0 0 0 0 0 0 0.427558 0 0 0.427558 -4.50489 0 1.07407 0 0 0 0 0 1.07407 0 0 0 0 0 0 0 0 0 0 0 0 0 0 0 0 0 0 0 0 0 0 0 1.07407 0 0 0 0 0 0 0 0 0 0 
0 0 0 0 0 0 0.427558 0 0 0 0 0 0 0 0 0 0 0 0.427558 0 0.427558 0 -4.50489 1.07407 0 0 0 0 0 0 1.07407 0 0 0 0 0 0 0 0 0 0 0 0 0 0 0 0 0 0 0 0 0 0 0 1.07407 0 0 0 0 0 0 0 0 0 
0 0 0 0 0 0 0 0.427558 0 0 0 0 0 0 0 0 0 0 0 0.427558 0 0.427558 0.427558 -4.57442 0 0 0 0 0 0 0 1.4321 0 0 0 0 0 0 0 0 0 0 0 0 0 0 0 0 0 0 0 0 0 0 0 1.4321 0 0 0 0 0 0 0 0 
0 0 0 0 0 0 0 0 0.427558 0 0 0 0 0 0 0 0.427558 0 0 0 0 0 0 0 -3.71931 0.716048 0.716048 0 0.716048 0 0 0 0 0 0 0 0 0 0 0 0 0 0 0 0 0 0 0 0 0 0 0 0 0 0 0 0.716048 0 0 0 0 0 0 0 
0 0 0 0 0 0 0 0 0 0.427558 0 0 0 0 0 0 0 0.427558 0 0 0 0 0 0 0.427558 -4.50489 0 1.07407 0 1.07407 0 0 0 0 0 0 0 0 0 0 0 0 0 0 0 0 0 0 0 0 0 0 0 0 0 0 0 1.07407 0 0 0 0 0 0 
0 0 0 0 0 0 0 0 0 0 0.427558 0 0 0 0 0 0 0 0.427558 0 0 0 0 0 0.427558 0 -4.50489 1.07407 0 0 1.07407 0 0 0 0 0 0 0 0 0 0 0 0 0 0 0 0 0 0 0 0 0 0 0 0 0 0 0 1.07407 0 0 0 0 0 
0 0 0 0 0 0 0 0 0 0 0 0.427558 0 0 0 0 0 0 0 0.427558 0 0 0 0 0 0.427558 0.427558 -4.57442 0 0 0 1.4321 0 0 0 0 0 0 0 0 0 0 0 0 0 0 0 0 0 0 0 0 0 0 0 0 0 0 0 1.4321 0 0 0 0 
0 0 0 0 0 0 0 0 0 0 0 0 0.427558 0 0 0 0 0 0 0 0.427558 0 0 0 0.427558 0 0 0 -4.50489 1.07407 1.07407 0 0 0 0 0 0 0 0 0 0 0 0 0 0 0 0 0 0 0 0 0 0 0 0 0 0 0 0 0 1.07407 0 0 0 
0 0 0 0 0 0 0 0 0 0 0 0 0 0.427558 0 0 0 0 0 0 0 0.427558 0 0 0 0.427558 0 0 0.427558 -4.57442 0 1.4321 0 0 0 0 0 0 0 0 0 0 0 0 0 0 0 0 0 0 0 0 0 0 0 0 0 0 0 0 0 1.4321 0 0 
0 0 0 0 0 0 0 0 0 0 0 0 0 0 0.427558 0 0 0 0 0 0 0 0.427558 0 0 0 0.427558 0 0.427558 0 -4.57442 1.4321 0 0 0 0 0 0 0 0 0 0 0 0 0 0 0 0 0 0 0 0 0 0 0 0 0 0 0 0 0 0 1.4321 0 
0 0 0 0 0 0 0 0 0 0 0 0 0 0 0 0.427558 0 0 0 0 0 0 0 0.427558 0 0 0 0.427558 0 0.427558 0.427558 -3.92791 0 0 0 0 0 0 0 0 0 0 0 0 0 0 0 0 0 0 0 0 0 0 0 0 0 0 0 0 0 0 0 1.79012 
0.427558 0 0 0 0 0 0 0 0 0 0 0 0 0 0 0 0 0 0 0 0 0 0 0 0 0 0 0 0 0 0 0 -2.21768 0.358024 0.358024 0 0.358024 0 0 0 0.358024 0 0 0 0 0 0 0 0.358024 0 0 0 0 0 0 0 0 0 0 0 0 0 0 0 
0 0.427558 0 0 0 0 0 0 0 0 0 0 0 0 0 0 0 0 0 0 0 0 0 0 0 0 0 0 0 0 0 0 0.427558 -3.71931 0 0.716048 0 0.716048 0 0 0 0.716048 0 0 0 0 0 0 0 0.716048 0 0 0 0 0 0 0 0 0 0 0 0 0 0 
0 0 0.427558 0 0 0 0 0 0 0 0 0 0 0 0 0 0 0 0 0 0 0 0 0 0 0 0 0 0 0 0 0 0.427558 0 -3.71931 0.716048 0 0 0.716048 0 0 0 0.716048 0 0 0 0 0 0 0 0.716048 0 0 0 0 0 0 0 0 0 0 0 0 0 
0 0 0 0.427558 0 0 0 0 0 0 0 0 0 0 0 0 0 0 0 0 0 0 0 0 0 0 0 0 0 0 0 0 0 0.427558 0.427558 -4.50489 0 0 0 1.07407 0 0 0 1.07407 0 0 0 0 0 0 0 1.07407 0 0 0 0 0 0 0 0 0 0 0 0 
0 0 0 0 0.427558 0 0 0 0 0 0 0 0 0 0 0 0 0 0 0 0 0 0 0 0 0 0 0 0 0 0 0 0.427558 0 0 0 -3.71931 0.716048 0.716048 0 0 0 0 0 0.716048 0 0 0 0 0 0 0 0.716048 0 0 0 0 0 0 0 0 0 0 0 
0 0 0 0 0 0.427558 0 0 0 0 0 0 0 0 0 0 0 0 0 0 0 0 0 0 0 0 0 0 0 0 0 0 0 0.427558 0 0 0.427558 -4.50489 0 1.07407 0 0 0 0 0 1.07407 0 0 0 0 0 0 0 1.07407 0 0 0 0 0 0 0 0 0 0 
0 0 0 0 0 0 0.427558 0 0 0 0 0 0 0 0 0 0 0 0 0 0 0 0 0 0 0 0 0 0 0 0 0 0 0 0.427558 0 0.427558 0 -4.50489 1.07407 0 0 0 0 0 0 1.07407 0 0 0 0 0 0 0 1.07407 0 0 0 0 0 0 0 0 0 
0 0 0 0 0 0 0 0.427558 0 0 0 0 0 0 0 0 0 0 0 0 0 0 0 0 0 0 0 0 0 0 0 0 0 0 0 0.427558 0 0.427558 0.427558 -4.57442 0 0 0 0 0 0 0 1.4321 0 0 0 0 0 0 0 1.4321 0 0 0 0 0 0 0 0 
0 0 0 0 0 0 0 0 0.427558 0 0 0 0 0 0 0 0 0 0 0 0 0 0 0 0 0 0 0 0 0 0 0 0.427558 0 0 0 0 0 0 0 -3.71931 0.716048 0.716048 0 0.716048 0 0 0 0 0 0 0 0 0 0 0 0.716048 0 0 0 0 0 0 0 
0 0 0 0 0 0 0 0 0 0.427558 0 0 0 0 0 0 0 0 0 0 0 0 0 0 0 0 0 0 0 0 0 0 0 0.427558 0 0 0 0 0 0 0.427558 -4.50489 0 1.07407 0 1.07407 0 0 0 0 0 0 0 0 0 0 0 1.07407 0 0 0 0 0 0 
0 0 0 0 0 0 0 0 0 0 0.427558 0 0 0 0 0 0 0 0 0 0 0 0 0 0 0 0 0 0 0 0 0 0 0 0.427558 0 0 0 0 0 0.427558 0 -4.50489 1.07407 0 0 1.07407 0 0 0 0 0 0 0 0 0 0 0 1.07407 0 0 0 0 0 
0 0 0 0 0 0 0 0 0 0 0 0.427558 0 0 0 0 0 0 0 0 0 0 0 0 0 0 0 0 0 0 0 0 0 0 0 0.427558 0 0 0 0 0 0.427558 0.427558 -4.57442 0 0 0 1.4321 0 0 0 0 0 0 0 0 0 0 0 1.4321 0 0 0 0 
0 0 0 0 0 0 0 0 0 0 0 0 0.427558 0 0 0 0 0 0 0 0 0 0 0 0 0 0 0 0 0 0 0 0 0 0 0 0.427558 0 0 0 0.427558 0 0 0 -4.50489 1.07407 1.07407 0 0 0 0 0 0 0 0 0 0 0 0 0 1.07407 0 0 0 
0 0 0 0 0 0 0 0 0 0 0 0 0 0.427558 0 0 0 0 0 0 0 0 0 0 0 0 0 0 0 0 0 0 0 0 0 0 0 0.427558 0 0 0 0.427558 0 0 0.427558 -4.57442 0 1.4321 0 0 0 0 0 0 0 0 0 0 0 0 0 1.4321 0 0 
0 0 0 0 0 0 0 0 0 0 0 0 0 0 0.427558 0 0 0 0 0 0 0 0 0 0 0 0 0 0 0 0 0 0 0 0 0 0 0 0.427558 0 0 0 0.427558 0 0.427558 0 -4.57442 1.4321 0 0 0 0 0 0 0 0 0 0 0 0 0 0 1.4321 0 
0 0 0 0 0 0 0 0 0 0 0 0 0 0 0 0.427558 0 0 0 0 0 0 0 0 0 0 0 0 0 0 0 0 0 0 0 0 0 0 0 0.427558 0 0 0 0.427558 0 0.427558 0.427558 -3.92791 0 0 0 0 0 0 0 0 0 0 0 0 0 0 0 1.79012 
0 0 0 0 0 0 0 0 0 0 0 0 0 0 0 0 0.427558 0 0 0 0 0 0 0 0 0 0 0 0 0 0 0 0.427558 0 0 0 0 0 0 0 0 0 0 0 0 0 0 0 -3.71931 0.716048 0.716048 0 0.716048 0 0 0 0.716048 0 0 0 0 0 0 0 
0 0 0 0 0 0 0 0 0 0 0 0 0 0 0 0 0 0.427558 0 0 0 0 0 0 0 0 0 0 0 0 0 0 0 0.427558 0 0 0 0 0 0 0 0 0 0 0 0 0 0 0.427558 -4.50489 0 1.07407 0 1.07407 0 0 0 1.07407 0 0 0 0 0 0 
0 0 0 0 0 0 0 0 0 0 0 0 0 0 0 0 0 0 0.427558 0 0 0 0 0 0 0 0 0 0 0 0 0 0 0 0.427558 0 0 0 0 0 0 0 0 0 0 0 0 0 0.427558 0 -4.50489 1.07407 0 0 1.07407 0 0 0 1.07407 0 0 0 0 0 
0 0 0 0 0 0 0 0 0 0 0 0 0 0 0 0 0 0 0 0.427558 0 0 0 0 0 0 0 0 0 0 0 0 0 0 0 0.427558 0 0 0 0 0 0 0 0 0 0 0 0 0 0.427558 0.427558 -4.57442 0 0 0 1.4321 0 0 0 1.4321 0 0 0 0 
0 0 0 0 0 0 0 0 0 0 0 0 0 0 0 0 0 0 0 0 0.427558 0 0 0 0 0 0 0 0 0 0 0 0 0 0 0 0.427558 0 0 0 0 0 0 0 0 0 0 0 0.427558 0 0 0 -4.50489 1.07407 1.07407 0 0 0 0 0 1.07407 0 0 0 
0 0 0 0 0 0 0 0 0 0 0 0 0 0 0 0 0 0 0 0 0 0.427558 0 0 0 0 0 0 0 0 0 0 0 0 0 0 0 0.427558 0 0 0 0 0 0 0 0 0 0 0 0.427558 0 0 0.427558 -4.57442 0 1.4321 0 0 0 0 0 1.4321 0 0 
0 0 0 0 0 0 0 0 0 0 0 0 0 0 0 0 0 0 0 0 0 0 0.427558 0 0 0 0 0 0 0 0 0 0 0 0 0 0 0 0.427558 0 0 0 0 0 0 0 0 0 0 0 0.427558 0 0.427558 0 -4.57442 1.4321 0 0 0 0 0 0 1.4321 0 
0 0 0 0 0 0 0 0 0 0 0 0 0 0 0 0 0 0 0 0 0 0 0 0.427558 0 0 0 0 0 0 0 0 0 0 0 0 0 0 0 0.427558 0 0 0 0 0 0 0 0 0 0 0 0.427558 0 0.427558 0.427558 -3.92791 0 0 0 0 0 0 0 1.79012 
0 0 0 0 0 0 0 0 0 0 0 0 0 0 0 0 0 0 0 0 0 0 0 0 0.427558 0 0 0 0 0 0 0 0 0 0 0 0 0 0 0 0.427558 0 0 0 0 0 0 0 0.427558 0 0 0 0 0 0 0 -4.50489 1.07407 1.07407 0 1.07407 0 0 0 
0 0 0 0 0 0 0 0 0 0 0 0 0 0 0 0 0 0 0 0 0 0 0 0 0 0.427558 0 0 0 0 0 0 0 0 0 0 0 0 0 0 0 0.427558 0 0 0 0 0 0 0 0.427558 0 0 0 0 0 0 0.427558 -4.57442 0 1.4321 0 1.4321 0 0 
0 0 0 0 0 0 0 0 0 0 0 0 0 0 0 0 0 0 0 0 0 0 0 0 0 0 0.427558 0 0 0 0 0 0 0 0 0 0 0 0 0 0 0 0.427558 0 0 0 0 0 0 0 0.427558 0 0 0 0 0 0.427558 0 -4.57442 1.4321 0 0 1.4321 0 
0 0 0 0 0 0 0 0 0 0 0 0 0 0 0 0 0 0 0 0 0 0 0 0 0 0 0 0.427558 0 0 0 0 0 0 0 0 0 0 0 0 0 0 0 0.427558 0 0 0 0 0 0 0 0.427558 0 0 0 0 0 0.427558 0.427558 -3.92791 0 0 0 1.79012 
0 0 0 0 0 0 0 0 0 0 0 0 0 0 0 0 0 0 0 0 0 0 0 0 0 0 0 0 0.427558 0 0 0 0 0 0 0 0 0 0 0 0 0 0 0 0.427558 0 0 0 0 0 0 0 0.427558 0 0 0 0.427558 0 0 0 -4.57442 1.4321 1.4321 0 
0 0 0 0 0 0 0 0 0 0 0 0 0 0 0 0 0 0 0 0 0 0 0 0 0 0 0 0 0 0.427558 0 0 0 0 0 0 0 0 0 0 0 0 0 0 0 0.427558 0 0 0 0 0 0 0 0.427558 0 0 0 0.427558 0 0 0.427558 -3.92791 0 1.79012 
0 0 0 0 0 0 0 0 0 0 0 0 0 0 0 0 0 0 0 0 0 0 0 0 0 0 0 0 0 0 0.427558 0 0 0 0 0 0 0 0 0 0 0 0 0 0 0 0.427558 0 0 0 0 0 0 0 0.427558 0 0 0 0.427558 0 0.427558 0 -3.92791 1.79012 
0 0 0 0 0 0 0 0 0 0 0 0 0 0 0 0 0 0 0 0 0 0 0 0 0 0 0 0 0 0 0 0.427558 0 0 0 0 0 0 0 0 0 0 0 0 0 0 0 0.427558 0 0 0 0 0 0 0 0.427558 0 0 0 0.427558 0 0.427558 0.427558 -2.56535 
