64
-0 0 0 0 0 0 0 0 0 0 0 0 0 0 0 0 0 0 0 0 0 0 0 0 0 0 0 0 0 0 0 0 0 0 0 0 0 0 0 0 0 0 0 0 0 0 0 0 0 0 0 0 0 0 0 0 0 0 0 0 0 0 0 0 
0.549335 -2.68665 0 0.427464 0 0.427464 0 0 0 0.427464 0 0 0 0 0 0 0 0.427464 0 0 0 0 0 0 0 0 0 0 0 0 0 0 0 0.427464 0 0 0 0 0 0 0 0 0 0 0 0 0 0 0 0 0 0 0 0 0 0 0 0 0 0 0 0 0 0 
0.549335 0 -2.68665 0.427464 0 0 0.427464 0 0 0 0.427464 0 0 0 0 0 0 0 0.427464 0 0 0 0 0 0 0 0 0 0 0 0 0 0 0 0.427464 0 0 0 0 0 0 0 0 0 0 0 0 0 0 0 0 0 0 0 0 0 0 0 0 0 0 0 0 0 
0 0.549335 0.549335 -4.51838 0 0 0 0.854928 0 0 0 0.854928 0 0 0 0 0 0 0 0.854928 0 0 0 0 0 0 0 0 0 0 0 0 0 0 0 0.854928 0 0 0 0 0 0 0 0 0 0 0 0 0 0 0 0 0 0 0 0 0 0 0 0 0 0 0 0 
0.549335 0 0 0 -2.68665 0.427464 0.427464 0 0 0 0 0 0.427464 0 0 0 0 0 0 0 0.427464 0 0 0 0 0 0 0 0 0 0 0 0 0 0 0 0.427464 0 0 0 0 0 0 0 0 0 0 0 0 0 0 0 0 0 0 0 0 0 0 0 0 0 0 0 
0 0.549335 0 0 0.549335 -4.51838 0 0.854928 0 0 0 0 0 0.854928 0 0 0 0 0 0 0 0.854928 0 0 0 0 0 0 0 0 0 0 0 0 0 0 0 0.854928 0 0 0 0 0 0 0 0 0 0 0 0 0 0 0 0 0 0 0 0 0 0 0 0 0 0 
0 0 0.549335 0 0.549335 0 -4.51838 0.854928 0 0 0 0 0 0 0.854928 0 0 0 0 0 0 0 0.854928 0 0 0 0 0 0 0 0 0 0 0 0 0 0 0 0.854928 0 0 0 0 0 0 0 0 0 0 0 0 0 0 0 0 0 0 0 0 0 0 0 0 0 
0 0 0 0.549335 0 0.549335 0.549335 -5.49518 0 0 0 0 0 0 0 1.28239 0 0 0 0 0 0 0 1.28239 0 0 0 0 0 0 0 0 0 0 0 0 0 0 0 1.28239 0 0 0 0 0 0 0 0 0 0 0 0 0 0 0 0 0 0 0 0 0 0 0 0 
0.549335 0 0 0 0 0 0 0 -2.68665 0.427464 0.427464 0 0.427464 0 0 0 0 0 0 0 0 0 0 0 0.427464 0 0 0 0 0 0 0 0 0 0 0 0 0 0 0 0.427464 0 0 0 0 0 0 0 0 0 0 0 0 0 0 0 0 0 0 0 0 0 0 0 
0 0.549335 0 0 0 0 0 0 0.549335 -4.51838 0 0.854928 0 0.854928 0 0 0 0 0 0 0 0 0 0 0 0.854928 0 0 0 0 0 0 0 0 0 0 0 0 0 0 0 0.854928 0 0 0 0 0 0 0 0 0 0 0 0 0 0 0 0 0 0 0 0 0 0 
0 0 0.549335 0 0 0 0 0 0.549335 0 -4.51838 0.854928 0 0 0.854928 0 0 0 0 0 0 0 0 0 0 0 0.854928 0 0 0 0 0 0 0 0 0 0 0 0 0 0 0 0.854928 0 0 0 0 0 0 0 0 0 0 0 0 0 0 0 0 0 0 0 0 0 
0 0 0 0.549335 0 0 0 0 0 0.549335 0.549335 -5.49518 0 0 0 1.28239 0 0 0 0 0 0 0 0 0 0 0 1.28239 0 0 0 0 0 0 0 0 0 0 0 0 0 0 0 1.28239 0 0 0 0 0 0 0 0 0 0 0 0 0 0 0 0 0 0 0 0 
0 0 0 0 0.549335 0 0 0 0.549335 0 0 0 -4.51838 0.854928 0.854928 0 0 0 0 0 0 0 0 0 0 0 0 0 0.854928 0 0 0 0 0 0 0 0 0 0 0 0 0 0 0 0.854928 0 0 0 0 0 0 0 0 0 0 0 0 0 0 0 0 0 0 0 
0 0 0 0 0 0.549335 0 0 0 0.549335 0 0 0.549335 -5.49518 0 1.28239 0 0 0 0 0 0 0 0 0 0 0 0 0 1.28239 0 0 0 0 0 0 0 0 0 0 0 0 0 0 0 1.28239 0 0 0 0 0 0 0 0 0 0 0 0 0 0 0 0 0 0 
0 0 0 0 0 0 0.549335 0 0 0 0.549335 0 0.549335 0 -5.49518 1.28239 0 0 0 0 0 0 0 0 0 0 0 0 0 0 1.28239 0 0 0 0 0 0 0 0 0 0 0 0 0 0 0 1.28239 0 0 0 0 0 0 0 0 0 0 0 0 0 0 0 0 0 
0 0 0 0 0 0 0 0.549335 0 0 0 0.549335 0 0.549335 0.549335 -5.61705 0 0 0 0 0 0 0 0 0 0 0 0 0 0 0 1.70986 0 0 0 0 0 0 0 0 0 0 0 0 0 0 0 1.70986 0 0 0 0 0 0 0 0 0 0 0 0 0 0 0 0 
0.549335 0 0 0 0 0 0 0 0 0 0 0 0 0 0 0 -2.68665 0.427464 0.427464 0 0.427464 0 0 0 0.427464 0 0 0 0 0 0 0 0 0 0 0 0 0 0 0 0 0 0 0 0 0 0 0 0.427464 0 0 0 0 0 0 0 0 0 0 0 0 0 0 0 
0 0.549335 0 0 0 0 0 0 0 0 0 0 0 0 0 0 0.549335 -4.51838 0 0.854928 0 0.854928 0 0 0 0.854928 0 0 0 0 0 0 0 0 0 0 0 0 0 0 0 0 0 0 0 0 0 0 0 0.854928 0 0 0 0 0 0 0 0 0 0 0 0 0 0 
0 0 0.549335 0 0 0 0 0 0 0 0 0 0 0 0 0 0.549335 0 -4.51838 0.854928 0 0 0.854928 0 0 0 0.854928 0 0 0 0 0 0 0 0 0 0 0 0 0 0 0 0 0 0 0 0 0 0 0 0.854928 0 0 0 0 0 0 0 0 0 0 0 0 0 
0 0 0 0.549335 0 0 0 0 0 0 0 0 0 0 0 0 0 0.549335 0.549335 -5.49518 0 0 0 1.28239 0 0 0 1.28239 0 0 0 0 0 0 0 0 0 0 0 0 0 0 0 0 0 0 0 0 0 0 0 1.28239 0 0 0 0 0 0 0 0 0 0 0 0 
0 0 0 0 0.549335 0 0 0 0 0 0 0 0 0 0 0 0.549335 0 0 0 -4.51838 0.854928 0.854928 0 0 0 0 0 0.854928 0 0 0 0 0 0 0 0 0 0 0 0 0 0 0 0 0 0 0 0 0 0 0 0.854928 0 0 0 0 0 0 0 0 0 0 0 
0 0 0 0 0 0.549335 0 0 0 0 0 0 0 0 0 0 0 0.549335 0 0 0.549335 -5.49518 0 1.28239 0 0 0 0 0 1.28239 0 0 0 0 0 0 0 0 0 0 0 0 0 0 0 0 0 0 0 0 0 0 0 1.28239 0 0 0 0 0 0 0 0 0 0 
0 0 0 0 0 0 0.549335 0 0 0 0 0 0 0 0 0 0 0 0.549335 0 0.549335 0 -5.49518 1.28239 0 0 0 0 0 0 1.28239 0 0 0 0 0 0 0 0 0 0 0 0 0 0 0 0 0 0 0 0 0 0 0 1.28239 0 0 0 0 0 0 0 0 0 
0 0 0 0 0 0 0 0.549335 0 0 0 0 0 0 0 0 0 0 0 0.549335 0 0.549335 0.549335 -5.61705 0 0 0 0 0 0 0 1.70986 0 0 0 0 0 0 0 0 0 0 0 0 0 0 0 0 0 0 0 0 0 0 0 1.70986 0 0 0 0 0 0 0 0 
0 0 0 0 0 0 0 0 0.549335 0 0 0 0 0 0 0 0.549335 0 0 0 0 0 0 0 -4.51838 0.854928 0.854928 0 0.854928 0 0 0 0 0 0 0 0 0 0 0 0 0 0 0 0 0 0 0 0 0 0 0 0 0 0 0 0.854928 0 0 0 0 0 0 0 
0 0 0 0 0 0 0 0 0 0.549335 0 0 0 0 0 0 0 0.549335 0 0 0 0 0 0 0.549335 -5.49518 0 1.28239 0 1.28239 0 0 0 0 0 0 0 0 0 0 0 0 0 0 0 0 0 0 0 0 0 0 0 0 0 0 0 1.28239 0 0 0 0 0 0 
0 0 0 0 0 0 0 0 0 0 0.549335 0 0 0 0 0 0 0 0.549335 0 0 0 0 0 0.549335 0 -5.49518 1.28239 0 0 1.28239 0 0 0 0 0 0 0 0 0 0 0 0 0 0 0 0 0 0 0 0 0 0 0 0 0 0 0 1.28239 0 0 0 0 0 
0 0 0 0 0 0 0 0 0 0 0 0.549335 0 0 0 0 0 0 0 0.549335 0 0 0 0 0 0.549335 0.549335 -5.61705 0 0 0 1.70986 0 0 0 0 0 0 0 0 0 0 0 0 0 0 0 0 0 0 0 0 0 0 0 0 0 0 0 1.70986 0 0 0 0 
0 0 0 0 0 0 0 0 0 0 0 0 0.549335 0 0 0 0 0 0 0 0.549335 0 0 0 0.549335 0 0 0 -5.49518 1.28239 1.28239 0 0 0 0 0 0 0 0 0 0 0 0 0 0 0 0 0 0 0 0 0 0 0 0 0 0 0 0 0 1.28239 0 0 0 
0 0 0 0 0 0 0 0 0 0 0 0 0 0.549335 0 0 0 0 0 0 0 0.549335 0 0 0 0.549335 0 0 0.549335 -5.61705 0 1.70986 0 0 0 0 0 0 0 0 0 0 0 0 0 0 0 0 0 0 0 0 0 0 0 0 0 0 0 0 0 1.70986 0 0 
0 0 0 0 0 0 0 0 0 0 0 0 0 0 0.549335 0 0 0 0 0 0 0 0.549335 0 0 0 0.549335 0 0.549335 0 -5.61705 1.70986 0 0 0 0 0 0 0 0 0 0 0 0 0 0 0 0 0 0 0 0 0 0 0 0 0 0 0 0 0 0 1.70986 0 
0 0 0 0 0 0 0 0 0 0 0 0 0 0 0 0.549335 0 0 0 0 0 0 0 0.549335 0 0 0 0.549335 0 0.549335 0.549335 -4.88399 0 0 0 0 0 0 0 0 0 0 0 0 0 0 0 0 0 0 0 0 0 0 0 0 0 0 0 0 0 0 0 2.13732 
0.549335 0 0 0 0 0 0 0 0 0 0 0 0 0 0 0 0 0 0 0 0 0 0 0 0 0 0 0 0 0 0 0 -2.68665 0.427464 0.427464 0 0.427464 0 0 0 0.427464 0 0 0 0 0 0 0 0.427464 0 0 0 0 0 0 0 0 0 0 0 0 0 0 0 
0 0.549335 0 0 0 0 0 0 0 0 0 0 0 0 0 0 0 0 0 0 0 0 0 0 0 0 0 0 0 0 0 0 0.549335 -4.51838 0 0.854928 0 0.854928 0 0 0 0.854928 0 0 0 0 0 0 0 0.854928 0 0 0 0 0 0 0 0 0 0 0 0 0 0 
0 0 0.549335 0 0 0 0 0 0 0 0 0 0 0 0 0 0 0 0 0 0 0 0 0 0 0 0 0 0 0 0 0 0.549335 0 -4.51838 0.854928 0 0 0.854928 0 0 0 0.854928 0 0 0 0 0 0 0 0.854928 0 0 0 0 0 0 0 0 0 0 0 0 0 
0 0 0 0.549335 0 0 0 0 0 0 0 0 0 0 0 0 0 0 0 0 0 0 0 0 0 0 0 0 0 0 0 0 0 0.549335 0.549335 -5.49518 0 0 0 1.28239 0 0 0 1.28239 0 0 0 0 0 0 0 1.28239 0 0 0 0 0 0 0 0 0 0 0 0 
0 0 0 0 0.549335 0 0 0 0 0 0 0 0 0 0 0 0 0 0 0 0 0 0 0 0 0 0 0 0 0 0 0 0.549335 0 0 0 -4.51838 0.854928 0.854928 0 0 0 0 0 0.854928 0 0 0 0 0 0 0 0.854928 0 0 0 0 0 0 0 0 0 0 0 
0 0 0 0 0 0.549335 0 0 0 0 0 0 0 0 0 0 0 0 0 0 0 0 0 0 0 0 0 0 0 0 0 0 0 0.549335 0 0 0.549335 -5.49518 0 1.28239 0 0 0 0 0 1.28239 0 0 0 0 0 0 0 1.28239 0 0 0 0 0 0 0 0 0 0 
0 0 0 0 0 0 0.549335 0 0 0 0 0 0 0 0 0 0 0 0 0 0 0 0 0 0 0 0 0 0 0 0 0 0 0 0.549335 0 0.549335 0 -5.49518 1.28239 0 0 0 0 0 0 1.28239 0 0 0 0 0 0 0 1.28239 0 0 0 0 0 0 0 0 0 
0 0 0 0 0 0 0 0.549335 0 0 0 0 0 0 0 0 0 0 0 0 0 0 0 0 0 0 0 0 0 0 0 0 0 0 0 0.549335 0 0.549335 0.549335 -5.61705 0 0 0 0 0 0 0 1.70986 0 0 0 0 0 0 0 1.70986 0 0 0 0 0 0 0 0 
0 0 0 0 0 0 0 0 0.549335 0 0 0 0 0 0 0 0 0 0 0 0 0 0 0 0 0 0 0 0 0 0 0 0.549335 0 0 0 0 0 0 0 -4.51838 0.854928 0.854928 0 0.854928 0 0 0 0 0 0 0 0 0 0 0 0.854928 0 0 0 0 0 0 0 
0 0 0 0 0 0 0 0 0 0.549335 0 0 0 0 0 0 0 0 0 0 0 0 0 0 0 0 0 0 0 0 0 0 0 0.549335 0 0 0 0 0 0 0.549335 -5.49518 0 1.28239 0 1.28239 0 0 0 0 0 0 0 0 0 0 0 1.28239 0 0 0 0 0 0 
0 0 0 0 0 0 0 0 0 0 0.549335 0 0 0 0 0 0 0 0 0 0 0 0 0 0 0 0 0 0 0 0 0 0 0 0.549335 0 0 0 0 0 0.549335 0 -5.49518 1.28239 0 0 1.28239 0 0 0 0 0 0 0 0 0 0 0 1.28239 0 0 0 0 0 
0 0 0 0 0 0 0 0 0 0 0 0.549335 0 0 0 0 0 0 0 0 0 0 0 0 0 0 0 0 0 0 0 0 0 0 0 0.549335 0 0 0 0 0 0.549335 0.549335 -5.61705 0 0 0 1.70986 0 0 0 0 0 0 0 0 0 0 0 1.70986 0 0 0 0 
0 0 0 0 0 0 0 0 0 0 0 0 0.549335 0 0 0 0 0 0 0 0 0 0 0 0 0 0 0 0 0 0 0 0 0 0 0 0.549335 0 0 0 0.549335 0 0 0 -5.49518 1.28239 1.28239 0 0 0 0 0 0 0 0 0 0 0 0 0 1.28239 0 0 0 
0 0 0 0 0 0 0 0 0 0 0 0 0 0.549335 0 0 0 0 0 0 0 0 0 0 0 0 0 0 0 0 0 0 0 0 0 0 0 0.549335 0 0 0 0.549335 0 0 0.549335 -5.61705 0 1.70986 0 0 0 0 0 0 0 0 0 0 0 0 0 1.70986 0 0 
0 0 0 0 0 0 0 0 0 0 0 0 0 0 0.549335 0 0 0 0 0 0 0 0 0 0 0 0 0 0 0 0 0 0 0 0 0 0 0 0.549335 0 0 0 0.549335 0 0.549335 0 -5.61705 1.70986 0 0 0 0 0 0 0 0 0 0 0 0 0 0 1.70986 0 
0 0 0 0 0 0 0 0 0 0 0 0 0 0 0 0.549335 0 0 0 0 0 0 0 0 0 0 0 0 0 0 0 0 0 0 0 0 0 0 0 0.549335 0 0 0 0.549335 0 0.549335 0.549335 -4.88399 0 0 0 0 0 0 0 0 0 0 0 0 0 0 0 2.13732 
0 0 0 0 0 0 0 0 0 0 0 0 0 0 0 0 0.549335 0 0 0 0 0 0 0 0 0 0 0 0 0 0 0 0.549335 0 0 0 0 0 0 0 0 0 0 0 0 0 0 0 -4.51838 0.854928 0.854928 0 0.854928 0 0 0 0.854928 0 0 0 0 0 0 0 
0 0 0 0 0 0 0 0 0 0 0 0 0 0 0 0 0 0.549335 0 0 0 0 0 0 0 0 0 0 0 0 0 0 0 0.549335 0 0 0 0 0 0 0 0 0 0 0 0 0 0 0.549335 -5.49518 0 1.28239 0 1.28239 0 0 0 1.28239 0 0 0 0 0 0 
0 0 0 0 0 0 0 0 0 0 0 0 0 0 0 0 0 0 0.549335 0 0 0 0 0 0 0 0 0 0 0 0 0 0 0 0.549335 0 0 0 0 0 0 0 0 0 0 0 0 0 0.549335 0 -5.49518 1.28239 0 0 1.28239 0 0 0 1.28239 0 0 0 0 0 
0 0 0 0 0 0 0 0 0 0 0 0 0 0 0 0 0 0 0 0.549335 0 0 0 0 0 0 0 0 0 0 0 0 0 0 0 0.549335 0 0 0 0 0 0 0 0 0 0 0 0 0 0.549335 0.549335 -5.61705 0 0 0 1.70986 0 0 0 1.70986 0 0 0 0 
0 0 0 0 0 0 0 0 0 0 0 0 0 0 0 0 0 0 0 0 0.549335 0 0 0 0 0 0 0 0 0 0 0 0 0 0 0 0.549335 0 0 0 0 0 0 0 0 0 0 0 0.549335 0 0 0 -5.49518 1.28239 1.28239 0 0 0 0 0 1.28239 0 0 0 
0 0 0 0 0 0 0 0 0 0 0 0 0 0 0 0 0 0 0 0 0 0.549335 0 0 0 0 0 0 0 0 0 0 0 0 0 0 0 0.549335 0 0 0 0 0 0 0 0 0 0 0 0.549335 0 0 0.549335 -5.61705 0 1.70986 0 0 0 0 0 1.70986 0 0 
0 0 0 0 0 0 0 0 0 0 0 0 0 0 0 0 0 0 0 0 0 0 0.549335 0 0 0 0 0 0 0 0 0 0 0 0 0 0 0 0.549335 0 0 0 0 0 0 0 0 0 0 0 0.549335 0 0.549335 0 -5.61705 1.70986 0 0 0 0 0 0 1.70986 0 
0 0 0 0 0 0 0 0 0 0 0 0 0 0 0 0 0 0 0 0 0 0 0 0.549335 0 0 0 0 0 0 0 0 0 0 0 0 0 0 0 0.549335 0 0 0 0 0 0 0 0 0 0 0 0.549335 0 0.549335 0.549335 -4.88399 0 0 0 0 0 0 0 2.13732 
0 0 0 0 0 0 0 0 0 0 0 0 0 0 0 0 0 0 0 0 0 0 0 0 0.549335 0 0 0 0 0 0 0 0 0 0 0 0 0 0 0 0.549335 0 0 0 0 0 0 0 0.549335 0 0 0 0 0 0 0 -5.49518 1.28239 1.28239 0 1.28239 0 0 0 
0 0 0 0 0 0 0 0 0 0 0 0 0 0 0 0 0 0 0 0 0 0 0 0 0 0.549335 0 0 0 0 0 0 0 0 0 0 0 0 0 0 0 0.549335 0 0 0 0 0 0 0 0.549335 0 0 0 0 0 0 0.549335 -5.61705 0 1.70986 0 1.70986 0 0 
0 0 0 0 0 0 0 0 0 0 0 0 0 0 0 0 0 0 0 0 0 0 0 0 0 0 0.549335 0 0 0 0 0 0 0 0 0 0 0 0 0 0 0 0.549335 0 0 0 0 0 0 0 0.549335 0 0 0 0 0 0.549335 0 -5.61705 1.70986 0 0 1.70986 0 
0 0 0 0 0 0 0 0 0 0 0 0 0 0 0 0 0 0 0 0 0 0 0 0 0 0 0 0.549335 0 0 0 0 0 0 0 0 0 0 0 0 0 0 0 0.549335 0 0 0 0 0 0 0 0.549335 0 0 0 0 0 0.549335 0.549335 -4.88399 0 0 0 2.13732 
0 0 0 0 0 0 0 0 0 0 0 0 0 0 0 0 0 0 0 0 0 0 0 0 0 0 0 0 0.549335 0 0 0 0 0 0 0 0 0 0 0 0 0 0 0 0.549335 0 0 0 0 0 0 0 0.549335 0 0 0 0.549335 0 0 0 -5.61705 1.70986 1.70986 0 
0 0 0 0 0 0 0 0 0 0 0 0 0 0 0 0 0 0 0 0 0 0 0 0 0 0 0 0 0 0.549335 0 0 0 0 0 0 0 0 0 0 0 0 0 0 0 0.549335 0 0 0 0 0 0 0 0.549335 0 0 0 0.549335 0 0 0.549335 -4.88399 0 2.13732 
0 0 0 0 0 0 0 0 0 0 0 0 0 0 0 0 0 0 0 0 0 0 0 0 0 0 0 0 0 0 0.549335 0 0 0 0 0 0 0 0 0 0 0 0 0 0 0 0.549335 0 0 0 0 0 0 0 0.549335 0 0 0 0.549335 0 0.549335 0 -4.88399 2.13732 
0 0 0 0 0 0 0 0 0 0 0 0 0 0 0 0 0 0 0 0 0 0 0 0 0 0 0 0 0 0 0 0.549335 0 0 0 0 0 0 0 0 0 0 0 0 0 0 0 0.549335 0 0 0 0 0 0 0 0.549335 0 0 0 0.549335 0 0.549335 0.549335 -3.29601 
