64
-0 0 0 0 0 0 0 0 0 0 0 0 0 0 0 0 0 0 0 0 0 0 0 0 0 0 0 0 0 0 0 0 0 0 0 0 0 0 0 0 0 0 0 0 0 0 0 0 0 0 0 0 0 0 0 0 0 0 0 0 0 0 0 0 
1.02601 -5.0627 0 0.807339 0 0.807339 0 0 0 0.807339 0 0 0 0 0 0 0 0.807339 0 0 0 0 0 0 0 0 0 0 0 0 0 0 0 0.807339 0 0 0 0 0 0 0 0 0 0 0 0 0 0 0 0 0 0 0 0 0 0 0 0 0 0 0 0 0 0 
1.02601 0 -5.0627 0.807339 0 0 0.807339 0 0 0 0.807339 0 0 0 0 0 0 0 0.807339 0 0 0 0 0 0 0 0 0 0 0 0 0 0 0 0.807339 0 0 0 0 0 0 0 0 0 0 0 0 0 0 0 0 0 0 0 0 0 0 0 0 0 0 0 0 0 
0 1.02601 1.02601 -8.51073 0 0 0 1.61468 0 0 0 1.61468 0 0 0 0 0 0 0 1.61468 0 0 0 0 0 0 0 0 0 0 0 0 0 0 0 1.61468 0 0 0 0 0 0 0 0 0 0 0 0 0 0 0 0 0 0 0 0 0 0 0 0 0 0 0 0 
1.02601 0 0 0 -5.0627 0.807339 0.807339 0 0 0 0 0 0.807339 0 0 0 0 0 0 0 0.807339 0 0 0 0 0 0 0 0 0 0 0 0 0 0 0 0.807339 0 0 0 0 0 0 0 0 0 0 0 0 0 0 0 0 0 0 0 0 0 0 0 0 0 0 0 
0 1.02601 0 0 1.02601 -8.51073 0 1.61468 0 0 0 0 0 1.61468 0 0 0 0 0 0 0 1.61468 0 0 0 0 0 0 0 0 0 0 0 0 0 0 0 1.61468 0 0 0 0 0 0 0 0 0 0 0 0 0 0 0 0 0 0 0 0 0 0 0 0 0 0 
0 0 1.02601 0 1.02601 0 -8.51073 1.61468 0 0 0 0 0 0 1.61468 0 0 0 0 0 0 0 1.61468 0 0 0 0 0 0 0 0 0 0 0 0 0 0 0 1.61468 0 0 0 0 0 0 0 0 0 0 0 0 0 0 0 0 0 0 0 0 0 0 0 0 0 
0 0 0 1.02601 0 1.02601 1.02601 -10.3441 0 0 0 0 0 0 0 2.42202 0 0 0 0 0 0 0 2.42202 0 0 0 0 0 0 0 0 0 0 0 0 0 0 0 2.42202 0 0 0 0 0 0 0 0 0 0 0 0 0 0 0 0 0 0 0 0 0 0 0 0 
1.02601 0 0 0 0 0 0 0 -5.0627 0.807339 0.807339 0 0.807339 0 0 0 0 0 0 0 0 0 0 0 0.807339 0 0 0 0 0 0 0 0 0 0 0 0 0 0 0 0.807339 0 0 0 0 0 0 0 0 0 0 0 0 0 0 0 0 0 0 0 0 0 0 0 
0 1.02601 0 0 0 0 0 0 1.02601 -8.51073 0 1.61468 0 1.61468 0 0 0 0 0 0 0 0 0 0 0 1.61468 0 0 0 0 0 0 0 0 0 0 0 0 0 0 0 1.61468 0 0 0 0 0 0 0 0 0 0 0 0 0 0 0 0 0 0 0 0 0 0 
0 0 1.02601 0 0 0 0 0 1.02601 0 -8.51073 1.61468 0 0 1.61468 0 0 0 0 0 0 0 0 0 0 0 1.61468 0 0 0 0 0 0 0 0 0 0 0 0 0 0 0 1.61468 0 0 0 0 0 0 0 0 0 0 0 0 0 0 0 0 0 0 0 0 0 
0 0 0 1.02601 0 0 0 0 0 1.02601 1.02601 -10.3441 0 0 0 2.42202 0 0 0 0 0 0 0 0 0 0 0 2.42202 0 0 0 0 0 0 0 0 0 0 0 0 0 0 0 2.42202 0 0 0 0 0 0 0 0 0 0 0 0 0 0 0 0 0 0 0 0 
0 0 0 0 1.02601 0 0 0 1.02601 0 0 0 -8.51073 1.61468 1.61468 0 0 0 0 0 0 0 0 0 0 0 0 0 1.61468 0 0 0 0 0 0 0 0 0 0 0 0 0 0 0 1.61468 0 0 0 0 0 0 0 0 0 0 0 0 0 0 0 0 0 0 0 
0 0 0 0 0 1.02601 0 0 0 1.02601 0 0 1.02601 -10.3441 0 2.42202 0 0 0 0 0 0 0 0 0 0 0 0 0 2.42202 0 0 0 0 0 0 0 0 0 0 0 0 0 0 0 2.42202 0 0 0 0 0 0 0 0 0 0 0 0 0 0 0 0 0 0 
0 0 0 0 0 0 1.02601 0 0 0 1.02601 0 1.02601 0 -10.3441 2.42202 0 0 0 0 0 0 0 0 0 0 0 0 0 0 2.42202 0 0 0 0 0 0 0 0 0 0 0 0 0 0 0 2.42202 0 0 0 0 0 0 0 0 0 0 0 0 0 0 0 0 0 
0 0 0 0 0 0 0 1.02601 0 0 0 1.02601 0 1.02601 1.02601 -10.5627 0 0 0 0 0 0 0 0 0 0 0 0 0 0 0 3.22936 0 0 0 0 0 0 0 0 0 0 0 0 0 0 0 3.22936 0 0 0 0 0 0 0 0 0 0 0 0 0 0 0 0 
1.02601 0 0 0 0 0 0 0 0 0 0 0 0 0 0 0 -5.0627 0.807339 0.807339 0 0.807339 0 0 0 0.807339 0 0 0 0 0 0 0 0 0 0 0 0 0 0 0 0 0 0 0 0 0 0 0 0.807339 0 0 0 0 0 0 0 0 0 0 0 0 0 0 0 
0 1.02601 0 0 0 0 0 0 0 0 0 0 0 0 0 0 1.02601 -8.51073 0 1.61468 0 1.61468 0 0 0 1.61468 0 0 0 0 0 0 0 0 0 0 0 0 0 0 0 0 0 0 0 0 0 0 0 1.61468 0 0 0 0 0 0 0 0 0 0 0 0 0 0 
0 0 1.02601 0 0 0 0 0 0 0 0 0 0 0 0 0 1.02601 0 -8.51073 1.61468 0 0 1.61468 0 0 0 1.61468 0 0 0 0 0 0 0 0 0 0 0 0 0 0 0 0 0 0 0 0 0 0 0 1.61468 0 0 0 0 0 0 0 0 0 0 0 0 0 
0 0 0 1.02601 0 0 0 0 0 0 0 0 0 0 0 0 0 1.02601 1.02601 -10.3441 0 0 0 2.42202 0 0 0 2.42202 0 0 0 0 0 0 0 0 0 0 0 0 0 0 0 0 0 0 0 0 0 0 0 2.42202 0 0 0 0 0 0 0 0 0 0 0 0 
0 0 0 0 1.02601 0 0 0 0 0 0 0 0 0 0 0 1.02601 0 0 0 -8.51073 1.61468 1.61468 0 0 0 0 0 1.61468 0 0 0 0 0 0 0 0 0 0 0 0 0 0 0 0 0 0 0 0 0 0 0 1.61468 0 0 0 0 0 0 0 0 0 0 0 
0 0 0 0 0 1.02601 0 0 0 0 0 0 0 0 0 0 0 1.02601 0 0 1.02601 -10.3441 0 2.42202 0 0 0 0 0 2.42202 0 0 0 0 0 0 0 0 0 0 0 0 0 0 0 0 0 0 0 0 0 0 0 2.42202 0 0 0 0 0 0 0 0 0 0 
0 0 0 0 0 0 1.02601 0 0 0 0 0 0 0 0 0 0 0 1.02601 0 1.02601 0 -10.3441 2.42202 0 0 0 0 0 0 2.42202 0 0 0 0 0 0 0 0 0 0 0 0 0 0 0 0 0 0 0 0 0 0 0 2.42202 0 0 0 0 0 0 0 0 0 
0 0 0 0 0 0 0 1.02601 0 0 0 0 0 0 0 0 0 0 0 1.02601 0 1.02601 1.02601 -10.5627 0 0 0 0 0 0 0 3.22936 0 0 0 0 0 0 0 0 0 0 0 0 0 0 0 0 0 0 0 0 0 0 0 3.22936 0 0 0 0 0 0 0 0 
0 0 0 0 0 0 0 0 1.02601 0 0 0 0 0 0 0 1.02601 0 0 0 0 0 0 0 -8.51073 1.61468 1.61468 0 1.61468 0 0 0 0 0 0 0 0 0 0 0 0 0 0 0 0 0 0 0 0 0 0 0 0 0 0 0 1.61468 0 0 0 0 0 0 0 
0 0 0 0 0 0 0 0 0 1.02601 0 0 0 0 0 0 0 1.02601 0 0 0 0 0 0 1.02601 -10.3441 0 2.42202 0 2.42202 0 0 0 0 0 0 0 0 0 0 0 0 0 0 0 0 0 0 0 0 0 0 0 0 0 0 0 2.42202 0 0 0 0 0 0 
0 0 0 0 0 0 0 0 0 0 1.02601 0 0 0 0 0 0 0 1.02601 0 0 0 0 0 1.02601 0 -10.3441 2.42202 0 0 2.42202 0 0 0 0 0 0 0 0 0 0 0 0 0 0 0 0 0 0 0 0 0 0 0 0 0 0 0 2.42202 0 0 0 0 0 
0 0 0 0 0 0 0 0 0 0 0 1.02601 0 0 0 0 0 0 0 1.02601 0 0 0 0 0 1.02601 1.02601 -10.5627 0 0 0 3.22936 0 0 0 0 0 0 0 0 0 0 0 0 0 0 0 0 0 0 0 0 0 0 0 0 0 0 0 3.22936 0 0 0 0 
0 0 0 0 0 0 0 0 0 0 0 0 1.02601 0 0 0 0 0 0 0 1.02601 0 0 0 1.02601 0 0 0 -10.3441 2.42202 2.42202 0 0 0 0 0 0 0 0 0 0 0 0 0 0 0 0 0 0 0 0 0 0 0 0 0 0 0 0 0 2.42202 0 0 0 
0 0 0 0 0 0 0 0 0 0 0 0 0 1.02601 0 0 0 0 0 0 0 1.02601 0 0 0 1.02601 0 0 1.02601 -10.5627 0 3.22936 0 0 0 0 0 0 0 0 0 0 0 0 0 0 0 0 0 0 0 0 0 0 0 0 0 0 0 0 0 3.22936 0 0 
0 0 0 0 0 0 0 0 0 0 0 0 0 0 1.02601 0 0 0 0 0 0 0 1.02601 0 0 0 1.02601 0 1.02601 0 -10.5627 3.22936 0 0 0 0 0 0 0 0 0 0 0 0 0 0 0 0 0 0 0 0 0 0 0 0 0 0 0 0 0 0 3.22936 0 
0 0 0 0 0 0 0 0 0 0 0 0 0 0 0 1.02601 0 0 0 0 0 0 0 1.02601 0 0 0 1.02601 0 1.02601 1.02601 -9.16673 0 0 0 0 0 0 0 0 0 0 0 0 0 0 0 0 0 0 0 0 0 0 0 0 0 0 0 0 0 0 0 4.0367 
1.02601 0 0 0 0 0 0 0 0 0 0 0 0 0 0 0 0 0 0 0 0 0 0 0 0 0 0 0 0 0 0 0 -5.0627 0.807339 0.807339 0 0.807339 0 0 0 0.807339 0 0 0 0 0 0 0 0.807339 0 0 0 0 0 0 0 0 0 0 0 0 0 0 0 
0 1.02601 0 0 0 0 0 0 0 0 0 0 0 0 0 0 0 0 0 0 0 0 0 0 0 0 0 0 0 0 0 0 1.02601 -8.51073 0 1.61468 0 1.61468 0 0 0 1.61468 0 0 0 0 0 0 0 1.61468 0 0 0 0 0 0 0 0 0 0 0 0 0 0 
0 0 1.02601 0 0 0 0 0 0 0 0 0 0 0 0 0 0 0 0 0 0 0 0 0 0 0 0 0 0 0 0 0 1.02601 0 -8.51073 1.61468 0 0 1.61468 0 0 0 1.61468 0 0 0 0 0 0 0 1.61468 0 0 0 0 0 0 0 0 0 0 0 0 0 
0 0 0 1.02601 0 0 0 0 0 0 0 0 0 0 0 0 0 0 0 0 0 0 0 0 0 0 0 0 0 0 0 0 0 1.02601 1.02601 -10.3441 0 0 0 2.42202 0 0 0 2.42202 0 0 0 0 0 0 0 2.42202 0 0 0 0 0 0 0 0 0 0 0 0 
0 0 0 0 1.02601 0 0 0 0 0 0 0 0 0 0 0 0 0 0 0 0 0 0 0 0 0 0 0 0 0 0 0 1.02601 0 0 0 -8.51073 1.61468 1.61468 0 0 0 0 0 1.61468 0 0 0 0 0 0 0 1.61468 0 0 0 0 0 0 0 0 0 0 0 
0 0 0 0 0 1.02601 0 0 0 0 0 0 0 0 0 0 0 0 0 0 0 0 0 0 0 0 0 0 0 0 0 0 0 1.02601 0 0 1.02601 -10.3441 0 2.42202 0 0 0 0 0 2.42202 0 0 0 0 0 0 0 2.42202 0 0 0 0 0 0 0 0 0 0 
0 0 0 0 0 0 1.02601 0 0 0 0 0 0 0 0 0 0 0 0 0 0 0 0 0 0 0 0 0 0 0 0 0 0 0 1.02601 0 1.02601 0 -10.3441 2.42202 0 0 0 0 0 0 2.42202 0 0 0 0 0 0 0 2.42202 0 0 0 0 0 0 0 0 0 
0 0 0 0 0 0 0 1.02601 0 0 0 0 0 0 0 0 0 0 0 0 0 0 0 0 0 0 0 0 0 0 0 0 0 0 0 1.02601 0 1.02601 1.02601 -10.5627 0 0 0 0 0 0 0 3.22936 0 0 0 0 0 0 0 3.22936 0 0 0 0 0 0 0 0 
0 0 0 0 0 0 0 0 1.02601 0 0 0 0 0 0 0 0 0 0 0 0 0 0 0 0 0 0 0 0 0 0 0 1.02601 0 0 0 0 0 0 0 -8.51073 1.61468 1.61468 0 1.61468 0 0 0 0 0 0 0 0 0 0 0 1.61468 0 0 0 0 0 0 0 
0 0 0 0 0 0 0 0 0 1.02601 0 0 0 0 0 0 0 0 0 0 0 0 0 0 0 0 0 0 0 0 0 0 0 1.02601 0 0 0 0 0 0 1.02601 -10.3441 0 2.42202 0 2.42202 0 0 0 0 0 0 0 0 0 0 0 2.42202 0 0 0 0 0 0 
0 0 0 0 0 0 0 0 0 0 1.02601 0 0 0 0 0 0 0 0 0 0 0 0 0 0 0 0 0 0 0 0 0 0 0 1.02601 0 0 0 0 0 1.02601 0 -10.3441 2.42202 0 0 2.42202 0 0 0 0 0 0 0 0 0 0 0 2.42202 0 0 0 0 0 
0 0 0 0 0 0 0 0 0 0 0 1.02601 0 0 0 0 0 0 0 0 0 0 0 0 0 0 0 0 0 0 0 0 0 0 0 1.02601 0 0 0 0 0 1.02601 1.02601 -10.5627 0 0 0 3.22936 0 0 0 0 0 0 0 0 0 0 0 3.22936 0 0 0 0 
0 0 0 0 0 0 0 0 0 0 0 0 1.02601 0 0 0 0 0 0 0 0 0 0 0 0 0 0 0 0 0 0 0 0 0 0 0 1.02601 0 0 0 1.02601 0 0 0 -10.3441 2.42202 2.42202 0 0 0 0 0 0 0 0 0 0 0 0 0 2.42202 0 0 0 
0 0 0 0 0 0 0 0 0 0 0 0 0 1.02601 0 0 0 0 0 0 0 0 0 0 0 0 0 0 0 0 0 0 0 0 0 0 0 1.02601 0 0 0 1.02601 0 0 1.02601 -10.5627 0 3.22936 0 0 0 0 0 0 0 0 0 0 0 0 0 3.22936 0 0 
0 0 0 0 0 0 0 0 0 0 0 0 0 0 1.02601 0 0 0 0 0 0 0 0 0 0 0 0 0 0 0 0 0 0 0 0 0 0 0 1.02601 0 0 0 1.02601 0 1.02601 0 -10.5627 3.22936 0 0 0 0 0 0 0 0 0 0 0 0 0 0 3.22936 0 
0 0 0 0 0 0 0 0 0 0 0 0 0 0 0 1.02601 0 0 0 0 0 0 0 0 0 0 0 0 0 0 0 0 0 0 0 0 0 0 0 1.02601 0 0 0 1.02601 0 1.02601 1.02601 -9.16673 0 0 0 0 0 0 0 0 0 0 0 0 0 0 0 4.0367 
0 0 0 0 0 0 0 0 0 0 0 0 0 0 0 0 1.02601 0 0 0 0 0 0 0 0 0 0 0 0 0 0 0 1.02601 0 0 0 0 0 0 0 0 0 0 0 0 0 0 0 -8.51073 1.61468 1.61468 0 1.61468 0 0 0 1.61468 0 0 0 0 0 0 0 
0 0 0 0 0 0 0 0 0 0 0 0 0 0 0 0 0 1.02601 0 0 0 0 0 0 0 0 0 0 0 0 0 0 0 1.02601 0 0 0 0 0 0 0 0 0 0 0 0 0 0 1.02601 -10.3441 0 2.42202 0 2.42202 0 0 0 2.42202 0 0 0 0 0 0 
0 0 0 0 0 0 0 0 0 0 0 0 0 0 0 0 0 0 1.02601 0 0 0 0 0 0 0 0 0 0 0 0 0 0 0 1.02601 0 0 0 0 0 0 0 0 0 0 0 0 0 1.02601 0 -10.3441 2.42202 0 0 2.42202 0 0 0 2.42202 0 0 0 0 0 
0 0 0 0 0 0 0 0 0 0 0 0 0 0 0 0 0 0 0 1.02601 0 0 0 0 0 0 0 0 0 0 0 0 0 0 0 1.02601 0 0 0 0 0 0 0 0 0 0 0 0 0 1.02601 1.02601 -10.5627 0 0 0 3.22936 0 0 0 3.22936 0 0 0 0 
0 0 0 0 0 0 0 0 0 0 0 0 0 0 0 0 0 0 0 0 1.02601 0 0 0 0 0 0 0 0 0 0 0 0 0 0 0 1.02601 0 0 0 0 0 0 0 0 0 0 0 1.02601 0 0 0 -10.3441 2.42202 2.42202 0 0 0 0 0 2.42202 0 0 0 
0 0 0 0 0 0 0 0 0 0 0 0 0 0 0 0 0 0 0 0 0 1.02601 0 0 0 0 0 0 0 0 0 0 0 0 0 0 0 1.02601 0 0 0 0 0 0 0 0 0 0 0 1.02601 0 0 1.02601 -10.5627 0 3.22936 0 0 0 0 0 3.22936 0 0 
0 0 0 0 0 0 0 0 0 0 0 0 0 0 0 0 0 0 0 0 0 0 1.02601 0 0 0 0 0 0 0 0 0 0 0 0 0 0 0 1.02601 0 0 0 0 0 0 0 0 0 0 0 1.02601 0 1.02601 0 -10.5627 3.22936 0 0 0 0 0 0 3.22936 0 
0 0 0 0 0 0 0 0 0 0 0 0 0 0 0 0 0 0 0 0 0 0 0 1.02601 0 0 0 0 0 0 0 0 0 0 0 0 0 0 0 1.02601 0 0 0 0 0 0 0 0 0 0 0 1.02601 0 1.02601 1.02601 -9.16673 0 0 0 0 0 0 0 4.0367 
0 0 0 0 0 0 0 0 0 0 0 0 0 0 0 0 0 0 0 0 0 0 0 0 1.02601 0 0 0 0 0 0 0 0 0 0 0 0 0 0 0 1.02601 0 0 0 0 0 0 0 1.02601 0 0 0 0 0 0 0 -10.3441 2.42202 2.42202 0 2.42202 0 0 0 
0 0 0 0 0 0 0 0 0 0 0 0 0 0 0 0 0 0 0 0 0 0 0 0 0 1.02601 0 0 0 0 0 0 0 0 0 0 0 0 0 0 0 1.02601 0 0 0 0 0 0 0 1.02601 0 0 0 0 0 0 1.02601 -10.5627 0 3.22936 0 3.22936 0 0 
0 0 0 0 0 0 0 0 0 0 0 0 0 0 0 0 0 0 0 0 0 0 0 0 0 0 1.02601 0 0 0 0 0 0 0 0 0 0 0 0 0 0 0 1.02601 0 0 0 0 0 0 0 1.02601 0 0 0 0 0 1.02601 0 -10.5627 3.22936 0 0 3.22936 0 
0 0 0 0 0 0 0 0 0 0 0 0 0 0 0 0 0 0 0 0 0 0 0 0 0 0 0 1.02601 0 0 0 0 0 0 0 0 0 0 0 0 0 0 0 1.02601 0 0 0 0 0 0 0 1.02601 0 0 0 0 0 1.02601 1.02601 -9.16673 0 0 0 4.0367 
0 0 0 0 0 0 0 0 0 0 0 0 0 0 0 0 0 0 0 0 0 0 0 0 0 0 0 0 1.02601 0 0 0 0 0 0 0 0 0 0 0 0 0 0 0 1.02601 0 0 0 0 0 0 0 1.02601 0 0 0 1.02601 0 0 0 -10.5627 3.22936 3.22936 0 
0 0 0 0 0 0 0 0 0 0 0 0 0 0 0 0 0 0 0 0 0 0 0 0 0 0 0 0 0 1.02601 0 0 0 0 0 0 0 0 0 0 0 0 0 0 0 1.02601 0 0 0 0 0 0 0 1.02601 0 0 0 1.02601 0 0 1.02601 -9.16673 0 4.0367 
0 0 0 0 0 0 0 0 0 0 0 0 0 0 0 0 0 0 0 0 0 0 0 0 0 0 0 0 0 0 1.02601 0 0 0 0 0 0 0 0 0 0 0 0 0 0 0 1.02601 0 0 0 0 0 0 0 1.02601 0 0 0 1.02601 0 1.02601 0 -9.16673 4.0367 
0 0 0 0 0 0 0 0 0 0 0 0 0 0 0 0 0 0 0 0 0 0 0 0 0 0 0 0 0 0 0 1.02601 0 0 0 0 0 0 0 0 0 0 0 0 0 0 0 1.02601 0 0 0 0 0 0 0 1.02601 0 0 0 1.02601 0 1.02601 1.02601 -6.15603 
