32
-0 0 0 0 0 0 0 0 0 0 0 0 0 0 0 0 0 0 0 0 0 0 0 0 0 0 0 0 0 0 0 0 
0.37165 -2.02438 0 0.413183 0 0.413183 0 0 0 0.413183 0 0 0 0 0 0 0 0.413183 0 0 0 0 0 0 0 0 0 0 0 0 0 0 
0.37165 0 -2.02438 0.413183 0 0 0.413183 0 0 0 0.413183 0 0 0 0 0 0 0 0.413183 0 0 0 0 0 0 0 0 0 0 0 0 0 
0 0.37165 0.37165 -3.2224 0 0 0 0.826365 0 0 0 0.826365 0 0 0 0 0 0 0 0.826365 0 0 0 0 0 0 0 0 0 0 0 0 
0.37165 0 0 0 -2.02438 0.413183 0.413183 0 0 0 0 0 0.413183 0 0 0 0 0 0 0 0.413183 0 0 0 0 0 0 0 0 0 0 0 
0 0.37165 0 0 0.37165 -3.2224 0 0.826365 0 0 0 0 0 0.826365 0 0 0 0 0 0 0 0.826365 0 0 0 0 0 0 0 0 0 0 
0 0 0.37165 0 0.37165 0 -3.2224 0.826365 0 0 0 0 0 0 0.826365 0 0 0 0 0 0 0 0.826365 0 0 0 0 0 0 0 0 0 
0 0 0 0.37165 0 0.37165 0.37165 -3.59405 0 0 0 0 0 0 0 1.23955 0 0 0 0 0 0 0 1.23955 0 0 0 0 0 0 0 0 
0.37165 0 0 0 0 0 0 0 -2.02438 0.413183 0.413183 0 0.413183 0 0 0 0 0 0 0 0 0 0 0 0.413183 0 0 0 0 0 0 0 
0 0.37165 0 0 0 0 0 0 0.37165 -3.2224 0 0.826365 0 0.826365 0 0 0 0 0 0 0 0 0 0 0 0.826365 0 0 0 0 0 0 
0 0 0.37165 0 0 0 0 0 0.37165 0 -3.2224 0.826365 0 0 0.826365 0 0 0 0 0 0 0 0 0 0 0 0.826365 0 0 0 0 0 
0 0 0 0.37165 0 0 0 0 0 0.37165 0.37165 -3.59405 0 0 0 1.23955 0 0 0 0 0 0 0 0 0 0 0 1.23955 0 0 0 0 
0 0 0 0 0.37165 0 0 0 0.37165 0 0 0 -3.2224 0.826365 0.826365 0 0 0 0 0 0 0 0 0 0 0 0 0 0.826365 0 0 0 
0 0 0 0 0 0.37165 0 0 0 0.37165 0 0 0.37165 -3.59405 0 1.23955 0 0 0 0 0 0 0 0 0 0 0 0 0 1.23955 0 0 
0 0 0 0 0 0 0.37165 0 0 0 0.37165 0 0.37165 0 -3.59405 1.23955 0 0 0 0 0 0 0 0 0 0 0 0 0 0 1.23955 0 
0 0 0 0 0 0 0 0.37165 0 0 0 0.37165 0 0.37165 0.37165 -3.13933 0 0 0 0 0 0 0 0 0 0 0 0 0 0 0 1.65273 
0.37165 0 0 0 0 0 0 0 0 0 0 0 0 0 0 0 -2.02438 0.413183 0.413183 0 0.413183 0 0 0 0.413183 0 0 0 0 0 0 0 
0 0.37165 0 0 0 0 0 0 0 0 0 0 0 0 0 0 0.37165 -3.2224 0 0.826365 0 0.826365 0 0 0 0.826365 0 0 0 0 0 0 
0 0 0.37165 0 0 0 0 0 0 0 0 0 0 0 0 0 0.37165 0 -3.2224 0.826365 0 0 0.826365 0 0 0 0.826365 0 0 0 0 0 
0 0 0 0.37165 0 0 0 0 0 0 0 0 0 0 0 0 0 0.37165 0.37165 -3.59405 0 0 0 1.23955 0 0 0 1.23955 0 0 0 0 
0 0 0 0 0.37165 0 0 0 0 0 0 0 0 0 0 0 0.37165 0 0 0 -3.2224 0.826365 0.826365 0 0 0 0 0 0.826365 0 0 0 
0 0 0 0 0 0.37165 0 0 0 0 0 0 0 0 0 0 0 0.37165 0 0 0.37165 -3.59405 0 1.23955 0 0 0 0 0 1.23955 0 0 
0 0 0 0 0 0 0.37165 0 0 0 0 0 0 0 0 0 0 0 0.37165 0 0.37165 0 -3.59405 1.23955 0 0 0 0 0 0 1.23955 0 
0 0 0 0 0 0 0 0.37165 0 0 0 0 0 0 0 0 0 0 0 0.37165 0 0.37165 0.37165 -3.13933 0 0 0 0 0 0 0 1.65273 
0 0 0 0 0 0 0 0 0.37165 0 0 0 0 0 0 0 0.37165 0 0 0 0 0 0 0 -3.2224 0.826365 0.826365 0 0.826365 0 0 0 
0 0 0 0 0 0 0 0 0 0.37165 0 0 0 0 0 0 0 0.37165 0 0 0 0 0 0 0.37165 -3.59405 0 1.23955 0 1.23955 0 0 
0 0 0 0 0 0 0 0 0 0 0.37165 0 0 0 0 0 0 0 0.37165 0 0 0 0 0 0.37165 0 -3.59405 1.23955 0 0 1.23955 0 
0 0 0 0 0 0 0 0 0 0 0 0.37165 0 0 0 0 0 0 0 0.37165 0 0 0 0 0 0.37165 0.37165 -3.13933 0 0 0 1.65273 
0 0 0 0 0 0 0 0 0 0 0 0 0.37165 0 0 0 0 0 0 0 0.37165 0 0 0 0.37165 0 0 0 -3.59405 1.23955 1.23955 0 
0 0 0 0 0 0 0 0 0 0 0 0 0 0.37165 0 0 0 0 0 0 0 0.37165 0 0 0 0.37165 0 0 0.37165 -3.13933 0 1.65273 
0 0 0 0 0 0 0 0 0 0 0 0 0 0 0.37165 0 0 0 0 0 0 0 0.37165 0 0 0 0.37165 0 0.37165 0 -3.13933 1.65273 
0 0 0 0 0 0 0 0 0 0 0 0 0 0 0 0.37165 0 0 0 0 0 0 0 0.37165 0 0 0 0.37165 0 0.37165 0.37165 -1.85825 
