64
-0 0 0 0 0 0 0 0 0 0 0 0 0 0 0 0 0 0 0 0 0 0 0 0 0 0 0 0 0 0 0 0 0 0 0 0 0 0 0 0 0 0 0 0 0 0 0 0 0 0 0 0 0 0 0 0 0 0 0 0 0 0 0 0 
0.505361 -2.46958 0 0.392844 0 0.392844 0 0 0 0.392844 0 0 0 0 0 0 0 0.392844 0 0 0 0 0 0 0 0 0 0 0 0 0 0 0 0.392844 0 0 0 0 0 0 0 0 0 0 0 0 0 0 0 0 0 0 0 0 0 0 0 0 0 0 0 0 0 0 
0.505361 0 -2.46958 0.392844 0 0 0.392844 0 0 0 0.392844 0 0 0 0 0 0 0 0.392844 0 0 0 0 0 0 0 0 0 0 0 0 0 0 0 0.392844 0 0 0 0 0 0 0 0 0 0 0 0 0 0 0 0 0 0 0 0 0 0 0 0 0 0 0 0 0 
0 0.505361 0.505361 -4.15347 0 0 0 0.785687 0 0 0 0.785687 0 0 0 0 0 0 0 0.785687 0 0 0 0 0 0 0 0 0 0 0 0 0 0 0 0.785687 0 0 0 0 0 0 0 0 0 0 0 0 0 0 0 0 0 0 0 0 0 0 0 0 0 0 0 0 
0.505361 0 0 0 -2.46958 0.392844 0.392844 0 0 0 0 0 0.392844 0 0 0 0 0 0 0 0.392844 0 0 0 0 0 0 0 0 0 0 0 0 0 0 0 0.392844 0 0 0 0 0 0 0 0 0 0 0 0 0 0 0 0 0 0 0 0 0 0 0 0 0 0 0 
0 0.505361 0 0 0.505361 -4.15347 0 0.785687 0 0 0 0 0 0.785687 0 0 0 0 0 0 0 0.785687 0 0 0 0 0 0 0 0 0 0 0 0 0 0 0 0.785687 0 0 0 0 0 0 0 0 0 0 0 0 0 0 0 0 0 0 0 0 0 0 0 0 0 0 
0 0 0.505361 0 0.505361 0 -4.15347 0.785687 0 0 0 0 0 0 0.785687 0 0 0 0 0 0 0 0.785687 0 0 0 0 0 0 0 0 0 0 0 0 0 0 0 0.785687 0 0 0 0 0 0 0 0 0 0 0 0 0 0 0 0 0 0 0 0 0 0 0 0 0 
0 0 0 0.505361 0 0.505361 0.505361 -5.05168 0 0 0 0 0 0 0 1.17853 0 0 0 0 0 0 0 1.17853 0 0 0 0 0 0 0 0 0 0 0 0 0 0 0 1.17853 0 0 0 0 0 0 0 0 0 0 0 0 0 0 0 0 0 0 0 0 0 0 0 0 
0.505361 0 0 0 0 0 0 0 -2.46958 0.392844 0.392844 0 0.392844 0 0 0 0 0 0 0 0 0 0 0 0.392844 0 0 0 0 0 0 0 0 0 0 0 0 0 0 0 0.392844 0 0 0 0 0 0 0 0 0 0 0 0 0 0 0 0 0 0 0 0 0 0 0 
0 0.505361 0 0 0 0 0 0 0.505361 -4.15347 0 0.785687 0 0.785687 0 0 0 0 0 0 0 0 0 0 0 0.785687 0 0 0 0 0 0 0 0 0 0 0 0 0 0 0 0.785687 0 0 0 0 0 0 0 0 0 0 0 0 0 0 0 0 0 0 0 0 0 0 
0 0 0.505361 0 0 0 0 0 0.505361 0 -4.15347 0.785687 0 0 0.785687 0 0 0 0 0 0 0 0 0 0 0 0.785687 0 0 0 0 0 0 0 0 0 0 0 0 0 0 0 0.785687 0 0 0 0 0 0 0 0 0 0 0 0 0 0 0 0 0 0 0 0 0 
0 0 0 0.505361 0 0 0 0 0 0.505361 0.505361 -5.05168 0 0 0 1.17853 0 0 0 0 0 0 0 0 0 0 0 1.17853 0 0 0 0 0 0 0 0 0 0 0 0 0 0 0 1.17853 0 0 0 0 0 0 0 0 0 0 0 0 0 0 0 0 0 0 0 0 
0 0 0 0 0.505361 0 0 0 0.505361 0 0 0 -4.15347 0.785687 0.785687 0 0 0 0 0 0 0 0 0 0 0 0 0 0.785687 0 0 0 0 0 0 0 0 0 0 0 0 0 0 0 0.785687 0 0 0 0 0 0 0 0 0 0 0 0 0 0 0 0 0 0 0 
0 0 0 0 0 0.505361 0 0 0 0.505361 0 0 0.505361 -5.05168 0 1.17853 0 0 0 0 0 0 0 0 0 0 0 0 0 1.17853 0 0 0 0 0 0 0 0 0 0 0 0 0 0 0 1.17853 0 0 0 0 0 0 0 0 0 0 0 0 0 0 0 0 0 0 
0 0 0 0 0 0 0.505361 0 0 0 0.505361 0 0.505361 0 -5.05168 1.17853 0 0 0 0 0 0 0 0 0 0 0 0 0 0 1.17853 0 0 0 0 0 0 0 0 0 0 0 0 0 0 0 1.17853 0 0 0 0 0 0 0 0 0 0 0 0 0 0 0 0 0 
0 0 0 0 0 0 0 0.505361 0 0 0 0.505361 0 0.505361 0.505361 -5.16419 0 0 0 0 0 0 0 0 0 0 0 0 0 0 0 1.57137 0 0 0 0 0 0 0 0 0 0 0 0 0 0 0 1.57137 0 0 0 0 0 0 0 0 0 0 0 0 0 0 0 0 
0.505361 0 0 0 0 0 0 0 0 0 0 0 0 0 0 0 -2.46958 0.392844 0.392844 0 0.392844 0 0 0 0.392844 0 0 0 0 0 0 0 0 0 0 0 0 0 0 0 0 0 0 0 0 0 0 0 0.392844 0 0 0 0 0 0 0 0 0 0 0 0 0 0 0 
0 0.505361 0 0 0 0 0 0 0 0 0 0 0 0 0 0 0.505361 -4.15347 0 0.785687 0 0.785687 0 0 0 0.785687 0 0 0 0 0 0 0 0 0 0 0 0 0 0 0 0 0 0 0 0 0 0 0 0.785687 0 0 0 0 0 0 0 0 0 0 0 0 0 0 
0 0 0.505361 0 0 0 0 0 0 0 0 0 0 0 0 0 0.505361 0 -4.15347 0.785687 0 0 0.785687 0 0 0 0.785687 0 0 0 0 0 0 0 0 0 0 0 0 0 0 0 0 0 0 0 0 0 0 0 0.785687 0 0 0 0 0 0 0 0 0 0 0 0 0 
0 0 0 0.505361 0 0 0 0 0 0 0 0 0 0 0 0 0 0.505361 0.505361 -5.05168 0 0 0 1.17853 0 0 0 1.17853 0 0 0 0 0 0 0 0 0 0 0 0 0 0 0 0 0 0 0 0 0 0 0 1.17853 0 0 0 0 0 0 0 0 0 0 0 0 
0 0 0 0 0.505361 0 0 0 0 0 0 0 0 0 0 0 0.505361 0 0 0 -4.15347 0.785687 0.785687 0 0 0 0 0 0.785687 0 0 0 0 0 0 0 0 0 0 0 0 0 0 0 0 0 0 0 0 0 0 0 0.785687 0 0 0 0 0 0 0 0 0 0 0 
0 0 0 0 0 0.505361 0 0 0 0 0 0 0 0 0 0 0 0.505361 0 0 0.505361 -5.05168 0 1.17853 0 0 0 0 0 1.17853 0 0 0 0 0 0 0 0 0 0 0 0 0 0 0 0 0 0 0 0 0 0 0 1.17853 0 0 0 0 0 0 0 0 0 0 
0 0 0 0 0 0 0.505361 0 0 0 0 0 0 0 0 0 0 0 0.505361 0 0.505361 0 -5.05168 1.17853 0 0 0 0 0 0 1.17853 0 0 0 0 0 0 0 0 0 0 0 0 0 0 0 0 0 0 0 0 0 0 0 1.17853 0 0 0 0 0 0 0 0 0 
0 0 0 0 0 0 0 0.505361 0 0 0 0 0 0 0 0 0 0 0 0.505361 0 0.505361 0.505361 -5.16419 0 0 0 0 0 0 0 1.57137 0 0 0 0 0 0 0 0 0 0 0 0 0 0 0 0 0 0 0 0 0 0 0 1.57137 0 0 0 0 0 0 0 0 
0 0 0 0 0 0 0 0 0.505361 0 0 0 0 0 0 0 0.505361 0 0 0 0 0 0 0 -4.15347 0.785687 0.785687 0 0.785687 0 0 0 0 0 0 0 0 0 0 0 0 0 0 0 0 0 0 0 0 0 0 0 0 0 0 0 0.785687 0 0 0 0 0 0 0 
0 0 0 0 0 0 0 0 0 0.505361 0 0 0 0 0 0 0 0.505361 0 0 0 0 0 0 0.505361 -5.05168 0 1.17853 0 1.17853 0 0 0 0 0 0 0 0 0 0 0 0 0 0 0 0 0 0 0 0 0 0 0 0 0 0 0 1.17853 0 0 0 0 0 0 
0 0 0 0 0 0 0 0 0 0 0.505361 0 0 0 0 0 0 0 0.505361 0 0 0 0 0 0.505361 0 -5.05168 1.17853 0 0 1.17853 0 0 0 0 0 0 0 0 0 0 0 0 0 0 0 0 0 0 0 0 0 0 0 0 0 0 0 1.17853 0 0 0 0 0 
0 0 0 0 0 0 0 0 0 0 0 0.505361 0 0 0 0 0 0 0 0.505361 0 0 0 0 0 0.505361 0.505361 -5.16419 0 0 0 1.57137 0 0 0 0 0 0 0 0 0 0 0 0 0 0 0 0 0 0 0 0 0 0 0 0 0 0 0 1.57137 0 0 0 0 
0 0 0 0 0 0 0 0 0 0 0 0 0.505361 0 0 0 0 0 0 0 0.505361 0 0 0 0.505361 0 0 0 -5.05168 1.17853 1.17853 0 0 0 0 0 0 0 0 0 0 0 0 0 0 0 0 0 0 0 0 0 0 0 0 0 0 0 0 0 1.17853 0 0 0 
0 0 0 0 0 0 0 0 0 0 0 0 0 0.505361 0 0 0 0 0 0 0 0.505361 0 0 0 0.505361 0 0 0.505361 -5.16419 0 1.57137 0 0 0 0 0 0 0 0 0 0 0 0 0 0 0 0 0 0 0 0 0 0 0 0 0 0 0 0 0 1.57137 0 0 
0 0 0 0 0 0 0 0 0 0 0 0 0 0 0.505361 0 0 0 0 0 0 0 0.505361 0 0 0 0.505361 0 0.505361 0 -5.16419 1.57137 0 0 0 0 0 0 0 0 0 0 0 0 0 0 0 0 0 0 0 0 0 0 0 0 0 0 0 0 0 0 1.57137 0 
0 0 0 0 0 0 0 0 0 0 0 0 0 0 0 0.505361 0 0 0 0 0 0 0 0.505361 0 0 0 0.505361 0 0.505361 0.505361 -4.49102 0 0 0 0 0 0 0 0 0 0 0 0 0 0 0 0 0 0 0 0 0 0 0 0 0 0 0 0 0 0 0 1.96422 
0.505361 0 0 0 0 0 0 0 0 0 0 0 0 0 0 0 0 0 0 0 0 0 0 0 0 0 0 0 0 0 0 0 -2.46958 0.392844 0.392844 0 0.392844 0 0 0 0.392844 0 0 0 0 0 0 0 0.392844 0 0 0 0 0 0 0 0 0 0 0 0 0 0 0 
0 0.505361 0 0 0 0 0 0 0 0 0 0 0 0 0 0 0 0 0 0 0 0 0 0 0 0 0 0 0 0 0 0 0.505361 -4.15347 0 0.785687 0 0.785687 0 0 0 0.785687 0 0 0 0 0 0 0 0.785687 0 0 0 0 0 0 0 0 0 0 0 0 0 0 
0 0 0.505361 0 0 0 0 0 0 0 0 0 0 0 0 0 0 0 0 0 0 0 0 0 0 0 0 0 0 0 0 0 0.505361 0 -4.15347 0.785687 0 0 0.785687 0 0 0 0.785687 0 0 0 0 0 0 0 0.785687 0 0 0 0 0 0 0 0 0 0 0 0 0 
0 0 0 0.505361 0 0 0 0 0 0 0 0 0 0 0 0 0 0 0 0 0 0 0 0 0 0 0 0 0 0 0 0 0 0.505361 0.505361 -5.05168 0 0 0 1.17853 0 0 0 1.17853 0 0 0 0 0 0 0 1.17853 0 0 0 0 0 0 0 0 0 0 0 0 
0 0 0 0 0.505361 0 0 0 0 0 0 0 0 0 0 0 0 0 0 0 0 0 0 0 0 0 0 0 0 0 0 0 0.505361 0 0 0 -4.15347 0.785687 0.785687 0 0 0 0 0 0.785687 0 0 0 0 0 0 0 0.785687 0 0 0 0 0 0 0 0 0 0 0 
0 0 0 0 0 0.505361 0 0 0 0 0 0 0 0 0 0 0 0 0 0 0 0 0 0 0 0 0 0 0 0 0 0 0 0.505361 0 0 0.505361 -5.05168 0 1.17853 0 0 0 0 0 1.17853 0 0 0 0 0 0 0 1.17853 0 0 0 0 0 0 0 0 0 0 
0 0 0 0 0 0 0.505361 0 0 0 0 0 0 0 0 0 0 0 0 0 0 0 0 0 0 0 0 0 0 0 0 0 0 0 0.505361 0 0.505361 0 -5.05168 1.17853 0 0 0 0 0 0 1.17853 0 0 0 0 0 0 0 1.17853 0 0 0 0 0 0 0 0 0 
0 0 0 0 0 0 0 0.505361 0 0 0 0 0 0 0 0 0 0 0 0 0 0 0 0 0 0 0 0 0 0 0 0 0 0 0 0.505361 0 0.505361 0.505361 -5.16419 0 0 0 0 0 0 0 1.57137 0 0 0 0 0 0 0 1.57137 0 0 0 0 0 0 0 0 
0 0 0 0 0 0 0 0 0.505361 0 0 0 0 0 0 0 0 0 0 0 0 0 0 0 0 0 0 0 0 0 0 0 0.505361 0 0 0 0 0 0 0 -4.15347 0.785687 0.785687 0 0.785687 0 0 0 0 0 0 0 0 0 0 0 0.785687 0 0 0 0 0 0 0 
0 0 0 0 0 0 0 0 0 0.505361 0 0 0 0 0 0 0 0 0 0 0 0 0 0 0 0 0 0 0 0 0 0 0 0.505361 0 0 0 0 0 0 0.505361 -5.05168 0 1.17853 0 1.17853 0 0 0 0 0 0 0 0 0 0 0 1.17853 0 0 0 0 0 0 
0 0 0 0 0 0 0 0 0 0 0.505361 0 0 0 0 0 0 0 0 0 0 0 0 0 0 0 0 0 0 0 0 0 0 0 0.505361 0 0 0 0 0 0.505361 0 -5.05168 1.17853 0 0 1.17853 0 0 0 0 0 0 0 0 0 0 0 1.17853 0 0 0 0 0 
0 0 0 0 0 0 0 0 0 0 0 0.505361 0 0 0 0 0 0 0 0 0 0 0 0 0 0 0 0 0 0 0 0 0 0 0 0.505361 0 0 0 0 0 0.505361 0.505361 -5.16419 0 0 0 1.57137 0 0 0 0 0 0 0 0 0 0 0 1.57137 0 0 0 0 
0 0 0 0 0 0 0 0 0 0 0 0 0.505361 0 0 0 0 0 0 0 0 0 0 0 0 0 0 0 0 0 0 0 0 0 0 0 0.505361 0 0 0 0.505361 0 0 0 -5.05168 1.17853 1.17853 0 0 0 0 0 0 0 0 0 0 0 0 0 1.17853 0 0 0 
0 0 0 0 0 0 0 0 0 0 0 0 0 0.505361 0 0 0 0 0 0 0 0 0 0 0 0 0 0 0 0 0 0 0 0 0 0 0 0.505361 0 0 0 0.505361 0 0 0.505361 -5.16419 0 1.57137 0 0 0 0 0 0 0 0 0 0 0 0 0 1.57137 0 0 
0 0 0 0 0 0 0 0 0 0 0 0 0 0 0.505361 0 0 0 0 0 0 0 0 0 0 0 0 0 0 0 0 0 0 0 0 0 0 0 0.505361 0 0 0 0.505361 0 0.505361 0 -5.16419 1.57137 0 0 0 0 0 0 0 0 0 0 0 0 0 0 1.57137 0 
0 0 0 0 0 0 0 0 0 0 0 0 0 0 0 0.505361 0 0 0 0 0 0 0 0 0 0 0 0 0 0 0 0 0 0 0 0 0 0 0 0.505361 0 0 0 0.505361 0 0.505361 0.505361 -4.49102 0 0 0 0 0 0 0 0 0 0 0 0 0 0 0 1.96422 
0 0 0 0 0 0 0 0 0 0 0 0 0 0 0 0 0.505361 0 0 0 0 0 0 0 0 0 0 0 0 0 0 0 0.505361 0 0 0 0 0 0 0 0 0 0 0 0 0 0 0 -4.15347 0.785687 0.785687 0 0.785687 0 0 0 0.785687 0 0 0 0 0 0 0 
0 0 0 0 0 0 0 0 0 0 0 0 0 0 0 0 0 0.505361 0 0 0 0 0 0 0 0 0 0 0 0 0 0 0 0.505361 0 0 0 0 0 0 0 0 0 0 0 0 0 0 0.505361 -5.05168 0 1.17853 0 1.17853 0 0 0 1.17853 0 0 0 0 0 0 
0 0 0 0 0 0 0 0 0 0 0 0 0 0 0 0 0 0 0.505361 0 0 0 0 0 0 0 0 0 0 0 0 0 0 0 0.505361 0 0 0 0 0 0 0 0 0 0 0 0 0 0.505361 0 -5.05168 1.17853 0 0 1.17853 0 0 0 1.17853 0 0 0 0 0 
0 0 0 0 0 0 0 0 0 0 0 0 0 0 0 0 0 0 0 0.505361 0 0 0 0 0 0 0 0 0 0 0 0 0 0 0 0.505361 0 0 0 0 0 0 0 0 0 0 0 0 0 0.505361 0.505361 -5.16419 0 0 0 1.57137 0 0 0 1.57137 0 0 0 0 
0 0 0 0 0 0 0 0 0 0 0 0 0 0 0 0 0 0 0 0 0.505361 0 0 0 0 0 0 0 0 0 0 0 0 0 0 0 0.505361 0 0 0 0 0 0 0 0 0 0 0 0.505361 0 0 0 -5.05168 1.17853 1.17853 0 0 0 0 0 1.17853 0 0 0 
0 0 0 0 0 0 0 0 0 0 0 0 0 0 0 0 0 0 0 0 0 0.505361 0 0 0 0 0 0 0 0 0 0 0 0 0 0 0 0.505361 0 0 0 0 0 0 0 0 0 0 0 0.505361 0 0 0.505361 -5.16419 0 1.57137 0 0 0 0 0 1.57137 0 0 
0 0 0 0 0 0 0 0 0 0 0 0 0 0 0 0 0 0 0 0 0 0 0.505361 0 0 0 0 0 0 0 0 0 0 0 0 0 0 0 0.505361 0 0 0 0 0 0 0 0 0 0 0 0.505361 0 0.505361 0 -5.16419 1.57137 0 0 0 0 0 0 1.57137 0 
0 0 0 0 0 0 0 0 0 0 0 0 0 0 0 0 0 0 0 0 0 0 0 0.505361 0 0 0 0 0 0 0 0 0 0 0 0 0 0 0 0.505361 0 0 0 0 0 0 0 0 0 0 0 0.505361 0 0.505361 0.505361 -4.49102 0 0 0 0 0 0 0 1.96422 
0 0 0 0 0 0 0 0 0 0 0 0 0 0 0 0 0 0 0 0 0 0 0 0 0.505361 0 0 0 0 0 0 0 0 0 0 0 0 0 0 0 0.505361 0 0 0 0 0 0 0 0.505361 0 0 0 0 0 0 0 -5.05168 1.17853 1.17853 0 1.17853 0 0 0 
0 0 0 0 0 0 0 0 0 0 0 0 0 0 0 0 0 0 0 0 0 0 0 0 0 0.505361 0 0 0 0 0 0 0 0 0 0 0 0 0 0 0 0.505361 0 0 0 0 0 0 0 0.505361 0 0 0 0 0 0 0.505361 -5.16419 0 1.57137 0 1.57137 0 0 
0 0 0 0 0 0 0 0 0 0 0 0 0 0 0 0 0 0 0 0 0 0 0 0 0 0 0.505361 0 0 0 0 0 0 0 0 0 0 0 0 0 0 0 0.505361 0 0 0 0 0 0 0 0.505361 0 0 0 0 0 0.505361 0 -5.16419 1.57137 0 0 1.57137 0 
0 0 0 0 0 0 0 0 0 0 0 0 0 0 0 0 0 0 0 0 0 0 0 0 0 0 0 0.505361 0 0 0 0 0 0 0 0 0 0 0 0 0 0 0 0.505361 0 0 0 0 0 0 0 0.505361 0 0 0 0 0 0.505361 0.505361 -4.49102 0 0 0 1.96422 
0 0 0 0 0 0 0 0 0 0 0 0 0 0 0 0 0 0 0 0 0 0 0 0 0 0 0 0 0.505361 0 0 0 0 0 0 0 0 0 0 0 0 0 0 0 0.505361 0 0 0 0 0 0 0 0.505361 0 0 0 0.505361 0 0 0 -5.16419 1.57137 1.57137 0 
0 0 0 0 0 0 0 0 0 0 0 0 0 0 0 0 0 0 0 0 0 0 0 0 0 0 0 0 0 0.505361 0 0 0 0 0 0 0 0 0 0 0 0 0 0 0 0.505361 0 0 0 0 0 0 0 0.505361 0 0 0 0.505361 0 0 0.505361 -4.49102 0 1.96422 
0 0 0 0 0 0 0 0 0 0 0 0 0 0 0 0 0 0 0 0 0 0 0 0 0 0 0 0 0 0 0.505361 0 0 0 0 0 0 0 0 0 0 0 0 0 0 0 0.505361 0 0 0 0 0 0 0 0.505361 0 0 0 0.505361 0 0.505361 0 -4.49102 1.96422 
0 0 0 0 0 0 0 0 0 0 0 0 0 0 0 0 0 0 0 0 0 0 0 0 0 0 0 0 0 0 0 0.505361 0 0 0 0 0 0 0 0 0 0 0 0 0 0 0 0.505361 0 0 0 0 0 0 0 0.505361 0 0 0 0.505361 0 0.505361 0.505361 -3.03217 
