64
-0 0 0 0 0 0 0 0 0 0 0 0 0 0 0 0 0 0 0 0 0 0 0 0 0 0 0 0 0 0 0 0 0 0 0 0 0 0 0 0 0 0 0 0 0 0 0 0 0 0 0 0 0 0 0 0 0 0 0 0 0 0 0 0 
0.220073 -1.33729 0 0.223443 0 0.223443 0 0 0 0.223443 0 0 0 0 0 0 0 0.223443 0 0 0 0 0 0 0 0 0 0 0 0 0 0 0 0.223443 0 0 0 0 0 0 0 0 0 0 0 0 0 0 0 0 0 0 0 0 0 0 0 0 0 0 0 0 0 0 
0.220073 0 -1.33729 0.223443 0 0 0.223443 0 0 0 0.223443 0 0 0 0 0 0 0 0.223443 0 0 0 0 0 0 0 0 0 0 0 0 0 0 0 0.223443 0 0 0 0 0 0 0 0 0 0 0 0 0 0 0 0 0 0 0 0 0 0 0 0 0 0 0 0 0 
0 0.220073 0.220073 -2.22769 0 0 0 0.446885 0 0 0 0.446885 0 0 0 0 0 0 0 0.446885 0 0 0 0 0 0 0 0 0 0 0 0 0 0 0 0.446885 0 0 0 0 0 0 0 0 0 0 0 0 0 0 0 0 0 0 0 0 0 0 0 0 0 0 0 0 
0.220073 0 0 0 -1.33729 0.223443 0.223443 0 0 0 0 0 0.223443 0 0 0 0 0 0 0 0.223443 0 0 0 0 0 0 0 0 0 0 0 0 0 0 0 0.223443 0 0 0 0 0 0 0 0 0 0 0 0 0 0 0 0 0 0 0 0 0 0 0 0 0 0 0 
0 0.220073 0 0 0.220073 -2.22769 0 0.446885 0 0 0 0 0 0.446885 0 0 0 0 0 0 0 0.446885 0 0 0 0 0 0 0 0 0 0 0 0 0 0 0 0.446885 0 0 0 0 0 0 0 0 0 0 0 0 0 0 0 0 0 0 0 0 0 0 0 0 0 0 
0 0 0.220073 0 0.220073 0 -2.22769 0.446885 0 0 0 0 0 0 0.446885 0 0 0 0 0 0 0 0.446885 0 0 0 0 0 0 0 0 0 0 0 0 0 0 0 0.446885 0 0 0 0 0 0 0 0 0 0 0 0 0 0 0 0 0 0 0 0 0 0 0 0 0 
0 0 0 0.220073 0 0.220073 0.220073 -2.6712 0 0 0 0 0 0 0 0.670328 0 0 0 0 0 0 0 0.670328 0 0 0 0 0 0 0 0 0 0 0 0 0 0 0 0.670328 0 0 0 0 0 0 0 0 0 0 0 0 0 0 0 0 0 0 0 0 0 0 0 0 
0.220073 0 0 0 0 0 0 0 -1.33729 0.223443 0.223443 0 0.223443 0 0 0 0 0 0 0 0 0 0 0 0.223443 0 0 0 0 0 0 0 0 0 0 0 0 0 0 0 0.223443 0 0 0 0 0 0 0 0 0 0 0 0 0 0 0 0 0 0 0 0 0 0 0 
0 0.220073 0 0 0 0 0 0 0.220073 -2.22769 0 0.446885 0 0.446885 0 0 0 0 0 0 0 0 0 0 0 0.446885 0 0 0 0 0 0 0 0 0 0 0 0 0 0 0 0.446885 0 0 0 0 0 0 0 0 0 0 0 0 0 0 0 0 0 0 0 0 0 0 
0 0 0.220073 0 0 0 0 0 0.220073 0 -2.22769 0.446885 0 0 0.446885 0 0 0 0 0 0 0 0 0 0 0 0.446885 0 0 0 0 0 0 0 0 0 0 0 0 0 0 0 0.446885 0 0 0 0 0 0 0 0 0 0 0 0 0 0 0 0 0 0 0 0 0 
0 0 0 0.220073 0 0 0 0 0 0.220073 0.220073 -2.6712 0 0 0 0.670328 0 0 0 0 0 0 0 0 0 0 0 0.670328 0 0 0 0 0 0 0 0 0 0 0 0 0 0 0 0.670328 0 0 0 0 0 0 0 0 0 0 0 0 0 0 0 0 0 0 0 0 
0 0 0 0 0.220073 0 0 0 0.220073 0 0 0 -2.22769 0.446885 0.446885 0 0 0 0 0 0 0 0 0 0 0 0 0 0.446885 0 0 0 0 0 0 0 0 0 0 0 0 0 0 0 0.446885 0 0 0 0 0 0 0 0 0 0 0 0 0 0 0 0 0 0 0 
0 0 0 0 0 0.220073 0 0 0 0.220073 0 0 0.220073 -2.6712 0 0.670328 0 0 0 0 0 0 0 0 0 0 0 0 0 0.670328 0 0 0 0 0 0 0 0 0 0 0 0 0 0 0 0.670328 0 0 0 0 0 0 0 0 0 0 0 0 0 0 0 0 0 0 
0 0 0 0 0 0 0.220073 0 0 0 0.220073 0 0.220073 0 -2.6712 0.670328 0 0 0 0 0 0 0 0 0 0 0 0 0 0 0.670328 0 0 0 0 0 0 0 0 0 0 0 0 0 0 0 0.670328 0 0 0 0 0 0 0 0 0 0 0 0 0 0 0 0 0 
0 0 0 0 0 0 0 0.220073 0 0 0 0.220073 0 0.220073 0.220073 -2.66783 0 0 0 0 0 0 0 0 0 0 0 0 0 0 0 0.893771 0 0 0 0 0 0 0 0 0 0 0 0 0 0 0 0.893771 0 0 0 0 0 0 0 0 0 0 0 0 0 0 0 0 
0.220073 0 0 0 0 0 0 0 0 0 0 0 0 0 0 0 -1.33729 0.223443 0.223443 0 0.223443 0 0 0 0.223443 0 0 0 0 0 0 0 0 0 0 0 0 0 0 0 0 0 0 0 0 0 0 0 0.223443 0 0 0 0 0 0 0 0 0 0 0 0 0 0 0 
0 0.220073 0 0 0 0 0 0 0 0 0 0 0 0 0 0 0.220073 -2.22769 0 0.446885 0 0.446885 0 0 0 0.446885 0 0 0 0 0 0 0 0 0 0 0 0 0 0 0 0 0 0 0 0 0 0 0 0.446885 0 0 0 0 0 0 0 0 0 0 0 0 0 0 
0 0 0.220073 0 0 0 0 0 0 0 0 0 0 0 0 0 0.220073 0 -2.22769 0.446885 0 0 0.446885 0 0 0 0.446885 0 0 0 0 0 0 0 0 0 0 0 0 0 0 0 0 0 0 0 0 0 0 0 0.446885 0 0 0 0 0 0 0 0 0 0 0 0 0 
0 0 0 0.220073 0 0 0 0 0 0 0 0 0 0 0 0 0 0.220073 0.220073 -2.6712 0 0 0 0.670328 0 0 0 0.670328 0 0 0 0 0 0 0 0 0 0 0 0 0 0 0 0 0 0 0 0 0 0 0 0.670328 0 0 0 0 0 0 0 0 0 0 0 0 
0 0 0 0 0.220073 0 0 0 0 0 0 0 0 0 0 0 0.220073 0 0 0 -2.22769 0.446885 0.446885 0 0 0 0 0 0.446885 0 0 0 0 0 0 0 0 0 0 0 0 0 0 0 0 0 0 0 0 0 0 0 0.446885 0 0 0 0 0 0 0 0 0 0 0 
0 0 0 0 0 0.220073 0 0 0 0 0 0 0 0 0 0 0 0.220073 0 0 0.220073 -2.6712 0 0.670328 0 0 0 0 0 0.670328 0 0 0 0 0 0 0 0 0 0 0 0 0 0 0 0 0 0 0 0 0 0 0 0.670328 0 0 0 0 0 0 0 0 0 0 
0 0 0 0 0 0 0.220073 0 0 0 0 0 0 0 0 0 0 0 0.220073 0 0.220073 0 -2.6712 0.670328 0 0 0 0 0 0 0.670328 0 0 0 0 0 0 0 0 0 0 0 0 0 0 0 0 0 0 0 0 0 0 0 0.670328 0 0 0 0 0 0 0 0 0 
0 0 0 0 0 0 0 0.220073 0 0 0 0 0 0 0 0 0 0 0 0.220073 0 0.220073 0.220073 -2.66783 0 0 0 0 0 0 0 0.893771 0 0 0 0 0 0 0 0 0 0 0 0 0 0 0 0 0 0 0 0 0 0 0 0.893771 0 0 0 0 0 0 0 0 
0 0 0 0 0 0 0 0 0.220073 0 0 0 0 0 0 0 0.220073 0 0 0 0 0 0 0 -2.22769 0.446885 0.446885 0 0.446885 0 0 0 0 0 0 0 0 0 0 0 0 0 0 0 0 0 0 0 0 0 0 0 0 0 0 0 0.446885 0 0 0 0 0 0 0 
0 0 0 0 0 0 0 0 0 0.220073 0 0 0 0 0 0 0 0.220073 0 0 0 0 0 0 0.220073 -2.6712 0 0.670328 0 0.670328 0 0 0 0 0 0 0 0 0 0 0 0 0 0 0 0 0 0 0 0 0 0 0 0 0 0 0 0.670328 0 0 0 0 0 0 
0 0 0 0 0 0 0 0 0 0 0.220073 0 0 0 0 0 0 0 0.220073 0 0 0 0 0 0.220073 0 -2.6712 0.670328 0 0 0.670328 0 0 0 0 0 0 0 0 0 0 0 0 0 0 0 0 0 0 0 0 0 0 0 0 0 0 0 0.670328 0 0 0 0 0 
0 0 0 0 0 0 0 0 0 0 0 0.220073 0 0 0 0 0 0 0 0.220073 0 0 0 0 0 0.220073 0.220073 -2.66783 0 0 0 0.893771 0 0 0 0 0 0 0 0 0 0 0 0 0 0 0 0 0 0 0 0 0 0 0 0 0 0 0 0.893771 0 0 0 0 
0 0 0 0 0 0 0 0 0 0 0 0 0.220073 0 0 0 0 0 0 0 0.220073 0 0 0 0.220073 0 0 0 -2.6712 0.670328 0.670328 0 0 0 0 0 0 0 0 0 0 0 0 0 0 0 0 0 0 0 0 0 0 0 0 0 0 0 0 0 0.670328 0 0 0 
0 0 0 0 0 0 0 0 0 0 0 0 0 0.220073 0 0 0 0 0 0 0 0.220073 0 0 0 0.220073 0 0 0.220073 -2.66783 0 0.893771 0 0 0 0 0 0 0 0 0 0 0 0 0 0 0 0 0 0 0 0 0 0 0 0 0 0 0 0 0 0.893771 0 0 
0 0 0 0 0 0 0 0 0 0 0 0 0 0 0.220073 0 0 0 0 0 0 0 0.220073 0 0 0 0.220073 0 0.220073 0 -2.66783 0.893771 0 0 0 0 0 0 0 0 0 0 0 0 0 0 0 0 0 0 0 0 0 0 0 0 0 0 0 0 0 0 0.893771 0 
0 0 0 0 0 0 0 0 0 0 0 0 0 0 0 0.220073 0 0 0 0 0 0 0 0.220073 0 0 0 0.220073 0 0.220073 0.220073 -2.21758 0 0 0 0 0 0 0 0 0 0 0 0 0 0 0 0 0 0 0 0 0 0 0 0 0 0 0 0 0 0 0 1.11721 
0.220073 0 0 0 0 0 0 0 0 0 0 0 0 0 0 0 0 0 0 0 0 0 0 0 0 0 0 0 0 0 0 0 -1.33729 0.223443 0.223443 0 0.223443 0 0 0 0.223443 0 0 0 0 0 0 0 0.223443 0 0 0 0 0 0 0 0 0 0 0 0 0 0 0 
0 0.220073 0 0 0 0 0 0 0 0 0 0 0 0 0 0 0 0 0 0 0 0 0 0 0 0 0 0 0 0 0 0 0.220073 -2.22769 0 0.446885 0 0.446885 0 0 0 0.446885 0 0 0 0 0 0 0 0.446885 0 0 0 0 0 0 0 0 0 0 0 0 0 0 
0 0 0.220073 0 0 0 0 0 0 0 0 0 0 0 0 0 0 0 0 0 0 0 0 0 0 0 0 0 0 0 0 0 0.220073 0 -2.22769 0.446885 0 0 0.446885 0 0 0 0.446885 0 0 0 0 0 0 0 0.446885 0 0 0 0 0 0 0 0 0 0 0 0 0 
0 0 0 0.220073 0 0 0 0 0 0 0 0 0 0 0 0 0 0 0 0 0 0 0 0 0 0 0 0 0 0 0 0 0 0.220073 0.220073 -2.6712 0 0 0 0.670328 0 0 0 0.670328 0 0 0 0 0 0 0 0.670328 0 0 0 0 0 0 0 0 0 0 0 0 
0 0 0 0 0.220073 0 0 0 0 0 0 0 0 0 0 0 0 0 0 0 0 0 0 0 0 0 0 0 0 0 0 0 0.220073 0 0 0 -2.22769 0.446885 0.446885 0 0 0 0 0 0.446885 0 0 0 0 0 0 0 0.446885 0 0 0 0 0 0 0 0 0 0 0 
0 0 0 0 0 0.220073 0 0 0 0 0 0 0 0 0 0 0 0 0 0 0 0 0 0 0 0 0 0 0 0 0 0 0 0.220073 0 0 0.220073 -2.6712 0 0.670328 0 0 0 0 0 0.670328 0 0 0 0 0 0 0 0.670328 0 0 0 0 0 0 0 0 0 0 
0 0 0 0 0 0 0.220073 0 0 0 0 0 0 0 0 0 0 0 0 0 0 0 0 0 0 0 0 0 0 0 0 0 0 0 0.220073 0 0.220073 0 -2.6712 0.670328 0 0 0 0 0 0 0.670328 0 0 0 0 0 0 0 0.670328 0 0 0 0 0 0 0 0 0 
0 0 0 0 0 0 0 0.220073 0 0 0 0 0 0 0 0 0 0 0 0 0 0 0 0 0 0 0 0 0 0 0 0 0 0 0 0.220073 0 0.220073 0.220073 -2.66783 0 0 0 0 0 0 0 0.893771 0 0 0 0 0 0 0 0.893771 0 0 0 0 0 0 0 0 
0 0 0 0 0 0 0 0 0.220073 0 0 0 0 0 0 0 0 0 0 0 0 0 0 0 0 0 0 0 0 0 0 0 0.220073 0 0 0 0 0 0 0 -2.22769 0.446885 0.446885 0 0.446885 0 0 0 0 0 0 0 0 0 0 0 0.446885 0 0 0 0 0 0 0 
0 0 0 0 0 0 0 0 0 0.220073 0 0 0 0 0 0 0 0 0 0 0 0 0 0 0 0 0 0 0 0 0 0 0 0.220073 0 0 0 0 0 0 0.220073 -2.6712 0 0.670328 0 0.670328 0 0 0 0 0 0 0 0 0 0 0 0.670328 0 0 0 0 0 0 
0 0 0 0 0 0 0 0 0 0 0.220073 0 0 0 0 0 0 0 0 0 0 0 0 0 0 0 0 0 0 0 0 0 0 0 0.220073 0 0 0 0 0 0.220073 0 -2.6712 0.670328 0 0 0.670328 0 0 0 0 0 0 0 0 0 0 0 0.670328 0 0 0 0 0 
0 0 0 0 0 0 0 0 0 0 0 0.220073 0 0 0 0 0 0 0 0 0 0 0 0 0 0 0 0 0 0 0 0 0 0 0 0.220073 0 0 0 0 0 0.220073 0.220073 -2.66783 0 0 0 0.893771 0 0 0 0 0 0 0 0 0 0 0 0.893771 0 0 0 0 
0 0 0 0 0 0 0 0 0 0 0 0 0.220073 0 0 0 0 0 0 0 0 0 0 0 0 0 0 0 0 0 0 0 0 0 0 0 0.220073 0 0 0 0.220073 0 0 0 -2.6712 0.670328 0.670328 0 0 0 0 0 0 0 0 0 0 0 0 0 0.670328 0 0 0 
0 0 0 0 0 0 0 0 0 0 0 0 0 0.220073 0 0 0 0 0 0 0 0 0 0 0 0 0 0 0 0 0 0 0 0 0 0 0 0.220073 0 0 0 0.220073 0 0 0.220073 -2.66783 0 0.893771 0 0 0 0 0 0 0 0 0 0 0 0 0 0.893771 0 0 
0 0 0 0 0 0 0 0 0 0 0 0 0 0 0.220073 0 0 0 0 0 0 0 0 0 0 0 0 0 0 0 0 0 0 0 0 0 0 0 0.220073 0 0 0 0.220073 0 0.220073 0 -2.66783 0.893771 0 0 0 0 0 0 0 0 0 0 0 0 0 0 0.893771 0 
0 0 0 0 0 0 0 0 0 0 0 0 0 0 0 0.220073 0 0 0 0 0 0 0 0 0 0 0 0 0 0 0 0 0 0 0 0 0 0 0 0.220073 0 0 0 0.220073 0 0.220073 0.220073 -2.21758 0 0 0 0 0 0 0 0 0 0 0 0 0 0 0 1.11721 
0 0 0 0 0 0 0 0 0 0 0 0 0 0 0 0 0.220073 0 0 0 0 0 0 0 0 0 0 0 0 0 0 0 0.220073 0 0 0 0 0 0 0 0 0 0 0 0 0 0 0 -2.22769 0.446885 0.446885 0 0.446885 0 0 0 0.446885 0 0 0 0 0 0 0 
0 0 0 0 0 0 0 0 0 0 0 0 0 0 0 0 0 0.220073 0 0 0 0 0 0 0 0 0 0 0 0 0 0 0 0.220073 0 0 0 0 0 0 0 0 0 0 0 0 0 0 0.220073 -2.6712 0 0.670328 0 0.670328 0 0 0 0.670328 0 0 0 0 0 0 
0 0 0 0 0 0 0 0 0 0 0 0 0 0 0 0 0 0 0.220073 0 0 0 0 0 0 0 0 0 0 0 0 0 0 0 0.220073 0 0 0 0 0 0 0 0 0 0 0 0 0 0.220073 0 -2.6712 0.670328 0 0 0.670328 0 0 0 0.670328 0 0 0 0 0 
0 0 0 0 0 0 0 0 0 0 0 0 0 0 0 0 0 0 0 0.220073 0 0 0 0 0 0 0 0 0 0 0 0 0 0 0 0.220073 0 0 0 0 0 0 0 0 0 0 0 0 0 0.220073 0.220073 -2.66783 0 0 0 0.893771 0 0 0 0.893771 0 0 0 0 
0 0 0 0 0 0 0 0 0 0 0 0 0 0 0 0 0 0 0 0 0.220073 0 0 0 0 0 0 0 0 0 0 0 0 0 0 0 0.220073 0 0 0 0 0 0 0 0 0 0 0 0.220073 0 0 0 -2.6712 0.670328 0.670328 0 0 0 0 0 0.670328 0 0 0 
0 0 0 0 0 0 0 0 0 0 0 0 0 0 0 0 0 0 0 0 0 0.220073 0 0 0 0 0 0 0 0 0 0 0 0 0 0 0 0.220073 0 0 0 0 0 0 0 0 0 0 0 0.220073 0 0 0.220073 -2.66783 0 0.893771 0 0 0 0 0 0.893771 0 0 
0 0 0 0 0 0 0 0 0 0 0 0 0 0 0 0 0 0 0 0 0 0 0.220073 0 0 0 0 0 0 0 0 0 0 0 0 0 0 0 0.220073 0 0 0 0 0 0 0 0 0 0 0 0.220073 0 0.220073 0 -2.66783 0.893771 0 0 0 0 0 0 0.893771 0 
0 0 0 0 0 0 0 0 0 0 0 0 0 0 0 0 0 0 0 0 0 0 0 0.220073 0 0 0 0 0 0 0 0 0 0 0 0 0 0 0 0.220073 0 0 0 0 0 0 0 0 0 0 0 0.220073 0 0.220073 0.220073 -2.21758 0 0 0 0 0 0 0 1.11721 
0 0 0 0 0 0 0 0 0 0 0 0 0 0 0 0 0 0 0 0 0 0 0 0 0.220073 0 0 0 0 0 0 0 0 0 0 0 0 0 0 0 0.220073 0 0 0 0 0 0 0 0.220073 0 0 0 0 0 0 0 -2.6712 0.670328 0.670328 0 0.670328 0 0 0 
0 0 0 0 0 0 0 0 0 0 0 0 0 0 0 0 0 0 0 0 0 0 0 0 0 0.220073 0 0 0 0 0 0 0 0 0 0 0 0 0 0 0 0.220073 0 0 0 0 0 0 0 0.220073 0 0 0 0 0 0 0.220073 -2.66783 0 0.893771 0 0.893771 0 0 
0 0 0 0 0 0 0 0 0 0 0 0 0 0 0 0 0 0 0 0 0 0 0 0 0 0 0.220073 0 0 0 0 0 0 0 0 0 0 0 0 0 0 0 0.220073 0 0 0 0 0 0 0 0.220073 0 0 0 0 0 0.220073 0 -2.66783 0.893771 0 0 0.893771 0 
0 0 0 0 0 0 0 0 0 0 0 0 0 0 0 0 0 0 0 0 0 0 0 0 0 0 0 0.220073 0 0 0 0 0 0 0 0 0 0 0 0 0 0 0 0.220073 0 0 0 0 0 0 0 0.220073 0 0 0 0 0 0.220073 0.220073 -2.21758 0 0 0 1.11721 
0 0 0 0 0 0 0 0 0 0 0 0 0 0 0 0 0 0 0 0 0 0 0 0 0 0 0 0 0.220073 0 0 0 0 0 0 0 0 0 0 0 0 0 0 0 0.220073 0 0 0 0 0 0 0 0.220073 0 0 0 0.220073 0 0 0 -2.66783 0.893771 0.893771 0 
0 0 0 0 0 0 0 0 0 0 0 0 0 0 0 0 0 0 0 0 0 0 0 0 0 0 0 0 0 0.220073 0 0 0 0 0 0 0 0 0 0 0 0 0 0 0 0.220073 0 0 0 0 0 0 0 0.220073 0 0 0 0.220073 0 0 0.220073 -2.21758 0 1.11721 
0 0 0 0 0 0 0 0 0 0 0 0 0 0 0 0 0 0 0 0 0 0 0 0 0 0 0 0 0 0 0.220073 0 0 0 0 0 0 0 0 0 0 0 0 0 0 0 0.220073 0 0 0 0 0 0 0 0.220073 0 0 0 0.220073 0 0.220073 0 -2.21758 1.11721 
0 0 0 0 0 0 0 0 0 0 0 0 0 0 0 0 0 0 0 0 0 0 0 0 0 0 0 0 0 0 0 0.220073 0 0 0 0 0 0 0 0 0 0 0 0 0 0 0 0.220073 0 0 0 0 0 0 0 0.220073 0 0 0 0.220073 0 0.220073 0.220073 -1.32044 
