64
-0 0 0 0 0 0 0 0 0 0 0 0 0 0 0 0 0 0 0 0 0 0 0 0 0 0 0 0 0 0 0 0 0 0 0 0 0 0 0 0 0 0 0 0 0 0 0 0 0 0 0 0 0 0 0 0 0 0 0 0 0 0 0 0 
0.538618 -2.6221 0 0.416696 0 0.416696 0 0 0 0.416696 0 0 0 0 0 0 0 0.416696 0 0 0 0 0 0 0 0 0 0 0 0 0 0 0 0.416696 0 0 0 0 0 0 0 0 0 0 0 0 0 0 0 0 0 0 0 0 0 0 0 0 0 0 0 0 0 0 
0.538618 0 -2.6221 0.416696 0 0 0.416696 0 0 0 0.416696 0 0 0 0 0 0 0 0.416696 0 0 0 0 0 0 0 0 0 0 0 0 0 0 0 0.416696 0 0 0 0 0 0 0 0 0 0 0 0 0 0 0 0 0 0 0 0 0 0 0 0 0 0 0 0 0 
0 0.538618 0.538618 -4.41081 0 0 0 0.833393 0 0 0 0.833393 0 0 0 0 0 0 0 0.833393 0 0 0 0 0 0 0 0 0 0 0 0 0 0 0 0.833393 0 0 0 0 0 0 0 0 0 0 0 0 0 0 0 0 0 0 0 0 0 0 0 0 0 0 0 0 
0.538618 0 0 0 -2.6221 0.416696 0.416696 0 0 0 0 0 0.416696 0 0 0 0 0 0 0 0.416696 0 0 0 0 0 0 0 0 0 0 0 0 0 0 0 0.416696 0 0 0 0 0 0 0 0 0 0 0 0 0 0 0 0 0 0 0 0 0 0 0 0 0 0 0 
0 0.538618 0 0 0.538618 -4.41081 0 0.833393 0 0 0 0 0 0.833393 0 0 0 0 0 0 0 0.833393 0 0 0 0 0 0 0 0 0 0 0 0 0 0 0 0.833393 0 0 0 0 0 0 0 0 0 0 0 0 0 0 0 0 0 0 0 0 0 0 0 0 0 0 
0 0 0.538618 0 0.538618 0 -4.41081 0.833393 0 0 0 0 0 0 0.833393 0 0 0 0 0 0 0 0.833393 0 0 0 0 0 0 0 0 0 0 0 0 0 0 0 0.833393 0 0 0 0 0 0 0 0 0 0 0 0 0 0 0 0 0 0 0 0 0 0 0 0 0 
0 0 0 0.538618 0 0.538618 0.538618 -5.36612 0 0 0 0 0 0 0 1.25009 0 0 0 0 0 0 0 1.25009 0 0 0 0 0 0 0 0 0 0 0 0 0 0 0 1.25009 0 0 0 0 0 0 0 0 0 0 0 0 0 0 0 0 0 0 0 0 0 0 0 0 
0.538618 0 0 0 0 0 0 0 -2.6221 0.416696 0.416696 0 0.416696 0 0 0 0 0 0 0 0 0 0 0 0.416696 0 0 0 0 0 0 0 0 0 0 0 0 0 0 0 0.416696 0 0 0 0 0 0 0 0 0 0 0 0 0 0 0 0 0 0 0 0 0 0 0 
0 0.538618 0 0 0 0 0 0 0.538618 -4.41081 0 0.833393 0 0.833393 0 0 0 0 0 0 0 0 0 0 0 0.833393 0 0 0 0 0 0 0 0 0 0 0 0 0 0 0 0.833393 0 0 0 0 0 0 0 0 0 0 0 0 0 0 0 0 0 0 0 0 0 0 
0 0 0.538618 0 0 0 0 0 0.538618 0 -4.41081 0.833393 0 0 0.833393 0 0 0 0 0 0 0 0 0 0 0 0.833393 0 0 0 0 0 0 0 0 0 0 0 0 0 0 0 0.833393 0 0 0 0 0 0 0 0 0 0 0 0 0 0 0 0 0 0 0 0 0 
0 0 0 0.538618 0 0 0 0 0 0.538618 0.538618 -5.36612 0 0 0 1.25009 0 0 0 0 0 0 0 0 0 0 0 1.25009 0 0 0 0 0 0 0 0 0 0 0 0 0 0 0 1.25009 0 0 0 0 0 0 0 0 0 0 0 0 0 0 0 0 0 0 0 0 
0 0 0 0 0.538618 0 0 0 0.538618 0 0 0 -4.41081 0.833393 0.833393 0 0 0 0 0 0 0 0 0 0 0 0 0 0.833393 0 0 0 0 0 0 0 0 0 0 0 0 0 0 0 0.833393 0 0 0 0 0 0 0 0 0 0 0 0 0 0 0 0 0 0 0 
0 0 0 0 0 0.538618 0 0 0 0.538618 0 0 0.538618 -5.36612 0 1.25009 0 0 0 0 0 0 0 0 0 0 0 0 0 1.25009 0 0 0 0 0 0 0 0 0 0 0 0 0 0 0 1.25009 0 0 0 0 0 0 0 0 0 0 0 0 0 0 0 0 0 0 
0 0 0 0 0 0 0.538618 0 0 0 0.538618 0 0.538618 0 -5.36612 1.25009 0 0 0 0 0 0 0 0 0 0 0 0 0 0 1.25009 0 0 0 0 0 0 0 0 0 0 0 0 0 0 0 1.25009 0 0 0 0 0 0 0 0 0 0 0 0 0 0 0 0 0 
0 0 0 0 0 0 0 0.538618 0 0 0 0.538618 0 0.538618 0.538618 -5.48804 0 0 0 0 0 0 0 0 0 0 0 0 0 0 0 1.66679 0 0 0 0 0 0 0 0 0 0 0 0 0 0 0 1.66679 0 0 0 0 0 0 0 0 0 0 0 0 0 0 0 0 
0.538618 0 0 0 0 0 0 0 0 0 0 0 0 0 0 0 -2.6221 0.416696 0.416696 0 0.416696 0 0 0 0.416696 0 0 0 0 0 0 0 0 0 0 0 0 0 0 0 0 0 0 0 0 0 0 0 0.416696 0 0 0 0 0 0 0 0 0 0 0 0 0 0 0 
0 0.538618 0 0 0 0 0 0 0 0 0 0 0 0 0 0 0.538618 -4.41081 0 0.833393 0 0.833393 0 0 0 0.833393 0 0 0 0 0 0 0 0 0 0 0 0 0 0 0 0 0 0 0 0 0 0 0 0.833393 0 0 0 0 0 0 0 0 0 0 0 0 0 0 
0 0 0.538618 0 0 0 0 0 0 0 0 0 0 0 0 0 0.538618 0 -4.41081 0.833393 0 0 0.833393 0 0 0 0.833393 0 0 0 0 0 0 0 0 0 0 0 0 0 0 0 0 0 0 0 0 0 0 0 0.833393 0 0 0 0 0 0 0 0 0 0 0 0 0 
0 0 0 0.538618 0 0 0 0 0 0 0 0 0 0 0 0 0 0.538618 0.538618 -5.36612 0 0 0 1.25009 0 0 0 1.25009 0 0 0 0 0 0 0 0 0 0 0 0 0 0 0 0 0 0 0 0 0 0 0 1.25009 0 0 0 0 0 0 0 0 0 0 0 0 
0 0 0 0 0.538618 0 0 0 0 0 0 0 0 0 0 0 0.538618 0 0 0 -4.41081 0.833393 0.833393 0 0 0 0 0 0.833393 0 0 0 0 0 0 0 0 0 0 0 0 0 0 0 0 0 0 0 0 0 0 0 0.833393 0 0 0 0 0 0 0 0 0 0 0 
0 0 0 0 0 0.538618 0 0 0 0 0 0 0 0 0 0 0 0.538618 0 0 0.538618 -5.36612 0 1.25009 0 0 0 0 0 1.25009 0 0 0 0 0 0 0 0 0 0 0 0 0 0 0 0 0 0 0 0 0 0 0 1.25009 0 0 0 0 0 0 0 0 0 0 
0 0 0 0 0 0 0.538618 0 0 0 0 0 0 0 0 0 0 0 0.538618 0 0.538618 0 -5.36612 1.25009 0 0 0 0 0 0 1.25009 0 0 0 0 0 0 0 0 0 0 0 0 0 0 0 0 0 0 0 0 0 0 0 1.25009 0 0 0 0 0 0 0 0 0 
0 0 0 0 0 0 0 0.538618 0 0 0 0 0 0 0 0 0 0 0 0.538618 0 0.538618 0.538618 -5.48804 0 0 0 0 0 0 0 1.66679 0 0 0 0 0 0 0 0 0 0 0 0 0 0 0 0 0 0 0 0 0 0 0 1.66679 0 0 0 0 0 0 0 0 
0 0 0 0 0 0 0 0 0.538618 0 0 0 0 0 0 0 0.538618 0 0 0 0 0 0 0 -4.41081 0.833393 0.833393 0 0.833393 0 0 0 0 0 0 0 0 0 0 0 0 0 0 0 0 0 0 0 0 0 0 0 0 0 0 0 0.833393 0 0 0 0 0 0 0 
0 0 0 0 0 0 0 0 0 0.538618 0 0 0 0 0 0 0 0.538618 0 0 0 0 0 0 0.538618 -5.36612 0 1.25009 0 1.25009 0 0 0 0 0 0 0 0 0 0 0 0 0 0 0 0 0 0 0 0 0 0 0 0 0 0 0 1.25009 0 0 0 0 0 0 
0 0 0 0 0 0 0 0 0 0 0.538618 0 0 0 0 0 0 0 0.538618 0 0 0 0 0 0.538618 0 -5.36612 1.25009 0 0 1.25009 0 0 0 0 0 0 0 0 0 0 0 0 0 0 0 0 0 0 0 0 0 0 0 0 0 0 0 1.25009 0 0 0 0 0 
0 0 0 0 0 0 0 0 0 0 0 0.538618 0 0 0 0 0 0 0 0.538618 0 0 0 0 0 0.538618 0.538618 -5.48804 0 0 0 1.66679 0 0 0 0 0 0 0 0 0 0 0 0 0 0 0 0 0 0 0 0 0 0 0 0 0 0 0 1.66679 0 0 0 0 
0 0 0 0 0 0 0 0 0 0 0 0 0.538618 0 0 0 0 0 0 0 0.538618 0 0 0 0.538618 0 0 0 -5.36612 1.25009 1.25009 0 0 0 0 0 0 0 0 0 0 0 0 0 0 0 0 0 0 0 0 0 0 0 0 0 0 0 0 0 1.25009 0 0 0 
0 0 0 0 0 0 0 0 0 0 0 0 0 0.538618 0 0 0 0 0 0 0 0.538618 0 0 0 0.538618 0 0 0.538618 -5.48804 0 1.66679 0 0 0 0 0 0 0 0 0 0 0 0 0 0 0 0 0 0 0 0 0 0 0 0 0 0 0 0 0 1.66679 0 0 
0 0 0 0 0 0 0 0 0 0 0 0 0 0 0.538618 0 0 0 0 0 0 0 0.538618 0 0 0 0.538618 0 0.538618 0 -5.48804 1.66679 0 0 0 0 0 0 0 0 0 0 0 0 0 0 0 0 0 0 0 0 0 0 0 0 0 0 0 0 0 0 1.66679 0 
0 0 0 0 0 0 0 0 0 0 0 0 0 0 0 0.538618 0 0 0 0 0 0 0 0.538618 0 0 0 0.538618 0 0.538618 0.538618 -4.77657 0 0 0 0 0 0 0 0 0 0 0 0 0 0 0 0 0 0 0 0 0 0 0 0 0 0 0 0 0 0 0 2.08348 
0.538618 0 0 0 0 0 0 0 0 0 0 0 0 0 0 0 0 0 0 0 0 0 0 0 0 0 0 0 0 0 0 0 -2.6221 0.416696 0.416696 0 0.416696 0 0 0 0.416696 0 0 0 0 0 0 0 0.416696 0 0 0 0 0 0 0 0 0 0 0 0 0 0 0 
0 0.538618 0 0 0 0 0 0 0 0 0 0 0 0 0 0 0 0 0 0 0 0 0 0 0 0 0 0 0 0 0 0 0.538618 -4.41081 0 0.833393 0 0.833393 0 0 0 0.833393 0 0 0 0 0 0 0 0.833393 0 0 0 0 0 0 0 0 0 0 0 0 0 0 
0 0 0.538618 0 0 0 0 0 0 0 0 0 0 0 0 0 0 0 0 0 0 0 0 0 0 0 0 0 0 0 0 0 0.538618 0 -4.41081 0.833393 0 0 0.833393 0 0 0 0.833393 0 0 0 0 0 0 0 0.833393 0 0 0 0 0 0 0 0 0 0 0 0 0 
0 0 0 0.538618 0 0 0 0 0 0 0 0 0 0 0 0 0 0 0 0 0 0 0 0 0 0 0 0 0 0 0 0 0 0.538618 0.538618 -5.36612 0 0 0 1.25009 0 0 0 1.25009 0 0 0 0 0 0 0 1.25009 0 0 0 0 0 0 0 0 0 0 0 0 
0 0 0 0 0.538618 0 0 0 0 0 0 0 0 0 0 0 0 0 0 0 0 0 0 0 0 0 0 0 0 0 0 0 0.538618 0 0 0 -4.41081 0.833393 0.833393 0 0 0 0 0 0.833393 0 0 0 0 0 0 0 0.833393 0 0 0 0 0 0 0 0 0 0 0 
0 0 0 0 0 0.538618 0 0 0 0 0 0 0 0 0 0 0 0 0 0 0 0 0 0 0 0 0 0 0 0 0 0 0 0.538618 0 0 0.538618 -5.36612 0 1.25009 0 0 0 0 0 1.25009 0 0 0 0 0 0 0 1.25009 0 0 0 0 0 0 0 0 0 0 
0 0 0 0 0 0 0.538618 0 0 0 0 0 0 0 0 0 0 0 0 0 0 0 0 0 0 0 0 0 0 0 0 0 0 0 0.538618 0 0.538618 0 -5.36612 1.25009 0 0 0 0 0 0 1.25009 0 0 0 0 0 0 0 1.25009 0 0 0 0 0 0 0 0 0 
0 0 0 0 0 0 0 0.538618 0 0 0 0 0 0 0 0 0 0 0 0 0 0 0 0 0 0 0 0 0 0 0 0 0 0 0 0.538618 0 0.538618 0.538618 -5.48804 0 0 0 0 0 0 0 1.66679 0 0 0 0 0 0 0 1.66679 0 0 0 0 0 0 0 0 
0 0 0 0 0 0 0 0 0.538618 0 0 0 0 0 0 0 0 0 0 0 0 0 0 0 0 0 0 0 0 0 0 0 0.538618 0 0 0 0 0 0 0 -4.41081 0.833393 0.833393 0 0.833393 0 0 0 0 0 0 0 0 0 0 0 0.833393 0 0 0 0 0 0 0 
0 0 0 0 0 0 0 0 0 0.538618 0 0 0 0 0 0 0 0 0 0 0 0 0 0 0 0 0 0 0 0 0 0 0 0.538618 0 0 0 0 0 0 0.538618 -5.36612 0 1.25009 0 1.25009 0 0 0 0 0 0 0 0 0 0 0 1.25009 0 0 0 0 0 0 
0 0 0 0 0 0 0 0 0 0 0.538618 0 0 0 0 0 0 0 0 0 0 0 0 0 0 0 0 0 0 0 0 0 0 0 0.538618 0 0 0 0 0 0.538618 0 -5.36612 1.25009 0 0 1.25009 0 0 0 0 0 0 0 0 0 0 0 1.25009 0 0 0 0 0 
0 0 0 0 0 0 0 0 0 0 0 0.538618 0 0 0 0 0 0 0 0 0 0 0 0 0 0 0 0 0 0 0 0 0 0 0 0.538618 0 0 0 0 0 0.538618 0.538618 -5.48804 0 0 0 1.66679 0 0 0 0 0 0 0 0 0 0 0 1.66679 0 0 0 0 
0 0 0 0 0 0 0 0 0 0 0 0 0.538618 0 0 0 0 0 0 0 0 0 0 0 0 0 0 0 0 0 0 0 0 0 0 0 0.538618 0 0 0 0.538618 0 0 0 -5.36612 1.25009 1.25009 0 0 0 0 0 0 0 0 0 0 0 0 0 1.25009 0 0 0 
0 0 0 0 0 0 0 0 0 0 0 0 0 0.538618 0 0 0 0 0 0 0 0 0 0 0 0 0 0 0 0 0 0 0 0 0 0 0 0.538618 0 0 0 0.538618 0 0 0.538618 -5.48804 0 1.66679 0 0 0 0 0 0 0 0 0 0 0 0 0 1.66679 0 0 
0 0 0 0 0 0 0 0 0 0 0 0 0 0 0.538618 0 0 0 0 0 0 0 0 0 0 0 0 0 0 0 0 0 0 0 0 0 0 0 0.538618 0 0 0 0.538618 0 0.538618 0 -5.48804 1.66679 0 0 0 0 0 0 0 0 0 0 0 0 0 0 1.66679 0 
0 0 0 0 0 0 0 0 0 0 0 0 0 0 0 0.538618 0 0 0 0 0 0 0 0 0 0 0 0 0 0 0 0 0 0 0 0 0 0 0 0.538618 0 0 0 0.538618 0 0.538618 0.538618 -4.77657 0 0 0 0 0 0 0 0 0 0 0 0 0 0 0 2.08348 
0 0 0 0 0 0 0 0 0 0 0 0 0 0 0 0 0.538618 0 0 0 0 0 0 0 0 0 0 0 0 0 0 0 0.538618 0 0 0 0 0 0 0 0 0 0 0 0 0 0 0 -4.41081 0.833393 0.833393 0 0.833393 0 0 0 0.833393 0 0 0 0 0 0 0 
0 0 0 0 0 0 0 0 0 0 0 0 0 0 0 0 0 0.538618 0 0 0 0 0 0 0 0 0 0 0 0 0 0 0 0.538618 0 0 0 0 0 0 0 0 0 0 0 0 0 0 0.538618 -5.36612 0 1.25009 0 1.25009 0 0 0 1.25009 0 0 0 0 0 0 
0 0 0 0 0 0 0 0 0 0 0 0 0 0 0 0 0 0 0.538618 0 0 0 0 0 0 0 0 0 0 0 0 0 0 0 0.538618 0 0 0 0 0 0 0 0 0 0 0 0 0 0.538618 0 -5.36612 1.25009 0 0 1.25009 0 0 0 1.25009 0 0 0 0 0 
0 0 0 0 0 0 0 0 0 0 0 0 0 0 0 0 0 0 0 0.538618 0 0 0 0 0 0 0 0 0 0 0 0 0 0 0 0.538618 0 0 0 0 0 0 0 0 0 0 0 0 0 0.538618 0.538618 -5.48804 0 0 0 1.66679 0 0 0 1.66679 0 0 0 0 
0 0 0 0 0 0 0 0 0 0 0 0 0 0 0 0 0 0 0 0 0.538618 0 0 0 0 0 0 0 0 0 0 0 0 0 0 0 0.538618 0 0 0 0 0 0 0 0 0 0 0 0.538618 0 0 0 -5.36612 1.25009 1.25009 0 0 0 0 0 1.25009 0 0 0 
0 0 0 0 0 0 0 0 0 0 0 0 0 0 0 0 0 0 0 0 0 0.538618 0 0 0 0 0 0 0 0 0 0 0 0 0 0 0 0.538618 0 0 0 0 0 0 0 0 0 0 0 0.538618 0 0 0.538618 -5.48804 0 1.66679 0 0 0 0 0 1.66679 0 0 
0 0 0 0 0 0 0 0 0 0 0 0 0 0 0 0 0 0 0 0 0 0 0.538618 0 0 0 0 0 0 0 0 0 0 0 0 0 0 0 0.538618 0 0 0 0 0 0 0 0 0 0 0 0.538618 0 0.538618 0 -5.48804 1.66679 0 0 0 0 0 0 1.66679 0 
0 0 0 0 0 0 0 0 0 0 0 0 0 0 0 0 0 0 0 0 0 0 0 0.538618 0 0 0 0 0 0 0 0 0 0 0 0 0 0 0 0.538618 0 0 0 0 0 0 0 0 0 0 0 0.538618 0 0.538618 0.538618 -4.77657 0 0 0 0 0 0 0 2.08348 
0 0 0 0 0 0 0 0 0 0 0 0 0 0 0 0 0 0 0 0 0 0 0 0 0.538618 0 0 0 0 0 0 0 0 0 0 0 0 0 0 0 0.538618 0 0 0 0 0 0 0 0.538618 0 0 0 0 0 0 0 -5.36612 1.25009 1.25009 0 1.25009 0 0 0 
0 0 0 0 0 0 0 0 0 0 0 0 0 0 0 0 0 0 0 0 0 0 0 0 0 0.538618 0 0 0 0 0 0 0 0 0 0 0 0 0 0 0 0.538618 0 0 0 0 0 0 0 0.538618 0 0 0 0 0 0 0.538618 -5.48804 0 1.66679 0 1.66679 0 0 
0 0 0 0 0 0 0 0 0 0 0 0 0 0 0 0 0 0 0 0 0 0 0 0 0 0 0.538618 0 0 0 0 0 0 0 0 0 0 0 0 0 0 0 0.538618 0 0 0 0 0 0 0 0.538618 0 0 0 0 0 0.538618 0 -5.48804 1.66679 0 0 1.66679 0 
0 0 0 0 0 0 0 0 0 0 0 0 0 0 0 0 0 0 0 0 0 0 0 0 0 0 0 0.538618 0 0 0 0 0 0 0 0 0 0 0 0 0 0 0 0.538618 0 0 0 0 0 0 0 0.538618 0 0 0 0 0 0.538618 0.538618 -4.77657 0 0 0 2.08348 
0 0 0 0 0 0 0 0 0 0 0 0 0 0 0 0 0 0 0 0 0 0 0 0 0 0 0 0 0.538618 0 0 0 0 0 0 0 0 0 0 0 0 0 0 0 0.538618 0 0 0 0 0 0 0 0.538618 0 0 0 0.538618 0 0 0 -5.48804 1.66679 1.66679 0 
0 0 0 0 0 0 0 0 0 0 0 0 0 0 0 0 0 0 0 0 0 0 0 0 0 0 0 0 0 0.538618 0 0 0 0 0 0 0 0 0 0 0 0 0 0 0 0.538618 0 0 0 0 0 0 0 0.538618 0 0 0 0.538618 0 0 0.538618 -4.77657 0 2.08348 
0 0 0 0 0 0 0 0 0 0 0 0 0 0 0 0 0 0 0 0 0 0 0 0 0 0 0 0 0 0 0.538618 0 0 0 0 0 0 0 0 0 0 0 0 0 0 0 0.538618 0 0 0 0 0 0 0 0.538618 0 0 0 0.538618 0 0.538618 0 -4.77657 2.08348 
0 0 0 0 0 0 0 0 0 0 0 0 0 0 0 0 0 0 0 0 0 0 0 0 0 0 0 0 0 0 0 0.538618 0 0 0 0 0 0 0 0 0 0 0 0 0 0 0 0.538618 0 0 0 0 0 0 0 0.538618 0 0 0 0.538618 0 0.538618 0.538618 -3.23171 
