32
-0 0 0 0 0 0 0 0 0 0 0 0 0 0 0 0 0 0 0 0 0 0 0 0 0 0 0 0 0 0 0 0 
0.599809 -3.25154 0 0.662934 0 0.662934 0 0 0 0.662934 0 0 0 0 0 0 0 0.662934 0 0 0 0 0 0 0 0 0 0 0 0 0 0 
0.599809 0 -3.25154 0.662934 0 0 0.662934 0 0 0 0.662934 0 0 0 0 0 0 0 0.662934 0 0 0 0 0 0 0 0 0 0 0 0 0 
0 0.599809 0.599809 -5.17722 0 0 0 1.32587 0 0 0 1.32587 0 0 0 0 0 0 0 1.32587 0 0 0 0 0 0 0 0 0 0 0 0 
0.599809 0 0 0 -3.25154 0.662934 0.662934 0 0 0 0 0 0.662934 0 0 0 0 0 0 0 0.662934 0 0 0 0 0 0 0 0 0 0 0 
0 0.599809 0 0 0.599809 -5.17722 0 1.32587 0 0 0 0 0 1.32587 0 0 0 0 0 0 0 1.32587 0 0 0 0 0 0 0 0 0 0 
0 0 0.599809 0 0.599809 0 -5.17722 1.32587 0 0 0 0 0 0 1.32587 0 0 0 0 0 0 0 1.32587 0 0 0 0 0 0 0 0 0 
0 0 0 0.599809 0 0.599809 0.599809 -5.77703 0 0 0 0 0 0 0 1.9888 0 0 0 0 0 0 0 1.9888 0 0 0 0 0 0 0 0 
0.599809 0 0 0 0 0 0 0 -3.25154 0.662934 0.662934 0 0.662934 0 0 0 0 0 0 0 0 0 0 0 0.662934 0 0 0 0 0 0 0 
0 0.599809 0 0 0 0 0 0 0.599809 -5.17722 0 1.32587 0 1.32587 0 0 0 0 0 0 0 0 0 0 0 1.32587 0 0 0 0 0 0 
0 0 0.599809 0 0 0 0 0 0.599809 0 -5.17722 1.32587 0 0 1.32587 0 0 0 0 0 0 0 0 0 0 0 1.32587 0 0 0 0 0 
0 0 0 0.599809 0 0 0 0 0 0.599809 0.599809 -5.77703 0 0 0 1.9888 0 0 0 0 0 0 0 0 0 0 0 1.9888 0 0 0 0 
0 0 0 0 0.599809 0 0 0 0.599809 0 0 0 -5.17722 1.32587 1.32587 0 0 0 0 0 0 0 0 0 0 0 0 0 1.32587 0 0 0 
0 0 0 0 0 0.599809 0 0 0 0.599809 0 0 0.599809 -5.77703 0 1.9888 0 0 0 0 0 0 0 0 0 0 0 0 0 1.9888 0 0 
0 0 0 0 0 0 0.599809 0 0 0 0.599809 0 0.599809 0 -5.77703 1.9888 0 0 0 0 0 0 0 0 0 0 0 0 0 0 1.9888 0 
0 0 0 0 0 0 0 0.599809 0 0 0 0.599809 0 0.599809 0.599809 -5.05097 0 0 0 0 0 0 0 0 0 0 0 0 0 0 0 2.65174 
0.599809 0 0 0 0 0 0 0 0 0 0 0 0 0 0 0 -3.25154 0.662934 0.662934 0 0.662934 0 0 0 0.662934 0 0 0 0 0 0 0 
0 0.599809 0 0 0 0 0 0 0 0 0 0 0 0 0 0 0.599809 -5.17722 0 1.32587 0 1.32587 0 0 0 1.32587 0 0 0 0 0 0 
0 0 0.599809 0 0 0 0 0 0 0 0 0 0 0 0 0 0.599809 0 -5.17722 1.32587 0 0 1.32587 0 0 0 1.32587 0 0 0 0 0 
0 0 0 0.599809 0 0 0 0 0 0 0 0 0 0 0 0 0 0.599809 0.599809 -5.77703 0 0 0 1.9888 0 0 0 1.9888 0 0 0 0 
0 0 0 0 0.599809 0 0 0 0 0 0 0 0 0 0 0 0.599809 0 0 0 -5.17722 1.32587 1.32587 0 0 0 0 0 1.32587 0 0 0 
0 0 0 0 0 0.599809 0 0 0 0 0 0 0 0 0 0 0 0.599809 0 0 0.599809 -5.77703 0 1.9888 0 0 0 0 0 1.9888 0 0 
0 0 0 0 0 0 0.599809 0 0 0 0 0 0 0 0 0 0 0 0.599809 0 0.599809 0 -5.77703 1.9888 0 0 0 0 0 0 1.9888 0 
0 0 0 0 0 0 0 0.599809 0 0 0 0 0 0 0 0 0 0 0 0.599809 0 0.599809 0.599809 -5.05097 0 0 0 0 0 0 0 2.65174 
0 0 0 0 0 0 0 0 0.599809 0 0 0 0 0 0 0 0.599809 0 0 0 0 0 0 0 -5.17722 1.32587 1.32587 0 1.32587 0 0 0 
0 0 0 0 0 0 0 0 0 0.599809 0 0 0 0 0 0 0 0.599809 0 0 0 0 0 0 0.599809 -5.77703 0 1.9888 0 1.9888 0 0 
0 0 0 0 0 0 0 0 0 0 0.599809 0 0 0 0 0 0 0 0.599809 0 0 0 0 0 0.599809 0 -5.77703 1.9888 0 0 1.9888 0 
0 0 0 0 0 0 0 0 0 0 0 0.599809 0 0 0 0 0 0 0 0.599809 0 0 0 0 0 0.599809 0.599809 -5.05097 0 0 0 2.65174 
0 0 0 0 0 0 0 0 0 0 0 0 0.599809 0 0 0 0 0 0 0 0.599809 0 0 0 0.599809 0 0 0 -5.77703 1.9888 1.9888 0 
0 0 0 0 0 0 0 0 0 0 0 0 0 0.599809 0 0 0 0 0 0 0 0.599809 0 0 0 0.599809 0 0 0.599809 -5.05097 0 2.65174 
0 0 0 0 0 0 0 0 0 0 0 0 0 0 0.599809 0 0 0 0 0 0 0 0.599809 0 0 0 0.599809 0 0.599809 0 -5.05097 2.65174 
0 0 0 0 0 0 0 0 0 0 0 0 0 0 0 0.599809 0 0 0 0 0 0 0 0.599809 0 0 0 0.599809 0 0.599809 0.599809 -2.99905 
