64
-0 0 0 0 0 0 0 0 0 0 0 0 0 0 0 0 0 0 0 0 0 0 0 0 0 0 0 0 0 0 0 0 0 0 0 0 0 0 0 0 0 0 0 0 0 0 0 0 0 0 0 0 0 0 0 0 0 0 0 0 0 0 0 0 
0.313689 -1.98962 0 0.335187 0 0.335187 0 0 0 0.335187 0 0 0 0 0 0 0 0.335187 0 0 0 0 0 0 0 0 0 0 0 0 0 0 0 0.335187 0 0 0 0 0 0 0 0 0 0 0 0 0 0 0 0 0 0 0 0 0 0 0 0 0 0 0 0 0 0 
0.313689 0 -1.98962 0.335187 0 0 0.335187 0 0 0 0.335187 0 0 0 0 0 0 0 0.335187 0 0 0 0 0 0 0 0 0 0 0 0 0 0 0 0.335187 0 0 0 0 0 0 0 0 0 0 0 0 0 0 0 0 0 0 0 0 0 0 0 0 0 0 0 0 0 
0 0.313689 0.313689 -3.30888 0 0 0 0.670374 0 0 0 0.670374 0 0 0 0 0 0 0 0.670374 0 0 0 0 0 0 0 0 0 0 0 0 0 0 0 0.670374 0 0 0 0 0 0 0 0 0 0 0 0 0 0 0 0 0 0 0 0 0 0 0 0 0 0 0 0 
0.313689 0 0 0 -1.98962 0.335187 0.335187 0 0 0 0 0 0.335187 0 0 0 0 0 0 0 0.335187 0 0 0 0 0 0 0 0 0 0 0 0 0 0 0 0.335187 0 0 0 0 0 0 0 0 0 0 0 0 0 0 0 0 0 0 0 0 0 0 0 0 0 0 0 
0 0.313689 0 0 0.313689 -3.30888 0 0.670374 0 0 0 0 0 0.670374 0 0 0 0 0 0 0 0.670374 0 0 0 0 0 0 0 0 0 0 0 0 0 0 0 0.670374 0 0 0 0 0 0 0 0 0 0 0 0 0 0 0 0 0 0 0 0 0 0 0 0 0 0 
0 0 0.313689 0 0.313689 0 -3.30888 0.670374 0 0 0 0 0 0 0.670374 0 0 0 0 0 0 0 0.670374 0 0 0 0 0 0 0 0 0 0 0 0 0 0 0 0.670374 0 0 0 0 0 0 0 0 0 0 0 0 0 0 0 0 0 0 0 0 0 0 0 0 0 
0 0 0 0.313689 0 0.313689 0.313689 -3.95775 0 0 0 0 0 0 0 1.00556 0 0 0 0 0 0 0 1.00556 0 0 0 0 0 0 0 0 0 0 0 0 0 0 0 1.00556 0 0 0 0 0 0 0 0 0 0 0 0 0 0 0 0 0 0 0 0 0 0 0 0 
0.313689 0 0 0 0 0 0 0 -1.98962 0.335187 0.335187 0 0.335187 0 0 0 0 0 0 0 0 0 0 0 0.335187 0 0 0 0 0 0 0 0 0 0 0 0 0 0 0 0.335187 0 0 0 0 0 0 0 0 0 0 0 0 0 0 0 0 0 0 0 0 0 0 0 
0 0.313689 0 0 0 0 0 0 0.313689 -3.30888 0 0.670374 0 0.670374 0 0 0 0 0 0 0 0 0 0 0 0.670374 0 0 0 0 0 0 0 0 0 0 0 0 0 0 0 0.670374 0 0 0 0 0 0 0 0 0 0 0 0 0 0 0 0 0 0 0 0 0 0 
0 0 0.313689 0 0 0 0 0 0.313689 0 -3.30888 0.670374 0 0 0.670374 0 0 0 0 0 0 0 0 0 0 0 0.670374 0 0 0 0 0 0 0 0 0 0 0 0 0 0 0 0.670374 0 0 0 0 0 0 0 0 0 0 0 0 0 0 0 0 0 0 0 0 0 
0 0 0 0.313689 0 0 0 0 0 0.313689 0.313689 -3.95775 0 0 0 1.00556 0 0 0 0 0 0 0 0 0 0 0 1.00556 0 0 0 0 0 0 0 0 0 0 0 0 0 0 0 1.00556 0 0 0 0 0 0 0 0 0 0 0 0 0 0 0 0 0 0 0 0 
0 0 0 0 0.313689 0 0 0 0.313689 0 0 0 -3.30888 0.670374 0.670374 0 0 0 0 0 0 0 0 0 0 0 0 0 0.670374 0 0 0 0 0 0 0 0 0 0 0 0 0 0 0 0.670374 0 0 0 0 0 0 0 0 0 0 0 0 0 0 0 0 0 0 0 
0 0 0 0 0 0.313689 0 0 0 0.313689 0 0 0.313689 -3.95775 0 1.00556 0 0 0 0 0 0 0 0 0 0 0 0 0 1.00556 0 0 0 0 0 0 0 0 0 0 0 0 0 0 0 1.00556 0 0 0 0 0 0 0 0 0 0 0 0 0 0 0 0 0 0 
0 0 0 0 0 0 0.313689 0 0 0 0.313689 0 0.313689 0 -3.95775 1.00556 0 0 0 0 0 0 0 0 0 0 0 0 0 0 1.00556 0 0 0 0 0 0 0 0 0 0 0 0 0 0 0 1.00556 0 0 0 0 0 0 0 0 0 0 0 0 0 0 0 0 0 
0 0 0 0 0 0 0 0.313689 0 0 0 0.313689 0 0.313689 0.313689 -3.93625 0 0 0 0 0 0 0 0 0 0 0 0 0 0 0 1.34075 0 0 0 0 0 0 0 0 0 0 0 0 0 0 0 1.34075 0 0 0 0 0 0 0 0 0 0 0 0 0 0 0 0 
0.313689 0 0 0 0 0 0 0 0 0 0 0 0 0 0 0 -1.98962 0.335187 0.335187 0 0.335187 0 0 0 0.335187 0 0 0 0 0 0 0 0 0 0 0 0 0 0 0 0 0 0 0 0 0 0 0 0.335187 0 0 0 0 0 0 0 0 0 0 0 0 0 0 0 
0 0.313689 0 0 0 0 0 0 0 0 0 0 0 0 0 0 0.313689 -3.30888 0 0.670374 0 0.670374 0 0 0 0.670374 0 0 0 0 0 0 0 0 0 0 0 0 0 0 0 0 0 0 0 0 0 0 0 0.670374 0 0 0 0 0 0 0 0 0 0 0 0 0 0 
0 0 0.313689 0 0 0 0 0 0 0 0 0 0 0 0 0 0.313689 0 -3.30888 0.670374 0 0 0.670374 0 0 0 0.670374 0 0 0 0 0 0 0 0 0 0 0 0 0 0 0 0 0 0 0 0 0 0 0 0.670374 0 0 0 0 0 0 0 0 0 0 0 0 0 
0 0 0 0.313689 0 0 0 0 0 0 0 0 0 0 0 0 0 0.313689 0.313689 -3.95775 0 0 0 1.00556 0 0 0 1.00556 0 0 0 0 0 0 0 0 0 0 0 0 0 0 0 0 0 0 0 0 0 0 0 1.00556 0 0 0 0 0 0 0 0 0 0 0 0 
0 0 0 0 0.313689 0 0 0 0 0 0 0 0 0 0 0 0.313689 0 0 0 -3.30888 0.670374 0.670374 0 0 0 0 0 0.670374 0 0 0 0 0 0 0 0 0 0 0 0 0 0 0 0 0 0 0 0 0 0 0 0.670374 0 0 0 0 0 0 0 0 0 0 0 
0 0 0 0 0 0.313689 0 0 0 0 0 0 0 0 0 0 0 0.313689 0 0 0.313689 -3.95775 0 1.00556 0 0 0 0 0 1.00556 0 0 0 0 0 0 0 0 0 0 0 0 0 0 0 0 0 0 0 0 0 0 0 1.00556 0 0 0 0 0 0 0 0 0 0 
0 0 0 0 0 0 0.313689 0 0 0 0 0 0 0 0 0 0 0 0.313689 0 0.313689 0 -3.95775 1.00556 0 0 0 0 0 0 1.00556 0 0 0 0 0 0 0 0 0 0 0 0 0 0 0 0 0 0 0 0 0 0 0 1.00556 0 0 0 0 0 0 0 0 0 
0 0 0 0 0 0 0 0.313689 0 0 0 0 0 0 0 0 0 0 0 0.313689 0 0.313689 0.313689 -3.93625 0 0 0 0 0 0 0 1.34075 0 0 0 0 0 0 0 0 0 0 0 0 0 0 0 0 0 0 0 0 0 0 0 1.34075 0 0 0 0 0 0 0 0 
0 0 0 0 0 0 0 0 0.313689 0 0 0 0 0 0 0 0.313689 0 0 0 0 0 0 0 -3.30888 0.670374 0.670374 0 0.670374 0 0 0 0 0 0 0 0 0 0 0 0 0 0 0 0 0 0 0 0 0 0 0 0 0 0 0 0.670374 0 0 0 0 0 0 0 
0 0 0 0 0 0 0 0 0 0.313689 0 0 0 0 0 0 0 0.313689 0 0 0 0 0 0 0.313689 -3.95775 0 1.00556 0 1.00556 0 0 0 0 0 0 0 0 0 0 0 0 0 0 0 0 0 0 0 0 0 0 0 0 0 0 0 1.00556 0 0 0 0 0 0 
0 0 0 0 0 0 0 0 0 0 0.313689 0 0 0 0 0 0 0 0.313689 0 0 0 0 0 0.313689 0 -3.95775 1.00556 0 0 1.00556 0 0 0 0 0 0 0 0 0 0 0 0 0 0 0 0 0 0 0 0 0 0 0 0 0 0 0 1.00556 0 0 0 0 0 
0 0 0 0 0 0 0 0 0 0 0 0.313689 0 0 0 0 0 0 0 0.313689 0 0 0 0 0 0.313689 0.313689 -3.93625 0 0 0 1.34075 0 0 0 0 0 0 0 0 0 0 0 0 0 0 0 0 0 0 0 0 0 0 0 0 0 0 0 1.34075 0 0 0 0 
0 0 0 0 0 0 0 0 0 0 0 0 0.313689 0 0 0 0 0 0 0 0.313689 0 0 0 0.313689 0 0 0 -3.95775 1.00556 1.00556 0 0 0 0 0 0 0 0 0 0 0 0 0 0 0 0 0 0 0 0 0 0 0 0 0 0 0 0 0 1.00556 0 0 0 
0 0 0 0 0 0 0 0 0 0 0 0 0 0.313689 0 0 0 0 0 0 0 0.313689 0 0 0 0.313689 0 0 0.313689 -3.93625 0 1.34075 0 0 0 0 0 0 0 0 0 0 0 0 0 0 0 0 0 0 0 0 0 0 0 0 0 0 0 0 0 1.34075 0 0 
0 0 0 0 0 0 0 0 0 0 0 0 0 0 0.313689 0 0 0 0 0 0 0 0.313689 0 0 0 0.313689 0 0.313689 0 -3.93625 1.34075 0 0 0 0 0 0 0 0 0 0 0 0 0 0 0 0 0 0 0 0 0 0 0 0 0 0 0 0 0 0 1.34075 0 
0 0 0 0 0 0 0 0 0 0 0 0 0 0 0 0.313689 0 0 0 0 0 0 0 0.313689 0 0 0 0.313689 0 0.313689 0.313689 -3.24438 0 0 0 0 0 0 0 0 0 0 0 0 0 0 0 0 0 0 0 0 0 0 0 0 0 0 0 0 0 0 0 1.67594 
0.313689 0 0 0 0 0 0 0 0 0 0 0 0 0 0 0 0 0 0 0 0 0 0 0 0 0 0 0 0 0 0 0 -1.98962 0.335187 0.335187 0 0.335187 0 0 0 0.335187 0 0 0 0 0 0 0 0.335187 0 0 0 0 0 0 0 0 0 0 0 0 0 0 0 
0 0.313689 0 0 0 0 0 0 0 0 0 0 0 0 0 0 0 0 0 0 0 0 0 0 0 0 0 0 0 0 0 0 0.313689 -3.30888 0 0.670374 0 0.670374 0 0 0 0.670374 0 0 0 0 0 0 0 0.670374 0 0 0 0 0 0 0 0 0 0 0 0 0 0 
0 0 0.313689 0 0 0 0 0 0 0 0 0 0 0 0 0 0 0 0 0 0 0 0 0 0 0 0 0 0 0 0 0 0.313689 0 -3.30888 0.670374 0 0 0.670374 0 0 0 0.670374 0 0 0 0 0 0 0 0.670374 0 0 0 0 0 0 0 0 0 0 0 0 0 
0 0 0 0.313689 0 0 0 0 0 0 0 0 0 0 0 0 0 0 0 0 0 0 0 0 0 0 0 0 0 0 0 0 0 0.313689 0.313689 -3.95775 0 0 0 1.00556 0 0 0 1.00556 0 0 0 0 0 0 0 1.00556 0 0 0 0 0 0 0 0 0 0 0 0 
0 0 0 0 0.313689 0 0 0 0 0 0 0 0 0 0 0 0 0 0 0 0 0 0 0 0 0 0 0 0 0 0 0 0.313689 0 0 0 -3.30888 0.670374 0.670374 0 0 0 0 0 0.670374 0 0 0 0 0 0 0 0.670374 0 0 0 0 0 0 0 0 0 0 0 
0 0 0 0 0 0.313689 0 0 0 0 0 0 0 0 0 0 0 0 0 0 0 0 0 0 0 0 0 0 0 0 0 0 0 0.313689 0 0 0.313689 -3.95775 0 1.00556 0 0 0 0 0 1.00556 0 0 0 0 0 0 0 1.00556 0 0 0 0 0 0 0 0 0 0 
0 0 0 0 0 0 0.313689 0 0 0 0 0 0 0 0 0 0 0 0 0 0 0 0 0 0 0 0 0 0 0 0 0 0 0 0.313689 0 0.313689 0 -3.95775 1.00556 0 0 0 0 0 0 1.00556 0 0 0 0 0 0 0 1.00556 0 0 0 0 0 0 0 0 0 
0 0 0 0 0 0 0 0.313689 0 0 0 0 0 0 0 0 0 0 0 0 0 0 0 0 0 0 0 0 0 0 0 0 0 0 0 0.313689 0 0.313689 0.313689 -3.93625 0 0 0 0 0 0 0 1.34075 0 0 0 0 0 0 0 1.34075 0 0 0 0 0 0 0 0 
0 0 0 0 0 0 0 0 0.313689 0 0 0 0 0 0 0 0 0 0 0 0 0 0 0 0 0 0 0 0 0 0 0 0.313689 0 0 0 0 0 0 0 -3.30888 0.670374 0.670374 0 0.670374 0 0 0 0 0 0 0 0 0 0 0 0.670374 0 0 0 0 0 0 0 
0 0 0 0 0 0 0 0 0 0.313689 0 0 0 0 0 0 0 0 0 0 0 0 0 0 0 0 0 0 0 0 0 0 0 0.313689 0 0 0 0 0 0 0.313689 -3.95775 0 1.00556 0 1.00556 0 0 0 0 0 0 0 0 0 0 0 1.00556 0 0 0 0 0 0 
0 0 0 0 0 0 0 0 0 0 0.313689 0 0 0 0 0 0 0 0 0 0 0 0 0 0 0 0 0 0 0 0 0 0 0 0.313689 0 0 0 0 0 0.313689 0 -3.95775 1.00556 0 0 1.00556 0 0 0 0 0 0 0 0 0 0 0 1.00556 0 0 0 0 0 
0 0 0 0 0 0 0 0 0 0 0 0.313689 0 0 0 0 0 0 0 0 0 0 0 0 0 0 0 0 0 0 0 0 0 0 0 0.313689 0 0 0 0 0 0.313689 0.313689 -3.93625 0 0 0 1.34075 0 0 0 0 0 0 0 0 0 0 0 1.34075 0 0 0 0 
0 0 0 0 0 0 0 0 0 0 0 0 0.313689 0 0 0 0 0 0 0 0 0 0 0 0 0 0 0 0 0 0 0 0 0 0 0 0.313689 0 0 0 0.313689 0 0 0 -3.95775 1.00556 1.00556 0 0 0 0 0 0 0 0 0 0 0 0 0 1.00556 0 0 0 
0 0 0 0 0 0 0 0 0 0 0 0 0 0.313689 0 0 0 0 0 0 0 0 0 0 0 0 0 0 0 0 0 0 0 0 0 0 0 0.313689 0 0 0 0.313689 0 0 0.313689 -3.93625 0 1.34075 0 0 0 0 0 0 0 0 0 0 0 0 0 1.34075 0 0 
0 0 0 0 0 0 0 0 0 0 0 0 0 0 0.313689 0 0 0 0 0 0 0 0 0 0 0 0 0 0 0 0 0 0 0 0 0 0 0 0.313689 0 0 0 0.313689 0 0.313689 0 -3.93625 1.34075 0 0 0 0 0 0 0 0 0 0 0 0 0 0 1.34075 0 
0 0 0 0 0 0 0 0 0 0 0 0 0 0 0 0.313689 0 0 0 0 0 0 0 0 0 0 0 0 0 0 0 0 0 0 0 0 0 0 0 0.313689 0 0 0 0.313689 0 0.313689 0.313689 -3.24438 0 0 0 0 0 0 0 0 0 0 0 0 0 0 0 1.67594 
0 0 0 0 0 0 0 0 0 0 0 0 0 0 0 0 0.313689 0 0 0 0 0 0 0 0 0 0 0 0 0 0 0 0.313689 0 0 0 0 0 0 0 0 0 0 0 0 0 0 0 -3.30888 0.670374 0.670374 0 0.670374 0 0 0 0.670374 0 0 0 0 0 0 0 
0 0 0 0 0 0 0 0 0 0 0 0 0 0 0 0 0 0.313689 0 0 0 0 0 0 0 0 0 0 0 0 0 0 0 0.313689 0 0 0 0 0 0 0 0 0 0 0 0 0 0 0.313689 -3.95775 0 1.00556 0 1.00556 0 0 0 1.00556 0 0 0 0 0 0 
0 0 0 0 0 0 0 0 0 0 0 0 0 0 0 0 0 0 0.313689 0 0 0 0 0 0 0 0 0 0 0 0 0 0 0 0.313689 0 0 0 0 0 0 0 0 0 0 0 0 0 0.313689 0 -3.95775 1.00556 0 0 1.00556 0 0 0 1.00556 0 0 0 0 0 
0 0 0 0 0 0 0 0 0 0 0 0 0 0 0 0 0 0 0 0.313689 0 0 0 0 0 0 0 0 0 0 0 0 0 0 0 0.313689 0 0 0 0 0 0 0 0 0 0 0 0 0 0.313689 0.313689 -3.93625 0 0 0 1.34075 0 0 0 1.34075 0 0 0 0 
0 0 0 0 0 0 0 0 0 0 0 0 0 0 0 0 0 0 0 0 0.313689 0 0 0 0 0 0 0 0 0 0 0 0 0 0 0 0.313689 0 0 0 0 0 0 0 0 0 0 0 0.313689 0 0 0 -3.95775 1.00556 1.00556 0 0 0 0 0 1.00556 0 0 0 
0 0 0 0 0 0 0 0 0 0 0 0 0 0 0 0 0 0 0 0 0 0.313689 0 0 0 0 0 0 0 0 0 0 0 0 0 0 0 0.313689 0 0 0 0 0 0 0 0 0 0 0 0.313689 0 0 0.313689 -3.93625 0 1.34075 0 0 0 0 0 1.34075 0 0 
0 0 0 0 0 0 0 0 0 0 0 0 0 0 0 0 0 0 0 0 0 0 0.313689 0 0 0 0 0 0 0 0 0 0 0 0 0 0 0 0.313689 0 0 0 0 0 0 0 0 0 0 0 0.313689 0 0.313689 0 -3.93625 1.34075 0 0 0 0 0 0 1.34075 0 
0 0 0 0 0 0 0 0 0 0 0 0 0 0 0 0 0 0 0 0 0 0 0 0.313689 0 0 0 0 0 0 0 0 0 0 0 0 0 0 0 0.313689 0 0 0 0 0 0 0 0 0 0 0 0.313689 0 0.313689 0.313689 -3.24438 0 0 0 0 0 0 0 1.67594 
0 0 0 0 0 0 0 0 0 0 0 0 0 0 0 0 0 0 0 0 0 0 0 0 0.313689 0 0 0 0 0 0 0 0 0 0 0 0 0 0 0 0.313689 0 0 0 0 0 0 0 0.313689 0 0 0 0 0 0 0 -3.95775 1.00556 1.00556 0 1.00556 0 0 0 
0 0 0 0 0 0 0 0 0 0 0 0 0 0 0 0 0 0 0 0 0 0 0 0 0 0.313689 0 0 0 0 0 0 0 0 0 0 0 0 0 0 0 0.313689 0 0 0 0 0 0 0 0.313689 0 0 0 0 0 0 0.313689 -3.93625 0 1.34075 0 1.34075 0 0 
0 0 0 0 0 0 0 0 0 0 0 0 0 0 0 0 0 0 0 0 0 0 0 0 0 0 0.313689 0 0 0 0 0 0 0 0 0 0 0 0 0 0 0 0.313689 0 0 0 0 0 0 0 0.313689 0 0 0 0 0 0.313689 0 -3.93625 1.34075 0 0 1.34075 0 
0 0 0 0 0 0 0 0 0 0 0 0 0 0 0 0 0 0 0 0 0 0 0 0 0 0 0 0.313689 0 0 0 0 0 0 0 0 0 0 0 0 0 0 0 0.313689 0 0 0 0 0 0 0 0.313689 0 0 0 0 0 0.313689 0.313689 -3.24438 0 0 0 1.67594 
0 0 0 0 0 0 0 0 0 0 0 0 0 0 0 0 0 0 0 0 0 0 0 0 0 0 0 0 0.313689 0 0 0 0 0 0 0 0 0 0 0 0 0 0 0 0.313689 0 0 0 0 0 0 0 0.313689 0 0 0 0.313689 0 0 0 -3.93625 1.34075 1.34075 0 
0 0 0 0 0 0 0 0 0 0 0 0 0 0 0 0 0 0 0 0 0 0 0 0 0 0 0 0 0 0.313689 0 0 0 0 0 0 0 0 0 0 0 0 0 0 0 0.313689 0 0 0 0 0 0 0 0.313689 0 0 0 0.313689 0 0 0.313689 -3.24438 0 1.67594 
0 0 0 0 0 0 0 0 0 0 0 0 0 0 0 0 0 0 0 0 0 0 0 0 0 0 0 0 0 0 0.313689 0 0 0 0 0 0 0 0 0 0 0 0 0 0 0 0.313689 0 0 0 0 0 0 0 0.313689 0 0 0 0.313689 0 0.313689 0 -3.24438 1.67594 
0 0 0 0 0 0 0 0 0 0 0 0 0 0 0 0 0 0 0 0 0 0 0 0 0 0 0 0 0 0 0 0.313689 0 0 0 0 0 0 0 0 0 0 0 0 0 0 0 0.313689 0 0 0 0 0 0 0 0.313689 0 0 0 0.313689 0 0.313689 0.313689 -1.88214 
