64
-0 0 0 0 0 0 0 0 0 0 0 0 0 0 0 0 0 0 0 0 0 0 0 0 0 0 0 0 0 0 0 0 0 0 0 0 0 0 0 0 0 0 0 0 0 0 0 0 0 0 0 0 0 0 0 0 0 0 0 0 0 0 0 0 
0.667755 -3.45309 0 0.557067 0 0.557067 0 0 0 0.557067 0 0 0 0 0 0 0 0.557067 0 0 0 0 0 0 0 0 0 0 0 0 0 0 0 0.557067 0 0 0 0 0 0 0 0 0 0 0 0 0 0 0 0 0 0 0 0 0 0 0 0 0 0 0 0 0 0 
0.667755 0 -3.45309 0.557067 0 0 0.557067 0 0 0 0.557067 0 0 0 0 0 0 0 0.557067 0 0 0 0 0 0 0 0 0 0 0 0 0 0 0 0.557067 0 0 0 0 0 0 0 0 0 0 0 0 0 0 0 0 0 0 0 0 0 0 0 0 0 0 0 0 0 
0 0.667755 0.667755 -5.79204 0 0 0 1.11413 0 0 0 1.11413 0 0 0 0 0 0 0 1.11413 0 0 0 0 0 0 0 0 0 0 0 0 0 0 0 1.11413 0 0 0 0 0 0 0 0 0 0 0 0 0 0 0 0 0 0 0 0 0 0 0 0 0 0 0 0 
0.667755 0 0 0 -3.45309 0.557067 0.557067 0 0 0 0 0 0.557067 0 0 0 0 0 0 0 0.557067 0 0 0 0 0 0 0 0 0 0 0 0 0 0 0 0.557067 0 0 0 0 0 0 0 0 0 0 0 0 0 0 0 0 0 0 0 0 0 0 0 0 0 0 0 
0 0.667755 0 0 0.667755 -5.79204 0 1.11413 0 0 0 0 0 1.11413 0 0 0 0 0 0 0 1.11413 0 0 0 0 0 0 0 0 0 0 0 0 0 0 0 1.11413 0 0 0 0 0 0 0 0 0 0 0 0 0 0 0 0 0 0 0 0 0 0 0 0 0 0 
0 0 0.667755 0 0.667755 0 -5.79204 1.11413 0 0 0 0 0 0 1.11413 0 0 0 0 0 0 0 1.11413 0 0 0 0 0 0 0 0 0 0 0 0 0 0 0 1.11413 0 0 0 0 0 0 0 0 0 0 0 0 0 0 0 0 0 0 0 0 0 0 0 0 0 
0 0 0 0.667755 0 0.667755 0.667755 -7.01687 0 0 0 0 0 0 0 1.6712 0 0 0 0 0 0 0 1.6712 0 0 0 0 0 0 0 0 0 0 0 0 0 0 0 1.6712 0 0 0 0 0 0 0 0 0 0 0 0 0 0 0 0 0 0 0 0 0 0 0 0 
0.667755 0 0 0 0 0 0 0 -3.45309 0.557067 0.557067 0 0.557067 0 0 0 0 0 0 0 0 0 0 0 0.557067 0 0 0 0 0 0 0 0 0 0 0 0 0 0 0 0.557067 0 0 0 0 0 0 0 0 0 0 0 0 0 0 0 0 0 0 0 0 0 0 0 
0 0.667755 0 0 0 0 0 0 0.667755 -5.79204 0 1.11413 0 1.11413 0 0 0 0 0 0 0 0 0 0 0 1.11413 0 0 0 0 0 0 0 0 0 0 0 0 0 0 0 1.11413 0 0 0 0 0 0 0 0 0 0 0 0 0 0 0 0 0 0 0 0 0 0 
0 0 0.667755 0 0 0 0 0 0.667755 0 -5.79204 1.11413 0 0 1.11413 0 0 0 0 0 0 0 0 0 0 0 1.11413 0 0 0 0 0 0 0 0 0 0 0 0 0 0 0 1.11413 0 0 0 0 0 0 0 0 0 0 0 0 0 0 0 0 0 0 0 0 0 
0 0 0 0.667755 0 0 0 0 0 0.667755 0.667755 -7.01687 0 0 0 1.6712 0 0 0 0 0 0 0 0 0 0 0 1.6712 0 0 0 0 0 0 0 0 0 0 0 0 0 0 0 1.6712 0 0 0 0 0 0 0 0 0 0 0 0 0 0 0 0 0 0 0 0 
0 0 0 0 0.667755 0 0 0 0.667755 0 0 0 -5.79204 1.11413 1.11413 0 0 0 0 0 0 0 0 0 0 0 0 0 1.11413 0 0 0 0 0 0 0 0 0 0 0 0 0 0 0 1.11413 0 0 0 0 0 0 0 0 0 0 0 0 0 0 0 0 0 0 0 
0 0 0 0 0 0.667755 0 0 0 0.667755 0 0 0.667755 -7.01687 0 1.6712 0 0 0 0 0 0 0 0 0 0 0 0 0 1.6712 0 0 0 0 0 0 0 0 0 0 0 0 0 0 0 1.6712 0 0 0 0 0 0 0 0 0 0 0 0 0 0 0 0 0 0 
0 0 0 0 0 0 0.667755 0 0 0 0.667755 0 0.667755 0 -7.01687 1.6712 0 0 0 0 0 0 0 0 0 0 0 0 0 0 1.6712 0 0 0 0 0 0 0 0 0 0 0 0 0 0 0 1.6712 0 0 0 0 0 0 0 0 0 0 0 0 0 0 0 0 0 
0 0 0 0 0 0 0 0.667755 0 0 0 0.667755 0 0.667755 0.667755 -7.12755 0 0 0 0 0 0 0 0 0 0 0 0 0 0 0 2.22827 0 0 0 0 0 0 0 0 0 0 0 0 0 0 0 2.22827 0 0 0 0 0 0 0 0 0 0 0 0 0 0 0 0 
0.667755 0 0 0 0 0 0 0 0 0 0 0 0 0 0 0 -3.45309 0.557067 0.557067 0 0.557067 0 0 0 0.557067 0 0 0 0 0 0 0 0 0 0 0 0 0 0 0 0 0 0 0 0 0 0 0 0.557067 0 0 0 0 0 0 0 0 0 0 0 0 0 0 0 
0 0.667755 0 0 0 0 0 0 0 0 0 0 0 0 0 0 0.667755 -5.79204 0 1.11413 0 1.11413 0 0 0 1.11413 0 0 0 0 0 0 0 0 0 0 0 0 0 0 0 0 0 0 0 0 0 0 0 1.11413 0 0 0 0 0 0 0 0 0 0 0 0 0 0 
0 0 0.667755 0 0 0 0 0 0 0 0 0 0 0 0 0 0.667755 0 -5.79204 1.11413 0 0 1.11413 0 0 0 1.11413 0 0 0 0 0 0 0 0 0 0 0 0 0 0 0 0 0 0 0 0 0 0 0 1.11413 0 0 0 0 0 0 0 0 0 0 0 0 0 
0 0 0 0.667755 0 0 0 0 0 0 0 0 0 0 0 0 0 0.667755 0.667755 -7.01687 0 0 0 1.6712 0 0 0 1.6712 0 0 0 0 0 0 0 0 0 0 0 0 0 0 0 0 0 0 0 0 0 0 0 1.6712 0 0 0 0 0 0 0 0 0 0 0 0 
0 0 0 0 0.667755 0 0 0 0 0 0 0 0 0 0 0 0.667755 0 0 0 -5.79204 1.11413 1.11413 0 0 0 0 0 1.11413 0 0 0 0 0 0 0 0 0 0 0 0 0 0 0 0 0 0 0 0 0 0 0 1.11413 0 0 0 0 0 0 0 0 0 0 0 
0 0 0 0 0 0.667755 0 0 0 0 0 0 0 0 0 0 0 0.667755 0 0 0.667755 -7.01687 0 1.6712 0 0 0 0 0 1.6712 0 0 0 0 0 0 0 0 0 0 0 0 0 0 0 0 0 0 0 0 0 0 0 1.6712 0 0 0 0 0 0 0 0 0 0 
0 0 0 0 0 0 0.667755 0 0 0 0 0 0 0 0 0 0 0 0.667755 0 0.667755 0 -7.01687 1.6712 0 0 0 0 0 0 1.6712 0 0 0 0 0 0 0 0 0 0 0 0 0 0 0 0 0 0 0 0 0 0 0 1.6712 0 0 0 0 0 0 0 0 0 
0 0 0 0 0 0 0 0.667755 0 0 0 0 0 0 0 0 0 0 0 0.667755 0 0.667755 0.667755 -7.12755 0 0 0 0 0 0 0 2.22827 0 0 0 0 0 0 0 0 0 0 0 0 0 0 0 0 0 0 0 0 0 0 0 2.22827 0 0 0 0 0 0 0 0 
0 0 0 0 0 0 0 0 0.667755 0 0 0 0 0 0 0 0.667755 0 0 0 0 0 0 0 -5.79204 1.11413 1.11413 0 1.11413 0 0 0 0 0 0 0 0 0 0 0 0 0 0 0 0 0 0 0 0 0 0 0 0 0 0 0 1.11413 0 0 0 0 0 0 0 
0 0 0 0 0 0 0 0 0 0.667755 0 0 0 0 0 0 0 0.667755 0 0 0 0 0 0 0.667755 -7.01687 0 1.6712 0 1.6712 0 0 0 0 0 0 0 0 0 0 0 0 0 0 0 0 0 0 0 0 0 0 0 0 0 0 0 1.6712 0 0 0 0 0 0 
0 0 0 0 0 0 0 0 0 0 0.667755 0 0 0 0 0 0 0 0.667755 0 0 0 0 0 0.667755 0 -7.01687 1.6712 0 0 1.6712 0 0 0 0 0 0 0 0 0 0 0 0 0 0 0 0 0 0 0 0 0 0 0 0 0 0 0 1.6712 0 0 0 0 0 
0 0 0 0 0 0 0 0 0 0 0 0.667755 0 0 0 0 0 0 0 0.667755 0 0 0 0 0 0.667755 0.667755 -7.12755 0 0 0 2.22827 0 0 0 0 0 0 0 0 0 0 0 0 0 0 0 0 0 0 0 0 0 0 0 0 0 0 0 2.22827 0 0 0 0 
0 0 0 0 0 0 0 0 0 0 0 0 0.667755 0 0 0 0 0 0 0 0.667755 0 0 0 0.667755 0 0 0 -7.01687 1.6712 1.6712 0 0 0 0 0 0 0 0 0 0 0 0 0 0 0 0 0 0 0 0 0 0 0 0 0 0 0 0 0 1.6712 0 0 0 
0 0 0 0 0 0 0 0 0 0 0 0 0 0.667755 0 0 0 0 0 0 0 0.667755 0 0 0 0.667755 0 0 0.667755 -7.12755 0 2.22827 0 0 0 0 0 0 0 0 0 0 0 0 0 0 0 0 0 0 0 0 0 0 0 0 0 0 0 0 0 2.22827 0 0 
0 0 0 0 0 0 0 0 0 0 0 0 0 0 0.667755 0 0 0 0 0 0 0 0.667755 0 0 0 0.667755 0 0.667755 0 -7.12755 2.22827 0 0 0 0 0 0 0 0 0 0 0 0 0 0 0 0 0 0 0 0 0 0 0 0 0 0 0 0 0 0 2.22827 0 
0 0 0 0 0 0 0 0 0 0 0 0 0 0 0 0.667755 0 0 0 0 0 0 0 0.667755 0 0 0 0.667755 0 0.667755 0.667755 -6.12411 0 0 0 0 0 0 0 0 0 0 0 0 0 0 0 0 0 0 0 0 0 0 0 0 0 0 0 0 0 0 0 2.78533 
0.667755 0 0 0 0 0 0 0 0 0 0 0 0 0 0 0 0 0 0 0 0 0 0 0 0 0 0 0 0 0 0 0 -3.45309 0.557067 0.557067 0 0.557067 0 0 0 0.557067 0 0 0 0 0 0 0 0.557067 0 0 0 0 0 0 0 0 0 0 0 0 0 0 0 
0 0.667755 0 0 0 0 0 0 0 0 0 0 0 0 0 0 0 0 0 0 0 0 0 0 0 0 0 0 0 0 0 0 0.667755 -5.79204 0 1.11413 0 1.11413 0 0 0 1.11413 0 0 0 0 0 0 0 1.11413 0 0 0 0 0 0 0 0 0 0 0 0 0 0 
0 0 0.667755 0 0 0 0 0 0 0 0 0 0 0 0 0 0 0 0 0 0 0 0 0 0 0 0 0 0 0 0 0 0.667755 0 -5.79204 1.11413 0 0 1.11413 0 0 0 1.11413 0 0 0 0 0 0 0 1.11413 0 0 0 0 0 0 0 0 0 0 0 0 0 
0 0 0 0.667755 0 0 0 0 0 0 0 0 0 0 0 0 0 0 0 0 0 0 0 0 0 0 0 0 0 0 0 0 0 0.667755 0.667755 -7.01687 0 0 0 1.6712 0 0 0 1.6712 0 0 0 0 0 0 0 1.6712 0 0 0 0 0 0 0 0 0 0 0 0 
0 0 0 0 0.667755 0 0 0 0 0 0 0 0 0 0 0 0 0 0 0 0 0 0 0 0 0 0 0 0 0 0 0 0.667755 0 0 0 -5.79204 1.11413 1.11413 0 0 0 0 0 1.11413 0 0 0 0 0 0 0 1.11413 0 0 0 0 0 0 0 0 0 0 0 
0 0 0 0 0 0.667755 0 0 0 0 0 0 0 0 0 0 0 0 0 0 0 0 0 0 0 0 0 0 0 0 0 0 0 0.667755 0 0 0.667755 -7.01687 0 1.6712 0 0 0 0 0 1.6712 0 0 0 0 0 0 0 1.6712 0 0 0 0 0 0 0 0 0 0 
0 0 0 0 0 0 0.667755 0 0 0 0 0 0 0 0 0 0 0 0 0 0 0 0 0 0 0 0 0 0 0 0 0 0 0 0.667755 0 0.667755 0 -7.01687 1.6712 0 0 0 0 0 0 1.6712 0 0 0 0 0 0 0 1.6712 0 0 0 0 0 0 0 0 0 
0 0 0 0 0 0 0 0.667755 0 0 0 0 0 0 0 0 0 0 0 0 0 0 0 0 0 0 0 0 0 0 0 0 0 0 0 0.667755 0 0.667755 0.667755 -7.12755 0 0 0 0 0 0 0 2.22827 0 0 0 0 0 0 0 2.22827 0 0 0 0 0 0 0 0 
0 0 0 0 0 0 0 0 0.667755 0 0 0 0 0 0 0 0 0 0 0 0 0 0 0 0 0 0 0 0 0 0 0 0.667755 0 0 0 0 0 0 0 -5.79204 1.11413 1.11413 0 1.11413 0 0 0 0 0 0 0 0 0 0 0 1.11413 0 0 0 0 0 0 0 
0 0 0 0 0 0 0 0 0 0.667755 0 0 0 0 0 0 0 0 0 0 0 0 0 0 0 0 0 0 0 0 0 0 0 0.667755 0 0 0 0 0 0 0.667755 -7.01687 0 1.6712 0 1.6712 0 0 0 0 0 0 0 0 0 0 0 1.6712 0 0 0 0 0 0 
0 0 0 0 0 0 0 0 0 0 0.667755 0 0 0 0 0 0 0 0 0 0 0 0 0 0 0 0 0 0 0 0 0 0 0 0.667755 0 0 0 0 0 0.667755 0 -7.01687 1.6712 0 0 1.6712 0 0 0 0 0 0 0 0 0 0 0 1.6712 0 0 0 0 0 
0 0 0 0 0 0 0 0 0 0 0 0.667755 0 0 0 0 0 0 0 0 0 0 0 0 0 0 0 0 0 0 0 0 0 0 0 0.667755 0 0 0 0 0 0.667755 0.667755 -7.12755 0 0 0 2.22827 0 0 0 0 0 0 0 0 0 0 0 2.22827 0 0 0 0 
0 0 0 0 0 0 0 0 0 0 0 0 0.667755 0 0 0 0 0 0 0 0 0 0 0 0 0 0 0 0 0 0 0 0 0 0 0 0.667755 0 0 0 0.667755 0 0 0 -7.01687 1.6712 1.6712 0 0 0 0 0 0 0 0 0 0 0 0 0 1.6712 0 0 0 
0 0 0 0 0 0 0 0 0 0 0 0 0 0.667755 0 0 0 0 0 0 0 0 0 0 0 0 0 0 0 0 0 0 0 0 0 0 0 0.667755 0 0 0 0.667755 0 0 0.667755 -7.12755 0 2.22827 0 0 0 0 0 0 0 0 0 0 0 0 0 2.22827 0 0 
0 0 0 0 0 0 0 0 0 0 0 0 0 0 0.667755 0 0 0 0 0 0 0 0 0 0 0 0 0 0 0 0 0 0 0 0 0 0 0 0.667755 0 0 0 0.667755 0 0.667755 0 -7.12755 2.22827 0 0 0 0 0 0 0 0 0 0 0 0 0 0 2.22827 0 
0 0 0 0 0 0 0 0 0 0 0 0 0 0 0 0.667755 0 0 0 0 0 0 0 0 0 0 0 0 0 0 0 0 0 0 0 0 0 0 0 0.667755 0 0 0 0.667755 0 0.667755 0.667755 -6.12411 0 0 0 0 0 0 0 0 0 0 0 0 0 0 0 2.78533 
0 0 0 0 0 0 0 0 0 0 0 0 0 0 0 0 0.667755 0 0 0 0 0 0 0 0 0 0 0 0 0 0 0 0.667755 0 0 0 0 0 0 0 0 0 0 0 0 0 0 0 -5.79204 1.11413 1.11413 0 1.11413 0 0 0 1.11413 0 0 0 0 0 0 0 
0 0 0 0 0 0 0 0 0 0 0 0 0 0 0 0 0 0.667755 0 0 0 0 0 0 0 0 0 0 0 0 0 0 0 0.667755 0 0 0 0 0 0 0 0 0 0 0 0 0 0 0.667755 -7.01687 0 1.6712 0 1.6712 0 0 0 1.6712 0 0 0 0 0 0 
0 0 0 0 0 0 0 0 0 0 0 0 0 0 0 0 0 0 0.667755 0 0 0 0 0 0 0 0 0 0 0 0 0 0 0 0.667755 0 0 0 0 0 0 0 0 0 0 0 0 0 0.667755 0 -7.01687 1.6712 0 0 1.6712 0 0 0 1.6712 0 0 0 0 0 
0 0 0 0 0 0 0 0 0 0 0 0 0 0 0 0 0 0 0 0.667755 0 0 0 0 0 0 0 0 0 0 0 0 0 0 0 0.667755 0 0 0 0 0 0 0 0 0 0 0 0 0 0.667755 0.667755 -7.12755 0 0 0 2.22827 0 0 0 2.22827 0 0 0 0 
0 0 0 0 0 0 0 0 0 0 0 0 0 0 0 0 0 0 0 0 0.667755 0 0 0 0 0 0 0 0 0 0 0 0 0 0 0 0.667755 0 0 0 0 0 0 0 0 0 0 0 0.667755 0 0 0 -7.01687 1.6712 1.6712 0 0 0 0 0 1.6712 0 0 0 
0 0 0 0 0 0 0 0 0 0 0 0 0 0 0 0 0 0 0 0 0 0.667755 0 0 0 0 0 0 0 0 0 0 0 0 0 0 0 0.667755 0 0 0 0 0 0 0 0 0 0 0 0.667755 0 0 0.667755 -7.12755 0 2.22827 0 0 0 0 0 2.22827 0 0 
0 0 0 0 0 0 0 0 0 0 0 0 0 0 0 0 0 0 0 0 0 0 0.667755 0 0 0 0 0 0 0 0 0 0 0 0 0 0 0 0.667755 0 0 0 0 0 0 0 0 0 0 0 0.667755 0 0.667755 0 -7.12755 2.22827 0 0 0 0 0 0 2.22827 0 
0 0 0 0 0 0 0 0 0 0 0 0 0 0 0 0 0 0 0 0 0 0 0 0.667755 0 0 0 0 0 0 0 0 0 0 0 0 0 0 0 0.667755 0 0 0 0 0 0 0 0 0 0 0 0.667755 0 0.667755 0.667755 -6.12411 0 0 0 0 0 0 0 2.78533 
0 0 0 0 0 0 0 0 0 0 0 0 0 0 0 0 0 0 0 0 0 0 0 0 0.667755 0 0 0 0 0 0 0 0 0 0 0 0 0 0 0 0.667755 0 0 0 0 0 0 0 0.667755 0 0 0 0 0 0 0 -7.01687 1.6712 1.6712 0 1.6712 0 0 0 
0 0 0 0 0 0 0 0 0 0 0 0 0 0 0 0 0 0 0 0 0 0 0 0 0 0.667755 0 0 0 0 0 0 0 0 0 0 0 0 0 0 0 0.667755 0 0 0 0 0 0 0 0.667755 0 0 0 0 0 0 0.667755 -7.12755 0 2.22827 0 2.22827 0 0 
0 0 0 0 0 0 0 0 0 0 0 0 0 0 0 0 0 0 0 0 0 0 0 0 0 0 0.667755 0 0 0 0 0 0 0 0 0 0 0 0 0 0 0 0.667755 0 0 0 0 0 0 0 0.667755 0 0 0 0 0 0.667755 0 -7.12755 2.22827 0 0 2.22827 0 
0 0 0 0 0 0 0 0 0 0 0 0 0 0 0 0 0 0 0 0 0 0 0 0 0 0 0 0.667755 0 0 0 0 0 0 0 0 0 0 0 0 0 0 0 0.667755 0 0 0 0 0 0 0 0.667755 0 0 0 0 0 0.667755 0.667755 -6.12411 0 0 0 2.78533 
0 0 0 0 0 0 0 0 0 0 0 0 0 0 0 0 0 0 0 0 0 0 0 0 0 0 0 0 0.667755 0 0 0 0 0 0 0 0 0 0 0 0 0 0 0 0.667755 0 0 0 0 0 0 0 0.667755 0 0 0 0.667755 0 0 0 -7.12755 2.22827 2.22827 0 
0 0 0 0 0 0 0 0 0 0 0 0 0 0 0 0 0 0 0 0 0 0 0 0 0 0 0 0 0 0.667755 0 0 0 0 0 0 0 0 0 0 0 0 0 0 0 0.667755 0 0 0 0 0 0 0 0.667755 0 0 0 0.667755 0 0 0.667755 -6.12411 0 2.78533 
0 0 0 0 0 0 0 0 0 0 0 0 0 0 0 0 0 0 0 0 0 0 0 0 0 0 0 0 0 0 0.667755 0 0 0 0 0 0 0 0 0 0 0 0 0 0 0 0.667755 0 0 0 0 0 0 0 0.667755 0 0 0 0.667755 0 0.667755 0 -6.12411 2.78533 
0 0 0 0 0 0 0 0 0 0 0 0 0 0 0 0 0 0 0 0 0 0 0 0 0 0 0 0 0 0 0 0.667755 0 0 0 0 0 0 0 0 0 0 0 0 0 0 0 0.667755 0 0 0 0 0 0 0 0.667755 0 0 0 0.667755 0 0.667755 0.667755 -4.00653 
