32
-0 0 0 0 0 0 0 0 0 0 0 0 0 0 0 0 0 0 0 0 0 0 0 0 0 0 0 0 0 0 0 0 
0.371535 -1.88494 0 0.378351 0 0.378351 0 0 0 0.378351 0 0 0 0 0 0 0 0.378351 0 0 0 0 0 0 0 0 0 0 0 0 0 0 
0.371535 0 -1.88494 0.378351 0 0 0.378351 0 0 0 0.378351 0 0 0 0 0 0 0 0.378351 0 0 0 0 0 0 0 0 0 0 0 0 0 
0 0.371535 0.371535 -3.01318 0 0 0 0.756702 0 0 0 0.756702 0 0 0 0 0 0 0 0.756702 0 0 0 0 0 0 0 0 0 0 0 0 
0.371535 0 0 0 -1.88494 0.378351 0.378351 0 0 0 0 0 0.378351 0 0 0 0 0 0 0 0.378351 0 0 0 0 0 0 0 0 0 0 0 
0 0.371535 0 0 0.371535 -3.01318 0 0.756702 0 0 0 0 0 0.756702 0 0 0 0 0 0 0 0.756702 0 0 0 0 0 0 0 0 0 0 
0 0 0.371535 0 0.371535 0 -3.01318 0.756702 0 0 0 0 0 0 0.756702 0 0 0 0 0 0 0 0.756702 0 0 0 0 0 0 0 0 0 
0 0 0 0.371535 0 0.371535 0.371535 -3.38471 0 0 0 0 0 0 0 1.13505 0 0 0 0 0 0 0 1.13505 0 0 0 0 0 0 0 0 
0.371535 0 0 0 0 0 0 0 -1.88494 0.378351 0.378351 0 0.378351 0 0 0 0 0 0 0 0 0 0 0 0.378351 0 0 0 0 0 0 0 
0 0.371535 0 0 0 0 0 0 0.371535 -3.01318 0 0.756702 0 0.756702 0 0 0 0 0 0 0 0 0 0 0 0.756702 0 0 0 0 0 0 
0 0 0.371535 0 0 0 0 0 0.371535 0 -3.01318 0.756702 0 0 0.756702 0 0 0 0 0 0 0 0 0 0 0 0.756702 0 0 0 0 0 
0 0 0 0.371535 0 0 0 0 0 0.371535 0.371535 -3.38471 0 0 0 1.13505 0 0 0 0 0 0 0 0 0 0 0 1.13505 0 0 0 0 
0 0 0 0 0.371535 0 0 0 0.371535 0 0 0 -3.01318 0.756702 0.756702 0 0 0 0 0 0 0 0 0 0 0 0 0 0.756702 0 0 0 
0 0 0 0 0 0.371535 0 0 0 0.371535 0 0 0.371535 -3.38471 0 1.13505 0 0 0 0 0 0 0 0 0 0 0 0 0 1.13505 0 0 
0 0 0 0 0 0 0.371535 0 0 0 0.371535 0 0.371535 0 -3.38471 1.13505 0 0 0 0 0 0 0 0 0 0 0 0 0 0 1.13505 0 
0 0 0 0 0 0 0 0.371535 0 0 0 0.371535 0 0.371535 0.371535 -2.99954 0 0 0 0 0 0 0 0 0 0 0 0 0 0 0 1.5134 
0.371535 0 0 0 0 0 0 0 0 0 0 0 0 0 0 0 -1.88494 0.378351 0.378351 0 0.378351 0 0 0 0.378351 0 0 0 0 0 0 0 
0 0.371535 0 0 0 0 0 0 0 0 0 0 0 0 0 0 0.371535 -3.01318 0 0.756702 0 0.756702 0 0 0 0.756702 0 0 0 0 0 0 
0 0 0.371535 0 0 0 0 0 0 0 0 0 0 0 0 0 0.371535 0 -3.01318 0.756702 0 0 0.756702 0 0 0 0.756702 0 0 0 0 0 
0 0 0 0.371535 0 0 0 0 0 0 0 0 0 0 0 0 0 0.371535 0.371535 -3.38471 0 0 0 1.13505 0 0 0 1.13505 0 0 0 0 
0 0 0 0 0.371535 0 0 0 0 0 0 0 0 0 0 0 0.371535 0 0 0 -3.01318 0.756702 0.756702 0 0 0 0 0 0.756702 0 0 0 
0 0 0 0 0 0.371535 0 0 0 0 0 0 0 0 0 0 0 0.371535 0 0 0.371535 -3.38471 0 1.13505 0 0 0 0 0 1.13505 0 0 
0 0 0 0 0 0 0.371535 0 0 0 0 0 0 0 0 0 0 0 0.371535 0 0.371535 0 -3.38471 1.13505 0 0 0 0 0 0 1.13505 0 
0 0 0 0 0 0 0 0.371535 0 0 0 0 0 0 0 0 0 0 0 0.371535 0 0.371535 0.371535 -2.99954 0 0 0 0 0 0 0 1.5134 
0 0 0 0 0 0 0 0 0.371535 0 0 0 0 0 0 0 0.371535 0 0 0 0 0 0 0 -3.01318 0.756702 0.756702 0 0.756702 0 0 0 
0 0 0 0 0 0 0 0 0 0.371535 0 0 0 0 0 0 0 0.371535 0 0 0 0 0 0 0.371535 -3.38471 0 1.13505 0 1.13505 0 0 
0 0 0 0 0 0 0 0 0 0 0.371535 0 0 0 0 0 0 0 0.371535 0 0 0 0 0 0.371535 0 -3.38471 1.13505 0 0 1.13505 0 
0 0 0 0 0 0 0 0 0 0 0 0.371535 0 0 0 0 0 0 0 0.371535 0 0 0 0 0 0.371535 0.371535 -2.99954 0 0 0 1.5134 
0 0 0 0 0 0 0 0 0 0 0 0 0.371535 0 0 0 0 0 0 0 0.371535 0 0 0 0.371535 0 0 0 -3.38471 1.13505 1.13505 0 
0 0 0 0 0 0 0 0 0 0 0 0 0 0.371535 0 0 0 0 0 0 0 0.371535 0 0 0 0.371535 0 0 0.371535 -2.99954 0 1.5134 
0 0 0 0 0 0 0 0 0 0 0 0 0 0 0.371535 0 0 0 0 0 0 0 0.371535 0 0 0 0.371535 0 0.371535 0 -2.99954 1.5134 
0 0 0 0 0 0 0 0 0 0 0 0 0 0 0 0.371535 0 0 0 0 0 0 0 0.371535 0 0 0 0.371535 0 0.371535 0.371535 -1.85767 
