32
-0 0 0 0 0 0 0 0 0 0 0 0 0 0 0 0 0 0 0 0 0 0 0 0 0 0 0 0 0 0 0 0 
0.229757 -1.40107 0 0.292829 0 0.292829 0 0 0 0.292829 0 0 0 0 0 0 0 0.292829 0 0 0 0 0 0 0 0 0 0 0 0 0 0 
0.229757 0 -1.40107 0.292829 0 0 0.292829 0 0 0 0.292829 0 0 0 0 0 0 0 0.292829 0 0 0 0 0 0 0 0 0 0 0 0 0 
0 0.229757 0.229757 -2.21649 0 0 0 0.585658 0 0 0 0.585658 0 0 0 0 0 0 0 0.585658 0 0 0 0 0 0 0 0 0 0 0 0 
0.229757 0 0 0 -1.40107 0.292829 0.292829 0 0 0 0 0 0.292829 0 0 0 0 0 0 0 0.292829 0 0 0 0 0 0 0 0 0 0 0 
0 0.229757 0 0 0.229757 -2.21649 0 0.585658 0 0 0 0 0 0.585658 0 0 0 0 0 0 0 0.585658 0 0 0 0 0 0 0 0 0 0 
0 0 0.229757 0 0.229757 0 -2.21649 0.585658 0 0 0 0 0 0 0.585658 0 0 0 0 0 0 0 0.585658 0 0 0 0 0 0 0 0 0 
0 0 0 0.229757 0 0.229757 0.229757 -2.44624 0 0 0 0 0 0 0 0.878486 0 0 0 0 0 0 0 0.878486 0 0 0 0 0 0 0 0 
0.229757 0 0 0 0 0 0 0 -1.40107 0.292829 0.292829 0 0.292829 0 0 0 0 0 0 0 0 0 0 0 0.292829 0 0 0 0 0 0 0 
0 0.229757 0 0 0 0 0 0 0.229757 -2.21649 0 0.585658 0 0.585658 0 0 0 0 0 0 0 0 0 0 0 0.585658 0 0 0 0 0 0 
0 0 0.229757 0 0 0 0 0 0.229757 0 -2.21649 0.585658 0 0 0.585658 0 0 0 0 0 0 0 0 0 0 0 0.585658 0 0 0 0 0 
0 0 0 0.229757 0 0 0 0 0 0.229757 0.229757 -2.44624 0 0 0 0.878486 0 0 0 0 0 0 0 0 0 0 0 0.878486 0 0 0 0 
0 0 0 0 0.229757 0 0 0 0.229757 0 0 0 -2.21649 0.585658 0.585658 0 0 0 0 0 0 0 0 0 0 0 0 0 0.585658 0 0 0 
0 0 0 0 0 0.229757 0 0 0 0.229757 0 0 0.229757 -2.44624 0 0.878486 0 0 0 0 0 0 0 0 0 0 0 0 0 0.878486 0 0 
0 0 0 0 0 0 0.229757 0 0 0 0.229757 0 0.229757 0 -2.44624 0.878486 0 0 0 0 0 0 0 0 0 0 0 0 0 0 0.878486 0 
0 0 0 0 0 0 0 0.229757 0 0 0 0.229757 0 0.229757 0.229757 -2.09034 0 0 0 0 0 0 0 0 0 0 0 0 0 0 0 1.17132 
0.229757 0 0 0 0 0 0 0 0 0 0 0 0 0 0 0 -1.40107 0.292829 0.292829 0 0.292829 0 0 0 0.292829 0 0 0 0 0 0 0 
0 0.229757 0 0 0 0 0 0 0 0 0 0 0 0 0 0 0.229757 -2.21649 0 0.585658 0 0.585658 0 0 0 0.585658 0 0 0 0 0 0 
0 0 0.229757 0 0 0 0 0 0 0 0 0 0 0 0 0 0.229757 0 -2.21649 0.585658 0 0 0.585658 0 0 0 0.585658 0 0 0 0 0 
0 0 0 0.229757 0 0 0 0 0 0 0 0 0 0 0 0 0 0.229757 0.229757 -2.44624 0 0 0 0.878486 0 0 0 0.878486 0 0 0 0 
0 0 0 0 0.229757 0 0 0 0 0 0 0 0 0 0 0 0.229757 0 0 0 -2.21649 0.585658 0.585658 0 0 0 0 0 0.585658 0 0 0 
0 0 0 0 0 0.229757 0 0 0 0 0 0 0 0 0 0 0 0.229757 0 0 0.229757 -2.44624 0 0.878486 0 0 0 0 0 0.878486 0 0 
0 0 0 0 0 0 0.229757 0 0 0 0 0 0 0 0 0 0 0 0.229757 0 0.229757 0 -2.44624 0.878486 0 0 0 0 0 0 0.878486 0 
0 0 0 0 0 0 0 0.229757 0 0 0 0 0 0 0 0 0 0 0 0.229757 0 0.229757 0.229757 -2.09034 0 0 0 0 0 0 0 1.17132 
0 0 0 0 0 0 0 0 0.229757 0 0 0 0 0 0 0 0.229757 0 0 0 0 0 0 0 -2.21649 0.585658 0.585658 0 0.585658 0 0 0 
0 0 0 0 0 0 0 0 0 0.229757 0 0 0 0 0 0 0 0.229757 0 0 0 0 0 0 0.229757 -2.44624 0 0.878486 0 0.878486 0 0 
0 0 0 0 0 0 0 0 0 0 0.229757 0 0 0 0 0 0 0 0.229757 0 0 0 0 0 0.229757 0 -2.44624 0.878486 0 0 0.878486 0 
0 0 0 0 0 0 0 0 0 0 0 0.229757 0 0 0 0 0 0 0 0.229757 0 0 0 0 0 0.229757 0.229757 -2.09034 0 0 0 1.17132 
0 0 0 0 0 0 0 0 0 0 0 0 0.229757 0 0 0 0 0 0 0 0.229757 0 0 0 0.229757 0 0 0 -2.44624 0.878486 0.878486 0 
0 0 0 0 0 0 0 0 0 0 0 0 0 0.229757 0 0 0 0 0 0 0 0.229757 0 0 0 0.229757 0 0 0.229757 -2.09034 0 1.17132 
0 0 0 0 0 0 0 0 0 0 0 0 0 0 0.229757 0 0 0 0 0 0 0 0.229757 0 0 0 0.229757 0 0.229757 0 -2.09034 1.17132 
0 0 0 0 0 0 0 0 0 0 0 0 0 0 0 0.229757 0 0 0 0 0 0 0 0.229757 0 0 0 0.229757 0 0.229757 0.229757 -1.14878 
