32
-0 0 0 0 0 0 0 0 0 0 0 0 0 0 0 0 0 0 0 0 0 0 0 0 0 0 0 0 0 0 0 0 
0.406081 -2.2548 0 0.462179 0 0.462179 0 0 0 0.462179 0 0 0 0 0 0 0 0.462179 0 0 0 0 0 0 0 0 0 0 0 0 0 0 
0.406081 0 -2.2548 0.462179 0 0 0.462179 0 0 0 0.462179 0 0 0 0 0 0 0 0.462179 0 0 0 0 0 0 0 0 0 0 0 0 0 
0 0.406081 0.406081 -3.58523 0 0 0 0.924357 0 0 0 0.924357 0 0 0 0 0 0 0 0.924357 0 0 0 0 0 0 0 0 0 0 0 0 
0.406081 0 0 0 -2.2548 0.462179 0.462179 0 0 0 0 0 0.462179 0 0 0 0 0 0 0 0.462179 0 0 0 0 0 0 0 0 0 0 0 
0 0.406081 0 0 0.406081 -3.58523 0 0.924357 0 0 0 0 0 0.924357 0 0 0 0 0 0 0 0.924357 0 0 0 0 0 0 0 0 0 0 
0 0 0.406081 0 0.406081 0 -3.58523 0.924357 0 0 0 0 0 0 0.924357 0 0 0 0 0 0 0 0.924357 0 0 0 0 0 0 0 0 0 
0 0 0 0.406081 0 0.406081 0.406081 -3.99132 0 0 0 0 0 0 0 1.38654 0 0 0 0 0 0 0 1.38654 0 0 0 0 0 0 0 0 
0.406081 0 0 0 0 0 0 0 -2.2548 0.462179 0.462179 0 0.462179 0 0 0 0 0 0 0 0 0 0 0 0.462179 0 0 0 0 0 0 0 
0 0.406081 0 0 0 0 0 0 0.406081 -3.58523 0 0.924357 0 0.924357 0 0 0 0 0 0 0 0 0 0 0 0.924357 0 0 0 0 0 0 
0 0 0.406081 0 0 0 0 0 0.406081 0 -3.58523 0.924357 0 0 0.924357 0 0 0 0 0 0 0 0 0 0 0 0.924357 0 0 0 0 0 
0 0 0 0.406081 0 0 0 0 0 0.406081 0.406081 -3.99132 0 0 0 1.38654 0 0 0 0 0 0 0 0 0 0 0 1.38654 0 0 0 0 
0 0 0 0 0.406081 0 0 0 0.406081 0 0 0 -3.58523 0.924357 0.924357 0 0 0 0 0 0 0 0 0 0 0 0 0 0.924357 0 0 0 
0 0 0 0 0 0.406081 0 0 0 0.406081 0 0 0.406081 -3.99132 0 1.38654 0 0 0 0 0 0 0 0 0 0 0 0 0 1.38654 0 0 
0 0 0 0 0 0 0.406081 0 0 0 0.406081 0 0.406081 0 -3.99132 1.38654 0 0 0 0 0 0 0 0 0 0 0 0 0 0 1.38654 0 
0 0 0 0 0 0 0 0.406081 0 0 0 0.406081 0 0.406081 0.406081 -3.47304 0 0 0 0 0 0 0 0 0 0 0 0 0 0 0 1.84871 
0.406081 0 0 0 0 0 0 0 0 0 0 0 0 0 0 0 -2.2548 0.462179 0.462179 0 0.462179 0 0 0 0.462179 0 0 0 0 0 0 0 
0 0.406081 0 0 0 0 0 0 0 0 0 0 0 0 0 0 0.406081 -3.58523 0 0.924357 0 0.924357 0 0 0 0.924357 0 0 0 0 0 0 
0 0 0.406081 0 0 0 0 0 0 0 0 0 0 0 0 0 0.406081 0 -3.58523 0.924357 0 0 0.924357 0 0 0 0.924357 0 0 0 0 0 
0 0 0 0.406081 0 0 0 0 0 0 0 0 0 0 0 0 0 0.406081 0.406081 -3.99132 0 0 0 1.38654 0 0 0 1.38654 0 0 0 0 
0 0 0 0 0.406081 0 0 0 0 0 0 0 0 0 0 0 0.406081 0 0 0 -3.58523 0.924357 0.924357 0 0 0 0 0 0.924357 0 0 0 
0 0 0 0 0 0.406081 0 0 0 0 0 0 0 0 0 0 0 0.406081 0 0 0.406081 -3.99132 0 1.38654 0 0 0 0 0 1.38654 0 0 
0 0 0 0 0 0 0.406081 0 0 0 0 0 0 0 0 0 0 0 0.406081 0 0.406081 0 -3.99132 1.38654 0 0 0 0 0 0 1.38654 0 
0 0 0 0 0 0 0 0.406081 0 0 0 0 0 0 0 0 0 0 0 0.406081 0 0.406081 0.406081 -3.47304 0 0 0 0 0 0 0 1.84871 
0 0 0 0 0 0 0 0 0.406081 0 0 0 0 0 0 0 0.406081 0 0 0 0 0 0 0 -3.58523 0.924357 0.924357 0 0.924357 0 0 0 
0 0 0 0 0 0 0 0 0 0.406081 0 0 0 0 0 0 0 0.406081 0 0 0 0 0 0 0.406081 -3.99132 0 1.38654 0 1.38654 0 0 
0 0 0 0 0 0 0 0 0 0 0.406081 0 0 0 0 0 0 0 0.406081 0 0 0 0 0 0.406081 0 -3.99132 1.38654 0 0 1.38654 0 
0 0 0 0 0 0 0 0 0 0 0 0.406081 0 0 0 0 0 0 0 0.406081 0 0 0 0 0 0.406081 0.406081 -3.47304 0 0 0 1.84871 
0 0 0 0 0 0 0 0 0 0 0 0 0.406081 0 0 0 0 0 0 0 0.406081 0 0 0 0.406081 0 0 0 -3.99132 1.38654 1.38654 0 
0 0 0 0 0 0 0 0 0 0 0 0 0 0.406081 0 0 0 0 0 0 0 0.406081 0 0 0 0.406081 0 0 0.406081 -3.47304 0 1.84871 
0 0 0 0 0 0 0 0 0 0 0 0 0 0 0.406081 0 0 0 0 0 0 0 0.406081 0 0 0 0.406081 0 0.406081 0 -3.47304 1.84871 
0 0 0 0 0 0 0 0 0 0 0 0 0 0 0 0.406081 0 0 0 0 0 0 0 0.406081 0 0 0 0.406081 0 0.406081 0.406081 -2.03041 
