32
-0 0 0 0 0 0 0 0 0 0 0 0 0 0 0 0 0 0 0 0 0 0 0 0 0 0 0 0 0 0 0 0 
0.244009 -1.32169 0 0.269421 0 0.269421 0 0 0 0.269421 0 0 0 0 0 0 0 0.269421 0 0 0 0 0 0 0 0 0 0 0 0 0 0 
0.244009 0 -1.32169 0.269421 0 0 0.269421 0 0 0 0.269421 0 0 0 0 0 0 0 0.269421 0 0 0 0 0 0 0 0 0 0 0 0 0 
0 0.244009 0.244009 -2.10454 0 0 0 0.538842 0 0 0 0.538842 0 0 0 0 0 0 0 0.538842 0 0 0 0 0 0 0 0 0 0 0 0 
0.244009 0 0 0 -1.32169 0.269421 0.269421 0 0 0 0 0 0.269421 0 0 0 0 0 0 0 0.269421 0 0 0 0 0 0 0 0 0 0 0 
0 0.244009 0 0 0.244009 -2.10454 0 0.538842 0 0 0 0 0 0.538842 0 0 0 0 0 0 0 0.538842 0 0 0 0 0 0 0 0 0 0 
0 0 0.244009 0 0.244009 0 -2.10454 0.538842 0 0 0 0 0 0 0.538842 0 0 0 0 0 0 0 0.538842 0 0 0 0 0 0 0 0 0 
0 0 0 0.244009 0 0.244009 0.244009 -2.34855 0 0 0 0 0 0 0 0.808263 0 0 0 0 0 0 0 0.808263 0 0 0 0 0 0 0 0 
0.244009 0 0 0 0 0 0 0 -1.32169 0.269421 0.269421 0 0.269421 0 0 0 0 0 0 0 0 0 0 0 0.269421 0 0 0 0 0 0 0 
0 0.244009 0 0 0 0 0 0 0.244009 -2.10454 0 0.538842 0 0.538842 0 0 0 0 0 0 0 0 0 0 0 0.538842 0 0 0 0 0 0 
0 0 0.244009 0 0 0 0 0 0.244009 0 -2.10454 0.538842 0 0 0.538842 0 0 0 0 0 0 0 0 0 0 0 0.538842 0 0 0 0 0 
0 0 0 0.244009 0 0 0 0 0 0.244009 0.244009 -2.34855 0 0 0 0.808263 0 0 0 0 0 0 0 0 0 0 0 0.808263 0 0 0 0 
0 0 0 0 0.244009 0 0 0 0.244009 0 0 0 -2.10454 0.538842 0.538842 0 0 0 0 0 0 0 0 0 0 0 0 0 0.538842 0 0 0 
0 0 0 0 0 0.244009 0 0 0 0.244009 0 0 0.244009 -2.34855 0 0.808263 0 0 0 0 0 0 0 0 0 0 0 0 0 0.808263 0 0 
0 0 0 0 0 0 0.244009 0 0 0 0.244009 0 0.244009 0 -2.34855 0.808263 0 0 0 0 0 0 0 0 0 0 0 0 0 0 0.808263 0 
0 0 0 0 0 0 0 0.244009 0 0 0 0.244009 0 0.244009 0.244009 -2.05372 0 0 0 0 0 0 0 0 0 0 0 0 0 0 0 1.07768 
0.244009 0 0 0 0 0 0 0 0 0 0 0 0 0 0 0 -1.32169 0.269421 0.269421 0 0.269421 0 0 0 0.269421 0 0 0 0 0 0 0 
0 0.244009 0 0 0 0 0 0 0 0 0 0 0 0 0 0 0.244009 -2.10454 0 0.538842 0 0.538842 0 0 0 0.538842 0 0 0 0 0 0 
0 0 0.244009 0 0 0 0 0 0 0 0 0 0 0 0 0 0.244009 0 -2.10454 0.538842 0 0 0.538842 0 0 0 0.538842 0 0 0 0 0 
0 0 0 0.244009 0 0 0 0 0 0 0 0 0 0 0 0 0 0.244009 0.244009 -2.34855 0 0 0 0.808263 0 0 0 0.808263 0 0 0 0 
0 0 0 0 0.244009 0 0 0 0 0 0 0 0 0 0 0 0.244009 0 0 0 -2.10454 0.538842 0.538842 0 0 0 0 0 0.538842 0 0 0 
0 0 0 0 0 0.244009 0 0 0 0 0 0 0 0 0 0 0 0.244009 0 0 0.244009 -2.34855 0 0.808263 0 0 0 0 0 0.808263 0 0 
0 0 0 0 0 0 0.244009 0 0 0 0 0 0 0 0 0 0 0 0.244009 0 0.244009 0 -2.34855 0.808263 0 0 0 0 0 0 0.808263 0 
0 0 0 0 0 0 0 0.244009 0 0 0 0 0 0 0 0 0 0 0 0.244009 0 0.244009 0.244009 -2.05372 0 0 0 0 0 0 0 1.07768 
0 0 0 0 0 0 0 0 0.244009 0 0 0 0 0 0 0 0.244009 0 0 0 0 0 0 0 -2.10454 0.538842 0.538842 0 0.538842 0 0 0 
0 0 0 0 0 0 0 0 0 0.244009 0 0 0 0 0 0 0 0.244009 0 0 0 0 0 0 0.244009 -2.34855 0 0.808263 0 0.808263 0 0 
0 0 0 0 0 0 0 0 0 0 0.244009 0 0 0 0 0 0 0 0.244009 0 0 0 0 0 0.244009 0 -2.34855 0.808263 0 0 0.808263 0 
0 0 0 0 0 0 0 0 0 0 0 0.244009 0 0 0 0 0 0 0 0.244009 0 0 0 0 0 0.244009 0.244009 -2.05372 0 0 0 1.07768 
0 0 0 0 0 0 0 0 0 0 0 0 0.244009 0 0 0 0 0 0 0 0.244009 0 0 0 0.244009 0 0 0 -2.34855 0.808263 0.808263 0 
0 0 0 0 0 0 0 0 0 0 0 0 0 0.244009 0 0 0 0 0 0 0 0.244009 0 0 0 0.244009 0 0 0.244009 -2.05372 0 1.07768 
0 0 0 0 0 0 0 0 0 0 0 0 0 0 0.244009 0 0 0 0 0 0 0 0.244009 0 0 0 0.244009 0 0.244009 0 -2.05372 1.07768 
0 0 0 0 0 0 0 0 0 0 0 0 0 0 0 0.244009 0 0 0 0 0 0 0 0.244009 0 0 0 0.244009 0 0.244009 0.244009 -1.22004 
