64
-0 0 0 0 0 0 0 0 0 0 0 0 0 0 0 0 0 0 0 0 0 0 0 0 0 0 0 0 0 0 0 0 0 0 0 0 0 0 0 0 0 0 0 0 0 0 0 0 0 0 0 0 0 0 0 0 0 0 0 0 0 0 0 0 
0.324194 -1.88658 0 0.312477 0 0.312477 0 0 0 0.312477 0 0 0 0 0 0 0 0.312477 0 0 0 0 0 0 0 0 0 0 0 0 0 0 0 0.312477 0 0 0 0 0 0 0 0 0 0 0 0 0 0 0 0 0 0 0 0 0 0 0 0 0 0 0 0 0 0 
0.324194 0 -1.88658 0.312477 0 0 0.312477 0 0 0 0.312477 0 0 0 0 0 0 0 0.312477 0 0 0 0 0 0 0 0 0 0 0 0 0 0 0 0.312477 0 0 0 0 0 0 0 0 0 0 0 0 0 0 0 0 0 0 0 0 0 0 0 0 0 0 0 0 0 
0 0.324194 0.324194 -3.1482 0 0 0 0.624954 0 0 0 0.624954 0 0 0 0 0 0 0 0.624954 0 0 0 0 0 0 0 0 0 0 0 0 0 0 0 0.624954 0 0 0 0 0 0 0 0 0 0 0 0 0 0 0 0 0 0 0 0 0 0 0 0 0 0 0 0 
0.324194 0 0 0 -1.88658 0.312477 0.312477 0 0 0 0 0 0.312477 0 0 0 0 0 0 0 0.312477 0 0 0 0 0 0 0 0 0 0 0 0 0 0 0 0.312477 0 0 0 0 0 0 0 0 0 0 0 0 0 0 0 0 0 0 0 0 0 0 0 0 0 0 0 
0 0.324194 0 0 0.324194 -3.1482 0 0.624954 0 0 0 0 0 0.624954 0 0 0 0 0 0 0 0.624954 0 0 0 0 0 0 0 0 0 0 0 0 0 0 0 0.624954 0 0 0 0 0 0 0 0 0 0 0 0 0 0 0 0 0 0 0 0 0 0 0 0 0 0 
0 0 0.324194 0 0.324194 0 -3.1482 0.624954 0 0 0 0 0 0 0.624954 0 0 0 0 0 0 0 0.624954 0 0 0 0 0 0 0 0 0 0 0 0 0 0 0 0.624954 0 0 0 0 0 0 0 0 0 0 0 0 0 0 0 0 0 0 0 0 0 0 0 0 0 
0 0 0 0.324194 0 0.324194 0.324194 -3.78487 0 0 0 0 0 0 0 0.93743 0 0 0 0 0 0 0 0.93743 0 0 0 0 0 0 0 0 0 0 0 0 0 0 0 0.93743 0 0 0 0 0 0 0 0 0 0 0 0 0 0 0 0 0 0 0 0 0 0 0 0 
0.324194 0 0 0 0 0 0 0 -1.88658 0.312477 0.312477 0 0.312477 0 0 0 0 0 0 0 0 0 0 0 0.312477 0 0 0 0 0 0 0 0 0 0 0 0 0 0 0 0.312477 0 0 0 0 0 0 0 0 0 0 0 0 0 0 0 0 0 0 0 0 0 0 0 
0 0.324194 0 0 0 0 0 0 0.324194 -3.1482 0 0.624954 0 0.624954 0 0 0 0 0 0 0 0 0 0 0 0.624954 0 0 0 0 0 0 0 0 0 0 0 0 0 0 0 0.624954 0 0 0 0 0 0 0 0 0 0 0 0 0 0 0 0 0 0 0 0 0 0 
0 0 0.324194 0 0 0 0 0 0.324194 0 -3.1482 0.624954 0 0 0.624954 0 0 0 0 0 0 0 0 0 0 0 0.624954 0 0 0 0 0 0 0 0 0 0 0 0 0 0 0 0.624954 0 0 0 0 0 0 0 0 0 0 0 0 0 0 0 0 0 0 0 0 0 
0 0 0 0.324194 0 0 0 0 0 0.324194 0.324194 -3.78487 0 0 0 0.93743 0 0 0 0 0 0 0 0 0 0 0 0.93743 0 0 0 0 0 0 0 0 0 0 0 0 0 0 0 0.93743 0 0 0 0 0 0 0 0 0 0 0 0 0 0 0 0 0 0 0 0 
0 0 0 0 0.324194 0 0 0 0.324194 0 0 0 -3.1482 0.624954 0.624954 0 0 0 0 0 0 0 0 0 0 0 0 0 0.624954 0 0 0 0 0 0 0 0 0 0 0 0 0 0 0 0.624954 0 0 0 0 0 0 0 0 0 0 0 0 0 0 0 0 0 0 0 
0 0 0 0 0 0.324194 0 0 0 0.324194 0 0 0.324194 -3.78487 0 0.93743 0 0 0 0 0 0 0 0 0 0 0 0 0 0.93743 0 0 0 0 0 0 0 0 0 0 0 0 0 0 0 0.93743 0 0 0 0 0 0 0 0 0 0 0 0 0 0 0 0 0 0 
0 0 0 0 0 0 0.324194 0 0 0 0.324194 0 0.324194 0 -3.78487 0.93743 0 0 0 0 0 0 0 0 0 0 0 0 0 0 0.93743 0 0 0 0 0 0 0 0 0 0 0 0 0 0 0 0.93743 0 0 0 0 0 0 0 0 0 0 0 0 0 0 0 0 0 
0 0 0 0 0 0 0 0.324194 0 0 0 0.324194 0 0.324194 0.324194 -3.79659 0 0 0 0 0 0 0 0 0 0 0 0 0 0 0 1.24991 0 0 0 0 0 0 0 0 0 0 0 0 0 0 0 1.24991 0 0 0 0 0 0 0 0 0 0 0 0 0 0 0 0 
0.324194 0 0 0 0 0 0 0 0 0 0 0 0 0 0 0 -1.88658 0.312477 0.312477 0 0.312477 0 0 0 0.312477 0 0 0 0 0 0 0 0 0 0 0 0 0 0 0 0 0 0 0 0 0 0 0 0.312477 0 0 0 0 0 0 0 0 0 0 0 0 0 0 0 
0 0.324194 0 0 0 0 0 0 0 0 0 0 0 0 0 0 0.324194 -3.1482 0 0.624954 0 0.624954 0 0 0 0.624954 0 0 0 0 0 0 0 0 0 0 0 0 0 0 0 0 0 0 0 0 0 0 0 0.624954 0 0 0 0 0 0 0 0 0 0 0 0 0 0 
0 0 0.324194 0 0 0 0 0 0 0 0 0 0 0 0 0 0.324194 0 -3.1482 0.624954 0 0 0.624954 0 0 0 0.624954 0 0 0 0 0 0 0 0 0 0 0 0 0 0 0 0 0 0 0 0 0 0 0 0.624954 0 0 0 0 0 0 0 0 0 0 0 0 0 
0 0 0 0.324194 0 0 0 0 0 0 0 0 0 0 0 0 0 0.324194 0.324194 -3.78487 0 0 0 0.93743 0 0 0 0.93743 0 0 0 0 0 0 0 0 0 0 0 0 0 0 0 0 0 0 0 0 0 0 0 0.93743 0 0 0 0 0 0 0 0 0 0 0 0 
0 0 0 0 0.324194 0 0 0 0 0 0 0 0 0 0 0 0.324194 0 0 0 -3.1482 0.624954 0.624954 0 0 0 0 0 0.624954 0 0 0 0 0 0 0 0 0 0 0 0 0 0 0 0 0 0 0 0 0 0 0 0.624954 0 0 0 0 0 0 0 0 0 0 0 
0 0 0 0 0 0.324194 0 0 0 0 0 0 0 0 0 0 0 0.324194 0 0 0.324194 -3.78487 0 0.93743 0 0 0 0 0 0.93743 0 0 0 0 0 0 0 0 0 0 0 0 0 0 0 0 0 0 0 0 0 0 0 0.93743 0 0 0 0 0 0 0 0 0 0 
0 0 0 0 0 0 0.324194 0 0 0 0 0 0 0 0 0 0 0 0.324194 0 0.324194 0 -3.78487 0.93743 0 0 0 0 0 0 0.93743 0 0 0 0 0 0 0 0 0 0 0 0 0 0 0 0 0 0 0 0 0 0 0 0.93743 0 0 0 0 0 0 0 0 0 
0 0 0 0 0 0 0 0.324194 0 0 0 0 0 0 0 0 0 0 0 0.324194 0 0.324194 0.324194 -3.79659 0 0 0 0 0 0 0 1.24991 0 0 0 0 0 0 0 0 0 0 0 0 0 0 0 0 0 0 0 0 0 0 0 1.24991 0 0 0 0 0 0 0 0 
0 0 0 0 0 0 0 0 0.324194 0 0 0 0 0 0 0 0.324194 0 0 0 0 0 0 0 -3.1482 0.624954 0.624954 0 0.624954 0 0 0 0 0 0 0 0 0 0 0 0 0 0 0 0 0 0 0 0 0 0 0 0 0 0 0 0.624954 0 0 0 0 0 0 0 
0 0 0 0 0 0 0 0 0 0.324194 0 0 0 0 0 0 0 0.324194 0 0 0 0 0 0 0.324194 -3.78487 0 0.93743 0 0.93743 0 0 0 0 0 0 0 0 0 0 0 0 0 0 0 0 0 0 0 0 0 0 0 0 0 0 0 0.93743 0 0 0 0 0 0 
0 0 0 0 0 0 0 0 0 0 0.324194 0 0 0 0 0 0 0 0.324194 0 0 0 0 0 0.324194 0 -3.78487 0.93743 0 0 0.93743 0 0 0 0 0 0 0 0 0 0 0 0 0 0 0 0 0 0 0 0 0 0 0 0 0 0 0 0.93743 0 0 0 0 0 
0 0 0 0 0 0 0 0 0 0 0 0.324194 0 0 0 0 0 0 0 0.324194 0 0 0 0 0 0.324194 0.324194 -3.79659 0 0 0 1.24991 0 0 0 0 0 0 0 0 0 0 0 0 0 0 0 0 0 0 0 0 0 0 0 0 0 0 0 1.24991 0 0 0 0 
0 0 0 0 0 0 0 0 0 0 0 0 0.324194 0 0 0 0 0 0 0 0.324194 0 0 0 0.324194 0 0 0 -3.78487 0.93743 0.93743 0 0 0 0 0 0 0 0 0 0 0 0 0 0 0 0 0 0 0 0 0 0 0 0 0 0 0 0 0 0.93743 0 0 0 
0 0 0 0 0 0 0 0 0 0 0 0 0 0.324194 0 0 0 0 0 0 0 0.324194 0 0 0 0.324194 0 0 0.324194 -3.79659 0 1.24991 0 0 0 0 0 0 0 0 0 0 0 0 0 0 0 0 0 0 0 0 0 0 0 0 0 0 0 0 0 1.24991 0 0 
0 0 0 0 0 0 0 0 0 0 0 0 0 0 0.324194 0 0 0 0 0 0 0 0.324194 0 0 0 0.324194 0 0.324194 0 -3.79659 1.24991 0 0 0 0 0 0 0 0 0 0 0 0 0 0 0 0 0 0 0 0 0 0 0 0 0 0 0 0 0 0 1.24991 0 
0 0 0 0 0 0 0 0 0 0 0 0 0 0 0 0.324194 0 0 0 0 0 0 0 0.324194 0 0 0 0.324194 0 0.324194 0.324194 -3.18335 0 0 0 0 0 0 0 0 0 0 0 0 0 0 0 0 0 0 0 0 0 0 0 0 0 0 0 0 0 0 0 1.56238 
0.324194 0 0 0 0 0 0 0 0 0 0 0 0 0 0 0 0 0 0 0 0 0 0 0 0 0 0 0 0 0 0 0 -1.88658 0.312477 0.312477 0 0.312477 0 0 0 0.312477 0 0 0 0 0 0 0 0.312477 0 0 0 0 0 0 0 0 0 0 0 0 0 0 0 
0 0.324194 0 0 0 0 0 0 0 0 0 0 0 0 0 0 0 0 0 0 0 0 0 0 0 0 0 0 0 0 0 0 0.324194 -3.1482 0 0.624954 0 0.624954 0 0 0 0.624954 0 0 0 0 0 0 0 0.624954 0 0 0 0 0 0 0 0 0 0 0 0 0 0 
0 0 0.324194 0 0 0 0 0 0 0 0 0 0 0 0 0 0 0 0 0 0 0 0 0 0 0 0 0 0 0 0 0 0.324194 0 -3.1482 0.624954 0 0 0.624954 0 0 0 0.624954 0 0 0 0 0 0 0 0.624954 0 0 0 0 0 0 0 0 0 0 0 0 0 
0 0 0 0.324194 0 0 0 0 0 0 0 0 0 0 0 0 0 0 0 0 0 0 0 0 0 0 0 0 0 0 0 0 0 0.324194 0.324194 -3.78487 0 0 0 0.93743 0 0 0 0.93743 0 0 0 0 0 0 0 0.93743 0 0 0 0 0 0 0 0 0 0 0 0 
0 0 0 0 0.324194 0 0 0 0 0 0 0 0 0 0 0 0 0 0 0 0 0 0 0 0 0 0 0 0 0 0 0 0.324194 0 0 0 -3.1482 0.624954 0.624954 0 0 0 0 0 0.624954 0 0 0 0 0 0 0 0.624954 0 0 0 0 0 0 0 0 0 0 0 
0 0 0 0 0 0.324194 0 0 0 0 0 0 0 0 0 0 0 0 0 0 0 0 0 0 0 0 0 0 0 0 0 0 0 0.324194 0 0 0.324194 -3.78487 0 0.93743 0 0 0 0 0 0.93743 0 0 0 0 0 0 0 0.93743 0 0 0 0 0 0 0 0 0 0 
0 0 0 0 0 0 0.324194 0 0 0 0 0 0 0 0 0 0 0 0 0 0 0 0 0 0 0 0 0 0 0 0 0 0 0 0.324194 0 0.324194 0 -3.78487 0.93743 0 0 0 0 0 0 0.93743 0 0 0 0 0 0 0 0.93743 0 0 0 0 0 0 0 0 0 
0 0 0 0 0 0 0 0.324194 0 0 0 0 0 0 0 0 0 0 0 0 0 0 0 0 0 0 0 0 0 0 0 0 0 0 0 0.324194 0 0.324194 0.324194 -3.79659 0 0 0 0 0 0 0 1.24991 0 0 0 0 0 0 0 1.24991 0 0 0 0 0 0 0 0 
0 0 0 0 0 0 0 0 0.324194 0 0 0 0 0 0 0 0 0 0 0 0 0 0 0 0 0 0 0 0 0 0 0 0.324194 0 0 0 0 0 0 0 -3.1482 0.624954 0.624954 0 0.624954 0 0 0 0 0 0 0 0 0 0 0 0.624954 0 0 0 0 0 0 0 
0 0 0 0 0 0 0 0 0 0.324194 0 0 0 0 0 0 0 0 0 0 0 0 0 0 0 0 0 0 0 0 0 0 0 0.324194 0 0 0 0 0 0 0.324194 -3.78487 0 0.93743 0 0.93743 0 0 0 0 0 0 0 0 0 0 0 0.93743 0 0 0 0 0 0 
0 0 0 0 0 0 0 0 0 0 0.324194 0 0 0 0 0 0 0 0 0 0 0 0 0 0 0 0 0 0 0 0 0 0 0 0.324194 0 0 0 0 0 0.324194 0 -3.78487 0.93743 0 0 0.93743 0 0 0 0 0 0 0 0 0 0 0 0.93743 0 0 0 0 0 
0 0 0 0 0 0 0 0 0 0 0 0.324194 0 0 0 0 0 0 0 0 0 0 0 0 0 0 0 0 0 0 0 0 0 0 0 0.324194 0 0 0 0 0 0.324194 0.324194 -3.79659 0 0 0 1.24991 0 0 0 0 0 0 0 0 0 0 0 1.24991 0 0 0 0 
0 0 0 0 0 0 0 0 0 0 0 0 0.324194 0 0 0 0 0 0 0 0 0 0 0 0 0 0 0 0 0 0 0 0 0 0 0 0.324194 0 0 0 0.324194 0 0 0 -3.78487 0.93743 0.93743 0 0 0 0 0 0 0 0 0 0 0 0 0 0.93743 0 0 0 
0 0 0 0 0 0 0 0 0 0 0 0 0 0.324194 0 0 0 0 0 0 0 0 0 0 0 0 0 0 0 0 0 0 0 0 0 0 0 0.324194 0 0 0 0.324194 0 0 0.324194 -3.79659 0 1.24991 0 0 0 0 0 0 0 0 0 0 0 0 0 1.24991 0 0 
0 0 0 0 0 0 0 0 0 0 0 0 0 0 0.324194 0 0 0 0 0 0 0 0 0 0 0 0 0 0 0 0 0 0 0 0 0 0 0 0.324194 0 0 0 0.324194 0 0.324194 0 -3.79659 1.24991 0 0 0 0 0 0 0 0 0 0 0 0 0 0 1.24991 0 
0 0 0 0 0 0 0 0 0 0 0 0 0 0 0 0.324194 0 0 0 0 0 0 0 0 0 0 0 0 0 0 0 0 0 0 0 0 0 0 0 0.324194 0 0 0 0.324194 0 0.324194 0.324194 -3.18335 0 0 0 0 0 0 0 0 0 0 0 0 0 0 0 1.56238 
0 0 0 0 0 0 0 0 0 0 0 0 0 0 0 0 0.324194 0 0 0 0 0 0 0 0 0 0 0 0 0 0 0 0.324194 0 0 0 0 0 0 0 0 0 0 0 0 0 0 0 -3.1482 0.624954 0.624954 0 0.624954 0 0 0 0.624954 0 0 0 0 0 0 0 
0 0 0 0 0 0 0 0 0 0 0 0 0 0 0 0 0 0.324194 0 0 0 0 0 0 0 0 0 0 0 0 0 0 0 0.324194 0 0 0 0 0 0 0 0 0 0 0 0 0 0 0.324194 -3.78487 0 0.93743 0 0.93743 0 0 0 0.93743 0 0 0 0 0 0 
0 0 0 0 0 0 0 0 0 0 0 0 0 0 0 0 0 0 0.324194 0 0 0 0 0 0 0 0 0 0 0 0 0 0 0 0.324194 0 0 0 0 0 0 0 0 0 0 0 0 0 0.324194 0 -3.78487 0.93743 0 0 0.93743 0 0 0 0.93743 0 0 0 0 0 
0 0 0 0 0 0 0 0 0 0 0 0 0 0 0 0 0 0 0 0.324194 0 0 0 0 0 0 0 0 0 0 0 0 0 0 0 0.324194 0 0 0 0 0 0 0 0 0 0 0 0 0 0.324194 0.324194 -3.79659 0 0 0 1.24991 0 0 0 1.24991 0 0 0 0 
0 0 0 0 0 0 0 0 0 0 0 0 0 0 0 0 0 0 0 0 0.324194 0 0 0 0 0 0 0 0 0 0 0 0 0 0 0 0.324194 0 0 0 0 0 0 0 0 0 0 0 0.324194 0 0 0 -3.78487 0.93743 0.93743 0 0 0 0 0 0.93743 0 0 0 
0 0 0 0 0 0 0 0 0 0 0 0 0 0 0 0 0 0 0 0 0 0.324194 0 0 0 0 0 0 0 0 0 0 0 0 0 0 0 0.324194 0 0 0 0 0 0 0 0 0 0 0 0.324194 0 0 0.324194 -3.79659 0 1.24991 0 0 0 0 0 1.24991 0 0 
0 0 0 0 0 0 0 0 0 0 0 0 0 0 0 0 0 0 0 0 0 0 0.324194 0 0 0 0 0 0 0 0 0 0 0 0 0 0 0 0.324194 0 0 0 0 0 0 0 0 0 0 0 0.324194 0 0.324194 0 -3.79659 1.24991 0 0 0 0 0 0 1.24991 0 
0 0 0 0 0 0 0 0 0 0 0 0 0 0 0 0 0 0 0 0 0 0 0 0.324194 0 0 0 0 0 0 0 0 0 0 0 0 0 0 0 0.324194 0 0 0 0 0 0 0 0 0 0 0 0.324194 0 0.324194 0.324194 -3.18335 0 0 0 0 0 0 0 1.56238 
0 0 0 0 0 0 0 0 0 0 0 0 0 0 0 0 0 0 0 0 0 0 0 0 0.324194 0 0 0 0 0 0 0 0 0 0 0 0 0 0 0 0.324194 0 0 0 0 0 0 0 0.324194 0 0 0 0 0 0 0 -3.78487 0.93743 0.93743 0 0.93743 0 0 0 
0 0 0 0 0 0 0 0 0 0 0 0 0 0 0 0 0 0 0 0 0 0 0 0 0 0.324194 0 0 0 0 0 0 0 0 0 0 0 0 0 0 0 0.324194 0 0 0 0 0 0 0 0.324194 0 0 0 0 0 0 0.324194 -3.79659 0 1.24991 0 1.24991 0 0 
0 0 0 0 0 0 0 0 0 0 0 0 0 0 0 0 0 0 0 0 0 0 0 0 0 0 0.324194 0 0 0 0 0 0 0 0 0 0 0 0 0 0 0 0.324194 0 0 0 0 0 0 0 0.324194 0 0 0 0 0 0.324194 0 -3.79659 1.24991 0 0 1.24991 0 
0 0 0 0 0 0 0 0 0 0 0 0 0 0 0 0 0 0 0 0 0 0 0 0 0 0 0 0.324194 0 0 0 0 0 0 0 0 0 0 0 0 0 0 0 0.324194 0 0 0 0 0 0 0 0.324194 0 0 0 0 0 0.324194 0.324194 -3.18335 0 0 0 1.56238 
0 0 0 0 0 0 0 0 0 0 0 0 0 0 0 0 0 0 0 0 0 0 0 0 0 0 0 0 0.324194 0 0 0 0 0 0 0 0 0 0 0 0 0 0 0 0.324194 0 0 0 0 0 0 0 0.324194 0 0 0 0.324194 0 0 0 -3.79659 1.24991 1.24991 0 
0 0 0 0 0 0 0 0 0 0 0 0 0 0 0 0 0 0 0 0 0 0 0 0 0 0 0 0 0 0.324194 0 0 0 0 0 0 0 0 0 0 0 0 0 0 0 0.324194 0 0 0 0 0 0 0 0.324194 0 0 0 0.324194 0 0 0.324194 -3.18335 0 1.56238 
0 0 0 0 0 0 0 0 0 0 0 0 0 0 0 0 0 0 0 0 0 0 0 0 0 0 0 0 0 0 0.324194 0 0 0 0 0 0 0 0 0 0 0 0 0 0 0 0.324194 0 0 0 0 0 0 0 0.324194 0 0 0 0.324194 0 0.324194 0 -3.18335 1.56238 
0 0 0 0 0 0 0 0 0 0 0 0 0 0 0 0 0 0 0 0 0 0 0 0 0 0 0 0 0 0 0 0.324194 0 0 0 0 0 0 0 0 0 0 0 0 0 0 0 0.324194 0 0 0 0 0 0 0 0.324194 0 0 0 0.324194 0 0.324194 0.324194 -1.94516 
