32
-0 0 0 0 0 0 0 0 0 0 0 0 0 0 0 0 0 0 0 0 0 0 0 0 0 0 0 0 0 0 0 0 
0.397584 -2.31041 0 0.478207 0 0.478207 0 0 0 0.478207 0 0 0 0 0 0 0 0.478207 0 0 0 0 0 0 0 0 0 0 0 0 0 0 
0.397584 0 -2.31041 0.478207 0 0 0.478207 0 0 0 0.478207 0 0 0 0 0 0 0 0.478207 0 0 0 0 0 0 0 0 0 0 0 0 0 
0 0.397584 0.397584 -3.66441 0 0 0 0.956415 0 0 0 0.956415 0 0 0 0 0 0 0 0.956415 0 0 0 0 0 0 0 0 0 0 0 0 
0.397584 0 0 0 -2.31041 0.478207 0.478207 0 0 0 0 0 0.478207 0 0 0 0 0 0 0 0.478207 0 0 0 0 0 0 0 0 0 0 0 
0 0.397584 0 0 0.397584 -3.66441 0 0.956415 0 0 0 0 0 0.956415 0 0 0 0 0 0 0 0.956415 0 0 0 0 0 0 0 0 0 0 
0 0 0.397584 0 0.397584 0 -3.66441 0.956415 0 0 0 0 0 0 0.956415 0 0 0 0 0 0 0 0.956415 0 0 0 0 0 0 0 0 0 
0 0 0 0.397584 0 0.397584 0.397584 -4.062 0 0 0 0 0 0 0 1.43462 0 0 0 0 0 0 0 1.43462 0 0 0 0 0 0 0 0 
0.397584 0 0 0 0 0 0 0 -2.31041 0.478207 0.478207 0 0.478207 0 0 0 0 0 0 0 0 0 0 0 0.478207 0 0 0 0 0 0 0 
0 0.397584 0 0 0 0 0 0 0.397584 -3.66441 0 0.956415 0 0.956415 0 0 0 0 0 0 0 0 0 0 0 0.956415 0 0 0 0 0 0 
0 0 0.397584 0 0 0 0 0 0.397584 0 -3.66441 0.956415 0 0 0.956415 0 0 0 0 0 0 0 0 0 0 0 0.956415 0 0 0 0 0 
0 0 0 0.397584 0 0 0 0 0 0.397584 0.397584 -4.062 0 0 0 1.43462 0 0 0 0 0 0 0 0 0 0 0 1.43462 0 0 0 0 
0 0 0 0 0.397584 0 0 0 0.397584 0 0 0 -3.66441 0.956415 0.956415 0 0 0 0 0 0 0 0 0 0 0 0 0 0.956415 0 0 0 
0 0 0 0 0 0.397584 0 0 0 0.397584 0 0 0.397584 -4.062 0 1.43462 0 0 0 0 0 0 0 0 0 0 0 0 0 1.43462 0 0 
0 0 0 0 0 0 0.397584 0 0 0 0.397584 0 0.397584 0 -4.062 1.43462 0 0 0 0 0 0 0 0 0 0 0 0 0 0 1.43462 0 
0 0 0 0 0 0 0 0.397584 0 0 0 0.397584 0 0.397584 0.397584 -3.50317 0 0 0 0 0 0 0 0 0 0 0 0 0 0 0 1.91283 
0.397584 0 0 0 0 0 0 0 0 0 0 0 0 0 0 0 -2.31041 0.478207 0.478207 0 0.478207 0 0 0 0.478207 0 0 0 0 0 0 0 
0 0.397584 0 0 0 0 0 0 0 0 0 0 0 0 0 0 0.397584 -3.66441 0 0.956415 0 0.956415 0 0 0 0.956415 0 0 0 0 0 0 
0 0 0.397584 0 0 0 0 0 0 0 0 0 0 0 0 0 0.397584 0 -3.66441 0.956415 0 0 0.956415 0 0 0 0.956415 0 0 0 0 0 
0 0 0 0.397584 0 0 0 0 0 0 0 0 0 0 0 0 0 0.397584 0.397584 -4.062 0 0 0 1.43462 0 0 0 1.43462 0 0 0 0 
0 0 0 0 0.397584 0 0 0 0 0 0 0 0 0 0 0 0.397584 0 0 0 -3.66441 0.956415 0.956415 0 0 0 0 0 0.956415 0 0 0 
0 0 0 0 0 0.397584 0 0 0 0 0 0 0 0 0 0 0 0.397584 0 0 0.397584 -4.062 0 1.43462 0 0 0 0 0 1.43462 0 0 
0 0 0 0 0 0 0.397584 0 0 0 0 0 0 0 0 0 0 0 0.397584 0 0.397584 0 -4.062 1.43462 0 0 0 0 0 0 1.43462 0 
0 0 0 0 0 0 0 0.397584 0 0 0 0 0 0 0 0 0 0 0 0.397584 0 0.397584 0.397584 -3.50317 0 0 0 0 0 0 0 1.91283 
0 0 0 0 0 0 0 0 0.397584 0 0 0 0 0 0 0 0.397584 0 0 0 0 0 0 0 -3.66441 0.956415 0.956415 0 0.956415 0 0 0 
0 0 0 0 0 0 0 0 0 0.397584 0 0 0 0 0 0 0 0.397584 0 0 0 0 0 0 0.397584 -4.062 0 1.43462 0 1.43462 0 0 
0 0 0 0 0 0 0 0 0 0 0.397584 0 0 0 0 0 0 0 0.397584 0 0 0 0 0 0.397584 0 -4.062 1.43462 0 0 1.43462 0 
0 0 0 0 0 0 0 0 0 0 0 0.397584 0 0 0 0 0 0 0 0.397584 0 0 0 0 0 0.397584 0.397584 -3.50317 0 0 0 1.91283 
0 0 0 0 0 0 0 0 0 0 0 0 0.397584 0 0 0 0 0 0 0 0.397584 0 0 0 0.397584 0 0 0 -4.062 1.43462 1.43462 0 
0 0 0 0 0 0 0 0 0 0 0 0 0 0.397584 0 0 0 0 0 0 0 0.397584 0 0 0 0.397584 0 0 0.397584 -3.50317 0 1.91283 
0 0 0 0 0 0 0 0 0 0 0 0 0 0 0.397584 0 0 0 0 0 0 0 0.397584 0 0 0 0.397584 0 0.397584 0 -3.50317 1.91283 
0 0 0 0 0 0 0 0 0 0 0 0 0 0 0 0.397584 0 0 0 0 0 0 0 0.397584 0 0 0 0.397584 0 0.397584 0.397584 -1.98792 
