32
-0 0 0 0 0 0 0 0 0 0 0 0 0 0 0 0 0 0 0 0 0 0 0 0 0 0 0 0 0 0 0 0 
0.196057 -1.10458 0 0.22713 0 0.22713 0 0 0 0.22713 0 0 0 0 0 0 0 0.22713 0 0 0 0 0 0 0 0 0 0 0 0 0 0 
0.196057 0 -1.10458 0.22713 0 0 0.22713 0 0 0 0.22713 0 0 0 0 0 0 0 0.22713 0 0 0 0 0 0 0 0 0 0 0 0 0 
0 0.196057 0.196057 -1.75489 0 0 0 0.45426 0 0 0 0.45426 0 0 0 0 0 0 0 0.45426 0 0 0 0 0 0 0 0 0 0 0 0 
0.196057 0 0 0 -1.10458 0.22713 0.22713 0 0 0 0 0 0.22713 0 0 0 0 0 0 0 0.22713 0 0 0 0 0 0 0 0 0 0 0 
0 0.196057 0 0 0.196057 -1.75489 0 0.45426 0 0 0 0 0 0.45426 0 0 0 0 0 0 0 0.45426 0 0 0 0 0 0 0 0 0 0 
0 0 0.196057 0 0.196057 0 -1.75489 0.45426 0 0 0 0 0 0 0.45426 0 0 0 0 0 0 0 0.45426 0 0 0 0 0 0 0 0 0 
0 0 0 0.196057 0 0.196057 0.196057 -1.95095 0 0 0 0 0 0 0 0.681389 0 0 0 0 0 0 0 0.681389 0 0 0 0 0 0 0 0 
0.196057 0 0 0 0 0 0 0 -1.10458 0.22713 0.22713 0 0.22713 0 0 0 0 0 0 0 0 0 0 0 0.22713 0 0 0 0 0 0 0 
0 0.196057 0 0 0 0 0 0 0.196057 -1.75489 0 0.45426 0 0.45426 0 0 0 0 0 0 0 0 0 0 0 0.45426 0 0 0 0 0 0 
0 0 0.196057 0 0 0 0 0 0.196057 0 -1.75489 0.45426 0 0 0.45426 0 0 0 0 0 0 0 0 0 0 0 0.45426 0 0 0 0 0 
0 0 0 0.196057 0 0 0 0 0 0.196057 0.196057 -1.95095 0 0 0 0.681389 0 0 0 0 0 0 0 0 0 0 0 0.681389 0 0 0 0 
0 0 0 0 0.196057 0 0 0 0.196057 0 0 0 -1.75489 0.45426 0.45426 0 0 0 0 0 0 0 0 0 0 0 0 0 0.45426 0 0 0 
0 0 0 0 0 0.196057 0 0 0 0.196057 0 0 0.196057 -1.95095 0 0.681389 0 0 0 0 0 0 0 0 0 0 0 0 0 0.681389 0 0 
0 0 0 0 0 0 0.196057 0 0 0 0.196057 0 0.196057 0 -1.95095 0.681389 0 0 0 0 0 0 0 0 0 0 0 0 0 0 0.681389 0 
0 0 0 0 0 0 0 0.196057 0 0 0 0.196057 0 0.196057 0.196057 -1.69275 0 0 0 0 0 0 0 0 0 0 0 0 0 0 0 0.908519 
0.196057 0 0 0 0 0 0 0 0 0 0 0 0 0 0 0 -1.10458 0.22713 0.22713 0 0.22713 0 0 0 0.22713 0 0 0 0 0 0 0 
0 0.196057 0 0 0 0 0 0 0 0 0 0 0 0 0 0 0.196057 -1.75489 0 0.45426 0 0.45426 0 0 0 0.45426 0 0 0 0 0 0 
0 0 0.196057 0 0 0 0 0 0 0 0 0 0 0 0 0 0.196057 0 -1.75489 0.45426 0 0 0.45426 0 0 0 0.45426 0 0 0 0 0 
0 0 0 0.196057 0 0 0 0 0 0 0 0 0 0 0 0 0 0.196057 0.196057 -1.95095 0 0 0 0.681389 0 0 0 0.681389 0 0 0 0 
0 0 0 0 0.196057 0 0 0 0 0 0 0 0 0 0 0 0.196057 0 0 0 -1.75489 0.45426 0.45426 0 0 0 0 0 0.45426 0 0 0 
0 0 0 0 0 0.196057 0 0 0 0 0 0 0 0 0 0 0 0.196057 0 0 0.196057 -1.95095 0 0.681389 0 0 0 0 0 0.681389 0 0 
0 0 0 0 0 0 0.196057 0 0 0 0 0 0 0 0 0 0 0 0.196057 0 0.196057 0 -1.95095 0.681389 0 0 0 0 0 0 0.681389 0 
0 0 0 0 0 0 0 0.196057 0 0 0 0 0 0 0 0 0 0 0 0.196057 0 0.196057 0.196057 -1.69275 0 0 0 0 0 0 0 0.908519 
0 0 0 0 0 0 0 0 0.196057 0 0 0 0 0 0 0 0.196057 0 0 0 0 0 0 0 -1.75489 0.45426 0.45426 0 0.45426 0 0 0 
0 0 0 0 0 0 0 0 0 0.196057 0 0 0 0 0 0 0 0.196057 0 0 0 0 0 0 0.196057 -1.95095 0 0.681389 0 0.681389 0 0 
0 0 0 0 0 0 0 0 0 0 0.196057 0 0 0 0 0 0 0 0.196057 0 0 0 0 0 0.196057 0 -1.95095 0.681389 0 0 0.681389 0 
0 0 0 0 0 0 0 0 0 0 0 0.196057 0 0 0 0 0 0 0 0.196057 0 0 0 0 0 0.196057 0.196057 -1.69275 0 0 0 0.908519 
0 0 0 0 0 0 0 0 0 0 0 0 0.196057 0 0 0 0 0 0 0 0.196057 0 0 0 0.196057 0 0 0 -1.95095 0.681389 0.681389 0 
0 0 0 0 0 0 0 0 0 0 0 0 0 0.196057 0 0 0 0 0 0 0 0.196057 0 0 0 0.196057 0 0 0.196057 -1.69275 0 0.908519 
0 0 0 0 0 0 0 0 0 0 0 0 0 0 0.196057 0 0 0 0 0 0 0 0.196057 0 0 0 0.196057 0 0.196057 0 -1.69275 0.908519 
0 0 0 0 0 0 0 0 0 0 0 0 0 0 0 0.196057 0 0 0 0 0 0 0 0.196057 0 0 0 0.196057 0 0.196057 0.196057 -0.980285 
