64
-0 0 0 0 0 0 0 0 0 0 0 0 0 0 0 0 0 0 0 0 0 0 0 0 0 0 0 0 0 0 0 0 0 0 0 0 0 0 0 0 0 0 0 0 0 0 0 0 0 0 0 0 0 0 0 0 0 0 0 0 0 0 0 0 
0.813125 -4.08874 0 0.655124 0 0.655124 0 0 0 0.655124 0 0 0 0 0 0 0 0.655124 0 0 0 0 0 0 0 0 0 0 0 0 0 0 0 0.655124 0 0 0 0 0 0 0 0 0 0 0 0 0 0 0 0 0 0 0 0 0 0 0 0 0 0 0 0 0 0 
0.813125 0 -4.08874 0.655124 0 0 0.655124 0 0 0 0.655124 0 0 0 0 0 0 0 0.655124 0 0 0 0 0 0 0 0 0 0 0 0 0 0 0 0.655124 0 0 0 0 0 0 0 0 0 0 0 0 0 0 0 0 0 0 0 0 0 0 0 0 0 0 0 0 0 
0 0.813125 0.813125 -6.86724 0 0 0 1.31025 0 0 0 1.31025 0 0 0 0 0 0 0 1.31025 0 0 0 0 0 0 0 0 0 0 0 0 0 0 0 1.31025 0 0 0 0 0 0 0 0 0 0 0 0 0 0 0 0 0 0 0 0 0 0 0 0 0 0 0 0 
0.813125 0 0 0 -4.08874 0.655124 0.655124 0 0 0 0 0 0.655124 0 0 0 0 0 0 0 0.655124 0 0 0 0 0 0 0 0 0 0 0 0 0 0 0 0.655124 0 0 0 0 0 0 0 0 0 0 0 0 0 0 0 0 0 0 0 0 0 0 0 0 0 0 0 
0 0.813125 0 0 0.813125 -6.86724 0 1.31025 0 0 0 0 0 1.31025 0 0 0 0 0 0 0 1.31025 0 0 0 0 0 0 0 0 0 0 0 0 0 0 0 1.31025 0 0 0 0 0 0 0 0 0 0 0 0 0 0 0 0 0 0 0 0 0 0 0 0 0 0 
0 0 0.813125 0 0.813125 0 -6.86724 1.31025 0 0 0 0 0 0 1.31025 0 0 0 0 0 0 0 1.31025 0 0 0 0 0 0 0 0 0 0 0 0 0 0 0 1.31025 0 0 0 0 0 0 0 0 0 0 0 0 0 0 0 0 0 0 0 0 0 0 0 0 0 
0 0 0 0.813125 0 0.813125 0.813125 -8.33549 0 0 0 0 0 0 0 1.96537 0 0 0 0 0 0 0 1.96537 0 0 0 0 0 0 0 0 0 0 0 0 0 0 0 1.96537 0 0 0 0 0 0 0 0 0 0 0 0 0 0 0 0 0 0 0 0 0 0 0 0 
0.813125 0 0 0 0 0 0 0 -4.08874 0.655124 0.655124 0 0.655124 0 0 0 0 0 0 0 0 0 0 0 0.655124 0 0 0 0 0 0 0 0 0 0 0 0 0 0 0 0.655124 0 0 0 0 0 0 0 0 0 0 0 0 0 0 0 0 0 0 0 0 0 0 0 
0 0.813125 0 0 0 0 0 0 0.813125 -6.86724 0 1.31025 0 1.31025 0 0 0 0 0 0 0 0 0 0 0 1.31025 0 0 0 0 0 0 0 0 0 0 0 0 0 0 0 1.31025 0 0 0 0 0 0 0 0 0 0 0 0 0 0 0 0 0 0 0 0 0 0 
0 0 0.813125 0 0 0 0 0 0.813125 0 -6.86724 1.31025 0 0 1.31025 0 0 0 0 0 0 0 0 0 0 0 1.31025 0 0 0 0 0 0 0 0 0 0 0 0 0 0 0 1.31025 0 0 0 0 0 0 0 0 0 0 0 0 0 0 0 0 0 0 0 0 0 
0 0 0 0.813125 0 0 0 0 0 0.813125 0.813125 -8.33549 0 0 0 1.96537 0 0 0 0 0 0 0 0 0 0 0 1.96537 0 0 0 0 0 0 0 0 0 0 0 0 0 0 0 1.96537 0 0 0 0 0 0 0 0 0 0 0 0 0 0 0 0 0 0 0 0 
0 0 0 0 0.813125 0 0 0 0.813125 0 0 0 -6.86724 1.31025 1.31025 0 0 0 0 0 0 0 0 0 0 0 0 0 1.31025 0 0 0 0 0 0 0 0 0 0 0 0 0 0 0 1.31025 0 0 0 0 0 0 0 0 0 0 0 0 0 0 0 0 0 0 0 
0 0 0 0 0 0.813125 0 0 0 0.813125 0 0 0.813125 -8.33549 0 1.96537 0 0 0 0 0 0 0 0 0 0 0 0 0 1.96537 0 0 0 0 0 0 0 0 0 0 0 0 0 0 0 1.96537 0 0 0 0 0 0 0 0 0 0 0 0 0 0 0 0 0 0 
0 0 0 0 0 0 0.813125 0 0 0 0.813125 0 0.813125 0 -8.33549 1.96537 0 0 0 0 0 0 0 0 0 0 0 0 0 0 1.96537 0 0 0 0 0 0 0 0 0 0 0 0 0 0 0 1.96537 0 0 0 0 0 0 0 0 0 0 0 0 0 0 0 0 0 
0 0 0 0 0 0 0 0.813125 0 0 0 0.813125 0 0.813125 0.813125 -8.49349 0 0 0 0 0 0 0 0 0 0 0 0 0 0 0 2.62049 0 0 0 0 0 0 0 0 0 0 0 0 0 0 0 2.62049 0 0 0 0 0 0 0 0 0 0 0 0 0 0 0 0 
0.813125 0 0 0 0 0 0 0 0 0 0 0 0 0 0 0 -4.08874 0.655124 0.655124 0 0.655124 0 0 0 0.655124 0 0 0 0 0 0 0 0 0 0 0 0 0 0 0 0 0 0 0 0 0 0 0 0.655124 0 0 0 0 0 0 0 0 0 0 0 0 0 0 0 
0 0.813125 0 0 0 0 0 0 0 0 0 0 0 0 0 0 0.813125 -6.86724 0 1.31025 0 1.31025 0 0 0 1.31025 0 0 0 0 0 0 0 0 0 0 0 0 0 0 0 0 0 0 0 0 0 0 0 1.31025 0 0 0 0 0 0 0 0 0 0 0 0 0 0 
0 0 0.813125 0 0 0 0 0 0 0 0 0 0 0 0 0 0.813125 0 -6.86724 1.31025 0 0 1.31025 0 0 0 1.31025 0 0 0 0 0 0 0 0 0 0 0 0 0 0 0 0 0 0 0 0 0 0 0 1.31025 0 0 0 0 0 0 0 0 0 0 0 0 0 
0 0 0 0.813125 0 0 0 0 0 0 0 0 0 0 0 0 0 0.813125 0.813125 -8.33549 0 0 0 1.96537 0 0 0 1.96537 0 0 0 0 0 0 0 0 0 0 0 0 0 0 0 0 0 0 0 0 0 0 0 1.96537 0 0 0 0 0 0 0 0 0 0 0 0 
0 0 0 0 0.813125 0 0 0 0 0 0 0 0 0 0 0 0.813125 0 0 0 -6.86724 1.31025 1.31025 0 0 0 0 0 1.31025 0 0 0 0 0 0 0 0 0 0 0 0 0 0 0 0 0 0 0 0 0 0 0 1.31025 0 0 0 0 0 0 0 0 0 0 0 
0 0 0 0 0 0.813125 0 0 0 0 0 0 0 0 0 0 0 0.813125 0 0 0.813125 -8.33549 0 1.96537 0 0 0 0 0 1.96537 0 0 0 0 0 0 0 0 0 0 0 0 0 0 0 0 0 0 0 0 0 0 0 1.96537 0 0 0 0 0 0 0 0 0 0 
0 0 0 0 0 0 0.813125 0 0 0 0 0 0 0 0 0 0 0 0.813125 0 0.813125 0 -8.33549 1.96537 0 0 0 0 0 0 1.96537 0 0 0 0 0 0 0 0 0 0 0 0 0 0 0 0 0 0 0 0 0 0 0 1.96537 0 0 0 0 0 0 0 0 0 
0 0 0 0 0 0 0 0.813125 0 0 0 0 0 0 0 0 0 0 0 0.813125 0 0.813125 0.813125 -8.49349 0 0 0 0 0 0 0 2.62049 0 0 0 0 0 0 0 0 0 0 0 0 0 0 0 0 0 0 0 0 0 0 0 2.62049 0 0 0 0 0 0 0 0 
0 0 0 0 0 0 0 0 0.813125 0 0 0 0 0 0 0 0.813125 0 0 0 0 0 0 0 -6.86724 1.31025 1.31025 0 1.31025 0 0 0 0 0 0 0 0 0 0 0 0 0 0 0 0 0 0 0 0 0 0 0 0 0 0 0 1.31025 0 0 0 0 0 0 0 
0 0 0 0 0 0 0 0 0 0.813125 0 0 0 0 0 0 0 0.813125 0 0 0 0 0 0 0.813125 -8.33549 0 1.96537 0 1.96537 0 0 0 0 0 0 0 0 0 0 0 0 0 0 0 0 0 0 0 0 0 0 0 0 0 0 0 1.96537 0 0 0 0 0 0 
0 0 0 0 0 0 0 0 0 0 0.813125 0 0 0 0 0 0 0 0.813125 0 0 0 0 0 0.813125 0 -8.33549 1.96537 0 0 1.96537 0 0 0 0 0 0 0 0 0 0 0 0 0 0 0 0 0 0 0 0 0 0 0 0 0 0 0 1.96537 0 0 0 0 0 
0 0 0 0 0 0 0 0 0 0 0 0.813125 0 0 0 0 0 0 0 0.813125 0 0 0 0 0 0.813125 0.813125 -8.49349 0 0 0 2.62049 0 0 0 0 0 0 0 0 0 0 0 0 0 0 0 0 0 0 0 0 0 0 0 0 0 0 0 2.62049 0 0 0 0 
0 0 0 0 0 0 0 0 0 0 0 0 0.813125 0 0 0 0 0 0 0 0.813125 0 0 0 0.813125 0 0 0 -8.33549 1.96537 1.96537 0 0 0 0 0 0 0 0 0 0 0 0 0 0 0 0 0 0 0 0 0 0 0 0 0 0 0 0 0 1.96537 0 0 0 
0 0 0 0 0 0 0 0 0 0 0 0 0 0.813125 0 0 0 0 0 0 0 0.813125 0 0 0 0.813125 0 0 0.813125 -8.49349 0 2.62049 0 0 0 0 0 0 0 0 0 0 0 0 0 0 0 0 0 0 0 0 0 0 0 0 0 0 0 0 0 2.62049 0 0 
0 0 0 0 0 0 0 0 0 0 0 0 0 0 0.813125 0 0 0 0 0 0 0 0.813125 0 0 0 0.813125 0 0.813125 0 -8.49349 2.62049 0 0 0 0 0 0 0 0 0 0 0 0 0 0 0 0 0 0 0 0 0 0 0 0 0 0 0 0 0 0 2.62049 0 
0 0 0 0 0 0 0 0 0 0 0 0 0 0 0 0.813125 0 0 0 0 0 0 0 0.813125 0 0 0 0.813125 0 0.813125 0.813125 -7.34124 0 0 0 0 0 0 0 0 0 0 0 0 0 0 0 0 0 0 0 0 0 0 0 0 0 0 0 0 0 0 0 3.27562 
0.813125 0 0 0 0 0 0 0 0 0 0 0 0 0 0 0 0 0 0 0 0 0 0 0 0 0 0 0 0 0 0 0 -4.08874 0.655124 0.655124 0 0.655124 0 0 0 0.655124 0 0 0 0 0 0 0 0.655124 0 0 0 0 0 0 0 0 0 0 0 0 0 0 0 
0 0.813125 0 0 0 0 0 0 0 0 0 0 0 0 0 0 0 0 0 0 0 0 0 0 0 0 0 0 0 0 0 0 0.813125 -6.86724 0 1.31025 0 1.31025 0 0 0 1.31025 0 0 0 0 0 0 0 1.31025 0 0 0 0 0 0 0 0 0 0 0 0 0 0 
0 0 0.813125 0 0 0 0 0 0 0 0 0 0 0 0 0 0 0 0 0 0 0 0 0 0 0 0 0 0 0 0 0 0.813125 0 -6.86724 1.31025 0 0 1.31025 0 0 0 1.31025 0 0 0 0 0 0 0 1.31025 0 0 0 0 0 0 0 0 0 0 0 0 0 
0 0 0 0.813125 0 0 0 0 0 0 0 0 0 0 0 0 0 0 0 0 0 0 0 0 0 0 0 0 0 0 0 0 0 0.813125 0.813125 -8.33549 0 0 0 1.96537 0 0 0 1.96537 0 0 0 0 0 0 0 1.96537 0 0 0 0 0 0 0 0 0 0 0 0 
0 0 0 0 0.813125 0 0 0 0 0 0 0 0 0 0 0 0 0 0 0 0 0 0 0 0 0 0 0 0 0 0 0 0.813125 0 0 0 -6.86724 1.31025 1.31025 0 0 0 0 0 1.31025 0 0 0 0 0 0 0 1.31025 0 0 0 0 0 0 0 0 0 0 0 
0 0 0 0 0 0.813125 0 0 0 0 0 0 0 0 0 0 0 0 0 0 0 0 0 0 0 0 0 0 0 0 0 0 0 0.813125 0 0 0.813125 -8.33549 0 1.96537 0 0 0 0 0 1.96537 0 0 0 0 0 0 0 1.96537 0 0 0 0 0 0 0 0 0 0 
0 0 0 0 0 0 0.813125 0 0 0 0 0 0 0 0 0 0 0 0 0 0 0 0 0 0 0 0 0 0 0 0 0 0 0 0.813125 0 0.813125 0 -8.33549 1.96537 0 0 0 0 0 0 1.96537 0 0 0 0 0 0 0 1.96537 0 0 0 0 0 0 0 0 0 
0 0 0 0 0 0 0 0.813125 0 0 0 0 0 0 0 0 0 0 0 0 0 0 0 0 0 0 0 0 0 0 0 0 0 0 0 0.813125 0 0.813125 0.813125 -8.49349 0 0 0 0 0 0 0 2.62049 0 0 0 0 0 0 0 2.62049 0 0 0 0 0 0 0 0 
0 0 0 0 0 0 0 0 0.813125 0 0 0 0 0 0 0 0 0 0 0 0 0 0 0 0 0 0 0 0 0 0 0 0.813125 0 0 0 0 0 0 0 -6.86724 1.31025 1.31025 0 1.31025 0 0 0 0 0 0 0 0 0 0 0 1.31025 0 0 0 0 0 0 0 
0 0 0 0 0 0 0 0 0 0.813125 0 0 0 0 0 0 0 0 0 0 0 0 0 0 0 0 0 0 0 0 0 0 0 0.813125 0 0 0 0 0 0 0.813125 -8.33549 0 1.96537 0 1.96537 0 0 0 0 0 0 0 0 0 0 0 1.96537 0 0 0 0 0 0 
0 0 0 0 0 0 0 0 0 0 0.813125 0 0 0 0 0 0 0 0 0 0 0 0 0 0 0 0 0 0 0 0 0 0 0 0.813125 0 0 0 0 0 0.813125 0 -8.33549 1.96537 0 0 1.96537 0 0 0 0 0 0 0 0 0 0 0 1.96537 0 0 0 0 0 
0 0 0 0 0 0 0 0 0 0 0 0.813125 0 0 0 0 0 0 0 0 0 0 0 0 0 0 0 0 0 0 0 0 0 0 0 0.813125 0 0 0 0 0 0.813125 0.813125 -8.49349 0 0 0 2.62049 0 0 0 0 0 0 0 0 0 0 0 2.62049 0 0 0 0 
0 0 0 0 0 0 0 0 0 0 0 0 0.813125 0 0 0 0 0 0 0 0 0 0 0 0 0 0 0 0 0 0 0 0 0 0 0 0.813125 0 0 0 0.813125 0 0 0 -8.33549 1.96537 1.96537 0 0 0 0 0 0 0 0 0 0 0 0 0 1.96537 0 0 0 
0 0 0 0 0 0 0 0 0 0 0 0 0 0.813125 0 0 0 0 0 0 0 0 0 0 0 0 0 0 0 0 0 0 0 0 0 0 0 0.813125 0 0 0 0.813125 0 0 0.813125 -8.49349 0 2.62049 0 0 0 0 0 0 0 0 0 0 0 0 0 2.62049 0 0 
0 0 0 0 0 0 0 0 0 0 0 0 0 0 0.813125 0 0 0 0 0 0 0 0 0 0 0 0 0 0 0 0 0 0 0 0 0 0 0 0.813125 0 0 0 0.813125 0 0.813125 0 -8.49349 2.62049 0 0 0 0 0 0 0 0 0 0 0 0 0 0 2.62049 0 
0 0 0 0 0 0 0 0 0 0 0 0 0 0 0 0.813125 0 0 0 0 0 0 0 0 0 0 0 0 0 0 0 0 0 0 0 0 0 0 0 0.813125 0 0 0 0.813125 0 0.813125 0.813125 -7.34124 0 0 0 0 0 0 0 0 0 0 0 0 0 0 0 3.27562 
0 0 0 0 0 0 0 0 0 0 0 0 0 0 0 0 0.813125 0 0 0 0 0 0 0 0 0 0 0 0 0 0 0 0.813125 0 0 0 0 0 0 0 0 0 0 0 0 0 0 0 -6.86724 1.31025 1.31025 0 1.31025 0 0 0 1.31025 0 0 0 0 0 0 0 
0 0 0 0 0 0 0 0 0 0 0 0 0 0 0 0 0 0.813125 0 0 0 0 0 0 0 0 0 0 0 0 0 0 0 0.813125 0 0 0 0 0 0 0 0 0 0 0 0 0 0 0.813125 -8.33549 0 1.96537 0 1.96537 0 0 0 1.96537 0 0 0 0 0 0 
0 0 0 0 0 0 0 0 0 0 0 0 0 0 0 0 0 0 0.813125 0 0 0 0 0 0 0 0 0 0 0 0 0 0 0 0.813125 0 0 0 0 0 0 0 0 0 0 0 0 0 0.813125 0 -8.33549 1.96537 0 0 1.96537 0 0 0 1.96537 0 0 0 0 0 
0 0 0 0 0 0 0 0 0 0 0 0 0 0 0 0 0 0 0 0.813125 0 0 0 0 0 0 0 0 0 0 0 0 0 0 0 0.813125 0 0 0 0 0 0 0 0 0 0 0 0 0 0.813125 0.813125 -8.49349 0 0 0 2.62049 0 0 0 2.62049 0 0 0 0 
0 0 0 0 0 0 0 0 0 0 0 0 0 0 0 0 0 0 0 0 0.813125 0 0 0 0 0 0 0 0 0 0 0 0 0 0 0 0.813125 0 0 0 0 0 0 0 0 0 0 0 0.813125 0 0 0 -8.33549 1.96537 1.96537 0 0 0 0 0 1.96537 0 0 0 
0 0 0 0 0 0 0 0 0 0 0 0 0 0 0 0 0 0 0 0 0 0.813125 0 0 0 0 0 0 0 0 0 0 0 0 0 0 0 0.813125 0 0 0 0 0 0 0 0 0 0 0 0.813125 0 0 0.813125 -8.49349 0 2.62049 0 0 0 0 0 2.62049 0 0 
0 0 0 0 0 0 0 0 0 0 0 0 0 0 0 0 0 0 0 0 0 0 0.813125 0 0 0 0 0 0 0 0 0 0 0 0 0 0 0 0.813125 0 0 0 0 0 0 0 0 0 0 0 0.813125 0 0.813125 0 -8.49349 2.62049 0 0 0 0 0 0 2.62049 0 
0 0 0 0 0 0 0 0 0 0 0 0 0 0 0 0 0 0 0 0 0 0 0 0.813125 0 0 0 0 0 0 0 0 0 0 0 0 0 0 0 0.813125 0 0 0 0 0 0 0 0 0 0 0 0.813125 0 0.813125 0.813125 -7.34124 0 0 0 0 0 0 0 3.27562 
0 0 0 0 0 0 0 0 0 0 0 0 0 0 0 0 0 0 0 0 0 0 0 0 0.813125 0 0 0 0 0 0 0 0 0 0 0 0 0 0 0 0.813125 0 0 0 0 0 0 0 0.813125 0 0 0 0 0 0 0 -8.33549 1.96537 1.96537 0 1.96537 0 0 0 
0 0 0 0 0 0 0 0 0 0 0 0 0 0 0 0 0 0 0 0 0 0 0 0 0 0.813125 0 0 0 0 0 0 0 0 0 0 0 0 0 0 0 0.813125 0 0 0 0 0 0 0 0.813125 0 0 0 0 0 0 0.813125 -8.49349 0 2.62049 0 2.62049 0 0 
0 0 0 0 0 0 0 0 0 0 0 0 0 0 0 0 0 0 0 0 0 0 0 0 0 0 0.813125 0 0 0 0 0 0 0 0 0 0 0 0 0 0 0 0.813125 0 0 0 0 0 0 0 0.813125 0 0 0 0 0 0.813125 0 -8.49349 2.62049 0 0 2.62049 0 
0 0 0 0 0 0 0 0 0 0 0 0 0 0 0 0 0 0 0 0 0 0 0 0 0 0 0 0.813125 0 0 0 0 0 0 0 0 0 0 0 0 0 0 0 0.813125 0 0 0 0 0 0 0 0.813125 0 0 0 0 0 0.813125 0.813125 -7.34124 0 0 0 3.27562 
0 0 0 0 0 0 0 0 0 0 0 0 0 0 0 0 0 0 0 0 0 0 0 0 0 0 0 0 0.813125 0 0 0 0 0 0 0 0 0 0 0 0 0 0 0 0.813125 0 0 0 0 0 0 0 0.813125 0 0 0 0.813125 0 0 0 -8.49349 2.62049 2.62049 0 
0 0 0 0 0 0 0 0 0 0 0 0 0 0 0 0 0 0 0 0 0 0 0 0 0 0 0 0 0 0.813125 0 0 0 0 0 0 0 0 0 0 0 0 0 0 0 0.813125 0 0 0 0 0 0 0 0.813125 0 0 0 0.813125 0 0 0.813125 -7.34124 0 3.27562 
0 0 0 0 0 0 0 0 0 0 0 0 0 0 0 0 0 0 0 0 0 0 0 0 0 0 0 0 0 0 0.813125 0 0 0 0 0 0 0 0 0 0 0 0 0 0 0 0.813125 0 0 0 0 0 0 0 0.813125 0 0 0 0.813125 0 0.813125 0 -7.34124 3.27562 
0 0 0 0 0 0 0 0 0 0 0 0 0 0 0 0 0 0 0 0 0 0 0 0 0 0 0 0 0 0 0 0.813125 0 0 0 0 0 0 0 0 0 0 0 0 0 0 0 0.813125 0 0 0 0 0 0 0 0.813125 0 0 0 0.813125 0 0.813125 0.813125 -4.87875 
