32
-0 0 0 0 0 0 0 0 0 0 0 0 0 0 0 0 0 0 0 0 0 0 0 0 0 0 0 0 0 0 0 0 
0.405158 -2.29399 0 0.472209 0 0.472209 0 0 0 0.472209 0 0 0 0 0 0 0 0.472209 0 0 0 0 0 0 0 0 0 0 0 0 0 0 
0.405158 0 -2.29399 0.472209 0 0 0.472209 0 0 0 0.472209 0 0 0 0 0 0 0 0.472209 0 0 0 0 0 0 0 0 0 0 0 0 0 
0 0.405158 0.405158 -3.64357 0 0 0 0.944417 0 0 0 0.944417 0 0 0 0 0 0 0 0.944417 0 0 0 0 0 0 0 0 0 0 0 0 
0.405158 0 0 0 -2.29399 0.472209 0.472209 0 0 0 0 0 0.472209 0 0 0 0 0 0 0 0.472209 0 0 0 0 0 0 0 0 0 0 0 
0 0.405158 0 0 0.405158 -3.64357 0 0.944417 0 0 0 0 0 0.944417 0 0 0 0 0 0 0 0.944417 0 0 0 0 0 0 0 0 0 0 
0 0 0.405158 0 0.405158 0 -3.64357 0.944417 0 0 0 0 0 0 0.944417 0 0 0 0 0 0 0 0.944417 0 0 0 0 0 0 0 0 0 
0 0 0 0.405158 0 0.405158 0.405158 -4.04873 0 0 0 0 0 0 0 1.41663 0 0 0 0 0 0 0 1.41663 0 0 0 0 0 0 0 0 
0.405158 0 0 0 0 0 0 0 -2.29399 0.472209 0.472209 0 0.472209 0 0 0 0 0 0 0 0 0 0 0 0.472209 0 0 0 0 0 0 0 
0 0.405158 0 0 0 0 0 0 0.405158 -3.64357 0 0.944417 0 0.944417 0 0 0 0 0 0 0 0 0 0 0 0.944417 0 0 0 0 0 0 
0 0 0.405158 0 0 0 0 0 0.405158 0 -3.64357 0.944417 0 0 0.944417 0 0 0 0 0 0 0 0 0 0 0 0.944417 0 0 0 0 0 
0 0 0 0.405158 0 0 0 0 0 0.405158 0.405158 -4.04873 0 0 0 1.41663 0 0 0 0 0 0 0 0 0 0 0 1.41663 0 0 0 0 
0 0 0 0 0.405158 0 0 0 0.405158 0 0 0 -3.64357 0.944417 0.944417 0 0 0 0 0 0 0 0 0 0 0 0 0 0.944417 0 0 0 
0 0 0 0 0 0.405158 0 0 0 0.405158 0 0 0.405158 -4.04873 0 1.41663 0 0 0 0 0 0 0 0 0 0 0 0 0 1.41663 0 0 
0 0 0 0 0 0 0.405158 0 0 0 0.405158 0 0.405158 0 -4.04873 1.41663 0 0 0 0 0 0 0 0 0 0 0 0 0 0 1.41663 0 
0 0 0 0 0 0 0 0.405158 0 0 0 0.405158 0 0.405158 0.405158 -3.50947 0 0 0 0 0 0 0 0 0 0 0 0 0 0 0 1.88883 
0.405158 0 0 0 0 0 0 0 0 0 0 0 0 0 0 0 -2.29399 0.472209 0.472209 0 0.472209 0 0 0 0.472209 0 0 0 0 0 0 0 
0 0.405158 0 0 0 0 0 0 0 0 0 0 0 0 0 0 0.405158 -3.64357 0 0.944417 0 0.944417 0 0 0 0.944417 0 0 0 0 0 0 
0 0 0.405158 0 0 0 0 0 0 0 0 0 0 0 0 0 0.405158 0 -3.64357 0.944417 0 0 0.944417 0 0 0 0.944417 0 0 0 0 0 
0 0 0 0.405158 0 0 0 0 0 0 0 0 0 0 0 0 0 0.405158 0.405158 -4.04873 0 0 0 1.41663 0 0 0 1.41663 0 0 0 0 
0 0 0 0 0.405158 0 0 0 0 0 0 0 0 0 0 0 0.405158 0 0 0 -3.64357 0.944417 0.944417 0 0 0 0 0 0.944417 0 0 0 
0 0 0 0 0 0.405158 0 0 0 0 0 0 0 0 0 0 0 0.405158 0 0 0.405158 -4.04873 0 1.41663 0 0 0 0 0 1.41663 0 0 
0 0 0 0 0 0 0.405158 0 0 0 0 0 0 0 0 0 0 0 0.405158 0 0.405158 0 -4.04873 1.41663 0 0 0 0 0 0 1.41663 0 
0 0 0 0 0 0 0 0.405158 0 0 0 0 0 0 0 0 0 0 0 0.405158 0 0.405158 0.405158 -3.50947 0 0 0 0 0 0 0 1.88883 
0 0 0 0 0 0 0 0 0.405158 0 0 0 0 0 0 0 0.405158 0 0 0 0 0 0 0 -3.64357 0.944417 0.944417 0 0.944417 0 0 0 
0 0 0 0 0 0 0 0 0 0.405158 0 0 0 0 0 0 0 0.405158 0 0 0 0 0 0 0.405158 -4.04873 0 1.41663 0 1.41663 0 0 
0 0 0 0 0 0 0 0 0 0 0.405158 0 0 0 0 0 0 0 0.405158 0 0 0 0 0 0.405158 0 -4.04873 1.41663 0 0 1.41663 0 
0 0 0 0 0 0 0 0 0 0 0 0.405158 0 0 0 0 0 0 0 0.405158 0 0 0 0 0 0.405158 0.405158 -3.50947 0 0 0 1.88883 
0 0 0 0 0 0 0 0 0 0 0 0 0.405158 0 0 0 0 0 0 0 0.405158 0 0 0 0.405158 0 0 0 -4.04873 1.41663 1.41663 0 
0 0 0 0 0 0 0 0 0 0 0 0 0 0.405158 0 0 0 0 0 0 0 0.405158 0 0 0 0.405158 0 0 0.405158 -3.50947 0 1.88883 
0 0 0 0 0 0 0 0 0 0 0 0 0 0 0.405158 0 0 0 0 0 0 0 0.405158 0 0 0 0.405158 0 0.405158 0 -3.50947 1.88883 
0 0 0 0 0 0 0 0 0 0 0 0 0 0 0 0.405158 0 0 0 0 0 0 0 0.405158 0 0 0 0.405158 0 0.405158 0.405158 -2.02579 
