32
-0 0 0 0 0 0 0 0 0 0 0 0 0 0 0 0 0 0 0 0 0 0 0 0 0 0 0 0 0 0 0 0 
0.397137 -2.24406 0 0.461732 0 0.461732 0 0 0 0.461732 0 0 0 0 0 0 0 0.461732 0 0 0 0 0 0 0 0 0 0 0 0 0 0 
0.397137 0 -2.24406 0.461732 0 0 0.461732 0 0 0 0.461732 0 0 0 0 0 0 0 0.461732 0 0 0 0 0 0 0 0 0 0 0 0 0 
0 0.397137 0.397137 -3.56467 0 0 0 0.923464 0 0 0 0.923464 0 0 0 0 0 0 0 0.923464 0 0 0 0 0 0 0 0 0 0 0 0 
0.397137 0 0 0 -2.24406 0.461732 0.461732 0 0 0 0 0 0.461732 0 0 0 0 0 0 0 0.461732 0 0 0 0 0 0 0 0 0 0 0 
0 0.397137 0 0 0.397137 -3.56467 0 0.923464 0 0 0 0 0 0.923464 0 0 0 0 0 0 0 0.923464 0 0 0 0 0 0 0 0 0 0 
0 0 0.397137 0 0.397137 0 -3.56467 0.923464 0 0 0 0 0 0 0.923464 0 0 0 0 0 0 0 0.923464 0 0 0 0 0 0 0 0 0 
0 0 0 0.397137 0 0.397137 0.397137 -3.9618 0 0 0 0 0 0 0 1.3852 0 0 0 0 0 0 0 1.3852 0 0 0 0 0 0 0 0 
0.397137 0 0 0 0 0 0 0 -2.24406 0.461732 0.461732 0 0.461732 0 0 0 0 0 0 0 0 0 0 0 0.461732 0 0 0 0 0 0 0 
0 0.397137 0 0 0 0 0 0 0.397137 -3.56467 0 0.923464 0 0.923464 0 0 0 0 0 0 0 0 0 0 0 0.923464 0 0 0 0 0 0 
0 0 0.397137 0 0 0 0 0 0.397137 0 -3.56467 0.923464 0 0 0.923464 0 0 0 0 0 0 0 0 0 0 0 0.923464 0 0 0 0 0 
0 0 0 0.397137 0 0 0 0 0 0.397137 0.397137 -3.9618 0 0 0 1.3852 0 0 0 0 0 0 0 0 0 0 0 1.3852 0 0 0 0 
0 0 0 0 0.397137 0 0 0 0.397137 0 0 0 -3.56467 0.923464 0.923464 0 0 0 0 0 0 0 0 0 0 0 0 0 0.923464 0 0 0 
0 0 0 0 0 0.397137 0 0 0 0.397137 0 0 0.397137 -3.9618 0 1.3852 0 0 0 0 0 0 0 0 0 0 0 0 0 1.3852 0 0 
0 0 0 0 0 0 0.397137 0 0 0 0.397137 0 0.397137 0 -3.9618 1.3852 0 0 0 0 0 0 0 0 0 0 0 0 0 0 1.3852 0 
0 0 0 0 0 0 0 0.397137 0 0 0 0.397137 0 0.397137 0.397137 -3.43547 0 0 0 0 0 0 0 0 0 0 0 0 0 0 0 1.84693 
0.397137 0 0 0 0 0 0 0 0 0 0 0 0 0 0 0 -2.24406 0.461732 0.461732 0 0.461732 0 0 0 0.461732 0 0 0 0 0 0 0 
0 0.397137 0 0 0 0 0 0 0 0 0 0 0 0 0 0 0.397137 -3.56467 0 0.923464 0 0.923464 0 0 0 0.923464 0 0 0 0 0 0 
0 0 0.397137 0 0 0 0 0 0 0 0 0 0 0 0 0 0.397137 0 -3.56467 0.923464 0 0 0.923464 0 0 0 0.923464 0 0 0 0 0 
0 0 0 0.397137 0 0 0 0 0 0 0 0 0 0 0 0 0 0.397137 0.397137 -3.9618 0 0 0 1.3852 0 0 0 1.3852 0 0 0 0 
0 0 0 0 0.397137 0 0 0 0 0 0 0 0 0 0 0 0.397137 0 0 0 -3.56467 0.923464 0.923464 0 0 0 0 0 0.923464 0 0 0 
0 0 0 0 0 0.397137 0 0 0 0 0 0 0 0 0 0 0 0.397137 0 0 0.397137 -3.9618 0 1.3852 0 0 0 0 0 1.3852 0 0 
0 0 0 0 0 0 0.397137 0 0 0 0 0 0 0 0 0 0 0 0.397137 0 0.397137 0 -3.9618 1.3852 0 0 0 0 0 0 1.3852 0 
0 0 0 0 0 0 0 0.397137 0 0 0 0 0 0 0 0 0 0 0 0.397137 0 0.397137 0.397137 -3.43547 0 0 0 0 0 0 0 1.84693 
0 0 0 0 0 0 0 0 0.397137 0 0 0 0 0 0 0 0.397137 0 0 0 0 0 0 0 -3.56467 0.923464 0.923464 0 0.923464 0 0 0 
0 0 0 0 0 0 0 0 0 0.397137 0 0 0 0 0 0 0 0.397137 0 0 0 0 0 0 0.397137 -3.9618 0 1.3852 0 1.3852 0 0 
0 0 0 0 0 0 0 0 0 0 0.397137 0 0 0 0 0 0 0 0.397137 0 0 0 0 0 0.397137 0 -3.9618 1.3852 0 0 1.3852 0 
0 0 0 0 0 0 0 0 0 0 0 0.397137 0 0 0 0 0 0 0 0.397137 0 0 0 0 0 0.397137 0.397137 -3.43547 0 0 0 1.84693 
0 0 0 0 0 0 0 0 0 0 0 0 0.397137 0 0 0 0 0 0 0 0.397137 0 0 0 0.397137 0 0 0 -3.9618 1.3852 1.3852 0 
0 0 0 0 0 0 0 0 0 0 0 0 0 0.397137 0 0 0 0 0 0 0 0.397137 0 0 0 0.397137 0 0 0.397137 -3.43547 0 1.84693 
0 0 0 0 0 0 0 0 0 0 0 0 0 0 0.397137 0 0 0 0 0 0 0 0.397137 0 0 0 0.397137 0 0.397137 0 -3.43547 1.84693 
0 0 0 0 0 0 0 0 0 0 0 0 0 0 0 0.397137 0 0 0 0 0 0 0 0.397137 0 0 0 0.397137 0 0.397137 0.397137 -1.98568 
