32
-0 0 0 0 0 0 0 0 0 0 0 0 0 0 0 0 0 0 0 0 0 0 0 0 0 0 0 0 0 0 0 0 
0.237929 -1.73908 0 0.375287 0 0.375287 0 0 0 0.375287 0 0 0 0 0 0 0 0.375287 0 0 0 0 0 0 0 0 0 0 0 0 0 0 
0.237929 0 -1.73908 0.375287 0 0 0.375287 0 0 0 0.375287 0 0 0 0 0 0 0 0.375287 0 0 0 0 0 0 0 0 0 0 0 0 0 
0 0.237929 0.237929 -2.72758 0 0 0 0.750574 0 0 0 0.750574 0 0 0 0 0 0 0 0.750574 0 0 0 0 0 0 0 0 0 0 0 0 
0.237929 0 0 0 -1.73908 0.375287 0.375287 0 0 0 0 0 0.375287 0 0 0 0 0 0 0 0.375287 0 0 0 0 0 0 0 0 0 0 0 
0 0.237929 0 0 0.237929 -2.72758 0 0.750574 0 0 0 0 0 0.750574 0 0 0 0 0 0 0 0.750574 0 0 0 0 0 0 0 0 0 0 
0 0 0.237929 0 0.237929 0 -2.72758 0.750574 0 0 0 0 0 0 0.750574 0 0 0 0 0 0 0 0.750574 0 0 0 0 0 0 0 0 0 
0 0 0 0.237929 0 0.237929 0.237929 -2.96551 0 0 0 0 0 0 0 1.12586 0 0 0 0 0 0 0 1.12586 0 0 0 0 0 0 0 0 
0.237929 0 0 0 0 0 0 0 -1.73908 0.375287 0.375287 0 0.375287 0 0 0 0 0 0 0 0 0 0 0 0.375287 0 0 0 0 0 0 0 
0 0.237929 0 0 0 0 0 0 0.237929 -2.72758 0 0.750574 0 0.750574 0 0 0 0 0 0 0 0 0 0 0 0.750574 0 0 0 0 0 0 
0 0 0.237929 0 0 0 0 0 0.237929 0 -2.72758 0.750574 0 0 0.750574 0 0 0 0 0 0 0 0 0 0 0 0.750574 0 0 0 0 0 
0 0 0 0.237929 0 0 0 0 0 0.237929 0.237929 -2.96551 0 0 0 1.12586 0 0 0 0 0 0 0 0 0 0 0 1.12586 0 0 0 0 
0 0 0 0 0.237929 0 0 0 0.237929 0 0 0 -2.72758 0.750574 0.750574 0 0 0 0 0 0 0 0 0 0 0 0 0 0.750574 0 0 0 
0 0 0 0 0 0.237929 0 0 0 0.237929 0 0 0.237929 -2.96551 0 1.12586 0 0 0 0 0 0 0 0 0 0 0 0 0 1.12586 0 0 
0 0 0 0 0 0 0.237929 0 0 0 0.237929 0 0.237929 0 -2.96551 1.12586 0 0 0 0 0 0 0 0 0 0 0 0 0 0 1.12586 0 
0 0 0 0 0 0 0 0.237929 0 0 0 0.237929 0 0.237929 0.237929 -2.45286 0 0 0 0 0 0 0 0 0 0 0 0 0 0 0 1.50115 
0.237929 0 0 0 0 0 0 0 0 0 0 0 0 0 0 0 -1.73908 0.375287 0.375287 0 0.375287 0 0 0 0.375287 0 0 0 0 0 0 0 
0 0.237929 0 0 0 0 0 0 0 0 0 0 0 0 0 0 0.237929 -2.72758 0 0.750574 0 0.750574 0 0 0 0.750574 0 0 0 0 0 0 
0 0 0.237929 0 0 0 0 0 0 0 0 0 0 0 0 0 0.237929 0 -2.72758 0.750574 0 0 0.750574 0 0 0 0.750574 0 0 0 0 0 
0 0 0 0.237929 0 0 0 0 0 0 0 0 0 0 0 0 0 0.237929 0.237929 -2.96551 0 0 0 1.12586 0 0 0 1.12586 0 0 0 0 
0 0 0 0 0.237929 0 0 0 0 0 0 0 0 0 0 0 0.237929 0 0 0 -2.72758 0.750574 0.750574 0 0 0 0 0 0.750574 0 0 0 
0 0 0 0 0 0.237929 0 0 0 0 0 0 0 0 0 0 0 0.237929 0 0 0.237929 -2.96551 0 1.12586 0 0 0 0 0 1.12586 0 0 
0 0 0 0 0 0 0.237929 0 0 0 0 0 0 0 0 0 0 0 0.237929 0 0.237929 0 -2.96551 1.12586 0 0 0 0 0 0 1.12586 0 
0 0 0 0 0 0 0 0.237929 0 0 0 0 0 0 0 0 0 0 0 0.237929 0 0.237929 0.237929 -2.45286 0 0 0 0 0 0 0 1.50115 
0 0 0 0 0 0 0 0 0.237929 0 0 0 0 0 0 0 0.237929 0 0 0 0 0 0 0 -2.72758 0.750574 0.750574 0 0.750574 0 0 0 
0 0 0 0 0 0 0 0 0 0.237929 0 0 0 0 0 0 0 0.237929 0 0 0 0 0 0 0.237929 -2.96551 0 1.12586 0 1.12586 0 0 
0 0 0 0 0 0 0 0 0 0 0.237929 0 0 0 0 0 0 0 0.237929 0 0 0 0 0 0.237929 0 -2.96551 1.12586 0 0 1.12586 0 
0 0 0 0 0 0 0 0 0 0 0 0.237929 0 0 0 0 0 0 0 0.237929 0 0 0 0 0 0.237929 0.237929 -2.45286 0 0 0 1.50115 
0 0 0 0 0 0 0 0 0 0 0 0 0.237929 0 0 0 0 0 0 0 0.237929 0 0 0 0.237929 0 0 0 -2.96551 1.12586 1.12586 0 
0 0 0 0 0 0 0 0 0 0 0 0 0 0.237929 0 0 0 0 0 0 0 0.237929 0 0 0 0.237929 0 0 0.237929 -2.45286 0 1.50115 
0 0 0 0 0 0 0 0 0 0 0 0 0 0 0.237929 0 0 0 0 0 0 0 0.237929 0 0 0 0.237929 0 0.237929 0 -2.45286 1.50115 
0 0 0 0 0 0 0 0 0 0 0 0 0 0 0 0.237929 0 0 0 0 0 0 0 0.237929 0 0 0 0.237929 0 0.237929 0.237929 -1.18964 
