64
-0 0 0 0 0 0 0 0 0 0 0 0 0 0 0 0 0 0 0 0 0 0 0 0 0 0 0 0 0 0 0 0 0 0 0 0 0 0 0 0 0 0 0 0 0 0 0 0 0 0 0 0 0 0 0 0 0 0 0 0 0 0 0 0 
0.479642 -2.28435 0 0.360941 0 0.360941 0 0 0 0.360941 0 0 0 0 0 0 0 0.360941 0 0 0 0 0 0 0 0 0 0 0 0 0 0 0 0.360941 0 0 0 0 0 0 0 0 0 0 0 0 0 0 0 0 0 0 0 0 0 0 0 0 0 0 0 0 0 0 
0.479642 0 -2.28435 0.360941 0 0 0.360941 0 0 0 0.360941 0 0 0 0 0 0 0 0.360941 0 0 0 0 0 0 0 0 0 0 0 0 0 0 0 0.360941 0 0 0 0 0 0 0 0 0 0 0 0 0 0 0 0 0 0 0 0 0 0 0 0 0 0 0 0 0 
0 0.479642 0.479642 -3.84682 0 0 0 0.721883 0 0 0 0.721883 0 0 0 0 0 0 0 0.721883 0 0 0 0 0 0 0 0 0 0 0 0 0 0 0 0.721883 0 0 0 0 0 0 0 0 0 0 0 0 0 0 0 0 0 0 0 0 0 0 0 0 0 0 0 0 
0.479642 0 0 0 -2.28435 0.360941 0.360941 0 0 0 0 0 0.360941 0 0 0 0 0 0 0 0.360941 0 0 0 0 0 0 0 0 0 0 0 0 0 0 0 0.360941 0 0 0 0 0 0 0 0 0 0 0 0 0 0 0 0 0 0 0 0 0 0 0 0 0 0 0 
0 0.479642 0 0 0.479642 -3.84682 0 0.721883 0 0 0 0 0 0.721883 0 0 0 0 0 0 0 0.721883 0 0 0 0 0 0 0 0 0 0 0 0 0 0 0 0.721883 0 0 0 0 0 0 0 0 0 0 0 0 0 0 0 0 0 0 0 0 0 0 0 0 0 0 
0 0 0.479642 0 0.479642 0 -3.84682 0.721883 0 0 0 0 0 0 0.721883 0 0 0 0 0 0 0 0.721883 0 0 0 0 0 0 0 0 0 0 0 0 0 0 0 0.721883 0 0 0 0 0 0 0 0 0 0 0 0 0 0 0 0 0 0 0 0 0 0 0 0 0 
0 0 0 0.479642 0 0.479642 0.479642 -4.6874 0 0 0 0 0 0 0 1.08282 0 0 0 0 0 0 0 1.08282 0 0 0 0 0 0 0 0 0 0 0 0 0 0 0 1.08282 0 0 0 0 0 0 0 0 0 0 0 0 0 0 0 0 0 0 0 0 0 0 0 0 
0.479642 0 0 0 0 0 0 0 -2.28435 0.360941 0.360941 0 0.360941 0 0 0 0 0 0 0 0 0 0 0 0.360941 0 0 0 0 0 0 0 0 0 0 0 0 0 0 0 0.360941 0 0 0 0 0 0 0 0 0 0 0 0 0 0 0 0 0 0 0 0 0 0 0 
0 0.479642 0 0 0 0 0 0 0.479642 -3.84682 0 0.721883 0 0.721883 0 0 0 0 0 0 0 0 0 0 0 0.721883 0 0 0 0 0 0 0 0 0 0 0 0 0 0 0 0.721883 0 0 0 0 0 0 0 0 0 0 0 0 0 0 0 0 0 0 0 0 0 0 
0 0 0.479642 0 0 0 0 0 0.479642 0 -3.84682 0.721883 0 0 0.721883 0 0 0 0 0 0 0 0 0 0 0 0.721883 0 0 0 0 0 0 0 0 0 0 0 0 0 0 0 0.721883 0 0 0 0 0 0 0 0 0 0 0 0 0 0 0 0 0 0 0 0 0 
0 0 0 0.479642 0 0 0 0 0 0.479642 0.479642 -4.6874 0 0 0 1.08282 0 0 0 0 0 0 0 0 0 0 0 1.08282 0 0 0 0 0 0 0 0 0 0 0 0 0 0 0 1.08282 0 0 0 0 0 0 0 0 0 0 0 0 0 0 0 0 0 0 0 0 
0 0 0 0 0.479642 0 0 0 0.479642 0 0 0 -3.84682 0.721883 0.721883 0 0 0 0 0 0 0 0 0 0 0 0 0 0.721883 0 0 0 0 0 0 0 0 0 0 0 0 0 0 0 0.721883 0 0 0 0 0 0 0 0 0 0 0 0 0 0 0 0 0 0 0 
0 0 0 0 0 0.479642 0 0 0 0.479642 0 0 0.479642 -4.6874 0 1.08282 0 0 0 0 0 0 0 0 0 0 0 0 0 1.08282 0 0 0 0 0 0 0 0 0 0 0 0 0 0 0 1.08282 0 0 0 0 0 0 0 0 0 0 0 0 0 0 0 0 0 0 
0 0 0 0 0 0 0.479642 0 0 0 0.479642 0 0.479642 0 -4.6874 1.08282 0 0 0 0 0 0 0 0 0 0 0 0 0 0 1.08282 0 0 0 0 0 0 0 0 0 0 0 0 0 0 0 1.08282 0 0 0 0 0 0 0 0 0 0 0 0 0 0 0 0 0 
0 0 0 0 0 0 0 0.479642 0 0 0 0.479642 0 0.479642 0.479642 -4.8061 0 0 0 0 0 0 0 0 0 0 0 0 0 0 0 1.44377 0 0 0 0 0 0 0 0 0 0 0 0 0 0 0 1.44377 0 0 0 0 0 0 0 0 0 0 0 0 0 0 0 0 
0.479642 0 0 0 0 0 0 0 0 0 0 0 0 0 0 0 -2.28435 0.360941 0.360941 0 0.360941 0 0 0 0.360941 0 0 0 0 0 0 0 0 0 0 0 0 0 0 0 0 0 0 0 0 0 0 0 0.360941 0 0 0 0 0 0 0 0 0 0 0 0 0 0 0 
0 0.479642 0 0 0 0 0 0 0 0 0 0 0 0 0 0 0.479642 -3.84682 0 0.721883 0 0.721883 0 0 0 0.721883 0 0 0 0 0 0 0 0 0 0 0 0 0 0 0 0 0 0 0 0 0 0 0 0.721883 0 0 0 0 0 0 0 0 0 0 0 0 0 0 
0 0 0.479642 0 0 0 0 0 0 0 0 0 0 0 0 0 0.479642 0 -3.84682 0.721883 0 0 0.721883 0 0 0 0.721883 0 0 0 0 0 0 0 0 0 0 0 0 0 0 0 0 0 0 0 0 0 0 0 0.721883 0 0 0 0 0 0 0 0 0 0 0 0 0 
0 0 0 0.479642 0 0 0 0 0 0 0 0 0 0 0 0 0 0.479642 0.479642 -4.6874 0 0 0 1.08282 0 0 0 1.08282 0 0 0 0 0 0 0 0 0 0 0 0 0 0 0 0 0 0 0 0 0 0 0 1.08282 0 0 0 0 0 0 0 0 0 0 0 0 
0 0 0 0 0.479642 0 0 0 0 0 0 0 0 0 0 0 0.479642 0 0 0 -3.84682 0.721883 0.721883 0 0 0 0 0 0.721883 0 0 0 0 0 0 0 0 0 0 0 0 0 0 0 0 0 0 0 0 0 0 0 0.721883 0 0 0 0 0 0 0 0 0 0 0 
0 0 0 0 0 0.479642 0 0 0 0 0 0 0 0 0 0 0 0.479642 0 0 0.479642 -4.6874 0 1.08282 0 0 0 0 0 1.08282 0 0 0 0 0 0 0 0 0 0 0 0 0 0 0 0 0 0 0 0 0 0 0 1.08282 0 0 0 0 0 0 0 0 0 0 
0 0 0 0 0 0 0.479642 0 0 0 0 0 0 0 0 0 0 0 0.479642 0 0.479642 0 -4.6874 1.08282 0 0 0 0 0 0 1.08282 0 0 0 0 0 0 0 0 0 0 0 0 0 0 0 0 0 0 0 0 0 0 0 1.08282 0 0 0 0 0 0 0 0 0 
0 0 0 0 0 0 0 0.479642 0 0 0 0 0 0 0 0 0 0 0 0.479642 0 0.479642 0.479642 -4.8061 0 0 0 0 0 0 0 1.44377 0 0 0 0 0 0 0 0 0 0 0 0 0 0 0 0 0 0 0 0 0 0 0 1.44377 0 0 0 0 0 0 0 0 
0 0 0 0 0 0 0 0 0.479642 0 0 0 0 0 0 0 0.479642 0 0 0 0 0 0 0 -3.84682 0.721883 0.721883 0 0.721883 0 0 0 0 0 0 0 0 0 0 0 0 0 0 0 0 0 0 0 0 0 0 0 0 0 0 0 0.721883 0 0 0 0 0 0 0 
0 0 0 0 0 0 0 0 0 0.479642 0 0 0 0 0 0 0 0.479642 0 0 0 0 0 0 0.479642 -4.6874 0 1.08282 0 1.08282 0 0 0 0 0 0 0 0 0 0 0 0 0 0 0 0 0 0 0 0 0 0 0 0 0 0 0 1.08282 0 0 0 0 0 0 
0 0 0 0 0 0 0 0 0 0 0.479642 0 0 0 0 0 0 0 0.479642 0 0 0 0 0 0.479642 0 -4.6874 1.08282 0 0 1.08282 0 0 0 0 0 0 0 0 0 0 0 0 0 0 0 0 0 0 0 0 0 0 0 0 0 0 0 1.08282 0 0 0 0 0 
0 0 0 0 0 0 0 0 0 0 0 0.479642 0 0 0 0 0 0 0 0.479642 0 0 0 0 0 0.479642 0.479642 -4.8061 0 0 0 1.44377 0 0 0 0 0 0 0 0 0 0 0 0 0 0 0 0 0 0 0 0 0 0 0 0 0 0 0 1.44377 0 0 0 0 
0 0 0 0 0 0 0 0 0 0 0 0 0.479642 0 0 0 0 0 0 0 0.479642 0 0 0 0.479642 0 0 0 -4.6874 1.08282 1.08282 0 0 0 0 0 0 0 0 0 0 0 0 0 0 0 0 0 0 0 0 0 0 0 0 0 0 0 0 0 1.08282 0 0 0 
0 0 0 0 0 0 0 0 0 0 0 0 0 0.479642 0 0 0 0 0 0 0 0.479642 0 0 0 0.479642 0 0 0.479642 -4.8061 0 1.44377 0 0 0 0 0 0 0 0 0 0 0 0 0 0 0 0 0 0 0 0 0 0 0 0 0 0 0 0 0 1.44377 0 0 
0 0 0 0 0 0 0 0 0 0 0 0 0 0 0.479642 0 0 0 0 0 0 0 0.479642 0 0 0 0.479642 0 0.479642 0 -4.8061 1.44377 0 0 0 0 0 0 0 0 0 0 0 0 0 0 0 0 0 0 0 0 0 0 0 0 0 0 0 0 0 0 1.44377 0 
0 0 0 0 0 0 0 0 0 0 0 0 0 0 0 0.479642 0 0 0 0 0 0 0 0.479642 0 0 0 0.479642 0 0.479642 0.479642 -4.20292 0 0 0 0 0 0 0 0 0 0 0 0 0 0 0 0 0 0 0 0 0 0 0 0 0 0 0 0 0 0 0 1.80471 
0.479642 0 0 0 0 0 0 0 0 0 0 0 0 0 0 0 0 0 0 0 0 0 0 0 0 0 0 0 0 0 0 0 -2.28435 0.360941 0.360941 0 0.360941 0 0 0 0.360941 0 0 0 0 0 0 0 0.360941 0 0 0 0 0 0 0 0 0 0 0 0 0 0 0 
0 0.479642 0 0 0 0 0 0 0 0 0 0 0 0 0 0 0 0 0 0 0 0 0 0 0 0 0 0 0 0 0 0 0.479642 -3.84682 0 0.721883 0 0.721883 0 0 0 0.721883 0 0 0 0 0 0 0 0.721883 0 0 0 0 0 0 0 0 0 0 0 0 0 0 
0 0 0.479642 0 0 0 0 0 0 0 0 0 0 0 0 0 0 0 0 0 0 0 0 0 0 0 0 0 0 0 0 0 0.479642 0 -3.84682 0.721883 0 0 0.721883 0 0 0 0.721883 0 0 0 0 0 0 0 0.721883 0 0 0 0 0 0 0 0 0 0 0 0 0 
0 0 0 0.479642 0 0 0 0 0 0 0 0 0 0 0 0 0 0 0 0 0 0 0 0 0 0 0 0 0 0 0 0 0 0.479642 0.479642 -4.6874 0 0 0 1.08282 0 0 0 1.08282 0 0 0 0 0 0 0 1.08282 0 0 0 0 0 0 0 0 0 0 0 0 
0 0 0 0 0.479642 0 0 0 0 0 0 0 0 0 0 0 0 0 0 0 0 0 0 0 0 0 0 0 0 0 0 0 0.479642 0 0 0 -3.84682 0.721883 0.721883 0 0 0 0 0 0.721883 0 0 0 0 0 0 0 0.721883 0 0 0 0 0 0 0 0 0 0 0 
0 0 0 0 0 0.479642 0 0 0 0 0 0 0 0 0 0 0 0 0 0 0 0 0 0 0 0 0 0 0 0 0 0 0 0.479642 0 0 0.479642 -4.6874 0 1.08282 0 0 0 0 0 1.08282 0 0 0 0 0 0 0 1.08282 0 0 0 0 0 0 0 0 0 0 
0 0 0 0 0 0 0.479642 0 0 0 0 0 0 0 0 0 0 0 0 0 0 0 0 0 0 0 0 0 0 0 0 0 0 0 0.479642 0 0.479642 0 -4.6874 1.08282 0 0 0 0 0 0 1.08282 0 0 0 0 0 0 0 1.08282 0 0 0 0 0 0 0 0 0 
0 0 0 0 0 0 0 0.479642 0 0 0 0 0 0 0 0 0 0 0 0 0 0 0 0 0 0 0 0 0 0 0 0 0 0 0 0.479642 0 0.479642 0.479642 -4.8061 0 0 0 0 0 0 0 1.44377 0 0 0 0 0 0 0 1.44377 0 0 0 0 0 0 0 0 
0 0 0 0 0 0 0 0 0.479642 0 0 0 0 0 0 0 0 0 0 0 0 0 0 0 0 0 0 0 0 0 0 0 0.479642 0 0 0 0 0 0 0 -3.84682 0.721883 0.721883 0 0.721883 0 0 0 0 0 0 0 0 0 0 0 0.721883 0 0 0 0 0 0 0 
0 0 0 0 0 0 0 0 0 0.479642 0 0 0 0 0 0 0 0 0 0 0 0 0 0 0 0 0 0 0 0 0 0 0 0.479642 0 0 0 0 0 0 0.479642 -4.6874 0 1.08282 0 1.08282 0 0 0 0 0 0 0 0 0 0 0 1.08282 0 0 0 0 0 0 
0 0 0 0 0 0 0 0 0 0 0.479642 0 0 0 0 0 0 0 0 0 0 0 0 0 0 0 0 0 0 0 0 0 0 0 0.479642 0 0 0 0 0 0.479642 0 -4.6874 1.08282 0 0 1.08282 0 0 0 0 0 0 0 0 0 0 0 1.08282 0 0 0 0 0 
0 0 0 0 0 0 0 0 0 0 0 0.479642 0 0 0 0 0 0 0 0 0 0 0 0 0 0 0 0 0 0 0 0 0 0 0 0.479642 0 0 0 0 0 0.479642 0.479642 -4.8061 0 0 0 1.44377 0 0 0 0 0 0 0 0 0 0 0 1.44377 0 0 0 0 
0 0 0 0 0 0 0 0 0 0 0 0 0.479642 0 0 0 0 0 0 0 0 0 0 0 0 0 0 0 0 0 0 0 0 0 0 0 0.479642 0 0 0 0.479642 0 0 0 -4.6874 1.08282 1.08282 0 0 0 0 0 0 0 0 0 0 0 0 0 1.08282 0 0 0 
0 0 0 0 0 0 0 0 0 0 0 0 0 0.479642 0 0 0 0 0 0 0 0 0 0 0 0 0 0 0 0 0 0 0 0 0 0 0 0.479642 0 0 0 0.479642 0 0 0.479642 -4.8061 0 1.44377 0 0 0 0 0 0 0 0 0 0 0 0 0 1.44377 0 0 
0 0 0 0 0 0 0 0 0 0 0 0 0 0 0.479642 0 0 0 0 0 0 0 0 0 0 0 0 0 0 0 0 0 0 0 0 0 0 0 0.479642 0 0 0 0.479642 0 0.479642 0 -4.8061 1.44377 0 0 0 0 0 0 0 0 0 0 0 0 0 0 1.44377 0 
0 0 0 0 0 0 0 0 0 0 0 0 0 0 0 0.479642 0 0 0 0 0 0 0 0 0 0 0 0 0 0 0 0 0 0 0 0 0 0 0 0.479642 0 0 0 0.479642 0 0.479642 0.479642 -4.20292 0 0 0 0 0 0 0 0 0 0 0 0 0 0 0 1.80471 
0 0 0 0 0 0 0 0 0 0 0 0 0 0 0 0 0.479642 0 0 0 0 0 0 0 0 0 0 0 0 0 0 0 0.479642 0 0 0 0 0 0 0 0 0 0 0 0 0 0 0 -3.84682 0.721883 0.721883 0 0.721883 0 0 0 0.721883 0 0 0 0 0 0 0 
0 0 0 0 0 0 0 0 0 0 0 0 0 0 0 0 0 0.479642 0 0 0 0 0 0 0 0 0 0 0 0 0 0 0 0.479642 0 0 0 0 0 0 0 0 0 0 0 0 0 0 0.479642 -4.6874 0 1.08282 0 1.08282 0 0 0 1.08282 0 0 0 0 0 0 
0 0 0 0 0 0 0 0 0 0 0 0 0 0 0 0 0 0 0.479642 0 0 0 0 0 0 0 0 0 0 0 0 0 0 0 0.479642 0 0 0 0 0 0 0 0 0 0 0 0 0 0.479642 0 -4.6874 1.08282 0 0 1.08282 0 0 0 1.08282 0 0 0 0 0 
0 0 0 0 0 0 0 0 0 0 0 0 0 0 0 0 0 0 0 0.479642 0 0 0 0 0 0 0 0 0 0 0 0 0 0 0 0.479642 0 0 0 0 0 0 0 0 0 0 0 0 0 0.479642 0.479642 -4.8061 0 0 0 1.44377 0 0 0 1.44377 0 0 0 0 
0 0 0 0 0 0 0 0 0 0 0 0 0 0 0 0 0 0 0 0 0.479642 0 0 0 0 0 0 0 0 0 0 0 0 0 0 0 0.479642 0 0 0 0 0 0 0 0 0 0 0 0.479642 0 0 0 -4.6874 1.08282 1.08282 0 0 0 0 0 1.08282 0 0 0 
0 0 0 0 0 0 0 0 0 0 0 0 0 0 0 0 0 0 0 0 0 0.479642 0 0 0 0 0 0 0 0 0 0 0 0 0 0 0 0.479642 0 0 0 0 0 0 0 0 0 0 0 0.479642 0 0 0.479642 -4.8061 0 1.44377 0 0 0 0 0 1.44377 0 0 
0 0 0 0 0 0 0 0 0 0 0 0 0 0 0 0 0 0 0 0 0 0 0.479642 0 0 0 0 0 0 0 0 0 0 0 0 0 0 0 0.479642 0 0 0 0 0 0 0 0 0 0 0 0.479642 0 0.479642 0 -4.8061 1.44377 0 0 0 0 0 0 1.44377 0 
0 0 0 0 0 0 0 0 0 0 0 0 0 0 0 0 0 0 0 0 0 0 0 0.479642 0 0 0 0 0 0 0 0 0 0 0 0 0 0 0 0.479642 0 0 0 0 0 0 0 0 0 0 0 0.479642 0 0.479642 0.479642 -4.20292 0 0 0 0 0 0 0 1.80471 
0 0 0 0 0 0 0 0 0 0 0 0 0 0 0 0 0 0 0 0 0 0 0 0 0.479642 0 0 0 0 0 0 0 0 0 0 0 0 0 0 0 0.479642 0 0 0 0 0 0 0 0.479642 0 0 0 0 0 0 0 -4.6874 1.08282 1.08282 0 1.08282 0 0 0 
0 0 0 0 0 0 0 0 0 0 0 0 0 0 0 0 0 0 0 0 0 0 0 0 0 0.479642 0 0 0 0 0 0 0 0 0 0 0 0 0 0 0 0.479642 0 0 0 0 0 0 0 0.479642 0 0 0 0 0 0 0.479642 -4.8061 0 1.44377 0 1.44377 0 0 
0 0 0 0 0 0 0 0 0 0 0 0 0 0 0 0 0 0 0 0 0 0 0 0 0 0 0.479642 0 0 0 0 0 0 0 0 0 0 0 0 0 0 0 0.479642 0 0 0 0 0 0 0 0.479642 0 0 0 0 0 0.479642 0 -4.8061 1.44377 0 0 1.44377 0 
0 0 0 0 0 0 0 0 0 0 0 0 0 0 0 0 0 0 0 0 0 0 0 0 0 0 0 0.479642 0 0 0 0 0 0 0 0 0 0 0 0 0 0 0 0.479642 0 0 0 0 0 0 0 0.479642 0 0 0 0 0 0.479642 0.479642 -4.20292 0 0 0 1.80471 
0 0 0 0 0 0 0 0 0 0 0 0 0 0 0 0 0 0 0 0 0 0 0 0 0 0 0 0 0.479642 0 0 0 0 0 0 0 0 0 0 0 0 0 0 0 0.479642 0 0 0 0 0 0 0 0.479642 0 0 0 0.479642 0 0 0 -4.8061 1.44377 1.44377 0 
0 0 0 0 0 0 0 0 0 0 0 0 0 0 0 0 0 0 0 0 0 0 0 0 0 0 0 0 0 0.479642 0 0 0 0 0 0 0 0 0 0 0 0 0 0 0 0.479642 0 0 0 0 0 0 0 0.479642 0 0 0 0.479642 0 0 0.479642 -4.20292 0 1.80471 
0 0 0 0 0 0 0 0 0 0 0 0 0 0 0 0 0 0 0 0 0 0 0 0 0 0 0 0 0 0 0.479642 0 0 0 0 0 0 0 0 0 0 0 0 0 0 0 0.479642 0 0 0 0 0 0 0 0.479642 0 0 0 0.479642 0 0.479642 0 -4.20292 1.80471 
0 0 0 0 0 0 0 0 0 0 0 0 0 0 0 0 0 0 0 0 0 0 0 0 0 0 0 0 0 0 0 0.479642 0 0 0 0 0 0 0 0 0 0 0 0 0 0 0 0.479642 0 0 0 0 0 0 0 0.479642 0 0 0 0.479642 0 0.479642 0.479642 -2.87785 
