64
-0 0 0 0 0 0 0 0 0 0 0 0 0 0 0 0 0 0 0 0 0 0 0 0 0 0 0 0 0 0 0 0 0 0 0 0 0 0 0 0 0 0 0 0 0 0 0 0 0 0 0 0 0 0 0 0 0 0 0 0 0 0 0 0 
0.492886 -2.32917 0 0.367257 0 0.367257 0 0 0 0.367257 0 0 0 0 0 0 0 0.367257 0 0 0 0 0 0 0 0 0 0 0 0 0 0 0 0.367257 0 0 0 0 0 0 0 0 0 0 0 0 0 0 0 0 0 0 0 0 0 0 0 0 0 0 0 0 0 0 
0.492886 0 -2.32917 0.367257 0 0 0.367257 0 0 0 0.367257 0 0 0 0 0 0 0 0.367257 0 0 0 0 0 0 0 0 0 0 0 0 0 0 0 0.367257 0 0 0 0 0 0 0 0 0 0 0 0 0 0 0 0 0 0 0 0 0 0 0 0 0 0 0 0 0 
0 0.492886 0.492886 -3.92382 0 0 0 0.734513 0 0 0 0.734513 0 0 0 0 0 0 0 0.734513 0 0 0 0 0 0 0 0 0 0 0 0 0 0 0 0.734513 0 0 0 0 0 0 0 0 0 0 0 0 0 0 0 0 0 0 0 0 0 0 0 0 0 0 0 0 
0.492886 0 0 0 -2.32917 0.367257 0.367257 0 0 0 0 0 0.367257 0 0 0 0 0 0 0 0.367257 0 0 0 0 0 0 0 0 0 0 0 0 0 0 0 0.367257 0 0 0 0 0 0 0 0 0 0 0 0 0 0 0 0 0 0 0 0 0 0 0 0 0 0 0 
0 0.492886 0 0 0.492886 -3.92382 0 0.734513 0 0 0 0 0 0.734513 0 0 0 0 0 0 0 0.734513 0 0 0 0 0 0 0 0 0 0 0 0 0 0 0 0.734513 0 0 0 0 0 0 0 0 0 0 0 0 0 0 0 0 0 0 0 0 0 0 0 0 0 0 
0 0 0.492886 0 0.492886 0 -3.92382 0.734513 0 0 0 0 0 0 0.734513 0 0 0 0 0 0 0 0.734513 0 0 0 0 0 0 0 0 0 0 0 0 0 0 0 0.734513 0 0 0 0 0 0 0 0 0 0 0 0 0 0 0 0 0 0 0 0 0 0 0 0 0 
0 0 0 0.492886 0 0.492886 0.492886 -4.78397 0 0 0 0 0 0 0 1.10177 0 0 0 0 0 0 0 1.10177 0 0 0 0 0 0 0 0 0 0 0 0 0 0 0 1.10177 0 0 0 0 0 0 0 0 0 0 0 0 0 0 0 0 0 0 0 0 0 0 0 0 
0.492886 0 0 0 0 0 0 0 -2.32917 0.367257 0.367257 0 0.367257 0 0 0 0 0 0 0 0 0 0 0 0.367257 0 0 0 0 0 0 0 0 0 0 0 0 0 0 0 0.367257 0 0 0 0 0 0 0 0 0 0 0 0 0 0 0 0 0 0 0 0 0 0 0 
0 0.492886 0 0 0 0 0 0 0.492886 -3.92382 0 0.734513 0 0.734513 0 0 0 0 0 0 0 0 0 0 0 0.734513 0 0 0 0 0 0 0 0 0 0 0 0 0 0 0 0.734513 0 0 0 0 0 0 0 0 0 0 0 0 0 0 0 0 0 0 0 0 0 0 
0 0 0.492886 0 0 0 0 0 0.492886 0 -3.92382 0.734513 0 0 0.734513 0 0 0 0 0 0 0 0 0 0 0 0.734513 0 0 0 0 0 0 0 0 0 0 0 0 0 0 0 0.734513 0 0 0 0 0 0 0 0 0 0 0 0 0 0 0 0 0 0 0 0 0 
0 0 0 0.492886 0 0 0 0 0 0.492886 0.492886 -4.78397 0 0 0 1.10177 0 0 0 0 0 0 0 0 0 0 0 1.10177 0 0 0 0 0 0 0 0 0 0 0 0 0 0 0 1.10177 0 0 0 0 0 0 0 0 0 0 0 0 0 0 0 0 0 0 0 0 
0 0 0 0 0.492886 0 0 0 0.492886 0 0 0 -3.92382 0.734513 0.734513 0 0 0 0 0 0 0 0 0 0 0 0 0 0.734513 0 0 0 0 0 0 0 0 0 0 0 0 0 0 0 0.734513 0 0 0 0 0 0 0 0 0 0 0 0 0 0 0 0 0 0 0 
0 0 0 0 0 0.492886 0 0 0 0.492886 0 0 0.492886 -4.78397 0 1.10177 0 0 0 0 0 0 0 0 0 0 0 0 0 1.10177 0 0 0 0 0 0 0 0 0 0 0 0 0 0 0 1.10177 0 0 0 0 0 0 0 0 0 0 0 0 0 0 0 0 0 0 
0 0 0 0 0 0 0.492886 0 0 0 0.492886 0 0.492886 0 -4.78397 1.10177 0 0 0 0 0 0 0 0 0 0 0 0 0 0 1.10177 0 0 0 0 0 0 0 0 0 0 0 0 0 0 0 1.10177 0 0 0 0 0 0 0 0 0 0 0 0 0 0 0 0 0 
0 0 0 0 0 0 0 0.492886 0 0 0 0.492886 0 0.492886 0.492886 -4.9096 0 0 0 0 0 0 0 0 0 0 0 0 0 0 0 1.46903 0 0 0 0 0 0 0 0 0 0 0 0 0 0 0 1.46903 0 0 0 0 0 0 0 0 0 0 0 0 0 0 0 0 
0.492886 0 0 0 0 0 0 0 0 0 0 0 0 0 0 0 -2.32917 0.367257 0.367257 0 0.367257 0 0 0 0.367257 0 0 0 0 0 0 0 0 0 0 0 0 0 0 0 0 0 0 0 0 0 0 0 0.367257 0 0 0 0 0 0 0 0 0 0 0 0 0 0 0 
0 0.492886 0 0 0 0 0 0 0 0 0 0 0 0 0 0 0.492886 -3.92382 0 0.734513 0 0.734513 0 0 0 0.734513 0 0 0 0 0 0 0 0 0 0 0 0 0 0 0 0 0 0 0 0 0 0 0 0.734513 0 0 0 0 0 0 0 0 0 0 0 0 0 0 
0 0 0.492886 0 0 0 0 0 0 0 0 0 0 0 0 0 0.492886 0 -3.92382 0.734513 0 0 0.734513 0 0 0 0.734513 0 0 0 0 0 0 0 0 0 0 0 0 0 0 0 0 0 0 0 0 0 0 0 0.734513 0 0 0 0 0 0 0 0 0 0 0 0 0 
0 0 0 0.492886 0 0 0 0 0 0 0 0 0 0 0 0 0 0.492886 0.492886 -4.78397 0 0 0 1.10177 0 0 0 1.10177 0 0 0 0 0 0 0 0 0 0 0 0 0 0 0 0 0 0 0 0 0 0 0 1.10177 0 0 0 0 0 0 0 0 0 0 0 0 
0 0 0 0 0.492886 0 0 0 0 0 0 0 0 0 0 0 0.492886 0 0 0 -3.92382 0.734513 0.734513 0 0 0 0 0 0.734513 0 0 0 0 0 0 0 0 0 0 0 0 0 0 0 0 0 0 0 0 0 0 0 0.734513 0 0 0 0 0 0 0 0 0 0 0 
0 0 0 0 0 0.492886 0 0 0 0 0 0 0 0 0 0 0 0.492886 0 0 0.492886 -4.78397 0 1.10177 0 0 0 0 0 1.10177 0 0 0 0 0 0 0 0 0 0 0 0 0 0 0 0 0 0 0 0 0 0 0 1.10177 0 0 0 0 0 0 0 0 0 0 
0 0 0 0 0 0 0.492886 0 0 0 0 0 0 0 0 0 0 0 0.492886 0 0.492886 0 -4.78397 1.10177 0 0 0 0 0 0 1.10177 0 0 0 0 0 0 0 0 0 0 0 0 0 0 0 0 0 0 0 0 0 0 0 1.10177 0 0 0 0 0 0 0 0 0 
0 0 0 0 0 0 0 0.492886 0 0 0 0 0 0 0 0 0 0 0 0.492886 0 0.492886 0.492886 -4.9096 0 0 0 0 0 0 0 1.46903 0 0 0 0 0 0 0 0 0 0 0 0 0 0 0 0 0 0 0 0 0 0 0 1.46903 0 0 0 0 0 0 0 0 
0 0 0 0 0 0 0 0 0.492886 0 0 0 0 0 0 0 0.492886 0 0 0 0 0 0 0 -3.92382 0.734513 0.734513 0 0.734513 0 0 0 0 0 0 0 0 0 0 0 0 0 0 0 0 0 0 0 0 0 0 0 0 0 0 0 0.734513 0 0 0 0 0 0 0 
0 0 0 0 0 0 0 0 0 0.492886 0 0 0 0 0 0 0 0.492886 0 0 0 0 0 0 0.492886 -4.78397 0 1.10177 0 1.10177 0 0 0 0 0 0 0 0 0 0 0 0 0 0 0 0 0 0 0 0 0 0 0 0 0 0 0 1.10177 0 0 0 0 0 0 
0 0 0 0 0 0 0 0 0 0 0.492886 0 0 0 0 0 0 0 0.492886 0 0 0 0 0 0.492886 0 -4.78397 1.10177 0 0 1.10177 0 0 0 0 0 0 0 0 0 0 0 0 0 0 0 0 0 0 0 0 0 0 0 0 0 0 0 1.10177 0 0 0 0 0 
0 0 0 0 0 0 0 0 0 0 0 0.492886 0 0 0 0 0 0 0 0.492886 0 0 0 0 0 0.492886 0.492886 -4.9096 0 0 0 1.46903 0 0 0 0 0 0 0 0 0 0 0 0 0 0 0 0 0 0 0 0 0 0 0 0 0 0 0 1.46903 0 0 0 0 
0 0 0 0 0 0 0 0 0 0 0 0 0.492886 0 0 0 0 0 0 0 0.492886 0 0 0 0.492886 0 0 0 -4.78397 1.10177 1.10177 0 0 0 0 0 0 0 0 0 0 0 0 0 0 0 0 0 0 0 0 0 0 0 0 0 0 0 0 0 1.10177 0 0 0 
0 0 0 0 0 0 0 0 0 0 0 0 0 0.492886 0 0 0 0 0 0 0 0.492886 0 0 0 0.492886 0 0 0.492886 -4.9096 0 1.46903 0 0 0 0 0 0 0 0 0 0 0 0 0 0 0 0 0 0 0 0 0 0 0 0 0 0 0 0 0 1.46903 0 0 
0 0 0 0 0 0 0 0 0 0 0 0 0 0 0.492886 0 0 0 0 0 0 0 0.492886 0 0 0 0.492886 0 0.492886 0 -4.9096 1.46903 0 0 0 0 0 0 0 0 0 0 0 0 0 0 0 0 0 0 0 0 0 0 0 0 0 0 0 0 0 0 1.46903 0 
0 0 0 0 0 0 0 0 0 0 0 0 0 0 0 0.492886 0 0 0 0 0 0 0 0.492886 0 0 0 0.492886 0 0.492886 0.492886 -4.30071 0 0 0 0 0 0 0 0 0 0 0 0 0 0 0 0 0 0 0 0 0 0 0 0 0 0 0 0 0 0 0 1.83628 
0.492886 0 0 0 0 0 0 0 0 0 0 0 0 0 0 0 0 0 0 0 0 0 0 0 0 0 0 0 0 0 0 0 -2.32917 0.367257 0.367257 0 0.367257 0 0 0 0.367257 0 0 0 0 0 0 0 0.367257 0 0 0 0 0 0 0 0 0 0 0 0 0 0 0 
0 0.492886 0 0 0 0 0 0 0 0 0 0 0 0 0 0 0 0 0 0 0 0 0 0 0 0 0 0 0 0 0 0 0.492886 -3.92382 0 0.734513 0 0.734513 0 0 0 0.734513 0 0 0 0 0 0 0 0.734513 0 0 0 0 0 0 0 0 0 0 0 0 0 0 
0 0 0.492886 0 0 0 0 0 0 0 0 0 0 0 0 0 0 0 0 0 0 0 0 0 0 0 0 0 0 0 0 0 0.492886 0 -3.92382 0.734513 0 0 0.734513 0 0 0 0.734513 0 0 0 0 0 0 0 0.734513 0 0 0 0 0 0 0 0 0 0 0 0 0 
0 0 0 0.492886 0 0 0 0 0 0 0 0 0 0 0 0 0 0 0 0 0 0 0 0 0 0 0 0 0 0 0 0 0 0.492886 0.492886 -4.78397 0 0 0 1.10177 0 0 0 1.10177 0 0 0 0 0 0 0 1.10177 0 0 0 0 0 0 0 0 0 0 0 0 
0 0 0 0 0.492886 0 0 0 0 0 0 0 0 0 0 0 0 0 0 0 0 0 0 0 0 0 0 0 0 0 0 0 0.492886 0 0 0 -3.92382 0.734513 0.734513 0 0 0 0 0 0.734513 0 0 0 0 0 0 0 0.734513 0 0 0 0 0 0 0 0 0 0 0 
0 0 0 0 0 0.492886 0 0 0 0 0 0 0 0 0 0 0 0 0 0 0 0 0 0 0 0 0 0 0 0 0 0 0 0.492886 0 0 0.492886 -4.78397 0 1.10177 0 0 0 0 0 1.10177 0 0 0 0 0 0 0 1.10177 0 0 0 0 0 0 0 0 0 0 
0 0 0 0 0 0 0.492886 0 0 0 0 0 0 0 0 0 0 0 0 0 0 0 0 0 0 0 0 0 0 0 0 0 0 0 0.492886 0 0.492886 0 -4.78397 1.10177 0 0 0 0 0 0 1.10177 0 0 0 0 0 0 0 1.10177 0 0 0 0 0 0 0 0 0 
0 0 0 0 0 0 0 0.492886 0 0 0 0 0 0 0 0 0 0 0 0 0 0 0 0 0 0 0 0 0 0 0 0 0 0 0 0.492886 0 0.492886 0.492886 -4.9096 0 0 0 0 0 0 0 1.46903 0 0 0 0 0 0 0 1.46903 0 0 0 0 0 0 0 0 
0 0 0 0 0 0 0 0 0.492886 0 0 0 0 0 0 0 0 0 0 0 0 0 0 0 0 0 0 0 0 0 0 0 0.492886 0 0 0 0 0 0 0 -3.92382 0.734513 0.734513 0 0.734513 0 0 0 0 0 0 0 0 0 0 0 0.734513 0 0 0 0 0 0 0 
0 0 0 0 0 0 0 0 0 0.492886 0 0 0 0 0 0 0 0 0 0 0 0 0 0 0 0 0 0 0 0 0 0 0 0.492886 0 0 0 0 0 0 0.492886 -4.78397 0 1.10177 0 1.10177 0 0 0 0 0 0 0 0 0 0 0 1.10177 0 0 0 0 0 0 
0 0 0 0 0 0 0 0 0 0 0.492886 0 0 0 0 0 0 0 0 0 0 0 0 0 0 0 0 0 0 0 0 0 0 0 0.492886 0 0 0 0 0 0.492886 0 -4.78397 1.10177 0 0 1.10177 0 0 0 0 0 0 0 0 0 0 0 1.10177 0 0 0 0 0 
0 0 0 0 0 0 0 0 0 0 0 0.492886 0 0 0 0 0 0 0 0 0 0 0 0 0 0 0 0 0 0 0 0 0 0 0 0.492886 0 0 0 0 0 0.492886 0.492886 -4.9096 0 0 0 1.46903 0 0 0 0 0 0 0 0 0 0 0 1.46903 0 0 0 0 
0 0 0 0 0 0 0 0 0 0 0 0 0.492886 0 0 0 0 0 0 0 0 0 0 0 0 0 0 0 0 0 0 0 0 0 0 0 0.492886 0 0 0 0.492886 0 0 0 -4.78397 1.10177 1.10177 0 0 0 0 0 0 0 0 0 0 0 0 0 1.10177 0 0 0 
0 0 0 0 0 0 0 0 0 0 0 0 0 0.492886 0 0 0 0 0 0 0 0 0 0 0 0 0 0 0 0 0 0 0 0 0 0 0 0.492886 0 0 0 0.492886 0 0 0.492886 -4.9096 0 1.46903 0 0 0 0 0 0 0 0 0 0 0 0 0 1.46903 0 0 
0 0 0 0 0 0 0 0 0 0 0 0 0 0 0.492886 0 0 0 0 0 0 0 0 0 0 0 0 0 0 0 0 0 0 0 0 0 0 0 0.492886 0 0 0 0.492886 0 0.492886 0 -4.9096 1.46903 0 0 0 0 0 0 0 0 0 0 0 0 0 0 1.46903 0 
0 0 0 0 0 0 0 0 0 0 0 0 0 0 0 0.492886 0 0 0 0 0 0 0 0 0 0 0 0 0 0 0 0 0 0 0 0 0 0 0 0.492886 0 0 0 0.492886 0 0.492886 0.492886 -4.30071 0 0 0 0 0 0 0 0 0 0 0 0 0 0 0 1.83628 
0 0 0 0 0 0 0 0 0 0 0 0 0 0 0 0 0.492886 0 0 0 0 0 0 0 0 0 0 0 0 0 0 0 0.492886 0 0 0 0 0 0 0 0 0 0 0 0 0 0 0 -3.92382 0.734513 0.734513 0 0.734513 0 0 0 0.734513 0 0 0 0 0 0 0 
0 0 0 0 0 0 0 0 0 0 0 0 0 0 0 0 0 0.492886 0 0 0 0 0 0 0 0 0 0 0 0 0 0 0 0.492886 0 0 0 0 0 0 0 0 0 0 0 0 0 0 0.492886 -4.78397 0 1.10177 0 1.10177 0 0 0 1.10177 0 0 0 0 0 0 
0 0 0 0 0 0 0 0 0 0 0 0 0 0 0 0 0 0 0.492886 0 0 0 0 0 0 0 0 0 0 0 0 0 0 0 0.492886 0 0 0 0 0 0 0 0 0 0 0 0 0 0.492886 0 -4.78397 1.10177 0 0 1.10177 0 0 0 1.10177 0 0 0 0 0 
0 0 0 0 0 0 0 0 0 0 0 0 0 0 0 0 0 0 0 0.492886 0 0 0 0 0 0 0 0 0 0 0 0 0 0 0 0.492886 0 0 0 0 0 0 0 0 0 0 0 0 0 0.492886 0.492886 -4.9096 0 0 0 1.46903 0 0 0 1.46903 0 0 0 0 
0 0 0 0 0 0 0 0 0 0 0 0 0 0 0 0 0 0 0 0 0.492886 0 0 0 0 0 0 0 0 0 0 0 0 0 0 0 0.492886 0 0 0 0 0 0 0 0 0 0 0 0.492886 0 0 0 -4.78397 1.10177 1.10177 0 0 0 0 0 1.10177 0 0 0 
0 0 0 0 0 0 0 0 0 0 0 0 0 0 0 0 0 0 0 0 0 0.492886 0 0 0 0 0 0 0 0 0 0 0 0 0 0 0 0.492886 0 0 0 0 0 0 0 0 0 0 0 0.492886 0 0 0.492886 -4.9096 0 1.46903 0 0 0 0 0 1.46903 0 0 
0 0 0 0 0 0 0 0 0 0 0 0 0 0 0 0 0 0 0 0 0 0 0.492886 0 0 0 0 0 0 0 0 0 0 0 0 0 0 0 0.492886 0 0 0 0 0 0 0 0 0 0 0 0.492886 0 0.492886 0 -4.9096 1.46903 0 0 0 0 0 0 1.46903 0 
0 0 0 0 0 0 0 0 0 0 0 0 0 0 0 0 0 0 0 0 0 0 0 0.492886 0 0 0 0 0 0 0 0 0 0 0 0 0 0 0 0.492886 0 0 0 0 0 0 0 0 0 0 0 0.492886 0 0.492886 0.492886 -4.30071 0 0 0 0 0 0 0 1.83628 
0 0 0 0 0 0 0 0 0 0 0 0 0 0 0 0 0 0 0 0 0 0 0 0 0.492886 0 0 0 0 0 0 0 0 0 0 0 0 0 0 0 0.492886 0 0 0 0 0 0 0 0.492886 0 0 0 0 0 0 0 -4.78397 1.10177 1.10177 0 1.10177 0 0 0 
0 0 0 0 0 0 0 0 0 0 0 0 0 0 0 0 0 0 0 0 0 0 0 0 0 0.492886 0 0 0 0 0 0 0 0 0 0 0 0 0 0 0 0.492886 0 0 0 0 0 0 0 0.492886 0 0 0 0 0 0 0.492886 -4.9096 0 1.46903 0 1.46903 0 0 
0 0 0 0 0 0 0 0 0 0 0 0 0 0 0 0 0 0 0 0 0 0 0 0 0 0 0.492886 0 0 0 0 0 0 0 0 0 0 0 0 0 0 0 0.492886 0 0 0 0 0 0 0 0.492886 0 0 0 0 0 0.492886 0 -4.9096 1.46903 0 0 1.46903 0 
0 0 0 0 0 0 0 0 0 0 0 0 0 0 0 0 0 0 0 0 0 0 0 0 0 0 0 0.492886 0 0 0 0 0 0 0 0 0 0 0 0 0 0 0 0.492886 0 0 0 0 0 0 0 0.492886 0 0 0 0 0 0.492886 0.492886 -4.30071 0 0 0 1.83628 
0 0 0 0 0 0 0 0 0 0 0 0 0 0 0 0 0 0 0 0 0 0 0 0 0 0 0 0 0.492886 0 0 0 0 0 0 0 0 0 0 0 0 0 0 0 0.492886 0 0 0 0 0 0 0 0.492886 0 0 0 0.492886 0 0 0 -4.9096 1.46903 1.46903 0 
0 0 0 0 0 0 0 0 0 0 0 0 0 0 0 0 0 0 0 0 0 0 0 0 0 0 0 0 0 0.492886 0 0 0 0 0 0 0 0 0 0 0 0 0 0 0 0.492886 0 0 0 0 0 0 0 0.492886 0 0 0 0.492886 0 0 0.492886 -4.30071 0 1.83628 
0 0 0 0 0 0 0 0 0 0 0 0 0 0 0 0 0 0 0 0 0 0 0 0 0 0 0 0 0 0 0.492886 0 0 0 0 0 0 0 0 0 0 0 0 0 0 0 0.492886 0 0 0 0 0 0 0 0.492886 0 0 0 0.492886 0 0.492886 0 -4.30071 1.83628 
0 0 0 0 0 0 0 0 0 0 0 0 0 0 0 0 0 0 0 0 0 0 0 0 0 0 0 0 0 0 0 0.492886 0 0 0 0 0 0 0 0 0 0 0 0 0 0 0 0.492886 0 0 0 0 0 0 0 0.492886 0 0 0 0.492886 0 0.492886 0.492886 -2.95732 
