64
-0 0 0 0 0 0 0 0 0 0 0 0 0 0 0 0 0 0 0 0 0 0 0 0 0 0 0 0 0 0 0 0 0 0 0 0 0 0 0 0 0 0 0 0 0 0 0 0 0 0 0 0 0 0 0 0 0 0 0 0 0 0 0 0 
0.219041 -1.34051 0 0.224294 0 0.224294 0 0 0 0.224294 0 0 0 0 0 0 0 0.224294 0 0 0 0 0 0 0 0 0 0 0 0 0 0 0 0.224294 0 0 0 0 0 0 0 0 0 0 0 0 0 0 0 0 0 0 0 0 0 0 0 0 0 0 0 0 0 0 
0.219041 0 -1.34051 0.224294 0 0 0.224294 0 0 0 0.224294 0 0 0 0 0 0 0 0.224294 0 0 0 0 0 0 0 0 0 0 0 0 0 0 0 0.224294 0 0 0 0 0 0 0 0 0 0 0 0 0 0 0 0 0 0 0 0 0 0 0 0 0 0 0 0 0 
0 0.219041 0.219041 -2.23243 0 0 0 0.448588 0 0 0 0.448588 0 0 0 0 0 0 0 0.448588 0 0 0 0 0 0 0 0 0 0 0 0 0 0 0 0.448588 0 0 0 0 0 0 0 0 0 0 0 0 0 0 0 0 0 0 0 0 0 0 0 0 0 0 0 0 
0.219041 0 0 0 -1.34051 0.224294 0.224294 0 0 0 0 0 0.224294 0 0 0 0 0 0 0 0.224294 0 0 0 0 0 0 0 0 0 0 0 0 0 0 0 0.224294 0 0 0 0 0 0 0 0 0 0 0 0 0 0 0 0 0 0 0 0 0 0 0 0 0 0 0 
0 0.219041 0 0 0.219041 -2.23243 0 0.448588 0 0 0 0 0 0.448588 0 0 0 0 0 0 0 0.448588 0 0 0 0 0 0 0 0 0 0 0 0 0 0 0 0.448588 0 0 0 0 0 0 0 0 0 0 0 0 0 0 0 0 0 0 0 0 0 0 0 0 0 0 
0 0 0.219041 0 0.219041 0 -2.23243 0.448588 0 0 0 0 0 0 0.448588 0 0 0 0 0 0 0 0.448588 0 0 0 0 0 0 0 0 0 0 0 0 0 0 0 0.448588 0 0 0 0 0 0 0 0 0 0 0 0 0 0 0 0 0 0 0 0 0 0 0 0 0 
0 0 0 0.219041 0 0.219041 0.219041 -2.67577 0 0 0 0 0 0 0 0.672882 0 0 0 0 0 0 0 0.672882 0 0 0 0 0 0 0 0 0 0 0 0 0 0 0 0.672882 0 0 0 0 0 0 0 0 0 0 0 0 0 0 0 0 0 0 0 0 0 0 0 0 
0.219041 0 0 0 0 0 0 0 -1.34051 0.224294 0.224294 0 0.224294 0 0 0 0 0 0 0 0 0 0 0 0.224294 0 0 0 0 0 0 0 0 0 0 0 0 0 0 0 0.224294 0 0 0 0 0 0 0 0 0 0 0 0 0 0 0 0 0 0 0 0 0 0 0 
0 0.219041 0 0 0 0 0 0 0.219041 -2.23243 0 0.448588 0 0.448588 0 0 0 0 0 0 0 0 0 0 0 0.448588 0 0 0 0 0 0 0 0 0 0 0 0 0 0 0 0.448588 0 0 0 0 0 0 0 0 0 0 0 0 0 0 0 0 0 0 0 0 0 0 
0 0 0.219041 0 0 0 0 0 0.219041 0 -2.23243 0.448588 0 0 0.448588 0 0 0 0 0 0 0 0 0 0 0 0.448588 0 0 0 0 0 0 0 0 0 0 0 0 0 0 0 0.448588 0 0 0 0 0 0 0 0 0 0 0 0 0 0 0 0 0 0 0 0 0 
0 0 0 0.219041 0 0 0 0 0 0.219041 0.219041 -2.67577 0 0 0 0.672882 0 0 0 0 0 0 0 0 0 0 0 0.672882 0 0 0 0 0 0 0 0 0 0 0 0 0 0 0 0.672882 0 0 0 0 0 0 0 0 0 0 0 0 0 0 0 0 0 0 0 0 
0 0 0 0 0.219041 0 0 0 0.219041 0 0 0 -2.23243 0.448588 0.448588 0 0 0 0 0 0 0 0 0 0 0 0 0 0.448588 0 0 0 0 0 0 0 0 0 0 0 0 0 0 0 0.448588 0 0 0 0 0 0 0 0 0 0 0 0 0 0 0 0 0 0 0 
0 0 0 0 0 0.219041 0 0 0 0.219041 0 0 0.219041 -2.67577 0 0.672882 0 0 0 0 0 0 0 0 0 0 0 0 0 0.672882 0 0 0 0 0 0 0 0 0 0 0 0 0 0 0 0.672882 0 0 0 0 0 0 0 0 0 0 0 0 0 0 0 0 0 0 
0 0 0 0 0 0 0.219041 0 0 0 0.219041 0 0.219041 0 -2.67577 0.672882 0 0 0 0 0 0 0 0 0 0 0 0 0 0 0.672882 0 0 0 0 0 0 0 0 0 0 0 0 0 0 0 0.672882 0 0 0 0 0 0 0 0 0 0 0 0 0 0 0 0 0 
0 0 0 0 0 0 0 0.219041 0 0 0 0.219041 0 0.219041 0.219041 -2.67051 0 0 0 0 0 0 0 0 0 0 0 0 0 0 0 0.897176 0 0 0 0 0 0 0 0 0 0 0 0 0 0 0 0.897176 0 0 0 0 0 0 0 0 0 0 0 0 0 0 0 0 
0.219041 0 0 0 0 0 0 0 0 0 0 0 0 0 0 0 -1.34051 0.224294 0.224294 0 0.224294 0 0 0 0.224294 0 0 0 0 0 0 0 0 0 0 0 0 0 0 0 0 0 0 0 0 0 0 0 0.224294 0 0 0 0 0 0 0 0 0 0 0 0 0 0 0 
0 0.219041 0 0 0 0 0 0 0 0 0 0 0 0 0 0 0.219041 -2.23243 0 0.448588 0 0.448588 0 0 0 0.448588 0 0 0 0 0 0 0 0 0 0 0 0 0 0 0 0 0 0 0 0 0 0 0 0.448588 0 0 0 0 0 0 0 0 0 0 0 0 0 0 
0 0 0.219041 0 0 0 0 0 0 0 0 0 0 0 0 0 0.219041 0 -2.23243 0.448588 0 0 0.448588 0 0 0 0.448588 0 0 0 0 0 0 0 0 0 0 0 0 0 0 0 0 0 0 0 0 0 0 0 0.448588 0 0 0 0 0 0 0 0 0 0 0 0 0 
0 0 0 0.219041 0 0 0 0 0 0 0 0 0 0 0 0 0 0.219041 0.219041 -2.67577 0 0 0 0.672882 0 0 0 0.672882 0 0 0 0 0 0 0 0 0 0 0 0 0 0 0 0 0 0 0 0 0 0 0 0.672882 0 0 0 0 0 0 0 0 0 0 0 0 
0 0 0 0 0.219041 0 0 0 0 0 0 0 0 0 0 0 0.219041 0 0 0 -2.23243 0.448588 0.448588 0 0 0 0 0 0.448588 0 0 0 0 0 0 0 0 0 0 0 0 0 0 0 0 0 0 0 0 0 0 0 0.448588 0 0 0 0 0 0 0 0 0 0 0 
0 0 0 0 0 0.219041 0 0 0 0 0 0 0 0 0 0 0 0.219041 0 0 0.219041 -2.67577 0 0.672882 0 0 0 0 0 0.672882 0 0 0 0 0 0 0 0 0 0 0 0 0 0 0 0 0 0 0 0 0 0 0 0.672882 0 0 0 0 0 0 0 0 0 0 
0 0 0 0 0 0 0.219041 0 0 0 0 0 0 0 0 0 0 0 0.219041 0 0.219041 0 -2.67577 0.672882 0 0 0 0 0 0 0.672882 0 0 0 0 0 0 0 0 0 0 0 0 0 0 0 0 0 0 0 0 0 0 0 0.672882 0 0 0 0 0 0 0 0 0 
0 0 0 0 0 0 0 0.219041 0 0 0 0 0 0 0 0 0 0 0 0.219041 0 0.219041 0.219041 -2.67051 0 0 0 0 0 0 0 0.897176 0 0 0 0 0 0 0 0 0 0 0 0 0 0 0 0 0 0 0 0 0 0 0 0.897176 0 0 0 0 0 0 0 0 
0 0 0 0 0 0 0 0 0.219041 0 0 0 0 0 0 0 0.219041 0 0 0 0 0 0 0 -2.23243 0.448588 0.448588 0 0.448588 0 0 0 0 0 0 0 0 0 0 0 0 0 0 0 0 0 0 0 0 0 0 0 0 0 0 0 0.448588 0 0 0 0 0 0 0 
0 0 0 0 0 0 0 0 0 0.219041 0 0 0 0 0 0 0 0.219041 0 0 0 0 0 0 0.219041 -2.67577 0 0.672882 0 0.672882 0 0 0 0 0 0 0 0 0 0 0 0 0 0 0 0 0 0 0 0 0 0 0 0 0 0 0 0.672882 0 0 0 0 0 0 
0 0 0 0 0 0 0 0 0 0 0.219041 0 0 0 0 0 0 0 0.219041 0 0 0 0 0 0.219041 0 -2.67577 0.672882 0 0 0.672882 0 0 0 0 0 0 0 0 0 0 0 0 0 0 0 0 0 0 0 0 0 0 0 0 0 0 0 0.672882 0 0 0 0 0 
0 0 0 0 0 0 0 0 0 0 0 0.219041 0 0 0 0 0 0 0 0.219041 0 0 0 0 0 0.219041 0.219041 -2.67051 0 0 0 0.897176 0 0 0 0 0 0 0 0 0 0 0 0 0 0 0 0 0 0 0 0 0 0 0 0 0 0 0 0.897176 0 0 0 0 
0 0 0 0 0 0 0 0 0 0 0 0 0.219041 0 0 0 0 0 0 0 0.219041 0 0 0 0.219041 0 0 0 -2.67577 0.672882 0.672882 0 0 0 0 0 0 0 0 0 0 0 0 0 0 0 0 0 0 0 0 0 0 0 0 0 0 0 0 0 0.672882 0 0 0 
0 0 0 0 0 0 0 0 0 0 0 0 0 0.219041 0 0 0 0 0 0 0 0.219041 0 0 0 0.219041 0 0 0.219041 -2.67051 0 0.897176 0 0 0 0 0 0 0 0 0 0 0 0 0 0 0 0 0 0 0 0 0 0 0 0 0 0 0 0 0 0.897176 0 0 
0 0 0 0 0 0 0 0 0 0 0 0 0 0 0.219041 0 0 0 0 0 0 0 0.219041 0 0 0 0.219041 0 0.219041 0 -2.67051 0.897176 0 0 0 0 0 0 0 0 0 0 0 0 0 0 0 0 0 0 0 0 0 0 0 0 0 0 0 0 0 0 0.897176 0 
0 0 0 0 0 0 0 0 0 0 0 0 0 0 0 0.219041 0 0 0 0 0 0 0 0.219041 0 0 0 0.219041 0 0.219041 0.219041 -2.21667 0 0 0 0 0 0 0 0 0 0 0 0 0 0 0 0 0 0 0 0 0 0 0 0 0 0 0 0 0 0 0 1.12147 
0.219041 0 0 0 0 0 0 0 0 0 0 0 0 0 0 0 0 0 0 0 0 0 0 0 0 0 0 0 0 0 0 0 -1.34051 0.224294 0.224294 0 0.224294 0 0 0 0.224294 0 0 0 0 0 0 0 0.224294 0 0 0 0 0 0 0 0 0 0 0 0 0 0 0 
0 0.219041 0 0 0 0 0 0 0 0 0 0 0 0 0 0 0 0 0 0 0 0 0 0 0 0 0 0 0 0 0 0 0.219041 -2.23243 0 0.448588 0 0.448588 0 0 0 0.448588 0 0 0 0 0 0 0 0.448588 0 0 0 0 0 0 0 0 0 0 0 0 0 0 
0 0 0.219041 0 0 0 0 0 0 0 0 0 0 0 0 0 0 0 0 0 0 0 0 0 0 0 0 0 0 0 0 0 0.219041 0 -2.23243 0.448588 0 0 0.448588 0 0 0 0.448588 0 0 0 0 0 0 0 0.448588 0 0 0 0 0 0 0 0 0 0 0 0 0 
0 0 0 0.219041 0 0 0 0 0 0 0 0 0 0 0 0 0 0 0 0 0 0 0 0 0 0 0 0 0 0 0 0 0 0.219041 0.219041 -2.67577 0 0 0 0.672882 0 0 0 0.672882 0 0 0 0 0 0 0 0.672882 0 0 0 0 0 0 0 0 0 0 0 0 
0 0 0 0 0.219041 0 0 0 0 0 0 0 0 0 0 0 0 0 0 0 0 0 0 0 0 0 0 0 0 0 0 0 0.219041 0 0 0 -2.23243 0.448588 0.448588 0 0 0 0 0 0.448588 0 0 0 0 0 0 0 0.448588 0 0 0 0 0 0 0 0 0 0 0 
0 0 0 0 0 0.219041 0 0 0 0 0 0 0 0 0 0 0 0 0 0 0 0 0 0 0 0 0 0 0 0 0 0 0 0.219041 0 0 0.219041 -2.67577 0 0.672882 0 0 0 0 0 0.672882 0 0 0 0 0 0 0 0.672882 0 0 0 0 0 0 0 0 0 0 
0 0 0 0 0 0 0.219041 0 0 0 0 0 0 0 0 0 0 0 0 0 0 0 0 0 0 0 0 0 0 0 0 0 0 0 0.219041 0 0.219041 0 -2.67577 0.672882 0 0 0 0 0 0 0.672882 0 0 0 0 0 0 0 0.672882 0 0 0 0 0 0 0 0 0 
0 0 0 0 0 0 0 0.219041 0 0 0 0 0 0 0 0 0 0 0 0 0 0 0 0 0 0 0 0 0 0 0 0 0 0 0 0.219041 0 0.219041 0.219041 -2.67051 0 0 0 0 0 0 0 0.897176 0 0 0 0 0 0 0 0.897176 0 0 0 0 0 0 0 0 
0 0 0 0 0 0 0 0 0.219041 0 0 0 0 0 0 0 0 0 0 0 0 0 0 0 0 0 0 0 0 0 0 0 0.219041 0 0 0 0 0 0 0 -2.23243 0.448588 0.448588 0 0.448588 0 0 0 0 0 0 0 0 0 0 0 0.448588 0 0 0 0 0 0 0 
0 0 0 0 0 0 0 0 0 0.219041 0 0 0 0 0 0 0 0 0 0 0 0 0 0 0 0 0 0 0 0 0 0 0 0.219041 0 0 0 0 0 0 0.219041 -2.67577 0 0.672882 0 0.672882 0 0 0 0 0 0 0 0 0 0 0 0.672882 0 0 0 0 0 0 
0 0 0 0 0 0 0 0 0 0 0.219041 0 0 0 0 0 0 0 0 0 0 0 0 0 0 0 0 0 0 0 0 0 0 0 0.219041 0 0 0 0 0 0.219041 0 -2.67577 0.672882 0 0 0.672882 0 0 0 0 0 0 0 0 0 0 0 0.672882 0 0 0 0 0 
0 0 0 0 0 0 0 0 0 0 0 0.219041 0 0 0 0 0 0 0 0 0 0 0 0 0 0 0 0 0 0 0 0 0 0 0 0.219041 0 0 0 0 0 0.219041 0.219041 -2.67051 0 0 0 0.897176 0 0 0 0 0 0 0 0 0 0 0 0.897176 0 0 0 0 
0 0 0 0 0 0 0 0 0 0 0 0 0.219041 0 0 0 0 0 0 0 0 0 0 0 0 0 0 0 0 0 0 0 0 0 0 0 0.219041 0 0 0 0.219041 0 0 0 -2.67577 0.672882 0.672882 0 0 0 0 0 0 0 0 0 0 0 0 0 0.672882 0 0 0 
0 0 0 0 0 0 0 0 0 0 0 0 0 0.219041 0 0 0 0 0 0 0 0 0 0 0 0 0 0 0 0 0 0 0 0 0 0 0 0.219041 0 0 0 0.219041 0 0 0.219041 -2.67051 0 0.897176 0 0 0 0 0 0 0 0 0 0 0 0 0 0.897176 0 0 
0 0 0 0 0 0 0 0 0 0 0 0 0 0 0.219041 0 0 0 0 0 0 0 0 0 0 0 0 0 0 0 0 0 0 0 0 0 0 0 0.219041 0 0 0 0.219041 0 0.219041 0 -2.67051 0.897176 0 0 0 0 0 0 0 0 0 0 0 0 0 0 0.897176 0 
0 0 0 0 0 0 0 0 0 0 0 0 0 0 0 0.219041 0 0 0 0 0 0 0 0 0 0 0 0 0 0 0 0 0 0 0 0 0 0 0 0.219041 0 0 0 0.219041 0 0.219041 0.219041 -2.21667 0 0 0 0 0 0 0 0 0 0 0 0 0 0 0 1.12147 
0 0 0 0 0 0 0 0 0 0 0 0 0 0 0 0 0.219041 0 0 0 0 0 0 0 0 0 0 0 0 0 0 0 0.219041 0 0 0 0 0 0 0 0 0 0 0 0 0 0 0 -2.23243 0.448588 0.448588 0 0.448588 0 0 0 0.448588 0 0 0 0 0 0 0 
0 0 0 0 0 0 0 0 0 0 0 0 0 0 0 0 0 0.219041 0 0 0 0 0 0 0 0 0 0 0 0 0 0 0 0.219041 0 0 0 0 0 0 0 0 0 0 0 0 0 0 0.219041 -2.67577 0 0.672882 0 0.672882 0 0 0 0.672882 0 0 0 0 0 0 
0 0 0 0 0 0 0 0 0 0 0 0 0 0 0 0 0 0 0.219041 0 0 0 0 0 0 0 0 0 0 0 0 0 0 0 0.219041 0 0 0 0 0 0 0 0 0 0 0 0 0 0.219041 0 -2.67577 0.672882 0 0 0.672882 0 0 0 0.672882 0 0 0 0 0 
0 0 0 0 0 0 0 0 0 0 0 0 0 0 0 0 0 0 0 0.219041 0 0 0 0 0 0 0 0 0 0 0 0 0 0 0 0.219041 0 0 0 0 0 0 0 0 0 0 0 0 0 0.219041 0.219041 -2.67051 0 0 0 0.897176 0 0 0 0.897176 0 0 0 0 
0 0 0 0 0 0 0 0 0 0 0 0 0 0 0 0 0 0 0 0 0.219041 0 0 0 0 0 0 0 0 0 0 0 0 0 0 0 0.219041 0 0 0 0 0 0 0 0 0 0 0 0.219041 0 0 0 -2.67577 0.672882 0.672882 0 0 0 0 0 0.672882 0 0 0 
0 0 0 0 0 0 0 0 0 0 0 0 0 0 0 0 0 0 0 0 0 0.219041 0 0 0 0 0 0 0 0 0 0 0 0 0 0 0 0.219041 0 0 0 0 0 0 0 0 0 0 0 0.219041 0 0 0.219041 -2.67051 0 0.897176 0 0 0 0 0 0.897176 0 0 
0 0 0 0 0 0 0 0 0 0 0 0 0 0 0 0 0 0 0 0 0 0 0.219041 0 0 0 0 0 0 0 0 0 0 0 0 0 0 0 0.219041 0 0 0 0 0 0 0 0 0 0 0 0.219041 0 0.219041 0 -2.67051 0.897176 0 0 0 0 0 0 0.897176 0 
0 0 0 0 0 0 0 0 0 0 0 0 0 0 0 0 0 0 0 0 0 0 0 0.219041 0 0 0 0 0 0 0 0 0 0 0 0 0 0 0 0.219041 0 0 0 0 0 0 0 0 0 0 0 0.219041 0 0.219041 0.219041 -2.21667 0 0 0 0 0 0 0 1.12147 
0 0 0 0 0 0 0 0 0 0 0 0 0 0 0 0 0 0 0 0 0 0 0 0 0.219041 0 0 0 0 0 0 0 0 0 0 0 0 0 0 0 0.219041 0 0 0 0 0 0 0 0.219041 0 0 0 0 0 0 0 -2.67577 0.672882 0.672882 0 0.672882 0 0 0 
0 0 0 0 0 0 0 0 0 0 0 0 0 0 0 0 0 0 0 0 0 0 0 0 0 0.219041 0 0 0 0 0 0 0 0 0 0 0 0 0 0 0 0.219041 0 0 0 0 0 0 0 0.219041 0 0 0 0 0 0 0.219041 -2.67051 0 0.897176 0 0.897176 0 0 
0 0 0 0 0 0 0 0 0 0 0 0 0 0 0 0 0 0 0 0 0 0 0 0 0 0 0.219041 0 0 0 0 0 0 0 0 0 0 0 0 0 0 0 0.219041 0 0 0 0 0 0 0 0.219041 0 0 0 0 0 0.219041 0 -2.67051 0.897176 0 0 0.897176 0 
0 0 0 0 0 0 0 0 0 0 0 0 0 0 0 0 0 0 0 0 0 0 0 0 0 0 0 0.219041 0 0 0 0 0 0 0 0 0 0 0 0 0 0 0 0.219041 0 0 0 0 0 0 0 0.219041 0 0 0 0 0 0.219041 0.219041 -2.21667 0 0 0 1.12147 
0 0 0 0 0 0 0 0 0 0 0 0 0 0 0 0 0 0 0 0 0 0 0 0 0 0 0 0 0.219041 0 0 0 0 0 0 0 0 0 0 0 0 0 0 0 0.219041 0 0 0 0 0 0 0 0.219041 0 0 0 0.219041 0 0 0 -2.67051 0.897176 0.897176 0 
0 0 0 0 0 0 0 0 0 0 0 0 0 0 0 0 0 0 0 0 0 0 0 0 0 0 0 0 0 0.219041 0 0 0 0 0 0 0 0 0 0 0 0 0 0 0 0.219041 0 0 0 0 0 0 0 0.219041 0 0 0 0.219041 0 0 0.219041 -2.21667 0 1.12147 
0 0 0 0 0 0 0 0 0 0 0 0 0 0 0 0 0 0 0 0 0 0 0 0 0 0 0 0 0 0 0.219041 0 0 0 0 0 0 0 0 0 0 0 0 0 0 0 0.219041 0 0 0 0 0 0 0 0.219041 0 0 0 0.219041 0 0.219041 0 -2.21667 1.12147 
0 0 0 0 0 0 0 0 0 0 0 0 0 0 0 0 0 0 0 0 0 0 0 0 0 0 0 0 0 0 0 0.219041 0 0 0 0 0 0 0 0 0 0 0 0 0 0 0 0.219041 0 0 0 0 0 0 0 0.219041 0 0 0 0.219041 0 0.219041 0.219041 -1.31424 
