64
-0 0 0 0 0 0 0 0 0 0 0 0 0 0 0 0 0 0 0 0 0 0 0 0 0 0 0 0 0 0 0 0 0 0 0 0 0 0 0 0 0 0 0 0 0 0 0 0 0 0 0 0 0 0 0 0 0 0 0 0 0 0 0 0 
0.373837 -1.99476 0 0.324185 0 0.324185 0 0 0 0.324185 0 0 0 0 0 0 0 0.324185 0 0 0 0 0 0 0 0 0 0 0 0 0 0 0 0.324185 0 0 0 0 0 0 0 0 0 0 0 0 0 0 0 0 0 0 0 0 0 0 0 0 0 0 0 0 0 0 
0.373837 0 -1.99476 0.324185 0 0 0.324185 0 0 0 0.324185 0 0 0 0 0 0 0 0.324185 0 0 0 0 0 0 0 0 0 0 0 0 0 0 0 0.324185 0 0 0 0 0 0 0 0 0 0 0 0 0 0 0 0 0 0 0 0 0 0 0 0 0 0 0 0 0 
0 0.373837 0.373837 -3.34115 0 0 0 0.64837 0 0 0 0.64837 0 0 0 0 0 0 0 0.64837 0 0 0 0 0 0 0 0 0 0 0 0 0 0 0 0.64837 0 0 0 0 0 0 0 0 0 0 0 0 0 0 0 0 0 0 0 0 0 0 0 0 0 0 0 0 
0.373837 0 0 0 -1.99476 0.324185 0.324185 0 0 0 0 0 0.324185 0 0 0 0 0 0 0 0.324185 0 0 0 0 0 0 0 0 0 0 0 0 0 0 0 0.324185 0 0 0 0 0 0 0 0 0 0 0 0 0 0 0 0 0 0 0 0 0 0 0 0 0 0 0 
0 0.373837 0 0 0.373837 -3.34115 0 0.64837 0 0 0 0 0 0.64837 0 0 0 0 0 0 0 0.64837 0 0 0 0 0 0 0 0 0 0 0 0 0 0 0 0.64837 0 0 0 0 0 0 0 0 0 0 0 0 0 0 0 0 0 0 0 0 0 0 0 0 0 0 
0 0 0.373837 0 0.373837 0 -3.34115 0.64837 0 0 0 0 0 0 0.64837 0 0 0 0 0 0 0 0.64837 0 0 0 0 0 0 0 0 0 0 0 0 0 0 0 0.64837 0 0 0 0 0 0 0 0 0 0 0 0 0 0 0 0 0 0 0 0 0 0 0 0 0 
0 0 0 0.373837 0 0.373837 0.373837 -4.03917 0 0 0 0 0 0 0 0.972555 0 0 0 0 0 0 0 0.972555 0 0 0 0 0 0 0 0 0 0 0 0 0 0 0 0.972555 0 0 0 0 0 0 0 0 0 0 0 0 0 0 0 0 0 0 0 0 0 0 0 0 
0.373837 0 0 0 0 0 0 0 -1.99476 0.324185 0.324185 0 0.324185 0 0 0 0 0 0 0 0 0 0 0 0.324185 0 0 0 0 0 0 0 0 0 0 0 0 0 0 0 0.324185 0 0 0 0 0 0 0 0 0 0 0 0 0 0 0 0 0 0 0 0 0 0 0 
0 0.373837 0 0 0 0 0 0 0.373837 -3.34115 0 0.64837 0 0.64837 0 0 0 0 0 0 0 0 0 0 0 0.64837 0 0 0 0 0 0 0 0 0 0 0 0 0 0 0 0.64837 0 0 0 0 0 0 0 0 0 0 0 0 0 0 0 0 0 0 0 0 0 0 
0 0 0.373837 0 0 0 0 0 0.373837 0 -3.34115 0.64837 0 0 0.64837 0 0 0 0 0 0 0 0 0 0 0 0.64837 0 0 0 0 0 0 0 0 0 0 0 0 0 0 0 0.64837 0 0 0 0 0 0 0 0 0 0 0 0 0 0 0 0 0 0 0 0 0 
0 0 0 0.373837 0 0 0 0 0 0.373837 0.373837 -4.03917 0 0 0 0.972555 0 0 0 0 0 0 0 0 0 0 0 0.972555 0 0 0 0 0 0 0 0 0 0 0 0 0 0 0 0.972555 0 0 0 0 0 0 0 0 0 0 0 0 0 0 0 0 0 0 0 0 
0 0 0 0 0.373837 0 0 0 0.373837 0 0 0 -3.34115 0.64837 0.64837 0 0 0 0 0 0 0 0 0 0 0 0 0 0.64837 0 0 0 0 0 0 0 0 0 0 0 0 0 0 0 0.64837 0 0 0 0 0 0 0 0 0 0 0 0 0 0 0 0 0 0 0 
0 0 0 0 0 0.373837 0 0 0 0.373837 0 0 0.373837 -4.03917 0 0.972555 0 0 0 0 0 0 0 0 0 0 0 0 0 0.972555 0 0 0 0 0 0 0 0 0 0 0 0 0 0 0 0.972555 0 0 0 0 0 0 0 0 0 0 0 0 0 0 0 0 0 0 
0 0 0 0 0 0 0.373837 0 0 0 0.373837 0 0.373837 0 -4.03917 0.972555 0 0 0 0 0 0 0 0 0 0 0 0 0 0 0.972555 0 0 0 0 0 0 0 0 0 0 0 0 0 0 0 0.972555 0 0 0 0 0 0 0 0 0 0 0 0 0 0 0 0 0 
0 0 0 0 0 0 0 0.373837 0 0 0 0.373837 0 0.373837 0.373837 -4.08883 0 0 0 0 0 0 0 0 0 0 0 0 0 0 0 1.29674 0 0 0 0 0 0 0 0 0 0 0 0 0 0 0 1.29674 0 0 0 0 0 0 0 0 0 0 0 0 0 0 0 0 
0.373837 0 0 0 0 0 0 0 0 0 0 0 0 0 0 0 -1.99476 0.324185 0.324185 0 0.324185 0 0 0 0.324185 0 0 0 0 0 0 0 0 0 0 0 0 0 0 0 0 0 0 0 0 0 0 0 0.324185 0 0 0 0 0 0 0 0 0 0 0 0 0 0 0 
0 0.373837 0 0 0 0 0 0 0 0 0 0 0 0 0 0 0.373837 -3.34115 0 0.64837 0 0.64837 0 0 0 0.64837 0 0 0 0 0 0 0 0 0 0 0 0 0 0 0 0 0 0 0 0 0 0 0 0.64837 0 0 0 0 0 0 0 0 0 0 0 0 0 0 
0 0 0.373837 0 0 0 0 0 0 0 0 0 0 0 0 0 0.373837 0 -3.34115 0.64837 0 0 0.64837 0 0 0 0.64837 0 0 0 0 0 0 0 0 0 0 0 0 0 0 0 0 0 0 0 0 0 0 0 0.64837 0 0 0 0 0 0 0 0 0 0 0 0 0 
0 0 0 0.373837 0 0 0 0 0 0 0 0 0 0 0 0 0 0.373837 0.373837 -4.03917 0 0 0 0.972555 0 0 0 0.972555 0 0 0 0 0 0 0 0 0 0 0 0 0 0 0 0 0 0 0 0 0 0 0 0.972555 0 0 0 0 0 0 0 0 0 0 0 0 
0 0 0 0 0.373837 0 0 0 0 0 0 0 0 0 0 0 0.373837 0 0 0 -3.34115 0.64837 0.64837 0 0 0 0 0 0.64837 0 0 0 0 0 0 0 0 0 0 0 0 0 0 0 0 0 0 0 0 0 0 0 0.64837 0 0 0 0 0 0 0 0 0 0 0 
0 0 0 0 0 0.373837 0 0 0 0 0 0 0 0 0 0 0 0.373837 0 0 0.373837 -4.03917 0 0.972555 0 0 0 0 0 0.972555 0 0 0 0 0 0 0 0 0 0 0 0 0 0 0 0 0 0 0 0 0 0 0 0.972555 0 0 0 0 0 0 0 0 0 0 
0 0 0 0 0 0 0.373837 0 0 0 0 0 0 0 0 0 0 0 0.373837 0 0.373837 0 -4.03917 0.972555 0 0 0 0 0 0 0.972555 0 0 0 0 0 0 0 0 0 0 0 0 0 0 0 0 0 0 0 0 0 0 0 0.972555 0 0 0 0 0 0 0 0 0 
0 0 0 0 0 0 0 0.373837 0 0 0 0 0 0 0 0 0 0 0 0.373837 0 0.373837 0.373837 -4.08883 0 0 0 0 0 0 0 1.29674 0 0 0 0 0 0 0 0 0 0 0 0 0 0 0 0 0 0 0 0 0 0 0 1.29674 0 0 0 0 0 0 0 0 
0 0 0 0 0 0 0 0 0.373837 0 0 0 0 0 0 0 0.373837 0 0 0 0 0 0 0 -3.34115 0.64837 0.64837 0 0.64837 0 0 0 0 0 0 0 0 0 0 0 0 0 0 0 0 0 0 0 0 0 0 0 0 0 0 0 0.64837 0 0 0 0 0 0 0 
0 0 0 0 0 0 0 0 0 0.373837 0 0 0 0 0 0 0 0.373837 0 0 0 0 0 0 0.373837 -4.03917 0 0.972555 0 0.972555 0 0 0 0 0 0 0 0 0 0 0 0 0 0 0 0 0 0 0 0 0 0 0 0 0 0 0 0.972555 0 0 0 0 0 0 
0 0 0 0 0 0 0 0 0 0 0.373837 0 0 0 0 0 0 0 0.373837 0 0 0 0 0 0.373837 0 -4.03917 0.972555 0 0 0.972555 0 0 0 0 0 0 0 0 0 0 0 0 0 0 0 0 0 0 0 0 0 0 0 0 0 0 0 0.972555 0 0 0 0 0 
0 0 0 0 0 0 0 0 0 0 0 0.373837 0 0 0 0 0 0 0 0.373837 0 0 0 0 0 0.373837 0.373837 -4.08883 0 0 0 1.29674 0 0 0 0 0 0 0 0 0 0 0 0 0 0 0 0 0 0 0 0 0 0 0 0 0 0 0 1.29674 0 0 0 0 
0 0 0 0 0 0 0 0 0 0 0 0 0.373837 0 0 0 0 0 0 0 0.373837 0 0 0 0.373837 0 0 0 -4.03917 0.972555 0.972555 0 0 0 0 0 0 0 0 0 0 0 0 0 0 0 0 0 0 0 0 0 0 0 0 0 0 0 0 0 0.972555 0 0 0 
0 0 0 0 0 0 0 0 0 0 0 0 0 0.373837 0 0 0 0 0 0 0 0.373837 0 0 0 0.373837 0 0 0.373837 -4.08883 0 1.29674 0 0 0 0 0 0 0 0 0 0 0 0 0 0 0 0 0 0 0 0 0 0 0 0 0 0 0 0 0 1.29674 0 0 
0 0 0 0 0 0 0 0 0 0 0 0 0 0 0.373837 0 0 0 0 0 0 0 0.373837 0 0 0 0.373837 0 0.373837 0 -4.08883 1.29674 0 0 0 0 0 0 0 0 0 0 0 0 0 0 0 0 0 0 0 0 0 0 0 0 0 0 0 0 0 0 1.29674 0 
0 0 0 0 0 0 0 0 0 0 0 0 0 0 0 0.373837 0 0 0 0 0 0 0 0.373837 0 0 0 0.373837 0 0.373837 0.373837 -3.49011 0 0 0 0 0 0 0 0 0 0 0 0 0 0 0 0 0 0 0 0 0 0 0 0 0 0 0 0 0 0 0 1.62092 
0.373837 0 0 0 0 0 0 0 0 0 0 0 0 0 0 0 0 0 0 0 0 0 0 0 0 0 0 0 0 0 0 0 -1.99476 0.324185 0.324185 0 0.324185 0 0 0 0.324185 0 0 0 0 0 0 0 0.324185 0 0 0 0 0 0 0 0 0 0 0 0 0 0 0 
0 0.373837 0 0 0 0 0 0 0 0 0 0 0 0 0 0 0 0 0 0 0 0 0 0 0 0 0 0 0 0 0 0 0.373837 -3.34115 0 0.64837 0 0.64837 0 0 0 0.64837 0 0 0 0 0 0 0 0.64837 0 0 0 0 0 0 0 0 0 0 0 0 0 0 
0 0 0.373837 0 0 0 0 0 0 0 0 0 0 0 0 0 0 0 0 0 0 0 0 0 0 0 0 0 0 0 0 0 0.373837 0 -3.34115 0.64837 0 0 0.64837 0 0 0 0.64837 0 0 0 0 0 0 0 0.64837 0 0 0 0 0 0 0 0 0 0 0 0 0 
0 0 0 0.373837 0 0 0 0 0 0 0 0 0 0 0 0 0 0 0 0 0 0 0 0 0 0 0 0 0 0 0 0 0 0.373837 0.373837 -4.03917 0 0 0 0.972555 0 0 0 0.972555 0 0 0 0 0 0 0 0.972555 0 0 0 0 0 0 0 0 0 0 0 0 
0 0 0 0 0.373837 0 0 0 0 0 0 0 0 0 0 0 0 0 0 0 0 0 0 0 0 0 0 0 0 0 0 0 0.373837 0 0 0 -3.34115 0.64837 0.64837 0 0 0 0 0 0.64837 0 0 0 0 0 0 0 0.64837 0 0 0 0 0 0 0 0 0 0 0 
0 0 0 0 0 0.373837 0 0 0 0 0 0 0 0 0 0 0 0 0 0 0 0 0 0 0 0 0 0 0 0 0 0 0 0.373837 0 0 0.373837 -4.03917 0 0.972555 0 0 0 0 0 0.972555 0 0 0 0 0 0 0 0.972555 0 0 0 0 0 0 0 0 0 0 
0 0 0 0 0 0 0.373837 0 0 0 0 0 0 0 0 0 0 0 0 0 0 0 0 0 0 0 0 0 0 0 0 0 0 0 0.373837 0 0.373837 0 -4.03917 0.972555 0 0 0 0 0 0 0.972555 0 0 0 0 0 0 0 0.972555 0 0 0 0 0 0 0 0 0 
0 0 0 0 0 0 0 0.373837 0 0 0 0 0 0 0 0 0 0 0 0 0 0 0 0 0 0 0 0 0 0 0 0 0 0 0 0.373837 0 0.373837 0.373837 -4.08883 0 0 0 0 0 0 0 1.29674 0 0 0 0 0 0 0 1.29674 0 0 0 0 0 0 0 0 
0 0 0 0 0 0 0 0 0.373837 0 0 0 0 0 0 0 0 0 0 0 0 0 0 0 0 0 0 0 0 0 0 0 0.373837 0 0 0 0 0 0 0 -3.34115 0.64837 0.64837 0 0.64837 0 0 0 0 0 0 0 0 0 0 0 0.64837 0 0 0 0 0 0 0 
0 0 0 0 0 0 0 0 0 0.373837 0 0 0 0 0 0 0 0 0 0 0 0 0 0 0 0 0 0 0 0 0 0 0 0.373837 0 0 0 0 0 0 0.373837 -4.03917 0 0.972555 0 0.972555 0 0 0 0 0 0 0 0 0 0 0 0.972555 0 0 0 0 0 0 
0 0 0 0 0 0 0 0 0 0 0.373837 0 0 0 0 0 0 0 0 0 0 0 0 0 0 0 0 0 0 0 0 0 0 0 0.373837 0 0 0 0 0 0.373837 0 -4.03917 0.972555 0 0 0.972555 0 0 0 0 0 0 0 0 0 0 0 0.972555 0 0 0 0 0 
0 0 0 0 0 0 0 0 0 0 0 0.373837 0 0 0 0 0 0 0 0 0 0 0 0 0 0 0 0 0 0 0 0 0 0 0 0.373837 0 0 0 0 0 0.373837 0.373837 -4.08883 0 0 0 1.29674 0 0 0 0 0 0 0 0 0 0 0 1.29674 0 0 0 0 
0 0 0 0 0 0 0 0 0 0 0 0 0.373837 0 0 0 0 0 0 0 0 0 0 0 0 0 0 0 0 0 0 0 0 0 0 0 0.373837 0 0 0 0.373837 0 0 0 -4.03917 0.972555 0.972555 0 0 0 0 0 0 0 0 0 0 0 0 0 0.972555 0 0 0 
0 0 0 0 0 0 0 0 0 0 0 0 0 0.373837 0 0 0 0 0 0 0 0 0 0 0 0 0 0 0 0 0 0 0 0 0 0 0 0.373837 0 0 0 0.373837 0 0 0.373837 -4.08883 0 1.29674 0 0 0 0 0 0 0 0 0 0 0 0 0 1.29674 0 0 
0 0 0 0 0 0 0 0 0 0 0 0 0 0 0.373837 0 0 0 0 0 0 0 0 0 0 0 0 0 0 0 0 0 0 0 0 0 0 0 0.373837 0 0 0 0.373837 0 0.373837 0 -4.08883 1.29674 0 0 0 0 0 0 0 0 0 0 0 0 0 0 1.29674 0 
0 0 0 0 0 0 0 0 0 0 0 0 0 0 0 0.373837 0 0 0 0 0 0 0 0 0 0 0 0 0 0 0 0 0 0 0 0 0 0 0 0.373837 0 0 0 0.373837 0 0.373837 0.373837 -3.49011 0 0 0 0 0 0 0 0 0 0 0 0 0 0 0 1.62092 
0 0 0 0 0 0 0 0 0 0 0 0 0 0 0 0 0.373837 0 0 0 0 0 0 0 0 0 0 0 0 0 0 0 0.373837 0 0 0 0 0 0 0 0 0 0 0 0 0 0 0 -3.34115 0.64837 0.64837 0 0.64837 0 0 0 0.64837 0 0 0 0 0 0 0 
0 0 0 0 0 0 0 0 0 0 0 0 0 0 0 0 0 0.373837 0 0 0 0 0 0 0 0 0 0 0 0 0 0 0 0.373837 0 0 0 0 0 0 0 0 0 0 0 0 0 0 0.373837 -4.03917 0 0.972555 0 0.972555 0 0 0 0.972555 0 0 0 0 0 0 
0 0 0 0 0 0 0 0 0 0 0 0 0 0 0 0 0 0 0.373837 0 0 0 0 0 0 0 0 0 0 0 0 0 0 0 0.373837 0 0 0 0 0 0 0 0 0 0 0 0 0 0.373837 0 -4.03917 0.972555 0 0 0.972555 0 0 0 0.972555 0 0 0 0 0 
0 0 0 0 0 0 0 0 0 0 0 0 0 0 0 0 0 0 0 0.373837 0 0 0 0 0 0 0 0 0 0 0 0 0 0 0 0.373837 0 0 0 0 0 0 0 0 0 0 0 0 0 0.373837 0.373837 -4.08883 0 0 0 1.29674 0 0 0 1.29674 0 0 0 0 
0 0 0 0 0 0 0 0 0 0 0 0 0 0 0 0 0 0 0 0 0.373837 0 0 0 0 0 0 0 0 0 0 0 0 0 0 0 0.373837 0 0 0 0 0 0 0 0 0 0 0 0.373837 0 0 0 -4.03917 0.972555 0.972555 0 0 0 0 0 0.972555 0 0 0 
0 0 0 0 0 0 0 0 0 0 0 0 0 0 0 0 0 0 0 0 0 0.373837 0 0 0 0 0 0 0 0 0 0 0 0 0 0 0 0.373837 0 0 0 0 0 0 0 0 0 0 0 0.373837 0 0 0.373837 -4.08883 0 1.29674 0 0 0 0 0 1.29674 0 0 
0 0 0 0 0 0 0 0 0 0 0 0 0 0 0 0 0 0 0 0 0 0 0.373837 0 0 0 0 0 0 0 0 0 0 0 0 0 0 0 0.373837 0 0 0 0 0 0 0 0 0 0 0 0.373837 0 0.373837 0 -4.08883 1.29674 0 0 0 0 0 0 1.29674 0 
0 0 0 0 0 0 0 0 0 0 0 0 0 0 0 0 0 0 0 0 0 0 0 0.373837 0 0 0 0 0 0 0 0 0 0 0 0 0 0 0 0.373837 0 0 0 0 0 0 0 0 0 0 0 0.373837 0 0.373837 0.373837 -3.49011 0 0 0 0 0 0 0 1.62092 
0 0 0 0 0 0 0 0 0 0 0 0 0 0 0 0 0 0 0 0 0 0 0 0 0.373837 0 0 0 0 0 0 0 0 0 0 0 0 0 0 0 0.373837 0 0 0 0 0 0 0 0.373837 0 0 0 0 0 0 0 -4.03917 0.972555 0.972555 0 0.972555 0 0 0 
0 0 0 0 0 0 0 0 0 0 0 0 0 0 0 0 0 0 0 0 0 0 0 0 0 0.373837 0 0 0 0 0 0 0 0 0 0 0 0 0 0 0 0.373837 0 0 0 0 0 0 0 0.373837 0 0 0 0 0 0 0.373837 -4.08883 0 1.29674 0 1.29674 0 0 
0 0 0 0 0 0 0 0 0 0 0 0 0 0 0 0 0 0 0 0 0 0 0 0 0 0 0.373837 0 0 0 0 0 0 0 0 0 0 0 0 0 0 0 0.373837 0 0 0 0 0 0 0 0.373837 0 0 0 0 0 0.373837 0 -4.08883 1.29674 0 0 1.29674 0 
0 0 0 0 0 0 0 0 0 0 0 0 0 0 0 0 0 0 0 0 0 0 0 0 0 0 0 0.373837 0 0 0 0 0 0 0 0 0 0 0 0 0 0 0 0.373837 0 0 0 0 0 0 0 0.373837 0 0 0 0 0 0.373837 0.373837 -3.49011 0 0 0 1.62092 
0 0 0 0 0 0 0 0 0 0 0 0 0 0 0 0 0 0 0 0 0 0 0 0 0 0 0 0 0.373837 0 0 0 0 0 0 0 0 0 0 0 0 0 0 0 0.373837 0 0 0 0 0 0 0 0.373837 0 0 0 0.373837 0 0 0 -4.08883 1.29674 1.29674 0 
0 0 0 0 0 0 0 0 0 0 0 0 0 0 0 0 0 0 0 0 0 0 0 0 0 0 0 0 0 0.373837 0 0 0 0 0 0 0 0 0 0 0 0 0 0 0 0.373837 0 0 0 0 0 0 0 0.373837 0 0 0 0.373837 0 0 0.373837 -3.49011 0 1.62092 
0 0 0 0 0 0 0 0 0 0 0 0 0 0 0 0 0 0 0 0 0 0 0 0 0 0 0 0 0 0 0.373837 0 0 0 0 0 0 0 0 0 0 0 0 0 0 0 0.373837 0 0 0 0 0 0 0 0.373837 0 0 0 0.373837 0 0.373837 0 -3.49011 1.62092 
0 0 0 0 0 0 0 0 0 0 0 0 0 0 0 0 0 0 0 0 0 0 0 0 0 0 0 0 0 0 0 0.373837 0 0 0 0 0 0 0 0 0 0 0 0 0 0 0 0.373837 0 0 0 0 0 0 0 0.373837 0 0 0 0.373837 0 0.373837 0.373837 -2.24302 
