32
-0 0 0 0 0 0 0 0 0 0 0 0 0 0 0 0 0 0 0 0 0 0 0 0 0 0 0 0 0 0 0 0 
0.0692992 -0.690646 0 0.155337 0 0.155337 0 0 0 0.155337 0 0 0 0 0 0 0 0.155337 0 0 0 0 0 0 0 0 0 0 0 0 0 0 
0.0692992 0 -0.690646 0.155337 0 0 0.155337 0 0 0 0.155337 0 0 0 0 0 0 0 0.155337 0 0 0 0 0 0 0 0 0 0 0 0 0 
0 0.0692992 0.0692992 -1.07062 0 0 0 0.310673 0 0 0 0.310673 0 0 0 0 0 0 0 0.310673 0 0 0 0 0 0 0 0 0 0 0 0 
0.0692992 0 0 0 -0.690646 0.155337 0.155337 0 0 0 0 0 0.155337 0 0 0 0 0 0 0 0.155337 0 0 0 0 0 0 0 0 0 0 0 
0 0.0692992 0 0 0.0692992 -1.07062 0 0.310673 0 0 0 0 0 0.310673 0 0 0 0 0 0 0 0.310673 0 0 0 0 0 0 0 0 0 0 
0 0 0.0692992 0 0.0692992 0 -1.07062 0.310673 0 0 0 0 0 0 0.310673 0 0 0 0 0 0 0 0.310673 0 0 0 0 0 0 0 0 0 
0 0 0 0.0692992 0 0.0692992 0.0692992 -1.13992 0 0 0 0 0 0 0 0.46601 0 0 0 0 0 0 0 0.46601 0 0 0 0 0 0 0 0 
0.0692992 0 0 0 0 0 0 0 -0.690646 0.155337 0.155337 0 0.155337 0 0 0 0 0 0 0 0 0 0 0 0.155337 0 0 0 0 0 0 0 
0 0.0692992 0 0 0 0 0 0 0.0692992 -1.07062 0 0.310673 0 0.310673 0 0 0 0 0 0 0 0 0 0 0 0.310673 0 0 0 0 0 0 
0 0 0.0692992 0 0 0 0 0 0.0692992 0 -1.07062 0.310673 0 0 0.310673 0 0 0 0 0 0 0 0 0 0 0 0.310673 0 0 0 0 0 
0 0 0 0.0692992 0 0 0 0 0 0.0692992 0.0692992 -1.13992 0 0 0 0.46601 0 0 0 0 0 0 0 0 0 0 0 0.46601 0 0 0 0 
0 0 0 0 0.0692992 0 0 0 0.0692992 0 0 0 -1.07062 0.310673 0.310673 0 0 0 0 0 0 0 0 0 0 0 0 0 0.310673 0 0 0 
0 0 0 0 0 0.0692992 0 0 0 0.0692992 0 0 0.0692992 -1.13992 0 0.46601 0 0 0 0 0 0 0 0 0 0 0 0 0 0.46601 0 0 
0 0 0 0 0 0 0.0692992 0 0 0 0.0692992 0 0.0692992 0 -1.13992 0.46601 0 0 0 0 0 0 0 0 0 0 0 0 0 0 0.46601 0 
0 0 0 0 0 0 0 0.0692992 0 0 0 0.0692992 0 0.0692992 0.0692992 -0.898543 0 0 0 0 0 0 0 0 0 0 0 0 0 0 0 0.621347 
0.0692992 0 0 0 0 0 0 0 0 0 0 0 0 0 0 0 -0.690646 0.155337 0.155337 0 0.155337 0 0 0 0.155337 0 0 0 0 0 0 0 
0 0.0692992 0 0 0 0 0 0 0 0 0 0 0 0 0 0 0.0692992 -1.07062 0 0.310673 0 0.310673 0 0 0 0.310673 0 0 0 0 0 0 
0 0 0.0692992 0 0 0 0 0 0 0 0 0 0 0 0 0 0.0692992 0 -1.07062 0.310673 0 0 0.310673 0 0 0 0.310673 0 0 0 0 0 
0 0 0 0.0692992 0 0 0 0 0 0 0 0 0 0 0 0 0 0.0692992 0.0692992 -1.13992 0 0 0 0.46601 0 0 0 0.46601 0 0 0 0 
0 0 0 0 0.0692992 0 0 0 0 0 0 0 0 0 0 0 0.0692992 0 0 0 -1.07062 0.310673 0.310673 0 0 0 0 0 0.310673 0 0 0 
0 0 0 0 0 0.0692992 0 0 0 0 0 0 0 0 0 0 0 0.0692992 0 0 0.0692992 -1.13992 0 0.46601 0 0 0 0 0 0.46601 0 0 
0 0 0 0 0 0 0.0692992 0 0 0 0 0 0 0 0 0 0 0 0.0692992 0 0.0692992 0 -1.13992 0.46601 0 0 0 0 0 0 0.46601 0 
0 0 0 0 0 0 0 0.0692992 0 0 0 0 0 0 0 0 0 0 0 0.0692992 0 0.0692992 0.0692992 -0.898543 0 0 0 0 0 0 0 0.621347 
0 0 0 0 0 0 0 0 0.0692992 0 0 0 0 0 0 0 0.0692992 0 0 0 0 0 0 0 -1.07062 0.310673 0.310673 0 0.310673 0 0 0 
0 0 0 0 0 0 0 0 0 0.0692992 0 0 0 0 0 0 0 0.0692992 0 0 0 0 0 0 0.0692992 -1.13992 0 0.46601 0 0.46601 0 0 
0 0 0 0 0 0 0 0 0 0 0.0692992 0 0 0 0 0 0 0 0.0692992 0 0 0 0 0 0.0692992 0 -1.13992 0.46601 0 0 0.46601 0 
0 0 0 0 0 0 0 0 0 0 0 0.0692992 0 0 0 0 0 0 0 0.0692992 0 0 0 0 0 0.0692992 0.0692992 -0.898543 0 0 0 0.621347 
0 0 0 0 0 0 0 0 0 0 0 0 0.0692992 0 0 0 0 0 0 0 0.0692992 0 0 0 0.0692992 0 0 0 -1.13992 0.46601 0.46601 0 
0 0 0 0 0 0 0 0 0 0 0 0 0 0.0692992 0 0 0 0 0 0 0 0.0692992 0 0 0 0.0692992 0 0 0.0692992 -0.898543 0 0.621347 
0 0 0 0 0 0 0 0 0 0 0 0 0 0 0.0692992 0 0 0 0 0 0 0 0.0692992 0 0 0 0.0692992 0 0.0692992 0 -0.898543 0.621347 
0 0 0 0 0 0 0 0 0 0 0 0 0 0 0 0.0692992 0 0 0 0 0 0 0 0.0692992 0 0 0 0.0692992 0 0.0692992 0.0692992 -0.346496 
