64
-0 0 0 0 0 0 0 0 0 0 0 0 0 0 0 0 0 0 0 0 0 0 0 0 0 0 0 0 0 0 0 0 0 0 0 0 0 0 0 0 0 0 0 0 0 0 0 0 0 0 0 0 0 0 0 0 0 0 0 0 0 0 0 0 
0.677986 -3.32316 0 0.529035 0 0.529035 0 0 0 0.529035 0 0 0 0 0 0 0 0.529035 0 0 0 0 0 0 0 0 0 0 0 0 0 0 0 0.529035 0 0 0 0 0 0 0 0 0 0 0 0 0 0 0 0 0 0 0 0 0 0 0 0 0 0 0 0 0 0 
0.677986 0 -3.32316 0.529035 0 0 0.529035 0 0 0 0.529035 0 0 0 0 0 0 0 0.529035 0 0 0 0 0 0 0 0 0 0 0 0 0 0 0 0.529035 0 0 0 0 0 0 0 0 0 0 0 0 0 0 0 0 0 0 0 0 0 0 0 0 0 0 0 0 0 
0 0.677986 0.677986 -5.58825 0 0 0 1.05807 0 0 0 1.05807 0 0 0 0 0 0 0 1.05807 0 0 0 0 0 0 0 0 0 0 0 0 0 0 0 1.05807 0 0 0 0 0 0 0 0 0 0 0 0 0 0 0 0 0 0 0 0 0 0 0 0 0 0 0 0 
0.677986 0 0 0 -3.32316 0.529035 0.529035 0 0 0 0 0 0.529035 0 0 0 0 0 0 0 0.529035 0 0 0 0 0 0 0 0 0 0 0 0 0 0 0 0.529035 0 0 0 0 0 0 0 0 0 0 0 0 0 0 0 0 0 0 0 0 0 0 0 0 0 0 0 
0 0.677986 0 0 0.677986 -5.58825 0 1.05807 0 0 0 0 0 1.05807 0 0 0 0 0 0 0 1.05807 0 0 0 0 0 0 0 0 0 0 0 0 0 0 0 1.05807 0 0 0 0 0 0 0 0 0 0 0 0 0 0 0 0 0 0 0 0 0 0 0 0 0 0 
0 0 0.677986 0 0.677986 0 -5.58825 1.05807 0 0 0 0 0 0 1.05807 0 0 0 0 0 0 0 1.05807 0 0 0 0 0 0 0 0 0 0 0 0 0 0 0 1.05807 0 0 0 0 0 0 0 0 0 0 0 0 0 0 0 0 0 0 0 0 0 0 0 0 0 
0 0 0 0.677986 0 0.677986 0.677986 -6.79527 0 0 0 0 0 0 0 1.5871 0 0 0 0 0 0 0 1.5871 0 0 0 0 0 0 0 0 0 0 0 0 0 0 0 1.5871 0 0 0 0 0 0 0 0 0 0 0 0 0 0 0 0 0 0 0 0 0 0 0 0 
0.677986 0 0 0 0 0 0 0 -3.32316 0.529035 0.529035 0 0.529035 0 0 0 0 0 0 0 0 0 0 0 0.529035 0 0 0 0 0 0 0 0 0 0 0 0 0 0 0 0.529035 0 0 0 0 0 0 0 0 0 0 0 0 0 0 0 0 0 0 0 0 0 0 0 
0 0.677986 0 0 0 0 0 0 0.677986 -5.58825 0 1.05807 0 1.05807 0 0 0 0 0 0 0 0 0 0 0 1.05807 0 0 0 0 0 0 0 0 0 0 0 0 0 0 0 1.05807 0 0 0 0 0 0 0 0 0 0 0 0 0 0 0 0 0 0 0 0 0 0 
0 0 0.677986 0 0 0 0 0 0.677986 0 -5.58825 1.05807 0 0 1.05807 0 0 0 0 0 0 0 0 0 0 0 1.05807 0 0 0 0 0 0 0 0 0 0 0 0 0 0 0 1.05807 0 0 0 0 0 0 0 0 0 0 0 0 0 0 0 0 0 0 0 0 0 
0 0 0 0.677986 0 0 0 0 0 0.677986 0.677986 -6.79527 0 0 0 1.5871 0 0 0 0 0 0 0 0 0 0 0 1.5871 0 0 0 0 0 0 0 0 0 0 0 0 0 0 0 1.5871 0 0 0 0 0 0 0 0 0 0 0 0 0 0 0 0 0 0 0 0 
0 0 0 0 0.677986 0 0 0 0.677986 0 0 0 -5.58825 1.05807 1.05807 0 0 0 0 0 0 0 0 0 0 0 0 0 1.05807 0 0 0 0 0 0 0 0 0 0 0 0 0 0 0 1.05807 0 0 0 0 0 0 0 0 0 0 0 0 0 0 0 0 0 0 0 
0 0 0 0 0 0.677986 0 0 0 0.677986 0 0 0.677986 -6.79527 0 1.5871 0 0 0 0 0 0 0 0 0 0 0 0 0 1.5871 0 0 0 0 0 0 0 0 0 0 0 0 0 0 0 1.5871 0 0 0 0 0 0 0 0 0 0 0 0 0 0 0 0 0 0 
0 0 0 0 0 0 0.677986 0 0 0 0.677986 0 0.677986 0 -6.79527 1.5871 0 0 0 0 0 0 0 0 0 0 0 0 0 0 1.5871 0 0 0 0 0 0 0 0 0 0 0 0 0 0 0 1.5871 0 0 0 0 0 0 0 0 0 0 0 0 0 0 0 0 0 
0 0 0 0 0 0 0 0.677986 0 0 0 0.677986 0 0.677986 0.677986 -6.94422 0 0 0 0 0 0 0 0 0 0 0 0 0 0 0 2.11614 0 0 0 0 0 0 0 0 0 0 0 0 0 0 0 2.11614 0 0 0 0 0 0 0 0 0 0 0 0 0 0 0 0 
0.677986 0 0 0 0 0 0 0 0 0 0 0 0 0 0 0 -3.32316 0.529035 0.529035 0 0.529035 0 0 0 0.529035 0 0 0 0 0 0 0 0 0 0 0 0 0 0 0 0 0 0 0 0 0 0 0 0.529035 0 0 0 0 0 0 0 0 0 0 0 0 0 0 0 
0 0.677986 0 0 0 0 0 0 0 0 0 0 0 0 0 0 0.677986 -5.58825 0 1.05807 0 1.05807 0 0 0 1.05807 0 0 0 0 0 0 0 0 0 0 0 0 0 0 0 0 0 0 0 0 0 0 0 1.05807 0 0 0 0 0 0 0 0 0 0 0 0 0 0 
0 0 0.677986 0 0 0 0 0 0 0 0 0 0 0 0 0 0.677986 0 -5.58825 1.05807 0 0 1.05807 0 0 0 1.05807 0 0 0 0 0 0 0 0 0 0 0 0 0 0 0 0 0 0 0 0 0 0 0 1.05807 0 0 0 0 0 0 0 0 0 0 0 0 0 
0 0 0 0.677986 0 0 0 0 0 0 0 0 0 0 0 0 0 0.677986 0.677986 -6.79527 0 0 0 1.5871 0 0 0 1.5871 0 0 0 0 0 0 0 0 0 0 0 0 0 0 0 0 0 0 0 0 0 0 0 1.5871 0 0 0 0 0 0 0 0 0 0 0 0 
0 0 0 0 0.677986 0 0 0 0 0 0 0 0 0 0 0 0.677986 0 0 0 -5.58825 1.05807 1.05807 0 0 0 0 0 1.05807 0 0 0 0 0 0 0 0 0 0 0 0 0 0 0 0 0 0 0 0 0 0 0 1.05807 0 0 0 0 0 0 0 0 0 0 0 
0 0 0 0 0 0.677986 0 0 0 0 0 0 0 0 0 0 0 0.677986 0 0 0.677986 -6.79527 0 1.5871 0 0 0 0 0 1.5871 0 0 0 0 0 0 0 0 0 0 0 0 0 0 0 0 0 0 0 0 0 0 0 1.5871 0 0 0 0 0 0 0 0 0 0 
0 0 0 0 0 0 0.677986 0 0 0 0 0 0 0 0 0 0 0 0.677986 0 0.677986 0 -6.79527 1.5871 0 0 0 0 0 0 1.5871 0 0 0 0 0 0 0 0 0 0 0 0 0 0 0 0 0 0 0 0 0 0 0 1.5871 0 0 0 0 0 0 0 0 0 
0 0 0 0 0 0 0 0.677986 0 0 0 0 0 0 0 0 0 0 0 0.677986 0 0.677986 0.677986 -6.94422 0 0 0 0 0 0 0 2.11614 0 0 0 0 0 0 0 0 0 0 0 0 0 0 0 0 0 0 0 0 0 0 0 2.11614 0 0 0 0 0 0 0 0 
0 0 0 0 0 0 0 0 0.677986 0 0 0 0 0 0 0 0.677986 0 0 0 0 0 0 0 -5.58825 1.05807 1.05807 0 1.05807 0 0 0 0 0 0 0 0 0 0 0 0 0 0 0 0 0 0 0 0 0 0 0 0 0 0 0 1.05807 0 0 0 0 0 0 0 
0 0 0 0 0 0 0 0 0 0.677986 0 0 0 0 0 0 0 0.677986 0 0 0 0 0 0 0.677986 -6.79527 0 1.5871 0 1.5871 0 0 0 0 0 0 0 0 0 0 0 0 0 0 0 0 0 0 0 0 0 0 0 0 0 0 0 1.5871 0 0 0 0 0 0 
0 0 0 0 0 0 0 0 0 0 0.677986 0 0 0 0 0 0 0 0.677986 0 0 0 0 0 0.677986 0 -6.79527 1.5871 0 0 1.5871 0 0 0 0 0 0 0 0 0 0 0 0 0 0 0 0 0 0 0 0 0 0 0 0 0 0 0 1.5871 0 0 0 0 0 
0 0 0 0 0 0 0 0 0 0 0 0.677986 0 0 0 0 0 0 0 0.677986 0 0 0 0 0 0.677986 0.677986 -6.94422 0 0 0 2.11614 0 0 0 0 0 0 0 0 0 0 0 0 0 0 0 0 0 0 0 0 0 0 0 0 0 0 0 2.11614 0 0 0 0 
0 0 0 0 0 0 0 0 0 0 0 0 0.677986 0 0 0 0 0 0 0 0.677986 0 0 0 0.677986 0 0 0 -6.79527 1.5871 1.5871 0 0 0 0 0 0 0 0 0 0 0 0 0 0 0 0 0 0 0 0 0 0 0 0 0 0 0 0 0 1.5871 0 0 0 
0 0 0 0 0 0 0 0 0 0 0 0 0 0.677986 0 0 0 0 0 0 0 0.677986 0 0 0 0.677986 0 0 0.677986 -6.94422 0 2.11614 0 0 0 0 0 0 0 0 0 0 0 0 0 0 0 0 0 0 0 0 0 0 0 0 0 0 0 0 0 2.11614 0 0 
0 0 0 0 0 0 0 0 0 0 0 0 0 0 0.677986 0 0 0 0 0 0 0 0.677986 0 0 0 0.677986 0 0.677986 0 -6.94422 2.11614 0 0 0 0 0 0 0 0 0 0 0 0 0 0 0 0 0 0 0 0 0 0 0 0 0 0 0 0 0 0 2.11614 0 
0 0 0 0 0 0 0 0 0 0 0 0 0 0 0 0.677986 0 0 0 0 0 0 0 0.677986 0 0 0 0.677986 0 0.677986 0.677986 -6.0351 0 0 0 0 0 0 0 0 0 0 0 0 0 0 0 0 0 0 0 0 0 0 0 0 0 0 0 0 0 0 0 2.64517 
0.677986 0 0 0 0 0 0 0 0 0 0 0 0 0 0 0 0 0 0 0 0 0 0 0 0 0 0 0 0 0 0 0 -3.32316 0.529035 0.529035 0 0.529035 0 0 0 0.529035 0 0 0 0 0 0 0 0.529035 0 0 0 0 0 0 0 0 0 0 0 0 0 0 0 
0 0.677986 0 0 0 0 0 0 0 0 0 0 0 0 0 0 0 0 0 0 0 0 0 0 0 0 0 0 0 0 0 0 0.677986 -5.58825 0 1.05807 0 1.05807 0 0 0 1.05807 0 0 0 0 0 0 0 1.05807 0 0 0 0 0 0 0 0 0 0 0 0 0 0 
0 0 0.677986 0 0 0 0 0 0 0 0 0 0 0 0 0 0 0 0 0 0 0 0 0 0 0 0 0 0 0 0 0 0.677986 0 -5.58825 1.05807 0 0 1.05807 0 0 0 1.05807 0 0 0 0 0 0 0 1.05807 0 0 0 0 0 0 0 0 0 0 0 0 0 
0 0 0 0.677986 0 0 0 0 0 0 0 0 0 0 0 0 0 0 0 0 0 0 0 0 0 0 0 0 0 0 0 0 0 0.677986 0.677986 -6.79527 0 0 0 1.5871 0 0 0 1.5871 0 0 0 0 0 0 0 1.5871 0 0 0 0 0 0 0 0 0 0 0 0 
0 0 0 0 0.677986 0 0 0 0 0 0 0 0 0 0 0 0 0 0 0 0 0 0 0 0 0 0 0 0 0 0 0 0.677986 0 0 0 -5.58825 1.05807 1.05807 0 0 0 0 0 1.05807 0 0 0 0 0 0 0 1.05807 0 0 0 0 0 0 0 0 0 0 0 
0 0 0 0 0 0.677986 0 0 0 0 0 0 0 0 0 0 0 0 0 0 0 0 0 0 0 0 0 0 0 0 0 0 0 0.677986 0 0 0.677986 -6.79527 0 1.5871 0 0 0 0 0 1.5871 0 0 0 0 0 0 0 1.5871 0 0 0 0 0 0 0 0 0 0 
0 0 0 0 0 0 0.677986 0 0 0 0 0 0 0 0 0 0 0 0 0 0 0 0 0 0 0 0 0 0 0 0 0 0 0 0.677986 0 0.677986 0 -6.79527 1.5871 0 0 0 0 0 0 1.5871 0 0 0 0 0 0 0 1.5871 0 0 0 0 0 0 0 0 0 
0 0 0 0 0 0 0 0.677986 0 0 0 0 0 0 0 0 0 0 0 0 0 0 0 0 0 0 0 0 0 0 0 0 0 0 0 0.677986 0 0.677986 0.677986 -6.94422 0 0 0 0 0 0 0 2.11614 0 0 0 0 0 0 0 2.11614 0 0 0 0 0 0 0 0 
0 0 0 0 0 0 0 0 0.677986 0 0 0 0 0 0 0 0 0 0 0 0 0 0 0 0 0 0 0 0 0 0 0 0.677986 0 0 0 0 0 0 0 -5.58825 1.05807 1.05807 0 1.05807 0 0 0 0 0 0 0 0 0 0 0 1.05807 0 0 0 0 0 0 0 
0 0 0 0 0 0 0 0 0 0.677986 0 0 0 0 0 0 0 0 0 0 0 0 0 0 0 0 0 0 0 0 0 0 0 0.677986 0 0 0 0 0 0 0.677986 -6.79527 0 1.5871 0 1.5871 0 0 0 0 0 0 0 0 0 0 0 1.5871 0 0 0 0 0 0 
0 0 0 0 0 0 0 0 0 0 0.677986 0 0 0 0 0 0 0 0 0 0 0 0 0 0 0 0 0 0 0 0 0 0 0 0.677986 0 0 0 0 0 0.677986 0 -6.79527 1.5871 0 0 1.5871 0 0 0 0 0 0 0 0 0 0 0 1.5871 0 0 0 0 0 
0 0 0 0 0 0 0 0 0 0 0 0.677986 0 0 0 0 0 0 0 0 0 0 0 0 0 0 0 0 0 0 0 0 0 0 0 0.677986 0 0 0 0 0 0.677986 0.677986 -6.94422 0 0 0 2.11614 0 0 0 0 0 0 0 0 0 0 0 2.11614 0 0 0 0 
0 0 0 0 0 0 0 0 0 0 0 0 0.677986 0 0 0 0 0 0 0 0 0 0 0 0 0 0 0 0 0 0 0 0 0 0 0 0.677986 0 0 0 0.677986 0 0 0 -6.79527 1.5871 1.5871 0 0 0 0 0 0 0 0 0 0 0 0 0 1.5871 0 0 0 
0 0 0 0 0 0 0 0 0 0 0 0 0 0.677986 0 0 0 0 0 0 0 0 0 0 0 0 0 0 0 0 0 0 0 0 0 0 0 0.677986 0 0 0 0.677986 0 0 0.677986 -6.94422 0 2.11614 0 0 0 0 0 0 0 0 0 0 0 0 0 2.11614 0 0 
0 0 0 0 0 0 0 0 0 0 0 0 0 0 0.677986 0 0 0 0 0 0 0 0 0 0 0 0 0 0 0 0 0 0 0 0 0 0 0 0.677986 0 0 0 0.677986 0 0.677986 0 -6.94422 2.11614 0 0 0 0 0 0 0 0 0 0 0 0 0 0 2.11614 0 
0 0 0 0 0 0 0 0 0 0 0 0 0 0 0 0.677986 0 0 0 0 0 0 0 0 0 0 0 0 0 0 0 0 0 0 0 0 0 0 0 0.677986 0 0 0 0.677986 0 0.677986 0.677986 -6.0351 0 0 0 0 0 0 0 0 0 0 0 0 0 0 0 2.64517 
0 0 0 0 0 0 0 0 0 0 0 0 0 0 0 0 0.677986 0 0 0 0 0 0 0 0 0 0 0 0 0 0 0 0.677986 0 0 0 0 0 0 0 0 0 0 0 0 0 0 0 -5.58825 1.05807 1.05807 0 1.05807 0 0 0 1.05807 0 0 0 0 0 0 0 
0 0 0 0 0 0 0 0 0 0 0 0 0 0 0 0 0 0.677986 0 0 0 0 0 0 0 0 0 0 0 0 0 0 0 0.677986 0 0 0 0 0 0 0 0 0 0 0 0 0 0 0.677986 -6.79527 0 1.5871 0 1.5871 0 0 0 1.5871 0 0 0 0 0 0 
0 0 0 0 0 0 0 0 0 0 0 0 0 0 0 0 0 0 0.677986 0 0 0 0 0 0 0 0 0 0 0 0 0 0 0 0.677986 0 0 0 0 0 0 0 0 0 0 0 0 0 0.677986 0 -6.79527 1.5871 0 0 1.5871 0 0 0 1.5871 0 0 0 0 0 
0 0 0 0 0 0 0 0 0 0 0 0 0 0 0 0 0 0 0 0.677986 0 0 0 0 0 0 0 0 0 0 0 0 0 0 0 0.677986 0 0 0 0 0 0 0 0 0 0 0 0 0 0.677986 0.677986 -6.94422 0 0 0 2.11614 0 0 0 2.11614 0 0 0 0 
0 0 0 0 0 0 0 0 0 0 0 0 0 0 0 0 0 0 0 0 0.677986 0 0 0 0 0 0 0 0 0 0 0 0 0 0 0 0.677986 0 0 0 0 0 0 0 0 0 0 0 0.677986 0 0 0 -6.79527 1.5871 1.5871 0 0 0 0 0 1.5871 0 0 0 
0 0 0 0 0 0 0 0 0 0 0 0 0 0 0 0 0 0 0 0 0 0.677986 0 0 0 0 0 0 0 0 0 0 0 0 0 0 0 0.677986 0 0 0 0 0 0 0 0 0 0 0 0.677986 0 0 0.677986 -6.94422 0 2.11614 0 0 0 0 0 2.11614 0 0 
0 0 0 0 0 0 0 0 0 0 0 0 0 0 0 0 0 0 0 0 0 0 0.677986 0 0 0 0 0 0 0 0 0 0 0 0 0 0 0 0.677986 0 0 0 0 0 0 0 0 0 0 0 0.677986 0 0.677986 0 -6.94422 2.11614 0 0 0 0 0 0 2.11614 0 
0 0 0 0 0 0 0 0 0 0 0 0 0 0 0 0 0 0 0 0 0 0 0 0.677986 0 0 0 0 0 0 0 0 0 0 0 0 0 0 0 0.677986 0 0 0 0 0 0 0 0 0 0 0 0.677986 0 0.677986 0.677986 -6.0351 0 0 0 0 0 0 0 2.64517 
0 0 0 0 0 0 0 0 0 0 0 0 0 0 0 0 0 0 0 0 0 0 0 0 0.677986 0 0 0 0 0 0 0 0 0 0 0 0 0 0 0 0.677986 0 0 0 0 0 0 0 0.677986 0 0 0 0 0 0 0 -6.79527 1.5871 1.5871 0 1.5871 0 0 0 
0 0 0 0 0 0 0 0 0 0 0 0 0 0 0 0 0 0 0 0 0 0 0 0 0 0.677986 0 0 0 0 0 0 0 0 0 0 0 0 0 0 0 0.677986 0 0 0 0 0 0 0 0.677986 0 0 0 0 0 0 0.677986 -6.94422 0 2.11614 0 2.11614 0 0 
0 0 0 0 0 0 0 0 0 0 0 0 0 0 0 0 0 0 0 0 0 0 0 0 0 0 0.677986 0 0 0 0 0 0 0 0 0 0 0 0 0 0 0 0.677986 0 0 0 0 0 0 0 0.677986 0 0 0 0 0 0.677986 0 -6.94422 2.11614 0 0 2.11614 0 
0 0 0 0 0 0 0 0 0 0 0 0 0 0 0 0 0 0 0 0 0 0 0 0 0 0 0 0.677986 0 0 0 0 0 0 0 0 0 0 0 0 0 0 0 0.677986 0 0 0 0 0 0 0 0.677986 0 0 0 0 0 0.677986 0.677986 -6.0351 0 0 0 2.64517 
0 0 0 0 0 0 0 0 0 0 0 0 0 0 0 0 0 0 0 0 0 0 0 0 0 0 0 0 0.677986 0 0 0 0 0 0 0 0 0 0 0 0 0 0 0 0.677986 0 0 0 0 0 0 0 0.677986 0 0 0 0.677986 0 0 0 -6.94422 2.11614 2.11614 0 
0 0 0 0 0 0 0 0 0 0 0 0 0 0 0 0 0 0 0 0 0 0 0 0 0 0 0 0 0 0.677986 0 0 0 0 0 0 0 0 0 0 0 0 0 0 0 0.677986 0 0 0 0 0 0 0 0.677986 0 0 0 0.677986 0 0 0.677986 -6.0351 0 2.64517 
0 0 0 0 0 0 0 0 0 0 0 0 0 0 0 0 0 0 0 0 0 0 0 0 0 0 0 0 0 0 0.677986 0 0 0 0 0 0 0 0 0 0 0 0 0 0 0 0.677986 0 0 0 0 0 0 0 0.677986 0 0 0 0.677986 0 0.677986 0 -6.0351 2.64517 
0 0 0 0 0 0 0 0 0 0 0 0 0 0 0 0 0 0 0 0 0 0 0 0 0 0 0 0 0 0 0 0.677986 0 0 0 0 0 0 0 0 0 0 0 0 0 0 0 0.677986 0 0 0 0 0 0 0 0.677986 0 0 0 0.677986 0 0.677986 0.677986 -4.06792 
