64
-0 0 0 0 0 0 0 0 0 0 0 0 0 0 0 0 0 0 0 0 0 0 0 0 0 0 0 0 0 0 0 0 0 0 0 0 0 0 0 0 0 0 0 0 0 0 0 0 0 0 0 0 0 0 0 0 0 0 0 0 0 0 0 0 
0.47159 -2.27503 0 0.360687 0 0.360687 0 0 0 0.360687 0 0 0 0 0 0 0 0.360687 0 0 0 0 0 0 0 0 0 0 0 0 0 0 0 0.360687 0 0 0 0 0 0 0 0 0 0 0 0 0 0 0 0 0 0 0 0 0 0 0 0 0 0 0 0 0 0 
0.47159 0 -2.27503 0.360687 0 0 0.360687 0 0 0 0.360687 0 0 0 0 0 0 0 0.360687 0 0 0 0 0 0 0 0 0 0 0 0 0 0 0 0.360687 0 0 0 0 0 0 0 0 0 0 0 0 0 0 0 0 0 0 0 0 0 0 0 0 0 0 0 0 0 
0 0.47159 0.47159 -3.82868 0 0 0 0.721375 0 0 0 0.721375 0 0 0 0 0 0 0 0.721375 0 0 0 0 0 0 0 0 0 0 0 0 0 0 0 0.721375 0 0 0 0 0 0 0 0 0 0 0 0 0 0 0 0 0 0 0 0 0 0 0 0 0 0 0 0 
0.47159 0 0 0 -2.27503 0.360687 0.360687 0 0 0 0 0 0.360687 0 0 0 0 0 0 0 0.360687 0 0 0 0 0 0 0 0 0 0 0 0 0 0 0 0.360687 0 0 0 0 0 0 0 0 0 0 0 0 0 0 0 0 0 0 0 0 0 0 0 0 0 0 0 
0 0.47159 0 0 0.47159 -3.82868 0 0.721375 0 0 0 0 0 0.721375 0 0 0 0 0 0 0 0.721375 0 0 0 0 0 0 0 0 0 0 0 0 0 0 0 0.721375 0 0 0 0 0 0 0 0 0 0 0 0 0 0 0 0 0 0 0 0 0 0 0 0 0 0 
0 0 0.47159 0 0.47159 0 -3.82868 0.721375 0 0 0 0 0 0 0.721375 0 0 0 0 0 0 0 0.721375 0 0 0 0 0 0 0 0 0 0 0 0 0 0 0 0.721375 0 0 0 0 0 0 0 0 0 0 0 0 0 0 0 0 0 0 0 0 0 0 0 0 0 
0 0 0 0.47159 0 0.47159 0.47159 -4.66096 0 0 0 0 0 0 0 1.08206 0 0 0 0 0 0 0 1.08206 0 0 0 0 0 0 0 0 0 0 0 0 0 0 0 1.08206 0 0 0 0 0 0 0 0 0 0 0 0 0 0 0 0 0 0 0 0 0 0 0 0 
0.47159 0 0 0 0 0 0 0 -2.27503 0.360687 0.360687 0 0.360687 0 0 0 0 0 0 0 0 0 0 0 0.360687 0 0 0 0 0 0 0 0 0 0 0 0 0 0 0 0.360687 0 0 0 0 0 0 0 0 0 0 0 0 0 0 0 0 0 0 0 0 0 0 0 
0 0.47159 0 0 0 0 0 0 0.47159 -3.82868 0 0.721375 0 0.721375 0 0 0 0 0 0 0 0 0 0 0 0.721375 0 0 0 0 0 0 0 0 0 0 0 0 0 0 0 0.721375 0 0 0 0 0 0 0 0 0 0 0 0 0 0 0 0 0 0 0 0 0 0 
0 0 0.47159 0 0 0 0 0 0.47159 0 -3.82868 0.721375 0 0 0.721375 0 0 0 0 0 0 0 0 0 0 0 0.721375 0 0 0 0 0 0 0 0 0 0 0 0 0 0 0 0.721375 0 0 0 0 0 0 0 0 0 0 0 0 0 0 0 0 0 0 0 0 0 
0 0 0 0.47159 0 0 0 0 0 0.47159 0.47159 -4.66096 0 0 0 1.08206 0 0 0 0 0 0 0 0 0 0 0 1.08206 0 0 0 0 0 0 0 0 0 0 0 0 0 0 0 1.08206 0 0 0 0 0 0 0 0 0 0 0 0 0 0 0 0 0 0 0 0 
0 0 0 0 0.47159 0 0 0 0.47159 0 0 0 -3.82868 0.721375 0.721375 0 0 0 0 0 0 0 0 0 0 0 0 0 0.721375 0 0 0 0 0 0 0 0 0 0 0 0 0 0 0 0.721375 0 0 0 0 0 0 0 0 0 0 0 0 0 0 0 0 0 0 0 
0 0 0 0 0 0.47159 0 0 0 0.47159 0 0 0.47159 -4.66096 0 1.08206 0 0 0 0 0 0 0 0 0 0 0 0 0 1.08206 0 0 0 0 0 0 0 0 0 0 0 0 0 0 0 1.08206 0 0 0 0 0 0 0 0 0 0 0 0 0 0 0 0 0 0 
0 0 0 0 0 0 0.47159 0 0 0 0.47159 0 0.47159 0 -4.66096 1.08206 0 0 0 0 0 0 0 0 0 0 0 0 0 0 1.08206 0 0 0 0 0 0 0 0 0 0 0 0 0 0 0 1.08206 0 0 0 0 0 0 0 0 0 0 0 0 0 0 0 0 0 
0 0 0 0 0 0 0 0.47159 0 0 0 0.47159 0 0.47159 0.47159 -4.77186 0 0 0 0 0 0 0 0 0 0 0 0 0 0 0 1.44275 0 0 0 0 0 0 0 0 0 0 0 0 0 0 0 1.44275 0 0 0 0 0 0 0 0 0 0 0 0 0 0 0 0 
0.47159 0 0 0 0 0 0 0 0 0 0 0 0 0 0 0 -2.27503 0.360687 0.360687 0 0.360687 0 0 0 0.360687 0 0 0 0 0 0 0 0 0 0 0 0 0 0 0 0 0 0 0 0 0 0 0 0.360687 0 0 0 0 0 0 0 0 0 0 0 0 0 0 0 
0 0.47159 0 0 0 0 0 0 0 0 0 0 0 0 0 0 0.47159 -3.82868 0 0.721375 0 0.721375 0 0 0 0.721375 0 0 0 0 0 0 0 0 0 0 0 0 0 0 0 0 0 0 0 0 0 0 0 0.721375 0 0 0 0 0 0 0 0 0 0 0 0 0 0 
0 0 0.47159 0 0 0 0 0 0 0 0 0 0 0 0 0 0.47159 0 -3.82868 0.721375 0 0 0.721375 0 0 0 0.721375 0 0 0 0 0 0 0 0 0 0 0 0 0 0 0 0 0 0 0 0 0 0 0 0.721375 0 0 0 0 0 0 0 0 0 0 0 0 0 
0 0 0 0.47159 0 0 0 0 0 0 0 0 0 0 0 0 0 0.47159 0.47159 -4.66096 0 0 0 1.08206 0 0 0 1.08206 0 0 0 0 0 0 0 0 0 0 0 0 0 0 0 0 0 0 0 0 0 0 0 1.08206 0 0 0 0 0 0 0 0 0 0 0 0 
0 0 0 0 0.47159 0 0 0 0 0 0 0 0 0 0 0 0.47159 0 0 0 -3.82868 0.721375 0.721375 0 0 0 0 0 0.721375 0 0 0 0 0 0 0 0 0 0 0 0 0 0 0 0 0 0 0 0 0 0 0 0.721375 0 0 0 0 0 0 0 0 0 0 0 
0 0 0 0 0 0.47159 0 0 0 0 0 0 0 0 0 0 0 0.47159 0 0 0.47159 -4.66096 0 1.08206 0 0 0 0 0 1.08206 0 0 0 0 0 0 0 0 0 0 0 0 0 0 0 0 0 0 0 0 0 0 0 1.08206 0 0 0 0 0 0 0 0 0 0 
0 0 0 0 0 0 0.47159 0 0 0 0 0 0 0 0 0 0 0 0.47159 0 0.47159 0 -4.66096 1.08206 0 0 0 0 0 0 1.08206 0 0 0 0 0 0 0 0 0 0 0 0 0 0 0 0 0 0 0 0 0 0 0 1.08206 0 0 0 0 0 0 0 0 0 
0 0 0 0 0 0 0 0.47159 0 0 0 0 0 0 0 0 0 0 0 0.47159 0 0.47159 0.47159 -4.77186 0 0 0 0 0 0 0 1.44275 0 0 0 0 0 0 0 0 0 0 0 0 0 0 0 0 0 0 0 0 0 0 0 1.44275 0 0 0 0 0 0 0 0 
0 0 0 0 0 0 0 0 0.47159 0 0 0 0 0 0 0 0.47159 0 0 0 0 0 0 0 -3.82868 0.721375 0.721375 0 0.721375 0 0 0 0 0 0 0 0 0 0 0 0 0 0 0 0 0 0 0 0 0 0 0 0 0 0 0 0.721375 0 0 0 0 0 0 0 
0 0 0 0 0 0 0 0 0 0.47159 0 0 0 0 0 0 0 0.47159 0 0 0 0 0 0 0.47159 -4.66096 0 1.08206 0 1.08206 0 0 0 0 0 0 0 0 0 0 0 0 0 0 0 0 0 0 0 0 0 0 0 0 0 0 0 1.08206 0 0 0 0 0 0 
0 0 0 0 0 0 0 0 0 0 0.47159 0 0 0 0 0 0 0 0.47159 0 0 0 0 0 0.47159 0 -4.66096 1.08206 0 0 1.08206 0 0 0 0 0 0 0 0 0 0 0 0 0 0 0 0 0 0 0 0 0 0 0 0 0 0 0 1.08206 0 0 0 0 0 
0 0 0 0 0 0 0 0 0 0 0 0.47159 0 0 0 0 0 0 0 0.47159 0 0 0 0 0 0.47159 0.47159 -4.77186 0 0 0 1.44275 0 0 0 0 0 0 0 0 0 0 0 0 0 0 0 0 0 0 0 0 0 0 0 0 0 0 0 1.44275 0 0 0 0 
0 0 0 0 0 0 0 0 0 0 0 0 0.47159 0 0 0 0 0 0 0 0.47159 0 0 0 0.47159 0 0 0 -4.66096 1.08206 1.08206 0 0 0 0 0 0 0 0 0 0 0 0 0 0 0 0 0 0 0 0 0 0 0 0 0 0 0 0 0 1.08206 0 0 0 
0 0 0 0 0 0 0 0 0 0 0 0 0 0.47159 0 0 0 0 0 0 0 0.47159 0 0 0 0.47159 0 0 0.47159 -4.77186 0 1.44275 0 0 0 0 0 0 0 0 0 0 0 0 0 0 0 0 0 0 0 0 0 0 0 0 0 0 0 0 0 1.44275 0 0 
0 0 0 0 0 0 0 0 0 0 0 0 0 0 0.47159 0 0 0 0 0 0 0 0.47159 0 0 0 0.47159 0 0.47159 0 -4.77186 1.44275 0 0 0 0 0 0 0 0 0 0 0 0 0 0 0 0 0 0 0 0 0 0 0 0 0 0 0 0 0 0 1.44275 0 
0 0 0 0 0 0 0 0 0 0 0 0 0 0 0 0.47159 0 0 0 0 0 0 0 0.47159 0 0 0 0.47159 0 0.47159 0.47159 -4.16139 0 0 0 0 0 0 0 0 0 0 0 0 0 0 0 0 0 0 0 0 0 0 0 0 0 0 0 0 0 0 0 1.80344 
0.47159 0 0 0 0 0 0 0 0 0 0 0 0 0 0 0 0 0 0 0 0 0 0 0 0 0 0 0 0 0 0 0 -2.27503 0.360687 0.360687 0 0.360687 0 0 0 0.360687 0 0 0 0 0 0 0 0.360687 0 0 0 0 0 0 0 0 0 0 0 0 0 0 0 
0 0.47159 0 0 0 0 0 0 0 0 0 0 0 0 0 0 0 0 0 0 0 0 0 0 0 0 0 0 0 0 0 0 0.47159 -3.82868 0 0.721375 0 0.721375 0 0 0 0.721375 0 0 0 0 0 0 0 0.721375 0 0 0 0 0 0 0 0 0 0 0 0 0 0 
0 0 0.47159 0 0 0 0 0 0 0 0 0 0 0 0 0 0 0 0 0 0 0 0 0 0 0 0 0 0 0 0 0 0.47159 0 -3.82868 0.721375 0 0 0.721375 0 0 0 0.721375 0 0 0 0 0 0 0 0.721375 0 0 0 0 0 0 0 0 0 0 0 0 0 
0 0 0 0.47159 0 0 0 0 0 0 0 0 0 0 0 0 0 0 0 0 0 0 0 0 0 0 0 0 0 0 0 0 0 0.47159 0.47159 -4.66096 0 0 0 1.08206 0 0 0 1.08206 0 0 0 0 0 0 0 1.08206 0 0 0 0 0 0 0 0 0 0 0 0 
0 0 0 0 0.47159 0 0 0 0 0 0 0 0 0 0 0 0 0 0 0 0 0 0 0 0 0 0 0 0 0 0 0 0.47159 0 0 0 -3.82868 0.721375 0.721375 0 0 0 0 0 0.721375 0 0 0 0 0 0 0 0.721375 0 0 0 0 0 0 0 0 0 0 0 
0 0 0 0 0 0.47159 0 0 0 0 0 0 0 0 0 0 0 0 0 0 0 0 0 0 0 0 0 0 0 0 0 0 0 0.47159 0 0 0.47159 -4.66096 0 1.08206 0 0 0 0 0 1.08206 0 0 0 0 0 0 0 1.08206 0 0 0 0 0 0 0 0 0 0 
0 0 0 0 0 0 0.47159 0 0 0 0 0 0 0 0 0 0 0 0 0 0 0 0 0 0 0 0 0 0 0 0 0 0 0 0.47159 0 0.47159 0 -4.66096 1.08206 0 0 0 0 0 0 1.08206 0 0 0 0 0 0 0 1.08206 0 0 0 0 0 0 0 0 0 
0 0 0 0 0 0 0 0.47159 0 0 0 0 0 0 0 0 0 0 0 0 0 0 0 0 0 0 0 0 0 0 0 0 0 0 0 0.47159 0 0.47159 0.47159 -4.77186 0 0 0 0 0 0 0 1.44275 0 0 0 0 0 0 0 1.44275 0 0 0 0 0 0 0 0 
0 0 0 0 0 0 0 0 0.47159 0 0 0 0 0 0 0 0 0 0 0 0 0 0 0 0 0 0 0 0 0 0 0 0.47159 0 0 0 0 0 0 0 -3.82868 0.721375 0.721375 0 0.721375 0 0 0 0 0 0 0 0 0 0 0 0.721375 0 0 0 0 0 0 0 
0 0 0 0 0 0 0 0 0 0.47159 0 0 0 0 0 0 0 0 0 0 0 0 0 0 0 0 0 0 0 0 0 0 0 0.47159 0 0 0 0 0 0 0.47159 -4.66096 0 1.08206 0 1.08206 0 0 0 0 0 0 0 0 0 0 0 1.08206 0 0 0 0 0 0 
0 0 0 0 0 0 0 0 0 0 0.47159 0 0 0 0 0 0 0 0 0 0 0 0 0 0 0 0 0 0 0 0 0 0 0 0.47159 0 0 0 0 0 0.47159 0 -4.66096 1.08206 0 0 1.08206 0 0 0 0 0 0 0 0 0 0 0 1.08206 0 0 0 0 0 
0 0 0 0 0 0 0 0 0 0 0 0.47159 0 0 0 0 0 0 0 0 0 0 0 0 0 0 0 0 0 0 0 0 0 0 0 0.47159 0 0 0 0 0 0.47159 0.47159 -4.77186 0 0 0 1.44275 0 0 0 0 0 0 0 0 0 0 0 1.44275 0 0 0 0 
0 0 0 0 0 0 0 0 0 0 0 0 0.47159 0 0 0 0 0 0 0 0 0 0 0 0 0 0 0 0 0 0 0 0 0 0 0 0.47159 0 0 0 0.47159 0 0 0 -4.66096 1.08206 1.08206 0 0 0 0 0 0 0 0 0 0 0 0 0 1.08206 0 0 0 
0 0 0 0 0 0 0 0 0 0 0 0 0 0.47159 0 0 0 0 0 0 0 0 0 0 0 0 0 0 0 0 0 0 0 0 0 0 0 0.47159 0 0 0 0.47159 0 0 0.47159 -4.77186 0 1.44275 0 0 0 0 0 0 0 0 0 0 0 0 0 1.44275 0 0 
0 0 0 0 0 0 0 0 0 0 0 0 0 0 0.47159 0 0 0 0 0 0 0 0 0 0 0 0 0 0 0 0 0 0 0 0 0 0 0 0.47159 0 0 0 0.47159 0 0.47159 0 -4.77186 1.44275 0 0 0 0 0 0 0 0 0 0 0 0 0 0 1.44275 0 
0 0 0 0 0 0 0 0 0 0 0 0 0 0 0 0.47159 0 0 0 0 0 0 0 0 0 0 0 0 0 0 0 0 0 0 0 0 0 0 0 0.47159 0 0 0 0.47159 0 0.47159 0.47159 -4.16139 0 0 0 0 0 0 0 0 0 0 0 0 0 0 0 1.80344 
0 0 0 0 0 0 0 0 0 0 0 0 0 0 0 0 0.47159 0 0 0 0 0 0 0 0 0 0 0 0 0 0 0 0.47159 0 0 0 0 0 0 0 0 0 0 0 0 0 0 0 -3.82868 0.721375 0.721375 0 0.721375 0 0 0 0.721375 0 0 0 0 0 0 0 
0 0 0 0 0 0 0 0 0 0 0 0 0 0 0 0 0 0.47159 0 0 0 0 0 0 0 0 0 0 0 0 0 0 0 0.47159 0 0 0 0 0 0 0 0 0 0 0 0 0 0 0.47159 -4.66096 0 1.08206 0 1.08206 0 0 0 1.08206 0 0 0 0 0 0 
0 0 0 0 0 0 0 0 0 0 0 0 0 0 0 0 0 0 0.47159 0 0 0 0 0 0 0 0 0 0 0 0 0 0 0 0.47159 0 0 0 0 0 0 0 0 0 0 0 0 0 0.47159 0 -4.66096 1.08206 0 0 1.08206 0 0 0 1.08206 0 0 0 0 0 
0 0 0 0 0 0 0 0 0 0 0 0 0 0 0 0 0 0 0 0.47159 0 0 0 0 0 0 0 0 0 0 0 0 0 0 0 0.47159 0 0 0 0 0 0 0 0 0 0 0 0 0 0.47159 0.47159 -4.77186 0 0 0 1.44275 0 0 0 1.44275 0 0 0 0 
0 0 0 0 0 0 0 0 0 0 0 0 0 0 0 0 0 0 0 0 0.47159 0 0 0 0 0 0 0 0 0 0 0 0 0 0 0 0.47159 0 0 0 0 0 0 0 0 0 0 0 0.47159 0 0 0 -4.66096 1.08206 1.08206 0 0 0 0 0 1.08206 0 0 0 
0 0 0 0 0 0 0 0 0 0 0 0 0 0 0 0 0 0 0 0 0 0.47159 0 0 0 0 0 0 0 0 0 0 0 0 0 0 0 0.47159 0 0 0 0 0 0 0 0 0 0 0 0.47159 0 0 0.47159 -4.77186 0 1.44275 0 0 0 0 0 1.44275 0 0 
0 0 0 0 0 0 0 0 0 0 0 0 0 0 0 0 0 0 0 0 0 0 0.47159 0 0 0 0 0 0 0 0 0 0 0 0 0 0 0 0.47159 0 0 0 0 0 0 0 0 0 0 0 0.47159 0 0.47159 0 -4.77186 1.44275 0 0 0 0 0 0 1.44275 0 
0 0 0 0 0 0 0 0 0 0 0 0 0 0 0 0 0 0 0 0 0 0 0 0.47159 0 0 0 0 0 0 0 0 0 0 0 0 0 0 0 0.47159 0 0 0 0 0 0 0 0 0 0 0 0.47159 0 0.47159 0.47159 -4.16139 0 0 0 0 0 0 0 1.80344 
0 0 0 0 0 0 0 0 0 0 0 0 0 0 0 0 0 0 0 0 0 0 0 0 0.47159 0 0 0 0 0 0 0 0 0 0 0 0 0 0 0 0.47159 0 0 0 0 0 0 0 0.47159 0 0 0 0 0 0 0 -4.66096 1.08206 1.08206 0 1.08206 0 0 0 
0 0 0 0 0 0 0 0 0 0 0 0 0 0 0 0 0 0 0 0 0 0 0 0 0 0.47159 0 0 0 0 0 0 0 0 0 0 0 0 0 0 0 0.47159 0 0 0 0 0 0 0 0.47159 0 0 0 0 0 0 0.47159 -4.77186 0 1.44275 0 1.44275 0 0 
0 0 0 0 0 0 0 0 0 0 0 0 0 0 0 0 0 0 0 0 0 0 0 0 0 0 0.47159 0 0 0 0 0 0 0 0 0 0 0 0 0 0 0 0.47159 0 0 0 0 0 0 0 0.47159 0 0 0 0 0 0.47159 0 -4.77186 1.44275 0 0 1.44275 0 
0 0 0 0 0 0 0 0 0 0 0 0 0 0 0 0 0 0 0 0 0 0 0 0 0 0 0 0.47159 0 0 0 0 0 0 0 0 0 0 0 0 0 0 0 0.47159 0 0 0 0 0 0 0 0.47159 0 0 0 0 0 0.47159 0.47159 -4.16139 0 0 0 1.80344 
0 0 0 0 0 0 0 0 0 0 0 0 0 0 0 0 0 0 0 0 0 0 0 0 0 0 0 0 0.47159 0 0 0 0 0 0 0 0 0 0 0 0 0 0 0 0.47159 0 0 0 0 0 0 0 0.47159 0 0 0 0.47159 0 0 0 -4.77186 1.44275 1.44275 0 
0 0 0 0 0 0 0 0 0 0 0 0 0 0 0 0 0 0 0 0 0 0 0 0 0 0 0 0 0 0.47159 0 0 0 0 0 0 0 0 0 0 0 0 0 0 0 0.47159 0 0 0 0 0 0 0 0.47159 0 0 0 0.47159 0 0 0.47159 -4.16139 0 1.80344 
0 0 0 0 0 0 0 0 0 0 0 0 0 0 0 0 0 0 0 0 0 0 0 0 0 0 0 0 0 0 0.47159 0 0 0 0 0 0 0 0 0 0 0 0 0 0 0 0.47159 0 0 0 0 0 0 0 0.47159 0 0 0 0.47159 0 0.47159 0 -4.16139 1.80344 
0 0 0 0 0 0 0 0 0 0 0 0 0 0 0 0 0 0 0 0 0 0 0 0 0 0 0 0 0 0 0 0.47159 0 0 0 0 0 0 0 0 0 0 0 0 0 0 0 0.47159 0 0 0 0 0 0 0 0.47159 0 0 0 0.47159 0 0.47159 0.47159 -2.82954 
