64
-0 0 0 0 0 0 0 0 0 0 0 0 0 0 0 0 0 0 0 0 0 0 0 0 0 0 0 0 0 0 0 0 0 0 0 0 0 0 0 0 0 0 0 0 0 0 0 0 0 0 0 0 0 0 0 0 0 0 0 0 0 0 0 0 
0.927135 -4.45127 0 0.704828 0 0.704828 0 0 0 0.704828 0 0 0 0 0 0 0 0.704828 0 0 0 0 0 0 0 0 0 0 0 0 0 0 0 0.704828 0 0 0 0 0 0 0 0 0 0 0 0 0 0 0 0 0 0 0 0 0 0 0 0 0 0 0 0 0 0 
0.927135 0 -4.45127 0.704828 0 0 0.704828 0 0 0 0.704828 0 0 0 0 0 0 0 0.704828 0 0 0 0 0 0 0 0 0 0 0 0 0 0 0 0.704828 0 0 0 0 0 0 0 0 0 0 0 0 0 0 0 0 0 0 0 0 0 0 0 0 0 0 0 0 0 
0 0.927135 0.927135 -7.49289 0 0 0 1.40966 0 0 0 1.40966 0 0 0 0 0 0 0 1.40966 0 0 0 0 0 0 0 0 0 0 0 0 0 0 0 1.40966 0 0 0 0 0 0 0 0 0 0 0 0 0 0 0 0 0 0 0 0 0 0 0 0 0 0 0 0 
0.927135 0 0 0 -4.45127 0.704828 0.704828 0 0 0 0 0 0.704828 0 0 0 0 0 0 0 0.704828 0 0 0 0 0 0 0 0 0 0 0 0 0 0 0 0.704828 0 0 0 0 0 0 0 0 0 0 0 0 0 0 0 0 0 0 0 0 0 0 0 0 0 0 0 
0 0.927135 0 0 0.927135 -7.49289 0 1.40966 0 0 0 0 0 1.40966 0 0 0 0 0 0 0 1.40966 0 0 0 0 0 0 0 0 0 0 0 0 0 0 0 1.40966 0 0 0 0 0 0 0 0 0 0 0 0 0 0 0 0 0 0 0 0 0 0 0 0 0 0 
0 0 0.927135 0 0.927135 0 -7.49289 1.40966 0 0 0 0 0 0 1.40966 0 0 0 0 0 0 0 1.40966 0 0 0 0 0 0 0 0 0 0 0 0 0 0 0 1.40966 0 0 0 0 0 0 0 0 0 0 0 0 0 0 0 0 0 0 0 0 0 0 0 0 0 
0 0 0 0.927135 0 0.927135 0.927135 -9.12486 0 0 0 0 0 0 0 2.11448 0 0 0 0 0 0 0 2.11448 0 0 0 0 0 0 0 0 0 0 0 0 0 0 0 2.11448 0 0 0 0 0 0 0 0 0 0 0 0 0 0 0 0 0 0 0 0 0 0 0 0 
0.927135 0 0 0 0 0 0 0 -4.45127 0.704828 0.704828 0 0.704828 0 0 0 0 0 0 0 0 0 0 0 0.704828 0 0 0 0 0 0 0 0 0 0 0 0 0 0 0 0.704828 0 0 0 0 0 0 0 0 0 0 0 0 0 0 0 0 0 0 0 0 0 0 0 
0 0.927135 0 0 0 0 0 0 0.927135 -7.49289 0 1.40966 0 1.40966 0 0 0 0 0 0 0 0 0 0 0 1.40966 0 0 0 0 0 0 0 0 0 0 0 0 0 0 0 1.40966 0 0 0 0 0 0 0 0 0 0 0 0 0 0 0 0 0 0 0 0 0 0 
0 0 0.927135 0 0 0 0 0 0.927135 0 -7.49289 1.40966 0 0 1.40966 0 0 0 0 0 0 0 0 0 0 0 1.40966 0 0 0 0 0 0 0 0 0 0 0 0 0 0 0 1.40966 0 0 0 0 0 0 0 0 0 0 0 0 0 0 0 0 0 0 0 0 0 
0 0 0 0.927135 0 0 0 0 0 0.927135 0.927135 -9.12486 0 0 0 2.11448 0 0 0 0 0 0 0 0 0 0 0 2.11448 0 0 0 0 0 0 0 0 0 0 0 0 0 0 0 2.11448 0 0 0 0 0 0 0 0 0 0 0 0 0 0 0 0 0 0 0 0 
0 0 0 0 0.927135 0 0 0 0.927135 0 0 0 -7.49289 1.40966 1.40966 0 0 0 0 0 0 0 0 0 0 0 0 0 1.40966 0 0 0 0 0 0 0 0 0 0 0 0 0 0 0 1.40966 0 0 0 0 0 0 0 0 0 0 0 0 0 0 0 0 0 0 0 
0 0 0 0 0 0.927135 0 0 0 0.927135 0 0 0.927135 -9.12486 0 2.11448 0 0 0 0 0 0 0 0 0 0 0 0 0 2.11448 0 0 0 0 0 0 0 0 0 0 0 0 0 0 0 2.11448 0 0 0 0 0 0 0 0 0 0 0 0 0 0 0 0 0 0 
0 0 0 0 0 0 0.927135 0 0 0 0.927135 0 0.927135 0 -9.12486 2.11448 0 0 0 0 0 0 0 0 0 0 0 0 0 0 2.11448 0 0 0 0 0 0 0 0 0 0 0 0 0 0 0 2.11448 0 0 0 0 0 0 0 0 0 0 0 0 0 0 0 0 0 
0 0 0 0 0 0 0 0.927135 0 0 0 0.927135 0 0.927135 0.927135 -9.34716 0 0 0 0 0 0 0 0 0 0 0 0 0 0 0 2.81931 0 0 0 0 0 0 0 0 0 0 0 0 0 0 0 2.81931 0 0 0 0 0 0 0 0 0 0 0 0 0 0 0 0 
0.927135 0 0 0 0 0 0 0 0 0 0 0 0 0 0 0 -4.45127 0.704828 0.704828 0 0.704828 0 0 0 0.704828 0 0 0 0 0 0 0 0 0 0 0 0 0 0 0 0 0 0 0 0 0 0 0 0.704828 0 0 0 0 0 0 0 0 0 0 0 0 0 0 0 
0 0.927135 0 0 0 0 0 0 0 0 0 0 0 0 0 0 0.927135 -7.49289 0 1.40966 0 1.40966 0 0 0 1.40966 0 0 0 0 0 0 0 0 0 0 0 0 0 0 0 0 0 0 0 0 0 0 0 1.40966 0 0 0 0 0 0 0 0 0 0 0 0 0 0 
0 0 0.927135 0 0 0 0 0 0 0 0 0 0 0 0 0 0.927135 0 -7.49289 1.40966 0 0 1.40966 0 0 0 1.40966 0 0 0 0 0 0 0 0 0 0 0 0 0 0 0 0 0 0 0 0 0 0 0 1.40966 0 0 0 0 0 0 0 0 0 0 0 0 0 
0 0 0 0.927135 0 0 0 0 0 0 0 0 0 0 0 0 0 0.927135 0.927135 -9.12486 0 0 0 2.11448 0 0 0 2.11448 0 0 0 0 0 0 0 0 0 0 0 0 0 0 0 0 0 0 0 0 0 0 0 2.11448 0 0 0 0 0 0 0 0 0 0 0 0 
0 0 0 0 0.927135 0 0 0 0 0 0 0 0 0 0 0 0.927135 0 0 0 -7.49289 1.40966 1.40966 0 0 0 0 0 1.40966 0 0 0 0 0 0 0 0 0 0 0 0 0 0 0 0 0 0 0 0 0 0 0 1.40966 0 0 0 0 0 0 0 0 0 0 0 
0 0 0 0 0 0.927135 0 0 0 0 0 0 0 0 0 0 0 0.927135 0 0 0.927135 -9.12486 0 2.11448 0 0 0 0 0 2.11448 0 0 0 0 0 0 0 0 0 0 0 0 0 0 0 0 0 0 0 0 0 0 0 2.11448 0 0 0 0 0 0 0 0 0 0 
0 0 0 0 0 0 0.927135 0 0 0 0 0 0 0 0 0 0 0 0.927135 0 0.927135 0 -9.12486 2.11448 0 0 0 0 0 0 2.11448 0 0 0 0 0 0 0 0 0 0 0 0 0 0 0 0 0 0 0 0 0 0 0 2.11448 0 0 0 0 0 0 0 0 0 
0 0 0 0 0 0 0 0.927135 0 0 0 0 0 0 0 0 0 0 0 0.927135 0 0.927135 0.927135 -9.34716 0 0 0 0 0 0 0 2.81931 0 0 0 0 0 0 0 0 0 0 0 0 0 0 0 0 0 0 0 0 0 0 0 2.81931 0 0 0 0 0 0 0 0 
0 0 0 0 0 0 0 0 0.927135 0 0 0 0 0 0 0 0.927135 0 0 0 0 0 0 0 -7.49289 1.40966 1.40966 0 1.40966 0 0 0 0 0 0 0 0 0 0 0 0 0 0 0 0 0 0 0 0 0 0 0 0 0 0 0 1.40966 0 0 0 0 0 0 0 
0 0 0 0 0 0 0 0 0 0.927135 0 0 0 0 0 0 0 0.927135 0 0 0 0 0 0 0.927135 -9.12486 0 2.11448 0 2.11448 0 0 0 0 0 0 0 0 0 0 0 0 0 0 0 0 0 0 0 0 0 0 0 0 0 0 0 2.11448 0 0 0 0 0 0 
0 0 0 0 0 0 0 0 0 0 0.927135 0 0 0 0 0 0 0 0.927135 0 0 0 0 0 0.927135 0 -9.12486 2.11448 0 0 2.11448 0 0 0 0 0 0 0 0 0 0 0 0 0 0 0 0 0 0 0 0 0 0 0 0 0 0 0 2.11448 0 0 0 0 0 
0 0 0 0 0 0 0 0 0 0 0 0.927135 0 0 0 0 0 0 0 0.927135 0 0 0 0 0 0.927135 0.927135 -9.34716 0 0 0 2.81931 0 0 0 0 0 0 0 0 0 0 0 0 0 0 0 0 0 0 0 0 0 0 0 0 0 0 0 2.81931 0 0 0 0 
0 0 0 0 0 0 0 0 0 0 0 0 0.927135 0 0 0 0 0 0 0 0.927135 0 0 0 0.927135 0 0 0 -9.12486 2.11448 2.11448 0 0 0 0 0 0 0 0 0 0 0 0 0 0 0 0 0 0 0 0 0 0 0 0 0 0 0 0 0 2.11448 0 0 0 
0 0 0 0 0 0 0 0 0 0 0 0 0 0.927135 0 0 0 0 0 0 0 0.927135 0 0 0 0.927135 0 0 0.927135 -9.34716 0 2.81931 0 0 0 0 0 0 0 0 0 0 0 0 0 0 0 0 0 0 0 0 0 0 0 0 0 0 0 0 0 2.81931 0 0 
0 0 0 0 0 0 0 0 0 0 0 0 0 0 0.927135 0 0 0 0 0 0 0 0.927135 0 0 0 0.927135 0 0.927135 0 -9.34716 2.81931 0 0 0 0 0 0 0 0 0 0 0 0 0 0 0 0 0 0 0 0 0 0 0 0 0 0 0 0 0 0 2.81931 0 
0 0 0 0 0 0 0 0 0 0 0 0 0 0 0 0.927135 0 0 0 0 0 0 0 0.927135 0 0 0 0.927135 0 0.927135 0.927135 -8.15982 0 0 0 0 0 0 0 0 0 0 0 0 0 0 0 0 0 0 0 0 0 0 0 0 0 0 0 0 0 0 0 3.52414 
0.927135 0 0 0 0 0 0 0 0 0 0 0 0 0 0 0 0 0 0 0 0 0 0 0 0 0 0 0 0 0 0 0 -4.45127 0.704828 0.704828 0 0.704828 0 0 0 0.704828 0 0 0 0 0 0 0 0.704828 0 0 0 0 0 0 0 0 0 0 0 0 0 0 0 
0 0.927135 0 0 0 0 0 0 0 0 0 0 0 0 0 0 0 0 0 0 0 0 0 0 0 0 0 0 0 0 0 0 0.927135 -7.49289 0 1.40966 0 1.40966 0 0 0 1.40966 0 0 0 0 0 0 0 1.40966 0 0 0 0 0 0 0 0 0 0 0 0 0 0 
0 0 0.927135 0 0 0 0 0 0 0 0 0 0 0 0 0 0 0 0 0 0 0 0 0 0 0 0 0 0 0 0 0 0.927135 0 -7.49289 1.40966 0 0 1.40966 0 0 0 1.40966 0 0 0 0 0 0 0 1.40966 0 0 0 0 0 0 0 0 0 0 0 0 0 
0 0 0 0.927135 0 0 0 0 0 0 0 0 0 0 0 0 0 0 0 0 0 0 0 0 0 0 0 0 0 0 0 0 0 0.927135 0.927135 -9.12486 0 0 0 2.11448 0 0 0 2.11448 0 0 0 0 0 0 0 2.11448 0 0 0 0 0 0 0 0 0 0 0 0 
0 0 0 0 0.927135 0 0 0 0 0 0 0 0 0 0 0 0 0 0 0 0 0 0 0 0 0 0 0 0 0 0 0 0.927135 0 0 0 -7.49289 1.40966 1.40966 0 0 0 0 0 1.40966 0 0 0 0 0 0 0 1.40966 0 0 0 0 0 0 0 0 0 0 0 
0 0 0 0 0 0.927135 0 0 0 0 0 0 0 0 0 0 0 0 0 0 0 0 0 0 0 0 0 0 0 0 0 0 0 0.927135 0 0 0.927135 -9.12486 0 2.11448 0 0 0 0 0 2.11448 0 0 0 0 0 0 0 2.11448 0 0 0 0 0 0 0 0 0 0 
0 0 0 0 0 0 0.927135 0 0 0 0 0 0 0 0 0 0 0 0 0 0 0 0 0 0 0 0 0 0 0 0 0 0 0 0.927135 0 0.927135 0 -9.12486 2.11448 0 0 0 0 0 0 2.11448 0 0 0 0 0 0 0 2.11448 0 0 0 0 0 0 0 0 0 
0 0 0 0 0 0 0 0.927135 0 0 0 0 0 0 0 0 0 0 0 0 0 0 0 0 0 0 0 0 0 0 0 0 0 0 0 0.927135 0 0.927135 0.927135 -9.34716 0 0 0 0 0 0 0 2.81931 0 0 0 0 0 0 0 2.81931 0 0 0 0 0 0 0 0 
0 0 0 0 0 0 0 0 0.927135 0 0 0 0 0 0 0 0 0 0 0 0 0 0 0 0 0 0 0 0 0 0 0 0.927135 0 0 0 0 0 0 0 -7.49289 1.40966 1.40966 0 1.40966 0 0 0 0 0 0 0 0 0 0 0 1.40966 0 0 0 0 0 0 0 
0 0 0 0 0 0 0 0 0 0.927135 0 0 0 0 0 0 0 0 0 0 0 0 0 0 0 0 0 0 0 0 0 0 0 0.927135 0 0 0 0 0 0 0.927135 -9.12486 0 2.11448 0 2.11448 0 0 0 0 0 0 0 0 0 0 0 2.11448 0 0 0 0 0 0 
0 0 0 0 0 0 0 0 0 0 0.927135 0 0 0 0 0 0 0 0 0 0 0 0 0 0 0 0 0 0 0 0 0 0 0 0.927135 0 0 0 0 0 0.927135 0 -9.12486 2.11448 0 0 2.11448 0 0 0 0 0 0 0 0 0 0 0 2.11448 0 0 0 0 0 
0 0 0 0 0 0 0 0 0 0 0 0.927135 0 0 0 0 0 0 0 0 0 0 0 0 0 0 0 0 0 0 0 0 0 0 0 0.927135 0 0 0 0 0 0.927135 0.927135 -9.34716 0 0 0 2.81931 0 0 0 0 0 0 0 0 0 0 0 2.81931 0 0 0 0 
0 0 0 0 0 0 0 0 0 0 0 0 0.927135 0 0 0 0 0 0 0 0 0 0 0 0 0 0 0 0 0 0 0 0 0 0 0 0.927135 0 0 0 0.927135 0 0 0 -9.12486 2.11448 2.11448 0 0 0 0 0 0 0 0 0 0 0 0 0 2.11448 0 0 0 
0 0 0 0 0 0 0 0 0 0 0 0 0 0.927135 0 0 0 0 0 0 0 0 0 0 0 0 0 0 0 0 0 0 0 0 0 0 0 0.927135 0 0 0 0.927135 0 0 0.927135 -9.34716 0 2.81931 0 0 0 0 0 0 0 0 0 0 0 0 0 2.81931 0 0 
0 0 0 0 0 0 0 0 0 0 0 0 0 0 0.927135 0 0 0 0 0 0 0 0 0 0 0 0 0 0 0 0 0 0 0 0 0 0 0 0.927135 0 0 0 0.927135 0 0.927135 0 -9.34716 2.81931 0 0 0 0 0 0 0 0 0 0 0 0 0 0 2.81931 0 
0 0 0 0 0 0 0 0 0 0 0 0 0 0 0 0.927135 0 0 0 0 0 0 0 0 0 0 0 0 0 0 0 0 0 0 0 0 0 0 0 0.927135 0 0 0 0.927135 0 0.927135 0.927135 -8.15982 0 0 0 0 0 0 0 0 0 0 0 0 0 0 0 3.52414 
0 0 0 0 0 0 0 0 0 0 0 0 0 0 0 0 0.927135 0 0 0 0 0 0 0 0 0 0 0 0 0 0 0 0.927135 0 0 0 0 0 0 0 0 0 0 0 0 0 0 0 -7.49289 1.40966 1.40966 0 1.40966 0 0 0 1.40966 0 0 0 0 0 0 0 
0 0 0 0 0 0 0 0 0 0 0 0 0 0 0 0 0 0.927135 0 0 0 0 0 0 0 0 0 0 0 0 0 0 0 0.927135 0 0 0 0 0 0 0 0 0 0 0 0 0 0 0.927135 -9.12486 0 2.11448 0 2.11448 0 0 0 2.11448 0 0 0 0 0 0 
0 0 0 0 0 0 0 0 0 0 0 0 0 0 0 0 0 0 0.927135 0 0 0 0 0 0 0 0 0 0 0 0 0 0 0 0.927135 0 0 0 0 0 0 0 0 0 0 0 0 0 0.927135 0 -9.12486 2.11448 0 0 2.11448 0 0 0 2.11448 0 0 0 0 0 
0 0 0 0 0 0 0 0 0 0 0 0 0 0 0 0 0 0 0 0.927135 0 0 0 0 0 0 0 0 0 0 0 0 0 0 0 0.927135 0 0 0 0 0 0 0 0 0 0 0 0 0 0.927135 0.927135 -9.34716 0 0 0 2.81931 0 0 0 2.81931 0 0 0 0 
0 0 0 0 0 0 0 0 0 0 0 0 0 0 0 0 0 0 0 0 0.927135 0 0 0 0 0 0 0 0 0 0 0 0 0 0 0 0.927135 0 0 0 0 0 0 0 0 0 0 0 0.927135 0 0 0 -9.12486 2.11448 2.11448 0 0 0 0 0 2.11448 0 0 0 
0 0 0 0 0 0 0 0 0 0 0 0 0 0 0 0 0 0 0 0 0 0.927135 0 0 0 0 0 0 0 0 0 0 0 0 0 0 0 0.927135 0 0 0 0 0 0 0 0 0 0 0 0.927135 0 0 0.927135 -9.34716 0 2.81931 0 0 0 0 0 2.81931 0 0 
0 0 0 0 0 0 0 0 0 0 0 0 0 0 0 0 0 0 0 0 0 0 0.927135 0 0 0 0 0 0 0 0 0 0 0 0 0 0 0 0.927135 0 0 0 0 0 0 0 0 0 0 0 0.927135 0 0.927135 0 -9.34716 2.81931 0 0 0 0 0 0 2.81931 0 
0 0 0 0 0 0 0 0 0 0 0 0 0 0 0 0 0 0 0 0 0 0 0 0.927135 0 0 0 0 0 0 0 0 0 0 0 0 0 0 0 0.927135 0 0 0 0 0 0 0 0 0 0 0 0.927135 0 0.927135 0.927135 -8.15982 0 0 0 0 0 0 0 3.52414 
0 0 0 0 0 0 0 0 0 0 0 0 0 0 0 0 0 0 0 0 0 0 0 0 0.927135 0 0 0 0 0 0 0 0 0 0 0 0 0 0 0 0.927135 0 0 0 0 0 0 0 0.927135 0 0 0 0 0 0 0 -9.12486 2.11448 2.11448 0 2.11448 0 0 0 
0 0 0 0 0 0 0 0 0 0 0 0 0 0 0 0 0 0 0 0 0 0 0 0 0 0.927135 0 0 0 0 0 0 0 0 0 0 0 0 0 0 0 0.927135 0 0 0 0 0 0 0 0.927135 0 0 0 0 0 0 0.927135 -9.34716 0 2.81931 0 2.81931 0 0 
0 0 0 0 0 0 0 0 0 0 0 0 0 0 0 0 0 0 0 0 0 0 0 0 0 0 0.927135 0 0 0 0 0 0 0 0 0 0 0 0 0 0 0 0.927135 0 0 0 0 0 0 0 0.927135 0 0 0 0 0 0.927135 0 -9.34716 2.81931 0 0 2.81931 0 
0 0 0 0 0 0 0 0 0 0 0 0 0 0 0 0 0 0 0 0 0 0 0 0 0 0 0 0.927135 0 0 0 0 0 0 0 0 0 0 0 0 0 0 0 0.927135 0 0 0 0 0 0 0 0.927135 0 0 0 0 0 0.927135 0.927135 -8.15982 0 0 0 3.52414 
0 0 0 0 0 0 0 0 0 0 0 0 0 0 0 0 0 0 0 0 0 0 0 0 0 0 0 0 0.927135 0 0 0 0 0 0 0 0 0 0 0 0 0 0 0 0.927135 0 0 0 0 0 0 0 0.927135 0 0 0 0.927135 0 0 0 -9.34716 2.81931 2.81931 0 
0 0 0 0 0 0 0 0 0 0 0 0 0 0 0 0 0 0 0 0 0 0 0 0 0 0 0 0 0 0.927135 0 0 0 0 0 0 0 0 0 0 0 0 0 0 0 0.927135 0 0 0 0 0 0 0 0.927135 0 0 0 0.927135 0 0 0.927135 -8.15982 0 3.52414 
0 0 0 0 0 0 0 0 0 0 0 0 0 0 0 0 0 0 0 0 0 0 0 0 0 0 0 0 0 0 0.927135 0 0 0 0 0 0 0 0 0 0 0 0 0 0 0 0.927135 0 0 0 0 0 0 0 0.927135 0 0 0 0.927135 0 0.927135 0 -8.15982 3.52414 
0 0 0 0 0 0 0 0 0 0 0 0 0 0 0 0 0 0 0 0 0 0 0 0 0 0 0 0 0 0 0 0.927135 0 0 0 0 0 0 0 0 0 0 0 0 0 0 0 0.927135 0 0 0 0 0 0 0 0.927135 0 0 0 0.927135 0 0.927135 0.927135 -5.56281 
