64
-0 0 0 0 0 0 0 0 0 0 0 0 0 0 0 0 0 0 0 0 0 0 0 0 0 0 0 0 0 0 0 0 0 0 0 0 0 0 0 0 0 0 0 0 0 0 0 0 0 0 0 0 0 0 0 0 0 0 0 0 0 0 0 0 
0.569894 -2.87385 0 0.460792 0 0.460792 0 0 0 0.460792 0 0 0 0 0 0 0 0.460792 0 0 0 0 0 0 0 0 0 0 0 0 0 0 0 0.460792 0 0 0 0 0 0 0 0 0 0 0 0 0 0 0 0 0 0 0 0 0 0 0 0 0 0 0 0 0 0 
0.569894 0 -2.87385 0.460792 0 0 0.460792 0 0 0 0.460792 0 0 0 0 0 0 0 0.460792 0 0 0 0 0 0 0 0 0 0 0 0 0 0 0 0.460792 0 0 0 0 0 0 0 0 0 0 0 0 0 0 0 0 0 0 0 0 0 0 0 0 0 0 0 0 0 
0 0.569894 0.569894 -4.82612 0 0 0 0.921583 0 0 0 0.921583 0 0 0 0 0 0 0 0.921583 0 0 0 0 0 0 0 0 0 0 0 0 0 0 0 0.921583 0 0 0 0 0 0 0 0 0 0 0 0 0 0 0 0 0 0 0 0 0 0 0 0 0 0 0 0 
0.569894 0 0 0 -2.87385 0.460792 0.460792 0 0 0 0 0 0.460792 0 0 0 0 0 0 0 0.460792 0 0 0 0 0 0 0 0 0 0 0 0 0 0 0 0.460792 0 0 0 0 0 0 0 0 0 0 0 0 0 0 0 0 0 0 0 0 0 0 0 0 0 0 0 
0 0.569894 0 0 0.569894 -4.82612 0 0.921583 0 0 0 0 0 0.921583 0 0 0 0 0 0 0 0.921583 0 0 0 0 0 0 0 0 0 0 0 0 0 0 0 0.921583 0 0 0 0 0 0 0 0 0 0 0 0 0 0 0 0 0 0 0 0 0 0 0 0 0 0 
0 0 0.569894 0 0.569894 0 -4.82612 0.921583 0 0 0 0 0 0 0.921583 0 0 0 0 0 0 0 0.921583 0 0 0 0 0 0 0 0 0 0 0 0 0 0 0 0.921583 0 0 0 0 0 0 0 0 0 0 0 0 0 0 0 0 0 0 0 0 0 0 0 0 0 
0 0 0 0.569894 0 0.569894 0.569894 -5.8568 0 0 0 0 0 0 0 1.38237 0 0 0 0 0 0 0 1.38237 0 0 0 0 0 0 0 0 0 0 0 0 0 0 0 1.38237 0 0 0 0 0 0 0 0 0 0 0 0 0 0 0 0 0 0 0 0 0 0 0 0 
0.569894 0 0 0 0 0 0 0 -2.87385 0.460792 0.460792 0 0.460792 0 0 0 0 0 0 0 0 0 0 0 0.460792 0 0 0 0 0 0 0 0 0 0 0 0 0 0 0 0.460792 0 0 0 0 0 0 0 0 0 0 0 0 0 0 0 0 0 0 0 0 0 0 0 
0 0.569894 0 0 0 0 0 0 0.569894 -4.82612 0 0.921583 0 0.921583 0 0 0 0 0 0 0 0 0 0 0 0.921583 0 0 0 0 0 0 0 0 0 0 0 0 0 0 0 0.921583 0 0 0 0 0 0 0 0 0 0 0 0 0 0 0 0 0 0 0 0 0 0 
0 0 0.569894 0 0 0 0 0 0.569894 0 -4.82612 0.921583 0 0 0.921583 0 0 0 0 0 0 0 0 0 0 0 0.921583 0 0 0 0 0 0 0 0 0 0 0 0 0 0 0 0.921583 0 0 0 0 0 0 0 0 0 0 0 0 0 0 0 0 0 0 0 0 0 
0 0 0 0.569894 0 0 0 0 0 0.569894 0.569894 -5.8568 0 0 0 1.38237 0 0 0 0 0 0 0 0 0 0 0 1.38237 0 0 0 0 0 0 0 0 0 0 0 0 0 0 0 1.38237 0 0 0 0 0 0 0 0 0 0 0 0 0 0 0 0 0 0 0 0 
0 0 0 0 0.569894 0 0 0 0.569894 0 0 0 -4.82612 0.921583 0.921583 0 0 0 0 0 0 0 0 0 0 0 0 0 0.921583 0 0 0 0 0 0 0 0 0 0 0 0 0 0 0 0.921583 0 0 0 0 0 0 0 0 0 0 0 0 0 0 0 0 0 0 0 
0 0 0 0 0 0.569894 0 0 0 0.569894 0 0 0.569894 -5.8568 0 1.38237 0 0 0 0 0 0 0 0 0 0 0 0 0 1.38237 0 0 0 0 0 0 0 0 0 0 0 0 0 0 0 1.38237 0 0 0 0 0 0 0 0 0 0 0 0 0 0 0 0 0 0 
0 0 0 0 0 0 0.569894 0 0 0 0.569894 0 0.569894 0 -5.8568 1.38237 0 0 0 0 0 0 0 0 0 0 0 0 0 0 1.38237 0 0 0 0 0 0 0 0 0 0 0 0 0 0 0 1.38237 0 0 0 0 0 0 0 0 0 0 0 0 0 0 0 0 0 
0 0 0 0 0 0 0 0.569894 0 0 0 0.569894 0 0.569894 0.569894 -5.96591 0 0 0 0 0 0 0 0 0 0 0 0 0 0 0 1.84317 0 0 0 0 0 0 0 0 0 0 0 0 0 0 0 1.84317 0 0 0 0 0 0 0 0 0 0 0 0 0 0 0 0 
0.569894 0 0 0 0 0 0 0 0 0 0 0 0 0 0 0 -2.87385 0.460792 0.460792 0 0.460792 0 0 0 0.460792 0 0 0 0 0 0 0 0 0 0 0 0 0 0 0 0 0 0 0 0 0 0 0 0.460792 0 0 0 0 0 0 0 0 0 0 0 0 0 0 0 
0 0.569894 0 0 0 0 0 0 0 0 0 0 0 0 0 0 0.569894 -4.82612 0 0.921583 0 0.921583 0 0 0 0.921583 0 0 0 0 0 0 0 0 0 0 0 0 0 0 0 0 0 0 0 0 0 0 0 0.921583 0 0 0 0 0 0 0 0 0 0 0 0 0 0 
0 0 0.569894 0 0 0 0 0 0 0 0 0 0 0 0 0 0.569894 0 -4.82612 0.921583 0 0 0.921583 0 0 0 0.921583 0 0 0 0 0 0 0 0 0 0 0 0 0 0 0 0 0 0 0 0 0 0 0 0.921583 0 0 0 0 0 0 0 0 0 0 0 0 0 
0 0 0 0.569894 0 0 0 0 0 0 0 0 0 0 0 0 0 0.569894 0.569894 -5.8568 0 0 0 1.38237 0 0 0 1.38237 0 0 0 0 0 0 0 0 0 0 0 0 0 0 0 0 0 0 0 0 0 0 0 1.38237 0 0 0 0 0 0 0 0 0 0 0 0 
0 0 0 0 0.569894 0 0 0 0 0 0 0 0 0 0 0 0.569894 0 0 0 -4.82612 0.921583 0.921583 0 0 0 0 0 0.921583 0 0 0 0 0 0 0 0 0 0 0 0 0 0 0 0 0 0 0 0 0 0 0 0.921583 0 0 0 0 0 0 0 0 0 0 0 
0 0 0 0 0 0.569894 0 0 0 0 0 0 0 0 0 0 0 0.569894 0 0 0.569894 -5.8568 0 1.38237 0 0 0 0 0 1.38237 0 0 0 0 0 0 0 0 0 0 0 0 0 0 0 0 0 0 0 0 0 0 0 1.38237 0 0 0 0 0 0 0 0 0 0 
0 0 0 0 0 0 0.569894 0 0 0 0 0 0 0 0 0 0 0 0.569894 0 0.569894 0 -5.8568 1.38237 0 0 0 0 0 0 1.38237 0 0 0 0 0 0 0 0 0 0 0 0 0 0 0 0 0 0 0 0 0 0 0 1.38237 0 0 0 0 0 0 0 0 0 
0 0 0 0 0 0 0 0.569894 0 0 0 0 0 0 0 0 0 0 0 0.569894 0 0.569894 0.569894 -5.96591 0 0 0 0 0 0 0 1.84317 0 0 0 0 0 0 0 0 0 0 0 0 0 0 0 0 0 0 0 0 0 0 0 1.84317 0 0 0 0 0 0 0 0 
0 0 0 0 0 0 0 0 0.569894 0 0 0 0 0 0 0 0.569894 0 0 0 0 0 0 0 -4.82612 0.921583 0.921583 0 0.921583 0 0 0 0 0 0 0 0 0 0 0 0 0 0 0 0 0 0 0 0 0 0 0 0 0 0 0 0.921583 0 0 0 0 0 0 0 
0 0 0 0 0 0 0 0 0 0.569894 0 0 0 0 0 0 0 0.569894 0 0 0 0 0 0 0.569894 -5.8568 0 1.38237 0 1.38237 0 0 0 0 0 0 0 0 0 0 0 0 0 0 0 0 0 0 0 0 0 0 0 0 0 0 0 1.38237 0 0 0 0 0 0 
0 0 0 0 0 0 0 0 0 0 0.569894 0 0 0 0 0 0 0 0.569894 0 0 0 0 0 0.569894 0 -5.8568 1.38237 0 0 1.38237 0 0 0 0 0 0 0 0 0 0 0 0 0 0 0 0 0 0 0 0 0 0 0 0 0 0 0 1.38237 0 0 0 0 0 
0 0 0 0 0 0 0 0 0 0 0 0.569894 0 0 0 0 0 0 0 0.569894 0 0 0 0 0 0.569894 0.569894 -5.96591 0 0 0 1.84317 0 0 0 0 0 0 0 0 0 0 0 0 0 0 0 0 0 0 0 0 0 0 0 0 0 0 0 1.84317 0 0 0 0 
0 0 0 0 0 0 0 0 0 0 0 0 0.569894 0 0 0 0 0 0 0 0.569894 0 0 0 0.569894 0 0 0 -5.8568 1.38237 1.38237 0 0 0 0 0 0 0 0 0 0 0 0 0 0 0 0 0 0 0 0 0 0 0 0 0 0 0 0 0 1.38237 0 0 0 
0 0 0 0 0 0 0 0 0 0 0 0 0 0.569894 0 0 0 0 0 0 0 0.569894 0 0 0 0.569894 0 0 0.569894 -5.96591 0 1.84317 0 0 0 0 0 0 0 0 0 0 0 0 0 0 0 0 0 0 0 0 0 0 0 0 0 0 0 0 0 1.84317 0 0 
0 0 0 0 0 0 0 0 0 0 0 0 0 0 0.569894 0 0 0 0 0 0 0 0.569894 0 0 0 0.569894 0 0.569894 0 -5.96591 1.84317 0 0 0 0 0 0 0 0 0 0 0 0 0 0 0 0 0 0 0 0 0 0 0 0 0 0 0 0 0 0 1.84317 0 
0 0 0 0 0 0 0 0 0 0 0 0 0 0 0 0.569894 0 0 0 0 0 0 0 0.569894 0 0 0 0.569894 0 0.569894 0.569894 -5.15343 0 0 0 0 0 0 0 0 0 0 0 0 0 0 0 0 0 0 0 0 0 0 0 0 0 0 0 0 0 0 0 2.30396 
0.569894 0 0 0 0 0 0 0 0 0 0 0 0 0 0 0 0 0 0 0 0 0 0 0 0 0 0 0 0 0 0 0 -2.87385 0.460792 0.460792 0 0.460792 0 0 0 0.460792 0 0 0 0 0 0 0 0.460792 0 0 0 0 0 0 0 0 0 0 0 0 0 0 0 
0 0.569894 0 0 0 0 0 0 0 0 0 0 0 0 0 0 0 0 0 0 0 0 0 0 0 0 0 0 0 0 0 0 0.569894 -4.82612 0 0.921583 0 0.921583 0 0 0 0.921583 0 0 0 0 0 0 0 0.921583 0 0 0 0 0 0 0 0 0 0 0 0 0 0 
0 0 0.569894 0 0 0 0 0 0 0 0 0 0 0 0 0 0 0 0 0 0 0 0 0 0 0 0 0 0 0 0 0 0.569894 0 -4.82612 0.921583 0 0 0.921583 0 0 0 0.921583 0 0 0 0 0 0 0 0.921583 0 0 0 0 0 0 0 0 0 0 0 0 0 
0 0 0 0.569894 0 0 0 0 0 0 0 0 0 0 0 0 0 0 0 0 0 0 0 0 0 0 0 0 0 0 0 0 0 0.569894 0.569894 -5.8568 0 0 0 1.38237 0 0 0 1.38237 0 0 0 0 0 0 0 1.38237 0 0 0 0 0 0 0 0 0 0 0 0 
0 0 0 0 0.569894 0 0 0 0 0 0 0 0 0 0 0 0 0 0 0 0 0 0 0 0 0 0 0 0 0 0 0 0.569894 0 0 0 -4.82612 0.921583 0.921583 0 0 0 0 0 0.921583 0 0 0 0 0 0 0 0.921583 0 0 0 0 0 0 0 0 0 0 0 
0 0 0 0 0 0.569894 0 0 0 0 0 0 0 0 0 0 0 0 0 0 0 0 0 0 0 0 0 0 0 0 0 0 0 0.569894 0 0 0.569894 -5.8568 0 1.38237 0 0 0 0 0 1.38237 0 0 0 0 0 0 0 1.38237 0 0 0 0 0 0 0 0 0 0 
0 0 0 0 0 0 0.569894 0 0 0 0 0 0 0 0 0 0 0 0 0 0 0 0 0 0 0 0 0 0 0 0 0 0 0 0.569894 0 0.569894 0 -5.8568 1.38237 0 0 0 0 0 0 1.38237 0 0 0 0 0 0 0 1.38237 0 0 0 0 0 0 0 0 0 
0 0 0 0 0 0 0 0.569894 0 0 0 0 0 0 0 0 0 0 0 0 0 0 0 0 0 0 0 0 0 0 0 0 0 0 0 0.569894 0 0.569894 0.569894 -5.96591 0 0 0 0 0 0 0 1.84317 0 0 0 0 0 0 0 1.84317 0 0 0 0 0 0 0 0 
0 0 0 0 0 0 0 0 0.569894 0 0 0 0 0 0 0 0 0 0 0 0 0 0 0 0 0 0 0 0 0 0 0 0.569894 0 0 0 0 0 0 0 -4.82612 0.921583 0.921583 0 0.921583 0 0 0 0 0 0 0 0 0 0 0 0.921583 0 0 0 0 0 0 0 
0 0 0 0 0 0 0 0 0 0.569894 0 0 0 0 0 0 0 0 0 0 0 0 0 0 0 0 0 0 0 0 0 0 0 0.569894 0 0 0 0 0 0 0.569894 -5.8568 0 1.38237 0 1.38237 0 0 0 0 0 0 0 0 0 0 0 1.38237 0 0 0 0 0 0 
0 0 0 0 0 0 0 0 0 0 0.569894 0 0 0 0 0 0 0 0 0 0 0 0 0 0 0 0 0 0 0 0 0 0 0 0.569894 0 0 0 0 0 0.569894 0 -5.8568 1.38237 0 0 1.38237 0 0 0 0 0 0 0 0 0 0 0 1.38237 0 0 0 0 0 
0 0 0 0 0 0 0 0 0 0 0 0.569894 0 0 0 0 0 0 0 0 0 0 0 0 0 0 0 0 0 0 0 0 0 0 0 0.569894 0 0 0 0 0 0.569894 0.569894 -5.96591 0 0 0 1.84317 0 0 0 0 0 0 0 0 0 0 0 1.84317 0 0 0 0 
0 0 0 0 0 0 0 0 0 0 0 0 0.569894 0 0 0 0 0 0 0 0 0 0 0 0 0 0 0 0 0 0 0 0 0 0 0 0.569894 0 0 0 0.569894 0 0 0 -5.8568 1.38237 1.38237 0 0 0 0 0 0 0 0 0 0 0 0 0 1.38237 0 0 0 
0 0 0 0 0 0 0 0 0 0 0 0 0 0.569894 0 0 0 0 0 0 0 0 0 0 0 0 0 0 0 0 0 0 0 0 0 0 0 0.569894 0 0 0 0.569894 0 0 0.569894 -5.96591 0 1.84317 0 0 0 0 0 0 0 0 0 0 0 0 0 1.84317 0 0 
0 0 0 0 0 0 0 0 0 0 0 0 0 0 0.569894 0 0 0 0 0 0 0 0 0 0 0 0 0 0 0 0 0 0 0 0 0 0 0 0.569894 0 0 0 0.569894 0 0.569894 0 -5.96591 1.84317 0 0 0 0 0 0 0 0 0 0 0 0 0 0 1.84317 0 
0 0 0 0 0 0 0 0 0 0 0 0 0 0 0 0.569894 0 0 0 0 0 0 0 0 0 0 0 0 0 0 0 0 0 0 0 0 0 0 0 0.569894 0 0 0 0.569894 0 0.569894 0.569894 -5.15343 0 0 0 0 0 0 0 0 0 0 0 0 0 0 0 2.30396 
0 0 0 0 0 0 0 0 0 0 0 0 0 0 0 0 0.569894 0 0 0 0 0 0 0 0 0 0 0 0 0 0 0 0.569894 0 0 0 0 0 0 0 0 0 0 0 0 0 0 0 -4.82612 0.921583 0.921583 0 0.921583 0 0 0 0.921583 0 0 0 0 0 0 0 
0 0 0 0 0 0 0 0 0 0 0 0 0 0 0 0 0 0.569894 0 0 0 0 0 0 0 0 0 0 0 0 0 0 0 0.569894 0 0 0 0 0 0 0 0 0 0 0 0 0 0 0.569894 -5.8568 0 1.38237 0 1.38237 0 0 0 1.38237 0 0 0 0 0 0 
0 0 0 0 0 0 0 0 0 0 0 0 0 0 0 0 0 0 0.569894 0 0 0 0 0 0 0 0 0 0 0 0 0 0 0 0.569894 0 0 0 0 0 0 0 0 0 0 0 0 0 0.569894 0 -5.8568 1.38237 0 0 1.38237 0 0 0 1.38237 0 0 0 0 0 
0 0 0 0 0 0 0 0 0 0 0 0 0 0 0 0 0 0 0 0.569894 0 0 0 0 0 0 0 0 0 0 0 0 0 0 0 0.569894 0 0 0 0 0 0 0 0 0 0 0 0 0 0.569894 0.569894 -5.96591 0 0 0 1.84317 0 0 0 1.84317 0 0 0 0 
0 0 0 0 0 0 0 0 0 0 0 0 0 0 0 0 0 0 0 0 0.569894 0 0 0 0 0 0 0 0 0 0 0 0 0 0 0 0.569894 0 0 0 0 0 0 0 0 0 0 0 0.569894 0 0 0 -5.8568 1.38237 1.38237 0 0 0 0 0 1.38237 0 0 0 
0 0 0 0 0 0 0 0 0 0 0 0 0 0 0 0 0 0 0 0 0 0.569894 0 0 0 0 0 0 0 0 0 0 0 0 0 0 0 0.569894 0 0 0 0 0 0 0 0 0 0 0 0.569894 0 0 0.569894 -5.96591 0 1.84317 0 0 0 0 0 1.84317 0 0 
0 0 0 0 0 0 0 0 0 0 0 0 0 0 0 0 0 0 0 0 0 0 0.569894 0 0 0 0 0 0 0 0 0 0 0 0 0 0 0 0.569894 0 0 0 0 0 0 0 0 0 0 0 0.569894 0 0.569894 0 -5.96591 1.84317 0 0 0 0 0 0 1.84317 0 
0 0 0 0 0 0 0 0 0 0 0 0 0 0 0 0 0 0 0 0 0 0 0 0.569894 0 0 0 0 0 0 0 0 0 0 0 0 0 0 0 0.569894 0 0 0 0 0 0 0 0 0 0 0 0.569894 0 0.569894 0.569894 -5.15343 0 0 0 0 0 0 0 2.30396 
0 0 0 0 0 0 0 0 0 0 0 0 0 0 0 0 0 0 0 0 0 0 0 0 0.569894 0 0 0 0 0 0 0 0 0 0 0 0 0 0 0 0.569894 0 0 0 0 0 0 0 0.569894 0 0 0 0 0 0 0 -5.8568 1.38237 1.38237 0 1.38237 0 0 0 
0 0 0 0 0 0 0 0 0 0 0 0 0 0 0 0 0 0 0 0 0 0 0 0 0 0.569894 0 0 0 0 0 0 0 0 0 0 0 0 0 0 0 0.569894 0 0 0 0 0 0 0 0.569894 0 0 0 0 0 0 0.569894 -5.96591 0 1.84317 0 1.84317 0 0 
0 0 0 0 0 0 0 0 0 0 0 0 0 0 0 0 0 0 0 0 0 0 0 0 0 0 0.569894 0 0 0 0 0 0 0 0 0 0 0 0 0 0 0 0.569894 0 0 0 0 0 0 0 0.569894 0 0 0 0 0 0.569894 0 -5.96591 1.84317 0 0 1.84317 0 
0 0 0 0 0 0 0 0 0 0 0 0 0 0 0 0 0 0 0 0 0 0 0 0 0 0 0 0.569894 0 0 0 0 0 0 0 0 0 0 0 0 0 0 0 0.569894 0 0 0 0 0 0 0 0.569894 0 0 0 0 0 0.569894 0.569894 -5.15343 0 0 0 2.30396 
0 0 0 0 0 0 0 0 0 0 0 0 0 0 0 0 0 0 0 0 0 0 0 0 0 0 0 0 0.569894 0 0 0 0 0 0 0 0 0 0 0 0 0 0 0 0.569894 0 0 0 0 0 0 0 0.569894 0 0 0 0.569894 0 0 0 -5.96591 1.84317 1.84317 0 
0 0 0 0 0 0 0 0 0 0 0 0 0 0 0 0 0 0 0 0 0 0 0 0 0 0 0 0 0 0.569894 0 0 0 0 0 0 0 0 0 0 0 0 0 0 0 0.569894 0 0 0 0 0 0 0 0.569894 0 0 0 0.569894 0 0 0.569894 -5.15343 0 2.30396 
0 0 0 0 0 0 0 0 0 0 0 0 0 0 0 0 0 0 0 0 0 0 0 0 0 0 0 0 0 0 0.569894 0 0 0 0 0 0 0 0 0 0 0 0 0 0 0 0.569894 0 0 0 0 0 0 0 0.569894 0 0 0 0.569894 0 0.569894 0 -5.15343 2.30396 
0 0 0 0 0 0 0 0 0 0 0 0 0 0 0 0 0 0 0 0 0 0 0 0 0 0 0 0 0 0 0 0.569894 0 0 0 0 0 0 0 0 0 0 0 0 0 0 0 0.569894 0 0 0 0 0 0 0 0.569894 0 0 0 0.569894 0 0.569894 0.569894 -3.41936 
