64
-0 0 0 0 0 0 0 0 0 0 0 0 0 0 0 0 0 0 0 0 0 0 0 0 0 0 0 0 0 0 0 0 0 0 0 0 0 0 0 0 0 0 0 0 0 0 0 0 0 0 0 0 0 0 0 0 0 0 0 0 0 0 0 0 
0.345739 -1.88973 0 0.308799 0 0.308799 0 0 0 0.308799 0 0 0 0 0 0 0 0.308799 0 0 0 0 0 0 0 0 0 0 0 0 0 0 0 0.308799 0 0 0 0 0 0 0 0 0 0 0 0 0 0 0 0 0 0 0 0 0 0 0 0 0 0 0 0 0 0 
0.345739 0 -1.88973 0.308799 0 0 0.308799 0 0 0 0.308799 0 0 0 0 0 0 0 0.308799 0 0 0 0 0 0 0 0 0 0 0 0 0 0 0 0.308799 0 0 0 0 0 0 0 0 0 0 0 0 0 0 0 0 0 0 0 0 0 0 0 0 0 0 0 0 0 
0 0.345739 0.345739 -3.16187 0 0 0 0.617598 0 0 0 0.617598 0 0 0 0 0 0 0 0.617598 0 0 0 0 0 0 0 0 0 0 0 0 0 0 0 0.617598 0 0 0 0 0 0 0 0 0 0 0 0 0 0 0 0 0 0 0 0 0 0 0 0 0 0 0 0 
0.345739 0 0 0 -1.88973 0.308799 0.308799 0 0 0 0 0 0.308799 0 0 0 0 0 0 0 0.308799 0 0 0 0 0 0 0 0 0 0 0 0 0 0 0 0.308799 0 0 0 0 0 0 0 0 0 0 0 0 0 0 0 0 0 0 0 0 0 0 0 0 0 0 0 
0 0.345739 0 0 0.345739 -3.16187 0 0.617598 0 0 0 0 0 0.617598 0 0 0 0 0 0 0 0.617598 0 0 0 0 0 0 0 0 0 0 0 0 0 0 0 0.617598 0 0 0 0 0 0 0 0 0 0 0 0 0 0 0 0 0 0 0 0 0 0 0 0 0 0 
0 0 0.345739 0 0.345739 0 -3.16187 0.617598 0 0 0 0 0 0 0.617598 0 0 0 0 0 0 0 0.617598 0 0 0 0 0 0 0 0 0 0 0 0 0 0 0 0.617598 0 0 0 0 0 0 0 0 0 0 0 0 0 0 0 0 0 0 0 0 0 0 0 0 0 
0 0 0 0.345739 0 0.345739 0.345739 -3.81641 0 0 0 0 0 0 0 0.926397 0 0 0 0 0 0 0 0.926397 0 0 0 0 0 0 0 0 0 0 0 0 0 0 0 0.926397 0 0 0 0 0 0 0 0 0 0 0 0 0 0 0 0 0 0 0 0 0 0 0 0 
0.345739 0 0 0 0 0 0 0 -1.88973 0.308799 0.308799 0 0.308799 0 0 0 0 0 0 0 0 0 0 0 0.308799 0 0 0 0 0 0 0 0 0 0 0 0 0 0 0 0.308799 0 0 0 0 0 0 0 0 0 0 0 0 0 0 0 0 0 0 0 0 0 0 0 
0 0.345739 0 0 0 0 0 0 0.345739 -3.16187 0 0.617598 0 0.617598 0 0 0 0 0 0 0 0 0 0 0 0.617598 0 0 0 0 0 0 0 0 0 0 0 0 0 0 0 0.617598 0 0 0 0 0 0 0 0 0 0 0 0 0 0 0 0 0 0 0 0 0 0 
0 0 0.345739 0 0 0 0 0 0.345739 0 -3.16187 0.617598 0 0 0.617598 0 0 0 0 0 0 0 0 0 0 0 0.617598 0 0 0 0 0 0 0 0 0 0 0 0 0 0 0 0.617598 0 0 0 0 0 0 0 0 0 0 0 0 0 0 0 0 0 0 0 0 0 
0 0 0 0.345739 0 0 0 0 0 0.345739 0.345739 -3.81641 0 0 0 0.926397 0 0 0 0 0 0 0 0 0 0 0 0.926397 0 0 0 0 0 0 0 0 0 0 0 0 0 0 0 0.926397 0 0 0 0 0 0 0 0 0 0 0 0 0 0 0 0 0 0 0 0 
0 0 0 0 0.345739 0 0 0 0.345739 0 0 0 -3.16187 0.617598 0.617598 0 0 0 0 0 0 0 0 0 0 0 0 0 0.617598 0 0 0 0 0 0 0 0 0 0 0 0 0 0 0 0.617598 0 0 0 0 0 0 0 0 0 0 0 0 0 0 0 0 0 0 0 
0 0 0 0 0 0.345739 0 0 0 0.345739 0 0 0.345739 -3.81641 0 0.926397 0 0 0 0 0 0 0 0 0 0 0 0 0 0.926397 0 0 0 0 0 0 0 0 0 0 0 0 0 0 0 0.926397 0 0 0 0 0 0 0 0 0 0 0 0 0 0 0 0 0 0 
0 0 0 0 0 0 0.345739 0 0 0 0.345739 0 0.345739 0 -3.81641 0.926397 0 0 0 0 0 0 0 0 0 0 0 0 0 0 0.926397 0 0 0 0 0 0 0 0 0 0 0 0 0 0 0 0.926397 0 0 0 0 0 0 0 0 0 0 0 0 0 0 0 0 0 
0 0 0 0 0 0 0 0.345739 0 0 0 0.345739 0 0.345739 0.345739 -3.85335 0 0 0 0 0 0 0 0 0 0 0 0 0 0 0 1.2352 0 0 0 0 0 0 0 0 0 0 0 0 0 0 0 1.2352 0 0 0 0 0 0 0 0 0 0 0 0 0 0 0 0 
0.345739 0 0 0 0 0 0 0 0 0 0 0 0 0 0 0 -1.88973 0.308799 0.308799 0 0.308799 0 0 0 0.308799 0 0 0 0 0 0 0 0 0 0 0 0 0 0 0 0 0 0 0 0 0 0 0 0.308799 0 0 0 0 0 0 0 0 0 0 0 0 0 0 0 
0 0.345739 0 0 0 0 0 0 0 0 0 0 0 0 0 0 0.345739 -3.16187 0 0.617598 0 0.617598 0 0 0 0.617598 0 0 0 0 0 0 0 0 0 0 0 0 0 0 0 0 0 0 0 0 0 0 0 0.617598 0 0 0 0 0 0 0 0 0 0 0 0 0 0 
0 0 0.345739 0 0 0 0 0 0 0 0 0 0 0 0 0 0.345739 0 -3.16187 0.617598 0 0 0.617598 0 0 0 0.617598 0 0 0 0 0 0 0 0 0 0 0 0 0 0 0 0 0 0 0 0 0 0 0 0.617598 0 0 0 0 0 0 0 0 0 0 0 0 0 
0 0 0 0.345739 0 0 0 0 0 0 0 0 0 0 0 0 0 0.345739 0.345739 -3.81641 0 0 0 0.926397 0 0 0 0.926397 0 0 0 0 0 0 0 0 0 0 0 0 0 0 0 0 0 0 0 0 0 0 0 0.926397 0 0 0 0 0 0 0 0 0 0 0 0 
0 0 0 0 0.345739 0 0 0 0 0 0 0 0 0 0 0 0.345739 0 0 0 -3.16187 0.617598 0.617598 0 0 0 0 0 0.617598 0 0 0 0 0 0 0 0 0 0 0 0 0 0 0 0 0 0 0 0 0 0 0 0.617598 0 0 0 0 0 0 0 0 0 0 0 
0 0 0 0 0 0.345739 0 0 0 0 0 0 0 0 0 0 0 0.345739 0 0 0.345739 -3.81641 0 0.926397 0 0 0 0 0 0.926397 0 0 0 0 0 0 0 0 0 0 0 0 0 0 0 0 0 0 0 0 0 0 0 0.926397 0 0 0 0 0 0 0 0 0 0 
0 0 0 0 0 0 0.345739 0 0 0 0 0 0 0 0 0 0 0 0.345739 0 0.345739 0 -3.81641 0.926397 0 0 0 0 0 0 0.926397 0 0 0 0 0 0 0 0 0 0 0 0 0 0 0 0 0 0 0 0 0 0 0 0.926397 0 0 0 0 0 0 0 0 0 
0 0 0 0 0 0 0 0.345739 0 0 0 0 0 0 0 0 0 0 0 0.345739 0 0.345739 0.345739 -3.85335 0 0 0 0 0 0 0 1.2352 0 0 0 0 0 0 0 0 0 0 0 0 0 0 0 0 0 0 0 0 0 0 0 1.2352 0 0 0 0 0 0 0 0 
0 0 0 0 0 0 0 0 0.345739 0 0 0 0 0 0 0 0.345739 0 0 0 0 0 0 0 -3.16187 0.617598 0.617598 0 0.617598 0 0 0 0 0 0 0 0 0 0 0 0 0 0 0 0 0 0 0 0 0 0 0 0 0 0 0 0.617598 0 0 0 0 0 0 0 
0 0 0 0 0 0 0 0 0 0.345739 0 0 0 0 0 0 0 0.345739 0 0 0 0 0 0 0.345739 -3.81641 0 0.926397 0 0.926397 0 0 0 0 0 0 0 0 0 0 0 0 0 0 0 0 0 0 0 0 0 0 0 0 0 0 0 0.926397 0 0 0 0 0 0 
0 0 0 0 0 0 0 0 0 0 0.345739 0 0 0 0 0 0 0 0.345739 0 0 0 0 0 0.345739 0 -3.81641 0.926397 0 0 0.926397 0 0 0 0 0 0 0 0 0 0 0 0 0 0 0 0 0 0 0 0 0 0 0 0 0 0 0 0.926397 0 0 0 0 0 
0 0 0 0 0 0 0 0 0 0 0 0.345739 0 0 0 0 0 0 0 0.345739 0 0 0 0 0 0.345739 0.345739 -3.85335 0 0 0 1.2352 0 0 0 0 0 0 0 0 0 0 0 0 0 0 0 0 0 0 0 0 0 0 0 0 0 0 0 1.2352 0 0 0 0 
0 0 0 0 0 0 0 0 0 0 0 0 0.345739 0 0 0 0 0 0 0 0.345739 0 0 0 0.345739 0 0 0 -3.81641 0.926397 0.926397 0 0 0 0 0 0 0 0 0 0 0 0 0 0 0 0 0 0 0 0 0 0 0 0 0 0 0 0 0 0.926397 0 0 0 
0 0 0 0 0 0 0 0 0 0 0 0 0 0.345739 0 0 0 0 0 0 0 0.345739 0 0 0 0.345739 0 0 0.345739 -3.85335 0 1.2352 0 0 0 0 0 0 0 0 0 0 0 0 0 0 0 0 0 0 0 0 0 0 0 0 0 0 0 0 0 1.2352 0 0 
0 0 0 0 0 0 0 0 0 0 0 0 0 0 0.345739 0 0 0 0 0 0 0 0.345739 0 0 0 0.345739 0 0.345739 0 -3.85335 1.2352 0 0 0 0 0 0 0 0 0 0 0 0 0 0 0 0 0 0 0 0 0 0 0 0 0 0 0 0 0 0 1.2352 0 
0 0 0 0 0 0 0 0 0 0 0 0 0 0 0 0.345739 0 0 0 0 0 0 0 0.345739 0 0 0 0.345739 0 0.345739 0.345739 -3.27269 0 0 0 0 0 0 0 0 0 0 0 0 0 0 0 0 0 0 0 0 0 0 0 0 0 0 0 0 0 0 0 1.54399 
0.345739 0 0 0 0 0 0 0 0 0 0 0 0 0 0 0 0 0 0 0 0 0 0 0 0 0 0 0 0 0 0 0 -1.88973 0.308799 0.308799 0 0.308799 0 0 0 0.308799 0 0 0 0 0 0 0 0.308799 0 0 0 0 0 0 0 0 0 0 0 0 0 0 0 
0 0.345739 0 0 0 0 0 0 0 0 0 0 0 0 0 0 0 0 0 0 0 0 0 0 0 0 0 0 0 0 0 0 0.345739 -3.16187 0 0.617598 0 0.617598 0 0 0 0.617598 0 0 0 0 0 0 0 0.617598 0 0 0 0 0 0 0 0 0 0 0 0 0 0 
0 0 0.345739 0 0 0 0 0 0 0 0 0 0 0 0 0 0 0 0 0 0 0 0 0 0 0 0 0 0 0 0 0 0.345739 0 -3.16187 0.617598 0 0 0.617598 0 0 0 0.617598 0 0 0 0 0 0 0 0.617598 0 0 0 0 0 0 0 0 0 0 0 0 0 
0 0 0 0.345739 0 0 0 0 0 0 0 0 0 0 0 0 0 0 0 0 0 0 0 0 0 0 0 0 0 0 0 0 0 0.345739 0.345739 -3.81641 0 0 0 0.926397 0 0 0 0.926397 0 0 0 0 0 0 0 0.926397 0 0 0 0 0 0 0 0 0 0 0 0 
0 0 0 0 0.345739 0 0 0 0 0 0 0 0 0 0 0 0 0 0 0 0 0 0 0 0 0 0 0 0 0 0 0 0.345739 0 0 0 -3.16187 0.617598 0.617598 0 0 0 0 0 0.617598 0 0 0 0 0 0 0 0.617598 0 0 0 0 0 0 0 0 0 0 0 
0 0 0 0 0 0.345739 0 0 0 0 0 0 0 0 0 0 0 0 0 0 0 0 0 0 0 0 0 0 0 0 0 0 0 0.345739 0 0 0.345739 -3.81641 0 0.926397 0 0 0 0 0 0.926397 0 0 0 0 0 0 0 0.926397 0 0 0 0 0 0 0 0 0 0 
0 0 0 0 0 0 0.345739 0 0 0 0 0 0 0 0 0 0 0 0 0 0 0 0 0 0 0 0 0 0 0 0 0 0 0 0.345739 0 0.345739 0 -3.81641 0.926397 0 0 0 0 0 0 0.926397 0 0 0 0 0 0 0 0.926397 0 0 0 0 0 0 0 0 0 
0 0 0 0 0 0 0 0.345739 0 0 0 0 0 0 0 0 0 0 0 0 0 0 0 0 0 0 0 0 0 0 0 0 0 0 0 0.345739 0 0.345739 0.345739 -3.85335 0 0 0 0 0 0 0 1.2352 0 0 0 0 0 0 0 1.2352 0 0 0 0 0 0 0 0 
0 0 0 0 0 0 0 0 0.345739 0 0 0 0 0 0 0 0 0 0 0 0 0 0 0 0 0 0 0 0 0 0 0 0.345739 0 0 0 0 0 0 0 -3.16187 0.617598 0.617598 0 0.617598 0 0 0 0 0 0 0 0 0 0 0 0.617598 0 0 0 0 0 0 0 
0 0 0 0 0 0 0 0 0 0.345739 0 0 0 0 0 0 0 0 0 0 0 0 0 0 0 0 0 0 0 0 0 0 0 0.345739 0 0 0 0 0 0 0.345739 -3.81641 0 0.926397 0 0.926397 0 0 0 0 0 0 0 0 0 0 0 0.926397 0 0 0 0 0 0 
0 0 0 0 0 0 0 0 0 0 0.345739 0 0 0 0 0 0 0 0 0 0 0 0 0 0 0 0 0 0 0 0 0 0 0 0.345739 0 0 0 0 0 0.345739 0 -3.81641 0.926397 0 0 0.926397 0 0 0 0 0 0 0 0 0 0 0 0.926397 0 0 0 0 0 
0 0 0 0 0 0 0 0 0 0 0 0.345739 0 0 0 0 0 0 0 0 0 0 0 0 0 0 0 0 0 0 0 0 0 0 0 0.345739 0 0 0 0 0 0.345739 0.345739 -3.85335 0 0 0 1.2352 0 0 0 0 0 0 0 0 0 0 0 1.2352 0 0 0 0 
0 0 0 0 0 0 0 0 0 0 0 0 0.345739 0 0 0 0 0 0 0 0 0 0 0 0 0 0 0 0 0 0 0 0 0 0 0 0.345739 0 0 0 0.345739 0 0 0 -3.81641 0.926397 0.926397 0 0 0 0 0 0 0 0 0 0 0 0 0 0.926397 0 0 0 
0 0 0 0 0 0 0 0 0 0 0 0 0 0.345739 0 0 0 0 0 0 0 0 0 0 0 0 0 0 0 0 0 0 0 0 0 0 0 0.345739 0 0 0 0.345739 0 0 0.345739 -3.85335 0 1.2352 0 0 0 0 0 0 0 0 0 0 0 0 0 1.2352 0 0 
0 0 0 0 0 0 0 0 0 0 0 0 0 0 0.345739 0 0 0 0 0 0 0 0 0 0 0 0 0 0 0 0 0 0 0 0 0 0 0 0.345739 0 0 0 0.345739 0 0.345739 0 -3.85335 1.2352 0 0 0 0 0 0 0 0 0 0 0 0 0 0 1.2352 0 
0 0 0 0 0 0 0 0 0 0 0 0 0 0 0 0.345739 0 0 0 0 0 0 0 0 0 0 0 0 0 0 0 0 0 0 0 0 0 0 0 0.345739 0 0 0 0.345739 0 0.345739 0.345739 -3.27269 0 0 0 0 0 0 0 0 0 0 0 0 0 0 0 1.54399 
0 0 0 0 0 0 0 0 0 0 0 0 0 0 0 0 0.345739 0 0 0 0 0 0 0 0 0 0 0 0 0 0 0 0.345739 0 0 0 0 0 0 0 0 0 0 0 0 0 0 0 -3.16187 0.617598 0.617598 0 0.617598 0 0 0 0.617598 0 0 0 0 0 0 0 
0 0 0 0 0 0 0 0 0 0 0 0 0 0 0 0 0 0.345739 0 0 0 0 0 0 0 0 0 0 0 0 0 0 0 0.345739 0 0 0 0 0 0 0 0 0 0 0 0 0 0 0.345739 -3.81641 0 0.926397 0 0.926397 0 0 0 0.926397 0 0 0 0 0 0 
0 0 0 0 0 0 0 0 0 0 0 0 0 0 0 0 0 0 0.345739 0 0 0 0 0 0 0 0 0 0 0 0 0 0 0 0.345739 0 0 0 0 0 0 0 0 0 0 0 0 0 0.345739 0 -3.81641 0.926397 0 0 0.926397 0 0 0 0.926397 0 0 0 0 0 
0 0 0 0 0 0 0 0 0 0 0 0 0 0 0 0 0 0 0 0.345739 0 0 0 0 0 0 0 0 0 0 0 0 0 0 0 0.345739 0 0 0 0 0 0 0 0 0 0 0 0 0 0.345739 0.345739 -3.85335 0 0 0 1.2352 0 0 0 1.2352 0 0 0 0 
0 0 0 0 0 0 0 0 0 0 0 0 0 0 0 0 0 0 0 0 0.345739 0 0 0 0 0 0 0 0 0 0 0 0 0 0 0 0.345739 0 0 0 0 0 0 0 0 0 0 0 0.345739 0 0 0 -3.81641 0.926397 0.926397 0 0 0 0 0 0.926397 0 0 0 
0 0 0 0 0 0 0 0 0 0 0 0 0 0 0 0 0 0 0 0 0 0.345739 0 0 0 0 0 0 0 0 0 0 0 0 0 0 0 0.345739 0 0 0 0 0 0 0 0 0 0 0 0.345739 0 0 0.345739 -3.85335 0 1.2352 0 0 0 0 0 1.2352 0 0 
0 0 0 0 0 0 0 0 0 0 0 0 0 0 0 0 0 0 0 0 0 0 0.345739 0 0 0 0 0 0 0 0 0 0 0 0 0 0 0 0.345739 0 0 0 0 0 0 0 0 0 0 0 0.345739 0 0.345739 0 -3.85335 1.2352 0 0 0 0 0 0 1.2352 0 
0 0 0 0 0 0 0 0 0 0 0 0 0 0 0 0 0 0 0 0 0 0 0 0.345739 0 0 0 0 0 0 0 0 0 0 0 0 0 0 0 0.345739 0 0 0 0 0 0 0 0 0 0 0 0.345739 0 0.345739 0.345739 -3.27269 0 0 0 0 0 0 0 1.54399 
0 0 0 0 0 0 0 0 0 0 0 0 0 0 0 0 0 0 0 0 0 0 0 0 0.345739 0 0 0 0 0 0 0 0 0 0 0 0 0 0 0 0.345739 0 0 0 0 0 0 0 0.345739 0 0 0 0 0 0 0 -3.81641 0.926397 0.926397 0 0.926397 0 0 0 
0 0 0 0 0 0 0 0 0 0 0 0 0 0 0 0 0 0 0 0 0 0 0 0 0 0.345739 0 0 0 0 0 0 0 0 0 0 0 0 0 0 0 0.345739 0 0 0 0 0 0 0 0.345739 0 0 0 0 0 0 0.345739 -3.85335 0 1.2352 0 1.2352 0 0 
0 0 0 0 0 0 0 0 0 0 0 0 0 0 0 0 0 0 0 0 0 0 0 0 0 0 0.345739 0 0 0 0 0 0 0 0 0 0 0 0 0 0 0 0.345739 0 0 0 0 0 0 0 0.345739 0 0 0 0 0 0.345739 0 -3.85335 1.2352 0 0 1.2352 0 
0 0 0 0 0 0 0 0 0 0 0 0 0 0 0 0 0 0 0 0 0 0 0 0 0 0 0 0.345739 0 0 0 0 0 0 0 0 0 0 0 0 0 0 0 0.345739 0 0 0 0 0 0 0 0.345739 0 0 0 0 0 0.345739 0.345739 -3.27269 0 0 0 1.54399 
0 0 0 0 0 0 0 0 0 0 0 0 0 0 0 0 0 0 0 0 0 0 0 0 0 0 0 0 0.345739 0 0 0 0 0 0 0 0 0 0 0 0 0 0 0 0.345739 0 0 0 0 0 0 0 0.345739 0 0 0 0.345739 0 0 0 -3.85335 1.2352 1.2352 0 
0 0 0 0 0 0 0 0 0 0 0 0 0 0 0 0 0 0 0 0 0 0 0 0 0 0 0 0 0 0.345739 0 0 0 0 0 0 0 0 0 0 0 0 0 0 0 0.345739 0 0 0 0 0 0 0 0.345739 0 0 0 0.345739 0 0 0.345739 -3.27269 0 1.54399 
0 0 0 0 0 0 0 0 0 0 0 0 0 0 0 0 0 0 0 0 0 0 0 0 0 0 0 0 0 0 0.345739 0 0 0 0 0 0 0 0 0 0 0 0 0 0 0 0.345739 0 0 0 0 0 0 0 0.345739 0 0 0 0.345739 0 0.345739 0 -3.27269 1.54399 
0 0 0 0 0 0 0 0 0 0 0 0 0 0 0 0 0 0 0 0 0 0 0 0 0 0 0 0 0 0 0 0.345739 0 0 0 0 0 0 0 0 0 0 0 0 0 0 0 0.345739 0 0 0 0 0 0 0 0.345739 0 0 0 0.345739 0 0.345739 0.345739 -2.07444 
