32
-0 0 0 0 0 0 0 0 0 0 0 0 0 0 0 0 0 0 0 0 0 0 0 0 0 0 0 0 0 0 0 0 
0.191246 -1.23558 0 0.261082 0 0.261082 0 0 0 0.261082 0 0 0 0 0 0 0 0.261082 0 0 0 0 0 0 0 0 0 0 0 0 0 0 
0.191246 0 -1.23558 0.261082 0 0 0.261082 0 0 0 0.261082 0 0 0 0 0 0 0 0.261082 0 0 0 0 0 0 0 0 0 0 0 0 0 
0 0.191246 0.191246 -1.94899 0 0 0 0.522165 0 0 0 0.522165 0 0 0 0 0 0 0 0.522165 0 0 0 0 0 0 0 0 0 0 0 0 
0.191246 0 0 0 -1.23558 0.261082 0.261082 0 0 0 0 0 0.261082 0 0 0 0 0 0 0 0.261082 0 0 0 0 0 0 0 0 0 0 0 
0 0.191246 0 0 0.191246 -1.94899 0 0.522165 0 0 0 0 0 0.522165 0 0 0 0 0 0 0 0.522165 0 0 0 0 0 0 0 0 0 0 
0 0 0.191246 0 0.191246 0 -1.94899 0.522165 0 0 0 0 0 0 0.522165 0 0 0 0 0 0 0 0.522165 0 0 0 0 0 0 0 0 0 
0 0 0 0.191246 0 0.191246 0.191246 -2.14023 0 0 0 0 0 0 0 0.783247 0 0 0 0 0 0 0 0.783247 0 0 0 0 0 0 0 0 
0.191246 0 0 0 0 0 0 0 -1.23558 0.261082 0.261082 0 0.261082 0 0 0 0 0 0 0 0 0 0 0 0.261082 0 0 0 0 0 0 0 
0 0.191246 0 0 0 0 0 0 0.191246 -1.94899 0 0.522165 0 0.522165 0 0 0 0 0 0 0 0 0 0 0 0.522165 0 0 0 0 0 0 
0 0 0.191246 0 0 0 0 0 0.191246 0 -1.94899 0.522165 0 0 0.522165 0 0 0 0 0 0 0 0 0 0 0 0.522165 0 0 0 0 0 
0 0 0 0.191246 0 0 0 0 0 0.191246 0.191246 -2.14023 0 0 0 0.783247 0 0 0 0 0 0 0 0 0 0 0 0.783247 0 0 0 0 
0 0 0 0 0.191246 0 0 0 0.191246 0 0 0 -1.94899 0.522165 0.522165 0 0 0 0 0 0 0 0 0 0 0 0 0 0.522165 0 0 0 
0 0 0 0 0 0.191246 0 0 0 0.191246 0 0 0.191246 -2.14023 0 0.783247 0 0 0 0 0 0 0 0 0 0 0 0 0 0.783247 0 0 
0 0 0 0 0 0 0.191246 0 0 0 0.191246 0 0.191246 0 -2.14023 0.783247 0 0 0 0 0 0 0 0 0 0 0 0 0 0 0.783247 0 
0 0 0 0 0 0 0 0.191246 0 0 0 0.191246 0 0.191246 0.191246 -1.80931 0 0 0 0 0 0 0 0 0 0 0 0 0 0 0 1.04433 
0.191246 0 0 0 0 0 0 0 0 0 0 0 0 0 0 0 -1.23558 0.261082 0.261082 0 0.261082 0 0 0 0.261082 0 0 0 0 0 0 0 
0 0.191246 0 0 0 0 0 0 0 0 0 0 0 0 0 0 0.191246 -1.94899 0 0.522165 0 0.522165 0 0 0 0.522165 0 0 0 0 0 0 
0 0 0.191246 0 0 0 0 0 0 0 0 0 0 0 0 0 0.191246 0 -1.94899 0.522165 0 0 0.522165 0 0 0 0.522165 0 0 0 0 0 
0 0 0 0.191246 0 0 0 0 0 0 0 0 0 0 0 0 0 0.191246 0.191246 -2.14023 0 0 0 0.783247 0 0 0 0.783247 0 0 0 0 
0 0 0 0 0.191246 0 0 0 0 0 0 0 0 0 0 0 0.191246 0 0 0 -1.94899 0.522165 0.522165 0 0 0 0 0 0.522165 0 0 0 
0 0 0 0 0 0.191246 0 0 0 0 0 0 0 0 0 0 0 0.191246 0 0 0.191246 -2.14023 0 0.783247 0 0 0 0 0 0.783247 0 0 
0 0 0 0 0 0 0.191246 0 0 0 0 0 0 0 0 0 0 0 0.191246 0 0.191246 0 -2.14023 0.783247 0 0 0 0 0 0 0.783247 0 
0 0 0 0 0 0 0 0.191246 0 0 0 0 0 0 0 0 0 0 0 0.191246 0 0.191246 0.191246 -1.80931 0 0 0 0 0 0 0 1.04433 
0 0 0 0 0 0 0 0 0.191246 0 0 0 0 0 0 0 0.191246 0 0 0 0 0 0 0 -1.94899 0.522165 0.522165 0 0.522165 0 0 0 
0 0 0 0 0 0 0 0 0 0.191246 0 0 0 0 0 0 0 0.191246 0 0 0 0 0 0 0.191246 -2.14023 0 0.783247 0 0.783247 0 0 
0 0 0 0 0 0 0 0 0 0 0.191246 0 0 0 0 0 0 0 0.191246 0 0 0 0 0 0.191246 0 -2.14023 0.783247 0 0 0.783247 0 
0 0 0 0 0 0 0 0 0 0 0 0.191246 0 0 0 0 0 0 0 0.191246 0 0 0 0 0 0.191246 0.191246 -1.80931 0 0 0 1.04433 
0 0 0 0 0 0 0 0 0 0 0 0 0.191246 0 0 0 0 0 0 0 0.191246 0 0 0 0.191246 0 0 0 -2.14023 0.783247 0.783247 0 
0 0 0 0 0 0 0 0 0 0 0 0 0 0.191246 0 0 0 0 0 0 0 0.191246 0 0 0 0.191246 0 0 0.191246 -1.80931 0 1.04433 
0 0 0 0 0 0 0 0 0 0 0 0 0 0 0.191246 0 0 0 0 0 0 0 0.191246 0 0 0 0.191246 0 0.191246 0 -1.80931 1.04433 
0 0 0 0 0 0 0 0 0 0 0 0 0 0 0 0.191246 0 0 0 0 0 0 0 0.191246 0 0 0 0.191246 0 0.191246 0.191246 -0.956231 
