64
-0 0 0 0 0 0 0 0 0 0 0 0 0 0 0 0 0 0 0 0 0 0 0 0 0 0 0 0 0 0 0 0 0 0 0 0 0 0 0 0 0 0 0 0 0 0 0 0 0 0 0 0 0 0 0 0 0 0 0 0 0 0 0 0 
0.767335 -3.74642 0 0.595816 0 0.595816 0 0 0 0.595816 0 0 0 0 0 0 0 0.595816 0 0 0 0 0 0 0 0 0 0 0 0 0 0 0 0.595816 0 0 0 0 0 0 0 0 0 0 0 0 0 0 0 0 0 0 0 0 0 0 0 0 0 0 0 0 0 0 
0.767335 0 -3.74642 0.595816 0 0 0.595816 0 0 0 0.595816 0 0 0 0 0 0 0 0.595816 0 0 0 0 0 0 0 0 0 0 0 0 0 0 0 0.595816 0 0 0 0 0 0 0 0 0 0 0 0 0 0 0 0 0 0 0 0 0 0 0 0 0 0 0 0 0 
0 0.767335 0.767335 -6.3012 0 0 0 1.19163 0 0 0 1.19163 0 0 0 0 0 0 0 1.19163 0 0 0 0 0 0 0 0 0 0 0 0 0 0 0 1.19163 0 0 0 0 0 0 0 0 0 0 0 0 0 0 0 0 0 0 0 0 0 0 0 0 0 0 0 0 
0.767335 0 0 0 -3.74642 0.595816 0.595816 0 0 0 0 0 0.595816 0 0 0 0 0 0 0 0.595816 0 0 0 0 0 0 0 0 0 0 0 0 0 0 0 0.595816 0 0 0 0 0 0 0 0 0 0 0 0 0 0 0 0 0 0 0 0 0 0 0 0 0 0 0 
0 0.767335 0 0 0.767335 -6.3012 0 1.19163 0 0 0 0 0 1.19163 0 0 0 0 0 0 0 1.19163 0 0 0 0 0 0 0 0 0 0 0 0 0 0 0 1.19163 0 0 0 0 0 0 0 0 0 0 0 0 0 0 0 0 0 0 0 0 0 0 0 0 0 0 
0 0 0.767335 0 0.767335 0 -6.3012 1.19163 0 0 0 0 0 0 1.19163 0 0 0 0 0 0 0 1.19163 0 0 0 0 0 0 0 0 0 0 0 0 0 0 0 1.19163 0 0 0 0 0 0 0 0 0 0 0 0 0 0 0 0 0 0 0 0 0 0 0 0 0 
0 0 0 0.767335 0 0.767335 0.767335 -7.66435 0 0 0 0 0 0 0 1.78745 0 0 0 0 0 0 0 1.78745 0 0 0 0 0 0 0 0 0 0 0 0 0 0 0 1.78745 0 0 0 0 0 0 0 0 0 0 0 0 0 0 0 0 0 0 0 0 0 0 0 0 
0.767335 0 0 0 0 0 0 0 -3.74642 0.595816 0.595816 0 0.595816 0 0 0 0 0 0 0 0 0 0 0 0.595816 0 0 0 0 0 0 0 0 0 0 0 0 0 0 0 0.595816 0 0 0 0 0 0 0 0 0 0 0 0 0 0 0 0 0 0 0 0 0 0 0 
0 0.767335 0 0 0 0 0 0 0.767335 -6.3012 0 1.19163 0 1.19163 0 0 0 0 0 0 0 0 0 0 0 1.19163 0 0 0 0 0 0 0 0 0 0 0 0 0 0 0 1.19163 0 0 0 0 0 0 0 0 0 0 0 0 0 0 0 0 0 0 0 0 0 0 
0 0 0.767335 0 0 0 0 0 0.767335 0 -6.3012 1.19163 0 0 1.19163 0 0 0 0 0 0 0 0 0 0 0 1.19163 0 0 0 0 0 0 0 0 0 0 0 0 0 0 0 1.19163 0 0 0 0 0 0 0 0 0 0 0 0 0 0 0 0 0 0 0 0 0 
0 0 0 0.767335 0 0 0 0 0 0.767335 0.767335 -7.66435 0 0 0 1.78745 0 0 0 0 0 0 0 0 0 0 0 1.78745 0 0 0 0 0 0 0 0 0 0 0 0 0 0 0 1.78745 0 0 0 0 0 0 0 0 0 0 0 0 0 0 0 0 0 0 0 0 
0 0 0 0 0.767335 0 0 0 0.767335 0 0 0 -6.3012 1.19163 1.19163 0 0 0 0 0 0 0 0 0 0 0 0 0 1.19163 0 0 0 0 0 0 0 0 0 0 0 0 0 0 0 1.19163 0 0 0 0 0 0 0 0 0 0 0 0 0 0 0 0 0 0 0 
0 0 0 0 0 0.767335 0 0 0 0.767335 0 0 0.767335 -7.66435 0 1.78745 0 0 0 0 0 0 0 0 0 0 0 0 0 1.78745 0 0 0 0 0 0 0 0 0 0 0 0 0 0 0 1.78745 0 0 0 0 0 0 0 0 0 0 0 0 0 0 0 0 0 0 
0 0 0 0 0 0 0.767335 0 0 0 0.767335 0 0.767335 0 -7.66435 1.78745 0 0 0 0 0 0 0 0 0 0 0 0 0 0 1.78745 0 0 0 0 0 0 0 0 0 0 0 0 0 0 0 1.78745 0 0 0 0 0 0 0 0 0 0 0 0 0 0 0 0 0 
0 0 0 0 0 0 0 0.767335 0 0 0 0.767335 0 0.767335 0.767335 -7.83587 0 0 0 0 0 0 0 0 0 0 0 0 0 0 0 2.38327 0 0 0 0 0 0 0 0 0 0 0 0 0 0 0 2.38327 0 0 0 0 0 0 0 0 0 0 0 0 0 0 0 0 
0.767335 0 0 0 0 0 0 0 0 0 0 0 0 0 0 0 -3.74642 0.595816 0.595816 0 0.595816 0 0 0 0.595816 0 0 0 0 0 0 0 0 0 0 0 0 0 0 0 0 0 0 0 0 0 0 0 0.595816 0 0 0 0 0 0 0 0 0 0 0 0 0 0 0 
0 0.767335 0 0 0 0 0 0 0 0 0 0 0 0 0 0 0.767335 -6.3012 0 1.19163 0 1.19163 0 0 0 1.19163 0 0 0 0 0 0 0 0 0 0 0 0 0 0 0 0 0 0 0 0 0 0 0 1.19163 0 0 0 0 0 0 0 0 0 0 0 0 0 0 
0 0 0.767335 0 0 0 0 0 0 0 0 0 0 0 0 0 0.767335 0 -6.3012 1.19163 0 0 1.19163 0 0 0 1.19163 0 0 0 0 0 0 0 0 0 0 0 0 0 0 0 0 0 0 0 0 0 0 0 1.19163 0 0 0 0 0 0 0 0 0 0 0 0 0 
0 0 0 0.767335 0 0 0 0 0 0 0 0 0 0 0 0 0 0.767335 0.767335 -7.66435 0 0 0 1.78745 0 0 0 1.78745 0 0 0 0 0 0 0 0 0 0 0 0 0 0 0 0 0 0 0 0 0 0 0 1.78745 0 0 0 0 0 0 0 0 0 0 0 0 
0 0 0 0 0.767335 0 0 0 0 0 0 0 0 0 0 0 0.767335 0 0 0 -6.3012 1.19163 1.19163 0 0 0 0 0 1.19163 0 0 0 0 0 0 0 0 0 0 0 0 0 0 0 0 0 0 0 0 0 0 0 1.19163 0 0 0 0 0 0 0 0 0 0 0 
0 0 0 0 0 0.767335 0 0 0 0 0 0 0 0 0 0 0 0.767335 0 0 0.767335 -7.66435 0 1.78745 0 0 0 0 0 1.78745 0 0 0 0 0 0 0 0 0 0 0 0 0 0 0 0 0 0 0 0 0 0 0 1.78745 0 0 0 0 0 0 0 0 0 0 
0 0 0 0 0 0 0.767335 0 0 0 0 0 0 0 0 0 0 0 0.767335 0 0.767335 0 -7.66435 1.78745 0 0 0 0 0 0 1.78745 0 0 0 0 0 0 0 0 0 0 0 0 0 0 0 0 0 0 0 0 0 0 0 1.78745 0 0 0 0 0 0 0 0 0 
0 0 0 0 0 0 0 0.767335 0 0 0 0 0 0 0 0 0 0 0 0.767335 0 0.767335 0.767335 -7.83587 0 0 0 0 0 0 0 2.38327 0 0 0 0 0 0 0 0 0 0 0 0 0 0 0 0 0 0 0 0 0 0 0 2.38327 0 0 0 0 0 0 0 0 
0 0 0 0 0 0 0 0 0.767335 0 0 0 0 0 0 0 0.767335 0 0 0 0 0 0 0 -6.3012 1.19163 1.19163 0 1.19163 0 0 0 0 0 0 0 0 0 0 0 0 0 0 0 0 0 0 0 0 0 0 0 0 0 0 0 1.19163 0 0 0 0 0 0 0 
0 0 0 0 0 0 0 0 0 0.767335 0 0 0 0 0 0 0 0.767335 0 0 0 0 0 0 0.767335 -7.66435 0 1.78745 0 1.78745 0 0 0 0 0 0 0 0 0 0 0 0 0 0 0 0 0 0 0 0 0 0 0 0 0 0 0 1.78745 0 0 0 0 0 0 
0 0 0 0 0 0 0 0 0 0 0.767335 0 0 0 0 0 0 0 0.767335 0 0 0 0 0 0.767335 0 -7.66435 1.78745 0 0 1.78745 0 0 0 0 0 0 0 0 0 0 0 0 0 0 0 0 0 0 0 0 0 0 0 0 0 0 0 1.78745 0 0 0 0 0 
0 0 0 0 0 0 0 0 0 0 0 0.767335 0 0 0 0 0 0 0 0.767335 0 0 0 0 0 0.767335 0.767335 -7.83587 0 0 0 2.38327 0 0 0 0 0 0 0 0 0 0 0 0 0 0 0 0 0 0 0 0 0 0 0 0 0 0 0 2.38327 0 0 0 0 
0 0 0 0 0 0 0 0 0 0 0 0 0.767335 0 0 0 0 0 0 0 0.767335 0 0 0 0.767335 0 0 0 -7.66435 1.78745 1.78745 0 0 0 0 0 0 0 0 0 0 0 0 0 0 0 0 0 0 0 0 0 0 0 0 0 0 0 0 0 1.78745 0 0 0 
0 0 0 0 0 0 0 0 0 0 0 0 0 0.767335 0 0 0 0 0 0 0 0.767335 0 0 0 0.767335 0 0 0.767335 -7.83587 0 2.38327 0 0 0 0 0 0 0 0 0 0 0 0 0 0 0 0 0 0 0 0 0 0 0 0 0 0 0 0 0 2.38327 0 0 
0 0 0 0 0 0 0 0 0 0 0 0 0 0 0.767335 0 0 0 0 0 0 0 0.767335 0 0 0 0.767335 0 0.767335 0 -7.83587 2.38327 0 0 0 0 0 0 0 0 0 0 0 0 0 0 0 0 0 0 0 0 0 0 0 0 0 0 0 0 0 0 2.38327 0 
0 0 0 0 0 0 0 0 0 0 0 0 0 0 0 0.767335 0 0 0 0 0 0 0 0.767335 0 0 0 0.767335 0 0.767335 0.767335 -6.81576 0 0 0 0 0 0 0 0 0 0 0 0 0 0 0 0 0 0 0 0 0 0 0 0 0 0 0 0 0 0 0 2.97908 
0.767335 0 0 0 0 0 0 0 0 0 0 0 0 0 0 0 0 0 0 0 0 0 0 0 0 0 0 0 0 0 0 0 -3.74642 0.595816 0.595816 0 0.595816 0 0 0 0.595816 0 0 0 0 0 0 0 0.595816 0 0 0 0 0 0 0 0 0 0 0 0 0 0 0 
0 0.767335 0 0 0 0 0 0 0 0 0 0 0 0 0 0 0 0 0 0 0 0 0 0 0 0 0 0 0 0 0 0 0.767335 -6.3012 0 1.19163 0 1.19163 0 0 0 1.19163 0 0 0 0 0 0 0 1.19163 0 0 0 0 0 0 0 0 0 0 0 0 0 0 
0 0 0.767335 0 0 0 0 0 0 0 0 0 0 0 0 0 0 0 0 0 0 0 0 0 0 0 0 0 0 0 0 0 0.767335 0 -6.3012 1.19163 0 0 1.19163 0 0 0 1.19163 0 0 0 0 0 0 0 1.19163 0 0 0 0 0 0 0 0 0 0 0 0 0 
0 0 0 0.767335 0 0 0 0 0 0 0 0 0 0 0 0 0 0 0 0 0 0 0 0 0 0 0 0 0 0 0 0 0 0.767335 0.767335 -7.66435 0 0 0 1.78745 0 0 0 1.78745 0 0 0 0 0 0 0 1.78745 0 0 0 0 0 0 0 0 0 0 0 0 
0 0 0 0 0.767335 0 0 0 0 0 0 0 0 0 0 0 0 0 0 0 0 0 0 0 0 0 0 0 0 0 0 0 0.767335 0 0 0 -6.3012 1.19163 1.19163 0 0 0 0 0 1.19163 0 0 0 0 0 0 0 1.19163 0 0 0 0 0 0 0 0 0 0 0 
0 0 0 0 0 0.767335 0 0 0 0 0 0 0 0 0 0 0 0 0 0 0 0 0 0 0 0 0 0 0 0 0 0 0 0.767335 0 0 0.767335 -7.66435 0 1.78745 0 0 0 0 0 1.78745 0 0 0 0 0 0 0 1.78745 0 0 0 0 0 0 0 0 0 0 
0 0 0 0 0 0 0.767335 0 0 0 0 0 0 0 0 0 0 0 0 0 0 0 0 0 0 0 0 0 0 0 0 0 0 0 0.767335 0 0.767335 0 -7.66435 1.78745 0 0 0 0 0 0 1.78745 0 0 0 0 0 0 0 1.78745 0 0 0 0 0 0 0 0 0 
0 0 0 0 0 0 0 0.767335 0 0 0 0 0 0 0 0 0 0 0 0 0 0 0 0 0 0 0 0 0 0 0 0 0 0 0 0.767335 0 0.767335 0.767335 -7.83587 0 0 0 0 0 0 0 2.38327 0 0 0 0 0 0 0 2.38327 0 0 0 0 0 0 0 0 
0 0 0 0 0 0 0 0 0.767335 0 0 0 0 0 0 0 0 0 0 0 0 0 0 0 0 0 0 0 0 0 0 0 0.767335 0 0 0 0 0 0 0 -6.3012 1.19163 1.19163 0 1.19163 0 0 0 0 0 0 0 0 0 0 0 1.19163 0 0 0 0 0 0 0 
0 0 0 0 0 0 0 0 0 0.767335 0 0 0 0 0 0 0 0 0 0 0 0 0 0 0 0 0 0 0 0 0 0 0 0.767335 0 0 0 0 0 0 0.767335 -7.66435 0 1.78745 0 1.78745 0 0 0 0 0 0 0 0 0 0 0 1.78745 0 0 0 0 0 0 
0 0 0 0 0 0 0 0 0 0 0.767335 0 0 0 0 0 0 0 0 0 0 0 0 0 0 0 0 0 0 0 0 0 0 0 0.767335 0 0 0 0 0 0.767335 0 -7.66435 1.78745 0 0 1.78745 0 0 0 0 0 0 0 0 0 0 0 1.78745 0 0 0 0 0 
0 0 0 0 0 0 0 0 0 0 0 0.767335 0 0 0 0 0 0 0 0 0 0 0 0 0 0 0 0 0 0 0 0 0 0 0 0.767335 0 0 0 0 0 0.767335 0.767335 -7.83587 0 0 0 2.38327 0 0 0 0 0 0 0 0 0 0 0 2.38327 0 0 0 0 
0 0 0 0 0 0 0 0 0 0 0 0 0.767335 0 0 0 0 0 0 0 0 0 0 0 0 0 0 0 0 0 0 0 0 0 0 0 0.767335 0 0 0 0.767335 0 0 0 -7.66435 1.78745 1.78745 0 0 0 0 0 0 0 0 0 0 0 0 0 1.78745 0 0 0 
0 0 0 0 0 0 0 0 0 0 0 0 0 0.767335 0 0 0 0 0 0 0 0 0 0 0 0 0 0 0 0 0 0 0 0 0 0 0 0.767335 0 0 0 0.767335 0 0 0.767335 -7.83587 0 2.38327 0 0 0 0 0 0 0 0 0 0 0 0 0 2.38327 0 0 
0 0 0 0 0 0 0 0 0 0 0 0 0 0 0.767335 0 0 0 0 0 0 0 0 0 0 0 0 0 0 0 0 0 0 0 0 0 0 0 0.767335 0 0 0 0.767335 0 0.767335 0 -7.83587 2.38327 0 0 0 0 0 0 0 0 0 0 0 0 0 0 2.38327 0 
0 0 0 0 0 0 0 0 0 0 0 0 0 0 0 0.767335 0 0 0 0 0 0 0 0 0 0 0 0 0 0 0 0 0 0 0 0 0 0 0 0.767335 0 0 0 0.767335 0 0.767335 0.767335 -6.81576 0 0 0 0 0 0 0 0 0 0 0 0 0 0 0 2.97908 
0 0 0 0 0 0 0 0 0 0 0 0 0 0 0 0 0.767335 0 0 0 0 0 0 0 0 0 0 0 0 0 0 0 0.767335 0 0 0 0 0 0 0 0 0 0 0 0 0 0 0 -6.3012 1.19163 1.19163 0 1.19163 0 0 0 1.19163 0 0 0 0 0 0 0 
0 0 0 0 0 0 0 0 0 0 0 0 0 0 0 0 0 0.767335 0 0 0 0 0 0 0 0 0 0 0 0 0 0 0 0.767335 0 0 0 0 0 0 0 0 0 0 0 0 0 0 0.767335 -7.66435 0 1.78745 0 1.78745 0 0 0 1.78745 0 0 0 0 0 0 
0 0 0 0 0 0 0 0 0 0 0 0 0 0 0 0 0 0 0.767335 0 0 0 0 0 0 0 0 0 0 0 0 0 0 0 0.767335 0 0 0 0 0 0 0 0 0 0 0 0 0 0.767335 0 -7.66435 1.78745 0 0 1.78745 0 0 0 1.78745 0 0 0 0 0 
0 0 0 0 0 0 0 0 0 0 0 0 0 0 0 0 0 0 0 0.767335 0 0 0 0 0 0 0 0 0 0 0 0 0 0 0 0.767335 0 0 0 0 0 0 0 0 0 0 0 0 0 0.767335 0.767335 -7.83587 0 0 0 2.38327 0 0 0 2.38327 0 0 0 0 
0 0 0 0 0 0 0 0 0 0 0 0 0 0 0 0 0 0 0 0 0.767335 0 0 0 0 0 0 0 0 0 0 0 0 0 0 0 0.767335 0 0 0 0 0 0 0 0 0 0 0 0.767335 0 0 0 -7.66435 1.78745 1.78745 0 0 0 0 0 1.78745 0 0 0 
0 0 0 0 0 0 0 0 0 0 0 0 0 0 0 0 0 0 0 0 0 0.767335 0 0 0 0 0 0 0 0 0 0 0 0 0 0 0 0.767335 0 0 0 0 0 0 0 0 0 0 0 0.767335 0 0 0.767335 -7.83587 0 2.38327 0 0 0 0 0 2.38327 0 0 
0 0 0 0 0 0 0 0 0 0 0 0 0 0 0 0 0 0 0 0 0 0 0.767335 0 0 0 0 0 0 0 0 0 0 0 0 0 0 0 0.767335 0 0 0 0 0 0 0 0 0 0 0 0.767335 0 0.767335 0 -7.83587 2.38327 0 0 0 0 0 0 2.38327 0 
0 0 0 0 0 0 0 0 0 0 0 0 0 0 0 0 0 0 0 0 0 0 0 0.767335 0 0 0 0 0 0 0 0 0 0 0 0 0 0 0 0.767335 0 0 0 0 0 0 0 0 0 0 0 0.767335 0 0.767335 0.767335 -6.81576 0 0 0 0 0 0 0 2.97908 
0 0 0 0 0 0 0 0 0 0 0 0 0 0 0 0 0 0 0 0 0 0 0 0 0.767335 0 0 0 0 0 0 0 0 0 0 0 0 0 0 0 0.767335 0 0 0 0 0 0 0 0.767335 0 0 0 0 0 0 0 -7.66435 1.78745 1.78745 0 1.78745 0 0 0 
0 0 0 0 0 0 0 0 0 0 0 0 0 0 0 0 0 0 0 0 0 0 0 0 0 0.767335 0 0 0 0 0 0 0 0 0 0 0 0 0 0 0 0.767335 0 0 0 0 0 0 0 0.767335 0 0 0 0 0 0 0.767335 -7.83587 0 2.38327 0 2.38327 0 0 
0 0 0 0 0 0 0 0 0 0 0 0 0 0 0 0 0 0 0 0 0 0 0 0 0 0 0.767335 0 0 0 0 0 0 0 0 0 0 0 0 0 0 0 0.767335 0 0 0 0 0 0 0 0.767335 0 0 0 0 0 0.767335 0 -7.83587 2.38327 0 0 2.38327 0 
0 0 0 0 0 0 0 0 0 0 0 0 0 0 0 0 0 0 0 0 0 0 0 0 0 0 0 0.767335 0 0 0 0 0 0 0 0 0 0 0 0 0 0 0 0.767335 0 0 0 0 0 0 0 0.767335 0 0 0 0 0 0.767335 0.767335 -6.81576 0 0 0 2.97908 
0 0 0 0 0 0 0 0 0 0 0 0 0 0 0 0 0 0 0 0 0 0 0 0 0 0 0 0 0.767335 0 0 0 0 0 0 0 0 0 0 0 0 0 0 0 0.767335 0 0 0 0 0 0 0 0.767335 0 0 0 0.767335 0 0 0 -7.83587 2.38327 2.38327 0 
0 0 0 0 0 0 0 0 0 0 0 0 0 0 0 0 0 0 0 0 0 0 0 0 0 0 0 0 0 0.767335 0 0 0 0 0 0 0 0 0 0 0 0 0 0 0 0.767335 0 0 0 0 0 0 0 0.767335 0 0 0 0.767335 0 0 0.767335 -6.81576 0 2.97908 
0 0 0 0 0 0 0 0 0 0 0 0 0 0 0 0 0 0 0 0 0 0 0 0 0 0 0 0 0 0 0.767335 0 0 0 0 0 0 0 0 0 0 0 0 0 0 0 0.767335 0 0 0 0 0 0 0 0.767335 0 0 0 0.767335 0 0.767335 0 -6.81576 2.97908 
0 0 0 0 0 0 0 0 0 0 0 0 0 0 0 0 0 0 0 0 0 0 0 0 0 0 0 0 0 0 0 0.767335 0 0 0 0 0 0 0 0 0 0 0 0 0 0 0 0.767335 0 0 0 0 0 0 0 0.767335 0 0 0 0.767335 0 0.767335 0.767335 -4.60401 
