64
-0 0 0 0 0 0 0 0 0 0 0 0 0 0 0 0 0 0 0 0 0 0 0 0 0 0 0 0 0 0 0 0 0 0 0 0 0 0 0 0 0 0 0 0 0 0 0 0 0 0 0 0 0 0 0 0 0 0 0 0 0 0 0 0 
0.39729 -2.17494 0 0.355529 0 0.355529 0 0 0 0.355529 0 0 0 0 0 0 0 0.355529 0 0 0 0 0 0 0 0 0 0 0 0 0 0 0 0.355529 0 0 0 0 0 0 0 0 0 0 0 0 0 0 0 0 0 0 0 0 0 0 0 0 0 0 0 0 0 0 
0.39729 0 -2.17494 0.355529 0 0 0.355529 0 0 0 0.355529 0 0 0 0 0 0 0 0.355529 0 0 0 0 0 0 0 0 0 0 0 0 0 0 0 0.355529 0 0 0 0 0 0 0 0 0 0 0 0 0 0 0 0 0 0 0 0 0 0 0 0 0 0 0 0 0 
0 0.39729 0.39729 -3.63881 0 0 0 0.711059 0 0 0 0.711059 0 0 0 0 0 0 0 0.711059 0 0 0 0 0 0 0 0 0 0 0 0 0 0 0 0.711059 0 0 0 0 0 0 0 0 0 0 0 0 0 0 0 0 0 0 0 0 0 0 0 0 0 0 0 0 
0.39729 0 0 0 -2.17494 0.355529 0.355529 0 0 0 0 0 0.355529 0 0 0 0 0 0 0 0.355529 0 0 0 0 0 0 0 0 0 0 0 0 0 0 0 0.355529 0 0 0 0 0 0 0 0 0 0 0 0 0 0 0 0 0 0 0 0 0 0 0 0 0 0 0 
0 0.39729 0 0 0.39729 -3.63881 0 0.711059 0 0 0 0 0 0.711059 0 0 0 0 0 0 0 0.711059 0 0 0 0 0 0 0 0 0 0 0 0 0 0 0 0.711059 0 0 0 0 0 0 0 0 0 0 0 0 0 0 0 0 0 0 0 0 0 0 0 0 0 0 
0 0 0.39729 0 0.39729 0 -3.63881 0.711059 0 0 0 0 0 0 0.711059 0 0 0 0 0 0 0 0.711059 0 0 0 0 0 0 0 0 0 0 0 0 0 0 0 0.711059 0 0 0 0 0 0 0 0 0 0 0 0 0 0 0 0 0 0 0 0 0 0 0 0 0 
0 0 0 0.39729 0 0.39729 0.39729 -4.39163 0 0 0 0 0 0 0 1.06659 0 0 0 0 0 0 0 1.06659 0 0 0 0 0 0 0 0 0 0 0 0 0 0 0 1.06659 0 0 0 0 0 0 0 0 0 0 0 0 0 0 0 0 0 0 0 0 0 0 0 0 
0.39729 0 0 0 0 0 0 0 -2.17494 0.355529 0.355529 0 0.355529 0 0 0 0 0 0 0 0 0 0 0 0.355529 0 0 0 0 0 0 0 0 0 0 0 0 0 0 0 0.355529 0 0 0 0 0 0 0 0 0 0 0 0 0 0 0 0 0 0 0 0 0 0 0 
0 0.39729 0 0 0 0 0 0 0.39729 -3.63881 0 0.711059 0 0.711059 0 0 0 0 0 0 0 0 0 0 0 0.711059 0 0 0 0 0 0 0 0 0 0 0 0 0 0 0 0.711059 0 0 0 0 0 0 0 0 0 0 0 0 0 0 0 0 0 0 0 0 0 0 
0 0 0.39729 0 0 0 0 0 0.39729 0 -3.63881 0.711059 0 0 0.711059 0 0 0 0 0 0 0 0 0 0 0 0.711059 0 0 0 0 0 0 0 0 0 0 0 0 0 0 0 0.711059 0 0 0 0 0 0 0 0 0 0 0 0 0 0 0 0 0 0 0 0 0 
0 0 0 0.39729 0 0 0 0 0 0.39729 0.39729 -4.39163 0 0 0 1.06659 0 0 0 0 0 0 0 0 0 0 0 1.06659 0 0 0 0 0 0 0 0 0 0 0 0 0 0 0 1.06659 0 0 0 0 0 0 0 0 0 0 0 0 0 0 0 0 0 0 0 0 
0 0 0 0 0.39729 0 0 0 0.39729 0 0 0 -3.63881 0.711059 0.711059 0 0 0 0 0 0 0 0 0 0 0 0 0 0.711059 0 0 0 0 0 0 0 0 0 0 0 0 0 0 0 0.711059 0 0 0 0 0 0 0 0 0 0 0 0 0 0 0 0 0 0 0 
0 0 0 0 0 0.39729 0 0 0 0.39729 0 0 0.39729 -4.39163 0 1.06659 0 0 0 0 0 0 0 0 0 0 0 0 0 1.06659 0 0 0 0 0 0 0 0 0 0 0 0 0 0 0 1.06659 0 0 0 0 0 0 0 0 0 0 0 0 0 0 0 0 0 0 
0 0 0 0 0 0 0.39729 0 0 0 0.39729 0 0.39729 0 -4.39163 1.06659 0 0 0 0 0 0 0 0 0 0 0 0 0 0 1.06659 0 0 0 0 0 0 0 0 0 0 0 0 0 0 0 1.06659 0 0 0 0 0 0 0 0 0 0 0 0 0 0 0 0 0 
0 0 0 0 0 0 0 0.39729 0 0 0 0.39729 0 0.39729 0.39729 -4.43339 0 0 0 0 0 0 0 0 0 0 0 0 0 0 0 1.42212 0 0 0 0 0 0 0 0 0 0 0 0 0 0 0 1.42212 0 0 0 0 0 0 0 0 0 0 0 0 0 0 0 0 
0.39729 0 0 0 0 0 0 0 0 0 0 0 0 0 0 0 -2.17494 0.355529 0.355529 0 0.355529 0 0 0 0.355529 0 0 0 0 0 0 0 0 0 0 0 0 0 0 0 0 0 0 0 0 0 0 0 0.355529 0 0 0 0 0 0 0 0 0 0 0 0 0 0 0 
0 0.39729 0 0 0 0 0 0 0 0 0 0 0 0 0 0 0.39729 -3.63881 0 0.711059 0 0.711059 0 0 0 0.711059 0 0 0 0 0 0 0 0 0 0 0 0 0 0 0 0 0 0 0 0 0 0 0 0.711059 0 0 0 0 0 0 0 0 0 0 0 0 0 0 
0 0 0.39729 0 0 0 0 0 0 0 0 0 0 0 0 0 0.39729 0 -3.63881 0.711059 0 0 0.711059 0 0 0 0.711059 0 0 0 0 0 0 0 0 0 0 0 0 0 0 0 0 0 0 0 0 0 0 0 0.711059 0 0 0 0 0 0 0 0 0 0 0 0 0 
0 0 0 0.39729 0 0 0 0 0 0 0 0 0 0 0 0 0 0.39729 0.39729 -4.39163 0 0 0 1.06659 0 0 0 1.06659 0 0 0 0 0 0 0 0 0 0 0 0 0 0 0 0 0 0 0 0 0 0 0 1.06659 0 0 0 0 0 0 0 0 0 0 0 0 
0 0 0 0 0.39729 0 0 0 0 0 0 0 0 0 0 0 0.39729 0 0 0 -3.63881 0.711059 0.711059 0 0 0 0 0 0.711059 0 0 0 0 0 0 0 0 0 0 0 0 0 0 0 0 0 0 0 0 0 0 0 0.711059 0 0 0 0 0 0 0 0 0 0 0 
0 0 0 0 0 0.39729 0 0 0 0 0 0 0 0 0 0 0 0.39729 0 0 0.39729 -4.39163 0 1.06659 0 0 0 0 0 1.06659 0 0 0 0 0 0 0 0 0 0 0 0 0 0 0 0 0 0 0 0 0 0 0 1.06659 0 0 0 0 0 0 0 0 0 0 
0 0 0 0 0 0 0.39729 0 0 0 0 0 0 0 0 0 0 0 0.39729 0 0.39729 0 -4.39163 1.06659 0 0 0 0 0 0 1.06659 0 0 0 0 0 0 0 0 0 0 0 0 0 0 0 0 0 0 0 0 0 0 0 1.06659 0 0 0 0 0 0 0 0 0 
0 0 0 0 0 0 0 0.39729 0 0 0 0 0 0 0 0 0 0 0 0.39729 0 0.39729 0.39729 -4.43339 0 0 0 0 0 0 0 1.42212 0 0 0 0 0 0 0 0 0 0 0 0 0 0 0 0 0 0 0 0 0 0 0 1.42212 0 0 0 0 0 0 0 0 
0 0 0 0 0 0 0 0 0.39729 0 0 0 0 0 0 0 0.39729 0 0 0 0 0 0 0 -3.63881 0.711059 0.711059 0 0.711059 0 0 0 0 0 0 0 0 0 0 0 0 0 0 0 0 0 0 0 0 0 0 0 0 0 0 0 0.711059 0 0 0 0 0 0 0 
0 0 0 0 0 0 0 0 0 0.39729 0 0 0 0 0 0 0 0.39729 0 0 0 0 0 0 0.39729 -4.39163 0 1.06659 0 1.06659 0 0 0 0 0 0 0 0 0 0 0 0 0 0 0 0 0 0 0 0 0 0 0 0 0 0 0 1.06659 0 0 0 0 0 0 
0 0 0 0 0 0 0 0 0 0 0.39729 0 0 0 0 0 0 0 0.39729 0 0 0 0 0 0.39729 0 -4.39163 1.06659 0 0 1.06659 0 0 0 0 0 0 0 0 0 0 0 0 0 0 0 0 0 0 0 0 0 0 0 0 0 0 0 1.06659 0 0 0 0 0 
0 0 0 0 0 0 0 0 0 0 0 0.39729 0 0 0 0 0 0 0 0.39729 0 0 0 0 0 0.39729 0.39729 -4.43339 0 0 0 1.42212 0 0 0 0 0 0 0 0 0 0 0 0 0 0 0 0 0 0 0 0 0 0 0 0 0 0 0 1.42212 0 0 0 0 
0 0 0 0 0 0 0 0 0 0 0 0 0.39729 0 0 0 0 0 0 0 0.39729 0 0 0 0.39729 0 0 0 -4.39163 1.06659 1.06659 0 0 0 0 0 0 0 0 0 0 0 0 0 0 0 0 0 0 0 0 0 0 0 0 0 0 0 0 0 1.06659 0 0 0 
0 0 0 0 0 0 0 0 0 0 0 0 0 0.39729 0 0 0 0 0 0 0 0.39729 0 0 0 0.39729 0 0 0.39729 -4.43339 0 1.42212 0 0 0 0 0 0 0 0 0 0 0 0 0 0 0 0 0 0 0 0 0 0 0 0 0 0 0 0 0 1.42212 0 0 
0 0 0 0 0 0 0 0 0 0 0 0 0 0 0.39729 0 0 0 0 0 0 0 0.39729 0 0 0 0.39729 0 0.39729 0 -4.43339 1.42212 0 0 0 0 0 0 0 0 0 0 0 0 0 0 0 0 0 0 0 0 0 0 0 0 0 0 0 0 0 0 1.42212 0 
0 0 0 0 0 0 0 0 0 0 0 0 0 0 0 0.39729 0 0 0 0 0 0 0 0.39729 0 0 0 0.39729 0 0.39729 0.39729 -3.7641 0 0 0 0 0 0 0 0 0 0 0 0 0 0 0 0 0 0 0 0 0 0 0 0 0 0 0 0 0 0 0 1.77765 
0.39729 0 0 0 0 0 0 0 0 0 0 0 0 0 0 0 0 0 0 0 0 0 0 0 0 0 0 0 0 0 0 0 -2.17494 0.355529 0.355529 0 0.355529 0 0 0 0.355529 0 0 0 0 0 0 0 0.355529 0 0 0 0 0 0 0 0 0 0 0 0 0 0 0 
0 0.39729 0 0 0 0 0 0 0 0 0 0 0 0 0 0 0 0 0 0 0 0 0 0 0 0 0 0 0 0 0 0 0.39729 -3.63881 0 0.711059 0 0.711059 0 0 0 0.711059 0 0 0 0 0 0 0 0.711059 0 0 0 0 0 0 0 0 0 0 0 0 0 0 
0 0 0.39729 0 0 0 0 0 0 0 0 0 0 0 0 0 0 0 0 0 0 0 0 0 0 0 0 0 0 0 0 0 0.39729 0 -3.63881 0.711059 0 0 0.711059 0 0 0 0.711059 0 0 0 0 0 0 0 0.711059 0 0 0 0 0 0 0 0 0 0 0 0 0 
0 0 0 0.39729 0 0 0 0 0 0 0 0 0 0 0 0 0 0 0 0 0 0 0 0 0 0 0 0 0 0 0 0 0 0.39729 0.39729 -4.39163 0 0 0 1.06659 0 0 0 1.06659 0 0 0 0 0 0 0 1.06659 0 0 0 0 0 0 0 0 0 0 0 0 
0 0 0 0 0.39729 0 0 0 0 0 0 0 0 0 0 0 0 0 0 0 0 0 0 0 0 0 0 0 0 0 0 0 0.39729 0 0 0 -3.63881 0.711059 0.711059 0 0 0 0 0 0.711059 0 0 0 0 0 0 0 0.711059 0 0 0 0 0 0 0 0 0 0 0 
0 0 0 0 0 0.39729 0 0 0 0 0 0 0 0 0 0 0 0 0 0 0 0 0 0 0 0 0 0 0 0 0 0 0 0.39729 0 0 0.39729 -4.39163 0 1.06659 0 0 0 0 0 1.06659 0 0 0 0 0 0 0 1.06659 0 0 0 0 0 0 0 0 0 0 
0 0 0 0 0 0 0.39729 0 0 0 0 0 0 0 0 0 0 0 0 0 0 0 0 0 0 0 0 0 0 0 0 0 0 0 0.39729 0 0.39729 0 -4.39163 1.06659 0 0 0 0 0 0 1.06659 0 0 0 0 0 0 0 1.06659 0 0 0 0 0 0 0 0 0 
0 0 0 0 0 0 0 0.39729 0 0 0 0 0 0 0 0 0 0 0 0 0 0 0 0 0 0 0 0 0 0 0 0 0 0 0 0.39729 0 0.39729 0.39729 -4.43339 0 0 0 0 0 0 0 1.42212 0 0 0 0 0 0 0 1.42212 0 0 0 0 0 0 0 0 
0 0 0 0 0 0 0 0 0.39729 0 0 0 0 0 0 0 0 0 0 0 0 0 0 0 0 0 0 0 0 0 0 0 0.39729 0 0 0 0 0 0 0 -3.63881 0.711059 0.711059 0 0.711059 0 0 0 0 0 0 0 0 0 0 0 0.711059 0 0 0 0 0 0 0 
0 0 0 0 0 0 0 0 0 0.39729 0 0 0 0 0 0 0 0 0 0 0 0 0 0 0 0 0 0 0 0 0 0 0 0.39729 0 0 0 0 0 0 0.39729 -4.39163 0 1.06659 0 1.06659 0 0 0 0 0 0 0 0 0 0 0 1.06659 0 0 0 0 0 0 
0 0 0 0 0 0 0 0 0 0 0.39729 0 0 0 0 0 0 0 0 0 0 0 0 0 0 0 0 0 0 0 0 0 0 0 0.39729 0 0 0 0 0 0.39729 0 -4.39163 1.06659 0 0 1.06659 0 0 0 0 0 0 0 0 0 0 0 1.06659 0 0 0 0 0 
0 0 0 0 0 0 0 0 0 0 0 0.39729 0 0 0 0 0 0 0 0 0 0 0 0 0 0 0 0 0 0 0 0 0 0 0 0.39729 0 0 0 0 0 0.39729 0.39729 -4.43339 0 0 0 1.42212 0 0 0 0 0 0 0 0 0 0 0 1.42212 0 0 0 0 
0 0 0 0 0 0 0 0 0 0 0 0 0.39729 0 0 0 0 0 0 0 0 0 0 0 0 0 0 0 0 0 0 0 0 0 0 0 0.39729 0 0 0 0.39729 0 0 0 -4.39163 1.06659 1.06659 0 0 0 0 0 0 0 0 0 0 0 0 0 1.06659 0 0 0 
0 0 0 0 0 0 0 0 0 0 0 0 0 0.39729 0 0 0 0 0 0 0 0 0 0 0 0 0 0 0 0 0 0 0 0 0 0 0 0.39729 0 0 0 0.39729 0 0 0.39729 -4.43339 0 1.42212 0 0 0 0 0 0 0 0 0 0 0 0 0 1.42212 0 0 
0 0 0 0 0 0 0 0 0 0 0 0 0 0 0.39729 0 0 0 0 0 0 0 0 0 0 0 0 0 0 0 0 0 0 0 0 0 0 0 0.39729 0 0 0 0.39729 0 0.39729 0 -4.43339 1.42212 0 0 0 0 0 0 0 0 0 0 0 0 0 0 1.42212 0 
0 0 0 0 0 0 0 0 0 0 0 0 0 0 0 0.39729 0 0 0 0 0 0 0 0 0 0 0 0 0 0 0 0 0 0 0 0 0 0 0 0.39729 0 0 0 0.39729 0 0.39729 0.39729 -3.7641 0 0 0 0 0 0 0 0 0 0 0 0 0 0 0 1.77765 
0 0 0 0 0 0 0 0 0 0 0 0 0 0 0 0 0.39729 0 0 0 0 0 0 0 0 0 0 0 0 0 0 0 0.39729 0 0 0 0 0 0 0 0 0 0 0 0 0 0 0 -3.63881 0.711059 0.711059 0 0.711059 0 0 0 0.711059 0 0 0 0 0 0 0 
0 0 0 0 0 0 0 0 0 0 0 0 0 0 0 0 0 0.39729 0 0 0 0 0 0 0 0 0 0 0 0 0 0 0 0.39729 0 0 0 0 0 0 0 0 0 0 0 0 0 0 0.39729 -4.39163 0 1.06659 0 1.06659 0 0 0 1.06659 0 0 0 0 0 0 
0 0 0 0 0 0 0 0 0 0 0 0 0 0 0 0 0 0 0.39729 0 0 0 0 0 0 0 0 0 0 0 0 0 0 0 0.39729 0 0 0 0 0 0 0 0 0 0 0 0 0 0.39729 0 -4.39163 1.06659 0 0 1.06659 0 0 0 1.06659 0 0 0 0 0 
0 0 0 0 0 0 0 0 0 0 0 0 0 0 0 0 0 0 0 0.39729 0 0 0 0 0 0 0 0 0 0 0 0 0 0 0 0.39729 0 0 0 0 0 0 0 0 0 0 0 0 0 0.39729 0.39729 -4.43339 0 0 0 1.42212 0 0 0 1.42212 0 0 0 0 
0 0 0 0 0 0 0 0 0 0 0 0 0 0 0 0 0 0 0 0 0.39729 0 0 0 0 0 0 0 0 0 0 0 0 0 0 0 0.39729 0 0 0 0 0 0 0 0 0 0 0 0.39729 0 0 0 -4.39163 1.06659 1.06659 0 0 0 0 0 1.06659 0 0 0 
0 0 0 0 0 0 0 0 0 0 0 0 0 0 0 0 0 0 0 0 0 0.39729 0 0 0 0 0 0 0 0 0 0 0 0 0 0 0 0.39729 0 0 0 0 0 0 0 0 0 0 0 0.39729 0 0 0.39729 -4.43339 0 1.42212 0 0 0 0 0 1.42212 0 0 
0 0 0 0 0 0 0 0 0 0 0 0 0 0 0 0 0 0 0 0 0 0 0.39729 0 0 0 0 0 0 0 0 0 0 0 0 0 0 0 0.39729 0 0 0 0 0 0 0 0 0 0 0 0.39729 0 0.39729 0 -4.43339 1.42212 0 0 0 0 0 0 1.42212 0 
0 0 0 0 0 0 0 0 0 0 0 0 0 0 0 0 0 0 0 0 0 0 0 0.39729 0 0 0 0 0 0 0 0 0 0 0 0 0 0 0 0.39729 0 0 0 0 0 0 0 0 0 0 0 0.39729 0 0.39729 0.39729 -3.7641 0 0 0 0 0 0 0 1.77765 
0 0 0 0 0 0 0 0 0 0 0 0 0 0 0 0 0 0 0 0 0 0 0 0 0.39729 0 0 0 0 0 0 0 0 0 0 0 0 0 0 0 0.39729 0 0 0 0 0 0 0 0.39729 0 0 0 0 0 0 0 -4.39163 1.06659 1.06659 0 1.06659 0 0 0 
0 0 0 0 0 0 0 0 0 0 0 0 0 0 0 0 0 0 0 0 0 0 0 0 0 0.39729 0 0 0 0 0 0 0 0 0 0 0 0 0 0 0 0.39729 0 0 0 0 0 0 0 0.39729 0 0 0 0 0 0 0.39729 -4.43339 0 1.42212 0 1.42212 0 0 
0 0 0 0 0 0 0 0 0 0 0 0 0 0 0 0 0 0 0 0 0 0 0 0 0 0 0.39729 0 0 0 0 0 0 0 0 0 0 0 0 0 0 0 0.39729 0 0 0 0 0 0 0 0.39729 0 0 0 0 0 0.39729 0 -4.43339 1.42212 0 0 1.42212 0 
0 0 0 0 0 0 0 0 0 0 0 0 0 0 0 0 0 0 0 0 0 0 0 0 0 0 0 0.39729 0 0 0 0 0 0 0 0 0 0 0 0 0 0 0 0.39729 0 0 0 0 0 0 0 0.39729 0 0 0 0 0 0.39729 0.39729 -3.7641 0 0 0 1.77765 
0 0 0 0 0 0 0 0 0 0 0 0 0 0 0 0 0 0 0 0 0 0 0 0 0 0 0 0 0.39729 0 0 0 0 0 0 0 0 0 0 0 0 0 0 0 0.39729 0 0 0 0 0 0 0 0.39729 0 0 0 0.39729 0 0 0 -4.43339 1.42212 1.42212 0 
0 0 0 0 0 0 0 0 0 0 0 0 0 0 0 0 0 0 0 0 0 0 0 0 0 0 0 0 0 0.39729 0 0 0 0 0 0 0 0 0 0 0 0 0 0 0 0.39729 0 0 0 0 0 0 0 0.39729 0 0 0 0.39729 0 0 0.39729 -3.7641 0 1.77765 
0 0 0 0 0 0 0 0 0 0 0 0 0 0 0 0 0 0 0 0 0 0 0 0 0 0 0 0 0 0 0.39729 0 0 0 0 0 0 0 0 0 0 0 0 0 0 0 0.39729 0 0 0 0 0 0 0 0.39729 0 0 0 0.39729 0 0.39729 0 -3.7641 1.77765 
0 0 0 0 0 0 0 0 0 0 0 0 0 0 0 0 0 0 0 0 0 0 0 0 0 0 0 0 0 0 0 0.39729 0 0 0 0 0 0 0 0 0 0 0 0 0 0 0 0.39729 0 0 0 0 0 0 0 0.39729 0 0 0 0.39729 0 0.39729 0.39729 -2.38374 
