32
-0 0 0 0 0 0 0 0 0 0 0 0 0 0 0 0 0 0 0 0 0 0 0 0 0 0 0 0 0 0 0 0 
0.407288 -2.06248 0 0.413799 0 0.413799 0 0 0 0.413799 0 0 0 0 0 0 0 0.413799 0 0 0 0 0 0 0 0 0 0 0 0 0 0 
0.407288 0 -2.06248 0.413799 0 0 0.413799 0 0 0 0.413799 0 0 0 0 0 0 0 0.413799 0 0 0 0 0 0 0 0 0 0 0 0 0 
0 0.407288 0.407288 -3.29737 0 0 0 0.827598 0 0 0 0.827598 0 0 0 0 0 0 0 0.827598 0 0 0 0 0 0 0 0 0 0 0 0 
0.407288 0 0 0 -2.06248 0.413799 0.413799 0 0 0 0 0 0.413799 0 0 0 0 0 0 0 0.413799 0 0 0 0 0 0 0 0 0 0 0 
0 0.407288 0 0 0.407288 -3.29737 0 0.827598 0 0 0 0 0 0.827598 0 0 0 0 0 0 0 0.827598 0 0 0 0 0 0 0 0 0 0 
0 0 0.407288 0 0.407288 0 -3.29737 0.827598 0 0 0 0 0 0 0.827598 0 0 0 0 0 0 0 0.827598 0 0 0 0 0 0 0 0 0 
0 0 0 0.407288 0 0.407288 0.407288 -3.70466 0 0 0 0 0 0 0 1.2414 0 0 0 0 0 0 0 1.2414 0 0 0 0 0 0 0 0 
0.407288 0 0 0 0 0 0 0 -2.06248 0.413799 0.413799 0 0.413799 0 0 0 0 0 0 0 0 0 0 0 0.413799 0 0 0 0 0 0 0 
0 0.407288 0 0 0 0 0 0 0.407288 -3.29737 0 0.827598 0 0.827598 0 0 0 0 0 0 0 0 0 0 0 0.827598 0 0 0 0 0 0 
0 0 0.407288 0 0 0 0 0 0.407288 0 -3.29737 0.827598 0 0 0.827598 0 0 0 0 0 0 0 0 0 0 0 0.827598 0 0 0 0 0 
0 0 0 0.407288 0 0 0 0 0 0.407288 0.407288 -3.70466 0 0 0 1.2414 0 0 0 0 0 0 0 0 0 0 0 1.2414 0 0 0 0 
0 0 0 0 0.407288 0 0 0 0.407288 0 0 0 -3.29737 0.827598 0.827598 0 0 0 0 0 0 0 0 0 0 0 0 0 0.827598 0 0 0 
0 0 0 0 0 0.407288 0 0 0 0.407288 0 0 0.407288 -3.70466 0 1.2414 0 0 0 0 0 0 0 0 0 0 0 0 0 1.2414 0 0 
0 0 0 0 0 0 0.407288 0 0 0 0.407288 0 0.407288 0 -3.70466 1.2414 0 0 0 0 0 0 0 0 0 0 0 0 0 0 1.2414 0 
0 0 0 0 0 0 0 0.407288 0 0 0 0.407288 0 0.407288 0.407288 -3.28435 0 0 0 0 0 0 0 0 0 0 0 0 0 0 0 1.6552 
0.407288 0 0 0 0 0 0 0 0 0 0 0 0 0 0 0 -2.06248 0.413799 0.413799 0 0.413799 0 0 0 0.413799 0 0 0 0 0 0 0 
0 0.407288 0 0 0 0 0 0 0 0 0 0 0 0 0 0 0.407288 -3.29737 0 0.827598 0 0.827598 0 0 0 0.827598 0 0 0 0 0 0 
0 0 0.407288 0 0 0 0 0 0 0 0 0 0 0 0 0 0.407288 0 -3.29737 0.827598 0 0 0.827598 0 0 0 0.827598 0 0 0 0 0 
0 0 0 0.407288 0 0 0 0 0 0 0 0 0 0 0 0 0 0.407288 0.407288 -3.70466 0 0 0 1.2414 0 0 0 1.2414 0 0 0 0 
0 0 0 0 0.407288 0 0 0 0 0 0 0 0 0 0 0 0.407288 0 0 0 -3.29737 0.827598 0.827598 0 0 0 0 0 0.827598 0 0 0 
0 0 0 0 0 0.407288 0 0 0 0 0 0 0 0 0 0 0 0.407288 0 0 0.407288 -3.70466 0 1.2414 0 0 0 0 0 1.2414 0 0 
0 0 0 0 0 0 0.407288 0 0 0 0 0 0 0 0 0 0 0 0.407288 0 0.407288 0 -3.70466 1.2414 0 0 0 0 0 0 1.2414 0 
0 0 0 0 0 0 0 0.407288 0 0 0 0 0 0 0 0 0 0 0 0.407288 0 0.407288 0.407288 -3.28435 0 0 0 0 0 0 0 1.6552 
0 0 0 0 0 0 0 0 0.407288 0 0 0 0 0 0 0 0.407288 0 0 0 0 0 0 0 -3.29737 0.827598 0.827598 0 0.827598 0 0 0 
0 0 0 0 0 0 0 0 0 0.407288 0 0 0 0 0 0 0 0.407288 0 0 0 0 0 0 0.407288 -3.70466 0 1.2414 0 1.2414 0 0 
0 0 0 0 0 0 0 0 0 0 0.407288 0 0 0 0 0 0 0 0.407288 0 0 0 0 0 0.407288 0 -3.70466 1.2414 0 0 1.2414 0 
0 0 0 0 0 0 0 0 0 0 0 0.407288 0 0 0 0 0 0 0 0.407288 0 0 0 0 0 0.407288 0.407288 -3.28435 0 0 0 1.6552 
0 0 0 0 0 0 0 0 0 0 0 0 0.407288 0 0 0 0 0 0 0 0.407288 0 0 0 0.407288 0 0 0 -3.70466 1.2414 1.2414 0 
0 0 0 0 0 0 0 0 0 0 0 0 0 0.407288 0 0 0 0 0 0 0 0.407288 0 0 0 0.407288 0 0 0.407288 -3.28435 0 1.6552 
0 0 0 0 0 0 0 0 0 0 0 0 0 0 0.407288 0 0 0 0 0 0 0 0.407288 0 0 0 0.407288 0 0.407288 0 -3.28435 1.6552 
0 0 0 0 0 0 0 0 0 0 0 0 0 0 0 0.407288 0 0 0 0 0 0 0 0.407288 0 0 0 0.407288 0 0.407288 0.407288 -2.03644 
