32
-0 0 0 0 0 0 0 0 0 0 0 0 0 0 0 0 0 0 0 0 0 0 0 0 0 0 0 0 0 0 0 0 
0.220858 -1.60774 0 0.34672 0 0.34672 0 0 0 0.34672 0 0 0 0 0 0 0 0.34672 0 0 0 0 0 0 0 0 0 0 0 0 0 0 
0.220858 0 -1.60774 0.34672 0 0 0.34672 0 0 0 0.34672 0 0 0 0 0 0 0 0.34672 0 0 0 0 0 0 0 0 0 0 0 0 0 
0 0.220858 0.220858 -2.52204 0 0 0 0.69344 0 0 0 0.69344 0 0 0 0 0 0 0 0.69344 0 0 0 0 0 0 0 0 0 0 0 0 
0.220858 0 0 0 -1.60774 0.34672 0.34672 0 0 0 0 0 0.34672 0 0 0 0 0 0 0 0.34672 0 0 0 0 0 0 0 0 0 0 0 
0 0.220858 0 0 0.220858 -2.52204 0 0.69344 0 0 0 0 0 0.69344 0 0 0 0 0 0 0 0.69344 0 0 0 0 0 0 0 0 0 0 
0 0 0.220858 0 0.220858 0 -2.52204 0.69344 0 0 0 0 0 0 0.69344 0 0 0 0 0 0 0 0.69344 0 0 0 0 0 0 0 0 0 
0 0 0 0.220858 0 0.220858 0.220858 -2.74289 0 0 0 0 0 0 0 1.04016 0 0 0 0 0 0 0 1.04016 0 0 0 0 0 0 0 0 
0.220858 0 0 0 0 0 0 0 -1.60774 0.34672 0.34672 0 0.34672 0 0 0 0 0 0 0 0 0 0 0 0.34672 0 0 0 0 0 0 0 
0 0.220858 0 0 0 0 0 0 0.220858 -2.52204 0 0.69344 0 0.69344 0 0 0 0 0 0 0 0 0 0 0 0.69344 0 0 0 0 0 0 
0 0 0.220858 0 0 0 0 0 0.220858 0 -2.52204 0.69344 0 0 0.69344 0 0 0 0 0 0 0 0 0 0 0 0.69344 0 0 0 0 0 
0 0 0 0.220858 0 0 0 0 0 0.220858 0.220858 -2.74289 0 0 0 1.04016 0 0 0 0 0 0 0 0 0 0 0 1.04016 0 0 0 0 
0 0 0 0 0.220858 0 0 0 0.220858 0 0 0 -2.52204 0.69344 0.69344 0 0 0 0 0 0 0 0 0 0 0 0 0 0.69344 0 0 0 
0 0 0 0 0 0.220858 0 0 0 0.220858 0 0 0.220858 -2.74289 0 1.04016 0 0 0 0 0 0 0 0 0 0 0 0 0 1.04016 0 0 
0 0 0 0 0 0 0.220858 0 0 0 0.220858 0 0.220858 0 -2.74289 1.04016 0 0 0 0 0 0 0 0 0 0 0 0 0 0 1.04016 0 
0 0 0 0 0 0 0 0.220858 0 0 0 0.220858 0 0.220858 0.220858 -2.27031 0 0 0 0 0 0 0 0 0 0 0 0 0 0 0 1.38688 
0.220858 0 0 0 0 0 0 0 0 0 0 0 0 0 0 0 -1.60774 0.34672 0.34672 0 0.34672 0 0 0 0.34672 0 0 0 0 0 0 0 
0 0.220858 0 0 0 0 0 0 0 0 0 0 0 0 0 0 0.220858 -2.52204 0 0.69344 0 0.69344 0 0 0 0.69344 0 0 0 0 0 0 
0 0 0.220858 0 0 0 0 0 0 0 0 0 0 0 0 0 0.220858 0 -2.52204 0.69344 0 0 0.69344 0 0 0 0.69344 0 0 0 0 0 
0 0 0 0.220858 0 0 0 0 0 0 0 0 0 0 0 0 0 0.220858 0.220858 -2.74289 0 0 0 1.04016 0 0 0 1.04016 0 0 0 0 
0 0 0 0 0.220858 0 0 0 0 0 0 0 0 0 0 0 0.220858 0 0 0 -2.52204 0.69344 0.69344 0 0 0 0 0 0.69344 0 0 0 
0 0 0 0 0 0.220858 0 0 0 0 0 0 0 0 0 0 0 0.220858 0 0 0.220858 -2.74289 0 1.04016 0 0 0 0 0 1.04016 0 0 
0 0 0 0 0 0 0.220858 0 0 0 0 0 0 0 0 0 0 0 0.220858 0 0.220858 0 -2.74289 1.04016 0 0 0 0 0 0 1.04016 0 
0 0 0 0 0 0 0 0.220858 0 0 0 0 0 0 0 0 0 0 0 0.220858 0 0.220858 0.220858 -2.27031 0 0 0 0 0 0 0 1.38688 
0 0 0 0 0 0 0 0 0.220858 0 0 0 0 0 0 0 0.220858 0 0 0 0 0 0 0 -2.52204 0.69344 0.69344 0 0.69344 0 0 0 
0 0 0 0 0 0 0 0 0 0.220858 0 0 0 0 0 0 0 0.220858 0 0 0 0 0 0 0.220858 -2.74289 0 1.04016 0 1.04016 0 0 
0 0 0 0 0 0 0 0 0 0 0.220858 0 0 0 0 0 0 0 0.220858 0 0 0 0 0 0.220858 0 -2.74289 1.04016 0 0 1.04016 0 
0 0 0 0 0 0 0 0 0 0 0 0.220858 0 0 0 0 0 0 0 0.220858 0 0 0 0 0 0.220858 0.220858 -2.27031 0 0 0 1.38688 
0 0 0 0 0 0 0 0 0 0 0 0 0.220858 0 0 0 0 0 0 0 0.220858 0 0 0 0.220858 0 0 0 -2.74289 1.04016 1.04016 0 
0 0 0 0 0 0 0 0 0 0 0 0 0 0.220858 0 0 0 0 0 0 0 0.220858 0 0 0 0.220858 0 0 0.220858 -2.27031 0 1.38688 
0 0 0 0 0 0 0 0 0 0 0 0 0 0 0.220858 0 0 0 0 0 0 0 0.220858 0 0 0 0.220858 0 0.220858 0 -2.27031 1.38688 
0 0 0 0 0 0 0 0 0 0 0 0 0 0 0 0.220858 0 0 0 0 0 0 0 0.220858 0 0 0 0.220858 0 0.220858 0.220858 -1.10429 
