32
-0 0 0 0 0 0 0 0 0 0 0 0 0 0 0 0 0 0 0 0 0 0 0 0 0 0 0 0 0 0 0 0 
0.263932 -1.54702 0 0.320773 0 0.320773 0 0 0 0.320773 0 0 0 0 0 0 0 0.320773 0 0 0 0 0 0 0 0 0 0 0 0 0 0 
0.263932 0 -1.54702 0.320773 0 0 0.320773 0 0 0 0.320773 0 0 0 0 0 0 0 0.320773 0 0 0 0 0 0 0 0 0 0 0 0 0 
0 0.263932 0.263932 -2.4525 0 0 0 0.641545 0 0 0 0.641545 0 0 0 0 0 0 0 0.641545 0 0 0 0 0 0 0 0 0 0 0 0 
0.263932 0 0 0 -1.54702 0.320773 0.320773 0 0 0 0 0 0.320773 0 0 0 0 0 0 0 0.320773 0 0 0 0 0 0 0 0 0 0 0 
0 0.263932 0 0 0.263932 -2.4525 0 0.641545 0 0 0 0 0 0.641545 0 0 0 0 0 0 0 0.641545 0 0 0 0 0 0 0 0 0 0 
0 0 0.263932 0 0.263932 0 -2.4525 0.641545 0 0 0 0 0 0 0.641545 0 0 0 0 0 0 0 0.641545 0 0 0 0 0 0 0 0 0 
0 0 0 0.263932 0 0.263932 0.263932 -2.71643 0 0 0 0 0 0 0 0.962318 0 0 0 0 0 0 0 0.962318 0 0 0 0 0 0 0 0 
0.263932 0 0 0 0 0 0 0 -1.54702 0.320773 0.320773 0 0.320773 0 0 0 0 0 0 0 0 0 0 0 0.320773 0 0 0 0 0 0 0 
0 0.263932 0 0 0 0 0 0 0.263932 -2.4525 0 0.641545 0 0.641545 0 0 0 0 0 0 0 0 0 0 0 0.641545 0 0 0 0 0 0 
0 0 0.263932 0 0 0 0 0 0.263932 0 -2.4525 0.641545 0 0 0.641545 0 0 0 0 0 0 0 0 0 0 0 0.641545 0 0 0 0 0 
0 0 0 0.263932 0 0 0 0 0 0.263932 0.263932 -2.71643 0 0 0 0.962318 0 0 0 0 0 0 0 0 0 0 0 0.962318 0 0 0 0 
0 0 0 0 0.263932 0 0 0 0.263932 0 0 0 -2.4525 0.641545 0.641545 0 0 0 0 0 0 0 0 0 0 0 0 0 0.641545 0 0 0 
0 0 0 0 0 0.263932 0 0 0 0.263932 0 0 0.263932 -2.71643 0 0.962318 0 0 0 0 0 0 0 0 0 0 0 0 0 0.962318 0 0 
0 0 0 0 0 0 0.263932 0 0 0 0.263932 0 0.263932 0 -2.71643 0.962318 0 0 0 0 0 0 0 0 0 0 0 0 0 0 0.962318 0 
0 0 0 0 0 0 0 0.263932 0 0 0 0.263932 0 0.263932 0.263932 -2.33882 0 0 0 0 0 0 0 0 0 0 0 0 0 0 0 1.28309 
0.263932 0 0 0 0 0 0 0 0 0 0 0 0 0 0 0 -1.54702 0.320773 0.320773 0 0.320773 0 0 0 0.320773 0 0 0 0 0 0 0 
0 0.263932 0 0 0 0 0 0 0 0 0 0 0 0 0 0 0.263932 -2.4525 0 0.641545 0 0.641545 0 0 0 0.641545 0 0 0 0 0 0 
0 0 0.263932 0 0 0 0 0 0 0 0 0 0 0 0 0 0.263932 0 -2.4525 0.641545 0 0 0.641545 0 0 0 0.641545 0 0 0 0 0 
0 0 0 0.263932 0 0 0 0 0 0 0 0 0 0 0 0 0 0.263932 0.263932 -2.71643 0 0 0 0.962318 0 0 0 0.962318 0 0 0 0 
0 0 0 0 0.263932 0 0 0 0 0 0 0 0 0 0 0 0.263932 0 0 0 -2.4525 0.641545 0.641545 0 0 0 0 0 0.641545 0 0 0 
0 0 0 0 0 0.263932 0 0 0 0 0 0 0 0 0 0 0 0.263932 0 0 0.263932 -2.71643 0 0.962318 0 0 0 0 0 0.962318 0 0 
0 0 0 0 0 0 0.263932 0 0 0 0 0 0 0 0 0 0 0 0.263932 0 0.263932 0 -2.71643 0.962318 0 0 0 0 0 0 0.962318 0 
0 0 0 0 0 0 0 0.263932 0 0 0 0 0 0 0 0 0 0 0 0.263932 0 0.263932 0.263932 -2.33882 0 0 0 0 0 0 0 1.28309 
0 0 0 0 0 0 0 0 0.263932 0 0 0 0 0 0 0 0.263932 0 0 0 0 0 0 0 -2.4525 0.641545 0.641545 0 0.641545 0 0 0 
0 0 0 0 0 0 0 0 0 0.263932 0 0 0 0 0 0 0 0.263932 0 0 0 0 0 0 0.263932 -2.71643 0 0.962318 0 0.962318 0 0 
0 0 0 0 0 0 0 0 0 0 0.263932 0 0 0 0 0 0 0 0.263932 0 0 0 0 0 0.263932 0 -2.71643 0.962318 0 0 0.962318 0 
0 0 0 0 0 0 0 0 0 0 0 0.263932 0 0 0 0 0 0 0 0.263932 0 0 0 0 0 0.263932 0.263932 -2.33882 0 0 0 1.28309 
0 0 0 0 0 0 0 0 0 0 0 0 0.263932 0 0 0 0 0 0 0 0.263932 0 0 0 0.263932 0 0 0 -2.71643 0.962318 0.962318 0 
0 0 0 0 0 0 0 0 0 0 0 0 0 0.263932 0 0 0 0 0 0 0 0.263932 0 0 0 0.263932 0 0 0.263932 -2.33882 0 1.28309 
0 0 0 0 0 0 0 0 0 0 0 0 0 0 0.263932 0 0 0 0 0 0 0 0.263932 0 0 0 0.263932 0 0.263932 0 -2.33882 1.28309 
0 0 0 0 0 0 0 0 0 0 0 0 0 0 0 0.263932 0 0 0 0 0 0 0 0.263932 0 0 0 0.263932 0 0.263932 0.263932 -1.31966 
