32
-0 0 0 0 0 0 0 0 0 0 0 0 0 0 0 0 0 0 0 0 0 0 0 0 0 0 0 0 0 0 0 0 
0.422275 -2.3145 0 0.473055 0 0.473055 0 0 0 0.473055 0 0 0 0 0 0 0 0.473055 0 0 0 0 0 0 0 0 0 0 0 0 0 0 
0.422275 0 -2.3145 0.473055 0 0 0.473055 0 0 0 0.473055 0 0 0 0 0 0 0 0.473055 0 0 0 0 0 0 0 0 0 0 0 0 0 
0 0.422275 0.422275 -3.68288 0 0 0 0.94611 0 0 0 0.94611 0 0 0 0 0 0 0 0.94611 0 0 0 0 0 0 0 0 0 0 0 0 
0.422275 0 0 0 -2.3145 0.473055 0.473055 0 0 0 0 0 0.473055 0 0 0 0 0 0 0 0.473055 0 0 0 0 0 0 0 0 0 0 0 
0 0.422275 0 0 0.422275 -3.68288 0 0.94611 0 0 0 0 0 0.94611 0 0 0 0 0 0 0 0.94611 0 0 0 0 0 0 0 0 0 0 
0 0 0.422275 0 0.422275 0 -3.68288 0.94611 0 0 0 0 0 0 0.94611 0 0 0 0 0 0 0 0.94611 0 0 0 0 0 0 0 0 0 
0 0 0 0.422275 0 0.422275 0.422275 -4.10516 0 0 0 0 0 0 0 1.41917 0 0 0 0 0 0 0 1.41917 0 0 0 0 0 0 0 0 
0.422275 0 0 0 0 0 0 0 -2.3145 0.473055 0.473055 0 0.473055 0 0 0 0 0 0 0 0 0 0 0 0.473055 0 0 0 0 0 0 0 
0 0.422275 0 0 0 0 0 0 0.422275 -3.68288 0 0.94611 0 0.94611 0 0 0 0 0 0 0 0 0 0 0 0.94611 0 0 0 0 0 0 
0 0 0.422275 0 0 0 0 0 0.422275 0 -3.68288 0.94611 0 0 0.94611 0 0 0 0 0 0 0 0 0 0 0 0.94611 0 0 0 0 0 
0 0 0 0.422275 0 0 0 0 0 0.422275 0.422275 -4.10516 0 0 0 1.41917 0 0 0 0 0 0 0 0 0 0 0 1.41917 0 0 0 0 
0 0 0 0 0.422275 0 0 0 0.422275 0 0 0 -3.68288 0.94611 0.94611 0 0 0 0 0 0 0 0 0 0 0 0 0 0.94611 0 0 0 
0 0 0 0 0 0.422275 0 0 0 0.422275 0 0 0.422275 -4.10516 0 1.41917 0 0 0 0 0 0 0 0 0 0 0 0 0 1.41917 0 0 
0 0 0 0 0 0 0.422275 0 0 0 0.422275 0 0.422275 0 -4.10516 1.41917 0 0 0 0 0 0 0 0 0 0 0 0 0 0 1.41917 0 
0 0 0 0 0 0 0 0.422275 0 0 0 0.422275 0 0.422275 0.422275 -3.58132 0 0 0 0 0 0 0 0 0 0 0 0 0 0 0 1.89222 
0.422275 0 0 0 0 0 0 0 0 0 0 0 0 0 0 0 -2.3145 0.473055 0.473055 0 0.473055 0 0 0 0.473055 0 0 0 0 0 0 0 
0 0.422275 0 0 0 0 0 0 0 0 0 0 0 0 0 0 0.422275 -3.68288 0 0.94611 0 0.94611 0 0 0 0.94611 0 0 0 0 0 0 
0 0 0.422275 0 0 0 0 0 0 0 0 0 0 0 0 0 0.422275 0 -3.68288 0.94611 0 0 0.94611 0 0 0 0.94611 0 0 0 0 0 
0 0 0 0.422275 0 0 0 0 0 0 0 0 0 0 0 0 0 0.422275 0.422275 -4.10516 0 0 0 1.41917 0 0 0 1.41917 0 0 0 0 
0 0 0 0 0.422275 0 0 0 0 0 0 0 0 0 0 0 0.422275 0 0 0 -3.68288 0.94611 0.94611 0 0 0 0 0 0.94611 0 0 0 
0 0 0 0 0 0.422275 0 0 0 0 0 0 0 0 0 0 0 0.422275 0 0 0.422275 -4.10516 0 1.41917 0 0 0 0 0 1.41917 0 0 
0 0 0 0 0 0 0.422275 0 0 0 0 0 0 0 0 0 0 0 0.422275 0 0.422275 0 -4.10516 1.41917 0 0 0 0 0 0 1.41917 0 
0 0 0 0 0 0 0 0.422275 0 0 0 0 0 0 0 0 0 0 0 0.422275 0 0.422275 0.422275 -3.58132 0 0 0 0 0 0 0 1.89222 
0 0 0 0 0 0 0 0 0.422275 0 0 0 0 0 0 0 0.422275 0 0 0 0 0 0 0 -3.68288 0.94611 0.94611 0 0.94611 0 0 0 
0 0 0 0 0 0 0 0 0 0.422275 0 0 0 0 0 0 0 0.422275 0 0 0 0 0 0 0.422275 -4.10516 0 1.41917 0 1.41917 0 0 
0 0 0 0 0 0 0 0 0 0 0.422275 0 0 0 0 0 0 0 0.422275 0 0 0 0 0 0.422275 0 -4.10516 1.41917 0 0 1.41917 0 
0 0 0 0 0 0 0 0 0 0 0 0.422275 0 0 0 0 0 0 0 0.422275 0 0 0 0 0 0.422275 0.422275 -3.58132 0 0 0 1.89222 
0 0 0 0 0 0 0 0 0 0 0 0 0.422275 0 0 0 0 0 0 0 0.422275 0 0 0 0.422275 0 0 0 -4.10516 1.41917 1.41917 0 
0 0 0 0 0 0 0 0 0 0 0 0 0 0.422275 0 0 0 0 0 0 0 0.422275 0 0 0 0.422275 0 0 0.422275 -3.58132 0 1.89222 
0 0 0 0 0 0 0 0 0 0 0 0 0 0 0.422275 0 0 0 0 0 0 0 0.422275 0 0 0 0.422275 0 0.422275 0 -3.58132 1.89222 
0 0 0 0 0 0 0 0 0 0 0 0 0 0 0 0.422275 0 0 0 0 0 0 0 0.422275 0 0 0 0.422275 0 0.422275 0.422275 -2.11137 
