64
-0 0 0 0 0 0 0 0 0 0 0 0 0 0 0 0 0 0 0 0 0 0 0 0 0 0 0 0 0 0 0 0 0 0 0 0 0 0 0 0 0 0 0 0 0 0 0 0 0 0 0 0 0 0 0 0 0 0 0 0 0 0 0 0 
0.314258 -1.7697 0 0.291089 0 0.291089 0 0 0 0.291089 0 0 0 0 0 0 0 0.291089 0 0 0 0 0 0 0 0 0 0 0 0 0 0 0 0.291089 0 0 0 0 0 0 0 0 0 0 0 0 0 0 0 0 0 0 0 0 0 0 0 0 0 0 0 0 0 0 
0.314258 0 -1.7697 0.291089 0 0 0.291089 0 0 0 0.291089 0 0 0 0 0 0 0 0.291089 0 0 0 0 0 0 0 0 0 0 0 0 0 0 0 0.291089 0 0 0 0 0 0 0 0 0 0 0 0 0 0 0 0 0 0 0 0 0 0 0 0 0 0 0 0 0 
0 0.314258 0.314258 -2.95723 0 0 0 0.582177 0 0 0 0.582177 0 0 0 0 0 0 0 0.582177 0 0 0 0 0 0 0 0 0 0 0 0 0 0 0 0.582177 0 0 0 0 0 0 0 0 0 0 0 0 0 0 0 0 0 0 0 0 0 0 0 0 0 0 0 0 
0.314258 0 0 0 -1.7697 0.291089 0.291089 0 0 0 0 0 0.291089 0 0 0 0 0 0 0 0.291089 0 0 0 0 0 0 0 0 0 0 0 0 0 0 0 0.291089 0 0 0 0 0 0 0 0 0 0 0 0 0 0 0 0 0 0 0 0 0 0 0 0 0 0 0 
0 0.314258 0 0 0.314258 -2.95723 0 0.582177 0 0 0 0 0 0.582177 0 0 0 0 0 0 0 0.582177 0 0 0 0 0 0 0 0 0 0 0 0 0 0 0 0.582177 0 0 0 0 0 0 0 0 0 0 0 0 0 0 0 0 0 0 0 0 0 0 0 0 0 0 
0 0 0.314258 0 0.314258 0 -2.95723 0.582177 0 0 0 0 0 0 0.582177 0 0 0 0 0 0 0 0.582177 0 0 0 0 0 0 0 0 0 0 0 0 0 0 0 0.582177 0 0 0 0 0 0 0 0 0 0 0 0 0 0 0 0 0 0 0 0 0 0 0 0 0 
0 0 0 0.314258 0 0.314258 0.314258 -3.56257 0 0 0 0 0 0 0 0.873266 0 0 0 0 0 0 0 0.873266 0 0 0 0 0 0 0 0 0 0 0 0 0 0 0 0.873266 0 0 0 0 0 0 0 0 0 0 0 0 0 0 0 0 0 0 0 0 0 0 0 0 
0.314258 0 0 0 0 0 0 0 -1.7697 0.291089 0.291089 0 0.291089 0 0 0 0 0 0 0 0 0 0 0 0.291089 0 0 0 0 0 0 0 0 0 0 0 0 0 0 0 0.291089 0 0 0 0 0 0 0 0 0 0 0 0 0 0 0 0 0 0 0 0 0 0 0 
0 0.314258 0 0 0 0 0 0 0.314258 -2.95723 0 0.582177 0 0.582177 0 0 0 0 0 0 0 0 0 0 0 0.582177 0 0 0 0 0 0 0 0 0 0 0 0 0 0 0 0.582177 0 0 0 0 0 0 0 0 0 0 0 0 0 0 0 0 0 0 0 0 0 0 
0 0 0.314258 0 0 0 0 0 0.314258 0 -2.95723 0.582177 0 0 0.582177 0 0 0 0 0 0 0 0 0 0 0 0.582177 0 0 0 0 0 0 0 0 0 0 0 0 0 0 0 0.582177 0 0 0 0 0 0 0 0 0 0 0 0 0 0 0 0 0 0 0 0 0 
0 0 0 0.314258 0 0 0 0 0 0.314258 0.314258 -3.56257 0 0 0 0.873266 0 0 0 0 0 0 0 0 0 0 0 0.873266 0 0 0 0 0 0 0 0 0 0 0 0 0 0 0 0.873266 0 0 0 0 0 0 0 0 0 0 0 0 0 0 0 0 0 0 0 0 
0 0 0 0 0.314258 0 0 0 0.314258 0 0 0 -2.95723 0.582177 0.582177 0 0 0 0 0 0 0 0 0 0 0 0 0 0.582177 0 0 0 0 0 0 0 0 0 0 0 0 0 0 0 0.582177 0 0 0 0 0 0 0 0 0 0 0 0 0 0 0 0 0 0 0 
0 0 0 0 0 0.314258 0 0 0 0.314258 0 0 0.314258 -3.56257 0 0.873266 0 0 0 0 0 0 0 0 0 0 0 0 0 0.873266 0 0 0 0 0 0 0 0 0 0 0 0 0 0 0 0.873266 0 0 0 0 0 0 0 0 0 0 0 0 0 0 0 0 0 0 
0 0 0 0 0 0 0.314258 0 0 0 0.314258 0 0.314258 0 -3.56257 0.873266 0 0 0 0 0 0 0 0 0 0 0 0 0 0 0.873266 0 0 0 0 0 0 0 0 0 0 0 0 0 0 0 0.873266 0 0 0 0 0 0 0 0 0 0 0 0 0 0 0 0 0 
0 0 0 0 0 0 0 0.314258 0 0 0 0.314258 0 0.314258 0.314258 -3.58574 0 0 0 0 0 0 0 0 0 0 0 0 0 0 0 1.16435 0 0 0 0 0 0 0 0 0 0 0 0 0 0 0 1.16435 0 0 0 0 0 0 0 0 0 0 0 0 0 0 0 0 
0.314258 0 0 0 0 0 0 0 0 0 0 0 0 0 0 0 -1.7697 0.291089 0.291089 0 0.291089 0 0 0 0.291089 0 0 0 0 0 0 0 0 0 0 0 0 0 0 0 0 0 0 0 0 0 0 0 0.291089 0 0 0 0 0 0 0 0 0 0 0 0 0 0 0 
0 0.314258 0 0 0 0 0 0 0 0 0 0 0 0 0 0 0.314258 -2.95723 0 0.582177 0 0.582177 0 0 0 0.582177 0 0 0 0 0 0 0 0 0 0 0 0 0 0 0 0 0 0 0 0 0 0 0 0.582177 0 0 0 0 0 0 0 0 0 0 0 0 0 0 
0 0 0.314258 0 0 0 0 0 0 0 0 0 0 0 0 0 0.314258 0 -2.95723 0.582177 0 0 0.582177 0 0 0 0.582177 0 0 0 0 0 0 0 0 0 0 0 0 0 0 0 0 0 0 0 0 0 0 0 0.582177 0 0 0 0 0 0 0 0 0 0 0 0 0 
0 0 0 0.314258 0 0 0 0 0 0 0 0 0 0 0 0 0 0.314258 0.314258 -3.56257 0 0 0 0.873266 0 0 0 0.873266 0 0 0 0 0 0 0 0 0 0 0 0 0 0 0 0 0 0 0 0 0 0 0 0.873266 0 0 0 0 0 0 0 0 0 0 0 0 
0 0 0 0 0.314258 0 0 0 0 0 0 0 0 0 0 0 0.314258 0 0 0 -2.95723 0.582177 0.582177 0 0 0 0 0 0.582177 0 0 0 0 0 0 0 0 0 0 0 0 0 0 0 0 0 0 0 0 0 0 0 0.582177 0 0 0 0 0 0 0 0 0 0 0 
0 0 0 0 0 0.314258 0 0 0 0 0 0 0 0 0 0 0 0.314258 0 0 0.314258 -3.56257 0 0.873266 0 0 0 0 0 0.873266 0 0 0 0 0 0 0 0 0 0 0 0 0 0 0 0 0 0 0 0 0 0 0 0.873266 0 0 0 0 0 0 0 0 0 0 
0 0 0 0 0 0 0.314258 0 0 0 0 0 0 0 0 0 0 0 0.314258 0 0.314258 0 -3.56257 0.873266 0 0 0 0 0 0 0.873266 0 0 0 0 0 0 0 0 0 0 0 0 0 0 0 0 0 0 0 0 0 0 0 0.873266 0 0 0 0 0 0 0 0 0 
0 0 0 0 0 0 0 0.314258 0 0 0 0 0 0 0 0 0 0 0 0.314258 0 0.314258 0.314258 -3.58574 0 0 0 0 0 0 0 1.16435 0 0 0 0 0 0 0 0 0 0 0 0 0 0 0 0 0 0 0 0 0 0 0 1.16435 0 0 0 0 0 0 0 0 
0 0 0 0 0 0 0 0 0.314258 0 0 0 0 0 0 0 0.314258 0 0 0 0 0 0 0 -2.95723 0.582177 0.582177 0 0.582177 0 0 0 0 0 0 0 0 0 0 0 0 0 0 0 0 0 0 0 0 0 0 0 0 0 0 0 0.582177 0 0 0 0 0 0 0 
0 0 0 0 0 0 0 0 0 0.314258 0 0 0 0 0 0 0 0.314258 0 0 0 0 0 0 0.314258 -3.56257 0 0.873266 0 0.873266 0 0 0 0 0 0 0 0 0 0 0 0 0 0 0 0 0 0 0 0 0 0 0 0 0 0 0 0.873266 0 0 0 0 0 0 
0 0 0 0 0 0 0 0 0 0 0.314258 0 0 0 0 0 0 0 0.314258 0 0 0 0 0 0.314258 0 -3.56257 0.873266 0 0 0.873266 0 0 0 0 0 0 0 0 0 0 0 0 0 0 0 0 0 0 0 0 0 0 0 0 0 0 0 0.873266 0 0 0 0 0 
0 0 0 0 0 0 0 0 0 0 0 0.314258 0 0 0 0 0 0 0 0.314258 0 0 0 0 0 0.314258 0.314258 -3.58574 0 0 0 1.16435 0 0 0 0 0 0 0 0 0 0 0 0 0 0 0 0 0 0 0 0 0 0 0 0 0 0 0 1.16435 0 0 0 0 
0 0 0 0 0 0 0 0 0 0 0 0 0.314258 0 0 0 0 0 0 0 0.314258 0 0 0 0.314258 0 0 0 -3.56257 0.873266 0.873266 0 0 0 0 0 0 0 0 0 0 0 0 0 0 0 0 0 0 0 0 0 0 0 0 0 0 0 0 0 0.873266 0 0 0 
0 0 0 0 0 0 0 0 0 0 0 0 0 0.314258 0 0 0 0 0 0 0 0.314258 0 0 0 0.314258 0 0 0.314258 -3.58574 0 1.16435 0 0 0 0 0 0 0 0 0 0 0 0 0 0 0 0 0 0 0 0 0 0 0 0 0 0 0 0 0 1.16435 0 0 
0 0 0 0 0 0 0 0 0 0 0 0 0 0 0.314258 0 0 0 0 0 0 0 0.314258 0 0 0 0.314258 0 0.314258 0 -3.58574 1.16435 0 0 0 0 0 0 0 0 0 0 0 0 0 0 0 0 0 0 0 0 0 0 0 0 0 0 0 0 0 0 1.16435 0 
0 0 0 0 0 0 0 0 0 0 0 0 0 0 0 0.314258 0 0 0 0 0 0 0 0.314258 0 0 0 0.314258 0 0.314258 0.314258 -3.02673 0 0 0 0 0 0 0 0 0 0 0 0 0 0 0 0 0 0 0 0 0 0 0 0 0 0 0 0 0 0 0 1.45544 
0.314258 0 0 0 0 0 0 0 0 0 0 0 0 0 0 0 0 0 0 0 0 0 0 0 0 0 0 0 0 0 0 0 -1.7697 0.291089 0.291089 0 0.291089 0 0 0 0.291089 0 0 0 0 0 0 0 0.291089 0 0 0 0 0 0 0 0 0 0 0 0 0 0 0 
0 0.314258 0 0 0 0 0 0 0 0 0 0 0 0 0 0 0 0 0 0 0 0 0 0 0 0 0 0 0 0 0 0 0.314258 -2.95723 0 0.582177 0 0.582177 0 0 0 0.582177 0 0 0 0 0 0 0 0.582177 0 0 0 0 0 0 0 0 0 0 0 0 0 0 
0 0 0.314258 0 0 0 0 0 0 0 0 0 0 0 0 0 0 0 0 0 0 0 0 0 0 0 0 0 0 0 0 0 0.314258 0 -2.95723 0.582177 0 0 0.582177 0 0 0 0.582177 0 0 0 0 0 0 0 0.582177 0 0 0 0 0 0 0 0 0 0 0 0 0 
0 0 0 0.314258 0 0 0 0 0 0 0 0 0 0 0 0 0 0 0 0 0 0 0 0 0 0 0 0 0 0 0 0 0 0.314258 0.314258 -3.56257 0 0 0 0.873266 0 0 0 0.873266 0 0 0 0 0 0 0 0.873266 0 0 0 0 0 0 0 0 0 0 0 0 
0 0 0 0 0.314258 0 0 0 0 0 0 0 0 0 0 0 0 0 0 0 0 0 0 0 0 0 0 0 0 0 0 0 0.314258 0 0 0 -2.95723 0.582177 0.582177 0 0 0 0 0 0.582177 0 0 0 0 0 0 0 0.582177 0 0 0 0 0 0 0 0 0 0 0 
0 0 0 0 0 0.314258 0 0 0 0 0 0 0 0 0 0 0 0 0 0 0 0 0 0 0 0 0 0 0 0 0 0 0 0.314258 0 0 0.314258 -3.56257 0 0.873266 0 0 0 0 0 0.873266 0 0 0 0 0 0 0 0.873266 0 0 0 0 0 0 0 0 0 0 
0 0 0 0 0 0 0.314258 0 0 0 0 0 0 0 0 0 0 0 0 0 0 0 0 0 0 0 0 0 0 0 0 0 0 0 0.314258 0 0.314258 0 -3.56257 0.873266 0 0 0 0 0 0 0.873266 0 0 0 0 0 0 0 0.873266 0 0 0 0 0 0 0 0 0 
0 0 0 0 0 0 0 0.314258 0 0 0 0 0 0 0 0 0 0 0 0 0 0 0 0 0 0 0 0 0 0 0 0 0 0 0 0.314258 0 0.314258 0.314258 -3.58574 0 0 0 0 0 0 0 1.16435 0 0 0 0 0 0 0 1.16435 0 0 0 0 0 0 0 0 
0 0 0 0 0 0 0 0 0.314258 0 0 0 0 0 0 0 0 0 0 0 0 0 0 0 0 0 0 0 0 0 0 0 0.314258 0 0 0 0 0 0 0 -2.95723 0.582177 0.582177 0 0.582177 0 0 0 0 0 0 0 0 0 0 0 0.582177 0 0 0 0 0 0 0 
0 0 0 0 0 0 0 0 0 0.314258 0 0 0 0 0 0 0 0 0 0 0 0 0 0 0 0 0 0 0 0 0 0 0 0.314258 0 0 0 0 0 0 0.314258 -3.56257 0 0.873266 0 0.873266 0 0 0 0 0 0 0 0 0 0 0 0.873266 0 0 0 0 0 0 
0 0 0 0 0 0 0 0 0 0 0.314258 0 0 0 0 0 0 0 0 0 0 0 0 0 0 0 0 0 0 0 0 0 0 0 0.314258 0 0 0 0 0 0.314258 0 -3.56257 0.873266 0 0 0.873266 0 0 0 0 0 0 0 0 0 0 0 0.873266 0 0 0 0 0 
0 0 0 0 0 0 0 0 0 0 0 0.314258 0 0 0 0 0 0 0 0 0 0 0 0 0 0 0 0 0 0 0 0 0 0 0 0.314258 0 0 0 0 0 0.314258 0.314258 -3.58574 0 0 0 1.16435 0 0 0 0 0 0 0 0 0 0 0 1.16435 0 0 0 0 
0 0 0 0 0 0 0 0 0 0 0 0 0.314258 0 0 0 0 0 0 0 0 0 0 0 0 0 0 0 0 0 0 0 0 0 0 0 0.314258 0 0 0 0.314258 0 0 0 -3.56257 0.873266 0.873266 0 0 0 0 0 0 0 0 0 0 0 0 0 0.873266 0 0 0 
0 0 0 0 0 0 0 0 0 0 0 0 0 0.314258 0 0 0 0 0 0 0 0 0 0 0 0 0 0 0 0 0 0 0 0 0 0 0 0.314258 0 0 0 0.314258 0 0 0.314258 -3.58574 0 1.16435 0 0 0 0 0 0 0 0 0 0 0 0 0 1.16435 0 0 
0 0 0 0 0 0 0 0 0 0 0 0 0 0 0.314258 0 0 0 0 0 0 0 0 0 0 0 0 0 0 0 0 0 0 0 0 0 0 0 0.314258 0 0 0 0.314258 0 0.314258 0 -3.58574 1.16435 0 0 0 0 0 0 0 0 0 0 0 0 0 0 1.16435 0 
0 0 0 0 0 0 0 0 0 0 0 0 0 0 0 0.314258 0 0 0 0 0 0 0 0 0 0 0 0 0 0 0 0 0 0 0 0 0 0 0 0.314258 0 0 0 0.314258 0 0.314258 0.314258 -3.02673 0 0 0 0 0 0 0 0 0 0 0 0 0 0 0 1.45544 
0 0 0 0 0 0 0 0 0 0 0 0 0 0 0 0 0.314258 0 0 0 0 0 0 0 0 0 0 0 0 0 0 0 0.314258 0 0 0 0 0 0 0 0 0 0 0 0 0 0 0 -2.95723 0.582177 0.582177 0 0.582177 0 0 0 0.582177 0 0 0 0 0 0 0 
0 0 0 0 0 0 0 0 0 0 0 0 0 0 0 0 0 0.314258 0 0 0 0 0 0 0 0 0 0 0 0 0 0 0 0.314258 0 0 0 0 0 0 0 0 0 0 0 0 0 0 0.314258 -3.56257 0 0.873266 0 0.873266 0 0 0 0.873266 0 0 0 0 0 0 
0 0 0 0 0 0 0 0 0 0 0 0 0 0 0 0 0 0 0.314258 0 0 0 0 0 0 0 0 0 0 0 0 0 0 0 0.314258 0 0 0 0 0 0 0 0 0 0 0 0 0 0.314258 0 -3.56257 0.873266 0 0 0.873266 0 0 0 0.873266 0 0 0 0 0 
0 0 0 0 0 0 0 0 0 0 0 0 0 0 0 0 0 0 0 0.314258 0 0 0 0 0 0 0 0 0 0 0 0 0 0 0 0.314258 0 0 0 0 0 0 0 0 0 0 0 0 0 0.314258 0.314258 -3.58574 0 0 0 1.16435 0 0 0 1.16435 0 0 0 0 
0 0 0 0 0 0 0 0 0 0 0 0 0 0 0 0 0 0 0 0 0.314258 0 0 0 0 0 0 0 0 0 0 0 0 0 0 0 0.314258 0 0 0 0 0 0 0 0 0 0 0 0.314258 0 0 0 -3.56257 0.873266 0.873266 0 0 0 0 0 0.873266 0 0 0 
0 0 0 0 0 0 0 0 0 0 0 0 0 0 0 0 0 0 0 0 0 0.314258 0 0 0 0 0 0 0 0 0 0 0 0 0 0 0 0.314258 0 0 0 0 0 0 0 0 0 0 0 0.314258 0 0 0.314258 -3.58574 0 1.16435 0 0 0 0 0 1.16435 0 0 
0 0 0 0 0 0 0 0 0 0 0 0 0 0 0 0 0 0 0 0 0 0 0.314258 0 0 0 0 0 0 0 0 0 0 0 0 0 0 0 0.314258 0 0 0 0 0 0 0 0 0 0 0 0.314258 0 0.314258 0 -3.58574 1.16435 0 0 0 0 0 0 1.16435 0 
0 0 0 0 0 0 0 0 0 0 0 0 0 0 0 0 0 0 0 0 0 0 0 0.314258 0 0 0 0 0 0 0 0 0 0 0 0 0 0 0 0.314258 0 0 0 0 0 0 0 0 0 0 0 0.314258 0 0.314258 0.314258 -3.02673 0 0 0 0 0 0 0 1.45544 
0 0 0 0 0 0 0 0 0 0 0 0 0 0 0 0 0 0 0 0 0 0 0 0 0.314258 0 0 0 0 0 0 0 0 0 0 0 0 0 0 0 0.314258 0 0 0 0 0 0 0 0.314258 0 0 0 0 0 0 0 -3.56257 0.873266 0.873266 0 0.873266 0 0 0 
0 0 0 0 0 0 0 0 0 0 0 0 0 0 0 0 0 0 0 0 0 0 0 0 0 0.314258 0 0 0 0 0 0 0 0 0 0 0 0 0 0 0 0.314258 0 0 0 0 0 0 0 0.314258 0 0 0 0 0 0 0.314258 -3.58574 0 1.16435 0 1.16435 0 0 
0 0 0 0 0 0 0 0 0 0 0 0 0 0 0 0 0 0 0 0 0 0 0 0 0 0 0.314258 0 0 0 0 0 0 0 0 0 0 0 0 0 0 0 0.314258 0 0 0 0 0 0 0 0.314258 0 0 0 0 0 0.314258 0 -3.58574 1.16435 0 0 1.16435 0 
0 0 0 0 0 0 0 0 0 0 0 0 0 0 0 0 0 0 0 0 0 0 0 0 0 0 0 0.314258 0 0 0 0 0 0 0 0 0 0 0 0 0 0 0 0.314258 0 0 0 0 0 0 0 0.314258 0 0 0 0 0 0.314258 0.314258 -3.02673 0 0 0 1.45544 
0 0 0 0 0 0 0 0 0 0 0 0 0 0 0 0 0 0 0 0 0 0 0 0 0 0 0 0 0.314258 0 0 0 0 0 0 0 0 0 0 0 0 0 0 0 0.314258 0 0 0 0 0 0 0 0.314258 0 0 0 0.314258 0 0 0 -3.58574 1.16435 1.16435 0 
0 0 0 0 0 0 0 0 0 0 0 0 0 0 0 0 0 0 0 0 0 0 0 0 0 0 0 0 0 0.314258 0 0 0 0 0 0 0 0 0 0 0 0 0 0 0 0.314258 0 0 0 0 0 0 0 0.314258 0 0 0 0.314258 0 0 0.314258 -3.02673 0 1.45544 
0 0 0 0 0 0 0 0 0 0 0 0 0 0 0 0 0 0 0 0 0 0 0 0 0 0 0 0 0 0 0.314258 0 0 0 0 0 0 0 0 0 0 0 0 0 0 0 0.314258 0 0 0 0 0 0 0 0.314258 0 0 0 0.314258 0 0.314258 0 -3.02673 1.45544 
0 0 0 0 0 0 0 0 0 0 0 0 0 0 0 0 0 0 0 0 0 0 0 0 0 0 0 0 0 0 0 0.314258 0 0 0 0 0 0 0 0 0 0 0 0 0 0 0 0.314258 0 0 0 0 0 0 0 0.314258 0 0 0 0.314258 0 0.314258 0.314258 -1.88555 
