32
-0 0 0 0 0 0 0 0 0 0 0 0 0 0 0 0 0 0 0 0 0 0 0 0 0 0 0 0 0 0 0 0 
0.166031 -1.06248 0 0.224113 0 0.224113 0 0 0 0.224113 0 0 0 0 0 0 0 0.224113 0 0 0 0 0 0 0 0 0 0 0 0 0 0 
0.166031 0 -1.06248 0.224113 0 0 0.224113 0 0 0 0.224113 0 0 0 0 0 0 0 0.224113 0 0 0 0 0 0 0 0 0 0 0 0 0 
0 0.166031 0.166031 -1.67674 0 0 0 0.448226 0 0 0 0.448226 0 0 0 0 0 0 0 0.448226 0 0 0 0 0 0 0 0 0 0 0 0 
0.166031 0 0 0 -1.06248 0.224113 0.224113 0 0 0 0 0 0.224113 0 0 0 0 0 0 0 0.224113 0 0 0 0 0 0 0 0 0 0 0 
0 0.166031 0 0 0.166031 -1.67674 0 0.448226 0 0 0 0 0 0.448226 0 0 0 0 0 0 0 0.448226 0 0 0 0 0 0 0 0 0 0 
0 0 0.166031 0 0.166031 0 -1.67674 0.448226 0 0 0 0 0 0 0.448226 0 0 0 0 0 0 0 0.448226 0 0 0 0 0 0 0 0 0 
0 0 0 0.166031 0 0.166031 0.166031 -1.84277 0 0 0 0 0 0 0 0.672339 0 0 0 0 0 0 0 0.672339 0 0 0 0 0 0 0 0 
0.166031 0 0 0 0 0 0 0 -1.06248 0.224113 0.224113 0 0.224113 0 0 0 0 0 0 0 0 0 0 0 0.224113 0 0 0 0 0 0 0 
0 0.166031 0 0 0 0 0 0 0.166031 -1.67674 0 0.448226 0 0.448226 0 0 0 0 0 0 0 0 0 0 0 0.448226 0 0 0 0 0 0 
0 0 0.166031 0 0 0 0 0 0.166031 0 -1.67674 0.448226 0 0 0.448226 0 0 0 0 0 0 0 0 0 0 0 0.448226 0 0 0 0 0 
0 0 0 0.166031 0 0 0 0 0 0.166031 0.166031 -1.84277 0 0 0 0.672339 0 0 0 0 0 0 0 0 0 0 0 0.672339 0 0 0 0 
0 0 0 0 0.166031 0 0 0 0.166031 0 0 0 -1.67674 0.448226 0.448226 0 0 0 0 0 0 0 0 0 0 0 0 0 0.448226 0 0 0 
0 0 0 0 0 0.166031 0 0 0 0.166031 0 0 0.166031 -1.84277 0 0.672339 0 0 0 0 0 0 0 0 0 0 0 0 0 0.672339 0 0 
0 0 0 0 0 0 0.166031 0 0 0 0.166031 0 0.166031 0 -1.84277 0.672339 0 0 0 0 0 0 0 0 0 0 0 0 0 0 0.672339 0 
0 0 0 0 0 0 0 0.166031 0 0 0 0.166031 0 0.166031 0.166031 -1.56058 0 0 0 0 0 0 0 0 0 0 0 0 0 0 0 0.896453 
0.166031 0 0 0 0 0 0 0 0 0 0 0 0 0 0 0 -1.06248 0.224113 0.224113 0 0.224113 0 0 0 0.224113 0 0 0 0 0 0 0 
0 0.166031 0 0 0 0 0 0 0 0 0 0 0 0 0 0 0.166031 -1.67674 0 0.448226 0 0.448226 0 0 0 0.448226 0 0 0 0 0 0 
0 0 0.166031 0 0 0 0 0 0 0 0 0 0 0 0 0 0.166031 0 -1.67674 0.448226 0 0 0.448226 0 0 0 0.448226 0 0 0 0 0 
0 0 0 0.166031 0 0 0 0 0 0 0 0 0 0 0 0 0 0.166031 0.166031 -1.84277 0 0 0 0.672339 0 0 0 0.672339 0 0 0 0 
0 0 0 0 0.166031 0 0 0 0 0 0 0 0 0 0 0 0.166031 0 0 0 -1.67674 0.448226 0.448226 0 0 0 0 0 0.448226 0 0 0 
0 0 0 0 0 0.166031 0 0 0 0 0 0 0 0 0 0 0 0.166031 0 0 0.166031 -1.84277 0 0.672339 0 0 0 0 0 0.672339 0 0 
0 0 0 0 0 0 0.166031 0 0 0 0 0 0 0 0 0 0 0 0.166031 0 0.166031 0 -1.84277 0.672339 0 0 0 0 0 0 0.672339 0 
0 0 0 0 0 0 0 0.166031 0 0 0 0 0 0 0 0 0 0 0 0.166031 0 0.166031 0.166031 -1.56058 0 0 0 0 0 0 0 0.896453 
0 0 0 0 0 0 0 0 0.166031 0 0 0 0 0 0 0 0.166031 0 0 0 0 0 0 0 -1.67674 0.448226 0.448226 0 0.448226 0 0 0 
0 0 0 0 0 0 0 0 0 0.166031 0 0 0 0 0 0 0 0.166031 0 0 0 0 0 0 0.166031 -1.84277 0 0.672339 0 0.672339 0 0 
0 0 0 0 0 0 0 0 0 0 0.166031 0 0 0 0 0 0 0 0.166031 0 0 0 0 0 0.166031 0 -1.84277 0.672339 0 0 0.672339 0 
0 0 0 0 0 0 0 0 0 0 0 0.166031 0 0 0 0 0 0 0 0.166031 0 0 0 0 0 0.166031 0.166031 -1.56058 0 0 0 0.896453 
0 0 0 0 0 0 0 0 0 0 0 0 0.166031 0 0 0 0 0 0 0 0.166031 0 0 0 0.166031 0 0 0 -1.84277 0.672339 0.672339 0 
0 0 0 0 0 0 0 0 0 0 0 0 0 0.166031 0 0 0 0 0 0 0 0.166031 0 0 0 0.166031 0 0 0.166031 -1.56058 0 0.896453 
0 0 0 0 0 0 0 0 0 0 0 0 0 0 0.166031 0 0 0 0 0 0 0 0.166031 0 0 0 0.166031 0 0.166031 0 -1.56058 0.896453 
0 0 0 0 0 0 0 0 0 0 0 0 0 0 0 0.166031 0 0 0 0 0 0 0 0.166031 0 0 0 0.166031 0 0.166031 0.166031 -0.830156 
