32
-0 0 0 0 0 0 0 0 0 0 0 0 0 0 0 0 0 0 0 0 0 0 0 0 0 0 0 0 0 0 0 0 
0.296359 -1.60247 0 0.326528 0 0.326528 0 0 0 0.326528 0 0 0 0 0 0 0 0.326528 0 0 0 0 0 0 0 0 0 0 0 0 0 0 
0.296359 0 -1.60247 0.326528 0 0 0.326528 0 0 0 0.326528 0 0 0 0 0 0 0 0.326528 0 0 0 0 0 0 0 0 0 0 0 0 0 
0 0.296359 0.296359 -2.55188 0 0 0 0.653055 0 0 0 0.653055 0 0 0 0 0 0 0 0.653055 0 0 0 0 0 0 0 0 0 0 0 0 
0.296359 0 0 0 -1.60247 0.326528 0.326528 0 0 0 0 0 0.326528 0 0 0 0 0 0 0 0.326528 0 0 0 0 0 0 0 0 0 0 0 
0 0.296359 0 0 0.296359 -2.55188 0 0.653055 0 0 0 0 0 0.653055 0 0 0 0 0 0 0 0.653055 0 0 0 0 0 0 0 0 0 0 
0 0 0.296359 0 0.296359 0 -2.55188 0.653055 0 0 0 0 0 0 0.653055 0 0 0 0 0 0 0 0.653055 0 0 0 0 0 0 0 0 0 
0 0 0 0.296359 0 0.296359 0.296359 -2.84824 0 0 0 0 0 0 0 0.979583 0 0 0 0 0 0 0 0.979583 0 0 0 0 0 0 0 0 
0.296359 0 0 0 0 0 0 0 -1.60247 0.326528 0.326528 0 0.326528 0 0 0 0 0 0 0 0 0 0 0 0.326528 0 0 0 0 0 0 0 
0 0.296359 0 0 0 0 0 0 0.296359 -2.55188 0 0.653055 0 0.653055 0 0 0 0 0 0 0 0 0 0 0 0.653055 0 0 0 0 0 0 
0 0 0.296359 0 0 0 0 0 0.296359 0 -2.55188 0.653055 0 0 0.653055 0 0 0 0 0 0 0 0 0 0 0 0.653055 0 0 0 0 0 
0 0 0 0.296359 0 0 0 0 0 0.296359 0.296359 -2.84824 0 0 0 0.979583 0 0 0 0 0 0 0 0 0 0 0 0.979583 0 0 0 0 
0 0 0 0 0.296359 0 0 0 0.296359 0 0 0 -2.55188 0.653055 0.653055 0 0 0 0 0 0 0 0 0 0 0 0 0 0.653055 0 0 0 
0 0 0 0 0 0.296359 0 0 0 0.296359 0 0 0.296359 -2.84824 0 0.979583 0 0 0 0 0 0 0 0 0 0 0 0 0 0.979583 0 0 
0 0 0 0 0 0 0.296359 0 0 0 0.296359 0 0.296359 0 -2.84824 0.979583 0 0 0 0 0 0 0 0 0 0 0 0 0 0 0.979583 0 
0 0 0 0 0 0 0 0.296359 0 0 0 0.296359 0 0.296359 0.296359 -2.49155 0 0 0 0 0 0 0 0 0 0 0 0 0 0 0 1.30611 
0.296359 0 0 0 0 0 0 0 0 0 0 0 0 0 0 0 -1.60247 0.326528 0.326528 0 0.326528 0 0 0 0.326528 0 0 0 0 0 0 0 
0 0.296359 0 0 0 0 0 0 0 0 0 0 0 0 0 0 0.296359 -2.55188 0 0.653055 0 0.653055 0 0 0 0.653055 0 0 0 0 0 0 
0 0 0.296359 0 0 0 0 0 0 0 0 0 0 0 0 0 0.296359 0 -2.55188 0.653055 0 0 0.653055 0 0 0 0.653055 0 0 0 0 0 
0 0 0 0.296359 0 0 0 0 0 0 0 0 0 0 0 0 0 0.296359 0.296359 -2.84824 0 0 0 0.979583 0 0 0 0.979583 0 0 0 0 
0 0 0 0 0.296359 0 0 0 0 0 0 0 0 0 0 0 0.296359 0 0 0 -2.55188 0.653055 0.653055 0 0 0 0 0 0.653055 0 0 0 
0 0 0 0 0 0.296359 0 0 0 0 0 0 0 0 0 0 0 0.296359 0 0 0.296359 -2.84824 0 0.979583 0 0 0 0 0 0.979583 0 0 
0 0 0 0 0 0 0.296359 0 0 0 0 0 0 0 0 0 0 0 0.296359 0 0.296359 0 -2.84824 0.979583 0 0 0 0 0 0 0.979583 0 
0 0 0 0 0 0 0 0.296359 0 0 0 0 0 0 0 0 0 0 0 0.296359 0 0.296359 0.296359 -2.49155 0 0 0 0 0 0 0 1.30611 
0 0 0 0 0 0 0 0 0.296359 0 0 0 0 0 0 0 0.296359 0 0 0 0 0 0 0 -2.55188 0.653055 0.653055 0 0.653055 0 0 0 
0 0 0 0 0 0 0 0 0 0.296359 0 0 0 0 0 0 0 0.296359 0 0 0 0 0 0 0.296359 -2.84824 0 0.979583 0 0.979583 0 0 
0 0 0 0 0 0 0 0 0 0 0.296359 0 0 0 0 0 0 0 0.296359 0 0 0 0 0 0.296359 0 -2.84824 0.979583 0 0 0.979583 0 
0 0 0 0 0 0 0 0 0 0 0 0.296359 0 0 0 0 0 0 0 0.296359 0 0 0 0 0 0.296359 0.296359 -2.49155 0 0 0 1.30611 
0 0 0 0 0 0 0 0 0 0 0 0 0.296359 0 0 0 0 0 0 0 0.296359 0 0 0 0.296359 0 0 0 -2.84824 0.979583 0.979583 0 
0 0 0 0 0 0 0 0 0 0 0 0 0 0.296359 0 0 0 0 0 0 0 0.296359 0 0 0 0.296359 0 0 0.296359 -2.49155 0 1.30611 
0 0 0 0 0 0 0 0 0 0 0 0 0 0 0.296359 0 0 0 0 0 0 0 0.296359 0 0 0 0.296359 0 0.296359 0 -2.49155 1.30611 
0 0 0 0 0 0 0 0 0 0 0 0 0 0 0 0.296359 0 0 0 0 0 0 0 0.296359 0 0 0 0.296359 0 0.296359 0.296359 -1.48179 
