32
-0 0 0 0 0 0 0 0 0 0 0 0 0 0 0 0 0 0 0 0 0 0 0 0 0 0 0 0 0 0 0 0 
0.205289 -1.23786 0 0.258142 0 0.258142 0 0 0 0.258142 0 0 0 0 0 0 0 0.258142 0 0 0 0 0 0 0 0 0 0 0 0 0 0 
0.205289 0 -1.23786 0.258142 0 0 0.258142 0 0 0 0.258142 0 0 0 0 0 0 0 0.258142 0 0 0 0 0 0 0 0 0 0 0 0 0 
0 0.205289 0.205289 -1.95943 0 0 0 0.516284 0 0 0 0.516284 0 0 0 0 0 0 0 0.516284 0 0 0 0 0 0 0 0 0 0 0 0 
0.205289 0 0 0 -1.23786 0.258142 0.258142 0 0 0 0 0 0.258142 0 0 0 0 0 0 0 0.258142 0 0 0 0 0 0 0 0 0 0 0 
0 0.205289 0 0 0.205289 -1.95943 0 0.516284 0 0 0 0 0 0.516284 0 0 0 0 0 0 0 0.516284 0 0 0 0 0 0 0 0 0 0 
0 0 0.205289 0 0.205289 0 -1.95943 0.516284 0 0 0 0 0 0 0.516284 0 0 0 0 0 0 0 0.516284 0 0 0 0 0 0 0 0 0 
0 0 0 0.205289 0 0.205289 0.205289 -2.16472 0 0 0 0 0 0 0 0.774426 0 0 0 0 0 0 0 0.774426 0 0 0 0 0 0 0 0 
0.205289 0 0 0 0 0 0 0 -1.23786 0.258142 0.258142 0 0.258142 0 0 0 0 0 0 0 0 0 0 0 0.258142 0 0 0 0 0 0 0 
0 0.205289 0 0 0 0 0 0 0.205289 -1.95943 0 0.516284 0 0.516284 0 0 0 0 0 0 0 0 0 0 0 0.516284 0 0 0 0 0 0 
0 0 0.205289 0 0 0 0 0 0.205289 0 -1.95943 0.516284 0 0 0.516284 0 0 0 0 0 0 0 0 0 0 0 0.516284 0 0 0 0 0 
0 0 0 0.205289 0 0 0 0 0 0.205289 0.205289 -2.16472 0 0 0 0.774426 0 0 0 0 0 0 0 0 0 0 0 0.774426 0 0 0 0 
0 0 0 0 0.205289 0 0 0 0.205289 0 0 0 -1.95943 0.516284 0.516284 0 0 0 0 0 0 0 0 0 0 0 0 0 0.516284 0 0 0 
0 0 0 0 0 0.205289 0 0 0 0.205289 0 0 0.205289 -2.16472 0 0.774426 0 0 0 0 0 0 0 0 0 0 0 0 0 0.774426 0 0 
0 0 0 0 0 0 0.205289 0 0 0 0.205289 0 0.205289 0 -2.16472 0.774426 0 0 0 0 0 0 0 0 0 0 0 0 0 0 0.774426 0 
0 0 0 0 0 0 0 0.205289 0 0 0 0.205289 0 0.205289 0.205289 -1.85372 0 0 0 0 0 0 0 0 0 0 0 0 0 0 0 1.03257 
0.205289 0 0 0 0 0 0 0 0 0 0 0 0 0 0 0 -1.23786 0.258142 0.258142 0 0.258142 0 0 0 0.258142 0 0 0 0 0 0 0 
0 0.205289 0 0 0 0 0 0 0 0 0 0 0 0 0 0 0.205289 -1.95943 0 0.516284 0 0.516284 0 0 0 0.516284 0 0 0 0 0 0 
0 0 0.205289 0 0 0 0 0 0 0 0 0 0 0 0 0 0.205289 0 -1.95943 0.516284 0 0 0.516284 0 0 0 0.516284 0 0 0 0 0 
0 0 0 0.205289 0 0 0 0 0 0 0 0 0 0 0 0 0 0.205289 0.205289 -2.16472 0 0 0 0.774426 0 0 0 0.774426 0 0 0 0 
0 0 0 0 0.205289 0 0 0 0 0 0 0 0 0 0 0 0.205289 0 0 0 -1.95943 0.516284 0.516284 0 0 0 0 0 0.516284 0 0 0 
0 0 0 0 0 0.205289 0 0 0 0 0 0 0 0 0 0 0 0.205289 0 0 0.205289 -2.16472 0 0.774426 0 0 0 0 0 0.774426 0 0 
0 0 0 0 0 0 0.205289 0 0 0 0 0 0 0 0 0 0 0 0.205289 0 0.205289 0 -2.16472 0.774426 0 0 0 0 0 0 0.774426 0 
0 0 0 0 0 0 0 0.205289 0 0 0 0 0 0 0 0 0 0 0 0.205289 0 0.205289 0.205289 -1.85372 0 0 0 0 0 0 0 1.03257 
0 0 0 0 0 0 0 0 0.205289 0 0 0 0 0 0 0 0.205289 0 0 0 0 0 0 0 -1.95943 0.516284 0.516284 0 0.516284 0 0 0 
0 0 0 0 0 0 0 0 0 0.205289 0 0 0 0 0 0 0 0.205289 0 0 0 0 0 0 0.205289 -2.16472 0 0.774426 0 0.774426 0 0 
0 0 0 0 0 0 0 0 0 0 0.205289 0 0 0 0 0 0 0 0.205289 0 0 0 0 0 0.205289 0 -2.16472 0.774426 0 0 0.774426 0 
0 0 0 0 0 0 0 0 0 0 0 0.205289 0 0 0 0 0 0 0 0.205289 0 0 0 0 0 0.205289 0.205289 -1.85372 0 0 0 1.03257 
0 0 0 0 0 0 0 0 0 0 0 0 0.205289 0 0 0 0 0 0 0 0.205289 0 0 0 0.205289 0 0 0 -2.16472 0.774426 0.774426 0 
0 0 0 0 0 0 0 0 0 0 0 0 0 0.205289 0 0 0 0 0 0 0 0.205289 0 0 0 0.205289 0 0 0.205289 -1.85372 0 1.03257 
0 0 0 0 0 0 0 0 0 0 0 0 0 0 0.205289 0 0 0 0 0 0 0 0.205289 0 0 0 0.205289 0 0.205289 0 -1.85372 1.03257 
0 0 0 0 0 0 0 0 0 0 0 0 0 0 0 0.205289 0 0 0 0 0 0 0 0.205289 0 0 0 0.205289 0 0.205289 0.205289 -1.02645 
