32
-0 0 0 0 0 0 0 0 0 0 0 0 0 0 0 0 0 0 0 0 0 0 0 0 0 0 0 0 0 0 0 0 
0.232935 -1.43768 0 0.301185 0 0.301185 0 0 0 0.301185 0 0 0 0 0 0 0 0.301185 0 0 0 0 0 0 0 0 0 0 0 0 0 0 
0.232935 0 -1.43768 0.301185 0 0 0.301185 0 0 0 0.301185 0 0 0 0 0 0 0 0.301185 0 0 0 0 0 0 0 0 0 0 0 0 0 
0 0.232935 0.232935 -2.27298 0 0 0 0.602371 0 0 0 0.602371 0 0 0 0 0 0 0 0.602371 0 0 0 0 0 0 0 0 0 0 0 0 
0.232935 0 0 0 -1.43768 0.301185 0.301185 0 0 0 0 0 0.301185 0 0 0 0 0 0 0 0.301185 0 0 0 0 0 0 0 0 0 0 0 
0 0.232935 0 0 0.232935 -2.27298 0 0.602371 0 0 0 0 0 0.602371 0 0 0 0 0 0 0 0.602371 0 0 0 0 0 0 0 0 0 0 
0 0 0.232935 0 0.232935 0 -2.27298 0.602371 0 0 0 0 0 0 0.602371 0 0 0 0 0 0 0 0.602371 0 0 0 0 0 0 0 0 0 
0 0 0 0.232935 0 0.232935 0.232935 -2.50592 0 0 0 0 0 0 0 0.903556 0 0 0 0 0 0 0 0.903556 0 0 0 0 0 0 0 0 
0.232935 0 0 0 0 0 0 0 -1.43768 0.301185 0.301185 0 0.301185 0 0 0 0 0 0 0 0 0 0 0 0.301185 0 0 0 0 0 0 0 
0 0.232935 0 0 0 0 0 0 0.232935 -2.27298 0 0.602371 0 0.602371 0 0 0 0 0 0 0 0 0 0 0 0.602371 0 0 0 0 0 0 
0 0 0.232935 0 0 0 0 0 0.232935 0 -2.27298 0.602371 0 0 0.602371 0 0 0 0 0 0 0 0 0 0 0 0.602371 0 0 0 0 0 
0 0 0 0.232935 0 0 0 0 0 0.232935 0.232935 -2.50592 0 0 0 0.903556 0 0 0 0 0 0 0 0 0 0 0 0.903556 0 0 0 0 
0 0 0 0 0.232935 0 0 0 0.232935 0 0 0 -2.27298 0.602371 0.602371 0 0 0 0 0 0 0 0 0 0 0 0 0 0.602371 0 0 0 
0 0 0 0 0 0.232935 0 0 0 0.232935 0 0 0.232935 -2.50592 0 0.903556 0 0 0 0 0 0 0 0 0 0 0 0 0 0.903556 0 0 
0 0 0 0 0 0 0.232935 0 0 0 0.232935 0 0.232935 0 -2.50592 0.903556 0 0 0 0 0 0 0 0 0 0 0 0 0 0 0.903556 0 
0 0 0 0 0 0 0 0.232935 0 0 0 0.232935 0 0.232935 0.232935 -2.13648 0 0 0 0 0 0 0 0 0 0 0 0 0 0 0 1.20474 
0.232935 0 0 0 0 0 0 0 0 0 0 0 0 0 0 0 -1.43768 0.301185 0.301185 0 0.301185 0 0 0 0.301185 0 0 0 0 0 0 0 
0 0.232935 0 0 0 0 0 0 0 0 0 0 0 0 0 0 0.232935 -2.27298 0 0.602371 0 0.602371 0 0 0 0.602371 0 0 0 0 0 0 
0 0 0.232935 0 0 0 0 0 0 0 0 0 0 0 0 0 0.232935 0 -2.27298 0.602371 0 0 0.602371 0 0 0 0.602371 0 0 0 0 0 
0 0 0 0.232935 0 0 0 0 0 0 0 0 0 0 0 0 0 0.232935 0.232935 -2.50592 0 0 0 0.903556 0 0 0 0.903556 0 0 0 0 
0 0 0 0 0.232935 0 0 0 0 0 0 0 0 0 0 0 0.232935 0 0 0 -2.27298 0.602371 0.602371 0 0 0 0 0 0.602371 0 0 0 
0 0 0 0 0 0.232935 0 0 0 0 0 0 0 0 0 0 0 0.232935 0 0 0.232935 -2.50592 0 0.903556 0 0 0 0 0 0.903556 0 0 
0 0 0 0 0 0 0.232935 0 0 0 0 0 0 0 0 0 0 0 0.232935 0 0.232935 0 -2.50592 0.903556 0 0 0 0 0 0 0.903556 0 
0 0 0 0 0 0 0 0.232935 0 0 0 0 0 0 0 0 0 0 0 0.232935 0 0.232935 0.232935 -2.13648 0 0 0 0 0 0 0 1.20474 
0 0 0 0 0 0 0 0 0.232935 0 0 0 0 0 0 0 0.232935 0 0 0 0 0 0 0 -2.27298 0.602371 0.602371 0 0.602371 0 0 0 
0 0 0 0 0 0 0 0 0 0.232935 0 0 0 0 0 0 0 0.232935 0 0 0 0 0 0 0.232935 -2.50592 0 0.903556 0 0.903556 0 0 
0 0 0 0 0 0 0 0 0 0 0.232935 0 0 0 0 0 0 0 0.232935 0 0 0 0 0 0.232935 0 -2.50592 0.903556 0 0 0.903556 0 
0 0 0 0 0 0 0 0 0 0 0 0.232935 0 0 0 0 0 0 0 0.232935 0 0 0 0 0 0.232935 0.232935 -2.13648 0 0 0 1.20474 
0 0 0 0 0 0 0 0 0 0 0 0 0.232935 0 0 0 0 0 0 0 0.232935 0 0 0 0.232935 0 0 0 -2.50592 0.903556 0.903556 0 
0 0 0 0 0 0 0 0 0 0 0 0 0 0.232935 0 0 0 0 0 0 0 0.232935 0 0 0 0.232935 0 0 0.232935 -2.13648 0 1.20474 
0 0 0 0 0 0 0 0 0 0 0 0 0 0 0.232935 0 0 0 0 0 0 0 0.232935 0 0 0 0.232935 0 0.232935 0 -2.13648 1.20474 
0 0 0 0 0 0 0 0 0 0 0 0 0 0 0 0.232935 0 0 0 0 0 0 0 0.232935 0 0 0 0.232935 0 0.232935 0.232935 -1.16468 
