32
-0 0 0 0 0 0 0 0 0 0 0 0 0 0 0 0 0 0 0 0 0 0 0 0 0 0 0 0 0 0 0 0 
0.277145 -1.42744 0 0.287573 0 0.287573 0 0 0 0.287573 0 0 0 0 0 0 0 0.287573 0 0 0 0 0 0 0 0 0 0 0 0 0 0 
0.277145 0 -1.42744 0.287573 0 0 0.287573 0 0 0 0.287573 0 0 0 0 0 0 0 0.287573 0 0 0 0 0 0 0 0 0 0 0 0 0 
0 0.277145 0.277145 -2.27973 0 0 0 0.575147 0 0 0 0.575147 0 0 0 0 0 0 0 0.575147 0 0 0 0 0 0 0 0 0 0 0 0 
0.277145 0 0 0 -1.42744 0.287573 0.287573 0 0 0 0 0 0.287573 0 0 0 0 0 0 0 0.287573 0 0 0 0 0 0 0 0 0 0 0 
0 0.277145 0 0 0.277145 -2.27973 0 0.575147 0 0 0 0 0 0.575147 0 0 0 0 0 0 0 0.575147 0 0 0 0 0 0 0 0 0 0 
0 0 0.277145 0 0.277145 0 -2.27973 0.575147 0 0 0 0 0 0 0.575147 0 0 0 0 0 0 0 0.575147 0 0 0 0 0 0 0 0 0 
0 0 0 0.277145 0 0.277145 0.277145 -2.55687 0 0 0 0 0 0 0 0.86272 0 0 0 0 0 0 0 0.86272 0 0 0 0 0 0 0 0 
0.277145 0 0 0 0 0 0 0 -1.42744 0.287573 0.287573 0 0.287573 0 0 0 0 0 0 0 0 0 0 0 0.287573 0 0 0 0 0 0 0 
0 0.277145 0 0 0 0 0 0 0.277145 -2.27973 0 0.575147 0 0.575147 0 0 0 0 0 0 0 0 0 0 0 0.575147 0 0 0 0 0 0 
0 0 0.277145 0 0 0 0 0 0.277145 0 -2.27973 0.575147 0 0 0.575147 0 0 0 0 0 0 0 0 0 0 0 0.575147 0 0 0 0 0 
0 0 0 0.277145 0 0 0 0 0 0.277145 0.277145 -2.55687 0 0 0 0.86272 0 0 0 0 0 0 0 0 0 0 0 0.86272 0 0 0 0 
0 0 0 0 0.277145 0 0 0 0.277145 0 0 0 -2.27973 0.575147 0.575147 0 0 0 0 0 0 0 0 0 0 0 0 0 0.575147 0 0 0 
0 0 0 0 0 0.277145 0 0 0 0.277145 0 0 0.277145 -2.55687 0 0.86272 0 0 0 0 0 0 0 0 0 0 0 0 0 0.86272 0 0 
0 0 0 0 0 0 0.277145 0 0 0 0.277145 0 0.277145 0 -2.55687 0.86272 0 0 0 0 0 0 0 0 0 0 0 0 0 0 0.86272 0 
0 0 0 0 0 0 0 0.277145 0 0 0 0.277145 0 0.277145 0.277145 -2.25887 0 0 0 0 0 0 0 0 0 0 0 0 0 0 0 1.15029 
0.277145 0 0 0 0 0 0 0 0 0 0 0 0 0 0 0 -1.42744 0.287573 0.287573 0 0.287573 0 0 0 0.287573 0 0 0 0 0 0 0 
0 0.277145 0 0 0 0 0 0 0 0 0 0 0 0 0 0 0.277145 -2.27973 0 0.575147 0 0.575147 0 0 0 0.575147 0 0 0 0 0 0 
0 0 0.277145 0 0 0 0 0 0 0 0 0 0 0 0 0 0.277145 0 -2.27973 0.575147 0 0 0.575147 0 0 0 0.575147 0 0 0 0 0 
0 0 0 0.277145 0 0 0 0 0 0 0 0 0 0 0 0 0 0.277145 0.277145 -2.55687 0 0 0 0.86272 0 0 0 0.86272 0 0 0 0 
0 0 0 0 0.277145 0 0 0 0 0 0 0 0 0 0 0 0.277145 0 0 0 -2.27973 0.575147 0.575147 0 0 0 0 0 0.575147 0 0 0 
0 0 0 0 0 0.277145 0 0 0 0 0 0 0 0 0 0 0 0.277145 0 0 0.277145 -2.55687 0 0.86272 0 0 0 0 0 0.86272 0 0 
0 0 0 0 0 0 0.277145 0 0 0 0 0 0 0 0 0 0 0 0.277145 0 0.277145 0 -2.55687 0.86272 0 0 0 0 0 0 0.86272 0 
0 0 0 0 0 0 0 0.277145 0 0 0 0 0 0 0 0 0 0 0 0.277145 0 0.277145 0.277145 -2.25887 0 0 0 0 0 0 0 1.15029 
0 0 0 0 0 0 0 0 0.277145 0 0 0 0 0 0 0 0.277145 0 0 0 0 0 0 0 -2.27973 0.575147 0.575147 0 0.575147 0 0 0 
0 0 0 0 0 0 0 0 0 0.277145 0 0 0 0 0 0 0 0.277145 0 0 0 0 0 0 0.277145 -2.55687 0 0.86272 0 0.86272 0 0 
0 0 0 0 0 0 0 0 0 0 0.277145 0 0 0 0 0 0 0 0.277145 0 0 0 0 0 0.277145 0 -2.55687 0.86272 0 0 0.86272 0 
0 0 0 0 0 0 0 0 0 0 0 0.277145 0 0 0 0 0 0 0 0.277145 0 0 0 0 0 0.277145 0.277145 -2.25887 0 0 0 1.15029 
0 0 0 0 0 0 0 0 0 0 0 0 0.277145 0 0 0 0 0 0 0 0.277145 0 0 0 0.277145 0 0 0 -2.55687 0.86272 0.86272 0 
0 0 0 0 0 0 0 0 0 0 0 0 0 0.277145 0 0 0 0 0 0 0 0.277145 0 0 0 0.277145 0 0 0.277145 -2.25887 0 1.15029 
0 0 0 0 0 0 0 0 0 0 0 0 0 0 0.277145 0 0 0 0 0 0 0 0.277145 0 0 0 0.277145 0 0.277145 0 -2.25887 1.15029 
0 0 0 0 0 0 0 0 0 0 0 0 0 0 0 0.277145 0 0 0 0 0 0 0 0.277145 0 0 0 0.277145 0 0.277145 0.277145 -1.38572 
