32
-0 0 0 0 0 0 0 0 0 0 0 0 0 0 0 0 0 0 0 0 0 0 0 0 0 0 0 0 0 0 0 0 
0.27392 -1.71691 0 0.360748 0 0.360748 0 0 0 0.360748 0 0 0 0 0 0 0 0.360748 0 0 0 0 0 0 0 0 0 0 0 0 0 0 
0.27392 0 -1.71691 0.360748 0 0 0.360748 0 0 0 0.360748 0 0 0 0 0 0 0 0.360748 0 0 0 0 0 0 0 0 0 0 0 0 0 
0 0.27392 0.27392 -2.71233 0 0 0 0.721497 0 0 0 0.721497 0 0 0 0 0 0 0 0.721497 0 0 0 0 0 0 0 0 0 0 0 0 
0.27392 0 0 0 -1.71691 0.360748 0.360748 0 0 0 0 0 0.360748 0 0 0 0 0 0 0 0.360748 0 0 0 0 0 0 0 0 0 0 0 
0 0.27392 0 0 0.27392 -2.71233 0 0.721497 0 0 0 0 0 0.721497 0 0 0 0 0 0 0 0.721497 0 0 0 0 0 0 0 0 0 0 
0 0 0.27392 0 0.27392 0 -2.71233 0.721497 0 0 0 0 0 0 0.721497 0 0 0 0 0 0 0 0.721497 0 0 0 0 0 0 0 0 0 
0 0 0 0.27392 0 0.27392 0.27392 -2.98625 0 0 0 0 0 0 0 1.08224 0 0 0 0 0 0 0 1.08224 0 0 0 0 0 0 0 0 
0.27392 0 0 0 0 0 0 0 -1.71691 0.360748 0.360748 0 0.360748 0 0 0 0 0 0 0 0 0 0 0 0.360748 0 0 0 0 0 0 0 
0 0.27392 0 0 0 0 0 0 0.27392 -2.71233 0 0.721497 0 0.721497 0 0 0 0 0 0 0 0 0 0 0 0.721497 0 0 0 0 0 0 
0 0 0.27392 0 0 0 0 0 0.27392 0 -2.71233 0.721497 0 0 0.721497 0 0 0 0 0 0 0 0 0 0 0 0.721497 0 0 0 0 0 
0 0 0 0.27392 0 0 0 0 0 0.27392 0.27392 -2.98625 0 0 0 1.08224 0 0 0 0 0 0 0 0 0 0 0 1.08224 0 0 0 0 
0 0 0 0 0.27392 0 0 0 0.27392 0 0 0 -2.71233 0.721497 0.721497 0 0 0 0 0 0 0 0 0 0 0 0 0 0.721497 0 0 0 
0 0 0 0 0 0.27392 0 0 0 0.27392 0 0 0.27392 -2.98625 0 1.08224 0 0 0 0 0 0 0 0 0 0 0 0 0 1.08224 0 0 
0 0 0 0 0 0 0.27392 0 0 0 0.27392 0 0.27392 0 -2.98625 1.08224 0 0 0 0 0 0 0 0 0 0 0 0 0 0 1.08224 0 
0 0 0 0 0 0 0 0.27392 0 0 0 0.27392 0 0.27392 0.27392 -2.53867 0 0 0 0 0 0 0 0 0 0 0 0 0 0 0 1.44299 
0.27392 0 0 0 0 0 0 0 0 0 0 0 0 0 0 0 -1.71691 0.360748 0.360748 0 0.360748 0 0 0 0.360748 0 0 0 0 0 0 0 
0 0.27392 0 0 0 0 0 0 0 0 0 0 0 0 0 0 0.27392 -2.71233 0 0.721497 0 0.721497 0 0 0 0.721497 0 0 0 0 0 0 
0 0 0.27392 0 0 0 0 0 0 0 0 0 0 0 0 0 0.27392 0 -2.71233 0.721497 0 0 0.721497 0 0 0 0.721497 0 0 0 0 0 
0 0 0 0.27392 0 0 0 0 0 0 0 0 0 0 0 0 0 0.27392 0.27392 -2.98625 0 0 0 1.08224 0 0 0 1.08224 0 0 0 0 
0 0 0 0 0.27392 0 0 0 0 0 0 0 0 0 0 0 0.27392 0 0 0 -2.71233 0.721497 0.721497 0 0 0 0 0 0.721497 0 0 0 
0 0 0 0 0 0.27392 0 0 0 0 0 0 0 0 0 0 0 0.27392 0 0 0.27392 -2.98625 0 1.08224 0 0 0 0 0 1.08224 0 0 
0 0 0 0 0 0 0.27392 0 0 0 0 0 0 0 0 0 0 0 0.27392 0 0.27392 0 -2.98625 1.08224 0 0 0 0 0 0 1.08224 0 
0 0 0 0 0 0 0 0.27392 0 0 0 0 0 0 0 0 0 0 0 0.27392 0 0.27392 0.27392 -2.53867 0 0 0 0 0 0 0 1.44299 
0 0 0 0 0 0 0 0 0.27392 0 0 0 0 0 0 0 0.27392 0 0 0 0 0 0 0 -2.71233 0.721497 0.721497 0 0.721497 0 0 0 
0 0 0 0 0 0 0 0 0 0.27392 0 0 0 0 0 0 0 0.27392 0 0 0 0 0 0 0.27392 -2.98625 0 1.08224 0 1.08224 0 0 
0 0 0 0 0 0 0 0 0 0 0.27392 0 0 0 0 0 0 0 0.27392 0 0 0 0 0 0.27392 0 -2.98625 1.08224 0 0 1.08224 0 
0 0 0 0 0 0 0 0 0 0 0 0.27392 0 0 0 0 0 0 0 0.27392 0 0 0 0 0 0.27392 0.27392 -2.53867 0 0 0 1.44299 
0 0 0 0 0 0 0 0 0 0 0 0 0.27392 0 0 0 0 0 0 0 0.27392 0 0 0 0.27392 0 0 0 -2.98625 1.08224 1.08224 0 
0 0 0 0 0 0 0 0 0 0 0 0 0 0.27392 0 0 0 0 0 0 0 0.27392 0 0 0 0.27392 0 0 0.27392 -2.53867 0 1.44299 
0 0 0 0 0 0 0 0 0 0 0 0 0 0 0.27392 0 0 0 0 0 0 0 0.27392 0 0 0 0.27392 0 0.27392 0 -2.53867 1.44299 
0 0 0 0 0 0 0 0 0 0 0 0 0 0 0 0.27392 0 0 0 0 0 0 0 0.27392 0 0 0 0.27392 0 0.27392 0.27392 -1.3696 
