32
-0 0 0 0 0 0 0 0 0 0 0 0 0 0 0 0 0 0 0 0 0 0 0 0 0 0 0 0 0 0 0 0 
0.213604 -1.11092 0 0.22433 0 0.22433 0 0 0 0.22433 0 0 0 0 0 0 0 0.22433 0 0 0 0 0 0 0 0 0 0 0 0 0 0 
0.213604 0 -1.11092 0.22433 0 0 0.22433 0 0 0 0.22433 0 0 0 0 0 0 0 0.22433 0 0 0 0 0 0 0 0 0 0 0 0 0 
0 0.213604 0.213604 -1.77319 0 0 0 0.448659 0 0 0 0.448659 0 0 0 0 0 0 0 0.448659 0 0 0 0 0 0 0 0 0 0 0 0 
0.213604 0 0 0 -1.11092 0.22433 0.22433 0 0 0 0 0 0.22433 0 0 0 0 0 0 0 0.22433 0 0 0 0 0 0 0 0 0 0 0 
0 0.213604 0 0 0.213604 -1.77319 0 0.448659 0 0 0 0 0 0.448659 0 0 0 0 0 0 0 0.448659 0 0 0 0 0 0 0 0 0 0 
0 0 0.213604 0 0.213604 0 -1.77319 0.448659 0 0 0 0 0 0 0.448659 0 0 0 0 0 0 0 0.448659 0 0 0 0 0 0 0 0 0 
0 0 0 0.213604 0 0.213604 0.213604 -1.98679 0 0 0 0 0 0 0 0.672989 0 0 0 0 0 0 0 0.672989 0 0 0 0 0 0 0 0 
0.213604 0 0 0 0 0 0 0 -1.11092 0.22433 0.22433 0 0.22433 0 0 0 0 0 0 0 0 0 0 0 0.22433 0 0 0 0 0 0 0 
0 0.213604 0 0 0 0 0 0 0.213604 -1.77319 0 0.448659 0 0.448659 0 0 0 0 0 0 0 0 0 0 0 0.448659 0 0 0 0 0 0 
0 0 0.213604 0 0 0 0 0 0.213604 0 -1.77319 0.448659 0 0 0.448659 0 0 0 0 0 0 0 0 0 0 0 0.448659 0 0 0 0 0 
0 0 0 0.213604 0 0 0 0 0 0.213604 0.213604 -1.98679 0 0 0 0.672989 0 0 0 0 0 0 0 0 0 0 0 0.672989 0 0 0 0 
0 0 0 0 0.213604 0 0 0 0.213604 0 0 0 -1.77319 0.448659 0.448659 0 0 0 0 0 0 0 0 0 0 0 0 0 0.448659 0 0 0 
0 0 0 0 0 0.213604 0 0 0 0.213604 0 0 0.213604 -1.98679 0 0.672989 0 0 0 0 0 0 0 0 0 0 0 0 0 0.672989 0 0 
0 0 0 0 0 0 0.213604 0 0 0 0.213604 0 0.213604 0 -1.98679 0.672989 0 0 0 0 0 0 0 0 0 0 0 0 0 0 0.672989 0 
0 0 0 0 0 0 0 0.213604 0 0 0 0.213604 0 0.213604 0.213604 -1.75173 0 0 0 0 0 0 0 0 0 0 0 0 0 0 0 0.897319 
0.213604 0 0 0 0 0 0 0 0 0 0 0 0 0 0 0 -1.11092 0.22433 0.22433 0 0.22433 0 0 0 0.22433 0 0 0 0 0 0 0 
0 0.213604 0 0 0 0 0 0 0 0 0 0 0 0 0 0 0.213604 -1.77319 0 0.448659 0 0.448659 0 0 0 0.448659 0 0 0 0 0 0 
0 0 0.213604 0 0 0 0 0 0 0 0 0 0 0 0 0 0.213604 0 -1.77319 0.448659 0 0 0.448659 0 0 0 0.448659 0 0 0 0 0 
0 0 0 0.213604 0 0 0 0 0 0 0 0 0 0 0 0 0 0.213604 0.213604 -1.98679 0 0 0 0.672989 0 0 0 0.672989 0 0 0 0 
0 0 0 0 0.213604 0 0 0 0 0 0 0 0 0 0 0 0.213604 0 0 0 -1.77319 0.448659 0.448659 0 0 0 0 0 0.448659 0 0 0 
0 0 0 0 0 0.213604 0 0 0 0 0 0 0 0 0 0 0 0.213604 0 0 0.213604 -1.98679 0 0.672989 0 0 0 0 0 0.672989 0 0 
0 0 0 0 0 0 0.213604 0 0 0 0 0 0 0 0 0 0 0 0.213604 0 0.213604 0 -1.98679 0.672989 0 0 0 0 0 0 0.672989 0 
0 0 0 0 0 0 0 0.213604 0 0 0 0 0 0 0 0 0 0 0 0.213604 0 0.213604 0.213604 -1.75173 0 0 0 0 0 0 0 0.897319 
0 0 0 0 0 0 0 0 0.213604 0 0 0 0 0 0 0 0.213604 0 0 0 0 0 0 0 -1.77319 0.448659 0.448659 0 0.448659 0 0 0 
0 0 0 0 0 0 0 0 0 0.213604 0 0 0 0 0 0 0 0.213604 0 0 0 0 0 0 0.213604 -1.98679 0 0.672989 0 0.672989 0 0 
0 0 0 0 0 0 0 0 0 0 0.213604 0 0 0 0 0 0 0 0.213604 0 0 0 0 0 0.213604 0 -1.98679 0.672989 0 0 0.672989 0 
0 0 0 0 0 0 0 0 0 0 0 0.213604 0 0 0 0 0 0 0 0.213604 0 0 0 0 0 0.213604 0.213604 -1.75173 0 0 0 0.897319 
0 0 0 0 0 0 0 0 0 0 0 0 0.213604 0 0 0 0 0 0 0 0.213604 0 0 0 0.213604 0 0 0 -1.98679 0.672989 0.672989 0 
0 0 0 0 0 0 0 0 0 0 0 0 0 0.213604 0 0 0 0 0 0 0 0.213604 0 0 0 0.213604 0 0 0.213604 -1.75173 0 0.897319 
0 0 0 0 0 0 0 0 0 0 0 0 0 0 0.213604 0 0 0 0 0 0 0 0.213604 0 0 0 0.213604 0 0.213604 0 -1.75173 0.897319 
0 0 0 0 0 0 0 0 0 0 0 0 0 0 0 0.213604 0 0 0 0 0 0 0 0.213604 0 0 0 0.213604 0 0.213604 0.213604 -1.06802 
