64
-0 0 0 0 0 0 0 0 0 0 0 0 0 0 0 0 0 0 0 0 0 0 0 0 0 0 0 0 0 0 0 0 0 0 0 0 0 0 0 0 0 0 0 0 0 0 0 0 0 0 0 0 0 0 0 0 0 0 0 0 0 0 0 0 
0.240719 -1.71148 0 0.294153 0 0.294153 0 0 0 0.294153 0 0 0 0 0 0 0 0.294153 0 0 0 0 0 0 0 0 0 0 0 0 0 0 0 0.294153 0 0 0 0 0 0 0 0 0 0 0 0 0 0 0 0 0 0 0 0 0 0 0 0 0 0 0 0 0 0 
0.240719 0 -1.71148 0.294153 0 0 0.294153 0 0 0 0.294153 0 0 0 0 0 0 0 0.294153 0 0 0 0 0 0 0 0 0 0 0 0 0 0 0 0.294153 0 0 0 0 0 0 0 0 0 0 0 0 0 0 0 0 0 0 0 0 0 0 0 0 0 0 0 0 0 
0 0.240719 0.240719 -2.83466 0 0 0 0.588306 0 0 0 0.588306 0 0 0 0 0 0 0 0.588306 0 0 0 0 0 0 0 0 0 0 0 0 0 0 0 0.588306 0 0 0 0 0 0 0 0 0 0 0 0 0 0 0 0 0 0 0 0 0 0 0 0 0 0 0 0 
0.240719 0 0 0 -1.71148 0.294153 0.294153 0 0 0 0 0 0.294153 0 0 0 0 0 0 0 0.294153 0 0 0 0 0 0 0 0 0 0 0 0 0 0 0 0.294153 0 0 0 0 0 0 0 0 0 0 0 0 0 0 0 0 0 0 0 0 0 0 0 0 0 0 0 
0 0.240719 0 0 0.240719 -2.83466 0 0.588306 0 0 0 0 0 0.588306 0 0 0 0 0 0 0 0.588306 0 0 0 0 0 0 0 0 0 0 0 0 0 0 0 0.588306 0 0 0 0 0 0 0 0 0 0 0 0 0 0 0 0 0 0 0 0 0 0 0 0 0 0 
0 0 0.240719 0 0.240719 0 -2.83466 0.588306 0 0 0 0 0 0 0.588306 0 0 0 0 0 0 0 0.588306 0 0 0 0 0 0 0 0 0 0 0 0 0 0 0 0.588306 0 0 0 0 0 0 0 0 0 0 0 0 0 0 0 0 0 0 0 0 0 0 0 0 0 
0 0 0 0.240719 0 0.240719 0.240719 -3.36954 0 0 0 0 0 0 0 0.882459 0 0 0 0 0 0 0 0.882459 0 0 0 0 0 0 0 0 0 0 0 0 0 0 0 0.882459 0 0 0 0 0 0 0 0 0 0 0 0 0 0 0 0 0 0 0 0 0 0 0 0 
0.240719 0 0 0 0 0 0 0 -1.71148 0.294153 0.294153 0 0.294153 0 0 0 0 0 0 0 0 0 0 0 0.294153 0 0 0 0 0 0 0 0 0 0 0 0 0 0 0 0.294153 0 0 0 0 0 0 0 0 0 0 0 0 0 0 0 0 0 0 0 0 0 0 0 
0 0.240719 0 0 0 0 0 0 0.240719 -2.83466 0 0.588306 0 0.588306 0 0 0 0 0 0 0 0 0 0 0 0.588306 0 0 0 0 0 0 0 0 0 0 0 0 0 0 0 0.588306 0 0 0 0 0 0 0 0 0 0 0 0 0 0 0 0 0 0 0 0 0 0 
0 0 0.240719 0 0 0 0 0 0.240719 0 -2.83466 0.588306 0 0 0.588306 0 0 0 0 0 0 0 0 0 0 0 0.588306 0 0 0 0 0 0 0 0 0 0 0 0 0 0 0 0.588306 0 0 0 0 0 0 0 0 0 0 0 0 0 0 0 0 0 0 0 0 0 
0 0 0 0.240719 0 0 0 0 0 0.240719 0.240719 -3.36954 0 0 0 0.882459 0 0 0 0 0 0 0 0 0 0 0 0.882459 0 0 0 0 0 0 0 0 0 0 0 0 0 0 0 0.882459 0 0 0 0 0 0 0 0 0 0 0 0 0 0 0 0 0 0 0 0 
0 0 0 0 0.240719 0 0 0 0.240719 0 0 0 -2.83466 0.588306 0.588306 0 0 0 0 0 0 0 0 0 0 0 0 0 0.588306 0 0 0 0 0 0 0 0 0 0 0 0 0 0 0 0.588306 0 0 0 0 0 0 0 0 0 0 0 0 0 0 0 0 0 0 0 
0 0 0 0 0 0.240719 0 0 0 0.240719 0 0 0.240719 -3.36954 0 0.882459 0 0 0 0 0 0 0 0 0 0 0 0 0 0.882459 0 0 0 0 0 0 0 0 0 0 0 0 0 0 0 0.882459 0 0 0 0 0 0 0 0 0 0 0 0 0 0 0 0 0 0 
0 0 0 0 0 0 0.240719 0 0 0 0.240719 0 0.240719 0 -3.36954 0.882459 0 0 0 0 0 0 0 0 0 0 0 0 0 0 0.882459 0 0 0 0 0 0 0 0 0 0 0 0 0 0 0 0.882459 0 0 0 0 0 0 0 0 0 0 0 0 0 0 0 0 0 
0 0 0 0 0 0 0 0.240719 0 0 0 0.240719 0 0.240719 0.240719 -3.3161 0 0 0 0 0 0 0 0 0 0 0 0 0 0 0 1.17661 0 0 0 0 0 0 0 0 0 0 0 0 0 0 0 1.17661 0 0 0 0 0 0 0 0 0 0 0 0 0 0 0 0 
0.240719 0 0 0 0 0 0 0 0 0 0 0 0 0 0 0 -1.71148 0.294153 0.294153 0 0.294153 0 0 0 0.294153 0 0 0 0 0 0 0 0 0 0 0 0 0 0 0 0 0 0 0 0 0 0 0 0.294153 0 0 0 0 0 0 0 0 0 0 0 0 0 0 0 
0 0.240719 0 0 0 0 0 0 0 0 0 0 0 0 0 0 0.240719 -2.83466 0 0.588306 0 0.588306 0 0 0 0.588306 0 0 0 0 0 0 0 0 0 0 0 0 0 0 0 0 0 0 0 0 0 0 0 0.588306 0 0 0 0 0 0 0 0 0 0 0 0 0 0 
0 0 0.240719 0 0 0 0 0 0 0 0 0 0 0 0 0 0.240719 0 -2.83466 0.588306 0 0 0.588306 0 0 0 0.588306 0 0 0 0 0 0 0 0 0 0 0 0 0 0 0 0 0 0 0 0 0 0 0 0.588306 0 0 0 0 0 0 0 0 0 0 0 0 0 
0 0 0 0.240719 0 0 0 0 0 0 0 0 0 0 0 0 0 0.240719 0.240719 -3.36954 0 0 0 0.882459 0 0 0 0.882459 0 0 0 0 0 0 0 0 0 0 0 0 0 0 0 0 0 0 0 0 0 0 0 0.882459 0 0 0 0 0 0 0 0 0 0 0 0 
0 0 0 0 0.240719 0 0 0 0 0 0 0 0 0 0 0 0.240719 0 0 0 -2.83466 0.588306 0.588306 0 0 0 0 0 0.588306 0 0 0 0 0 0 0 0 0 0 0 0 0 0 0 0 0 0 0 0 0 0 0 0.588306 0 0 0 0 0 0 0 0 0 0 0 
0 0 0 0 0 0.240719 0 0 0 0 0 0 0 0 0 0 0 0.240719 0 0 0.240719 -3.36954 0 0.882459 0 0 0 0 0 0.882459 0 0 0 0 0 0 0 0 0 0 0 0 0 0 0 0 0 0 0 0 0 0 0 0.882459 0 0 0 0 0 0 0 0 0 0 
0 0 0 0 0 0 0.240719 0 0 0 0 0 0 0 0 0 0 0 0.240719 0 0.240719 0 -3.36954 0.882459 0 0 0 0 0 0 0.882459 0 0 0 0 0 0 0 0 0 0 0 0 0 0 0 0 0 0 0 0 0 0 0 0.882459 0 0 0 0 0 0 0 0 0 
0 0 0 0 0 0 0 0.240719 0 0 0 0 0 0 0 0 0 0 0 0.240719 0 0.240719 0.240719 -3.3161 0 0 0 0 0 0 0 1.17661 0 0 0 0 0 0 0 0 0 0 0 0 0 0 0 0 0 0 0 0 0 0 0 1.17661 0 0 0 0 0 0 0 0 
0 0 0 0 0 0 0 0 0.240719 0 0 0 0 0 0 0 0.240719 0 0 0 0 0 0 0 -2.83466 0.588306 0.588306 0 0.588306 0 0 0 0 0 0 0 0 0 0 0 0 0 0 0 0 0 0 0 0 0 0 0 0 0 0 0 0.588306 0 0 0 0 0 0 0 
0 0 0 0 0 0 0 0 0 0.240719 0 0 0 0 0 0 0 0.240719 0 0 0 0 0 0 0.240719 -3.36954 0 0.882459 0 0.882459 0 0 0 0 0 0 0 0 0 0 0 0 0 0 0 0 0 0 0 0 0 0 0 0 0 0 0 0.882459 0 0 0 0 0 0 
0 0 0 0 0 0 0 0 0 0 0.240719 0 0 0 0 0 0 0 0.240719 0 0 0 0 0 0.240719 0 -3.36954 0.882459 0 0 0.882459 0 0 0 0 0 0 0 0 0 0 0 0 0 0 0 0 0 0 0 0 0 0 0 0 0 0 0 0.882459 0 0 0 0 0 
0 0 0 0 0 0 0 0 0 0 0 0.240719 0 0 0 0 0 0 0 0.240719 0 0 0 0 0 0.240719 0.240719 -3.3161 0 0 0 1.17661 0 0 0 0 0 0 0 0 0 0 0 0 0 0 0 0 0 0 0 0 0 0 0 0 0 0 0 1.17661 0 0 0 0 
0 0 0 0 0 0 0 0 0 0 0 0 0.240719 0 0 0 0 0 0 0 0.240719 0 0 0 0.240719 0 0 0 -3.36954 0.882459 0.882459 0 0 0 0 0 0 0 0 0 0 0 0 0 0 0 0 0 0 0 0 0 0 0 0 0 0 0 0 0 0.882459 0 0 0 
0 0 0 0 0 0 0 0 0 0 0 0 0 0.240719 0 0 0 0 0 0 0 0.240719 0 0 0 0.240719 0 0 0.240719 -3.3161 0 1.17661 0 0 0 0 0 0 0 0 0 0 0 0 0 0 0 0 0 0 0 0 0 0 0 0 0 0 0 0 0 1.17661 0 0 
0 0 0 0 0 0 0 0 0 0 0 0 0 0 0.240719 0 0 0 0 0 0 0 0.240719 0 0 0 0.240719 0 0.240719 0 -3.3161 1.17661 0 0 0 0 0 0 0 0 0 0 0 0 0 0 0 0 0 0 0 0 0 0 0 0 0 0 0 0 0 0 1.17661 0 
0 0 0 0 0 0 0 0 0 0 0 0 0 0 0 0.240719 0 0 0 0 0 0 0 0.240719 0 0 0 0.240719 0 0.240719 0.240719 -2.67436 0 0 0 0 0 0 0 0 0 0 0 0 0 0 0 0 0 0 0 0 0 0 0 0 0 0 0 0 0 0 0 1.47077 
0.240719 0 0 0 0 0 0 0 0 0 0 0 0 0 0 0 0 0 0 0 0 0 0 0 0 0 0 0 0 0 0 0 -1.71148 0.294153 0.294153 0 0.294153 0 0 0 0.294153 0 0 0 0 0 0 0 0.294153 0 0 0 0 0 0 0 0 0 0 0 0 0 0 0 
0 0.240719 0 0 0 0 0 0 0 0 0 0 0 0 0 0 0 0 0 0 0 0 0 0 0 0 0 0 0 0 0 0 0.240719 -2.83466 0 0.588306 0 0.588306 0 0 0 0.588306 0 0 0 0 0 0 0 0.588306 0 0 0 0 0 0 0 0 0 0 0 0 0 0 
0 0 0.240719 0 0 0 0 0 0 0 0 0 0 0 0 0 0 0 0 0 0 0 0 0 0 0 0 0 0 0 0 0 0.240719 0 -2.83466 0.588306 0 0 0.588306 0 0 0 0.588306 0 0 0 0 0 0 0 0.588306 0 0 0 0 0 0 0 0 0 0 0 0 0 
0 0 0 0.240719 0 0 0 0 0 0 0 0 0 0 0 0 0 0 0 0 0 0 0 0 0 0 0 0 0 0 0 0 0 0.240719 0.240719 -3.36954 0 0 0 0.882459 0 0 0 0.882459 0 0 0 0 0 0 0 0.882459 0 0 0 0 0 0 0 0 0 0 0 0 
0 0 0 0 0.240719 0 0 0 0 0 0 0 0 0 0 0 0 0 0 0 0 0 0 0 0 0 0 0 0 0 0 0 0.240719 0 0 0 -2.83466 0.588306 0.588306 0 0 0 0 0 0.588306 0 0 0 0 0 0 0 0.588306 0 0 0 0 0 0 0 0 0 0 0 
0 0 0 0 0 0.240719 0 0 0 0 0 0 0 0 0 0 0 0 0 0 0 0 0 0 0 0 0 0 0 0 0 0 0 0.240719 0 0 0.240719 -3.36954 0 0.882459 0 0 0 0 0 0.882459 0 0 0 0 0 0 0 0.882459 0 0 0 0 0 0 0 0 0 0 
0 0 0 0 0 0 0.240719 0 0 0 0 0 0 0 0 0 0 0 0 0 0 0 0 0 0 0 0 0 0 0 0 0 0 0 0.240719 0 0.240719 0 -3.36954 0.882459 0 0 0 0 0 0 0.882459 0 0 0 0 0 0 0 0.882459 0 0 0 0 0 0 0 0 0 
0 0 0 0 0 0 0 0.240719 0 0 0 0 0 0 0 0 0 0 0 0 0 0 0 0 0 0 0 0 0 0 0 0 0 0 0 0.240719 0 0.240719 0.240719 -3.3161 0 0 0 0 0 0 0 1.17661 0 0 0 0 0 0 0 1.17661 0 0 0 0 0 0 0 0 
0 0 0 0 0 0 0 0 0.240719 0 0 0 0 0 0 0 0 0 0 0 0 0 0 0 0 0 0 0 0 0 0 0 0.240719 0 0 0 0 0 0 0 -2.83466 0.588306 0.588306 0 0.588306 0 0 0 0 0 0 0 0 0 0 0 0.588306 0 0 0 0 0 0 0 
0 0 0 0 0 0 0 0 0 0.240719 0 0 0 0 0 0 0 0 0 0 0 0 0 0 0 0 0 0 0 0 0 0 0 0.240719 0 0 0 0 0 0 0.240719 -3.36954 0 0.882459 0 0.882459 0 0 0 0 0 0 0 0 0 0 0 0.882459 0 0 0 0 0 0 
0 0 0 0 0 0 0 0 0 0 0.240719 0 0 0 0 0 0 0 0 0 0 0 0 0 0 0 0 0 0 0 0 0 0 0 0.240719 0 0 0 0 0 0.240719 0 -3.36954 0.882459 0 0 0.882459 0 0 0 0 0 0 0 0 0 0 0 0.882459 0 0 0 0 0 
0 0 0 0 0 0 0 0 0 0 0 0.240719 0 0 0 0 0 0 0 0 0 0 0 0 0 0 0 0 0 0 0 0 0 0 0 0.240719 0 0 0 0 0 0.240719 0.240719 -3.3161 0 0 0 1.17661 0 0 0 0 0 0 0 0 0 0 0 1.17661 0 0 0 0 
0 0 0 0 0 0 0 0 0 0 0 0 0.240719 0 0 0 0 0 0 0 0 0 0 0 0 0 0 0 0 0 0 0 0 0 0 0 0.240719 0 0 0 0.240719 0 0 0 -3.36954 0.882459 0.882459 0 0 0 0 0 0 0 0 0 0 0 0 0 0.882459 0 0 0 
0 0 0 0 0 0 0 0 0 0 0 0 0 0.240719 0 0 0 0 0 0 0 0 0 0 0 0 0 0 0 0 0 0 0 0 0 0 0 0.240719 0 0 0 0.240719 0 0 0.240719 -3.3161 0 1.17661 0 0 0 0 0 0 0 0 0 0 0 0 0 1.17661 0 0 
0 0 0 0 0 0 0 0 0 0 0 0 0 0 0.240719 0 0 0 0 0 0 0 0 0 0 0 0 0 0 0 0 0 0 0 0 0 0 0 0.240719 0 0 0 0.240719 0 0.240719 0 -3.3161 1.17661 0 0 0 0 0 0 0 0 0 0 0 0 0 0 1.17661 0 
0 0 0 0 0 0 0 0 0 0 0 0 0 0 0 0.240719 0 0 0 0 0 0 0 0 0 0 0 0 0 0 0 0 0 0 0 0 0 0 0 0.240719 0 0 0 0.240719 0 0.240719 0.240719 -2.67436 0 0 0 0 0 0 0 0 0 0 0 0 0 0 0 1.47077 
0 0 0 0 0 0 0 0 0 0 0 0 0 0 0 0 0.240719 0 0 0 0 0 0 0 0 0 0 0 0 0 0 0 0.240719 0 0 0 0 0 0 0 0 0 0 0 0 0 0 0 -2.83466 0.588306 0.588306 0 0.588306 0 0 0 0.588306 0 0 0 0 0 0 0 
0 0 0 0 0 0 0 0 0 0 0 0 0 0 0 0 0 0.240719 0 0 0 0 0 0 0 0 0 0 0 0 0 0 0 0.240719 0 0 0 0 0 0 0 0 0 0 0 0 0 0 0.240719 -3.36954 0 0.882459 0 0.882459 0 0 0 0.882459 0 0 0 0 0 0 
0 0 0 0 0 0 0 0 0 0 0 0 0 0 0 0 0 0 0.240719 0 0 0 0 0 0 0 0 0 0 0 0 0 0 0 0.240719 0 0 0 0 0 0 0 0 0 0 0 0 0 0.240719 0 -3.36954 0.882459 0 0 0.882459 0 0 0 0.882459 0 0 0 0 0 
0 0 0 0 0 0 0 0 0 0 0 0 0 0 0 0 0 0 0 0.240719 0 0 0 0 0 0 0 0 0 0 0 0 0 0 0 0.240719 0 0 0 0 0 0 0 0 0 0 0 0 0 0.240719 0.240719 -3.3161 0 0 0 1.17661 0 0 0 1.17661 0 0 0 0 
0 0 0 0 0 0 0 0 0 0 0 0 0 0 0 0 0 0 0 0 0.240719 0 0 0 0 0 0 0 0 0 0 0 0 0 0 0 0.240719 0 0 0 0 0 0 0 0 0 0 0 0.240719 0 0 0 -3.36954 0.882459 0.882459 0 0 0 0 0 0.882459 0 0 0 
0 0 0 0 0 0 0 0 0 0 0 0 0 0 0 0 0 0 0 0 0 0.240719 0 0 0 0 0 0 0 0 0 0 0 0 0 0 0 0.240719 0 0 0 0 0 0 0 0 0 0 0 0.240719 0 0 0.240719 -3.3161 0 1.17661 0 0 0 0 0 1.17661 0 0 
0 0 0 0 0 0 0 0 0 0 0 0 0 0 0 0 0 0 0 0 0 0 0.240719 0 0 0 0 0 0 0 0 0 0 0 0 0 0 0 0.240719 0 0 0 0 0 0 0 0 0 0 0 0.240719 0 0.240719 0 -3.3161 1.17661 0 0 0 0 0 0 1.17661 0 
0 0 0 0 0 0 0 0 0 0 0 0 0 0 0 0 0 0 0 0 0 0 0 0.240719 0 0 0 0 0 0 0 0 0 0 0 0 0 0 0 0.240719 0 0 0 0 0 0 0 0 0 0 0 0.240719 0 0.240719 0.240719 -2.67436 0 0 0 0 0 0 0 1.47077 
0 0 0 0 0 0 0 0 0 0 0 0 0 0 0 0 0 0 0 0 0 0 0 0 0.240719 0 0 0 0 0 0 0 0 0 0 0 0 0 0 0 0.240719 0 0 0 0 0 0 0 0.240719 0 0 0 0 0 0 0 -3.36954 0.882459 0.882459 0 0.882459 0 0 0 
0 0 0 0 0 0 0 0 0 0 0 0 0 0 0 0 0 0 0 0 0 0 0 0 0 0.240719 0 0 0 0 0 0 0 0 0 0 0 0 0 0 0 0.240719 0 0 0 0 0 0 0 0.240719 0 0 0 0 0 0 0.240719 -3.3161 0 1.17661 0 1.17661 0 0 
0 0 0 0 0 0 0 0 0 0 0 0 0 0 0 0 0 0 0 0 0 0 0 0 0 0 0.240719 0 0 0 0 0 0 0 0 0 0 0 0 0 0 0 0.240719 0 0 0 0 0 0 0 0.240719 0 0 0 0 0 0.240719 0 -3.3161 1.17661 0 0 1.17661 0 
0 0 0 0 0 0 0 0 0 0 0 0 0 0 0 0 0 0 0 0 0 0 0 0 0 0 0 0.240719 0 0 0 0 0 0 0 0 0 0 0 0 0 0 0 0.240719 0 0 0 0 0 0 0 0.240719 0 0 0 0 0 0.240719 0.240719 -2.67436 0 0 0 1.47077 
0 0 0 0 0 0 0 0 0 0 0 0 0 0 0 0 0 0 0 0 0 0 0 0 0 0 0 0 0.240719 0 0 0 0 0 0 0 0 0 0 0 0 0 0 0 0.240719 0 0 0 0 0 0 0 0.240719 0 0 0 0.240719 0 0 0 -3.3161 1.17661 1.17661 0 
0 0 0 0 0 0 0 0 0 0 0 0 0 0 0 0 0 0 0 0 0 0 0 0 0 0 0 0 0 0.240719 0 0 0 0 0 0 0 0 0 0 0 0 0 0 0 0.240719 0 0 0 0 0 0 0 0.240719 0 0 0 0.240719 0 0 0.240719 -2.67436 0 1.47077 
0 0 0 0 0 0 0 0 0 0 0 0 0 0 0 0 0 0 0 0 0 0 0 0 0 0 0 0 0 0 0.240719 0 0 0 0 0 0 0 0 0 0 0 0 0 0 0 0.240719 0 0 0 0 0 0 0 0.240719 0 0 0 0.240719 0 0.240719 0 -2.67436 1.47077 
0 0 0 0 0 0 0 0 0 0 0 0 0 0 0 0 0 0 0 0 0 0 0 0 0 0 0 0 0 0 0 0.240719 0 0 0 0 0 0 0 0 0 0 0 0 0 0 0 0.240719 0 0 0 0 0 0 0 0.240719 0 0 0 0.240719 0 0.240719 0.240719 -1.44432 
