64
-0 0 0 0 0 0 0 0 0 0 0 0 0 0 0 0 0 0 0 0 0 0 0 0 0 0 0 0 0 0 0 0 0 0 0 0 0 0 0 0 0 0 0 0 0 0 0 0 0 0 0 0 0 0 0 0 0 0 0 0 0 0 0 0 
0.330765 -1.89703 0 0.313253 0 0.313253 0 0 0 0.313253 0 0 0 0 0 0 0 0.313253 0 0 0 0 0 0 0 0 0 0 0 0 0 0 0 0.313253 0 0 0 0 0 0 0 0 0 0 0 0 0 0 0 0 0 0 0 0 0 0 0 0 0 0 0 0 0 0 
0.330765 0 -1.89703 0.313253 0 0 0.313253 0 0 0 0.313253 0 0 0 0 0 0 0 0.313253 0 0 0 0 0 0 0 0 0 0 0 0 0 0 0 0.313253 0 0 0 0 0 0 0 0 0 0 0 0 0 0 0 0 0 0 0 0 0 0 0 0 0 0 0 0 0 
0 0.330765 0.330765 -3.16755 0 0 0 0.626505 0 0 0 0.626505 0 0 0 0 0 0 0 0.626505 0 0 0 0 0 0 0 0 0 0 0 0 0 0 0 0.626505 0 0 0 0 0 0 0 0 0 0 0 0 0 0 0 0 0 0 0 0 0 0 0 0 0 0 0 0 
0.330765 0 0 0 -1.89703 0.313253 0.313253 0 0 0 0 0 0.313253 0 0 0 0 0 0 0 0.313253 0 0 0 0 0 0 0 0 0 0 0 0 0 0 0 0.313253 0 0 0 0 0 0 0 0 0 0 0 0 0 0 0 0 0 0 0 0 0 0 0 0 0 0 0 
0 0.330765 0 0 0.330765 -3.16755 0 0.626505 0 0 0 0 0 0.626505 0 0 0 0 0 0 0 0.626505 0 0 0 0 0 0 0 0 0 0 0 0 0 0 0 0.626505 0 0 0 0 0 0 0 0 0 0 0 0 0 0 0 0 0 0 0 0 0 0 0 0 0 0 
0 0 0.330765 0 0.330765 0 -3.16755 0.626505 0 0 0 0 0 0 0.626505 0 0 0 0 0 0 0 0.626505 0 0 0 0 0 0 0 0 0 0 0 0 0 0 0 0.626505 0 0 0 0 0 0 0 0 0 0 0 0 0 0 0 0 0 0 0 0 0 0 0 0 0 
0 0 0 0.330765 0 0.330765 0.330765 -3.81157 0 0 0 0 0 0 0 0.939758 0 0 0 0 0 0 0 0.939758 0 0 0 0 0 0 0 0 0 0 0 0 0 0 0 0.939758 0 0 0 0 0 0 0 0 0 0 0 0 0 0 0 0 0 0 0 0 0 0 0 0 
0.330765 0 0 0 0 0 0 0 -1.89703 0.313253 0.313253 0 0.313253 0 0 0 0 0 0 0 0 0 0 0 0.313253 0 0 0 0 0 0 0 0 0 0 0 0 0 0 0 0.313253 0 0 0 0 0 0 0 0 0 0 0 0 0 0 0 0 0 0 0 0 0 0 0 
0 0.330765 0 0 0 0 0 0 0.330765 -3.16755 0 0.626505 0 0.626505 0 0 0 0 0 0 0 0 0 0 0 0.626505 0 0 0 0 0 0 0 0 0 0 0 0 0 0 0 0.626505 0 0 0 0 0 0 0 0 0 0 0 0 0 0 0 0 0 0 0 0 0 0 
0 0 0.330765 0 0 0 0 0 0.330765 0 -3.16755 0.626505 0 0 0.626505 0 0 0 0 0 0 0 0 0 0 0 0.626505 0 0 0 0 0 0 0 0 0 0 0 0 0 0 0 0.626505 0 0 0 0 0 0 0 0 0 0 0 0 0 0 0 0 0 0 0 0 0 
0 0 0 0.330765 0 0 0 0 0 0.330765 0.330765 -3.81157 0 0 0 0.939758 0 0 0 0 0 0 0 0 0 0 0 0.939758 0 0 0 0 0 0 0 0 0 0 0 0 0 0 0 0.939758 0 0 0 0 0 0 0 0 0 0 0 0 0 0 0 0 0 0 0 0 
0 0 0 0 0.330765 0 0 0 0.330765 0 0 0 -3.16755 0.626505 0.626505 0 0 0 0 0 0 0 0 0 0 0 0 0 0.626505 0 0 0 0 0 0 0 0 0 0 0 0 0 0 0 0.626505 0 0 0 0 0 0 0 0 0 0 0 0 0 0 0 0 0 0 0 
0 0 0 0 0 0.330765 0 0 0 0.330765 0 0 0.330765 -3.81157 0 0.939758 0 0 0 0 0 0 0 0 0 0 0 0 0 0.939758 0 0 0 0 0 0 0 0 0 0 0 0 0 0 0 0.939758 0 0 0 0 0 0 0 0 0 0 0 0 0 0 0 0 0 0 
0 0 0 0 0 0 0.330765 0 0 0 0.330765 0 0.330765 0 -3.81157 0.939758 0 0 0 0 0 0 0 0 0 0 0 0 0 0 0.939758 0 0 0 0 0 0 0 0 0 0 0 0 0 0 0 0.939758 0 0 0 0 0 0 0 0 0 0 0 0 0 0 0 0 0 
0 0 0 0 0 0 0 0.330765 0 0 0 0.330765 0 0.330765 0.330765 -3.82908 0 0 0 0 0 0 0 0 0 0 0 0 0 0 0 1.25301 0 0 0 0 0 0 0 0 0 0 0 0 0 0 0 1.25301 0 0 0 0 0 0 0 0 0 0 0 0 0 0 0 0 
0.330765 0 0 0 0 0 0 0 0 0 0 0 0 0 0 0 -1.89703 0.313253 0.313253 0 0.313253 0 0 0 0.313253 0 0 0 0 0 0 0 0 0 0 0 0 0 0 0 0 0 0 0 0 0 0 0 0.313253 0 0 0 0 0 0 0 0 0 0 0 0 0 0 0 
0 0.330765 0 0 0 0 0 0 0 0 0 0 0 0 0 0 0.330765 -3.16755 0 0.626505 0 0.626505 0 0 0 0.626505 0 0 0 0 0 0 0 0 0 0 0 0 0 0 0 0 0 0 0 0 0 0 0 0.626505 0 0 0 0 0 0 0 0 0 0 0 0 0 0 
0 0 0.330765 0 0 0 0 0 0 0 0 0 0 0 0 0 0.330765 0 -3.16755 0.626505 0 0 0.626505 0 0 0 0.626505 0 0 0 0 0 0 0 0 0 0 0 0 0 0 0 0 0 0 0 0 0 0 0 0.626505 0 0 0 0 0 0 0 0 0 0 0 0 0 
0 0 0 0.330765 0 0 0 0 0 0 0 0 0 0 0 0 0 0.330765 0.330765 -3.81157 0 0 0 0.939758 0 0 0 0.939758 0 0 0 0 0 0 0 0 0 0 0 0 0 0 0 0 0 0 0 0 0 0 0 0.939758 0 0 0 0 0 0 0 0 0 0 0 0 
0 0 0 0 0.330765 0 0 0 0 0 0 0 0 0 0 0 0.330765 0 0 0 -3.16755 0.626505 0.626505 0 0 0 0 0 0.626505 0 0 0 0 0 0 0 0 0 0 0 0 0 0 0 0 0 0 0 0 0 0 0 0.626505 0 0 0 0 0 0 0 0 0 0 0 
0 0 0 0 0 0.330765 0 0 0 0 0 0 0 0 0 0 0 0.330765 0 0 0.330765 -3.81157 0 0.939758 0 0 0 0 0 0.939758 0 0 0 0 0 0 0 0 0 0 0 0 0 0 0 0 0 0 0 0 0 0 0 0.939758 0 0 0 0 0 0 0 0 0 0 
0 0 0 0 0 0 0.330765 0 0 0 0 0 0 0 0 0 0 0 0.330765 0 0.330765 0 -3.81157 0.939758 0 0 0 0 0 0 0.939758 0 0 0 0 0 0 0 0 0 0 0 0 0 0 0 0 0 0 0 0 0 0 0 0.939758 0 0 0 0 0 0 0 0 0 
0 0 0 0 0 0 0 0.330765 0 0 0 0 0 0 0 0 0 0 0 0.330765 0 0.330765 0.330765 -3.82908 0 0 0 0 0 0 0 1.25301 0 0 0 0 0 0 0 0 0 0 0 0 0 0 0 0 0 0 0 0 0 0 0 1.25301 0 0 0 0 0 0 0 0 
0 0 0 0 0 0 0 0 0.330765 0 0 0 0 0 0 0 0.330765 0 0 0 0 0 0 0 -3.16755 0.626505 0.626505 0 0.626505 0 0 0 0 0 0 0 0 0 0 0 0 0 0 0 0 0 0 0 0 0 0 0 0 0 0 0 0.626505 0 0 0 0 0 0 0 
0 0 0 0 0 0 0 0 0 0.330765 0 0 0 0 0 0 0 0.330765 0 0 0 0 0 0 0.330765 -3.81157 0 0.939758 0 0.939758 0 0 0 0 0 0 0 0 0 0 0 0 0 0 0 0 0 0 0 0 0 0 0 0 0 0 0 0.939758 0 0 0 0 0 0 
0 0 0 0 0 0 0 0 0 0 0.330765 0 0 0 0 0 0 0 0.330765 0 0 0 0 0 0.330765 0 -3.81157 0.939758 0 0 0.939758 0 0 0 0 0 0 0 0 0 0 0 0 0 0 0 0 0 0 0 0 0 0 0 0 0 0 0 0.939758 0 0 0 0 0 
0 0 0 0 0 0 0 0 0 0 0 0.330765 0 0 0 0 0 0 0 0.330765 0 0 0 0 0 0.330765 0.330765 -3.82908 0 0 0 1.25301 0 0 0 0 0 0 0 0 0 0 0 0 0 0 0 0 0 0 0 0 0 0 0 0 0 0 0 1.25301 0 0 0 0 
0 0 0 0 0 0 0 0 0 0 0 0 0.330765 0 0 0 0 0 0 0 0.330765 0 0 0 0.330765 0 0 0 -3.81157 0.939758 0.939758 0 0 0 0 0 0 0 0 0 0 0 0 0 0 0 0 0 0 0 0 0 0 0 0 0 0 0 0 0 0.939758 0 0 0 
0 0 0 0 0 0 0 0 0 0 0 0 0 0.330765 0 0 0 0 0 0 0 0.330765 0 0 0 0.330765 0 0 0.330765 -3.82908 0 1.25301 0 0 0 0 0 0 0 0 0 0 0 0 0 0 0 0 0 0 0 0 0 0 0 0 0 0 0 0 0 1.25301 0 0 
0 0 0 0 0 0 0 0 0 0 0 0 0 0 0.330765 0 0 0 0 0 0 0 0.330765 0 0 0 0.330765 0 0.330765 0 -3.82908 1.25301 0 0 0 0 0 0 0 0 0 0 0 0 0 0 0 0 0 0 0 0 0 0 0 0 0 0 0 0 0 0 1.25301 0 
0 0 0 0 0 0 0 0 0 0 0 0 0 0 0 0.330765 0 0 0 0 0 0 0 0.330765 0 0 0 0.330765 0 0.330765 0.330765 -3.22009 0 0 0 0 0 0 0 0 0 0 0 0 0 0 0 0 0 0 0 0 0 0 0 0 0 0 0 0 0 0 0 1.56626 
0.330765 0 0 0 0 0 0 0 0 0 0 0 0 0 0 0 0 0 0 0 0 0 0 0 0 0 0 0 0 0 0 0 -1.89703 0.313253 0.313253 0 0.313253 0 0 0 0.313253 0 0 0 0 0 0 0 0.313253 0 0 0 0 0 0 0 0 0 0 0 0 0 0 0 
0 0.330765 0 0 0 0 0 0 0 0 0 0 0 0 0 0 0 0 0 0 0 0 0 0 0 0 0 0 0 0 0 0 0.330765 -3.16755 0 0.626505 0 0.626505 0 0 0 0.626505 0 0 0 0 0 0 0 0.626505 0 0 0 0 0 0 0 0 0 0 0 0 0 0 
0 0 0.330765 0 0 0 0 0 0 0 0 0 0 0 0 0 0 0 0 0 0 0 0 0 0 0 0 0 0 0 0 0 0.330765 0 -3.16755 0.626505 0 0 0.626505 0 0 0 0.626505 0 0 0 0 0 0 0 0.626505 0 0 0 0 0 0 0 0 0 0 0 0 0 
0 0 0 0.330765 0 0 0 0 0 0 0 0 0 0 0 0 0 0 0 0 0 0 0 0 0 0 0 0 0 0 0 0 0 0.330765 0.330765 -3.81157 0 0 0 0.939758 0 0 0 0.939758 0 0 0 0 0 0 0 0.939758 0 0 0 0 0 0 0 0 0 0 0 0 
0 0 0 0 0.330765 0 0 0 0 0 0 0 0 0 0 0 0 0 0 0 0 0 0 0 0 0 0 0 0 0 0 0 0.330765 0 0 0 -3.16755 0.626505 0.626505 0 0 0 0 0 0.626505 0 0 0 0 0 0 0 0.626505 0 0 0 0 0 0 0 0 0 0 0 
0 0 0 0 0 0.330765 0 0 0 0 0 0 0 0 0 0 0 0 0 0 0 0 0 0 0 0 0 0 0 0 0 0 0 0.330765 0 0 0.330765 -3.81157 0 0.939758 0 0 0 0 0 0.939758 0 0 0 0 0 0 0 0.939758 0 0 0 0 0 0 0 0 0 0 
0 0 0 0 0 0 0.330765 0 0 0 0 0 0 0 0 0 0 0 0 0 0 0 0 0 0 0 0 0 0 0 0 0 0 0 0.330765 0 0.330765 0 -3.81157 0.939758 0 0 0 0 0 0 0.939758 0 0 0 0 0 0 0 0.939758 0 0 0 0 0 0 0 0 0 
0 0 0 0 0 0 0 0.330765 0 0 0 0 0 0 0 0 0 0 0 0 0 0 0 0 0 0 0 0 0 0 0 0 0 0 0 0.330765 0 0.330765 0.330765 -3.82908 0 0 0 0 0 0 0 1.25301 0 0 0 0 0 0 0 1.25301 0 0 0 0 0 0 0 0 
0 0 0 0 0 0 0 0 0.330765 0 0 0 0 0 0 0 0 0 0 0 0 0 0 0 0 0 0 0 0 0 0 0 0.330765 0 0 0 0 0 0 0 -3.16755 0.626505 0.626505 0 0.626505 0 0 0 0 0 0 0 0 0 0 0 0.626505 0 0 0 0 0 0 0 
0 0 0 0 0 0 0 0 0 0.330765 0 0 0 0 0 0 0 0 0 0 0 0 0 0 0 0 0 0 0 0 0 0 0 0.330765 0 0 0 0 0 0 0.330765 -3.81157 0 0.939758 0 0.939758 0 0 0 0 0 0 0 0 0 0 0 0.939758 0 0 0 0 0 0 
0 0 0 0 0 0 0 0 0 0 0.330765 0 0 0 0 0 0 0 0 0 0 0 0 0 0 0 0 0 0 0 0 0 0 0 0.330765 0 0 0 0 0 0.330765 0 -3.81157 0.939758 0 0 0.939758 0 0 0 0 0 0 0 0 0 0 0 0.939758 0 0 0 0 0 
0 0 0 0 0 0 0 0 0 0 0 0.330765 0 0 0 0 0 0 0 0 0 0 0 0 0 0 0 0 0 0 0 0 0 0 0 0.330765 0 0 0 0 0 0.330765 0.330765 -3.82908 0 0 0 1.25301 0 0 0 0 0 0 0 0 0 0 0 1.25301 0 0 0 0 
0 0 0 0 0 0 0 0 0 0 0 0 0.330765 0 0 0 0 0 0 0 0 0 0 0 0 0 0 0 0 0 0 0 0 0 0 0 0.330765 0 0 0 0.330765 0 0 0 -3.81157 0.939758 0.939758 0 0 0 0 0 0 0 0 0 0 0 0 0 0.939758 0 0 0 
0 0 0 0 0 0 0 0 0 0 0 0 0 0.330765 0 0 0 0 0 0 0 0 0 0 0 0 0 0 0 0 0 0 0 0 0 0 0 0.330765 0 0 0 0.330765 0 0 0.330765 -3.82908 0 1.25301 0 0 0 0 0 0 0 0 0 0 0 0 0 1.25301 0 0 
0 0 0 0 0 0 0 0 0 0 0 0 0 0 0.330765 0 0 0 0 0 0 0 0 0 0 0 0 0 0 0 0 0 0 0 0 0 0 0 0.330765 0 0 0 0.330765 0 0.330765 0 -3.82908 1.25301 0 0 0 0 0 0 0 0 0 0 0 0 0 0 1.25301 0 
0 0 0 0 0 0 0 0 0 0 0 0 0 0 0 0.330765 0 0 0 0 0 0 0 0 0 0 0 0 0 0 0 0 0 0 0 0 0 0 0 0.330765 0 0 0 0.330765 0 0.330765 0.330765 -3.22009 0 0 0 0 0 0 0 0 0 0 0 0 0 0 0 1.56626 
0 0 0 0 0 0 0 0 0 0 0 0 0 0 0 0 0.330765 0 0 0 0 0 0 0 0 0 0 0 0 0 0 0 0.330765 0 0 0 0 0 0 0 0 0 0 0 0 0 0 0 -3.16755 0.626505 0.626505 0 0.626505 0 0 0 0.626505 0 0 0 0 0 0 0 
0 0 0 0 0 0 0 0 0 0 0 0 0 0 0 0 0 0.330765 0 0 0 0 0 0 0 0 0 0 0 0 0 0 0 0.330765 0 0 0 0 0 0 0 0 0 0 0 0 0 0 0.330765 -3.81157 0 0.939758 0 0.939758 0 0 0 0.939758 0 0 0 0 0 0 
0 0 0 0 0 0 0 0 0 0 0 0 0 0 0 0 0 0 0.330765 0 0 0 0 0 0 0 0 0 0 0 0 0 0 0 0.330765 0 0 0 0 0 0 0 0 0 0 0 0 0 0.330765 0 -3.81157 0.939758 0 0 0.939758 0 0 0 0.939758 0 0 0 0 0 
0 0 0 0 0 0 0 0 0 0 0 0 0 0 0 0 0 0 0 0.330765 0 0 0 0 0 0 0 0 0 0 0 0 0 0 0 0.330765 0 0 0 0 0 0 0 0 0 0 0 0 0 0.330765 0.330765 -3.82908 0 0 0 1.25301 0 0 0 1.25301 0 0 0 0 
0 0 0 0 0 0 0 0 0 0 0 0 0 0 0 0 0 0 0 0 0.330765 0 0 0 0 0 0 0 0 0 0 0 0 0 0 0 0.330765 0 0 0 0 0 0 0 0 0 0 0 0.330765 0 0 0 -3.81157 0.939758 0.939758 0 0 0 0 0 0.939758 0 0 0 
0 0 0 0 0 0 0 0 0 0 0 0 0 0 0 0 0 0 0 0 0 0.330765 0 0 0 0 0 0 0 0 0 0 0 0 0 0 0 0.330765 0 0 0 0 0 0 0 0 0 0 0 0.330765 0 0 0.330765 -3.82908 0 1.25301 0 0 0 0 0 1.25301 0 0 
0 0 0 0 0 0 0 0 0 0 0 0 0 0 0 0 0 0 0 0 0 0 0.330765 0 0 0 0 0 0 0 0 0 0 0 0 0 0 0 0.330765 0 0 0 0 0 0 0 0 0 0 0 0.330765 0 0.330765 0 -3.82908 1.25301 0 0 0 0 0 0 1.25301 0 
0 0 0 0 0 0 0 0 0 0 0 0 0 0 0 0 0 0 0 0 0 0 0 0.330765 0 0 0 0 0 0 0 0 0 0 0 0 0 0 0 0.330765 0 0 0 0 0 0 0 0 0 0 0 0.330765 0 0.330765 0.330765 -3.22009 0 0 0 0 0 0 0 1.56626 
0 0 0 0 0 0 0 0 0 0 0 0 0 0 0 0 0 0 0 0 0 0 0 0 0.330765 0 0 0 0 0 0 0 0 0 0 0 0 0 0 0 0.330765 0 0 0 0 0 0 0 0.330765 0 0 0 0 0 0 0 -3.81157 0.939758 0.939758 0 0.939758 0 0 0 
0 0 0 0 0 0 0 0 0 0 0 0 0 0 0 0 0 0 0 0 0 0 0 0 0 0.330765 0 0 0 0 0 0 0 0 0 0 0 0 0 0 0 0.330765 0 0 0 0 0 0 0 0.330765 0 0 0 0 0 0 0.330765 -3.82908 0 1.25301 0 1.25301 0 0 
0 0 0 0 0 0 0 0 0 0 0 0 0 0 0 0 0 0 0 0 0 0 0 0 0 0 0.330765 0 0 0 0 0 0 0 0 0 0 0 0 0 0 0 0.330765 0 0 0 0 0 0 0 0.330765 0 0 0 0 0 0.330765 0 -3.82908 1.25301 0 0 1.25301 0 
0 0 0 0 0 0 0 0 0 0 0 0 0 0 0 0 0 0 0 0 0 0 0 0 0 0 0 0.330765 0 0 0 0 0 0 0 0 0 0 0 0 0 0 0 0.330765 0 0 0 0 0 0 0 0.330765 0 0 0 0 0 0.330765 0.330765 -3.22009 0 0 0 1.56626 
0 0 0 0 0 0 0 0 0 0 0 0 0 0 0 0 0 0 0 0 0 0 0 0 0 0 0 0 0.330765 0 0 0 0 0 0 0 0 0 0 0 0 0 0 0 0.330765 0 0 0 0 0 0 0 0.330765 0 0 0 0.330765 0 0 0 -3.82908 1.25301 1.25301 0 
0 0 0 0 0 0 0 0 0 0 0 0 0 0 0 0 0 0 0 0 0 0 0 0 0 0 0 0 0 0.330765 0 0 0 0 0 0 0 0 0 0 0 0 0 0 0 0.330765 0 0 0 0 0 0 0 0.330765 0 0 0 0.330765 0 0 0.330765 -3.22009 0 1.56626 
0 0 0 0 0 0 0 0 0 0 0 0 0 0 0 0 0 0 0 0 0 0 0 0 0 0 0 0 0 0 0.330765 0 0 0 0 0 0 0 0 0 0 0 0 0 0 0 0.330765 0 0 0 0 0 0 0 0.330765 0 0 0 0.330765 0 0.330765 0 -3.22009 1.56626 
0 0 0 0 0 0 0 0 0 0 0 0 0 0 0 0 0 0 0 0 0 0 0 0 0 0 0 0 0 0 0 0.330765 0 0 0 0 0 0 0 0 0 0 0 0 0 0 0 0.330765 0 0 0 0 0 0 0 0.330765 0 0 0 0.330765 0 0.330765 0.330765 -1.98459 
