32
-0 0 0 0 0 0 0 0 0 0 0 0 0 0 0 0 0 0 0 0 0 0 0 0 0 0 0 0 0 0 0 0 
0.398705 -1.88558 0 0.371718 0 0.371718 0 0 0 0.371718 0 0 0 0 0 0 0 0.371718 0 0 0 0 0 0 0 0 0 0 0 0 0 0 
0.398705 0 -1.88558 0.371718 0 0 0.371718 0 0 0 0.371718 0 0 0 0 0 0 0 0.371718 0 0 0 0 0 0 0 0 0 0 0 0 0 
0 0.398705 0.398705 -3.02772 0 0 0 0.743437 0 0 0 0.743437 0 0 0 0 0 0 0 0.743437 0 0 0 0 0 0 0 0 0 0 0 0 
0.398705 0 0 0 -1.88558 0.371718 0.371718 0 0 0 0 0 0.371718 0 0 0 0 0 0 0 0.371718 0 0 0 0 0 0 0 0 0 0 0 
0 0.398705 0 0 0.398705 -3.02772 0 0.743437 0 0 0 0 0 0.743437 0 0 0 0 0 0 0 0.743437 0 0 0 0 0 0 0 0 0 0 
0 0 0.398705 0 0.398705 0 -3.02772 0.743437 0 0 0 0 0 0 0.743437 0 0 0 0 0 0 0 0.743437 0 0 0 0 0 0 0 0 0 
0 0 0 0.398705 0 0.398705 0.398705 -3.42642 0 0 0 0 0 0 0 1.11515 0 0 0 0 0 0 0 1.11515 0 0 0 0 0 0 0 0 
0.398705 0 0 0 0 0 0 0 -1.88558 0.371718 0.371718 0 0.371718 0 0 0 0 0 0 0 0 0 0 0 0.371718 0 0 0 0 0 0 0 
0 0.398705 0 0 0 0 0 0 0.398705 -3.02772 0 0.743437 0 0.743437 0 0 0 0 0 0 0 0 0 0 0 0.743437 0 0 0 0 0 0 
0 0 0.398705 0 0 0 0 0 0.398705 0 -3.02772 0.743437 0 0 0.743437 0 0 0 0 0 0 0 0 0 0 0 0.743437 0 0 0 0 0 
0 0 0 0.398705 0 0 0 0 0 0.398705 0.398705 -3.42642 0 0 0 1.11515 0 0 0 0 0 0 0 0 0 0 0 1.11515 0 0 0 0 
0 0 0 0 0.398705 0 0 0 0.398705 0 0 0 -3.02772 0.743437 0.743437 0 0 0 0 0 0 0 0 0 0 0 0 0 0.743437 0 0 0 
0 0 0 0 0 0.398705 0 0 0 0.398705 0 0 0.398705 -3.42642 0 1.11515 0 0 0 0 0 0 0 0 0 0 0 0 0 1.11515 0 0 
0 0 0 0 0 0 0.398705 0 0 0 0.398705 0 0.398705 0 -3.42642 1.11515 0 0 0 0 0 0 0 0 0 0 0 0 0 0 1.11515 0 
0 0 0 0 0 0 0 0.398705 0 0 0 0.398705 0 0.398705 0.398705 -3.08169 0 0 0 0 0 0 0 0 0 0 0 0 0 0 0 1.48687 
0.398705 0 0 0 0 0 0 0 0 0 0 0 0 0 0 0 -1.88558 0.371718 0.371718 0 0.371718 0 0 0 0.371718 0 0 0 0 0 0 0 
0 0.398705 0 0 0 0 0 0 0 0 0 0 0 0 0 0 0.398705 -3.02772 0 0.743437 0 0.743437 0 0 0 0.743437 0 0 0 0 0 0 
0 0 0.398705 0 0 0 0 0 0 0 0 0 0 0 0 0 0.398705 0 -3.02772 0.743437 0 0 0.743437 0 0 0 0.743437 0 0 0 0 0 
0 0 0 0.398705 0 0 0 0 0 0 0 0 0 0 0 0 0 0.398705 0.398705 -3.42642 0 0 0 1.11515 0 0 0 1.11515 0 0 0 0 
0 0 0 0 0.398705 0 0 0 0 0 0 0 0 0 0 0 0.398705 0 0 0 -3.02772 0.743437 0.743437 0 0 0 0 0 0.743437 0 0 0 
0 0 0 0 0 0.398705 0 0 0 0 0 0 0 0 0 0 0 0.398705 0 0 0.398705 -3.42642 0 1.11515 0 0 0 0 0 1.11515 0 0 
0 0 0 0 0 0 0.398705 0 0 0 0 0 0 0 0 0 0 0 0.398705 0 0.398705 0 -3.42642 1.11515 0 0 0 0 0 0 1.11515 0 
0 0 0 0 0 0 0 0.398705 0 0 0 0 0 0 0 0 0 0 0 0.398705 0 0.398705 0.398705 -3.08169 0 0 0 0 0 0 0 1.48687 
0 0 0 0 0 0 0 0 0.398705 0 0 0 0 0 0 0 0.398705 0 0 0 0 0 0 0 -3.02772 0.743437 0.743437 0 0.743437 0 0 0 
0 0 0 0 0 0 0 0 0 0.398705 0 0 0 0 0 0 0 0.398705 0 0 0 0 0 0 0.398705 -3.42642 0 1.11515 0 1.11515 0 0 
0 0 0 0 0 0 0 0 0 0 0.398705 0 0 0 0 0 0 0 0.398705 0 0 0 0 0 0.398705 0 -3.42642 1.11515 0 0 1.11515 0 
0 0 0 0 0 0 0 0 0 0 0 0.398705 0 0 0 0 0 0 0 0.398705 0 0 0 0 0 0.398705 0.398705 -3.08169 0 0 0 1.48687 
0 0 0 0 0 0 0 0 0 0 0 0 0.398705 0 0 0 0 0 0 0 0.398705 0 0 0 0.398705 0 0 0 -3.42642 1.11515 1.11515 0 
0 0 0 0 0 0 0 0 0 0 0 0 0 0.398705 0 0 0 0 0 0 0 0.398705 0 0 0 0.398705 0 0 0.398705 -3.08169 0 1.48687 
0 0 0 0 0 0 0 0 0 0 0 0 0 0 0.398705 0 0 0 0 0 0 0 0.398705 0 0 0 0.398705 0 0.398705 0 -3.08169 1.48687 
0 0 0 0 0 0 0 0 0 0 0 0 0 0 0 0.398705 0 0 0 0 0 0 0 0.398705 0 0 0 0.398705 0 0.398705 0.398705 -1.99352 
