32
-0 0 0 0 0 0 0 0 0 0 0 0 0 0 0 0 0 0 0 0 0 0 0 0 0 0 0 0 0 0 0 0 
0.260543 -1.55887 0 0.324581 0 0.324581 0 0 0 0.324581 0 0 0 0 0 0 0 0.324581 0 0 0 0 0 0 0 0 0 0 0 0 0 0 
0.260543 0 -1.55887 0.324581 0 0 0.324581 0 0 0 0.324581 0 0 0 0 0 0 0 0.324581 0 0 0 0 0 0 0 0 0 0 0 0 0 
0 0.260543 0.260543 -2.46857 0 0 0 0.649161 0 0 0 0.649161 0 0 0 0 0 0 0 0.649161 0 0 0 0 0 0 0 0 0 0 0 0 
0.260543 0 0 0 -1.55887 0.324581 0.324581 0 0 0 0 0 0.324581 0 0 0 0 0 0 0 0.324581 0 0 0 0 0 0 0 0 0 0 0 
0 0.260543 0 0 0.260543 -2.46857 0 0.649161 0 0 0 0 0 0.649161 0 0 0 0 0 0 0 0.649161 0 0 0 0 0 0 0 0 0 0 
0 0 0.260543 0 0.260543 0 -2.46857 0.649161 0 0 0 0 0 0 0.649161 0 0 0 0 0 0 0 0.649161 0 0 0 0 0 0 0 0 0 
0 0 0 0.260543 0 0.260543 0.260543 -2.72911 0 0 0 0 0 0 0 0.973742 0 0 0 0 0 0 0 0.973742 0 0 0 0 0 0 0 0 
0.260543 0 0 0 0 0 0 0 -1.55887 0.324581 0.324581 0 0.324581 0 0 0 0 0 0 0 0 0 0 0 0.324581 0 0 0 0 0 0 0 
0 0.260543 0 0 0 0 0 0 0.260543 -2.46857 0 0.649161 0 0.649161 0 0 0 0 0 0 0 0 0 0 0 0.649161 0 0 0 0 0 0 
0 0 0.260543 0 0 0 0 0 0.260543 0 -2.46857 0.649161 0 0 0.649161 0 0 0 0 0 0 0 0 0 0 0 0.649161 0 0 0 0 0 
0 0 0 0.260543 0 0 0 0 0 0.260543 0.260543 -2.72911 0 0 0 0.973742 0 0 0 0 0 0 0 0 0 0 0 0.973742 0 0 0 0 
0 0 0 0 0.260543 0 0 0 0.260543 0 0 0 -2.46857 0.649161 0.649161 0 0 0 0 0 0 0 0 0 0 0 0 0 0.649161 0 0 0 
0 0 0 0 0 0.260543 0 0 0 0.260543 0 0 0.260543 -2.72911 0 0.973742 0 0 0 0 0 0 0 0 0 0 0 0 0 0.973742 0 0 
0 0 0 0 0 0 0.260543 0 0 0 0.260543 0 0.260543 0 -2.72911 0.973742 0 0 0 0 0 0 0 0 0 0 0 0 0 0 0.973742 0 
0 0 0 0 0 0 0 0.260543 0 0 0 0.260543 0 0.260543 0.260543 -2.34049 0 0 0 0 0 0 0 0 0 0 0 0 0 0 0 1.29832 
0.260543 0 0 0 0 0 0 0 0 0 0 0 0 0 0 0 -1.55887 0.324581 0.324581 0 0.324581 0 0 0 0.324581 0 0 0 0 0 0 0 
0 0.260543 0 0 0 0 0 0 0 0 0 0 0 0 0 0 0.260543 -2.46857 0 0.649161 0 0.649161 0 0 0 0.649161 0 0 0 0 0 0 
0 0 0.260543 0 0 0 0 0 0 0 0 0 0 0 0 0 0.260543 0 -2.46857 0.649161 0 0 0.649161 0 0 0 0.649161 0 0 0 0 0 
0 0 0 0.260543 0 0 0 0 0 0 0 0 0 0 0 0 0 0.260543 0.260543 -2.72911 0 0 0 0.973742 0 0 0 0.973742 0 0 0 0 
0 0 0 0 0.260543 0 0 0 0 0 0 0 0 0 0 0 0.260543 0 0 0 -2.46857 0.649161 0.649161 0 0 0 0 0 0.649161 0 0 0 
0 0 0 0 0 0.260543 0 0 0 0 0 0 0 0 0 0 0 0.260543 0 0 0.260543 -2.72911 0 0.973742 0 0 0 0 0 0.973742 0 0 
0 0 0 0 0 0 0.260543 0 0 0 0 0 0 0 0 0 0 0 0.260543 0 0.260543 0 -2.72911 0.973742 0 0 0 0 0 0 0.973742 0 
0 0 0 0 0 0 0 0.260543 0 0 0 0 0 0 0 0 0 0 0 0.260543 0 0.260543 0.260543 -2.34049 0 0 0 0 0 0 0 1.29832 
0 0 0 0 0 0 0 0 0.260543 0 0 0 0 0 0 0 0.260543 0 0 0 0 0 0 0 -2.46857 0.649161 0.649161 0 0.649161 0 0 0 
0 0 0 0 0 0 0 0 0 0.260543 0 0 0 0 0 0 0 0.260543 0 0 0 0 0 0 0.260543 -2.72911 0 0.973742 0 0.973742 0 0 
0 0 0 0 0 0 0 0 0 0 0.260543 0 0 0 0 0 0 0 0.260543 0 0 0 0 0 0.260543 0 -2.72911 0.973742 0 0 0.973742 0 
0 0 0 0 0 0 0 0 0 0 0 0.260543 0 0 0 0 0 0 0 0.260543 0 0 0 0 0 0.260543 0.260543 -2.34049 0 0 0 1.29832 
0 0 0 0 0 0 0 0 0 0 0 0 0.260543 0 0 0 0 0 0 0 0.260543 0 0 0 0.260543 0 0 0 -2.72911 0.973742 0.973742 0 
0 0 0 0 0 0 0 0 0 0 0 0 0 0.260543 0 0 0 0 0 0 0 0.260543 0 0 0 0.260543 0 0 0.260543 -2.34049 0 1.29832 
0 0 0 0 0 0 0 0 0 0 0 0 0 0 0.260543 0 0 0 0 0 0 0 0.260543 0 0 0 0.260543 0 0.260543 0 -2.34049 1.29832 
0 0 0 0 0 0 0 0 0 0 0 0 0 0 0 0.260543 0 0 0 0 0 0 0 0.260543 0 0 0 0.260543 0 0.260543 0.260543 -1.30271 
