64
-0 0 0 0 0 0 0 0 0 0 0 0 0 0 0 0 0 0 0 0 0 0 0 0 0 0 0 0 0 0 0 0 0 0 0 0 0 0 0 0 0 0 0 0 0 0 0 0 0 0 0 0 0 0 0 0 0 0 0 0 0 0 0 0 
0.568039 -2.78721 0 0.443833 0 0.443833 0 0 0 0.443833 0 0 0 0 0 0 0 0.443833 0 0 0 0 0 0 0 0 0 0 0 0 0 0 0 0.443833 0 0 0 0 0 0 0 0 0 0 0 0 0 0 0 0 0 0 0 0 0 0 0 0 0 0 0 0 0 0 
0.568039 0 -2.78721 0.443833 0 0 0.443833 0 0 0 0.443833 0 0 0 0 0 0 0 0.443833 0 0 0 0 0 0 0 0 0 0 0 0 0 0 0 0.443833 0 0 0 0 0 0 0 0 0 0 0 0 0 0 0 0 0 0 0 0 0 0 0 0 0 0 0 0 0 
0 0.568039 0.568039 -4.68674 0 0 0 0.887667 0 0 0 0.887667 0 0 0 0 0 0 0 0.887667 0 0 0 0 0 0 0 0 0 0 0 0 0 0 0 0.887667 0 0 0 0 0 0 0 0 0 0 0 0 0 0 0 0 0 0 0 0 0 0 0 0 0 0 0 0 
0.568039 0 0 0 -2.78721 0.443833 0.443833 0 0 0 0 0 0.443833 0 0 0 0 0 0 0 0.443833 0 0 0 0 0 0 0 0 0 0 0 0 0 0 0 0.443833 0 0 0 0 0 0 0 0 0 0 0 0 0 0 0 0 0 0 0 0 0 0 0 0 0 0 0 
0 0.568039 0 0 0.568039 -4.68674 0 0.887667 0 0 0 0 0 0.887667 0 0 0 0 0 0 0 0.887667 0 0 0 0 0 0 0 0 0 0 0 0 0 0 0 0.887667 0 0 0 0 0 0 0 0 0 0 0 0 0 0 0 0 0 0 0 0 0 0 0 0 0 0 
0 0 0.568039 0 0.568039 0 -4.68674 0.887667 0 0 0 0 0 0 0.887667 0 0 0 0 0 0 0 0.887667 0 0 0 0 0 0 0 0 0 0 0 0 0 0 0 0.887667 0 0 0 0 0 0 0 0 0 0 0 0 0 0 0 0 0 0 0 0 0 0 0 0 0 
0 0 0 0.568039 0 0.568039 0.568039 -5.69862 0 0 0 0 0 0 0 1.3315 0 0 0 0 0 0 0 1.3315 0 0 0 0 0 0 0 0 0 0 0 0 0 0 0 1.3315 0 0 0 0 0 0 0 0 0 0 0 0 0 0 0 0 0 0 0 0 0 0 0 0 
0.568039 0 0 0 0 0 0 0 -2.78721 0.443833 0.443833 0 0.443833 0 0 0 0 0 0 0 0 0 0 0 0.443833 0 0 0 0 0 0 0 0 0 0 0 0 0 0 0 0.443833 0 0 0 0 0 0 0 0 0 0 0 0 0 0 0 0 0 0 0 0 0 0 0 
0 0.568039 0 0 0 0 0 0 0.568039 -4.68674 0 0.887667 0 0.887667 0 0 0 0 0 0 0 0 0 0 0 0.887667 0 0 0 0 0 0 0 0 0 0 0 0 0 0 0 0.887667 0 0 0 0 0 0 0 0 0 0 0 0 0 0 0 0 0 0 0 0 0 0 
0 0 0.568039 0 0 0 0 0 0.568039 0 -4.68674 0.887667 0 0 0.887667 0 0 0 0 0 0 0 0 0 0 0 0.887667 0 0 0 0 0 0 0 0 0 0 0 0 0 0 0 0.887667 0 0 0 0 0 0 0 0 0 0 0 0 0 0 0 0 0 0 0 0 0 
0 0 0 0.568039 0 0 0 0 0 0.568039 0.568039 -5.69862 0 0 0 1.3315 0 0 0 0 0 0 0 0 0 0 0 1.3315 0 0 0 0 0 0 0 0 0 0 0 0 0 0 0 1.3315 0 0 0 0 0 0 0 0 0 0 0 0 0 0 0 0 0 0 0 0 
0 0 0 0 0.568039 0 0 0 0.568039 0 0 0 -4.68674 0.887667 0.887667 0 0 0 0 0 0 0 0 0 0 0 0 0 0.887667 0 0 0 0 0 0 0 0 0 0 0 0 0 0 0 0.887667 0 0 0 0 0 0 0 0 0 0 0 0 0 0 0 0 0 0 0 
0 0 0 0 0 0.568039 0 0 0 0.568039 0 0 0.568039 -5.69862 0 1.3315 0 0 0 0 0 0 0 0 0 0 0 0 0 1.3315 0 0 0 0 0 0 0 0 0 0 0 0 0 0 0 1.3315 0 0 0 0 0 0 0 0 0 0 0 0 0 0 0 0 0 0 
0 0 0 0 0 0 0.568039 0 0 0 0.568039 0 0.568039 0 -5.69862 1.3315 0 0 0 0 0 0 0 0 0 0 0 0 0 0 1.3315 0 0 0 0 0 0 0 0 0 0 0 0 0 0 0 1.3315 0 0 0 0 0 0 0 0 0 0 0 0 0 0 0 0 0 
0 0 0 0 0 0 0 0.568039 0 0 0 0.568039 0 0.568039 0.568039 -5.82282 0 0 0 0 0 0 0 0 0 0 0 0 0 0 0 1.77533 0 0 0 0 0 0 0 0 0 0 0 0 0 0 0 1.77533 0 0 0 0 0 0 0 0 0 0 0 0 0 0 0 0 
0.568039 0 0 0 0 0 0 0 0 0 0 0 0 0 0 0 -2.78721 0.443833 0.443833 0 0.443833 0 0 0 0.443833 0 0 0 0 0 0 0 0 0 0 0 0 0 0 0 0 0 0 0 0 0 0 0 0.443833 0 0 0 0 0 0 0 0 0 0 0 0 0 0 0 
0 0.568039 0 0 0 0 0 0 0 0 0 0 0 0 0 0 0.568039 -4.68674 0 0.887667 0 0.887667 0 0 0 0.887667 0 0 0 0 0 0 0 0 0 0 0 0 0 0 0 0 0 0 0 0 0 0 0 0.887667 0 0 0 0 0 0 0 0 0 0 0 0 0 0 
0 0 0.568039 0 0 0 0 0 0 0 0 0 0 0 0 0 0.568039 0 -4.68674 0.887667 0 0 0.887667 0 0 0 0.887667 0 0 0 0 0 0 0 0 0 0 0 0 0 0 0 0 0 0 0 0 0 0 0 0.887667 0 0 0 0 0 0 0 0 0 0 0 0 0 
0 0 0 0.568039 0 0 0 0 0 0 0 0 0 0 0 0 0 0.568039 0.568039 -5.69862 0 0 0 1.3315 0 0 0 1.3315 0 0 0 0 0 0 0 0 0 0 0 0 0 0 0 0 0 0 0 0 0 0 0 1.3315 0 0 0 0 0 0 0 0 0 0 0 0 
0 0 0 0 0.568039 0 0 0 0 0 0 0 0 0 0 0 0.568039 0 0 0 -4.68674 0.887667 0.887667 0 0 0 0 0 0.887667 0 0 0 0 0 0 0 0 0 0 0 0 0 0 0 0 0 0 0 0 0 0 0 0.887667 0 0 0 0 0 0 0 0 0 0 0 
0 0 0 0 0 0.568039 0 0 0 0 0 0 0 0 0 0 0 0.568039 0 0 0.568039 -5.69862 0 1.3315 0 0 0 0 0 1.3315 0 0 0 0 0 0 0 0 0 0 0 0 0 0 0 0 0 0 0 0 0 0 0 1.3315 0 0 0 0 0 0 0 0 0 0 
0 0 0 0 0 0 0.568039 0 0 0 0 0 0 0 0 0 0 0 0.568039 0 0.568039 0 -5.69862 1.3315 0 0 0 0 0 0 1.3315 0 0 0 0 0 0 0 0 0 0 0 0 0 0 0 0 0 0 0 0 0 0 0 1.3315 0 0 0 0 0 0 0 0 0 
0 0 0 0 0 0 0 0.568039 0 0 0 0 0 0 0 0 0 0 0 0.568039 0 0.568039 0.568039 -5.82282 0 0 0 0 0 0 0 1.77533 0 0 0 0 0 0 0 0 0 0 0 0 0 0 0 0 0 0 0 0 0 0 0 1.77533 0 0 0 0 0 0 0 0 
0 0 0 0 0 0 0 0 0.568039 0 0 0 0 0 0 0 0.568039 0 0 0 0 0 0 0 -4.68674 0.887667 0.887667 0 0.887667 0 0 0 0 0 0 0 0 0 0 0 0 0 0 0 0 0 0 0 0 0 0 0 0 0 0 0 0.887667 0 0 0 0 0 0 0 
0 0 0 0 0 0 0 0 0 0.568039 0 0 0 0 0 0 0 0.568039 0 0 0 0 0 0 0.568039 -5.69862 0 1.3315 0 1.3315 0 0 0 0 0 0 0 0 0 0 0 0 0 0 0 0 0 0 0 0 0 0 0 0 0 0 0 1.3315 0 0 0 0 0 0 
0 0 0 0 0 0 0 0 0 0 0.568039 0 0 0 0 0 0 0 0.568039 0 0 0 0 0 0.568039 0 -5.69862 1.3315 0 0 1.3315 0 0 0 0 0 0 0 0 0 0 0 0 0 0 0 0 0 0 0 0 0 0 0 0 0 0 0 1.3315 0 0 0 0 0 
0 0 0 0 0 0 0 0 0 0 0 0.568039 0 0 0 0 0 0 0 0.568039 0 0 0 0 0 0.568039 0.568039 -5.82282 0 0 0 1.77533 0 0 0 0 0 0 0 0 0 0 0 0 0 0 0 0 0 0 0 0 0 0 0 0 0 0 0 1.77533 0 0 0 0 
0 0 0 0 0 0 0 0 0 0 0 0 0.568039 0 0 0 0 0 0 0 0.568039 0 0 0 0.568039 0 0 0 -5.69862 1.3315 1.3315 0 0 0 0 0 0 0 0 0 0 0 0 0 0 0 0 0 0 0 0 0 0 0 0 0 0 0 0 0 1.3315 0 0 0 
0 0 0 0 0 0 0 0 0 0 0 0 0 0.568039 0 0 0 0 0 0 0 0.568039 0 0 0 0.568039 0 0 0.568039 -5.82282 0 1.77533 0 0 0 0 0 0 0 0 0 0 0 0 0 0 0 0 0 0 0 0 0 0 0 0 0 0 0 0 0 1.77533 0 0 
0 0 0 0 0 0 0 0 0 0 0 0 0 0 0.568039 0 0 0 0 0 0 0 0.568039 0 0 0 0.568039 0 0.568039 0 -5.82282 1.77533 0 0 0 0 0 0 0 0 0 0 0 0 0 0 0 0 0 0 0 0 0 0 0 0 0 0 0 0 0 0 1.77533 0 
0 0 0 0 0 0 0 0 0 0 0 0 0 0 0 0.568039 0 0 0 0 0 0 0 0.568039 0 0 0 0.568039 0 0.568039 0.568039 -5.05936 0 0 0 0 0 0 0 0 0 0 0 0 0 0 0 0 0 0 0 0 0 0 0 0 0 0 0 0 0 0 0 2.21917 
0.568039 0 0 0 0 0 0 0 0 0 0 0 0 0 0 0 0 0 0 0 0 0 0 0 0 0 0 0 0 0 0 0 -2.78721 0.443833 0.443833 0 0.443833 0 0 0 0.443833 0 0 0 0 0 0 0 0.443833 0 0 0 0 0 0 0 0 0 0 0 0 0 0 0 
0 0.568039 0 0 0 0 0 0 0 0 0 0 0 0 0 0 0 0 0 0 0 0 0 0 0 0 0 0 0 0 0 0 0.568039 -4.68674 0 0.887667 0 0.887667 0 0 0 0.887667 0 0 0 0 0 0 0 0.887667 0 0 0 0 0 0 0 0 0 0 0 0 0 0 
0 0 0.568039 0 0 0 0 0 0 0 0 0 0 0 0 0 0 0 0 0 0 0 0 0 0 0 0 0 0 0 0 0 0.568039 0 -4.68674 0.887667 0 0 0.887667 0 0 0 0.887667 0 0 0 0 0 0 0 0.887667 0 0 0 0 0 0 0 0 0 0 0 0 0 
0 0 0 0.568039 0 0 0 0 0 0 0 0 0 0 0 0 0 0 0 0 0 0 0 0 0 0 0 0 0 0 0 0 0 0.568039 0.568039 -5.69862 0 0 0 1.3315 0 0 0 1.3315 0 0 0 0 0 0 0 1.3315 0 0 0 0 0 0 0 0 0 0 0 0 
0 0 0 0 0.568039 0 0 0 0 0 0 0 0 0 0 0 0 0 0 0 0 0 0 0 0 0 0 0 0 0 0 0 0.568039 0 0 0 -4.68674 0.887667 0.887667 0 0 0 0 0 0.887667 0 0 0 0 0 0 0 0.887667 0 0 0 0 0 0 0 0 0 0 0 
0 0 0 0 0 0.568039 0 0 0 0 0 0 0 0 0 0 0 0 0 0 0 0 0 0 0 0 0 0 0 0 0 0 0 0.568039 0 0 0.568039 -5.69862 0 1.3315 0 0 0 0 0 1.3315 0 0 0 0 0 0 0 1.3315 0 0 0 0 0 0 0 0 0 0 
0 0 0 0 0 0 0.568039 0 0 0 0 0 0 0 0 0 0 0 0 0 0 0 0 0 0 0 0 0 0 0 0 0 0 0 0.568039 0 0.568039 0 -5.69862 1.3315 0 0 0 0 0 0 1.3315 0 0 0 0 0 0 0 1.3315 0 0 0 0 0 0 0 0 0 
0 0 0 0 0 0 0 0.568039 0 0 0 0 0 0 0 0 0 0 0 0 0 0 0 0 0 0 0 0 0 0 0 0 0 0 0 0.568039 0 0.568039 0.568039 -5.82282 0 0 0 0 0 0 0 1.77533 0 0 0 0 0 0 0 1.77533 0 0 0 0 0 0 0 0 
0 0 0 0 0 0 0 0 0.568039 0 0 0 0 0 0 0 0 0 0 0 0 0 0 0 0 0 0 0 0 0 0 0 0.568039 0 0 0 0 0 0 0 -4.68674 0.887667 0.887667 0 0.887667 0 0 0 0 0 0 0 0 0 0 0 0.887667 0 0 0 0 0 0 0 
0 0 0 0 0 0 0 0 0 0.568039 0 0 0 0 0 0 0 0 0 0 0 0 0 0 0 0 0 0 0 0 0 0 0 0.568039 0 0 0 0 0 0 0.568039 -5.69862 0 1.3315 0 1.3315 0 0 0 0 0 0 0 0 0 0 0 1.3315 0 0 0 0 0 0 
0 0 0 0 0 0 0 0 0 0 0.568039 0 0 0 0 0 0 0 0 0 0 0 0 0 0 0 0 0 0 0 0 0 0 0 0.568039 0 0 0 0 0 0.568039 0 -5.69862 1.3315 0 0 1.3315 0 0 0 0 0 0 0 0 0 0 0 1.3315 0 0 0 0 0 
0 0 0 0 0 0 0 0 0 0 0 0.568039 0 0 0 0 0 0 0 0 0 0 0 0 0 0 0 0 0 0 0 0 0 0 0 0.568039 0 0 0 0 0 0.568039 0.568039 -5.82282 0 0 0 1.77533 0 0 0 0 0 0 0 0 0 0 0 1.77533 0 0 0 0 
0 0 0 0 0 0 0 0 0 0 0 0 0.568039 0 0 0 0 0 0 0 0 0 0 0 0 0 0 0 0 0 0 0 0 0 0 0 0.568039 0 0 0 0.568039 0 0 0 -5.69862 1.3315 1.3315 0 0 0 0 0 0 0 0 0 0 0 0 0 1.3315 0 0 0 
0 0 0 0 0 0 0 0 0 0 0 0 0 0.568039 0 0 0 0 0 0 0 0 0 0 0 0 0 0 0 0 0 0 0 0 0 0 0 0.568039 0 0 0 0.568039 0 0 0.568039 -5.82282 0 1.77533 0 0 0 0 0 0 0 0 0 0 0 0 0 1.77533 0 0 
0 0 0 0 0 0 0 0 0 0 0 0 0 0 0.568039 0 0 0 0 0 0 0 0 0 0 0 0 0 0 0 0 0 0 0 0 0 0 0 0.568039 0 0 0 0.568039 0 0.568039 0 -5.82282 1.77533 0 0 0 0 0 0 0 0 0 0 0 0 0 0 1.77533 0 
0 0 0 0 0 0 0 0 0 0 0 0 0 0 0 0.568039 0 0 0 0 0 0 0 0 0 0 0 0 0 0 0 0 0 0 0 0 0 0 0 0.568039 0 0 0 0.568039 0 0.568039 0.568039 -5.05936 0 0 0 0 0 0 0 0 0 0 0 0 0 0 0 2.21917 
0 0 0 0 0 0 0 0 0 0 0 0 0 0 0 0 0.568039 0 0 0 0 0 0 0 0 0 0 0 0 0 0 0 0.568039 0 0 0 0 0 0 0 0 0 0 0 0 0 0 0 -4.68674 0.887667 0.887667 0 0.887667 0 0 0 0.887667 0 0 0 0 0 0 0 
0 0 0 0 0 0 0 0 0 0 0 0 0 0 0 0 0 0.568039 0 0 0 0 0 0 0 0 0 0 0 0 0 0 0 0.568039 0 0 0 0 0 0 0 0 0 0 0 0 0 0 0.568039 -5.69862 0 1.3315 0 1.3315 0 0 0 1.3315 0 0 0 0 0 0 
0 0 0 0 0 0 0 0 0 0 0 0 0 0 0 0 0 0 0.568039 0 0 0 0 0 0 0 0 0 0 0 0 0 0 0 0.568039 0 0 0 0 0 0 0 0 0 0 0 0 0 0.568039 0 -5.69862 1.3315 0 0 1.3315 0 0 0 1.3315 0 0 0 0 0 
0 0 0 0 0 0 0 0 0 0 0 0 0 0 0 0 0 0 0 0.568039 0 0 0 0 0 0 0 0 0 0 0 0 0 0 0 0.568039 0 0 0 0 0 0 0 0 0 0 0 0 0 0.568039 0.568039 -5.82282 0 0 0 1.77533 0 0 0 1.77533 0 0 0 0 
0 0 0 0 0 0 0 0 0 0 0 0 0 0 0 0 0 0 0 0 0.568039 0 0 0 0 0 0 0 0 0 0 0 0 0 0 0 0.568039 0 0 0 0 0 0 0 0 0 0 0 0.568039 0 0 0 -5.69862 1.3315 1.3315 0 0 0 0 0 1.3315 0 0 0 
0 0 0 0 0 0 0 0 0 0 0 0 0 0 0 0 0 0 0 0 0 0.568039 0 0 0 0 0 0 0 0 0 0 0 0 0 0 0 0.568039 0 0 0 0 0 0 0 0 0 0 0 0.568039 0 0 0.568039 -5.82282 0 1.77533 0 0 0 0 0 1.77533 0 0 
0 0 0 0 0 0 0 0 0 0 0 0 0 0 0 0 0 0 0 0 0 0 0.568039 0 0 0 0 0 0 0 0 0 0 0 0 0 0 0 0.568039 0 0 0 0 0 0 0 0 0 0 0 0.568039 0 0.568039 0 -5.82282 1.77533 0 0 0 0 0 0 1.77533 0 
0 0 0 0 0 0 0 0 0 0 0 0 0 0 0 0 0 0 0 0 0 0 0 0.568039 0 0 0 0 0 0 0 0 0 0 0 0 0 0 0 0.568039 0 0 0 0 0 0 0 0 0 0 0 0.568039 0 0.568039 0.568039 -5.05936 0 0 0 0 0 0 0 2.21917 
0 0 0 0 0 0 0 0 0 0 0 0 0 0 0 0 0 0 0 0 0 0 0 0 0.568039 0 0 0 0 0 0 0 0 0 0 0 0 0 0 0 0.568039 0 0 0 0 0 0 0 0.568039 0 0 0 0 0 0 0 -5.69862 1.3315 1.3315 0 1.3315 0 0 0 
0 0 0 0 0 0 0 0 0 0 0 0 0 0 0 0 0 0 0 0 0 0 0 0 0 0.568039 0 0 0 0 0 0 0 0 0 0 0 0 0 0 0 0.568039 0 0 0 0 0 0 0 0.568039 0 0 0 0 0 0 0.568039 -5.82282 0 1.77533 0 1.77533 0 0 
0 0 0 0 0 0 0 0 0 0 0 0 0 0 0 0 0 0 0 0 0 0 0 0 0 0 0.568039 0 0 0 0 0 0 0 0 0 0 0 0 0 0 0 0.568039 0 0 0 0 0 0 0 0.568039 0 0 0 0 0 0.568039 0 -5.82282 1.77533 0 0 1.77533 0 
0 0 0 0 0 0 0 0 0 0 0 0 0 0 0 0 0 0 0 0 0 0 0 0 0 0 0 0.568039 0 0 0 0 0 0 0 0 0 0 0 0 0 0 0 0.568039 0 0 0 0 0 0 0 0.568039 0 0 0 0 0 0.568039 0.568039 -5.05936 0 0 0 2.21917 
0 0 0 0 0 0 0 0 0 0 0 0 0 0 0 0 0 0 0 0 0 0 0 0 0 0 0 0 0.568039 0 0 0 0 0 0 0 0 0 0 0 0 0 0 0 0.568039 0 0 0 0 0 0 0 0.568039 0 0 0 0.568039 0 0 0 -5.82282 1.77533 1.77533 0 
0 0 0 0 0 0 0 0 0 0 0 0 0 0 0 0 0 0 0 0 0 0 0 0 0 0 0 0 0 0.568039 0 0 0 0 0 0 0 0 0 0 0 0 0 0 0 0.568039 0 0 0 0 0 0 0 0.568039 0 0 0 0.568039 0 0 0.568039 -5.05936 0 2.21917 
0 0 0 0 0 0 0 0 0 0 0 0 0 0 0 0 0 0 0 0 0 0 0 0 0 0 0 0 0 0 0.568039 0 0 0 0 0 0 0 0 0 0 0 0 0 0 0 0.568039 0 0 0 0 0 0 0 0.568039 0 0 0 0.568039 0 0.568039 0 -5.05936 2.21917 
0 0 0 0 0 0 0 0 0 0 0 0 0 0 0 0 0 0 0 0 0 0 0 0 0 0 0 0 0 0 0 0.568039 0 0 0 0 0 0 0 0 0 0 0 0 0 0 0 0.568039 0 0 0 0 0 0 0 0.568039 0 0 0 0.568039 0 0.568039 0.568039 -3.40823 
