32
-0 0 0 0 0 0 0 0 0 0 0 0 0 0 0 0 0 0 0 0 0 0 0 0 0 0 0 0 0 0 0 0 
0.163134 -1.15534 0 0.248053 0 0.248053 0 0 0 0.248053 0 0 0 0 0 0 0 0.248053 0 0 0 0 0 0 0 0 0 0 0 0 0 0 
0.163134 0 -1.15534 0.248053 0 0 0.248053 0 0 0 0.248053 0 0 0 0 0 0 0 0.248053 0 0 0 0 0 0 0 0 0 0 0 0 0 
0 0.163134 0.163134 -1.81458 0 0 0 0.496105 0 0 0 0.496105 0 0 0 0 0 0 0 0.496105 0 0 0 0 0 0 0 0 0 0 0 0 
0.163134 0 0 0 -1.15534 0.248053 0.248053 0 0 0 0 0 0.248053 0 0 0 0 0 0 0 0.248053 0 0 0 0 0 0 0 0 0 0 0 
0 0.163134 0 0 0.163134 -1.81458 0 0.496105 0 0 0 0 0 0.496105 0 0 0 0 0 0 0 0.496105 0 0 0 0 0 0 0 0 0 0 
0 0 0.163134 0 0.163134 0 -1.81458 0.496105 0 0 0 0 0 0 0.496105 0 0 0 0 0 0 0 0.496105 0 0 0 0 0 0 0 0 0 
0 0 0 0.163134 0 0.163134 0.163134 -1.97772 0 0 0 0 0 0 0 0.744158 0 0 0 0 0 0 0 0.744158 0 0 0 0 0 0 0 0 
0.163134 0 0 0 0 0 0 0 -1.15534 0.248053 0.248053 0 0.248053 0 0 0 0 0 0 0 0 0 0 0 0.248053 0 0 0 0 0 0 0 
0 0.163134 0 0 0 0 0 0 0.163134 -1.81458 0 0.496105 0 0.496105 0 0 0 0 0 0 0 0 0 0 0 0.496105 0 0 0 0 0 0 
0 0 0.163134 0 0 0 0 0 0.163134 0 -1.81458 0.496105 0 0 0.496105 0 0 0 0 0 0 0 0 0 0 0 0.496105 0 0 0 0 0 
0 0 0 0.163134 0 0 0 0 0 0.163134 0.163134 -1.97772 0 0 0 0.744158 0 0 0 0 0 0 0 0 0 0 0 0.744158 0 0 0 0 
0 0 0 0 0.163134 0 0 0 0.163134 0 0 0 -1.81458 0.496105 0.496105 0 0 0 0 0 0 0 0 0 0 0 0 0 0.496105 0 0 0 
0 0 0 0 0 0.163134 0 0 0 0.163134 0 0 0.163134 -1.97772 0 0.744158 0 0 0 0 0 0 0 0 0 0 0 0 0 0.744158 0 0 
0 0 0 0 0 0 0.163134 0 0 0 0.163134 0 0.163134 0 -1.97772 0.744158 0 0 0 0 0 0 0 0 0 0 0 0 0 0 0.744158 0 
0 0 0 0 0 0 0 0.163134 0 0 0 0.163134 0 0.163134 0.163134 -1.64474 0 0 0 0 0 0 0 0 0 0 0 0 0 0 0 0.99221 
0.163134 0 0 0 0 0 0 0 0 0 0 0 0 0 0 0 -1.15534 0.248053 0.248053 0 0.248053 0 0 0 0.248053 0 0 0 0 0 0 0 
0 0.163134 0 0 0 0 0 0 0 0 0 0 0 0 0 0 0.163134 -1.81458 0 0.496105 0 0.496105 0 0 0 0.496105 0 0 0 0 0 0 
0 0 0.163134 0 0 0 0 0 0 0 0 0 0 0 0 0 0.163134 0 -1.81458 0.496105 0 0 0.496105 0 0 0 0.496105 0 0 0 0 0 
0 0 0 0.163134 0 0 0 0 0 0 0 0 0 0 0 0 0 0.163134 0.163134 -1.97772 0 0 0 0.744158 0 0 0 0.744158 0 0 0 0 
0 0 0 0 0.163134 0 0 0 0 0 0 0 0 0 0 0 0.163134 0 0 0 -1.81458 0.496105 0.496105 0 0 0 0 0 0.496105 0 0 0 
0 0 0 0 0 0.163134 0 0 0 0 0 0 0 0 0 0 0 0.163134 0 0 0.163134 -1.97772 0 0.744158 0 0 0 0 0 0.744158 0 0 
0 0 0 0 0 0 0.163134 0 0 0 0 0 0 0 0 0 0 0 0.163134 0 0.163134 0 -1.97772 0.744158 0 0 0 0 0 0 0.744158 0 
0 0 0 0 0 0 0 0.163134 0 0 0 0 0 0 0 0 0 0 0 0.163134 0 0.163134 0.163134 -1.64474 0 0 0 0 0 0 0 0.99221 
0 0 0 0 0 0 0 0 0.163134 0 0 0 0 0 0 0 0.163134 0 0 0 0 0 0 0 -1.81458 0.496105 0.496105 0 0.496105 0 0 0 
0 0 0 0 0 0 0 0 0 0.163134 0 0 0 0 0 0 0 0.163134 0 0 0 0 0 0 0.163134 -1.97772 0 0.744158 0 0.744158 0 0 
0 0 0 0 0 0 0 0 0 0 0.163134 0 0 0 0 0 0 0 0.163134 0 0 0 0 0 0.163134 0 -1.97772 0.744158 0 0 0.744158 0 
0 0 0 0 0 0 0 0 0 0 0 0.163134 0 0 0 0 0 0 0 0.163134 0 0 0 0 0 0.163134 0.163134 -1.64474 0 0 0 0.99221 
0 0 0 0 0 0 0 0 0 0 0 0 0.163134 0 0 0 0 0 0 0 0.163134 0 0 0 0.163134 0 0 0 -1.97772 0.744158 0.744158 0 
0 0 0 0 0 0 0 0 0 0 0 0 0 0.163134 0 0 0 0 0 0 0 0.163134 0 0 0 0.163134 0 0 0.163134 -1.64474 0 0.99221 
0 0 0 0 0 0 0 0 0 0 0 0 0 0 0.163134 0 0 0 0 0 0 0 0.163134 0 0 0 0.163134 0 0.163134 0 -1.64474 0.99221 
0 0 0 0 0 0 0 0 0 0 0 0 0 0 0 0.163134 0 0 0 0 0 0 0 0.163134 0 0 0 0.163134 0 0.163134 0.163134 -0.815668 
