64
-0 0 0 0 0 0 0 0 0 0 0 0 0 0 0 0 0 0 0 0 0 0 0 0 0 0 0 0 0 0 0 0 0 0 0 0 0 0 0 0 0 0 0 0 0 0 0 0 0 0 0 0 0 0 0 0 0 0 0 0 0 0 0 0 
0.746916 -3.2727 0 0.505158 0 0.505158 0 0 0 0.505158 0 0 0 0 0 0 0 0.505158 0 0 0 0 0 0 0 0 0 0 0 0 0 0 0 0.505158 0 0 0 0 0 0 0 0 0 0 0 0 0 0 0 0 0 0 0 0 0 0 0 0 0 0 0 0 0 0 
0.746916 0 -3.2727 0.505158 0 0 0.505158 0 0 0 0.505158 0 0 0 0 0 0 0 0.505158 0 0 0 0 0 0 0 0 0 0 0 0 0 0 0 0.505158 0 0 0 0 0 0 0 0 0 0 0 0 0 0 0 0 0 0 0 0 0 0 0 0 0 0 0 0 0 
0 0.746916 0.746916 -5.53509 0 0 0 1.01032 0 0 0 1.01032 0 0 0 0 0 0 0 1.01032 0 0 0 0 0 0 0 0 0 0 0 0 0 0 0 1.01032 0 0 0 0 0 0 0 0 0 0 0 0 0 0 0 0 0 0 0 0 0 0 0 0 0 0 0 0 
0.746916 0 0 0 -3.2727 0.505158 0.505158 0 0 0 0 0 0.505158 0 0 0 0 0 0 0 0.505158 0 0 0 0 0 0 0 0 0 0 0 0 0 0 0 0.505158 0 0 0 0 0 0 0 0 0 0 0 0 0 0 0 0 0 0 0 0 0 0 0 0 0 0 0 
0 0.746916 0 0 0.746916 -5.53509 0 1.01032 0 0 0 0 0 1.01032 0 0 0 0 0 0 0 1.01032 0 0 0 0 0 0 0 0 0 0 0 0 0 0 0 1.01032 0 0 0 0 0 0 0 0 0 0 0 0 0 0 0 0 0 0 0 0 0 0 0 0 0 0 
0 0 0.746916 0 0.746916 0 -5.53509 1.01032 0 0 0 0 0 0 1.01032 0 0 0 0 0 0 0 1.01032 0 0 0 0 0 0 0 0 0 0 0 0 0 0 0 1.01032 0 0 0 0 0 0 0 0 0 0 0 0 0 0 0 0 0 0 0 0 0 0 0 0 0 
0 0 0 0.746916 0 0.746916 0.746916 -6.78717 0 0 0 0 0 0 0 1.51547 0 0 0 0 0 0 0 1.51547 0 0 0 0 0 0 0 0 0 0 0 0 0 0 0 1.51547 0 0 0 0 0 0 0 0 0 0 0 0 0 0 0 0 0 0 0 0 0 0 0 0 
0.746916 0 0 0 0 0 0 0 -3.2727 0.505158 0.505158 0 0.505158 0 0 0 0 0 0 0 0 0 0 0 0.505158 0 0 0 0 0 0 0 0 0 0 0 0 0 0 0 0.505158 0 0 0 0 0 0 0 0 0 0 0 0 0 0 0 0 0 0 0 0 0 0 0 
0 0.746916 0 0 0 0 0 0 0.746916 -5.53509 0 1.01032 0 1.01032 0 0 0 0 0 0 0 0 0 0 0 1.01032 0 0 0 0 0 0 0 0 0 0 0 0 0 0 0 1.01032 0 0 0 0 0 0 0 0 0 0 0 0 0 0 0 0 0 0 0 0 0 0 
0 0 0.746916 0 0 0 0 0 0.746916 0 -5.53509 1.01032 0 0 1.01032 0 0 0 0 0 0 0 0 0 0 0 1.01032 0 0 0 0 0 0 0 0 0 0 0 0 0 0 0 1.01032 0 0 0 0 0 0 0 0 0 0 0 0 0 0 0 0 0 0 0 0 0 
0 0 0 0.746916 0 0 0 0 0 0.746916 0.746916 -6.78717 0 0 0 1.51547 0 0 0 0 0 0 0 0 0 0 0 1.51547 0 0 0 0 0 0 0 0 0 0 0 0 0 0 0 1.51547 0 0 0 0 0 0 0 0 0 0 0 0 0 0 0 0 0 0 0 0 
0 0 0 0 0.746916 0 0 0 0.746916 0 0 0 -5.53509 1.01032 1.01032 0 0 0 0 0 0 0 0 0 0 0 0 0 1.01032 0 0 0 0 0 0 0 0 0 0 0 0 0 0 0 1.01032 0 0 0 0 0 0 0 0 0 0 0 0 0 0 0 0 0 0 0 
0 0 0 0 0 0.746916 0 0 0 0.746916 0 0 0.746916 -6.78717 0 1.51547 0 0 0 0 0 0 0 0 0 0 0 0 0 1.51547 0 0 0 0 0 0 0 0 0 0 0 0 0 0 0 1.51547 0 0 0 0 0 0 0 0 0 0 0 0 0 0 0 0 0 0 
0 0 0 0 0 0 0.746916 0 0 0 0.746916 0 0.746916 0 -6.78717 1.51547 0 0 0 0 0 0 0 0 0 0 0 0 0 0 1.51547 0 0 0 0 0 0 0 0 0 0 0 0 0 0 0 1.51547 0 0 0 0 0 0 0 0 0 0 0 0 0 0 0 0 0 
0 0 0 0 0 0 0 0.746916 0 0 0 0.746916 0 0.746916 0.746916 -7.02892 0 0 0 0 0 0 0 0 0 0 0 0 0 0 0 2.02063 0 0 0 0 0 0 0 0 0 0 0 0 0 0 0 2.02063 0 0 0 0 0 0 0 0 0 0 0 0 0 0 0 0 
0.746916 0 0 0 0 0 0 0 0 0 0 0 0 0 0 0 -3.2727 0.505158 0.505158 0 0.505158 0 0 0 0.505158 0 0 0 0 0 0 0 0 0 0 0 0 0 0 0 0 0 0 0 0 0 0 0 0.505158 0 0 0 0 0 0 0 0 0 0 0 0 0 0 0 
0 0.746916 0 0 0 0 0 0 0 0 0 0 0 0 0 0 0.746916 -5.53509 0 1.01032 0 1.01032 0 0 0 1.01032 0 0 0 0 0 0 0 0 0 0 0 0 0 0 0 0 0 0 0 0 0 0 0 1.01032 0 0 0 0 0 0 0 0 0 0 0 0 0 0 
0 0 0.746916 0 0 0 0 0 0 0 0 0 0 0 0 0 0.746916 0 -5.53509 1.01032 0 0 1.01032 0 0 0 1.01032 0 0 0 0 0 0 0 0 0 0 0 0 0 0 0 0 0 0 0 0 0 0 0 1.01032 0 0 0 0 0 0 0 0 0 0 0 0 0 
0 0 0 0.746916 0 0 0 0 0 0 0 0 0 0 0 0 0 0.746916 0.746916 -6.78717 0 0 0 1.51547 0 0 0 1.51547 0 0 0 0 0 0 0 0 0 0 0 0 0 0 0 0 0 0 0 0 0 0 0 1.51547 0 0 0 0 0 0 0 0 0 0 0 0 
0 0 0 0 0.746916 0 0 0 0 0 0 0 0 0 0 0 0.746916 0 0 0 -5.53509 1.01032 1.01032 0 0 0 0 0 1.01032 0 0 0 0 0 0 0 0 0 0 0 0 0 0 0 0 0 0 0 0 0 0 0 1.01032 0 0 0 0 0 0 0 0 0 0 0 
0 0 0 0 0 0.746916 0 0 0 0 0 0 0 0 0 0 0 0.746916 0 0 0.746916 -6.78717 0 1.51547 0 0 0 0 0 1.51547 0 0 0 0 0 0 0 0 0 0 0 0 0 0 0 0 0 0 0 0 0 0 0 1.51547 0 0 0 0 0 0 0 0 0 0 
0 0 0 0 0 0 0.746916 0 0 0 0 0 0 0 0 0 0 0 0.746916 0 0.746916 0 -6.78717 1.51547 0 0 0 0 0 0 1.51547 0 0 0 0 0 0 0 0 0 0 0 0 0 0 0 0 0 0 0 0 0 0 0 1.51547 0 0 0 0 0 0 0 0 0 
0 0 0 0 0 0 0 0.746916 0 0 0 0 0 0 0 0 0 0 0 0.746916 0 0.746916 0.746916 -7.02892 0 0 0 0 0 0 0 2.02063 0 0 0 0 0 0 0 0 0 0 0 0 0 0 0 0 0 0 0 0 0 0 0 2.02063 0 0 0 0 0 0 0 0 
0 0 0 0 0 0 0 0 0.746916 0 0 0 0 0 0 0 0.746916 0 0 0 0 0 0 0 -5.53509 1.01032 1.01032 0 1.01032 0 0 0 0 0 0 0 0 0 0 0 0 0 0 0 0 0 0 0 0 0 0 0 0 0 0 0 1.01032 0 0 0 0 0 0 0 
0 0 0 0 0 0 0 0 0 0.746916 0 0 0 0 0 0 0 0.746916 0 0 0 0 0 0 0.746916 -6.78717 0 1.51547 0 1.51547 0 0 0 0 0 0 0 0 0 0 0 0 0 0 0 0 0 0 0 0 0 0 0 0 0 0 0 1.51547 0 0 0 0 0 0 
0 0 0 0 0 0 0 0 0 0 0.746916 0 0 0 0 0 0 0 0.746916 0 0 0 0 0 0.746916 0 -6.78717 1.51547 0 0 1.51547 0 0 0 0 0 0 0 0 0 0 0 0 0 0 0 0 0 0 0 0 0 0 0 0 0 0 0 1.51547 0 0 0 0 0 
0 0 0 0 0 0 0 0 0 0 0 0.746916 0 0 0 0 0 0 0 0.746916 0 0 0 0 0 0.746916 0.746916 -7.02892 0 0 0 2.02063 0 0 0 0 0 0 0 0 0 0 0 0 0 0 0 0 0 0 0 0 0 0 0 0 0 0 0 2.02063 0 0 0 0 
0 0 0 0 0 0 0 0 0 0 0 0 0.746916 0 0 0 0 0 0 0 0.746916 0 0 0 0.746916 0 0 0 -6.78717 1.51547 1.51547 0 0 0 0 0 0 0 0 0 0 0 0 0 0 0 0 0 0 0 0 0 0 0 0 0 0 0 0 0 1.51547 0 0 0 
0 0 0 0 0 0 0 0 0 0 0 0 0 0.746916 0 0 0 0 0 0 0 0.746916 0 0 0 0.746916 0 0 0.746916 -7.02892 0 2.02063 0 0 0 0 0 0 0 0 0 0 0 0 0 0 0 0 0 0 0 0 0 0 0 0 0 0 0 0 0 2.02063 0 0 
0 0 0 0 0 0 0 0 0 0 0 0 0 0 0.746916 0 0 0 0 0 0 0 0.746916 0 0 0 0.746916 0 0.746916 0 -7.02892 2.02063 0 0 0 0 0 0 0 0 0 0 0 0 0 0 0 0 0 0 0 0 0 0 0 0 0 0 0 0 0 0 2.02063 0 
0 0 0 0 0 0 0 0 0 0 0 0 0 0 0 0.746916 0 0 0 0 0 0 0 0.746916 0 0 0 0.746916 0 0.746916 0.746916 -6.26037 0 0 0 0 0 0 0 0 0 0 0 0 0 0 0 0 0 0 0 0 0 0 0 0 0 0 0 0 0 0 0 2.52579 
0.746916 0 0 0 0 0 0 0 0 0 0 0 0 0 0 0 0 0 0 0 0 0 0 0 0 0 0 0 0 0 0 0 -3.2727 0.505158 0.505158 0 0.505158 0 0 0 0.505158 0 0 0 0 0 0 0 0.505158 0 0 0 0 0 0 0 0 0 0 0 0 0 0 0 
0 0.746916 0 0 0 0 0 0 0 0 0 0 0 0 0 0 0 0 0 0 0 0 0 0 0 0 0 0 0 0 0 0 0.746916 -5.53509 0 1.01032 0 1.01032 0 0 0 1.01032 0 0 0 0 0 0 0 1.01032 0 0 0 0 0 0 0 0 0 0 0 0 0 0 
0 0 0.746916 0 0 0 0 0 0 0 0 0 0 0 0 0 0 0 0 0 0 0 0 0 0 0 0 0 0 0 0 0 0.746916 0 -5.53509 1.01032 0 0 1.01032 0 0 0 1.01032 0 0 0 0 0 0 0 1.01032 0 0 0 0 0 0 0 0 0 0 0 0 0 
0 0 0 0.746916 0 0 0 0 0 0 0 0 0 0 0 0 0 0 0 0 0 0 0 0 0 0 0 0 0 0 0 0 0 0.746916 0.746916 -6.78717 0 0 0 1.51547 0 0 0 1.51547 0 0 0 0 0 0 0 1.51547 0 0 0 0 0 0 0 0 0 0 0 0 
0 0 0 0 0.746916 0 0 0 0 0 0 0 0 0 0 0 0 0 0 0 0 0 0 0 0 0 0 0 0 0 0 0 0.746916 0 0 0 -5.53509 1.01032 1.01032 0 0 0 0 0 1.01032 0 0 0 0 0 0 0 1.01032 0 0 0 0 0 0 0 0 0 0 0 
0 0 0 0 0 0.746916 0 0 0 0 0 0 0 0 0 0 0 0 0 0 0 0 0 0 0 0 0 0 0 0 0 0 0 0.746916 0 0 0.746916 -6.78717 0 1.51547 0 0 0 0 0 1.51547 0 0 0 0 0 0 0 1.51547 0 0 0 0 0 0 0 0 0 0 
0 0 0 0 0 0 0.746916 0 0 0 0 0 0 0 0 0 0 0 0 0 0 0 0 0 0 0 0 0 0 0 0 0 0 0 0.746916 0 0.746916 0 -6.78717 1.51547 0 0 0 0 0 0 1.51547 0 0 0 0 0 0 0 1.51547 0 0 0 0 0 0 0 0 0 
0 0 0 0 0 0 0 0.746916 0 0 0 0 0 0 0 0 0 0 0 0 0 0 0 0 0 0 0 0 0 0 0 0 0 0 0 0.746916 0 0.746916 0.746916 -7.02892 0 0 0 0 0 0 0 2.02063 0 0 0 0 0 0 0 2.02063 0 0 0 0 0 0 0 0 
0 0 0 0 0 0 0 0 0.746916 0 0 0 0 0 0 0 0 0 0 0 0 0 0 0 0 0 0 0 0 0 0 0 0.746916 0 0 0 0 0 0 0 -5.53509 1.01032 1.01032 0 1.01032 0 0 0 0 0 0 0 0 0 0 0 1.01032 0 0 0 0 0 0 0 
0 0 0 0 0 0 0 0 0 0.746916 0 0 0 0 0 0 0 0 0 0 0 0 0 0 0 0 0 0 0 0 0 0 0 0.746916 0 0 0 0 0 0 0.746916 -6.78717 0 1.51547 0 1.51547 0 0 0 0 0 0 0 0 0 0 0 1.51547 0 0 0 0 0 0 
0 0 0 0 0 0 0 0 0 0 0.746916 0 0 0 0 0 0 0 0 0 0 0 0 0 0 0 0 0 0 0 0 0 0 0 0.746916 0 0 0 0 0 0.746916 0 -6.78717 1.51547 0 0 1.51547 0 0 0 0 0 0 0 0 0 0 0 1.51547 0 0 0 0 0 
0 0 0 0 0 0 0 0 0 0 0 0.746916 0 0 0 0 0 0 0 0 0 0 0 0 0 0 0 0 0 0 0 0 0 0 0 0.746916 0 0 0 0 0 0.746916 0.746916 -7.02892 0 0 0 2.02063 0 0 0 0 0 0 0 0 0 0 0 2.02063 0 0 0 0 
0 0 0 0 0 0 0 0 0 0 0 0 0.746916 0 0 0 0 0 0 0 0 0 0 0 0 0 0 0 0 0 0 0 0 0 0 0 0.746916 0 0 0 0.746916 0 0 0 -6.78717 1.51547 1.51547 0 0 0 0 0 0 0 0 0 0 0 0 0 1.51547 0 0 0 
0 0 0 0 0 0 0 0 0 0 0 0 0 0.746916 0 0 0 0 0 0 0 0 0 0 0 0 0 0 0 0 0 0 0 0 0 0 0 0.746916 0 0 0 0.746916 0 0 0.746916 -7.02892 0 2.02063 0 0 0 0 0 0 0 0 0 0 0 0 0 2.02063 0 0 
0 0 0 0 0 0 0 0 0 0 0 0 0 0 0.746916 0 0 0 0 0 0 0 0 0 0 0 0 0 0 0 0 0 0 0 0 0 0 0 0.746916 0 0 0 0.746916 0 0.746916 0 -7.02892 2.02063 0 0 0 0 0 0 0 0 0 0 0 0 0 0 2.02063 0 
0 0 0 0 0 0 0 0 0 0 0 0 0 0 0 0.746916 0 0 0 0 0 0 0 0 0 0 0 0 0 0 0 0 0 0 0 0 0 0 0 0.746916 0 0 0 0.746916 0 0.746916 0.746916 -6.26037 0 0 0 0 0 0 0 0 0 0 0 0 0 0 0 2.52579 
0 0 0 0 0 0 0 0 0 0 0 0 0 0 0 0 0.746916 0 0 0 0 0 0 0 0 0 0 0 0 0 0 0 0.746916 0 0 0 0 0 0 0 0 0 0 0 0 0 0 0 -5.53509 1.01032 1.01032 0 1.01032 0 0 0 1.01032 0 0 0 0 0 0 0 
0 0 0 0 0 0 0 0 0 0 0 0 0 0 0 0 0 0.746916 0 0 0 0 0 0 0 0 0 0 0 0 0 0 0 0.746916 0 0 0 0 0 0 0 0 0 0 0 0 0 0 0.746916 -6.78717 0 1.51547 0 1.51547 0 0 0 1.51547 0 0 0 0 0 0 
0 0 0 0 0 0 0 0 0 0 0 0 0 0 0 0 0 0 0.746916 0 0 0 0 0 0 0 0 0 0 0 0 0 0 0 0.746916 0 0 0 0 0 0 0 0 0 0 0 0 0 0.746916 0 -6.78717 1.51547 0 0 1.51547 0 0 0 1.51547 0 0 0 0 0 
0 0 0 0 0 0 0 0 0 0 0 0 0 0 0 0 0 0 0 0.746916 0 0 0 0 0 0 0 0 0 0 0 0 0 0 0 0.746916 0 0 0 0 0 0 0 0 0 0 0 0 0 0.746916 0.746916 -7.02892 0 0 0 2.02063 0 0 0 2.02063 0 0 0 0 
0 0 0 0 0 0 0 0 0 0 0 0 0 0 0 0 0 0 0 0 0.746916 0 0 0 0 0 0 0 0 0 0 0 0 0 0 0 0.746916 0 0 0 0 0 0 0 0 0 0 0 0.746916 0 0 0 -6.78717 1.51547 1.51547 0 0 0 0 0 1.51547 0 0 0 
0 0 0 0 0 0 0 0 0 0 0 0 0 0 0 0 0 0 0 0 0 0.746916 0 0 0 0 0 0 0 0 0 0 0 0 0 0 0 0.746916 0 0 0 0 0 0 0 0 0 0 0 0.746916 0 0 0.746916 -7.02892 0 2.02063 0 0 0 0 0 2.02063 0 0 
0 0 0 0 0 0 0 0 0 0 0 0 0 0 0 0 0 0 0 0 0 0 0.746916 0 0 0 0 0 0 0 0 0 0 0 0 0 0 0 0.746916 0 0 0 0 0 0 0 0 0 0 0 0.746916 0 0.746916 0 -7.02892 2.02063 0 0 0 0 0 0 2.02063 0 
0 0 0 0 0 0 0 0 0 0 0 0 0 0 0 0 0 0 0 0 0 0 0 0.746916 0 0 0 0 0 0 0 0 0 0 0 0 0 0 0 0.746916 0 0 0 0 0 0 0 0 0 0 0 0.746916 0 0.746916 0.746916 -6.26037 0 0 0 0 0 0 0 2.52579 
0 0 0 0 0 0 0 0 0 0 0 0 0 0 0 0 0 0 0 0 0 0 0 0 0.746916 0 0 0 0 0 0 0 0 0 0 0 0 0 0 0 0.746916 0 0 0 0 0 0 0 0.746916 0 0 0 0 0 0 0 -6.78717 1.51547 1.51547 0 1.51547 0 0 0 
0 0 0 0 0 0 0 0 0 0 0 0 0 0 0 0 0 0 0 0 0 0 0 0 0 0.746916 0 0 0 0 0 0 0 0 0 0 0 0 0 0 0 0.746916 0 0 0 0 0 0 0 0.746916 0 0 0 0 0 0 0.746916 -7.02892 0 2.02063 0 2.02063 0 0 
0 0 0 0 0 0 0 0 0 0 0 0 0 0 0 0 0 0 0 0 0 0 0 0 0 0 0.746916 0 0 0 0 0 0 0 0 0 0 0 0 0 0 0 0.746916 0 0 0 0 0 0 0 0.746916 0 0 0 0 0 0.746916 0 -7.02892 2.02063 0 0 2.02063 0 
0 0 0 0 0 0 0 0 0 0 0 0 0 0 0 0 0 0 0 0 0 0 0 0 0 0 0 0.746916 0 0 0 0 0 0 0 0 0 0 0 0 0 0 0 0.746916 0 0 0 0 0 0 0 0.746916 0 0 0 0 0 0.746916 0.746916 -6.26037 0 0 0 2.52579 
0 0 0 0 0 0 0 0 0 0 0 0 0 0 0 0 0 0 0 0 0 0 0 0 0 0 0 0 0.746916 0 0 0 0 0 0 0 0 0 0 0 0 0 0 0 0.746916 0 0 0 0 0 0 0 0.746916 0 0 0 0.746916 0 0 0 -7.02892 2.02063 2.02063 0 
0 0 0 0 0 0 0 0 0 0 0 0 0 0 0 0 0 0 0 0 0 0 0 0 0 0 0 0 0 0.746916 0 0 0 0 0 0 0 0 0 0 0 0 0 0 0 0.746916 0 0 0 0 0 0 0 0.746916 0 0 0 0.746916 0 0 0.746916 -6.26037 0 2.52579 
0 0 0 0 0 0 0 0 0 0 0 0 0 0 0 0 0 0 0 0 0 0 0 0 0 0 0 0 0 0 0.746916 0 0 0 0 0 0 0 0 0 0 0 0 0 0 0 0.746916 0 0 0 0 0 0 0 0.746916 0 0 0 0.746916 0 0.746916 0 -6.26037 2.52579 
0 0 0 0 0 0 0 0 0 0 0 0 0 0 0 0 0 0 0 0 0 0 0 0 0 0 0 0 0 0 0 0.746916 0 0 0 0 0 0 0 0 0 0 0 0 0 0 0 0.746916 0 0 0 0 0 0 0 0.746916 0 0 0 0.746916 0 0.746916 0.746916 -4.48149 
