64
-0 0 0 0 0 0 0 0 0 0 0 0 0 0 0 0 0 0 0 0 0 0 0 0 0 0 0 0 0 0 0 0 0 0 0 0 0 0 0 0 0 0 0 0 0 0 0 0 0 0 0 0 0 0 0 0 0 0 0 0 0 0 0 0 
0.550329 -2.73973 0 0.437881 0 0.437881 0 0 0 0.437881 0 0 0 0 0 0 0 0.437881 0 0 0 0 0 0 0 0 0 0 0 0 0 0 0 0.437881 0 0 0 0 0 0 0 0 0 0 0 0 0 0 0 0 0 0 0 0 0 0 0 0 0 0 0 0 0 0 
0.550329 0 -2.73973 0.437881 0 0 0.437881 0 0 0 0.437881 0 0 0 0 0 0 0 0.437881 0 0 0 0 0 0 0 0 0 0 0 0 0 0 0 0.437881 0 0 0 0 0 0 0 0 0 0 0 0 0 0 0 0 0 0 0 0 0 0 0 0 0 0 0 0 0 
0 0.550329 0.550329 -4.60371 0 0 0 0.875762 0 0 0 0.875762 0 0 0 0 0 0 0 0.875762 0 0 0 0 0 0 0 0 0 0 0 0 0 0 0 0.875762 0 0 0 0 0 0 0 0 0 0 0 0 0 0 0 0 0 0 0 0 0 0 0 0 0 0 0 0 
0.550329 0 0 0 -2.73973 0.437881 0.437881 0 0 0 0 0 0.437881 0 0 0 0 0 0 0 0.437881 0 0 0 0 0 0 0 0 0 0 0 0 0 0 0 0.437881 0 0 0 0 0 0 0 0 0 0 0 0 0 0 0 0 0 0 0 0 0 0 0 0 0 0 0 
0 0.550329 0 0 0.550329 -4.60371 0 0.875762 0 0 0 0 0 0.875762 0 0 0 0 0 0 0 0.875762 0 0 0 0 0 0 0 0 0 0 0 0 0 0 0 0.875762 0 0 0 0 0 0 0 0 0 0 0 0 0 0 0 0 0 0 0 0 0 0 0 0 0 0 
0 0 0.550329 0 0.550329 0 -4.60371 0.875762 0 0 0 0 0 0 0.875762 0 0 0 0 0 0 0 0.875762 0 0 0 0 0 0 0 0 0 0 0 0 0 0 0 0.875762 0 0 0 0 0 0 0 0 0 0 0 0 0 0 0 0 0 0 0 0 0 0 0 0 0 
0 0 0 0.550329 0 0.550329 0.550329 -5.59192 0 0 0 0 0 0 0 1.31364 0 0 0 0 0 0 0 1.31364 0 0 0 0 0 0 0 0 0 0 0 0 0 0 0 1.31364 0 0 0 0 0 0 0 0 0 0 0 0 0 0 0 0 0 0 0 0 0 0 0 0 
0.550329 0 0 0 0 0 0 0 -2.73973 0.437881 0.437881 0 0.437881 0 0 0 0 0 0 0 0 0 0 0 0.437881 0 0 0 0 0 0 0 0 0 0 0 0 0 0 0 0.437881 0 0 0 0 0 0 0 0 0 0 0 0 0 0 0 0 0 0 0 0 0 0 0 
0 0.550329 0 0 0 0 0 0 0.550329 -4.60371 0 0.875762 0 0.875762 0 0 0 0 0 0 0 0 0 0 0 0.875762 0 0 0 0 0 0 0 0 0 0 0 0 0 0 0 0.875762 0 0 0 0 0 0 0 0 0 0 0 0 0 0 0 0 0 0 0 0 0 0 
0 0 0.550329 0 0 0 0 0 0.550329 0 -4.60371 0.875762 0 0 0.875762 0 0 0 0 0 0 0 0 0 0 0 0.875762 0 0 0 0 0 0 0 0 0 0 0 0 0 0 0 0.875762 0 0 0 0 0 0 0 0 0 0 0 0 0 0 0 0 0 0 0 0 0 
0 0 0 0.550329 0 0 0 0 0 0.550329 0.550329 -5.59192 0 0 0 1.31364 0 0 0 0 0 0 0 0 0 0 0 1.31364 0 0 0 0 0 0 0 0 0 0 0 0 0 0 0 1.31364 0 0 0 0 0 0 0 0 0 0 0 0 0 0 0 0 0 0 0 0 
0 0 0 0 0.550329 0 0 0 0.550329 0 0 0 -4.60371 0.875762 0.875762 0 0 0 0 0 0 0 0 0 0 0 0 0 0.875762 0 0 0 0 0 0 0 0 0 0 0 0 0 0 0 0.875762 0 0 0 0 0 0 0 0 0 0 0 0 0 0 0 0 0 0 0 
0 0 0 0 0 0.550329 0 0 0 0.550329 0 0 0.550329 -5.59192 0 1.31364 0 0 0 0 0 0 0 0 0 0 0 0 0 1.31364 0 0 0 0 0 0 0 0 0 0 0 0 0 0 0 1.31364 0 0 0 0 0 0 0 0 0 0 0 0 0 0 0 0 0 0 
0 0 0 0 0 0 0.550329 0 0 0 0.550329 0 0.550329 0 -5.59192 1.31364 0 0 0 0 0 0 0 0 0 0 0 0 0 0 1.31364 0 0 0 0 0 0 0 0 0 0 0 0 0 0 0 1.31364 0 0 0 0 0 0 0 0 0 0 0 0 0 0 0 0 0 
0 0 0 0 0 0 0 0.550329 0 0 0 0.550329 0 0.550329 0.550329 -5.70436 0 0 0 0 0 0 0 0 0 0 0 0 0 0 0 1.75152 0 0 0 0 0 0 0 0 0 0 0 0 0 0 0 1.75152 0 0 0 0 0 0 0 0 0 0 0 0 0 0 0 0 
0.550329 0 0 0 0 0 0 0 0 0 0 0 0 0 0 0 -2.73973 0.437881 0.437881 0 0.437881 0 0 0 0.437881 0 0 0 0 0 0 0 0 0 0 0 0 0 0 0 0 0 0 0 0 0 0 0 0.437881 0 0 0 0 0 0 0 0 0 0 0 0 0 0 0 
0 0.550329 0 0 0 0 0 0 0 0 0 0 0 0 0 0 0.550329 -4.60371 0 0.875762 0 0.875762 0 0 0 0.875762 0 0 0 0 0 0 0 0 0 0 0 0 0 0 0 0 0 0 0 0 0 0 0 0.875762 0 0 0 0 0 0 0 0 0 0 0 0 0 0 
0 0 0.550329 0 0 0 0 0 0 0 0 0 0 0 0 0 0.550329 0 -4.60371 0.875762 0 0 0.875762 0 0 0 0.875762 0 0 0 0 0 0 0 0 0 0 0 0 0 0 0 0 0 0 0 0 0 0 0 0.875762 0 0 0 0 0 0 0 0 0 0 0 0 0 
0 0 0 0.550329 0 0 0 0 0 0 0 0 0 0 0 0 0 0.550329 0.550329 -5.59192 0 0 0 1.31364 0 0 0 1.31364 0 0 0 0 0 0 0 0 0 0 0 0 0 0 0 0 0 0 0 0 0 0 0 1.31364 0 0 0 0 0 0 0 0 0 0 0 0 
0 0 0 0 0.550329 0 0 0 0 0 0 0 0 0 0 0 0.550329 0 0 0 -4.60371 0.875762 0.875762 0 0 0 0 0 0.875762 0 0 0 0 0 0 0 0 0 0 0 0 0 0 0 0 0 0 0 0 0 0 0 0.875762 0 0 0 0 0 0 0 0 0 0 0 
0 0 0 0 0 0.550329 0 0 0 0 0 0 0 0 0 0 0 0.550329 0 0 0.550329 -5.59192 0 1.31364 0 0 0 0 0 1.31364 0 0 0 0 0 0 0 0 0 0 0 0 0 0 0 0 0 0 0 0 0 0 0 1.31364 0 0 0 0 0 0 0 0 0 0 
0 0 0 0 0 0 0.550329 0 0 0 0 0 0 0 0 0 0 0 0.550329 0 0.550329 0 -5.59192 1.31364 0 0 0 0 0 0 1.31364 0 0 0 0 0 0 0 0 0 0 0 0 0 0 0 0 0 0 0 0 0 0 0 1.31364 0 0 0 0 0 0 0 0 0 
0 0 0 0 0 0 0 0.550329 0 0 0 0 0 0 0 0 0 0 0 0.550329 0 0.550329 0.550329 -5.70436 0 0 0 0 0 0 0 1.75152 0 0 0 0 0 0 0 0 0 0 0 0 0 0 0 0 0 0 0 0 0 0 0 1.75152 0 0 0 0 0 0 0 0 
0 0 0 0 0 0 0 0 0.550329 0 0 0 0 0 0 0 0.550329 0 0 0 0 0 0 0 -4.60371 0.875762 0.875762 0 0.875762 0 0 0 0 0 0 0 0 0 0 0 0 0 0 0 0 0 0 0 0 0 0 0 0 0 0 0 0.875762 0 0 0 0 0 0 0 
0 0 0 0 0 0 0 0 0 0.550329 0 0 0 0 0 0 0 0.550329 0 0 0 0 0 0 0.550329 -5.59192 0 1.31364 0 1.31364 0 0 0 0 0 0 0 0 0 0 0 0 0 0 0 0 0 0 0 0 0 0 0 0 0 0 0 1.31364 0 0 0 0 0 0 
0 0 0 0 0 0 0 0 0 0 0.550329 0 0 0 0 0 0 0 0.550329 0 0 0 0 0 0.550329 0 -5.59192 1.31364 0 0 1.31364 0 0 0 0 0 0 0 0 0 0 0 0 0 0 0 0 0 0 0 0 0 0 0 0 0 0 0 1.31364 0 0 0 0 0 
0 0 0 0 0 0 0 0 0 0 0 0.550329 0 0 0 0 0 0 0 0.550329 0 0 0 0 0 0.550329 0.550329 -5.70436 0 0 0 1.75152 0 0 0 0 0 0 0 0 0 0 0 0 0 0 0 0 0 0 0 0 0 0 0 0 0 0 0 1.75152 0 0 0 0 
0 0 0 0 0 0 0 0 0 0 0 0 0.550329 0 0 0 0 0 0 0 0.550329 0 0 0 0.550329 0 0 0 -5.59192 1.31364 1.31364 0 0 0 0 0 0 0 0 0 0 0 0 0 0 0 0 0 0 0 0 0 0 0 0 0 0 0 0 0 1.31364 0 0 0 
0 0 0 0 0 0 0 0 0 0 0 0 0 0.550329 0 0 0 0 0 0 0 0.550329 0 0 0 0.550329 0 0 0.550329 -5.70436 0 1.75152 0 0 0 0 0 0 0 0 0 0 0 0 0 0 0 0 0 0 0 0 0 0 0 0 0 0 0 0 0 1.75152 0 0 
0 0 0 0 0 0 0 0 0 0 0 0 0 0 0.550329 0 0 0 0 0 0 0 0.550329 0 0 0 0.550329 0 0.550329 0 -5.70436 1.75152 0 0 0 0 0 0 0 0 0 0 0 0 0 0 0 0 0 0 0 0 0 0 0 0 0 0 0 0 0 0 1.75152 0 
0 0 0 0 0 0 0 0 0 0 0 0 0 0 0 0.550329 0 0 0 0 0 0 0 0.550329 0 0 0 0.550329 0 0.550329 0.550329 -4.94105 0 0 0 0 0 0 0 0 0 0 0 0 0 0 0 0 0 0 0 0 0 0 0 0 0 0 0 0 0 0 0 2.18941 
0.550329 0 0 0 0 0 0 0 0 0 0 0 0 0 0 0 0 0 0 0 0 0 0 0 0 0 0 0 0 0 0 0 -2.73973 0.437881 0.437881 0 0.437881 0 0 0 0.437881 0 0 0 0 0 0 0 0.437881 0 0 0 0 0 0 0 0 0 0 0 0 0 0 0 
0 0.550329 0 0 0 0 0 0 0 0 0 0 0 0 0 0 0 0 0 0 0 0 0 0 0 0 0 0 0 0 0 0 0.550329 -4.60371 0 0.875762 0 0.875762 0 0 0 0.875762 0 0 0 0 0 0 0 0.875762 0 0 0 0 0 0 0 0 0 0 0 0 0 0 
0 0 0.550329 0 0 0 0 0 0 0 0 0 0 0 0 0 0 0 0 0 0 0 0 0 0 0 0 0 0 0 0 0 0.550329 0 -4.60371 0.875762 0 0 0.875762 0 0 0 0.875762 0 0 0 0 0 0 0 0.875762 0 0 0 0 0 0 0 0 0 0 0 0 0 
0 0 0 0.550329 0 0 0 0 0 0 0 0 0 0 0 0 0 0 0 0 0 0 0 0 0 0 0 0 0 0 0 0 0 0.550329 0.550329 -5.59192 0 0 0 1.31364 0 0 0 1.31364 0 0 0 0 0 0 0 1.31364 0 0 0 0 0 0 0 0 0 0 0 0 
0 0 0 0 0.550329 0 0 0 0 0 0 0 0 0 0 0 0 0 0 0 0 0 0 0 0 0 0 0 0 0 0 0 0.550329 0 0 0 -4.60371 0.875762 0.875762 0 0 0 0 0 0.875762 0 0 0 0 0 0 0 0.875762 0 0 0 0 0 0 0 0 0 0 0 
0 0 0 0 0 0.550329 0 0 0 0 0 0 0 0 0 0 0 0 0 0 0 0 0 0 0 0 0 0 0 0 0 0 0 0.550329 0 0 0.550329 -5.59192 0 1.31364 0 0 0 0 0 1.31364 0 0 0 0 0 0 0 1.31364 0 0 0 0 0 0 0 0 0 0 
0 0 0 0 0 0 0.550329 0 0 0 0 0 0 0 0 0 0 0 0 0 0 0 0 0 0 0 0 0 0 0 0 0 0 0 0.550329 0 0.550329 0 -5.59192 1.31364 0 0 0 0 0 0 1.31364 0 0 0 0 0 0 0 1.31364 0 0 0 0 0 0 0 0 0 
0 0 0 0 0 0 0 0.550329 0 0 0 0 0 0 0 0 0 0 0 0 0 0 0 0 0 0 0 0 0 0 0 0 0 0 0 0.550329 0 0.550329 0.550329 -5.70436 0 0 0 0 0 0 0 1.75152 0 0 0 0 0 0 0 1.75152 0 0 0 0 0 0 0 0 
0 0 0 0 0 0 0 0 0.550329 0 0 0 0 0 0 0 0 0 0 0 0 0 0 0 0 0 0 0 0 0 0 0 0.550329 0 0 0 0 0 0 0 -4.60371 0.875762 0.875762 0 0.875762 0 0 0 0 0 0 0 0 0 0 0 0.875762 0 0 0 0 0 0 0 
0 0 0 0 0 0 0 0 0 0.550329 0 0 0 0 0 0 0 0 0 0 0 0 0 0 0 0 0 0 0 0 0 0 0 0.550329 0 0 0 0 0 0 0.550329 -5.59192 0 1.31364 0 1.31364 0 0 0 0 0 0 0 0 0 0 0 1.31364 0 0 0 0 0 0 
0 0 0 0 0 0 0 0 0 0 0.550329 0 0 0 0 0 0 0 0 0 0 0 0 0 0 0 0 0 0 0 0 0 0 0 0.550329 0 0 0 0 0 0.550329 0 -5.59192 1.31364 0 0 1.31364 0 0 0 0 0 0 0 0 0 0 0 1.31364 0 0 0 0 0 
0 0 0 0 0 0 0 0 0 0 0 0.550329 0 0 0 0 0 0 0 0 0 0 0 0 0 0 0 0 0 0 0 0 0 0 0 0.550329 0 0 0 0 0 0.550329 0.550329 -5.70436 0 0 0 1.75152 0 0 0 0 0 0 0 0 0 0 0 1.75152 0 0 0 0 
0 0 0 0 0 0 0 0 0 0 0 0 0.550329 0 0 0 0 0 0 0 0 0 0 0 0 0 0 0 0 0 0 0 0 0 0 0 0.550329 0 0 0 0.550329 0 0 0 -5.59192 1.31364 1.31364 0 0 0 0 0 0 0 0 0 0 0 0 0 1.31364 0 0 0 
0 0 0 0 0 0 0 0 0 0 0 0 0 0.550329 0 0 0 0 0 0 0 0 0 0 0 0 0 0 0 0 0 0 0 0 0 0 0 0.550329 0 0 0 0.550329 0 0 0.550329 -5.70436 0 1.75152 0 0 0 0 0 0 0 0 0 0 0 0 0 1.75152 0 0 
0 0 0 0 0 0 0 0 0 0 0 0 0 0 0.550329 0 0 0 0 0 0 0 0 0 0 0 0 0 0 0 0 0 0 0 0 0 0 0 0.550329 0 0 0 0.550329 0 0.550329 0 -5.70436 1.75152 0 0 0 0 0 0 0 0 0 0 0 0 0 0 1.75152 0 
0 0 0 0 0 0 0 0 0 0 0 0 0 0 0 0.550329 0 0 0 0 0 0 0 0 0 0 0 0 0 0 0 0 0 0 0 0 0 0 0 0.550329 0 0 0 0.550329 0 0.550329 0.550329 -4.94105 0 0 0 0 0 0 0 0 0 0 0 0 0 0 0 2.18941 
0 0 0 0 0 0 0 0 0 0 0 0 0 0 0 0 0.550329 0 0 0 0 0 0 0 0 0 0 0 0 0 0 0 0.550329 0 0 0 0 0 0 0 0 0 0 0 0 0 0 0 -4.60371 0.875762 0.875762 0 0.875762 0 0 0 0.875762 0 0 0 0 0 0 0 
0 0 0 0 0 0 0 0 0 0 0 0 0 0 0 0 0 0.550329 0 0 0 0 0 0 0 0 0 0 0 0 0 0 0 0.550329 0 0 0 0 0 0 0 0 0 0 0 0 0 0 0.550329 -5.59192 0 1.31364 0 1.31364 0 0 0 1.31364 0 0 0 0 0 0 
0 0 0 0 0 0 0 0 0 0 0 0 0 0 0 0 0 0 0.550329 0 0 0 0 0 0 0 0 0 0 0 0 0 0 0 0.550329 0 0 0 0 0 0 0 0 0 0 0 0 0 0.550329 0 -5.59192 1.31364 0 0 1.31364 0 0 0 1.31364 0 0 0 0 0 
0 0 0 0 0 0 0 0 0 0 0 0 0 0 0 0 0 0 0 0.550329 0 0 0 0 0 0 0 0 0 0 0 0 0 0 0 0.550329 0 0 0 0 0 0 0 0 0 0 0 0 0 0.550329 0.550329 -5.70436 0 0 0 1.75152 0 0 0 1.75152 0 0 0 0 
0 0 0 0 0 0 0 0 0 0 0 0 0 0 0 0 0 0 0 0 0.550329 0 0 0 0 0 0 0 0 0 0 0 0 0 0 0 0.550329 0 0 0 0 0 0 0 0 0 0 0 0.550329 0 0 0 -5.59192 1.31364 1.31364 0 0 0 0 0 1.31364 0 0 0 
0 0 0 0 0 0 0 0 0 0 0 0 0 0 0 0 0 0 0 0 0 0.550329 0 0 0 0 0 0 0 0 0 0 0 0 0 0 0 0.550329 0 0 0 0 0 0 0 0 0 0 0 0.550329 0 0 0.550329 -5.70436 0 1.75152 0 0 0 0 0 1.75152 0 0 
0 0 0 0 0 0 0 0 0 0 0 0 0 0 0 0 0 0 0 0 0 0 0.550329 0 0 0 0 0 0 0 0 0 0 0 0 0 0 0 0.550329 0 0 0 0 0 0 0 0 0 0 0 0.550329 0 0.550329 0 -5.70436 1.75152 0 0 0 0 0 0 1.75152 0 
0 0 0 0 0 0 0 0 0 0 0 0 0 0 0 0 0 0 0 0 0 0 0 0.550329 0 0 0 0 0 0 0 0 0 0 0 0 0 0 0 0.550329 0 0 0 0 0 0 0 0 0 0 0 0.550329 0 0.550329 0.550329 -4.94105 0 0 0 0 0 0 0 2.18941 
0 0 0 0 0 0 0 0 0 0 0 0 0 0 0 0 0 0 0 0 0 0 0 0 0.550329 0 0 0 0 0 0 0 0 0 0 0 0 0 0 0 0.550329 0 0 0 0 0 0 0 0.550329 0 0 0 0 0 0 0 -5.59192 1.31364 1.31364 0 1.31364 0 0 0 
0 0 0 0 0 0 0 0 0 0 0 0 0 0 0 0 0 0 0 0 0 0 0 0 0 0.550329 0 0 0 0 0 0 0 0 0 0 0 0 0 0 0 0.550329 0 0 0 0 0 0 0 0.550329 0 0 0 0 0 0 0.550329 -5.70436 0 1.75152 0 1.75152 0 0 
0 0 0 0 0 0 0 0 0 0 0 0 0 0 0 0 0 0 0 0 0 0 0 0 0 0 0.550329 0 0 0 0 0 0 0 0 0 0 0 0 0 0 0 0.550329 0 0 0 0 0 0 0 0.550329 0 0 0 0 0 0.550329 0 -5.70436 1.75152 0 0 1.75152 0 
0 0 0 0 0 0 0 0 0 0 0 0 0 0 0 0 0 0 0 0 0 0 0 0 0 0 0 0.550329 0 0 0 0 0 0 0 0 0 0 0 0 0 0 0 0.550329 0 0 0 0 0 0 0 0.550329 0 0 0 0 0 0.550329 0.550329 -4.94105 0 0 0 2.18941 
0 0 0 0 0 0 0 0 0 0 0 0 0 0 0 0 0 0 0 0 0 0 0 0 0 0 0 0 0.550329 0 0 0 0 0 0 0 0 0 0 0 0 0 0 0 0.550329 0 0 0 0 0 0 0 0.550329 0 0 0 0.550329 0 0 0 -5.70436 1.75152 1.75152 0 
0 0 0 0 0 0 0 0 0 0 0 0 0 0 0 0 0 0 0 0 0 0 0 0 0 0 0 0 0 0.550329 0 0 0 0 0 0 0 0 0 0 0 0 0 0 0 0.550329 0 0 0 0 0 0 0 0.550329 0 0 0 0.550329 0 0 0.550329 -4.94105 0 2.18941 
0 0 0 0 0 0 0 0 0 0 0 0 0 0 0 0 0 0 0 0 0 0 0 0 0 0 0 0 0 0 0.550329 0 0 0 0 0 0 0 0 0 0 0 0 0 0 0 0.550329 0 0 0 0 0 0 0 0.550329 0 0 0 0.550329 0 0.550329 0 -4.94105 2.18941 
0 0 0 0 0 0 0 0 0 0 0 0 0 0 0 0 0 0 0 0 0 0 0 0 0 0 0 0 0 0 0 0.550329 0 0 0 0 0 0 0 0 0 0 0 0 0 0 0 0.550329 0 0 0 0 0 0 0 0.550329 0 0 0 0.550329 0 0.550329 0.550329 -3.30197 
