64
-0 0 0 0 0 0 0 0 0 0 0 0 0 0 0 0 0 0 0 0 0 0 0 0 0 0 0 0 0 0 0 0 0 0 0 0 0 0 0 0 0 0 0 0 0 0 0 0 0 0 0 0 0 0 0 0 0 0 0 0 0 0 0 0 
0.890047 -4.33708 0 0.689408 0 0.689408 0 0 0 0.689408 0 0 0 0 0 0 0 0.689408 0 0 0 0 0 0 0 0 0 0 0 0 0 0 0 0.689408 0 0 0 0 0 0 0 0 0 0 0 0 0 0 0 0 0 0 0 0 0 0 0 0 0 0 0 0 0 0 
0.890047 0 -4.33708 0.689408 0 0 0.689408 0 0 0 0.689408 0 0 0 0 0 0 0 0.689408 0 0 0 0 0 0 0 0 0 0 0 0 0 0 0 0.689408 0 0 0 0 0 0 0 0 0 0 0 0 0 0 0 0 0 0 0 0 0 0 0 0 0 0 0 0 0 
0 0.890047 0.890047 -7.29535 0 0 0 1.37882 0 0 0 1.37882 0 0 0 0 0 0 0 1.37882 0 0 0 0 0 0 0 0 0 0 0 0 0 0 0 1.37882 0 0 0 0 0 0 0 0 0 0 0 0 0 0 0 0 0 0 0 0 0 0 0 0 0 0 0 0 
0.890047 0 0 0 -4.33708 0.689408 0.689408 0 0 0 0 0 0.689408 0 0 0 0 0 0 0 0.689408 0 0 0 0 0 0 0 0 0 0 0 0 0 0 0 0.689408 0 0 0 0 0 0 0 0 0 0 0 0 0 0 0 0 0 0 0 0 0 0 0 0 0 0 0 
0 0.890047 0 0 0.890047 -7.29535 0 1.37882 0 0 0 0 0 1.37882 0 0 0 0 0 0 0 1.37882 0 0 0 0 0 0 0 0 0 0 0 0 0 0 0 1.37882 0 0 0 0 0 0 0 0 0 0 0 0 0 0 0 0 0 0 0 0 0 0 0 0 0 0 
0 0 0.890047 0 0.890047 0 -7.29535 1.37882 0 0 0 0 0 0 1.37882 0 0 0 0 0 0 0 1.37882 0 0 0 0 0 0 0 0 0 0 0 0 0 0 0 1.37882 0 0 0 0 0 0 0 0 0 0 0 0 0 0 0 0 0 0 0 0 0 0 0 0 0 
0 0 0 0.890047 0 0.890047 0.890047 -8.87481 0 0 0 0 0 0 0 2.06822 0 0 0 0 0 0 0 2.06822 0 0 0 0 0 0 0 0 0 0 0 0 0 0 0 2.06822 0 0 0 0 0 0 0 0 0 0 0 0 0 0 0 0 0 0 0 0 0 0 0 0 
0.890047 0 0 0 0 0 0 0 -4.33708 0.689408 0.689408 0 0.689408 0 0 0 0 0 0 0 0 0 0 0 0.689408 0 0 0 0 0 0 0 0 0 0 0 0 0 0 0 0.689408 0 0 0 0 0 0 0 0 0 0 0 0 0 0 0 0 0 0 0 0 0 0 0 
0 0.890047 0 0 0 0 0 0 0.890047 -7.29535 0 1.37882 0 1.37882 0 0 0 0 0 0 0 0 0 0 0 1.37882 0 0 0 0 0 0 0 0 0 0 0 0 0 0 0 1.37882 0 0 0 0 0 0 0 0 0 0 0 0 0 0 0 0 0 0 0 0 0 0 
0 0 0.890047 0 0 0 0 0 0.890047 0 -7.29535 1.37882 0 0 1.37882 0 0 0 0 0 0 0 0 0 0 0 1.37882 0 0 0 0 0 0 0 0 0 0 0 0 0 0 0 1.37882 0 0 0 0 0 0 0 0 0 0 0 0 0 0 0 0 0 0 0 0 0 
0 0 0 0.890047 0 0 0 0 0 0.890047 0.890047 -8.87481 0 0 0 2.06822 0 0 0 0 0 0 0 0 0 0 0 2.06822 0 0 0 0 0 0 0 0 0 0 0 0 0 0 0 2.06822 0 0 0 0 0 0 0 0 0 0 0 0 0 0 0 0 0 0 0 0 
0 0 0 0 0.890047 0 0 0 0.890047 0 0 0 -7.29535 1.37882 1.37882 0 0 0 0 0 0 0 0 0 0 0 0 0 1.37882 0 0 0 0 0 0 0 0 0 0 0 0 0 0 0 1.37882 0 0 0 0 0 0 0 0 0 0 0 0 0 0 0 0 0 0 0 
0 0 0 0 0 0.890047 0 0 0 0.890047 0 0 0.890047 -8.87481 0 2.06822 0 0 0 0 0 0 0 0 0 0 0 0 0 2.06822 0 0 0 0 0 0 0 0 0 0 0 0 0 0 0 2.06822 0 0 0 0 0 0 0 0 0 0 0 0 0 0 0 0 0 0 
0 0 0 0 0 0 0.890047 0 0 0 0.890047 0 0.890047 0 -8.87481 2.06822 0 0 0 0 0 0 0 0 0 0 0 0 0 0 2.06822 0 0 0 0 0 0 0 0 0 0 0 0 0 0 0 2.06822 0 0 0 0 0 0 0 0 0 0 0 0 0 0 0 0 0 
0 0 0 0 0 0 0 0.890047 0 0 0 0.890047 0 0.890047 0.890047 -9.07545 0 0 0 0 0 0 0 0 0 0 0 0 0 0 0 2.75763 0 0 0 0 0 0 0 0 0 0 0 0 0 0 0 2.75763 0 0 0 0 0 0 0 0 0 0 0 0 0 0 0 0 
0.890047 0 0 0 0 0 0 0 0 0 0 0 0 0 0 0 -4.33708 0.689408 0.689408 0 0.689408 0 0 0 0.689408 0 0 0 0 0 0 0 0 0 0 0 0 0 0 0 0 0 0 0 0 0 0 0 0.689408 0 0 0 0 0 0 0 0 0 0 0 0 0 0 0 
0 0.890047 0 0 0 0 0 0 0 0 0 0 0 0 0 0 0.890047 -7.29535 0 1.37882 0 1.37882 0 0 0 1.37882 0 0 0 0 0 0 0 0 0 0 0 0 0 0 0 0 0 0 0 0 0 0 0 1.37882 0 0 0 0 0 0 0 0 0 0 0 0 0 0 
0 0 0.890047 0 0 0 0 0 0 0 0 0 0 0 0 0 0.890047 0 -7.29535 1.37882 0 0 1.37882 0 0 0 1.37882 0 0 0 0 0 0 0 0 0 0 0 0 0 0 0 0 0 0 0 0 0 0 0 1.37882 0 0 0 0 0 0 0 0 0 0 0 0 0 
0 0 0 0.890047 0 0 0 0 0 0 0 0 0 0 0 0 0 0.890047 0.890047 -8.87481 0 0 0 2.06822 0 0 0 2.06822 0 0 0 0 0 0 0 0 0 0 0 0 0 0 0 0 0 0 0 0 0 0 0 2.06822 0 0 0 0 0 0 0 0 0 0 0 0 
0 0 0 0 0.890047 0 0 0 0 0 0 0 0 0 0 0 0.890047 0 0 0 -7.29535 1.37882 1.37882 0 0 0 0 0 1.37882 0 0 0 0 0 0 0 0 0 0 0 0 0 0 0 0 0 0 0 0 0 0 0 1.37882 0 0 0 0 0 0 0 0 0 0 0 
0 0 0 0 0 0.890047 0 0 0 0 0 0 0 0 0 0 0 0.890047 0 0 0.890047 -8.87481 0 2.06822 0 0 0 0 0 2.06822 0 0 0 0 0 0 0 0 0 0 0 0 0 0 0 0 0 0 0 0 0 0 0 2.06822 0 0 0 0 0 0 0 0 0 0 
0 0 0 0 0 0 0.890047 0 0 0 0 0 0 0 0 0 0 0 0.890047 0 0.890047 0 -8.87481 2.06822 0 0 0 0 0 0 2.06822 0 0 0 0 0 0 0 0 0 0 0 0 0 0 0 0 0 0 0 0 0 0 0 2.06822 0 0 0 0 0 0 0 0 0 
0 0 0 0 0 0 0 0.890047 0 0 0 0 0 0 0 0 0 0 0 0.890047 0 0.890047 0.890047 -9.07545 0 0 0 0 0 0 0 2.75763 0 0 0 0 0 0 0 0 0 0 0 0 0 0 0 0 0 0 0 0 0 0 0 2.75763 0 0 0 0 0 0 0 0 
0 0 0 0 0 0 0 0 0.890047 0 0 0 0 0 0 0 0.890047 0 0 0 0 0 0 0 -7.29535 1.37882 1.37882 0 1.37882 0 0 0 0 0 0 0 0 0 0 0 0 0 0 0 0 0 0 0 0 0 0 0 0 0 0 0 1.37882 0 0 0 0 0 0 0 
0 0 0 0 0 0 0 0 0 0.890047 0 0 0 0 0 0 0 0.890047 0 0 0 0 0 0 0.890047 -8.87481 0 2.06822 0 2.06822 0 0 0 0 0 0 0 0 0 0 0 0 0 0 0 0 0 0 0 0 0 0 0 0 0 0 0 2.06822 0 0 0 0 0 0 
0 0 0 0 0 0 0 0 0 0 0.890047 0 0 0 0 0 0 0 0.890047 0 0 0 0 0 0.890047 0 -8.87481 2.06822 0 0 2.06822 0 0 0 0 0 0 0 0 0 0 0 0 0 0 0 0 0 0 0 0 0 0 0 0 0 0 0 2.06822 0 0 0 0 0 
0 0 0 0 0 0 0 0 0 0 0 0.890047 0 0 0 0 0 0 0 0.890047 0 0 0 0 0 0.890047 0.890047 -9.07545 0 0 0 2.75763 0 0 0 0 0 0 0 0 0 0 0 0 0 0 0 0 0 0 0 0 0 0 0 0 0 0 0 2.75763 0 0 0 0 
0 0 0 0 0 0 0 0 0 0 0 0 0.890047 0 0 0 0 0 0 0 0.890047 0 0 0 0.890047 0 0 0 -8.87481 2.06822 2.06822 0 0 0 0 0 0 0 0 0 0 0 0 0 0 0 0 0 0 0 0 0 0 0 0 0 0 0 0 0 2.06822 0 0 0 
0 0 0 0 0 0 0 0 0 0 0 0 0 0.890047 0 0 0 0 0 0 0 0.890047 0 0 0 0.890047 0 0 0.890047 -9.07545 0 2.75763 0 0 0 0 0 0 0 0 0 0 0 0 0 0 0 0 0 0 0 0 0 0 0 0 0 0 0 0 0 2.75763 0 0 
0 0 0 0 0 0 0 0 0 0 0 0 0 0 0.890047 0 0 0 0 0 0 0 0.890047 0 0 0 0.890047 0 0.890047 0 -9.07545 2.75763 0 0 0 0 0 0 0 0 0 0 0 0 0 0 0 0 0 0 0 0 0 0 0 0 0 0 0 0 0 0 2.75763 0 
0 0 0 0 0 0 0 0 0 0 0 0 0 0 0 0.890047 0 0 0 0 0 0 0 0.890047 0 0 0 0.890047 0 0.890047 0.890047 -7.89727 0 0 0 0 0 0 0 0 0 0 0 0 0 0 0 0 0 0 0 0 0 0 0 0 0 0 0 0 0 0 0 3.44704 
0.890047 0 0 0 0 0 0 0 0 0 0 0 0 0 0 0 0 0 0 0 0 0 0 0 0 0 0 0 0 0 0 0 -4.33708 0.689408 0.689408 0 0.689408 0 0 0 0.689408 0 0 0 0 0 0 0 0.689408 0 0 0 0 0 0 0 0 0 0 0 0 0 0 0 
0 0.890047 0 0 0 0 0 0 0 0 0 0 0 0 0 0 0 0 0 0 0 0 0 0 0 0 0 0 0 0 0 0 0.890047 -7.29535 0 1.37882 0 1.37882 0 0 0 1.37882 0 0 0 0 0 0 0 1.37882 0 0 0 0 0 0 0 0 0 0 0 0 0 0 
0 0 0.890047 0 0 0 0 0 0 0 0 0 0 0 0 0 0 0 0 0 0 0 0 0 0 0 0 0 0 0 0 0 0.890047 0 -7.29535 1.37882 0 0 1.37882 0 0 0 1.37882 0 0 0 0 0 0 0 1.37882 0 0 0 0 0 0 0 0 0 0 0 0 0 
0 0 0 0.890047 0 0 0 0 0 0 0 0 0 0 0 0 0 0 0 0 0 0 0 0 0 0 0 0 0 0 0 0 0 0.890047 0.890047 -8.87481 0 0 0 2.06822 0 0 0 2.06822 0 0 0 0 0 0 0 2.06822 0 0 0 0 0 0 0 0 0 0 0 0 
0 0 0 0 0.890047 0 0 0 0 0 0 0 0 0 0 0 0 0 0 0 0 0 0 0 0 0 0 0 0 0 0 0 0.890047 0 0 0 -7.29535 1.37882 1.37882 0 0 0 0 0 1.37882 0 0 0 0 0 0 0 1.37882 0 0 0 0 0 0 0 0 0 0 0 
0 0 0 0 0 0.890047 0 0 0 0 0 0 0 0 0 0 0 0 0 0 0 0 0 0 0 0 0 0 0 0 0 0 0 0.890047 0 0 0.890047 -8.87481 0 2.06822 0 0 0 0 0 2.06822 0 0 0 0 0 0 0 2.06822 0 0 0 0 0 0 0 0 0 0 
0 0 0 0 0 0 0.890047 0 0 0 0 0 0 0 0 0 0 0 0 0 0 0 0 0 0 0 0 0 0 0 0 0 0 0 0.890047 0 0.890047 0 -8.87481 2.06822 0 0 0 0 0 0 2.06822 0 0 0 0 0 0 0 2.06822 0 0 0 0 0 0 0 0 0 
0 0 0 0 0 0 0 0.890047 0 0 0 0 0 0 0 0 0 0 0 0 0 0 0 0 0 0 0 0 0 0 0 0 0 0 0 0.890047 0 0.890047 0.890047 -9.07545 0 0 0 0 0 0 0 2.75763 0 0 0 0 0 0 0 2.75763 0 0 0 0 0 0 0 0 
0 0 0 0 0 0 0 0 0.890047 0 0 0 0 0 0 0 0 0 0 0 0 0 0 0 0 0 0 0 0 0 0 0 0.890047 0 0 0 0 0 0 0 -7.29535 1.37882 1.37882 0 1.37882 0 0 0 0 0 0 0 0 0 0 0 1.37882 0 0 0 0 0 0 0 
0 0 0 0 0 0 0 0 0 0.890047 0 0 0 0 0 0 0 0 0 0 0 0 0 0 0 0 0 0 0 0 0 0 0 0.890047 0 0 0 0 0 0 0.890047 -8.87481 0 2.06822 0 2.06822 0 0 0 0 0 0 0 0 0 0 0 2.06822 0 0 0 0 0 0 
0 0 0 0 0 0 0 0 0 0 0.890047 0 0 0 0 0 0 0 0 0 0 0 0 0 0 0 0 0 0 0 0 0 0 0 0.890047 0 0 0 0 0 0.890047 0 -8.87481 2.06822 0 0 2.06822 0 0 0 0 0 0 0 0 0 0 0 2.06822 0 0 0 0 0 
0 0 0 0 0 0 0 0 0 0 0 0.890047 0 0 0 0 0 0 0 0 0 0 0 0 0 0 0 0 0 0 0 0 0 0 0 0.890047 0 0 0 0 0 0.890047 0.890047 -9.07545 0 0 0 2.75763 0 0 0 0 0 0 0 0 0 0 0 2.75763 0 0 0 0 
0 0 0 0 0 0 0 0 0 0 0 0 0.890047 0 0 0 0 0 0 0 0 0 0 0 0 0 0 0 0 0 0 0 0 0 0 0 0.890047 0 0 0 0.890047 0 0 0 -8.87481 2.06822 2.06822 0 0 0 0 0 0 0 0 0 0 0 0 0 2.06822 0 0 0 
0 0 0 0 0 0 0 0 0 0 0 0 0 0.890047 0 0 0 0 0 0 0 0 0 0 0 0 0 0 0 0 0 0 0 0 0 0 0 0.890047 0 0 0 0.890047 0 0 0.890047 -9.07545 0 2.75763 0 0 0 0 0 0 0 0 0 0 0 0 0 2.75763 0 0 
0 0 0 0 0 0 0 0 0 0 0 0 0 0 0.890047 0 0 0 0 0 0 0 0 0 0 0 0 0 0 0 0 0 0 0 0 0 0 0 0.890047 0 0 0 0.890047 0 0.890047 0 -9.07545 2.75763 0 0 0 0 0 0 0 0 0 0 0 0 0 0 2.75763 0 
0 0 0 0 0 0 0 0 0 0 0 0 0 0 0 0.890047 0 0 0 0 0 0 0 0 0 0 0 0 0 0 0 0 0 0 0 0 0 0 0 0.890047 0 0 0 0.890047 0 0.890047 0.890047 -7.89727 0 0 0 0 0 0 0 0 0 0 0 0 0 0 0 3.44704 
0 0 0 0 0 0 0 0 0 0 0 0 0 0 0 0 0.890047 0 0 0 0 0 0 0 0 0 0 0 0 0 0 0 0.890047 0 0 0 0 0 0 0 0 0 0 0 0 0 0 0 -7.29535 1.37882 1.37882 0 1.37882 0 0 0 1.37882 0 0 0 0 0 0 0 
0 0 0 0 0 0 0 0 0 0 0 0 0 0 0 0 0 0.890047 0 0 0 0 0 0 0 0 0 0 0 0 0 0 0 0.890047 0 0 0 0 0 0 0 0 0 0 0 0 0 0 0.890047 -8.87481 0 2.06822 0 2.06822 0 0 0 2.06822 0 0 0 0 0 0 
0 0 0 0 0 0 0 0 0 0 0 0 0 0 0 0 0 0 0.890047 0 0 0 0 0 0 0 0 0 0 0 0 0 0 0 0.890047 0 0 0 0 0 0 0 0 0 0 0 0 0 0.890047 0 -8.87481 2.06822 0 0 2.06822 0 0 0 2.06822 0 0 0 0 0 
0 0 0 0 0 0 0 0 0 0 0 0 0 0 0 0 0 0 0 0.890047 0 0 0 0 0 0 0 0 0 0 0 0 0 0 0 0.890047 0 0 0 0 0 0 0 0 0 0 0 0 0 0.890047 0.890047 -9.07545 0 0 0 2.75763 0 0 0 2.75763 0 0 0 0 
0 0 0 0 0 0 0 0 0 0 0 0 0 0 0 0 0 0 0 0 0.890047 0 0 0 0 0 0 0 0 0 0 0 0 0 0 0 0.890047 0 0 0 0 0 0 0 0 0 0 0 0.890047 0 0 0 -8.87481 2.06822 2.06822 0 0 0 0 0 2.06822 0 0 0 
0 0 0 0 0 0 0 0 0 0 0 0 0 0 0 0 0 0 0 0 0 0.890047 0 0 0 0 0 0 0 0 0 0 0 0 0 0 0 0.890047 0 0 0 0 0 0 0 0 0 0 0 0.890047 0 0 0.890047 -9.07545 0 2.75763 0 0 0 0 0 2.75763 0 0 
0 0 0 0 0 0 0 0 0 0 0 0 0 0 0 0 0 0 0 0 0 0 0.890047 0 0 0 0 0 0 0 0 0 0 0 0 0 0 0 0.890047 0 0 0 0 0 0 0 0 0 0 0 0.890047 0 0.890047 0 -9.07545 2.75763 0 0 0 0 0 0 2.75763 0 
0 0 0 0 0 0 0 0 0 0 0 0 0 0 0 0 0 0 0 0 0 0 0 0.890047 0 0 0 0 0 0 0 0 0 0 0 0 0 0 0 0.890047 0 0 0 0 0 0 0 0 0 0 0 0.890047 0 0.890047 0.890047 -7.89727 0 0 0 0 0 0 0 3.44704 
0 0 0 0 0 0 0 0 0 0 0 0 0 0 0 0 0 0 0 0 0 0 0 0 0.890047 0 0 0 0 0 0 0 0 0 0 0 0 0 0 0 0.890047 0 0 0 0 0 0 0 0.890047 0 0 0 0 0 0 0 -8.87481 2.06822 2.06822 0 2.06822 0 0 0 
0 0 0 0 0 0 0 0 0 0 0 0 0 0 0 0 0 0 0 0 0 0 0 0 0 0.890047 0 0 0 0 0 0 0 0 0 0 0 0 0 0 0 0.890047 0 0 0 0 0 0 0 0.890047 0 0 0 0 0 0 0.890047 -9.07545 0 2.75763 0 2.75763 0 0 
0 0 0 0 0 0 0 0 0 0 0 0 0 0 0 0 0 0 0 0 0 0 0 0 0 0 0.890047 0 0 0 0 0 0 0 0 0 0 0 0 0 0 0 0.890047 0 0 0 0 0 0 0 0.890047 0 0 0 0 0 0.890047 0 -9.07545 2.75763 0 0 2.75763 0 
0 0 0 0 0 0 0 0 0 0 0 0 0 0 0 0 0 0 0 0 0 0 0 0 0 0 0 0.890047 0 0 0 0 0 0 0 0 0 0 0 0 0 0 0 0.890047 0 0 0 0 0 0 0 0.890047 0 0 0 0 0 0.890047 0.890047 -7.89727 0 0 0 3.44704 
0 0 0 0 0 0 0 0 0 0 0 0 0 0 0 0 0 0 0 0 0 0 0 0 0 0 0 0 0.890047 0 0 0 0 0 0 0 0 0 0 0 0 0 0 0 0.890047 0 0 0 0 0 0 0 0.890047 0 0 0 0.890047 0 0 0 -9.07545 2.75763 2.75763 0 
0 0 0 0 0 0 0 0 0 0 0 0 0 0 0 0 0 0 0 0 0 0 0 0 0 0 0 0 0 0.890047 0 0 0 0 0 0 0 0 0 0 0 0 0 0 0 0.890047 0 0 0 0 0 0 0 0.890047 0 0 0 0.890047 0 0 0.890047 -7.89727 0 3.44704 
0 0 0 0 0 0 0 0 0 0 0 0 0 0 0 0 0 0 0 0 0 0 0 0 0 0 0 0 0 0 0.890047 0 0 0 0 0 0 0 0 0 0 0 0 0 0 0 0.890047 0 0 0 0 0 0 0 0.890047 0 0 0 0.890047 0 0.890047 0 -7.89727 3.44704 
0 0 0 0 0 0 0 0 0 0 0 0 0 0 0 0 0 0 0 0 0 0 0 0 0 0 0 0 0 0 0 0.890047 0 0 0 0 0 0 0 0 0 0 0 0 0 0 0 0.890047 0 0 0 0 0 0 0 0.890047 0 0 0 0.890047 0 0.890047 0.890047 -5.34028 
