64
-0 0 0 0 0 0 0 0 0 0 0 0 0 0 0 0 0 0 0 0 0 0 0 0 0 0 0 0 0 0 0 0 0 0 0 0 0 0 0 0 0 0 0 0 0 0 0 0 0 0 0 0 0 0 0 0 0 0 0 0 0 0 0 0 
0.210439 -1.32086 0 0.222085 0 0.222085 0 0 0 0.222085 0 0 0 0 0 0 0 0.222085 0 0 0 0 0 0 0 0 0 0 0 0 0 0 0 0.222085 0 0 0 0 0 0 0 0 0 0 0 0 0 0 0 0 0 0 0 0 0 0 0 0 0 0 0 0 0 0 
0.210439 0 -1.32086 0.222085 0 0 0.222085 0 0 0 0.222085 0 0 0 0 0 0 0 0.222085 0 0 0 0 0 0 0 0 0 0 0 0 0 0 0 0.222085 0 0 0 0 0 0 0 0 0 0 0 0 0 0 0 0 0 0 0 0 0 0 0 0 0 0 0 0 0 
0 0.210439 0.210439 -2.19756 0 0 0 0.44417 0 0 0 0.44417 0 0 0 0 0 0 0 0.44417 0 0 0 0 0 0 0 0 0 0 0 0 0 0 0 0.44417 0 0 0 0 0 0 0 0 0 0 0 0 0 0 0 0 0 0 0 0 0 0 0 0 0 0 0 0 
0.210439 0 0 0 -1.32086 0.222085 0.222085 0 0 0 0 0 0.222085 0 0 0 0 0 0 0 0.222085 0 0 0 0 0 0 0 0 0 0 0 0 0 0 0 0.222085 0 0 0 0 0 0 0 0 0 0 0 0 0 0 0 0 0 0 0 0 0 0 0 0 0 0 0 
0 0.210439 0 0 0.210439 -2.19756 0 0.44417 0 0 0 0 0 0.44417 0 0 0 0 0 0 0 0.44417 0 0 0 0 0 0 0 0 0 0 0 0 0 0 0 0.44417 0 0 0 0 0 0 0 0 0 0 0 0 0 0 0 0 0 0 0 0 0 0 0 0 0 0 
0 0 0.210439 0 0.210439 0 -2.19756 0.44417 0 0 0 0 0 0 0.44417 0 0 0 0 0 0 0 0.44417 0 0 0 0 0 0 0 0 0 0 0 0 0 0 0 0.44417 0 0 0 0 0 0 0 0 0 0 0 0 0 0 0 0 0 0 0 0 0 0 0 0 0 
0 0 0 0.210439 0 0.210439 0.210439 -2.63008 0 0 0 0 0 0 0 0.666255 0 0 0 0 0 0 0 0.666255 0 0 0 0 0 0 0 0 0 0 0 0 0 0 0 0.666255 0 0 0 0 0 0 0 0 0 0 0 0 0 0 0 0 0 0 0 0 0 0 0 0 
0.210439 0 0 0 0 0 0 0 -1.32086 0.222085 0.222085 0 0.222085 0 0 0 0 0 0 0 0 0 0 0 0.222085 0 0 0 0 0 0 0 0 0 0 0 0 0 0 0 0.222085 0 0 0 0 0 0 0 0 0 0 0 0 0 0 0 0 0 0 0 0 0 0 0 
0 0.210439 0 0 0 0 0 0 0.210439 -2.19756 0 0.44417 0 0.44417 0 0 0 0 0 0 0 0 0 0 0 0.44417 0 0 0 0 0 0 0 0 0 0 0 0 0 0 0 0.44417 0 0 0 0 0 0 0 0 0 0 0 0 0 0 0 0 0 0 0 0 0 0 
0 0 0.210439 0 0 0 0 0 0.210439 0 -2.19756 0.44417 0 0 0.44417 0 0 0 0 0 0 0 0 0 0 0 0.44417 0 0 0 0 0 0 0 0 0 0 0 0 0 0 0 0.44417 0 0 0 0 0 0 0 0 0 0 0 0 0 0 0 0 0 0 0 0 0 
0 0 0 0.210439 0 0 0 0 0 0.210439 0.210439 -2.63008 0 0 0 0.666255 0 0 0 0 0 0 0 0 0 0 0 0.666255 0 0 0 0 0 0 0 0 0 0 0 0 0 0 0 0.666255 0 0 0 0 0 0 0 0 0 0 0 0 0 0 0 0 0 0 0 0 
0 0 0 0 0.210439 0 0 0 0.210439 0 0 0 -2.19756 0.44417 0.44417 0 0 0 0 0 0 0 0 0 0 0 0 0 0.44417 0 0 0 0 0 0 0 0 0 0 0 0 0 0 0 0.44417 0 0 0 0 0 0 0 0 0 0 0 0 0 0 0 0 0 0 0 
0 0 0 0 0 0.210439 0 0 0 0.210439 0 0 0.210439 -2.63008 0 0.666255 0 0 0 0 0 0 0 0 0 0 0 0 0 0.666255 0 0 0 0 0 0 0 0 0 0 0 0 0 0 0 0.666255 0 0 0 0 0 0 0 0 0 0 0 0 0 0 0 0 0 0 
0 0 0 0 0 0 0.210439 0 0 0 0.210439 0 0.210439 0 -2.63008 0.666255 0 0 0 0 0 0 0 0 0 0 0 0 0 0 0.666255 0 0 0 0 0 0 0 0 0 0 0 0 0 0 0 0.666255 0 0 0 0 0 0 0 0 0 0 0 0 0 0 0 0 0 
0 0 0 0 0 0 0 0.210439 0 0 0 0.210439 0 0.210439 0.210439 -2.61844 0 0 0 0 0 0 0 0 0 0 0 0 0 0 0 0.88834 0 0 0 0 0 0 0 0 0 0 0 0 0 0 0 0.88834 0 0 0 0 0 0 0 0 0 0 0 0 0 0 0 0 
0.210439 0 0 0 0 0 0 0 0 0 0 0 0 0 0 0 -1.32086 0.222085 0.222085 0 0.222085 0 0 0 0.222085 0 0 0 0 0 0 0 0 0 0 0 0 0 0 0 0 0 0 0 0 0 0 0 0.222085 0 0 0 0 0 0 0 0 0 0 0 0 0 0 0 
0 0.210439 0 0 0 0 0 0 0 0 0 0 0 0 0 0 0.210439 -2.19756 0 0.44417 0 0.44417 0 0 0 0.44417 0 0 0 0 0 0 0 0 0 0 0 0 0 0 0 0 0 0 0 0 0 0 0 0.44417 0 0 0 0 0 0 0 0 0 0 0 0 0 0 
0 0 0.210439 0 0 0 0 0 0 0 0 0 0 0 0 0 0.210439 0 -2.19756 0.44417 0 0 0.44417 0 0 0 0.44417 0 0 0 0 0 0 0 0 0 0 0 0 0 0 0 0 0 0 0 0 0 0 0 0.44417 0 0 0 0 0 0 0 0 0 0 0 0 0 
0 0 0 0.210439 0 0 0 0 0 0 0 0 0 0 0 0 0 0.210439 0.210439 -2.63008 0 0 0 0.666255 0 0 0 0.666255 0 0 0 0 0 0 0 0 0 0 0 0 0 0 0 0 0 0 0 0 0 0 0 0.666255 0 0 0 0 0 0 0 0 0 0 0 0 
0 0 0 0 0.210439 0 0 0 0 0 0 0 0 0 0 0 0.210439 0 0 0 -2.19756 0.44417 0.44417 0 0 0 0 0 0.44417 0 0 0 0 0 0 0 0 0 0 0 0 0 0 0 0 0 0 0 0 0 0 0 0.44417 0 0 0 0 0 0 0 0 0 0 0 
0 0 0 0 0 0.210439 0 0 0 0 0 0 0 0 0 0 0 0.210439 0 0 0.210439 -2.63008 0 0.666255 0 0 0 0 0 0.666255 0 0 0 0 0 0 0 0 0 0 0 0 0 0 0 0 0 0 0 0 0 0 0 0.666255 0 0 0 0 0 0 0 0 0 0 
0 0 0 0 0 0 0.210439 0 0 0 0 0 0 0 0 0 0 0 0.210439 0 0.210439 0 -2.63008 0.666255 0 0 0 0 0 0 0.666255 0 0 0 0 0 0 0 0 0 0 0 0 0 0 0 0 0 0 0 0 0 0 0 0.666255 0 0 0 0 0 0 0 0 0 
0 0 0 0 0 0 0 0.210439 0 0 0 0 0 0 0 0 0 0 0 0.210439 0 0.210439 0.210439 -2.61844 0 0 0 0 0 0 0 0.88834 0 0 0 0 0 0 0 0 0 0 0 0 0 0 0 0 0 0 0 0 0 0 0 0.88834 0 0 0 0 0 0 0 0 
0 0 0 0 0 0 0 0 0.210439 0 0 0 0 0 0 0 0.210439 0 0 0 0 0 0 0 -2.19756 0.44417 0.44417 0 0.44417 0 0 0 0 0 0 0 0 0 0 0 0 0 0 0 0 0 0 0 0 0 0 0 0 0 0 0 0.44417 0 0 0 0 0 0 0 
0 0 0 0 0 0 0 0 0 0.210439 0 0 0 0 0 0 0 0.210439 0 0 0 0 0 0 0.210439 -2.63008 0 0.666255 0 0.666255 0 0 0 0 0 0 0 0 0 0 0 0 0 0 0 0 0 0 0 0 0 0 0 0 0 0 0 0.666255 0 0 0 0 0 0 
0 0 0 0 0 0 0 0 0 0 0.210439 0 0 0 0 0 0 0 0.210439 0 0 0 0 0 0.210439 0 -2.63008 0.666255 0 0 0.666255 0 0 0 0 0 0 0 0 0 0 0 0 0 0 0 0 0 0 0 0 0 0 0 0 0 0 0 0.666255 0 0 0 0 0 
0 0 0 0 0 0 0 0 0 0 0 0.210439 0 0 0 0 0 0 0 0.210439 0 0 0 0 0 0.210439 0.210439 -2.61844 0 0 0 0.88834 0 0 0 0 0 0 0 0 0 0 0 0 0 0 0 0 0 0 0 0 0 0 0 0 0 0 0 0.88834 0 0 0 0 
0 0 0 0 0 0 0 0 0 0 0 0 0.210439 0 0 0 0 0 0 0 0.210439 0 0 0 0.210439 0 0 0 -2.63008 0.666255 0.666255 0 0 0 0 0 0 0 0 0 0 0 0 0 0 0 0 0 0 0 0 0 0 0 0 0 0 0 0 0 0.666255 0 0 0 
0 0 0 0 0 0 0 0 0 0 0 0 0 0.210439 0 0 0 0 0 0 0 0.210439 0 0 0 0.210439 0 0 0.210439 -2.61844 0 0.88834 0 0 0 0 0 0 0 0 0 0 0 0 0 0 0 0 0 0 0 0 0 0 0 0 0 0 0 0 0 0.88834 0 0 
0 0 0 0 0 0 0 0 0 0 0 0 0 0 0.210439 0 0 0 0 0 0 0 0.210439 0 0 0 0.210439 0 0.210439 0 -2.61844 0.88834 0 0 0 0 0 0 0 0 0 0 0 0 0 0 0 0 0 0 0 0 0 0 0 0 0 0 0 0 0 0 0.88834 0 
0 0 0 0 0 0 0 0 0 0 0 0 0 0 0 0.210439 0 0 0 0 0 0 0 0.210439 0 0 0 0.210439 0 0.210439 0.210439 -2.16262 0 0 0 0 0 0 0 0 0 0 0 0 0 0 0 0 0 0 0 0 0 0 0 0 0 0 0 0 0 0 0 1.11043 
0.210439 0 0 0 0 0 0 0 0 0 0 0 0 0 0 0 0 0 0 0 0 0 0 0 0 0 0 0 0 0 0 0 -1.32086 0.222085 0.222085 0 0.222085 0 0 0 0.222085 0 0 0 0 0 0 0 0.222085 0 0 0 0 0 0 0 0 0 0 0 0 0 0 0 
0 0.210439 0 0 0 0 0 0 0 0 0 0 0 0 0 0 0 0 0 0 0 0 0 0 0 0 0 0 0 0 0 0 0.210439 -2.19756 0 0.44417 0 0.44417 0 0 0 0.44417 0 0 0 0 0 0 0 0.44417 0 0 0 0 0 0 0 0 0 0 0 0 0 0 
0 0 0.210439 0 0 0 0 0 0 0 0 0 0 0 0 0 0 0 0 0 0 0 0 0 0 0 0 0 0 0 0 0 0.210439 0 -2.19756 0.44417 0 0 0.44417 0 0 0 0.44417 0 0 0 0 0 0 0 0.44417 0 0 0 0 0 0 0 0 0 0 0 0 0 
0 0 0 0.210439 0 0 0 0 0 0 0 0 0 0 0 0 0 0 0 0 0 0 0 0 0 0 0 0 0 0 0 0 0 0.210439 0.210439 -2.63008 0 0 0 0.666255 0 0 0 0.666255 0 0 0 0 0 0 0 0.666255 0 0 0 0 0 0 0 0 0 0 0 0 
0 0 0 0 0.210439 0 0 0 0 0 0 0 0 0 0 0 0 0 0 0 0 0 0 0 0 0 0 0 0 0 0 0 0.210439 0 0 0 -2.19756 0.44417 0.44417 0 0 0 0 0 0.44417 0 0 0 0 0 0 0 0.44417 0 0 0 0 0 0 0 0 0 0 0 
0 0 0 0 0 0.210439 0 0 0 0 0 0 0 0 0 0 0 0 0 0 0 0 0 0 0 0 0 0 0 0 0 0 0 0.210439 0 0 0.210439 -2.63008 0 0.666255 0 0 0 0 0 0.666255 0 0 0 0 0 0 0 0.666255 0 0 0 0 0 0 0 0 0 0 
0 0 0 0 0 0 0.210439 0 0 0 0 0 0 0 0 0 0 0 0 0 0 0 0 0 0 0 0 0 0 0 0 0 0 0 0.210439 0 0.210439 0 -2.63008 0.666255 0 0 0 0 0 0 0.666255 0 0 0 0 0 0 0 0.666255 0 0 0 0 0 0 0 0 0 
0 0 0 0 0 0 0 0.210439 0 0 0 0 0 0 0 0 0 0 0 0 0 0 0 0 0 0 0 0 0 0 0 0 0 0 0 0.210439 0 0.210439 0.210439 -2.61844 0 0 0 0 0 0 0 0.88834 0 0 0 0 0 0 0 0.88834 0 0 0 0 0 0 0 0 
0 0 0 0 0 0 0 0 0.210439 0 0 0 0 0 0 0 0 0 0 0 0 0 0 0 0 0 0 0 0 0 0 0 0.210439 0 0 0 0 0 0 0 -2.19756 0.44417 0.44417 0 0.44417 0 0 0 0 0 0 0 0 0 0 0 0.44417 0 0 0 0 0 0 0 
0 0 0 0 0 0 0 0 0 0.210439 0 0 0 0 0 0 0 0 0 0 0 0 0 0 0 0 0 0 0 0 0 0 0 0.210439 0 0 0 0 0 0 0.210439 -2.63008 0 0.666255 0 0.666255 0 0 0 0 0 0 0 0 0 0 0 0.666255 0 0 0 0 0 0 
0 0 0 0 0 0 0 0 0 0 0.210439 0 0 0 0 0 0 0 0 0 0 0 0 0 0 0 0 0 0 0 0 0 0 0 0.210439 0 0 0 0 0 0.210439 0 -2.63008 0.666255 0 0 0.666255 0 0 0 0 0 0 0 0 0 0 0 0.666255 0 0 0 0 0 
0 0 0 0 0 0 0 0 0 0 0 0.210439 0 0 0 0 0 0 0 0 0 0 0 0 0 0 0 0 0 0 0 0 0 0 0 0.210439 0 0 0 0 0 0.210439 0.210439 -2.61844 0 0 0 0.88834 0 0 0 0 0 0 0 0 0 0 0 0.88834 0 0 0 0 
0 0 0 0 0 0 0 0 0 0 0 0 0.210439 0 0 0 0 0 0 0 0 0 0 0 0 0 0 0 0 0 0 0 0 0 0 0 0.210439 0 0 0 0.210439 0 0 0 -2.63008 0.666255 0.666255 0 0 0 0 0 0 0 0 0 0 0 0 0 0.666255 0 0 0 
0 0 0 0 0 0 0 0 0 0 0 0 0 0.210439 0 0 0 0 0 0 0 0 0 0 0 0 0 0 0 0 0 0 0 0 0 0 0 0.210439 0 0 0 0.210439 0 0 0.210439 -2.61844 0 0.88834 0 0 0 0 0 0 0 0 0 0 0 0 0 0.88834 0 0 
0 0 0 0 0 0 0 0 0 0 0 0 0 0 0.210439 0 0 0 0 0 0 0 0 0 0 0 0 0 0 0 0 0 0 0 0 0 0 0 0.210439 0 0 0 0.210439 0 0.210439 0 -2.61844 0.88834 0 0 0 0 0 0 0 0 0 0 0 0 0 0 0.88834 0 
0 0 0 0 0 0 0 0 0 0 0 0 0 0 0 0.210439 0 0 0 0 0 0 0 0 0 0 0 0 0 0 0 0 0 0 0 0 0 0 0 0.210439 0 0 0 0.210439 0 0.210439 0.210439 -2.16262 0 0 0 0 0 0 0 0 0 0 0 0 0 0 0 1.11043 
0 0 0 0 0 0 0 0 0 0 0 0 0 0 0 0 0.210439 0 0 0 0 0 0 0 0 0 0 0 0 0 0 0 0.210439 0 0 0 0 0 0 0 0 0 0 0 0 0 0 0 -2.19756 0.44417 0.44417 0 0.44417 0 0 0 0.44417 0 0 0 0 0 0 0 
0 0 0 0 0 0 0 0 0 0 0 0 0 0 0 0 0 0.210439 0 0 0 0 0 0 0 0 0 0 0 0 0 0 0 0.210439 0 0 0 0 0 0 0 0 0 0 0 0 0 0 0.210439 -2.63008 0 0.666255 0 0.666255 0 0 0 0.666255 0 0 0 0 0 0 
0 0 0 0 0 0 0 0 0 0 0 0 0 0 0 0 0 0 0.210439 0 0 0 0 0 0 0 0 0 0 0 0 0 0 0 0.210439 0 0 0 0 0 0 0 0 0 0 0 0 0 0.210439 0 -2.63008 0.666255 0 0 0.666255 0 0 0 0.666255 0 0 0 0 0 
0 0 0 0 0 0 0 0 0 0 0 0 0 0 0 0 0 0 0 0.210439 0 0 0 0 0 0 0 0 0 0 0 0 0 0 0 0.210439 0 0 0 0 0 0 0 0 0 0 0 0 0 0.210439 0.210439 -2.61844 0 0 0 0.88834 0 0 0 0.88834 0 0 0 0 
0 0 0 0 0 0 0 0 0 0 0 0 0 0 0 0 0 0 0 0 0.210439 0 0 0 0 0 0 0 0 0 0 0 0 0 0 0 0.210439 0 0 0 0 0 0 0 0 0 0 0 0.210439 0 0 0 -2.63008 0.666255 0.666255 0 0 0 0 0 0.666255 0 0 0 
0 0 0 0 0 0 0 0 0 0 0 0 0 0 0 0 0 0 0 0 0 0.210439 0 0 0 0 0 0 0 0 0 0 0 0 0 0 0 0.210439 0 0 0 0 0 0 0 0 0 0 0 0.210439 0 0 0.210439 -2.61844 0 0.88834 0 0 0 0 0 0.88834 0 0 
0 0 0 0 0 0 0 0 0 0 0 0 0 0 0 0 0 0 0 0 0 0 0.210439 0 0 0 0 0 0 0 0 0 0 0 0 0 0 0 0.210439 0 0 0 0 0 0 0 0 0 0 0 0.210439 0 0.210439 0 -2.61844 0.88834 0 0 0 0 0 0 0.88834 0 
0 0 0 0 0 0 0 0 0 0 0 0 0 0 0 0 0 0 0 0 0 0 0 0.210439 0 0 0 0 0 0 0 0 0 0 0 0 0 0 0 0.210439 0 0 0 0 0 0 0 0 0 0 0 0.210439 0 0.210439 0.210439 -2.16262 0 0 0 0 0 0 0 1.11043 
0 0 0 0 0 0 0 0 0 0 0 0 0 0 0 0 0 0 0 0 0 0 0 0 0.210439 0 0 0 0 0 0 0 0 0 0 0 0 0 0 0 0.210439 0 0 0 0 0 0 0 0.210439 0 0 0 0 0 0 0 -2.63008 0.666255 0.666255 0 0.666255 0 0 0 
0 0 0 0 0 0 0 0 0 0 0 0 0 0 0 0 0 0 0 0 0 0 0 0 0 0.210439 0 0 0 0 0 0 0 0 0 0 0 0 0 0 0 0.210439 0 0 0 0 0 0 0 0.210439 0 0 0 0 0 0 0.210439 -2.61844 0 0.88834 0 0.88834 0 0 
0 0 0 0 0 0 0 0 0 0 0 0 0 0 0 0 0 0 0 0 0 0 0 0 0 0 0.210439 0 0 0 0 0 0 0 0 0 0 0 0 0 0 0 0.210439 0 0 0 0 0 0 0 0.210439 0 0 0 0 0 0.210439 0 -2.61844 0.88834 0 0 0.88834 0 
0 0 0 0 0 0 0 0 0 0 0 0 0 0 0 0 0 0 0 0 0 0 0 0 0 0 0 0.210439 0 0 0 0 0 0 0 0 0 0 0 0 0 0 0 0.210439 0 0 0 0 0 0 0 0.210439 0 0 0 0 0 0.210439 0.210439 -2.16262 0 0 0 1.11043 
0 0 0 0 0 0 0 0 0 0 0 0 0 0 0 0 0 0 0 0 0 0 0 0 0 0 0 0 0.210439 0 0 0 0 0 0 0 0 0 0 0 0 0 0 0 0.210439 0 0 0 0 0 0 0 0.210439 0 0 0 0.210439 0 0 0 -2.61844 0.88834 0.88834 0 
0 0 0 0 0 0 0 0 0 0 0 0 0 0 0 0 0 0 0 0 0 0 0 0 0 0 0 0 0 0.210439 0 0 0 0 0 0 0 0 0 0 0 0 0 0 0 0.210439 0 0 0 0 0 0 0 0.210439 0 0 0 0.210439 0 0 0.210439 -2.16262 0 1.11043 
0 0 0 0 0 0 0 0 0 0 0 0 0 0 0 0 0 0 0 0 0 0 0 0 0 0 0 0 0 0 0.210439 0 0 0 0 0 0 0 0 0 0 0 0 0 0 0 0.210439 0 0 0 0 0 0 0 0.210439 0 0 0 0.210439 0 0.210439 0 -2.16262 1.11043 
0 0 0 0 0 0 0 0 0 0 0 0 0 0 0 0 0 0 0 0 0 0 0 0 0 0 0 0 0 0 0 0.210439 0 0 0 0 0 0 0 0 0 0 0 0 0 0 0 0.210439 0 0 0 0 0 0 0 0.210439 0 0 0 0.210439 0 0.210439 0.210439 -1.26263 
