32
-0 0 0 0 0 0 0 0 0 0 0 0 0 0 0 0 0 0 0 0 0 0 0 0 0 0 0 0 0 0 0 0 
0.481169 -2.46768 0 0.496629 0 0.496629 0 0 0 0.496629 0 0 0 0 0 0 0 0.496629 0 0 0 0 0 0 0 0 0 0 0 0 0 0 
0.481169 0 -2.46768 0.496629 0 0 0.496629 0 0 0 0.496629 0 0 0 0 0 0 0 0.496629 0 0 0 0 0 0 0 0 0 0 0 0 0 
0 0.481169 0.481169 -3.94211 0 0 0 0.993257 0 0 0 0.993257 0 0 0 0 0 0 0 0.993257 0 0 0 0 0 0 0 0 0 0 0 0 
0.481169 0 0 0 -2.46768 0.496629 0.496629 0 0 0 0 0 0.496629 0 0 0 0 0 0 0 0.496629 0 0 0 0 0 0 0 0 0 0 0 
0 0.481169 0 0 0.481169 -3.94211 0 0.993257 0 0 0 0 0 0.993257 0 0 0 0 0 0 0 0.993257 0 0 0 0 0 0 0 0 0 0 
0 0 0.481169 0 0.481169 0 -3.94211 0.993257 0 0 0 0 0 0 0.993257 0 0 0 0 0 0 0 0.993257 0 0 0 0 0 0 0 0 0 
0 0 0 0.481169 0 0.481169 0.481169 -4.42328 0 0 0 0 0 0 0 1.48989 0 0 0 0 0 0 0 1.48989 0 0 0 0 0 0 0 0 
0.481169 0 0 0 0 0 0 0 -2.46768 0.496629 0.496629 0 0.496629 0 0 0 0 0 0 0 0 0 0 0 0.496629 0 0 0 0 0 0 0 
0 0.481169 0 0 0 0 0 0 0.481169 -3.94211 0 0.993257 0 0.993257 0 0 0 0 0 0 0 0 0 0 0 0.993257 0 0 0 0 0 0 
0 0 0.481169 0 0 0 0 0 0.481169 0 -3.94211 0.993257 0 0 0.993257 0 0 0 0 0 0 0 0 0 0 0 0.993257 0 0 0 0 0 
0 0 0 0.481169 0 0 0 0 0 0.481169 0.481169 -4.42328 0 0 0 1.48989 0 0 0 0 0 0 0 0 0 0 0 1.48989 0 0 0 0 
0 0 0 0 0.481169 0 0 0 0.481169 0 0 0 -3.94211 0.993257 0.993257 0 0 0 0 0 0 0 0 0 0 0 0 0 0.993257 0 0 0 
0 0 0 0 0 0.481169 0 0 0 0.481169 0 0 0.481169 -4.42328 0 1.48989 0 0 0 0 0 0 0 0 0 0 0 0 0 1.48989 0 0 
0 0 0 0 0 0 0.481169 0 0 0 0.481169 0 0.481169 0 -4.42328 1.48989 0 0 0 0 0 0 0 0 0 0 0 0 0 0 1.48989 0 
0 0 0 0 0 0 0 0.481169 0 0 0 0.481169 0 0.481169 0.481169 -3.91119 0 0 0 0 0 0 0 0 0 0 0 0 0 0 0 1.98651 
0.481169 0 0 0 0 0 0 0 0 0 0 0 0 0 0 0 -2.46768 0.496629 0.496629 0 0.496629 0 0 0 0.496629 0 0 0 0 0 0 0 
0 0.481169 0 0 0 0 0 0 0 0 0 0 0 0 0 0 0.481169 -3.94211 0 0.993257 0 0.993257 0 0 0 0.993257 0 0 0 0 0 0 
0 0 0.481169 0 0 0 0 0 0 0 0 0 0 0 0 0 0.481169 0 -3.94211 0.993257 0 0 0.993257 0 0 0 0.993257 0 0 0 0 0 
0 0 0 0.481169 0 0 0 0 0 0 0 0 0 0 0 0 0 0.481169 0.481169 -4.42328 0 0 0 1.48989 0 0 0 1.48989 0 0 0 0 
0 0 0 0 0.481169 0 0 0 0 0 0 0 0 0 0 0 0.481169 0 0 0 -3.94211 0.993257 0.993257 0 0 0 0 0 0.993257 0 0 0 
0 0 0 0 0 0.481169 0 0 0 0 0 0 0 0 0 0 0 0.481169 0 0 0.481169 -4.42328 0 1.48989 0 0 0 0 0 1.48989 0 0 
0 0 0 0 0 0 0.481169 0 0 0 0 0 0 0 0 0 0 0 0.481169 0 0.481169 0 -4.42328 1.48989 0 0 0 0 0 0 1.48989 0 
0 0 0 0 0 0 0 0.481169 0 0 0 0 0 0 0 0 0 0 0 0.481169 0 0.481169 0.481169 -3.91119 0 0 0 0 0 0 0 1.98651 
0 0 0 0 0 0 0 0 0.481169 0 0 0 0 0 0 0 0.481169 0 0 0 0 0 0 0 -3.94211 0.993257 0.993257 0 0.993257 0 0 0 
0 0 0 0 0 0 0 0 0 0.481169 0 0 0 0 0 0 0 0.481169 0 0 0 0 0 0 0.481169 -4.42328 0 1.48989 0 1.48989 0 0 
0 0 0 0 0 0 0 0 0 0 0.481169 0 0 0 0 0 0 0 0.481169 0 0 0 0 0 0.481169 0 -4.42328 1.48989 0 0 1.48989 0 
0 0 0 0 0 0 0 0 0 0 0 0.481169 0 0 0 0 0 0 0 0.481169 0 0 0 0 0 0.481169 0.481169 -3.91119 0 0 0 1.98651 
0 0 0 0 0 0 0 0 0 0 0 0 0.481169 0 0 0 0 0 0 0 0.481169 0 0 0 0.481169 0 0 0 -4.42328 1.48989 1.48989 0 
0 0 0 0 0 0 0 0 0 0 0 0 0 0.481169 0 0 0 0 0 0 0 0.481169 0 0 0 0.481169 0 0 0.481169 -3.91119 0 1.98651 
0 0 0 0 0 0 0 0 0 0 0 0 0 0 0.481169 0 0 0 0 0 0 0 0.481169 0 0 0 0.481169 0 0.481169 0 -3.91119 1.98651 
0 0 0 0 0 0 0 0 0 0 0 0 0 0 0 0.481169 0 0 0 0 0 0 0 0.481169 0 0 0 0.481169 0 0.481169 0.481169 -2.40584 
