32
-0 0 0 0 0 0 0 0 0 0 0 0 0 0 0 0 0 0 0 0 0 0 0 0 0 0 0 0 0 0 0 0 
0.549404 -2.70642 0 0.539255 0 0.539255 0 0 0 0.539255 0 0 0 0 0 0 0 0.539255 0 0 0 0 0 0 0 0 0 0 0 0 0 0 
0.549404 0 -2.70642 0.539255 0 0 0.539255 0 0 0 0.539255 0 0 0 0 0 0 0 0.539255 0 0 0 0 0 0 0 0 0 0 0 0 0 
0 0.549404 0.549404 -4.33434 0 0 0 1.07851 0 0 0 1.07851 0 0 0 0 0 0 0 1.07851 0 0 0 0 0 0 0 0 0 0 0 0 
0.549404 0 0 0 -2.70642 0.539255 0.539255 0 0 0 0 0 0.539255 0 0 0 0 0 0 0 0.539255 0 0 0 0 0 0 0 0 0 0 0 
0 0.549404 0 0 0.549404 -4.33434 0 1.07851 0 0 0 0 0 1.07851 0 0 0 0 0 0 0 1.07851 0 0 0 0 0 0 0 0 0 0 
0 0 0.549404 0 0.549404 0 -4.33434 1.07851 0 0 0 0 0 0 1.07851 0 0 0 0 0 0 0 1.07851 0 0 0 0 0 0 0 0 0 
0 0 0 0.549404 0 0.549404 0.549404 -4.88374 0 0 0 0 0 0 0 1.61776 0 0 0 0 0 0 0 1.61776 0 0 0 0 0 0 0 0 
0.549404 0 0 0 0 0 0 0 -2.70642 0.539255 0.539255 0 0.539255 0 0 0 0 0 0 0 0 0 0 0 0.539255 0 0 0 0 0 0 0 
0 0.549404 0 0 0 0 0 0 0.549404 -4.33434 0 1.07851 0 1.07851 0 0 0 0 0 0 0 0 0 0 0 1.07851 0 0 0 0 0 0 
0 0 0.549404 0 0 0 0 0 0.549404 0 -4.33434 1.07851 0 0 1.07851 0 0 0 0 0 0 0 0 0 0 0 1.07851 0 0 0 0 0 
0 0 0 0.549404 0 0 0 0 0 0.549404 0.549404 -4.88374 0 0 0 1.61776 0 0 0 0 0 0 0 0 0 0 0 1.61776 0 0 0 0 
0 0 0 0 0.549404 0 0 0 0.549404 0 0 0 -4.33434 1.07851 1.07851 0 0 0 0 0 0 0 0 0 0 0 0 0 1.07851 0 0 0 
0 0 0 0 0 0.549404 0 0 0 0.549404 0 0 0.549404 -4.88374 0 1.61776 0 0 0 0 0 0 0 0 0 0 0 0 0 1.61776 0 0 
0 0 0 0 0 0 0.549404 0 0 0 0.549404 0 0.549404 0 -4.88374 1.61776 0 0 0 0 0 0 0 0 0 0 0 0 0 0 1.61776 0 
0 0 0 0 0 0 0 0.549404 0 0 0 0.549404 0 0.549404 0.549404 -4.35464 0 0 0 0 0 0 0 0 0 0 0 0 0 0 0 2.15702 
0.549404 0 0 0 0 0 0 0 0 0 0 0 0 0 0 0 -2.70642 0.539255 0.539255 0 0.539255 0 0 0 0.539255 0 0 0 0 0 0 0 
0 0.549404 0 0 0 0 0 0 0 0 0 0 0 0 0 0 0.549404 -4.33434 0 1.07851 0 1.07851 0 0 0 1.07851 0 0 0 0 0 0 
0 0 0.549404 0 0 0 0 0 0 0 0 0 0 0 0 0 0.549404 0 -4.33434 1.07851 0 0 1.07851 0 0 0 1.07851 0 0 0 0 0 
0 0 0 0.549404 0 0 0 0 0 0 0 0 0 0 0 0 0 0.549404 0.549404 -4.88374 0 0 0 1.61776 0 0 0 1.61776 0 0 0 0 
0 0 0 0 0.549404 0 0 0 0 0 0 0 0 0 0 0 0.549404 0 0 0 -4.33434 1.07851 1.07851 0 0 0 0 0 1.07851 0 0 0 
0 0 0 0 0 0.549404 0 0 0 0 0 0 0 0 0 0 0 0.549404 0 0 0.549404 -4.88374 0 1.61776 0 0 0 0 0 1.61776 0 0 
0 0 0 0 0 0 0.549404 0 0 0 0 0 0 0 0 0 0 0 0.549404 0 0.549404 0 -4.88374 1.61776 0 0 0 0 0 0 1.61776 0 
0 0 0 0 0 0 0 0.549404 0 0 0 0 0 0 0 0 0 0 0 0.549404 0 0.549404 0.549404 -4.35464 0 0 0 0 0 0 0 2.15702 
0 0 0 0 0 0 0 0 0.549404 0 0 0 0 0 0 0 0.549404 0 0 0 0 0 0 0 -4.33434 1.07851 1.07851 0 1.07851 0 0 0 
0 0 0 0 0 0 0 0 0 0.549404 0 0 0 0 0 0 0 0.549404 0 0 0 0 0 0 0.549404 -4.88374 0 1.61776 0 1.61776 0 0 
0 0 0 0 0 0 0 0 0 0 0.549404 0 0 0 0 0 0 0 0.549404 0 0 0 0 0 0.549404 0 -4.88374 1.61776 0 0 1.61776 0 
0 0 0 0 0 0 0 0 0 0 0 0.549404 0 0 0 0 0 0 0 0.549404 0 0 0 0 0 0.549404 0.549404 -4.35464 0 0 0 2.15702 
0 0 0 0 0 0 0 0 0 0 0 0 0.549404 0 0 0 0 0 0 0 0.549404 0 0 0 0.549404 0 0 0 -4.88374 1.61776 1.61776 0 
0 0 0 0 0 0 0 0 0 0 0 0 0 0.549404 0 0 0 0 0 0 0 0.549404 0 0 0 0.549404 0 0 0.549404 -4.35464 0 2.15702 
0 0 0 0 0 0 0 0 0 0 0 0 0 0 0.549404 0 0 0 0 0 0 0 0.549404 0 0 0 0.549404 0 0.549404 0 -4.35464 2.15702 
0 0 0 0 0 0 0 0 0 0 0 0 0 0 0 0.549404 0 0 0 0 0 0 0 0.549404 0 0 0 0.549404 0 0.549404 0.549404 -2.74702 
