64
-0 0 0 0 0 0 0 0 0 0 0 0 0 0 0 0 0 0 0 0 0 0 0 0 0 0 0 0 0 0 0 0 0 0 0 0 0 0 0 0 0 0 0 0 0 0 0 0 0 0 0 0 0 0 0 0 0 0 0 0 0 0 0 0 
0.356706 -1.82488 0 0.293635 0 0.293635 0 0 0 0.293635 0 0 0 0 0 0 0 0.293635 0 0 0 0 0 0 0 0 0 0 0 0 0 0 0 0.293635 0 0 0 0 0 0 0 0 0 0 0 0 0 0 0 0 0 0 0 0 0 0 0 0 0 0 0 0 0 0 
0.356706 0 -1.82488 0.293635 0 0 0.293635 0 0 0 0.293635 0 0 0 0 0 0 0 0.293635 0 0 0 0 0 0 0 0 0 0 0 0 0 0 0 0.293635 0 0 0 0 0 0 0 0 0 0 0 0 0 0 0 0 0 0 0 0 0 0 0 0 0 0 0 0 0 
0 0.356706 0.356706 -3.06249 0 0 0 0.58727 0 0 0 0.58727 0 0 0 0 0 0 0 0.58727 0 0 0 0 0 0 0 0 0 0 0 0 0 0 0 0.58727 0 0 0 0 0 0 0 0 0 0 0 0 0 0 0 0 0 0 0 0 0 0 0 0 0 0 0 0 
0.356706 0 0 0 -1.82488 0.293635 0.293635 0 0 0 0 0 0.293635 0 0 0 0 0 0 0 0.293635 0 0 0 0 0 0 0 0 0 0 0 0 0 0 0 0.293635 0 0 0 0 0 0 0 0 0 0 0 0 0 0 0 0 0 0 0 0 0 0 0 0 0 0 0 
0 0.356706 0 0 0.356706 -3.06249 0 0.58727 0 0 0 0 0 0.58727 0 0 0 0 0 0 0 0.58727 0 0 0 0 0 0 0 0 0 0 0 0 0 0 0 0.58727 0 0 0 0 0 0 0 0 0 0 0 0 0 0 0 0 0 0 0 0 0 0 0 0 0 0 
0 0 0.356706 0 0.356706 0 -3.06249 0.58727 0 0 0 0 0 0 0.58727 0 0 0 0 0 0 0 0.58727 0 0 0 0 0 0 0 0 0 0 0 0 0 0 0 0.58727 0 0 0 0 0 0 0 0 0 0 0 0 0 0 0 0 0 0 0 0 0 0 0 0 0 
0 0 0 0.356706 0 0.356706 0.356706 -3.71284 0 0 0 0 0 0 0 0.880906 0 0 0 0 0 0 0 0.880906 0 0 0 0 0 0 0 0 0 0 0 0 0 0 0 0.880906 0 0 0 0 0 0 0 0 0 0 0 0 0 0 0 0 0 0 0 0 0 0 0 0 
0.356706 0 0 0 0 0 0 0 -1.82488 0.293635 0.293635 0 0.293635 0 0 0 0 0 0 0 0 0 0 0 0.293635 0 0 0 0 0 0 0 0 0 0 0 0 0 0 0 0.293635 0 0 0 0 0 0 0 0 0 0 0 0 0 0 0 0 0 0 0 0 0 0 0 
0 0.356706 0 0 0 0 0 0 0.356706 -3.06249 0 0.58727 0 0.58727 0 0 0 0 0 0 0 0 0 0 0 0.58727 0 0 0 0 0 0 0 0 0 0 0 0 0 0 0 0.58727 0 0 0 0 0 0 0 0 0 0 0 0 0 0 0 0 0 0 0 0 0 0 
0 0 0.356706 0 0 0 0 0 0.356706 0 -3.06249 0.58727 0 0 0.58727 0 0 0 0 0 0 0 0 0 0 0 0.58727 0 0 0 0 0 0 0 0 0 0 0 0 0 0 0 0.58727 0 0 0 0 0 0 0 0 0 0 0 0 0 0 0 0 0 0 0 0 0 
0 0 0 0.356706 0 0 0 0 0 0.356706 0.356706 -3.71284 0 0 0 0.880906 0 0 0 0 0 0 0 0 0 0 0 0.880906 0 0 0 0 0 0 0 0 0 0 0 0 0 0 0 0.880906 0 0 0 0 0 0 0 0 0 0 0 0 0 0 0 0 0 0 0 0 
0 0 0 0 0.356706 0 0 0 0.356706 0 0 0 -3.06249 0.58727 0.58727 0 0 0 0 0 0 0 0 0 0 0 0 0 0.58727 0 0 0 0 0 0 0 0 0 0 0 0 0 0 0 0.58727 0 0 0 0 0 0 0 0 0 0 0 0 0 0 0 0 0 0 0 
0 0 0 0 0 0.356706 0 0 0 0.356706 0 0 0.356706 -3.71284 0 0.880906 0 0 0 0 0 0 0 0 0 0 0 0 0 0.880906 0 0 0 0 0 0 0 0 0 0 0 0 0 0 0 0.880906 0 0 0 0 0 0 0 0 0 0 0 0 0 0 0 0 0 0 
0 0 0 0 0 0 0.356706 0 0 0 0.356706 0 0.356706 0 -3.71284 0.880906 0 0 0 0 0 0 0 0 0 0 0 0 0 0 0.880906 0 0 0 0 0 0 0 0 0 0 0 0 0 0 0 0.880906 0 0 0 0 0 0 0 0 0 0 0 0 0 0 0 0 0 
0 0 0 0 0 0 0 0.356706 0 0 0 0.356706 0 0.356706 0.356706 -3.77591 0 0 0 0 0 0 0 0 0 0 0 0 0 0 0 1.17454 0 0 0 0 0 0 0 0 0 0 0 0 0 0 0 1.17454 0 0 0 0 0 0 0 0 0 0 0 0 0 0 0 0 
0.356706 0 0 0 0 0 0 0 0 0 0 0 0 0 0 0 -1.82488 0.293635 0.293635 0 0.293635 0 0 0 0.293635 0 0 0 0 0 0 0 0 0 0 0 0 0 0 0 0 0 0 0 0 0 0 0 0.293635 0 0 0 0 0 0 0 0 0 0 0 0 0 0 0 
0 0.356706 0 0 0 0 0 0 0 0 0 0 0 0 0 0 0.356706 -3.06249 0 0.58727 0 0.58727 0 0 0 0.58727 0 0 0 0 0 0 0 0 0 0 0 0 0 0 0 0 0 0 0 0 0 0 0 0.58727 0 0 0 0 0 0 0 0 0 0 0 0 0 0 
0 0 0.356706 0 0 0 0 0 0 0 0 0 0 0 0 0 0.356706 0 -3.06249 0.58727 0 0 0.58727 0 0 0 0.58727 0 0 0 0 0 0 0 0 0 0 0 0 0 0 0 0 0 0 0 0 0 0 0 0.58727 0 0 0 0 0 0 0 0 0 0 0 0 0 
0 0 0 0.356706 0 0 0 0 0 0 0 0 0 0 0 0 0 0.356706 0.356706 -3.71284 0 0 0 0.880906 0 0 0 0.880906 0 0 0 0 0 0 0 0 0 0 0 0 0 0 0 0 0 0 0 0 0 0 0 0.880906 0 0 0 0 0 0 0 0 0 0 0 0 
0 0 0 0 0.356706 0 0 0 0 0 0 0 0 0 0 0 0.356706 0 0 0 -3.06249 0.58727 0.58727 0 0 0 0 0 0.58727 0 0 0 0 0 0 0 0 0 0 0 0 0 0 0 0 0 0 0 0 0 0 0 0.58727 0 0 0 0 0 0 0 0 0 0 0 
0 0 0 0 0 0.356706 0 0 0 0 0 0 0 0 0 0 0 0.356706 0 0 0.356706 -3.71284 0 0.880906 0 0 0 0 0 0.880906 0 0 0 0 0 0 0 0 0 0 0 0 0 0 0 0 0 0 0 0 0 0 0 0.880906 0 0 0 0 0 0 0 0 0 0 
0 0 0 0 0 0 0.356706 0 0 0 0 0 0 0 0 0 0 0 0.356706 0 0.356706 0 -3.71284 0.880906 0 0 0 0 0 0 0.880906 0 0 0 0 0 0 0 0 0 0 0 0 0 0 0 0 0 0 0 0 0 0 0 0.880906 0 0 0 0 0 0 0 0 0 
0 0 0 0 0 0 0 0.356706 0 0 0 0 0 0 0 0 0 0 0 0.356706 0 0.356706 0.356706 -3.77591 0 0 0 0 0 0 0 1.17454 0 0 0 0 0 0 0 0 0 0 0 0 0 0 0 0 0 0 0 0 0 0 0 1.17454 0 0 0 0 0 0 0 0 
0 0 0 0 0 0 0 0 0.356706 0 0 0 0 0 0 0 0.356706 0 0 0 0 0 0 0 -3.06249 0.58727 0.58727 0 0.58727 0 0 0 0 0 0 0 0 0 0 0 0 0 0 0 0 0 0 0 0 0 0 0 0 0 0 0 0.58727 0 0 0 0 0 0 0 
0 0 0 0 0 0 0 0 0 0.356706 0 0 0 0 0 0 0 0.356706 0 0 0 0 0 0 0.356706 -3.71284 0 0.880906 0 0.880906 0 0 0 0 0 0 0 0 0 0 0 0 0 0 0 0 0 0 0 0 0 0 0 0 0 0 0 0.880906 0 0 0 0 0 0 
0 0 0 0 0 0 0 0 0 0 0.356706 0 0 0 0 0 0 0 0.356706 0 0 0 0 0 0.356706 0 -3.71284 0.880906 0 0 0.880906 0 0 0 0 0 0 0 0 0 0 0 0 0 0 0 0 0 0 0 0 0 0 0 0 0 0 0 0.880906 0 0 0 0 0 
0 0 0 0 0 0 0 0 0 0 0 0.356706 0 0 0 0 0 0 0 0.356706 0 0 0 0 0 0.356706 0.356706 -3.77591 0 0 0 1.17454 0 0 0 0 0 0 0 0 0 0 0 0 0 0 0 0 0 0 0 0 0 0 0 0 0 0 0 1.17454 0 0 0 0 
0 0 0 0 0 0 0 0 0 0 0 0 0.356706 0 0 0 0 0 0 0 0.356706 0 0 0 0.356706 0 0 0 -3.71284 0.880906 0.880906 0 0 0 0 0 0 0 0 0 0 0 0 0 0 0 0 0 0 0 0 0 0 0 0 0 0 0 0 0 0.880906 0 0 0 
0 0 0 0 0 0 0 0 0 0 0 0 0 0.356706 0 0 0 0 0 0 0 0.356706 0 0 0 0.356706 0 0 0.356706 -3.77591 0 1.17454 0 0 0 0 0 0 0 0 0 0 0 0 0 0 0 0 0 0 0 0 0 0 0 0 0 0 0 0 0 1.17454 0 0 
0 0 0 0 0 0 0 0 0 0 0 0 0 0 0.356706 0 0 0 0 0 0 0 0.356706 0 0 0 0.356706 0 0.356706 0 -3.77591 1.17454 0 0 0 0 0 0 0 0 0 0 0 0 0 0 0 0 0 0 0 0 0 0 0 0 0 0 0 0 0 0 1.17454 0 
0 0 0 0 0 0 0 0 0 0 0 0 0 0 0 0.356706 0 0 0 0 0 0 0 0.356706 0 0 0 0.356706 0 0.356706 0.356706 -3.25171 0 0 0 0 0 0 0 0 0 0 0 0 0 0 0 0 0 0 0 0 0 0 0 0 0 0 0 0 0 0 0 1.46818 
0.356706 0 0 0 0 0 0 0 0 0 0 0 0 0 0 0 0 0 0 0 0 0 0 0 0 0 0 0 0 0 0 0 -1.82488 0.293635 0.293635 0 0.293635 0 0 0 0.293635 0 0 0 0 0 0 0 0.293635 0 0 0 0 0 0 0 0 0 0 0 0 0 0 0 
0 0.356706 0 0 0 0 0 0 0 0 0 0 0 0 0 0 0 0 0 0 0 0 0 0 0 0 0 0 0 0 0 0 0.356706 -3.06249 0 0.58727 0 0.58727 0 0 0 0.58727 0 0 0 0 0 0 0 0.58727 0 0 0 0 0 0 0 0 0 0 0 0 0 0 
0 0 0.356706 0 0 0 0 0 0 0 0 0 0 0 0 0 0 0 0 0 0 0 0 0 0 0 0 0 0 0 0 0 0.356706 0 -3.06249 0.58727 0 0 0.58727 0 0 0 0.58727 0 0 0 0 0 0 0 0.58727 0 0 0 0 0 0 0 0 0 0 0 0 0 
0 0 0 0.356706 0 0 0 0 0 0 0 0 0 0 0 0 0 0 0 0 0 0 0 0 0 0 0 0 0 0 0 0 0 0.356706 0.356706 -3.71284 0 0 0 0.880906 0 0 0 0.880906 0 0 0 0 0 0 0 0.880906 0 0 0 0 0 0 0 0 0 0 0 0 
0 0 0 0 0.356706 0 0 0 0 0 0 0 0 0 0 0 0 0 0 0 0 0 0 0 0 0 0 0 0 0 0 0 0.356706 0 0 0 -3.06249 0.58727 0.58727 0 0 0 0 0 0.58727 0 0 0 0 0 0 0 0.58727 0 0 0 0 0 0 0 0 0 0 0 
0 0 0 0 0 0.356706 0 0 0 0 0 0 0 0 0 0 0 0 0 0 0 0 0 0 0 0 0 0 0 0 0 0 0 0.356706 0 0 0.356706 -3.71284 0 0.880906 0 0 0 0 0 0.880906 0 0 0 0 0 0 0 0.880906 0 0 0 0 0 0 0 0 0 0 
0 0 0 0 0 0 0.356706 0 0 0 0 0 0 0 0 0 0 0 0 0 0 0 0 0 0 0 0 0 0 0 0 0 0 0 0.356706 0 0.356706 0 -3.71284 0.880906 0 0 0 0 0 0 0.880906 0 0 0 0 0 0 0 0.880906 0 0 0 0 0 0 0 0 0 
0 0 0 0 0 0 0 0.356706 0 0 0 0 0 0 0 0 0 0 0 0 0 0 0 0 0 0 0 0 0 0 0 0 0 0 0 0.356706 0 0.356706 0.356706 -3.77591 0 0 0 0 0 0 0 1.17454 0 0 0 0 0 0 0 1.17454 0 0 0 0 0 0 0 0 
0 0 0 0 0 0 0 0 0.356706 0 0 0 0 0 0 0 0 0 0 0 0 0 0 0 0 0 0 0 0 0 0 0 0.356706 0 0 0 0 0 0 0 -3.06249 0.58727 0.58727 0 0.58727 0 0 0 0 0 0 0 0 0 0 0 0.58727 0 0 0 0 0 0 0 
0 0 0 0 0 0 0 0 0 0.356706 0 0 0 0 0 0 0 0 0 0 0 0 0 0 0 0 0 0 0 0 0 0 0 0.356706 0 0 0 0 0 0 0.356706 -3.71284 0 0.880906 0 0.880906 0 0 0 0 0 0 0 0 0 0 0 0.880906 0 0 0 0 0 0 
0 0 0 0 0 0 0 0 0 0 0.356706 0 0 0 0 0 0 0 0 0 0 0 0 0 0 0 0 0 0 0 0 0 0 0 0.356706 0 0 0 0 0 0.356706 0 -3.71284 0.880906 0 0 0.880906 0 0 0 0 0 0 0 0 0 0 0 0.880906 0 0 0 0 0 
0 0 0 0 0 0 0 0 0 0 0 0.356706 0 0 0 0 0 0 0 0 0 0 0 0 0 0 0 0 0 0 0 0 0 0 0 0.356706 0 0 0 0 0 0.356706 0.356706 -3.77591 0 0 0 1.17454 0 0 0 0 0 0 0 0 0 0 0 1.17454 0 0 0 0 
0 0 0 0 0 0 0 0 0 0 0 0 0.356706 0 0 0 0 0 0 0 0 0 0 0 0 0 0 0 0 0 0 0 0 0 0 0 0.356706 0 0 0 0.356706 0 0 0 -3.71284 0.880906 0.880906 0 0 0 0 0 0 0 0 0 0 0 0 0 0.880906 0 0 0 
0 0 0 0 0 0 0 0 0 0 0 0 0 0.356706 0 0 0 0 0 0 0 0 0 0 0 0 0 0 0 0 0 0 0 0 0 0 0 0.356706 0 0 0 0.356706 0 0 0.356706 -3.77591 0 1.17454 0 0 0 0 0 0 0 0 0 0 0 0 0 1.17454 0 0 
0 0 0 0 0 0 0 0 0 0 0 0 0 0 0.356706 0 0 0 0 0 0 0 0 0 0 0 0 0 0 0 0 0 0 0 0 0 0 0 0.356706 0 0 0 0.356706 0 0.356706 0 -3.77591 1.17454 0 0 0 0 0 0 0 0 0 0 0 0 0 0 1.17454 0 
0 0 0 0 0 0 0 0 0 0 0 0 0 0 0 0.356706 0 0 0 0 0 0 0 0 0 0 0 0 0 0 0 0 0 0 0 0 0 0 0 0.356706 0 0 0 0.356706 0 0.356706 0.356706 -3.25171 0 0 0 0 0 0 0 0 0 0 0 0 0 0 0 1.46818 
0 0 0 0 0 0 0 0 0 0 0 0 0 0 0 0 0.356706 0 0 0 0 0 0 0 0 0 0 0 0 0 0 0 0.356706 0 0 0 0 0 0 0 0 0 0 0 0 0 0 0 -3.06249 0.58727 0.58727 0 0.58727 0 0 0 0.58727 0 0 0 0 0 0 0 
0 0 0 0 0 0 0 0 0 0 0 0 0 0 0 0 0 0.356706 0 0 0 0 0 0 0 0 0 0 0 0 0 0 0 0.356706 0 0 0 0 0 0 0 0 0 0 0 0 0 0 0.356706 -3.71284 0 0.880906 0 0.880906 0 0 0 0.880906 0 0 0 0 0 0 
0 0 0 0 0 0 0 0 0 0 0 0 0 0 0 0 0 0 0.356706 0 0 0 0 0 0 0 0 0 0 0 0 0 0 0 0.356706 0 0 0 0 0 0 0 0 0 0 0 0 0 0.356706 0 -3.71284 0.880906 0 0 0.880906 0 0 0 0.880906 0 0 0 0 0 
0 0 0 0 0 0 0 0 0 0 0 0 0 0 0 0 0 0 0 0.356706 0 0 0 0 0 0 0 0 0 0 0 0 0 0 0 0.356706 0 0 0 0 0 0 0 0 0 0 0 0 0 0.356706 0.356706 -3.77591 0 0 0 1.17454 0 0 0 1.17454 0 0 0 0 
0 0 0 0 0 0 0 0 0 0 0 0 0 0 0 0 0 0 0 0 0.356706 0 0 0 0 0 0 0 0 0 0 0 0 0 0 0 0.356706 0 0 0 0 0 0 0 0 0 0 0 0.356706 0 0 0 -3.71284 0.880906 0.880906 0 0 0 0 0 0.880906 0 0 0 
0 0 0 0 0 0 0 0 0 0 0 0 0 0 0 0 0 0 0 0 0 0.356706 0 0 0 0 0 0 0 0 0 0 0 0 0 0 0 0.356706 0 0 0 0 0 0 0 0 0 0 0 0.356706 0 0 0.356706 -3.77591 0 1.17454 0 0 0 0 0 1.17454 0 0 
0 0 0 0 0 0 0 0 0 0 0 0 0 0 0 0 0 0 0 0 0 0 0.356706 0 0 0 0 0 0 0 0 0 0 0 0 0 0 0 0.356706 0 0 0 0 0 0 0 0 0 0 0 0.356706 0 0.356706 0 -3.77591 1.17454 0 0 0 0 0 0 1.17454 0 
0 0 0 0 0 0 0 0 0 0 0 0 0 0 0 0 0 0 0 0 0 0 0 0.356706 0 0 0 0 0 0 0 0 0 0 0 0 0 0 0 0.356706 0 0 0 0 0 0 0 0 0 0 0 0.356706 0 0.356706 0.356706 -3.25171 0 0 0 0 0 0 0 1.46818 
0 0 0 0 0 0 0 0 0 0 0 0 0 0 0 0 0 0 0 0 0 0 0 0 0.356706 0 0 0 0 0 0 0 0 0 0 0 0 0 0 0 0.356706 0 0 0 0 0 0 0 0.356706 0 0 0 0 0 0 0 -3.71284 0.880906 0.880906 0 0.880906 0 0 0 
0 0 0 0 0 0 0 0 0 0 0 0 0 0 0 0 0 0 0 0 0 0 0 0 0 0.356706 0 0 0 0 0 0 0 0 0 0 0 0 0 0 0 0.356706 0 0 0 0 0 0 0 0.356706 0 0 0 0 0 0 0.356706 -3.77591 0 1.17454 0 1.17454 0 0 
0 0 0 0 0 0 0 0 0 0 0 0 0 0 0 0 0 0 0 0 0 0 0 0 0 0 0.356706 0 0 0 0 0 0 0 0 0 0 0 0 0 0 0 0.356706 0 0 0 0 0 0 0 0.356706 0 0 0 0 0 0.356706 0 -3.77591 1.17454 0 0 1.17454 0 
0 0 0 0 0 0 0 0 0 0 0 0 0 0 0 0 0 0 0 0 0 0 0 0 0 0 0 0.356706 0 0 0 0 0 0 0 0 0 0 0 0 0 0 0 0.356706 0 0 0 0 0 0 0 0.356706 0 0 0 0 0 0.356706 0.356706 -3.25171 0 0 0 1.46818 
0 0 0 0 0 0 0 0 0 0 0 0 0 0 0 0 0 0 0 0 0 0 0 0 0 0 0 0 0.356706 0 0 0 0 0 0 0 0 0 0 0 0 0 0 0 0.356706 0 0 0 0 0 0 0 0.356706 0 0 0 0.356706 0 0 0 -3.77591 1.17454 1.17454 0 
0 0 0 0 0 0 0 0 0 0 0 0 0 0 0 0 0 0 0 0 0 0 0 0 0 0 0 0 0 0.356706 0 0 0 0 0 0 0 0 0 0 0 0 0 0 0 0.356706 0 0 0 0 0 0 0 0.356706 0 0 0 0.356706 0 0 0.356706 -3.25171 0 1.46818 
0 0 0 0 0 0 0 0 0 0 0 0 0 0 0 0 0 0 0 0 0 0 0 0 0 0 0 0 0 0 0.356706 0 0 0 0 0 0 0 0 0 0 0 0 0 0 0 0.356706 0 0 0 0 0 0 0 0.356706 0 0 0 0.356706 0 0.356706 0 -3.25171 1.46818 
0 0 0 0 0 0 0 0 0 0 0 0 0 0 0 0 0 0 0 0 0 0 0 0 0 0 0 0 0 0 0 0.356706 0 0 0 0 0 0 0 0 0 0 0 0 0 0 0 0.356706 0 0 0 0 0 0 0 0.356706 0 0 0 0.356706 0 0.356706 0.356706 -2.14024 
