64
-0 0 0 0 0 0 0 0 0 0 0 0 0 0 0 0 0 0 0 0 0 0 0 0 0 0 0 0 0 0 0 0 0 0 0 0 0 0 0 0 0 0 0 0 0 0 0 0 0 0 0 0 0 0 0 0 0 0 0 0 0 0 0 0 
0.703178 -3.49887 0 0.559138 0 0.559138 0 0 0 0.559138 0 0 0 0 0 0 0 0.559138 0 0 0 0 0 0 0 0 0 0 0 0 0 0 0 0.559138 0 0 0 0 0 0 0 0 0 0 0 0 0 0 0 0 0 0 0 0 0 0 0 0 0 0 0 0 0 0 
0.703178 0 -3.49887 0.559138 0 0 0.559138 0 0 0 0.559138 0 0 0 0 0 0 0 0.559138 0 0 0 0 0 0 0 0 0 0 0 0 0 0 0 0.559138 0 0 0 0 0 0 0 0 0 0 0 0 0 0 0 0 0 0 0 0 0 0 0 0 0 0 0 0 0 
0 0.703178 0.703178 -5.87946 0 0 0 1.11828 0 0 0 1.11828 0 0 0 0 0 0 0 1.11828 0 0 0 0 0 0 0 0 0 0 0 0 0 0 0 1.11828 0 0 0 0 0 0 0 0 0 0 0 0 0 0 0 0 0 0 0 0 0 0 0 0 0 0 0 0 
0.703178 0 0 0 -3.49887 0.559138 0.559138 0 0 0 0 0 0.559138 0 0 0 0 0 0 0 0.559138 0 0 0 0 0 0 0 0 0 0 0 0 0 0 0 0.559138 0 0 0 0 0 0 0 0 0 0 0 0 0 0 0 0 0 0 0 0 0 0 0 0 0 0 0 
0 0.703178 0 0 0.703178 -5.87946 0 1.11828 0 0 0 0 0 1.11828 0 0 0 0 0 0 0 1.11828 0 0 0 0 0 0 0 0 0 0 0 0 0 0 0 1.11828 0 0 0 0 0 0 0 0 0 0 0 0 0 0 0 0 0 0 0 0 0 0 0 0 0 0 
0 0 0.703178 0 0.703178 0 -5.87946 1.11828 0 0 0 0 0 0 1.11828 0 0 0 0 0 0 0 1.11828 0 0 0 0 0 0 0 0 0 0 0 0 0 0 0 1.11828 0 0 0 0 0 0 0 0 0 0 0 0 0 0 0 0 0 0 0 0 0 0 0 0 0 
0 0 0 0.703178 0 0.703178 0.703178 -7.14177 0 0 0 0 0 0 0 1.67741 0 0 0 0 0 0 0 1.67741 0 0 0 0 0 0 0 0 0 0 0 0 0 0 0 1.67741 0 0 0 0 0 0 0 0 0 0 0 0 0 0 0 0 0 0 0 0 0 0 0 0 
0.703178 0 0 0 0 0 0 0 -3.49887 0.559138 0.559138 0 0.559138 0 0 0 0 0 0 0 0 0 0 0 0.559138 0 0 0 0 0 0 0 0 0 0 0 0 0 0 0 0.559138 0 0 0 0 0 0 0 0 0 0 0 0 0 0 0 0 0 0 0 0 0 0 0 
0 0.703178 0 0 0 0 0 0 0.703178 -5.87946 0 1.11828 0 1.11828 0 0 0 0 0 0 0 0 0 0 0 1.11828 0 0 0 0 0 0 0 0 0 0 0 0 0 0 0 1.11828 0 0 0 0 0 0 0 0 0 0 0 0 0 0 0 0 0 0 0 0 0 0 
0 0 0.703178 0 0 0 0 0 0.703178 0 -5.87946 1.11828 0 0 1.11828 0 0 0 0 0 0 0 0 0 0 0 1.11828 0 0 0 0 0 0 0 0 0 0 0 0 0 0 0 1.11828 0 0 0 0 0 0 0 0 0 0 0 0 0 0 0 0 0 0 0 0 0 
0 0 0 0.703178 0 0 0 0 0 0.703178 0.703178 -7.14177 0 0 0 1.67741 0 0 0 0 0 0 0 0 0 0 0 1.67741 0 0 0 0 0 0 0 0 0 0 0 0 0 0 0 1.67741 0 0 0 0 0 0 0 0 0 0 0 0 0 0 0 0 0 0 0 0 
0 0 0 0 0.703178 0 0 0 0.703178 0 0 0 -5.87946 1.11828 1.11828 0 0 0 0 0 0 0 0 0 0 0 0 0 1.11828 0 0 0 0 0 0 0 0 0 0 0 0 0 0 0 1.11828 0 0 0 0 0 0 0 0 0 0 0 0 0 0 0 0 0 0 0 
0 0 0 0 0 0.703178 0 0 0 0.703178 0 0 0.703178 -7.14177 0 1.67741 0 0 0 0 0 0 0 0 0 0 0 0 0 1.67741 0 0 0 0 0 0 0 0 0 0 0 0 0 0 0 1.67741 0 0 0 0 0 0 0 0 0 0 0 0 0 0 0 0 0 0 
0 0 0 0 0 0 0.703178 0 0 0 0.703178 0 0.703178 0 -7.14177 1.67741 0 0 0 0 0 0 0 0 0 0 0 0 0 0 1.67741 0 0 0 0 0 0 0 0 0 0 0 0 0 0 0 1.67741 0 0 0 0 0 0 0 0 0 0 0 0 0 0 0 0 0 
0 0 0 0 0 0 0 0.703178 0 0 0 0.703178 0 0.703178 0.703178 -7.28582 0 0 0 0 0 0 0 0 0 0 0 0 0 0 0 2.23655 0 0 0 0 0 0 0 0 0 0 0 0 0 0 0 2.23655 0 0 0 0 0 0 0 0 0 0 0 0 0 0 0 0 
0.703178 0 0 0 0 0 0 0 0 0 0 0 0 0 0 0 -3.49887 0.559138 0.559138 0 0.559138 0 0 0 0.559138 0 0 0 0 0 0 0 0 0 0 0 0 0 0 0 0 0 0 0 0 0 0 0 0.559138 0 0 0 0 0 0 0 0 0 0 0 0 0 0 0 
0 0.703178 0 0 0 0 0 0 0 0 0 0 0 0 0 0 0.703178 -5.87946 0 1.11828 0 1.11828 0 0 0 1.11828 0 0 0 0 0 0 0 0 0 0 0 0 0 0 0 0 0 0 0 0 0 0 0 1.11828 0 0 0 0 0 0 0 0 0 0 0 0 0 0 
0 0 0.703178 0 0 0 0 0 0 0 0 0 0 0 0 0 0.703178 0 -5.87946 1.11828 0 0 1.11828 0 0 0 1.11828 0 0 0 0 0 0 0 0 0 0 0 0 0 0 0 0 0 0 0 0 0 0 0 1.11828 0 0 0 0 0 0 0 0 0 0 0 0 0 
0 0 0 0.703178 0 0 0 0 0 0 0 0 0 0 0 0 0 0.703178 0.703178 -7.14177 0 0 0 1.67741 0 0 0 1.67741 0 0 0 0 0 0 0 0 0 0 0 0 0 0 0 0 0 0 0 0 0 0 0 1.67741 0 0 0 0 0 0 0 0 0 0 0 0 
0 0 0 0 0.703178 0 0 0 0 0 0 0 0 0 0 0 0.703178 0 0 0 -5.87946 1.11828 1.11828 0 0 0 0 0 1.11828 0 0 0 0 0 0 0 0 0 0 0 0 0 0 0 0 0 0 0 0 0 0 0 1.11828 0 0 0 0 0 0 0 0 0 0 0 
0 0 0 0 0 0.703178 0 0 0 0 0 0 0 0 0 0 0 0.703178 0 0 0.703178 -7.14177 0 1.67741 0 0 0 0 0 1.67741 0 0 0 0 0 0 0 0 0 0 0 0 0 0 0 0 0 0 0 0 0 0 0 1.67741 0 0 0 0 0 0 0 0 0 0 
0 0 0 0 0 0 0.703178 0 0 0 0 0 0 0 0 0 0 0 0.703178 0 0.703178 0 -7.14177 1.67741 0 0 0 0 0 0 1.67741 0 0 0 0 0 0 0 0 0 0 0 0 0 0 0 0 0 0 0 0 0 0 0 1.67741 0 0 0 0 0 0 0 0 0 
0 0 0 0 0 0 0 0.703178 0 0 0 0 0 0 0 0 0 0 0 0.703178 0 0.703178 0.703178 -7.28582 0 0 0 0 0 0 0 2.23655 0 0 0 0 0 0 0 0 0 0 0 0 0 0 0 0 0 0 0 0 0 0 0 2.23655 0 0 0 0 0 0 0 0 
0 0 0 0 0 0 0 0 0.703178 0 0 0 0 0 0 0 0.703178 0 0 0 0 0 0 0 -5.87946 1.11828 1.11828 0 1.11828 0 0 0 0 0 0 0 0 0 0 0 0 0 0 0 0 0 0 0 0 0 0 0 0 0 0 0 1.11828 0 0 0 0 0 0 0 
0 0 0 0 0 0 0 0 0 0.703178 0 0 0 0 0 0 0 0.703178 0 0 0 0 0 0 0.703178 -7.14177 0 1.67741 0 1.67741 0 0 0 0 0 0 0 0 0 0 0 0 0 0 0 0 0 0 0 0 0 0 0 0 0 0 0 1.67741 0 0 0 0 0 0 
0 0 0 0 0 0 0 0 0 0 0.703178 0 0 0 0 0 0 0 0.703178 0 0 0 0 0 0.703178 0 -7.14177 1.67741 0 0 1.67741 0 0 0 0 0 0 0 0 0 0 0 0 0 0 0 0 0 0 0 0 0 0 0 0 0 0 0 1.67741 0 0 0 0 0 
0 0 0 0 0 0 0 0 0 0 0 0.703178 0 0 0 0 0 0 0 0.703178 0 0 0 0 0 0.703178 0.703178 -7.28582 0 0 0 2.23655 0 0 0 0 0 0 0 0 0 0 0 0 0 0 0 0 0 0 0 0 0 0 0 0 0 0 0 2.23655 0 0 0 0 
0 0 0 0 0 0 0 0 0 0 0 0 0.703178 0 0 0 0 0 0 0 0.703178 0 0 0 0.703178 0 0 0 -7.14177 1.67741 1.67741 0 0 0 0 0 0 0 0 0 0 0 0 0 0 0 0 0 0 0 0 0 0 0 0 0 0 0 0 0 1.67741 0 0 0 
0 0 0 0 0 0 0 0 0 0 0 0 0 0.703178 0 0 0 0 0 0 0 0.703178 0 0 0 0.703178 0 0 0.703178 -7.28582 0 2.23655 0 0 0 0 0 0 0 0 0 0 0 0 0 0 0 0 0 0 0 0 0 0 0 0 0 0 0 0 0 2.23655 0 0 
0 0 0 0 0 0 0 0 0 0 0 0 0 0 0.703178 0 0 0 0 0 0 0 0.703178 0 0 0 0.703178 0 0.703178 0 -7.28582 2.23655 0 0 0 0 0 0 0 0 0 0 0 0 0 0 0 0 0 0 0 0 0 0 0 0 0 0 0 0 0 0 2.23655 0 
0 0 0 0 0 0 0 0 0 0 0 0 0 0 0 0.703178 0 0 0 0 0 0 0 0.703178 0 0 0 0.703178 0 0.703178 0.703178 -6.31158 0 0 0 0 0 0 0 0 0 0 0 0 0 0 0 0 0 0 0 0 0 0 0 0 0 0 0 0 0 0 0 2.79569 
0.703178 0 0 0 0 0 0 0 0 0 0 0 0 0 0 0 0 0 0 0 0 0 0 0 0 0 0 0 0 0 0 0 -3.49887 0.559138 0.559138 0 0.559138 0 0 0 0.559138 0 0 0 0 0 0 0 0.559138 0 0 0 0 0 0 0 0 0 0 0 0 0 0 0 
0 0.703178 0 0 0 0 0 0 0 0 0 0 0 0 0 0 0 0 0 0 0 0 0 0 0 0 0 0 0 0 0 0 0.703178 -5.87946 0 1.11828 0 1.11828 0 0 0 1.11828 0 0 0 0 0 0 0 1.11828 0 0 0 0 0 0 0 0 0 0 0 0 0 0 
0 0 0.703178 0 0 0 0 0 0 0 0 0 0 0 0 0 0 0 0 0 0 0 0 0 0 0 0 0 0 0 0 0 0.703178 0 -5.87946 1.11828 0 0 1.11828 0 0 0 1.11828 0 0 0 0 0 0 0 1.11828 0 0 0 0 0 0 0 0 0 0 0 0 0 
0 0 0 0.703178 0 0 0 0 0 0 0 0 0 0 0 0 0 0 0 0 0 0 0 0 0 0 0 0 0 0 0 0 0 0.703178 0.703178 -7.14177 0 0 0 1.67741 0 0 0 1.67741 0 0 0 0 0 0 0 1.67741 0 0 0 0 0 0 0 0 0 0 0 0 
0 0 0 0 0.703178 0 0 0 0 0 0 0 0 0 0 0 0 0 0 0 0 0 0 0 0 0 0 0 0 0 0 0 0.703178 0 0 0 -5.87946 1.11828 1.11828 0 0 0 0 0 1.11828 0 0 0 0 0 0 0 1.11828 0 0 0 0 0 0 0 0 0 0 0 
0 0 0 0 0 0.703178 0 0 0 0 0 0 0 0 0 0 0 0 0 0 0 0 0 0 0 0 0 0 0 0 0 0 0 0.703178 0 0 0.703178 -7.14177 0 1.67741 0 0 0 0 0 1.67741 0 0 0 0 0 0 0 1.67741 0 0 0 0 0 0 0 0 0 0 
0 0 0 0 0 0 0.703178 0 0 0 0 0 0 0 0 0 0 0 0 0 0 0 0 0 0 0 0 0 0 0 0 0 0 0 0.703178 0 0.703178 0 -7.14177 1.67741 0 0 0 0 0 0 1.67741 0 0 0 0 0 0 0 1.67741 0 0 0 0 0 0 0 0 0 
0 0 0 0 0 0 0 0.703178 0 0 0 0 0 0 0 0 0 0 0 0 0 0 0 0 0 0 0 0 0 0 0 0 0 0 0 0.703178 0 0.703178 0.703178 -7.28582 0 0 0 0 0 0 0 2.23655 0 0 0 0 0 0 0 2.23655 0 0 0 0 0 0 0 0 
0 0 0 0 0 0 0 0 0.703178 0 0 0 0 0 0 0 0 0 0 0 0 0 0 0 0 0 0 0 0 0 0 0 0.703178 0 0 0 0 0 0 0 -5.87946 1.11828 1.11828 0 1.11828 0 0 0 0 0 0 0 0 0 0 0 1.11828 0 0 0 0 0 0 0 
0 0 0 0 0 0 0 0 0 0.703178 0 0 0 0 0 0 0 0 0 0 0 0 0 0 0 0 0 0 0 0 0 0 0 0.703178 0 0 0 0 0 0 0.703178 -7.14177 0 1.67741 0 1.67741 0 0 0 0 0 0 0 0 0 0 0 1.67741 0 0 0 0 0 0 
0 0 0 0 0 0 0 0 0 0 0.703178 0 0 0 0 0 0 0 0 0 0 0 0 0 0 0 0 0 0 0 0 0 0 0 0.703178 0 0 0 0 0 0.703178 0 -7.14177 1.67741 0 0 1.67741 0 0 0 0 0 0 0 0 0 0 0 1.67741 0 0 0 0 0 
0 0 0 0 0 0 0 0 0 0 0 0.703178 0 0 0 0 0 0 0 0 0 0 0 0 0 0 0 0 0 0 0 0 0 0 0 0.703178 0 0 0 0 0 0.703178 0.703178 -7.28582 0 0 0 2.23655 0 0 0 0 0 0 0 0 0 0 0 2.23655 0 0 0 0 
0 0 0 0 0 0 0 0 0 0 0 0 0.703178 0 0 0 0 0 0 0 0 0 0 0 0 0 0 0 0 0 0 0 0 0 0 0 0.703178 0 0 0 0.703178 0 0 0 -7.14177 1.67741 1.67741 0 0 0 0 0 0 0 0 0 0 0 0 0 1.67741 0 0 0 
0 0 0 0 0 0 0 0 0 0 0 0 0 0.703178 0 0 0 0 0 0 0 0 0 0 0 0 0 0 0 0 0 0 0 0 0 0 0 0.703178 0 0 0 0.703178 0 0 0.703178 -7.28582 0 2.23655 0 0 0 0 0 0 0 0 0 0 0 0 0 2.23655 0 0 
0 0 0 0 0 0 0 0 0 0 0 0 0 0 0.703178 0 0 0 0 0 0 0 0 0 0 0 0 0 0 0 0 0 0 0 0 0 0 0 0.703178 0 0 0 0.703178 0 0.703178 0 -7.28582 2.23655 0 0 0 0 0 0 0 0 0 0 0 0 0 0 2.23655 0 
0 0 0 0 0 0 0 0 0 0 0 0 0 0 0 0.703178 0 0 0 0 0 0 0 0 0 0 0 0 0 0 0 0 0 0 0 0 0 0 0 0.703178 0 0 0 0.703178 0 0.703178 0.703178 -6.31158 0 0 0 0 0 0 0 0 0 0 0 0 0 0 0 2.79569 
0 0 0 0 0 0 0 0 0 0 0 0 0 0 0 0 0.703178 0 0 0 0 0 0 0 0 0 0 0 0 0 0 0 0.703178 0 0 0 0 0 0 0 0 0 0 0 0 0 0 0 -5.87946 1.11828 1.11828 0 1.11828 0 0 0 1.11828 0 0 0 0 0 0 0 
0 0 0 0 0 0 0 0 0 0 0 0 0 0 0 0 0 0.703178 0 0 0 0 0 0 0 0 0 0 0 0 0 0 0 0.703178 0 0 0 0 0 0 0 0 0 0 0 0 0 0 0.703178 -7.14177 0 1.67741 0 1.67741 0 0 0 1.67741 0 0 0 0 0 0 
0 0 0 0 0 0 0 0 0 0 0 0 0 0 0 0 0 0 0.703178 0 0 0 0 0 0 0 0 0 0 0 0 0 0 0 0.703178 0 0 0 0 0 0 0 0 0 0 0 0 0 0.703178 0 -7.14177 1.67741 0 0 1.67741 0 0 0 1.67741 0 0 0 0 0 
0 0 0 0 0 0 0 0 0 0 0 0 0 0 0 0 0 0 0 0.703178 0 0 0 0 0 0 0 0 0 0 0 0 0 0 0 0.703178 0 0 0 0 0 0 0 0 0 0 0 0 0 0.703178 0.703178 -7.28582 0 0 0 2.23655 0 0 0 2.23655 0 0 0 0 
0 0 0 0 0 0 0 0 0 0 0 0 0 0 0 0 0 0 0 0 0.703178 0 0 0 0 0 0 0 0 0 0 0 0 0 0 0 0.703178 0 0 0 0 0 0 0 0 0 0 0 0.703178 0 0 0 -7.14177 1.67741 1.67741 0 0 0 0 0 1.67741 0 0 0 
0 0 0 0 0 0 0 0 0 0 0 0 0 0 0 0 0 0 0 0 0 0.703178 0 0 0 0 0 0 0 0 0 0 0 0 0 0 0 0.703178 0 0 0 0 0 0 0 0 0 0 0 0.703178 0 0 0.703178 -7.28582 0 2.23655 0 0 0 0 0 2.23655 0 0 
0 0 0 0 0 0 0 0 0 0 0 0 0 0 0 0 0 0 0 0 0 0 0.703178 0 0 0 0 0 0 0 0 0 0 0 0 0 0 0 0.703178 0 0 0 0 0 0 0 0 0 0 0 0.703178 0 0.703178 0 -7.28582 2.23655 0 0 0 0 0 0 2.23655 0 
0 0 0 0 0 0 0 0 0 0 0 0 0 0 0 0 0 0 0 0 0 0 0 0.703178 0 0 0 0 0 0 0 0 0 0 0 0 0 0 0 0.703178 0 0 0 0 0 0 0 0 0 0 0 0.703178 0 0.703178 0.703178 -6.31158 0 0 0 0 0 0 0 2.79569 
0 0 0 0 0 0 0 0 0 0 0 0 0 0 0 0 0 0 0 0 0 0 0 0 0.703178 0 0 0 0 0 0 0 0 0 0 0 0 0 0 0 0.703178 0 0 0 0 0 0 0 0.703178 0 0 0 0 0 0 0 -7.14177 1.67741 1.67741 0 1.67741 0 0 0 
0 0 0 0 0 0 0 0 0 0 0 0 0 0 0 0 0 0 0 0 0 0 0 0 0 0.703178 0 0 0 0 0 0 0 0 0 0 0 0 0 0 0 0.703178 0 0 0 0 0 0 0 0.703178 0 0 0 0 0 0 0.703178 -7.28582 0 2.23655 0 2.23655 0 0 
0 0 0 0 0 0 0 0 0 0 0 0 0 0 0 0 0 0 0 0 0 0 0 0 0 0 0.703178 0 0 0 0 0 0 0 0 0 0 0 0 0 0 0 0.703178 0 0 0 0 0 0 0 0.703178 0 0 0 0 0 0.703178 0 -7.28582 2.23655 0 0 2.23655 0 
0 0 0 0 0 0 0 0 0 0 0 0 0 0 0 0 0 0 0 0 0 0 0 0 0 0 0 0.703178 0 0 0 0 0 0 0 0 0 0 0 0 0 0 0 0.703178 0 0 0 0 0 0 0 0.703178 0 0 0 0 0 0.703178 0.703178 -6.31158 0 0 0 2.79569 
0 0 0 0 0 0 0 0 0 0 0 0 0 0 0 0 0 0 0 0 0 0 0 0 0 0 0 0 0.703178 0 0 0 0 0 0 0 0 0 0 0 0 0 0 0 0.703178 0 0 0 0 0 0 0 0.703178 0 0 0 0.703178 0 0 0 -7.28582 2.23655 2.23655 0 
0 0 0 0 0 0 0 0 0 0 0 0 0 0 0 0 0 0 0 0 0 0 0 0 0 0 0 0 0 0.703178 0 0 0 0 0 0 0 0 0 0 0 0 0 0 0 0.703178 0 0 0 0 0 0 0 0.703178 0 0 0 0.703178 0 0 0.703178 -6.31158 0 2.79569 
0 0 0 0 0 0 0 0 0 0 0 0 0 0 0 0 0 0 0 0 0 0 0 0 0 0 0 0 0 0 0.703178 0 0 0 0 0 0 0 0 0 0 0 0 0 0 0 0.703178 0 0 0 0 0 0 0 0.703178 0 0 0 0.703178 0 0.703178 0 -6.31158 2.79569 
0 0 0 0 0 0 0 0 0 0 0 0 0 0 0 0 0 0 0 0 0 0 0 0 0 0 0 0 0 0 0 0.703178 0 0 0 0 0 0 0 0 0 0 0 0 0 0 0 0.703178 0 0 0 0 0 0 0 0.703178 0 0 0 0.703178 0 0.703178 0.703178 -4.21907 
