32
-0 0 0 0 0 0 0 0 0 0 0 0 0 0 0 0 0 0 0 0 0 0 0 0 0 0 0 0 0 0 0 0 
0.304532 -1.71536 0 0.352707 0 0.352707 0 0 0 0.352707 0 0 0 0 0 0 0 0.352707 0 0 0 0 0 0 0 0 0 0 0 0 0 0 
0.304532 0 -1.71536 0.352707 0 0 0.352707 0 0 0 0.352707 0 0 0 0 0 0 0 0.352707 0 0 0 0 0 0 0 0 0 0 0 0 0 
0 0.304532 0.304532 -2.7253 0 0 0 0.705414 0 0 0 0.705414 0 0 0 0 0 0 0 0.705414 0 0 0 0 0 0 0 0 0 0 0 0 
0.304532 0 0 0 -1.71536 0.352707 0.352707 0 0 0 0 0 0.352707 0 0 0 0 0 0 0 0.352707 0 0 0 0 0 0 0 0 0 0 0 
0 0.304532 0 0 0.304532 -2.7253 0 0.705414 0 0 0 0 0 0.705414 0 0 0 0 0 0 0 0.705414 0 0 0 0 0 0 0 0 0 0 
0 0 0.304532 0 0.304532 0 -2.7253 0.705414 0 0 0 0 0 0 0.705414 0 0 0 0 0 0 0 0.705414 0 0 0 0 0 0 0 0 0 
0 0 0 0.304532 0 0.304532 0.304532 -3.02984 0 0 0 0 0 0 0 1.05812 0 0 0 0 0 0 0 1.05812 0 0 0 0 0 0 0 0 
0.304532 0 0 0 0 0 0 0 -1.71536 0.352707 0.352707 0 0.352707 0 0 0 0 0 0 0 0 0 0 0 0.352707 0 0 0 0 0 0 0 
0 0.304532 0 0 0 0 0 0 0.304532 -2.7253 0 0.705414 0 0.705414 0 0 0 0 0 0 0 0 0 0 0 0.705414 0 0 0 0 0 0 
0 0 0.304532 0 0 0 0 0 0.304532 0 -2.7253 0.705414 0 0 0.705414 0 0 0 0 0 0 0 0 0 0 0 0.705414 0 0 0 0 0 
0 0 0 0.304532 0 0 0 0 0 0.304532 0.304532 -3.02984 0 0 0 1.05812 0 0 0 0 0 0 0 0 0 0 0 1.05812 0 0 0 0 
0 0 0 0 0.304532 0 0 0 0.304532 0 0 0 -2.7253 0.705414 0.705414 0 0 0 0 0 0 0 0 0 0 0 0 0 0.705414 0 0 0 
0 0 0 0 0 0.304532 0 0 0 0.304532 0 0 0.304532 -3.02984 0 1.05812 0 0 0 0 0 0 0 0 0 0 0 0 0 1.05812 0 0 
0 0 0 0 0 0 0.304532 0 0 0 0.304532 0 0.304532 0 -3.02984 1.05812 0 0 0 0 0 0 0 0 0 0 0 0 0 0 1.05812 0 
0 0 0 0 0 0 0 0.304532 0 0 0 0.304532 0 0.304532 0.304532 -2.62895 0 0 0 0 0 0 0 0 0 0 0 0 0 0 0 1.41083 
0.304532 0 0 0 0 0 0 0 0 0 0 0 0 0 0 0 -1.71536 0.352707 0.352707 0 0.352707 0 0 0 0.352707 0 0 0 0 0 0 0 
0 0.304532 0 0 0 0 0 0 0 0 0 0 0 0 0 0 0.304532 -2.7253 0 0.705414 0 0.705414 0 0 0 0.705414 0 0 0 0 0 0 
0 0 0.304532 0 0 0 0 0 0 0 0 0 0 0 0 0 0.304532 0 -2.7253 0.705414 0 0 0.705414 0 0 0 0.705414 0 0 0 0 0 
0 0 0 0.304532 0 0 0 0 0 0 0 0 0 0 0 0 0 0.304532 0.304532 -3.02984 0 0 0 1.05812 0 0 0 1.05812 0 0 0 0 
0 0 0 0 0.304532 0 0 0 0 0 0 0 0 0 0 0 0.304532 0 0 0 -2.7253 0.705414 0.705414 0 0 0 0 0 0.705414 0 0 0 
0 0 0 0 0 0.304532 0 0 0 0 0 0 0 0 0 0 0 0.304532 0 0 0.304532 -3.02984 0 1.05812 0 0 0 0 0 1.05812 0 0 
0 0 0 0 0 0 0.304532 0 0 0 0 0 0 0 0 0 0 0 0.304532 0 0.304532 0 -3.02984 1.05812 0 0 0 0 0 0 1.05812 0 
0 0 0 0 0 0 0 0.304532 0 0 0 0 0 0 0 0 0 0 0 0.304532 0 0.304532 0.304532 -2.62895 0 0 0 0 0 0 0 1.41083 
0 0 0 0 0 0 0 0 0.304532 0 0 0 0 0 0 0 0.304532 0 0 0 0 0 0 0 -2.7253 0.705414 0.705414 0 0.705414 0 0 0 
0 0 0 0 0 0 0 0 0 0.304532 0 0 0 0 0 0 0 0.304532 0 0 0 0 0 0 0.304532 -3.02984 0 1.05812 0 1.05812 0 0 
0 0 0 0 0 0 0 0 0 0 0.304532 0 0 0 0 0 0 0 0.304532 0 0 0 0 0 0.304532 0 -3.02984 1.05812 0 0 1.05812 0 
0 0 0 0 0 0 0 0 0 0 0 0.304532 0 0 0 0 0 0 0 0.304532 0 0 0 0 0 0.304532 0.304532 -2.62895 0 0 0 1.41083 
0 0 0 0 0 0 0 0 0 0 0 0 0.304532 0 0 0 0 0 0 0 0.304532 0 0 0 0.304532 0 0 0 -3.02984 1.05812 1.05812 0 
0 0 0 0 0 0 0 0 0 0 0 0 0 0.304532 0 0 0 0 0 0 0 0.304532 0 0 0 0.304532 0 0 0.304532 -2.62895 0 1.41083 
0 0 0 0 0 0 0 0 0 0 0 0 0 0 0.304532 0 0 0 0 0 0 0 0.304532 0 0 0 0.304532 0 0.304532 0 -2.62895 1.41083 
0 0 0 0 0 0 0 0 0 0 0 0 0 0 0 0.304532 0 0 0 0 0 0 0 0.304532 0 0 0 0.304532 0 0.304532 0.304532 -1.52266 
