32
-0 0 0 0 0 0 0 0 0 0 0 0 0 0 0 0 0 0 0 0 0 0 0 0 0 0 0 0 0 0 0 0 
0.473793 -2.54542 0 0.517907 0 0.517907 0 0 0 0.517907 0 0 0 0 0 0 0 0.517907 0 0 0 0 0 0 0 0 0 0 0 0 0 0 
0.473793 0 -2.54542 0.517907 0 0 0.517907 0 0 0 0.517907 0 0 0 0 0 0 0 0.517907 0 0 0 0 0 0 0 0 0 0 0 0 0 
0 0.473793 0.473793 -4.05503 0 0 0 1.03581 0 0 0 1.03581 0 0 0 0 0 0 0 1.03581 0 0 0 0 0 0 0 0 0 0 0 0 
0.473793 0 0 0 -2.54542 0.517907 0.517907 0 0 0 0 0 0.517907 0 0 0 0 0 0 0 0.517907 0 0 0 0 0 0 0 0 0 0 0 
0 0.473793 0 0 0.473793 -4.05503 0 1.03581 0 0 0 0 0 1.03581 0 0 0 0 0 0 0 1.03581 0 0 0 0 0 0 0 0 0 0 
0 0 0.473793 0 0.473793 0 -4.05503 1.03581 0 0 0 0 0 0 1.03581 0 0 0 0 0 0 0 1.03581 0 0 0 0 0 0 0 0 0 
0 0 0 0.473793 0 0.473793 0.473793 -4.52882 0 0 0 0 0 0 0 1.55372 0 0 0 0 0 0 0 1.55372 0 0 0 0 0 0 0 0 
0.473793 0 0 0 0 0 0 0 -2.54542 0.517907 0.517907 0 0.517907 0 0 0 0 0 0 0 0 0 0 0 0.517907 0 0 0 0 0 0 0 
0 0.473793 0 0 0 0 0 0 0.473793 -4.05503 0 1.03581 0 1.03581 0 0 0 0 0 0 0 0 0 0 0 1.03581 0 0 0 0 0 0 
0 0 0.473793 0 0 0 0 0 0.473793 0 -4.05503 1.03581 0 0 1.03581 0 0 0 0 0 0 0 0 0 0 0 1.03581 0 0 0 0 0 
0 0 0 0.473793 0 0 0 0 0 0.473793 0.473793 -4.52882 0 0 0 1.55372 0 0 0 0 0 0 0 0 0 0 0 1.55372 0 0 0 0 
0 0 0 0 0.473793 0 0 0 0.473793 0 0 0 -4.05503 1.03581 1.03581 0 0 0 0 0 0 0 0 0 0 0 0 0 1.03581 0 0 0 
0 0 0 0 0 0.473793 0 0 0 0.473793 0 0 0.473793 -4.52882 0 1.55372 0 0 0 0 0 0 0 0 0 0 0 0 0 1.55372 0 0 
0 0 0 0 0 0 0.473793 0 0 0 0.473793 0 0.473793 0 -4.52882 1.55372 0 0 0 0 0 0 0 0 0 0 0 0 0 0 1.55372 0 
0 0 0 0 0 0 0 0.473793 0 0 0 0.473793 0 0.473793 0.473793 -3.9668 0 0 0 0 0 0 0 0 0 0 0 0 0 0 0 2.07163 
0.473793 0 0 0 0 0 0 0 0 0 0 0 0 0 0 0 -2.54542 0.517907 0.517907 0 0.517907 0 0 0 0.517907 0 0 0 0 0 0 0 
0 0.473793 0 0 0 0 0 0 0 0 0 0 0 0 0 0 0.473793 -4.05503 0 1.03581 0 1.03581 0 0 0 1.03581 0 0 0 0 0 0 
0 0 0.473793 0 0 0 0 0 0 0 0 0 0 0 0 0 0.473793 0 -4.05503 1.03581 0 0 1.03581 0 0 0 1.03581 0 0 0 0 0 
0 0 0 0.473793 0 0 0 0 0 0 0 0 0 0 0 0 0 0.473793 0.473793 -4.52882 0 0 0 1.55372 0 0 0 1.55372 0 0 0 0 
0 0 0 0 0.473793 0 0 0 0 0 0 0 0 0 0 0 0.473793 0 0 0 -4.05503 1.03581 1.03581 0 0 0 0 0 1.03581 0 0 0 
0 0 0 0 0 0.473793 0 0 0 0 0 0 0 0 0 0 0 0.473793 0 0 0.473793 -4.52882 0 1.55372 0 0 0 0 0 1.55372 0 0 
0 0 0 0 0 0 0.473793 0 0 0 0 0 0 0 0 0 0 0 0.473793 0 0.473793 0 -4.52882 1.55372 0 0 0 0 0 0 1.55372 0 
0 0 0 0 0 0 0 0.473793 0 0 0 0 0 0 0 0 0 0 0 0.473793 0 0.473793 0.473793 -3.9668 0 0 0 0 0 0 0 2.07163 
0 0 0 0 0 0 0 0 0.473793 0 0 0 0 0 0 0 0.473793 0 0 0 0 0 0 0 -4.05503 1.03581 1.03581 0 1.03581 0 0 0 
0 0 0 0 0 0 0 0 0 0.473793 0 0 0 0 0 0 0 0.473793 0 0 0 0 0 0 0.473793 -4.52882 0 1.55372 0 1.55372 0 0 
0 0 0 0 0 0 0 0 0 0 0.473793 0 0 0 0 0 0 0 0.473793 0 0 0 0 0 0.473793 0 -4.52882 1.55372 0 0 1.55372 0 
0 0 0 0 0 0 0 0 0 0 0 0.473793 0 0 0 0 0 0 0 0.473793 0 0 0 0 0 0.473793 0.473793 -3.9668 0 0 0 2.07163 
0 0 0 0 0 0 0 0 0 0 0 0 0.473793 0 0 0 0 0 0 0 0.473793 0 0 0 0.473793 0 0 0 -4.52882 1.55372 1.55372 0 
0 0 0 0 0 0 0 0 0 0 0 0 0 0.473793 0 0 0 0 0 0 0 0.473793 0 0 0 0.473793 0 0 0.473793 -3.9668 0 2.07163 
0 0 0 0 0 0 0 0 0 0 0 0 0 0 0.473793 0 0 0 0 0 0 0 0.473793 0 0 0 0.473793 0 0.473793 0 -3.9668 2.07163 
0 0 0 0 0 0 0 0 0 0 0 0 0 0 0 0.473793 0 0 0 0 0 0 0 0.473793 0 0 0 0.473793 0 0.473793 0.473793 -2.36896 
