32
-0 0 0 0 0 0 0 0 0 0 0 0 0 0 0 0 0 0 0 0 0 0 0 0 0 0 0 0 0 0 0 0 
0.097279 -0.949422 0 0.213036 0 0.213036 0 0 0 0.213036 0 0 0 0 0 0 0 0.213036 0 0 0 0 0 0 0 0 0 0 0 0 0 0 
0.097279 0 -0.949422 0.213036 0 0 0.213036 0 0 0 0.213036 0 0 0 0 0 0 0 0.213036 0 0 0 0 0 0 0 0 0 0 0 0 0 
0 0.097279 0.097279 -1.47277 0 0 0 0.426072 0 0 0 0.426072 0 0 0 0 0 0 0 0.426072 0 0 0 0 0 0 0 0 0 0 0 0 
0.097279 0 0 0 -0.949422 0.213036 0.213036 0 0 0 0 0 0.213036 0 0 0 0 0 0 0 0.213036 0 0 0 0 0 0 0 0 0 0 0 
0 0.097279 0 0 0.097279 -1.47277 0 0.426072 0 0 0 0 0 0.426072 0 0 0 0 0 0 0 0.426072 0 0 0 0 0 0 0 0 0 0 
0 0 0.097279 0 0.097279 0 -1.47277 0.426072 0 0 0 0 0 0 0.426072 0 0 0 0 0 0 0 0.426072 0 0 0 0 0 0 0 0 0 
0 0 0 0.097279 0 0.097279 0.097279 -1.57005 0 0 0 0 0 0 0 0.639107 0 0 0 0 0 0 0 0.639107 0 0 0 0 0 0 0 0 
0.097279 0 0 0 0 0 0 0 -0.949422 0.213036 0.213036 0 0.213036 0 0 0 0 0 0 0 0 0 0 0 0.213036 0 0 0 0 0 0 0 
0 0.097279 0 0 0 0 0 0 0.097279 -1.47277 0 0.426072 0 0.426072 0 0 0 0 0 0 0 0 0 0 0 0.426072 0 0 0 0 0 0 
0 0 0.097279 0 0 0 0 0 0.097279 0 -1.47277 0.426072 0 0 0.426072 0 0 0 0 0 0 0 0 0 0 0 0.426072 0 0 0 0 0 
0 0 0 0.097279 0 0 0 0 0 0.097279 0.097279 -1.57005 0 0 0 0.639107 0 0 0 0 0 0 0 0 0 0 0 0.639107 0 0 0 0 
0 0 0 0 0.097279 0 0 0 0.097279 0 0 0 -1.47277 0.426072 0.426072 0 0 0 0 0 0 0 0 0 0 0 0 0 0.426072 0 0 0 
0 0 0 0 0 0.097279 0 0 0 0.097279 0 0 0.097279 -1.57005 0 0.639107 0 0 0 0 0 0 0 0 0 0 0 0 0 0.639107 0 0 
0 0 0 0 0 0 0.097279 0 0 0 0.097279 0 0.097279 0 -1.57005 0.639107 0 0 0 0 0 0 0 0 0 0 0 0 0 0 0.639107 0 
0 0 0 0 0 0 0 0.097279 0 0 0 0.097279 0 0.097279 0.097279 -1.24126 0 0 0 0 0 0 0 0 0 0 0 0 0 0 0 0.852143 
0.097279 0 0 0 0 0 0 0 0 0 0 0 0 0 0 0 -0.949422 0.213036 0.213036 0 0.213036 0 0 0 0.213036 0 0 0 0 0 0 0 
0 0.097279 0 0 0 0 0 0 0 0 0 0 0 0 0 0 0.097279 -1.47277 0 0.426072 0 0.426072 0 0 0 0.426072 0 0 0 0 0 0 
0 0 0.097279 0 0 0 0 0 0 0 0 0 0 0 0 0 0.097279 0 -1.47277 0.426072 0 0 0.426072 0 0 0 0.426072 0 0 0 0 0 
0 0 0 0.097279 0 0 0 0 0 0 0 0 0 0 0 0 0 0.097279 0.097279 -1.57005 0 0 0 0.639107 0 0 0 0.639107 0 0 0 0 
0 0 0 0 0.097279 0 0 0 0 0 0 0 0 0 0 0 0.097279 0 0 0 -1.47277 0.426072 0.426072 0 0 0 0 0 0.426072 0 0 0 
0 0 0 0 0 0.097279 0 0 0 0 0 0 0 0 0 0 0 0.097279 0 0 0.097279 -1.57005 0 0.639107 0 0 0 0 0 0.639107 0 0 
0 0 0 0 0 0 0.097279 0 0 0 0 0 0 0 0 0 0 0 0.097279 0 0.097279 0 -1.57005 0.639107 0 0 0 0 0 0 0.639107 0 
0 0 0 0 0 0 0 0.097279 0 0 0 0 0 0 0 0 0 0 0 0.097279 0 0.097279 0.097279 -1.24126 0 0 0 0 0 0 0 0.852143 
0 0 0 0 0 0 0 0 0.097279 0 0 0 0 0 0 0 0.097279 0 0 0 0 0 0 0 -1.47277 0.426072 0.426072 0 0.426072 0 0 0 
0 0 0 0 0 0 0 0 0 0.097279 0 0 0 0 0 0 0 0.097279 0 0 0 0 0 0 0.097279 -1.57005 0 0.639107 0 0.639107 0 0 
0 0 0 0 0 0 0 0 0 0 0.097279 0 0 0 0 0 0 0 0.097279 0 0 0 0 0 0.097279 0 -1.57005 0.639107 0 0 0.639107 0 
0 0 0 0 0 0 0 0 0 0 0 0.097279 0 0 0 0 0 0 0 0.097279 0 0 0 0 0 0.097279 0.097279 -1.24126 0 0 0 0.852143 
0 0 0 0 0 0 0 0 0 0 0 0 0.097279 0 0 0 0 0 0 0 0.097279 0 0 0 0.097279 0 0 0 -1.57005 0.639107 0.639107 0 
0 0 0 0 0 0 0 0 0 0 0 0 0 0.097279 0 0 0 0 0 0 0 0.097279 0 0 0 0.097279 0 0 0.097279 -1.24126 0 0.852143 
0 0 0 0 0 0 0 0 0 0 0 0 0 0 0.097279 0 0 0 0 0 0 0 0.097279 0 0 0 0.097279 0 0.097279 0 -1.24126 0.852143 
0 0 0 0 0 0 0 0 0 0 0 0 0 0 0 0.097279 0 0 0 0 0 0 0 0.097279 0 0 0 0.097279 0 0.097279 0.097279 -0.486395 
