32
-0 0 0 0 0 0 0 0 0 0 0 0 0 0 0 0 0 0 0 0 0 0 0 0 0 0 0 0 0 0 0 0 
0.191071 -1.16953 0 0.244614 0 0.244614 0 0 0 0.244614 0 0 0 0 0 0 0 0.244614 0 0 0 0 0 0 0 0 0 0 0 0 0 0 
0.191071 0 -1.16953 0.244614 0 0 0.244614 0 0 0 0.244614 0 0 0 0 0 0 0 0.244614 0 0 0 0 0 0 0 0 0 0 0 0 0 
0 0.191071 0.191071 -1.84982 0 0 0 0.489227 0 0 0 0.489227 0 0 0 0 0 0 0 0.489227 0 0 0 0 0 0 0 0 0 0 0 0 
0.191071 0 0 0 -1.16953 0.244614 0.244614 0 0 0 0 0 0.244614 0 0 0 0 0 0 0 0.244614 0 0 0 0 0 0 0 0 0 0 0 
0 0.191071 0 0 0.191071 -1.84982 0 0.489227 0 0 0 0 0 0.489227 0 0 0 0 0 0 0 0.489227 0 0 0 0 0 0 0 0 0 0 
0 0 0.191071 0 0.191071 0 -1.84982 0.489227 0 0 0 0 0 0 0.489227 0 0 0 0 0 0 0 0.489227 0 0 0 0 0 0 0 0 0 
0 0 0 0.191071 0 0.191071 0.191071 -2.0409 0 0 0 0 0 0 0 0.733841 0 0 0 0 0 0 0 0.733841 0 0 0 0 0 0 0 0 
0.191071 0 0 0 0 0 0 0 -1.16953 0.244614 0.244614 0 0.244614 0 0 0 0 0 0 0 0 0 0 0 0.244614 0 0 0 0 0 0 0 
0 0.191071 0 0 0 0 0 0 0.191071 -1.84982 0 0.489227 0 0.489227 0 0 0 0 0 0 0 0 0 0 0 0.489227 0 0 0 0 0 0 
0 0 0.191071 0 0 0 0 0 0.191071 0 -1.84982 0.489227 0 0 0.489227 0 0 0 0 0 0 0 0 0 0 0 0.489227 0 0 0 0 0 
0 0 0 0.191071 0 0 0 0 0 0.191071 0.191071 -2.0409 0 0 0 0.733841 0 0 0 0 0 0 0 0 0 0 0 0.733841 0 0 0 0 
0 0 0 0 0.191071 0 0 0 0.191071 0 0 0 -1.84982 0.489227 0.489227 0 0 0 0 0 0 0 0 0 0 0 0 0 0.489227 0 0 0 
0 0 0 0 0 0.191071 0 0 0 0.191071 0 0 0.191071 -2.0409 0 0.733841 0 0 0 0 0 0 0 0 0 0 0 0 0 0.733841 0 0 
0 0 0 0 0 0 0.191071 0 0 0 0.191071 0 0.191071 0 -2.0409 0.733841 0 0 0 0 0 0 0 0 0 0 0 0 0 0 0.733841 0 
0 0 0 0 0 0 0 0.191071 0 0 0 0.191071 0 0.191071 0.191071 -1.74274 0 0 0 0 0 0 0 0 0 0 0 0 0 0 0 0.978455 
0.191071 0 0 0 0 0 0 0 0 0 0 0 0 0 0 0 -1.16953 0.244614 0.244614 0 0.244614 0 0 0 0.244614 0 0 0 0 0 0 0 
0 0.191071 0 0 0 0 0 0 0 0 0 0 0 0 0 0 0.191071 -1.84982 0 0.489227 0 0.489227 0 0 0 0.489227 0 0 0 0 0 0 
0 0 0.191071 0 0 0 0 0 0 0 0 0 0 0 0 0 0.191071 0 -1.84982 0.489227 0 0 0.489227 0 0 0 0.489227 0 0 0 0 0 
0 0 0 0.191071 0 0 0 0 0 0 0 0 0 0 0 0 0 0.191071 0.191071 -2.0409 0 0 0 0.733841 0 0 0 0.733841 0 0 0 0 
0 0 0 0 0.191071 0 0 0 0 0 0 0 0 0 0 0 0.191071 0 0 0 -1.84982 0.489227 0.489227 0 0 0 0 0 0.489227 0 0 0 
0 0 0 0 0 0.191071 0 0 0 0 0 0 0 0 0 0 0 0.191071 0 0 0.191071 -2.0409 0 0.733841 0 0 0 0 0 0.733841 0 0 
0 0 0 0 0 0 0.191071 0 0 0 0 0 0 0 0 0 0 0 0.191071 0 0.191071 0 -2.0409 0.733841 0 0 0 0 0 0 0.733841 0 
0 0 0 0 0 0 0 0.191071 0 0 0 0 0 0 0 0 0 0 0 0.191071 0 0.191071 0.191071 -1.74274 0 0 0 0 0 0 0 0.978455 
0 0 0 0 0 0 0 0 0.191071 0 0 0 0 0 0 0 0.191071 0 0 0 0 0 0 0 -1.84982 0.489227 0.489227 0 0.489227 0 0 0 
0 0 0 0 0 0 0 0 0 0.191071 0 0 0 0 0 0 0 0.191071 0 0 0 0 0 0 0.191071 -2.0409 0 0.733841 0 0.733841 0 0 
0 0 0 0 0 0 0 0 0 0 0.191071 0 0 0 0 0 0 0 0.191071 0 0 0 0 0 0.191071 0 -2.0409 0.733841 0 0 0.733841 0 
0 0 0 0 0 0 0 0 0 0 0 0.191071 0 0 0 0 0 0 0 0.191071 0 0 0 0 0 0.191071 0.191071 -1.74274 0 0 0 0.978455 
0 0 0 0 0 0 0 0 0 0 0 0 0.191071 0 0 0 0 0 0 0 0.191071 0 0 0 0.191071 0 0 0 -2.0409 0.733841 0.733841 0 
0 0 0 0 0 0 0 0 0 0 0 0 0 0.191071 0 0 0 0 0 0 0 0.191071 0 0 0 0.191071 0 0 0.191071 -1.74274 0 0.978455 
0 0 0 0 0 0 0 0 0 0 0 0 0 0 0.191071 0 0 0 0 0 0 0 0.191071 0 0 0 0.191071 0 0.191071 0 -1.74274 0.978455 
0 0 0 0 0 0 0 0 0 0 0 0 0 0 0 0.191071 0 0 0 0 0 0 0 0.191071 0 0 0 0.191071 0 0.191071 0.191071 -0.955357 
