32
-0 0 0 0 0 0 0 0 0 0 0 0 0 0 0 0 0 0 0 0 0 0 0 0 0 0 0 0 0 0 0 0 
0.884772 -4.37806 0 0.873323 0 0.873323 0 0 0 0.873323 0 0 0 0 0 0 0 0.873323 0 0 0 0 0 0 0 0 0 0 0 0 0 0 
0.884772 0 -4.37806 0.873323 0 0 0.873323 0 0 0 0.873323 0 0 0 0 0 0 0 0.873323 0 0 0 0 0 0 0 0 0 0 0 0 0 
0 0.884772 0.884772 -7.00948 0 0 0 1.74665 0 0 0 1.74665 0 0 0 0 0 0 0 1.74665 0 0 0 0 0 0 0 0 0 0 0 0 
0.884772 0 0 0 -4.37806 0.873323 0.873323 0 0 0 0 0 0.873323 0 0 0 0 0 0 0 0.873323 0 0 0 0 0 0 0 0 0 0 0 
0 0.884772 0 0 0.884772 -7.00948 0 1.74665 0 0 0 0 0 1.74665 0 0 0 0 0 0 0 1.74665 0 0 0 0 0 0 0 0 0 0 
0 0 0.884772 0 0.884772 0 -7.00948 1.74665 0 0 0 0 0 0 1.74665 0 0 0 0 0 0 0 1.74665 0 0 0 0 0 0 0 0 0 
0 0 0 0.884772 0 0.884772 0.884772 -7.89426 0 0 0 0 0 0 0 2.61997 0 0 0 0 0 0 0 2.61997 0 0 0 0 0 0 0 0 
0.884772 0 0 0 0 0 0 0 -4.37806 0.873323 0.873323 0 0.873323 0 0 0 0 0 0 0 0 0 0 0 0.873323 0 0 0 0 0 0 0 
0 0.884772 0 0 0 0 0 0 0.884772 -7.00948 0 1.74665 0 1.74665 0 0 0 0 0 0 0 0 0 0 0 1.74665 0 0 0 0 0 0 
0 0 0.884772 0 0 0 0 0 0.884772 0 -7.00948 1.74665 0 0 1.74665 0 0 0 0 0 0 0 0 0 0 0 1.74665 0 0 0 0 0 
0 0 0 0.884772 0 0 0 0 0 0.884772 0.884772 -7.89426 0 0 0 2.61997 0 0 0 0 0 0 0 0 0 0 0 2.61997 0 0 0 0 
0 0 0 0 0.884772 0 0 0 0.884772 0 0 0 -7.00948 1.74665 1.74665 0 0 0 0 0 0 0 0 0 0 0 0 0 1.74665 0 0 0 
0 0 0 0 0 0.884772 0 0 0 0.884772 0 0 0.884772 -7.89426 0 2.61997 0 0 0 0 0 0 0 0 0 0 0 0 0 2.61997 0 0 
0 0 0 0 0 0 0.884772 0 0 0 0.884772 0 0.884772 0 -7.89426 2.61997 0 0 0 0 0 0 0 0 0 0 0 0 0 0 2.61997 0 
0 0 0 0 0 0 0 0.884772 0 0 0 0.884772 0 0.884772 0.884772 -7.03238 0 0 0 0 0 0 0 0 0 0 0 0 0 0 0 3.49329 
0.884772 0 0 0 0 0 0 0 0 0 0 0 0 0 0 0 -4.37806 0.873323 0.873323 0 0.873323 0 0 0 0.873323 0 0 0 0 0 0 0 
0 0.884772 0 0 0 0 0 0 0 0 0 0 0 0 0 0 0.884772 -7.00948 0 1.74665 0 1.74665 0 0 0 1.74665 0 0 0 0 0 0 
0 0 0.884772 0 0 0 0 0 0 0 0 0 0 0 0 0 0.884772 0 -7.00948 1.74665 0 0 1.74665 0 0 0 1.74665 0 0 0 0 0 
0 0 0 0.884772 0 0 0 0 0 0 0 0 0 0 0 0 0 0.884772 0.884772 -7.89426 0 0 0 2.61997 0 0 0 2.61997 0 0 0 0 
0 0 0 0 0.884772 0 0 0 0 0 0 0 0 0 0 0 0.884772 0 0 0 -7.00948 1.74665 1.74665 0 0 0 0 0 1.74665 0 0 0 
0 0 0 0 0 0.884772 0 0 0 0 0 0 0 0 0 0 0 0.884772 0 0 0.884772 -7.89426 0 2.61997 0 0 0 0 0 2.61997 0 0 
0 0 0 0 0 0 0.884772 0 0 0 0 0 0 0 0 0 0 0 0.884772 0 0.884772 0 -7.89426 2.61997 0 0 0 0 0 0 2.61997 0 
0 0 0 0 0 0 0 0.884772 0 0 0 0 0 0 0 0 0 0 0 0.884772 0 0.884772 0.884772 -7.03238 0 0 0 0 0 0 0 3.49329 
0 0 0 0 0 0 0 0 0.884772 0 0 0 0 0 0 0 0.884772 0 0 0 0 0 0 0 -7.00948 1.74665 1.74665 0 1.74665 0 0 0 
0 0 0 0 0 0 0 0 0 0.884772 0 0 0 0 0 0 0 0.884772 0 0 0 0 0 0 0.884772 -7.89426 0 2.61997 0 2.61997 0 0 
0 0 0 0 0 0 0 0 0 0 0.884772 0 0 0 0 0 0 0 0.884772 0 0 0 0 0 0.884772 0 -7.89426 2.61997 0 0 2.61997 0 
0 0 0 0 0 0 0 0 0 0 0 0.884772 0 0 0 0 0 0 0 0.884772 0 0 0 0 0 0.884772 0.884772 -7.03238 0 0 0 3.49329 
0 0 0 0 0 0 0 0 0 0 0 0 0.884772 0 0 0 0 0 0 0 0.884772 0 0 0 0.884772 0 0 0 -7.89426 2.61997 2.61997 0 
0 0 0 0 0 0 0 0 0 0 0 0 0 0.884772 0 0 0 0 0 0 0 0.884772 0 0 0 0.884772 0 0 0.884772 -7.03238 0 3.49329 
0 0 0 0 0 0 0 0 0 0 0 0 0 0 0.884772 0 0 0 0 0 0 0 0.884772 0 0 0 0.884772 0 0.884772 0 -7.03238 3.49329 
0 0 0 0 0 0 0 0 0 0 0 0 0 0 0 0.884772 0 0 0 0 0 0 0 0.884772 0 0 0 0.884772 0 0.884772 0.884772 -4.42386 
