32
-0 0 0 0 0 0 0 0 0 0 0 0 0 0 0 0 0 0 0 0 0 0 0 0 0 0 0 0 0 0 0 0 
0.717197 -3.68863 0 0.742857 0 0.742857 0 0 0 0.742857 0 0 0 0 0 0 0 0.742857 0 0 0 0 0 0 0 0 0 0 0 0 0 0 
0.717197 0 -3.68863 0.742857 0 0 0.742857 0 0 0 0.742857 0 0 0 0 0 0 0 0.742857 0 0 0 0 0 0 0 0 0 0 0 0 0 
0 0.717197 0.717197 -5.89154 0 0 0 1.48571 0 0 0 1.48571 0 0 0 0 0 0 0 1.48571 0 0 0 0 0 0 0 0 0 0 0 0 
0.717197 0 0 0 -3.68863 0.742857 0.742857 0 0 0 0 0 0.742857 0 0 0 0 0 0 0 0.742857 0 0 0 0 0 0 0 0 0 0 0 
0 0.717197 0 0 0.717197 -5.89154 0 1.48571 0 0 0 0 0 1.48571 0 0 0 0 0 0 0 1.48571 0 0 0 0 0 0 0 0 0 0 
0 0 0.717197 0 0.717197 0 -5.89154 1.48571 0 0 0 0 0 0 1.48571 0 0 0 0 0 0 0 1.48571 0 0 0 0 0 0 0 0 0 
0 0 0 0.717197 0 0.717197 0.717197 -6.60874 0 0 0 0 0 0 0 2.22857 0 0 0 0 0 0 0 2.22857 0 0 0 0 0 0 0 0 
0.717197 0 0 0 0 0 0 0 -3.68863 0.742857 0.742857 0 0.742857 0 0 0 0 0 0 0 0 0 0 0 0.742857 0 0 0 0 0 0 0 
0 0.717197 0 0 0 0 0 0 0.717197 -5.89154 0 1.48571 0 1.48571 0 0 0 0 0 0 0 0 0 0 0 1.48571 0 0 0 0 0 0 
0 0 0.717197 0 0 0 0 0 0.717197 0 -5.89154 1.48571 0 0 1.48571 0 0 0 0 0 0 0 0 0 0 0 1.48571 0 0 0 0 0 
0 0 0 0.717197 0 0 0 0 0 0.717197 0.717197 -6.60874 0 0 0 2.22857 0 0 0 0 0 0 0 0 0 0 0 2.22857 0 0 0 0 
0 0 0 0 0.717197 0 0 0 0.717197 0 0 0 -5.89154 1.48571 1.48571 0 0 0 0 0 0 0 0 0 0 0 0 0 1.48571 0 0 0 
0 0 0 0 0 0.717197 0 0 0 0.717197 0 0 0.717197 -6.60874 0 2.22857 0 0 0 0 0 0 0 0 0 0 0 0 0 2.22857 0 0 
0 0 0 0 0 0 0.717197 0 0 0 0.717197 0 0.717197 0 -6.60874 2.22857 0 0 0 0 0 0 0 0 0 0 0 0 0 0 2.22857 0 
0 0 0 0 0 0 0 0.717197 0 0 0 0.717197 0 0.717197 0.717197 -5.84022 0 0 0 0 0 0 0 0 0 0 0 0 0 0 0 2.97143 
0.717197 0 0 0 0 0 0 0 0 0 0 0 0 0 0 0 -3.68863 0.742857 0.742857 0 0.742857 0 0 0 0.742857 0 0 0 0 0 0 0 
0 0.717197 0 0 0 0 0 0 0 0 0 0 0 0 0 0 0.717197 -5.89154 0 1.48571 0 1.48571 0 0 0 1.48571 0 0 0 0 0 0 
0 0 0.717197 0 0 0 0 0 0 0 0 0 0 0 0 0 0.717197 0 -5.89154 1.48571 0 0 1.48571 0 0 0 1.48571 0 0 0 0 0 
0 0 0 0.717197 0 0 0 0 0 0 0 0 0 0 0 0 0 0.717197 0.717197 -6.60874 0 0 0 2.22857 0 0 0 2.22857 0 0 0 0 
0 0 0 0 0.717197 0 0 0 0 0 0 0 0 0 0 0 0.717197 0 0 0 -5.89154 1.48571 1.48571 0 0 0 0 0 1.48571 0 0 0 
0 0 0 0 0 0.717197 0 0 0 0 0 0 0 0 0 0 0 0.717197 0 0 0.717197 -6.60874 0 2.22857 0 0 0 0 0 2.22857 0 0 
0 0 0 0 0 0 0.717197 0 0 0 0 0 0 0 0 0 0 0 0.717197 0 0.717197 0 -6.60874 2.22857 0 0 0 0 0 0 2.22857 0 
0 0 0 0 0 0 0 0.717197 0 0 0 0 0 0 0 0 0 0 0 0.717197 0 0.717197 0.717197 -5.84022 0 0 0 0 0 0 0 2.97143 
0 0 0 0 0 0 0 0 0.717197 0 0 0 0 0 0 0 0.717197 0 0 0 0 0 0 0 -5.89154 1.48571 1.48571 0 1.48571 0 0 0 
0 0 0 0 0 0 0 0 0 0.717197 0 0 0 0 0 0 0 0.717197 0 0 0 0 0 0 0.717197 -6.60874 0 2.22857 0 2.22857 0 0 
0 0 0 0 0 0 0 0 0 0 0.717197 0 0 0 0 0 0 0 0.717197 0 0 0 0 0 0.717197 0 -6.60874 2.22857 0 0 2.22857 0 
0 0 0 0 0 0 0 0 0 0 0 0.717197 0 0 0 0 0 0 0 0.717197 0 0 0 0 0 0.717197 0.717197 -5.84022 0 0 0 2.97143 
0 0 0 0 0 0 0 0 0 0 0 0 0.717197 0 0 0 0 0 0 0 0.717197 0 0 0 0.717197 0 0 0 -6.60874 2.22857 2.22857 0 
0 0 0 0 0 0 0 0 0 0 0 0 0 0.717197 0 0 0 0 0 0 0 0.717197 0 0 0 0.717197 0 0 0.717197 -5.84022 0 2.97143 
0 0 0 0 0 0 0 0 0 0 0 0 0 0 0.717197 0 0 0 0 0 0 0 0.717197 0 0 0 0.717197 0 0.717197 0 -5.84022 2.97143 
0 0 0 0 0 0 0 0 0 0 0 0 0 0 0 0.717197 0 0 0 0 0 0 0 0.717197 0 0 0 0.717197 0 0.717197 0.717197 -3.58599 
