64
-0 0 0 0 0 0 0 0 0 0 0 0 0 0 0 0 0 0 0 0 0 0 0 0 0 0 0 0 0 0 0 0 0 0 0 0 0 0 0 0 0 0 0 0 0 0 0 0 0 0 0 0 0 0 0 0 0 0 0 0 0 0 0 0 
0.692573 -3.25034 0 0.511552 0 0.511552 0 0 0 0.511552 0 0 0 0 0 0 0 0.511552 0 0 0 0 0 0 0 0 0 0 0 0 0 0 0 0.511552 0 0 0 0 0 0 0 0 0 0 0 0 0 0 0 0 0 0 0 0 0 0 0 0 0 0 0 0 0 0 
0.692573 0 -3.25034 0.511552 0 0 0.511552 0 0 0 0.511552 0 0 0 0 0 0 0 0.511552 0 0 0 0 0 0 0 0 0 0 0 0 0 0 0 0.511552 0 0 0 0 0 0 0 0 0 0 0 0 0 0 0 0 0 0 0 0 0 0 0 0 0 0 0 0 0 
0 0.692573 0.692573 -5.47757 0 0 0 1.0231 0 0 0 1.0231 0 0 0 0 0 0 0 1.0231 0 0 0 0 0 0 0 0 0 0 0 0 0 0 0 1.0231 0 0 0 0 0 0 0 0 0 0 0 0 0 0 0 0 0 0 0 0 0 0 0 0 0 0 0 0 
0.692573 0 0 0 -3.25034 0.511552 0.511552 0 0 0 0 0 0.511552 0 0 0 0 0 0 0 0.511552 0 0 0 0 0 0 0 0 0 0 0 0 0 0 0 0.511552 0 0 0 0 0 0 0 0 0 0 0 0 0 0 0 0 0 0 0 0 0 0 0 0 0 0 0 
0 0.692573 0 0 0.692573 -5.47757 0 1.0231 0 0 0 0 0 1.0231 0 0 0 0 0 0 0 1.0231 0 0 0 0 0 0 0 0 0 0 0 0 0 0 0 1.0231 0 0 0 0 0 0 0 0 0 0 0 0 0 0 0 0 0 0 0 0 0 0 0 0 0 0 
0 0 0.692573 0 0.692573 0 -5.47757 1.0231 0 0 0 0 0 0 1.0231 0 0 0 0 0 0 0 1.0231 0 0 0 0 0 0 0 0 0 0 0 0 0 0 0 1.0231 0 0 0 0 0 0 0 0 0 0 0 0 0 0 0 0 0 0 0 0 0 0 0 0 0 
0 0 0 0.692573 0 0.692573 0.692573 -6.68169 0 0 0 0 0 0 0 1.53466 0 0 0 0 0 0 0 1.53466 0 0 0 0 0 0 0 0 0 0 0 0 0 0 0 1.53466 0 0 0 0 0 0 0 0 0 0 0 0 0 0 0 0 0 0 0 0 0 0 0 0 
0.692573 0 0 0 0 0 0 0 -3.25034 0.511552 0.511552 0 0.511552 0 0 0 0 0 0 0 0 0 0 0 0.511552 0 0 0 0 0 0 0 0 0 0 0 0 0 0 0 0.511552 0 0 0 0 0 0 0 0 0 0 0 0 0 0 0 0 0 0 0 0 0 0 0 
0 0.692573 0 0 0 0 0 0 0.692573 -5.47757 0 1.0231 0 1.0231 0 0 0 0 0 0 0 0 0 0 0 1.0231 0 0 0 0 0 0 0 0 0 0 0 0 0 0 0 1.0231 0 0 0 0 0 0 0 0 0 0 0 0 0 0 0 0 0 0 0 0 0 0 
0 0 0.692573 0 0 0 0 0 0.692573 0 -5.47757 1.0231 0 0 1.0231 0 0 0 0 0 0 0 0 0 0 0 1.0231 0 0 0 0 0 0 0 0 0 0 0 0 0 0 0 1.0231 0 0 0 0 0 0 0 0 0 0 0 0 0 0 0 0 0 0 0 0 0 
0 0 0 0.692573 0 0 0 0 0 0.692573 0.692573 -6.68169 0 0 0 1.53466 0 0 0 0 0 0 0 0 0 0 0 1.53466 0 0 0 0 0 0 0 0 0 0 0 0 0 0 0 1.53466 0 0 0 0 0 0 0 0 0 0 0 0 0 0 0 0 0 0 0 0 
0 0 0 0 0.692573 0 0 0 0.692573 0 0 0 -5.47757 1.0231 1.0231 0 0 0 0 0 0 0 0 0 0 0 0 0 1.0231 0 0 0 0 0 0 0 0 0 0 0 0 0 0 0 1.0231 0 0 0 0 0 0 0 0 0 0 0 0 0 0 0 0 0 0 0 
0 0 0 0 0 0.692573 0 0 0 0.692573 0 0 0.692573 -6.68169 0 1.53466 0 0 0 0 0 0 0 0 0 0 0 0 0 1.53466 0 0 0 0 0 0 0 0 0 0 0 0 0 0 0 1.53466 0 0 0 0 0 0 0 0 0 0 0 0 0 0 0 0 0 0 
0 0 0 0 0 0 0.692573 0 0 0 0.692573 0 0.692573 0 -6.68169 1.53466 0 0 0 0 0 0 0 0 0 0 0 0 0 0 1.53466 0 0 0 0 0 0 0 0 0 0 0 0 0 0 0 1.53466 0 0 0 0 0 0 0 0 0 0 0 0 0 0 0 0 0 
0 0 0 0 0 0 0 0.692573 0 0 0 0.692573 0 0.692573 0.692573 -6.86271 0 0 0 0 0 0 0 0 0 0 0 0 0 0 0 2.04621 0 0 0 0 0 0 0 0 0 0 0 0 0 0 0 2.04621 0 0 0 0 0 0 0 0 0 0 0 0 0 0 0 0 
0.692573 0 0 0 0 0 0 0 0 0 0 0 0 0 0 0 -3.25034 0.511552 0.511552 0 0.511552 0 0 0 0.511552 0 0 0 0 0 0 0 0 0 0 0 0 0 0 0 0 0 0 0 0 0 0 0 0.511552 0 0 0 0 0 0 0 0 0 0 0 0 0 0 0 
0 0.692573 0 0 0 0 0 0 0 0 0 0 0 0 0 0 0.692573 -5.47757 0 1.0231 0 1.0231 0 0 0 1.0231 0 0 0 0 0 0 0 0 0 0 0 0 0 0 0 0 0 0 0 0 0 0 0 1.0231 0 0 0 0 0 0 0 0 0 0 0 0 0 0 
0 0 0.692573 0 0 0 0 0 0 0 0 0 0 0 0 0 0.692573 0 -5.47757 1.0231 0 0 1.0231 0 0 0 1.0231 0 0 0 0 0 0 0 0 0 0 0 0 0 0 0 0 0 0 0 0 0 0 0 1.0231 0 0 0 0 0 0 0 0 0 0 0 0 0 
0 0 0 0.692573 0 0 0 0 0 0 0 0 0 0 0 0 0 0.692573 0.692573 -6.68169 0 0 0 1.53466 0 0 0 1.53466 0 0 0 0 0 0 0 0 0 0 0 0 0 0 0 0 0 0 0 0 0 0 0 1.53466 0 0 0 0 0 0 0 0 0 0 0 0 
0 0 0 0 0.692573 0 0 0 0 0 0 0 0 0 0 0 0.692573 0 0 0 -5.47757 1.0231 1.0231 0 0 0 0 0 1.0231 0 0 0 0 0 0 0 0 0 0 0 0 0 0 0 0 0 0 0 0 0 0 0 1.0231 0 0 0 0 0 0 0 0 0 0 0 
0 0 0 0 0 0.692573 0 0 0 0 0 0 0 0 0 0 0 0.692573 0 0 0.692573 -6.68169 0 1.53466 0 0 0 0 0 1.53466 0 0 0 0 0 0 0 0 0 0 0 0 0 0 0 0 0 0 0 0 0 0 0 1.53466 0 0 0 0 0 0 0 0 0 0 
0 0 0 0 0 0 0.692573 0 0 0 0 0 0 0 0 0 0 0 0.692573 0 0.692573 0 -6.68169 1.53466 0 0 0 0 0 0 1.53466 0 0 0 0 0 0 0 0 0 0 0 0 0 0 0 0 0 0 0 0 0 0 0 1.53466 0 0 0 0 0 0 0 0 0 
0 0 0 0 0 0 0 0.692573 0 0 0 0 0 0 0 0 0 0 0 0.692573 0 0.692573 0.692573 -6.86271 0 0 0 0 0 0 0 2.04621 0 0 0 0 0 0 0 0 0 0 0 0 0 0 0 0 0 0 0 0 0 0 0 2.04621 0 0 0 0 0 0 0 0 
0 0 0 0 0 0 0 0 0.692573 0 0 0 0 0 0 0 0.692573 0 0 0 0 0 0 0 -5.47757 1.0231 1.0231 0 1.0231 0 0 0 0 0 0 0 0 0 0 0 0 0 0 0 0 0 0 0 0 0 0 0 0 0 0 0 1.0231 0 0 0 0 0 0 0 
0 0 0 0 0 0 0 0 0 0.692573 0 0 0 0 0 0 0 0.692573 0 0 0 0 0 0 0.692573 -6.68169 0 1.53466 0 1.53466 0 0 0 0 0 0 0 0 0 0 0 0 0 0 0 0 0 0 0 0 0 0 0 0 0 0 0 1.53466 0 0 0 0 0 0 
0 0 0 0 0 0 0 0 0 0 0.692573 0 0 0 0 0 0 0 0.692573 0 0 0 0 0 0.692573 0 -6.68169 1.53466 0 0 1.53466 0 0 0 0 0 0 0 0 0 0 0 0 0 0 0 0 0 0 0 0 0 0 0 0 0 0 0 1.53466 0 0 0 0 0 
0 0 0 0 0 0 0 0 0 0 0 0.692573 0 0 0 0 0 0 0 0.692573 0 0 0 0 0 0.692573 0.692573 -6.86271 0 0 0 2.04621 0 0 0 0 0 0 0 0 0 0 0 0 0 0 0 0 0 0 0 0 0 0 0 0 0 0 0 2.04621 0 0 0 0 
0 0 0 0 0 0 0 0 0 0 0 0 0.692573 0 0 0 0 0 0 0 0.692573 0 0 0 0.692573 0 0 0 -6.68169 1.53466 1.53466 0 0 0 0 0 0 0 0 0 0 0 0 0 0 0 0 0 0 0 0 0 0 0 0 0 0 0 0 0 1.53466 0 0 0 
0 0 0 0 0 0 0 0 0 0 0 0 0 0.692573 0 0 0 0 0 0 0 0.692573 0 0 0 0.692573 0 0 0.692573 -6.86271 0 2.04621 0 0 0 0 0 0 0 0 0 0 0 0 0 0 0 0 0 0 0 0 0 0 0 0 0 0 0 0 0 2.04621 0 0 
0 0 0 0 0 0 0 0 0 0 0 0 0 0 0.692573 0 0 0 0 0 0 0 0.692573 0 0 0 0.692573 0 0.692573 0 -6.86271 2.04621 0 0 0 0 0 0 0 0 0 0 0 0 0 0 0 0 0 0 0 0 0 0 0 0 0 0 0 0 0 0 2.04621 0 
0 0 0 0 0 0 0 0 0 0 0 0 0 0 0 0.692573 0 0 0 0 0 0 0 0.692573 0 0 0 0.692573 0 0.692573 0.692573 -6.02063 0 0 0 0 0 0 0 0 0 0 0 0 0 0 0 0 0 0 0 0 0 0 0 0 0 0 0 0 0 0 0 2.55776 
0.692573 0 0 0 0 0 0 0 0 0 0 0 0 0 0 0 0 0 0 0 0 0 0 0 0 0 0 0 0 0 0 0 -3.25034 0.511552 0.511552 0 0.511552 0 0 0 0.511552 0 0 0 0 0 0 0 0.511552 0 0 0 0 0 0 0 0 0 0 0 0 0 0 0 
0 0.692573 0 0 0 0 0 0 0 0 0 0 0 0 0 0 0 0 0 0 0 0 0 0 0 0 0 0 0 0 0 0 0.692573 -5.47757 0 1.0231 0 1.0231 0 0 0 1.0231 0 0 0 0 0 0 0 1.0231 0 0 0 0 0 0 0 0 0 0 0 0 0 0 
0 0 0.692573 0 0 0 0 0 0 0 0 0 0 0 0 0 0 0 0 0 0 0 0 0 0 0 0 0 0 0 0 0 0.692573 0 -5.47757 1.0231 0 0 1.0231 0 0 0 1.0231 0 0 0 0 0 0 0 1.0231 0 0 0 0 0 0 0 0 0 0 0 0 0 
0 0 0 0.692573 0 0 0 0 0 0 0 0 0 0 0 0 0 0 0 0 0 0 0 0 0 0 0 0 0 0 0 0 0 0.692573 0.692573 -6.68169 0 0 0 1.53466 0 0 0 1.53466 0 0 0 0 0 0 0 1.53466 0 0 0 0 0 0 0 0 0 0 0 0 
0 0 0 0 0.692573 0 0 0 0 0 0 0 0 0 0 0 0 0 0 0 0 0 0 0 0 0 0 0 0 0 0 0 0.692573 0 0 0 -5.47757 1.0231 1.0231 0 0 0 0 0 1.0231 0 0 0 0 0 0 0 1.0231 0 0 0 0 0 0 0 0 0 0 0 
0 0 0 0 0 0.692573 0 0 0 0 0 0 0 0 0 0 0 0 0 0 0 0 0 0 0 0 0 0 0 0 0 0 0 0.692573 0 0 0.692573 -6.68169 0 1.53466 0 0 0 0 0 1.53466 0 0 0 0 0 0 0 1.53466 0 0 0 0 0 0 0 0 0 0 
0 0 0 0 0 0 0.692573 0 0 0 0 0 0 0 0 0 0 0 0 0 0 0 0 0 0 0 0 0 0 0 0 0 0 0 0.692573 0 0.692573 0 -6.68169 1.53466 0 0 0 0 0 0 1.53466 0 0 0 0 0 0 0 1.53466 0 0 0 0 0 0 0 0 0 
0 0 0 0 0 0 0 0.692573 0 0 0 0 0 0 0 0 0 0 0 0 0 0 0 0 0 0 0 0 0 0 0 0 0 0 0 0.692573 0 0.692573 0.692573 -6.86271 0 0 0 0 0 0 0 2.04621 0 0 0 0 0 0 0 2.04621 0 0 0 0 0 0 0 0 
0 0 0 0 0 0 0 0 0.692573 0 0 0 0 0 0 0 0 0 0 0 0 0 0 0 0 0 0 0 0 0 0 0 0.692573 0 0 0 0 0 0 0 -5.47757 1.0231 1.0231 0 1.0231 0 0 0 0 0 0 0 0 0 0 0 1.0231 0 0 0 0 0 0 0 
0 0 0 0 0 0 0 0 0 0.692573 0 0 0 0 0 0 0 0 0 0 0 0 0 0 0 0 0 0 0 0 0 0 0 0.692573 0 0 0 0 0 0 0.692573 -6.68169 0 1.53466 0 1.53466 0 0 0 0 0 0 0 0 0 0 0 1.53466 0 0 0 0 0 0 
0 0 0 0 0 0 0 0 0 0 0.692573 0 0 0 0 0 0 0 0 0 0 0 0 0 0 0 0 0 0 0 0 0 0 0 0.692573 0 0 0 0 0 0.692573 0 -6.68169 1.53466 0 0 1.53466 0 0 0 0 0 0 0 0 0 0 0 1.53466 0 0 0 0 0 
0 0 0 0 0 0 0 0 0 0 0 0.692573 0 0 0 0 0 0 0 0 0 0 0 0 0 0 0 0 0 0 0 0 0 0 0 0.692573 0 0 0 0 0 0.692573 0.692573 -6.86271 0 0 0 2.04621 0 0 0 0 0 0 0 0 0 0 0 2.04621 0 0 0 0 
0 0 0 0 0 0 0 0 0 0 0 0 0.692573 0 0 0 0 0 0 0 0 0 0 0 0 0 0 0 0 0 0 0 0 0 0 0 0.692573 0 0 0 0.692573 0 0 0 -6.68169 1.53466 1.53466 0 0 0 0 0 0 0 0 0 0 0 0 0 1.53466 0 0 0 
0 0 0 0 0 0 0 0 0 0 0 0 0 0.692573 0 0 0 0 0 0 0 0 0 0 0 0 0 0 0 0 0 0 0 0 0 0 0 0.692573 0 0 0 0.692573 0 0 0.692573 -6.86271 0 2.04621 0 0 0 0 0 0 0 0 0 0 0 0 0 2.04621 0 0 
0 0 0 0 0 0 0 0 0 0 0 0 0 0 0.692573 0 0 0 0 0 0 0 0 0 0 0 0 0 0 0 0 0 0 0 0 0 0 0 0.692573 0 0 0 0.692573 0 0.692573 0 -6.86271 2.04621 0 0 0 0 0 0 0 0 0 0 0 0 0 0 2.04621 0 
0 0 0 0 0 0 0 0 0 0 0 0 0 0 0 0.692573 0 0 0 0 0 0 0 0 0 0 0 0 0 0 0 0 0 0 0 0 0 0 0 0.692573 0 0 0 0.692573 0 0.692573 0.692573 -6.02063 0 0 0 0 0 0 0 0 0 0 0 0 0 0 0 2.55776 
0 0 0 0 0 0 0 0 0 0 0 0 0 0 0 0 0.692573 0 0 0 0 0 0 0 0 0 0 0 0 0 0 0 0.692573 0 0 0 0 0 0 0 0 0 0 0 0 0 0 0 -5.47757 1.0231 1.0231 0 1.0231 0 0 0 1.0231 0 0 0 0 0 0 0 
0 0 0 0 0 0 0 0 0 0 0 0 0 0 0 0 0 0.692573 0 0 0 0 0 0 0 0 0 0 0 0 0 0 0 0.692573 0 0 0 0 0 0 0 0 0 0 0 0 0 0 0.692573 -6.68169 0 1.53466 0 1.53466 0 0 0 1.53466 0 0 0 0 0 0 
0 0 0 0 0 0 0 0 0 0 0 0 0 0 0 0 0 0 0.692573 0 0 0 0 0 0 0 0 0 0 0 0 0 0 0 0.692573 0 0 0 0 0 0 0 0 0 0 0 0 0 0.692573 0 -6.68169 1.53466 0 0 1.53466 0 0 0 1.53466 0 0 0 0 0 
0 0 0 0 0 0 0 0 0 0 0 0 0 0 0 0 0 0 0 0.692573 0 0 0 0 0 0 0 0 0 0 0 0 0 0 0 0.692573 0 0 0 0 0 0 0 0 0 0 0 0 0 0.692573 0.692573 -6.86271 0 0 0 2.04621 0 0 0 2.04621 0 0 0 0 
0 0 0 0 0 0 0 0 0 0 0 0 0 0 0 0 0 0 0 0 0.692573 0 0 0 0 0 0 0 0 0 0 0 0 0 0 0 0.692573 0 0 0 0 0 0 0 0 0 0 0 0.692573 0 0 0 -6.68169 1.53466 1.53466 0 0 0 0 0 1.53466 0 0 0 
0 0 0 0 0 0 0 0 0 0 0 0 0 0 0 0 0 0 0 0 0 0.692573 0 0 0 0 0 0 0 0 0 0 0 0 0 0 0 0.692573 0 0 0 0 0 0 0 0 0 0 0 0.692573 0 0 0.692573 -6.86271 0 2.04621 0 0 0 0 0 2.04621 0 0 
0 0 0 0 0 0 0 0 0 0 0 0 0 0 0 0 0 0 0 0 0 0 0.692573 0 0 0 0 0 0 0 0 0 0 0 0 0 0 0 0.692573 0 0 0 0 0 0 0 0 0 0 0 0.692573 0 0.692573 0 -6.86271 2.04621 0 0 0 0 0 0 2.04621 0 
0 0 0 0 0 0 0 0 0 0 0 0 0 0 0 0 0 0 0 0 0 0 0 0.692573 0 0 0 0 0 0 0 0 0 0 0 0 0 0 0 0.692573 0 0 0 0 0 0 0 0 0 0 0 0.692573 0 0.692573 0.692573 -6.02063 0 0 0 0 0 0 0 2.55776 
0 0 0 0 0 0 0 0 0 0 0 0 0 0 0 0 0 0 0 0 0 0 0 0 0.692573 0 0 0 0 0 0 0 0 0 0 0 0 0 0 0 0.692573 0 0 0 0 0 0 0 0.692573 0 0 0 0 0 0 0 -6.68169 1.53466 1.53466 0 1.53466 0 0 0 
0 0 0 0 0 0 0 0 0 0 0 0 0 0 0 0 0 0 0 0 0 0 0 0 0 0.692573 0 0 0 0 0 0 0 0 0 0 0 0 0 0 0 0.692573 0 0 0 0 0 0 0 0.692573 0 0 0 0 0 0 0.692573 -6.86271 0 2.04621 0 2.04621 0 0 
0 0 0 0 0 0 0 0 0 0 0 0 0 0 0 0 0 0 0 0 0 0 0 0 0 0 0.692573 0 0 0 0 0 0 0 0 0 0 0 0 0 0 0 0.692573 0 0 0 0 0 0 0 0.692573 0 0 0 0 0 0.692573 0 -6.86271 2.04621 0 0 2.04621 0 
0 0 0 0 0 0 0 0 0 0 0 0 0 0 0 0 0 0 0 0 0 0 0 0 0 0 0 0.692573 0 0 0 0 0 0 0 0 0 0 0 0 0 0 0 0.692573 0 0 0 0 0 0 0 0.692573 0 0 0 0 0 0.692573 0.692573 -6.02063 0 0 0 2.55776 
0 0 0 0 0 0 0 0 0 0 0 0 0 0 0 0 0 0 0 0 0 0 0 0 0 0 0 0 0.692573 0 0 0 0 0 0 0 0 0 0 0 0 0 0 0 0.692573 0 0 0 0 0 0 0 0.692573 0 0 0 0.692573 0 0 0 -6.86271 2.04621 2.04621 0 
0 0 0 0 0 0 0 0 0 0 0 0 0 0 0 0 0 0 0 0 0 0 0 0 0 0 0 0 0 0.692573 0 0 0 0 0 0 0 0 0 0 0 0 0 0 0 0.692573 0 0 0 0 0 0 0 0.692573 0 0 0 0.692573 0 0 0.692573 -6.02063 0 2.55776 
0 0 0 0 0 0 0 0 0 0 0 0 0 0 0 0 0 0 0 0 0 0 0 0 0 0 0 0 0 0 0.692573 0 0 0 0 0 0 0 0 0 0 0 0 0 0 0 0.692573 0 0 0 0 0 0 0 0.692573 0 0 0 0.692573 0 0.692573 0 -6.02063 2.55776 
0 0 0 0 0 0 0 0 0 0 0 0 0 0 0 0 0 0 0 0 0 0 0 0 0 0 0 0 0 0 0 0.692573 0 0 0 0 0 0 0 0 0 0 0 0 0 0 0 0.692573 0 0 0 0 0 0 0 0.692573 0 0 0 0.692573 0 0.692573 0.692573 -4.15544 
