64
-0 0 0 0 0 0 0 0 0 0 0 0 0 0 0 0 0 0 0 0 0 0 0 0 0 0 0 0 0 0 0 0 0 0 0 0 0 0 0 0 0 0 0 0 0 0 0 0 0 0 0 0 0 0 0 0 0 0 0 0 0 0 0 0 
0.482654 -2.25632 0 0.354733 0 0.354733 0 0 0 0.354733 0 0 0 0 0 0 0 0.354733 0 0 0 0 0 0 0 0 0 0 0 0 0 0 0 0.354733 0 0 0 0 0 0 0 0 0 0 0 0 0 0 0 0 0 0 0 0 0 0 0 0 0 0 0 0 0 0 
0.482654 0 -2.25632 0.354733 0 0 0.354733 0 0 0 0.354733 0 0 0 0 0 0 0 0.354733 0 0 0 0 0 0 0 0 0 0 0 0 0 0 0 0.354733 0 0 0 0 0 0 0 0 0 0 0 0 0 0 0 0 0 0 0 0 0 0 0 0 0 0 0 0 0 
0 0.482654 0.482654 -3.80317 0 0 0 0.709465 0 0 0 0.709465 0 0 0 0 0 0 0 0.709465 0 0 0 0 0 0 0 0 0 0 0 0 0 0 0 0.709465 0 0 0 0 0 0 0 0 0 0 0 0 0 0 0 0 0 0 0 0 0 0 0 0 0 0 0 0 
0.482654 0 0 0 -2.25632 0.354733 0.354733 0 0 0 0 0 0.354733 0 0 0 0 0 0 0 0.354733 0 0 0 0 0 0 0 0 0 0 0 0 0 0 0 0.354733 0 0 0 0 0 0 0 0 0 0 0 0 0 0 0 0 0 0 0 0 0 0 0 0 0 0 0 
0 0.482654 0 0 0.482654 -3.80317 0 0.709465 0 0 0 0 0 0.709465 0 0 0 0 0 0 0 0.709465 0 0 0 0 0 0 0 0 0 0 0 0 0 0 0 0.709465 0 0 0 0 0 0 0 0 0 0 0 0 0 0 0 0 0 0 0 0 0 0 0 0 0 0 
0 0 0.482654 0 0.482654 0 -3.80317 0.709465 0 0 0 0 0 0 0.709465 0 0 0 0 0 0 0 0.709465 0 0 0 0 0 0 0 0 0 0 0 0 0 0 0 0.709465 0 0 0 0 0 0 0 0 0 0 0 0 0 0 0 0 0 0 0 0 0 0 0 0 0 
0 0 0 0.482654 0 0.482654 0.482654 -4.64056 0 0 0 0 0 0 0 1.0642 0 0 0 0 0 0 0 1.0642 0 0 0 0 0 0 0 0 0 0 0 0 0 0 0 1.0642 0 0 0 0 0 0 0 0 0 0 0 0 0 0 0 0 0 0 0 0 0 0 0 0 
0.482654 0 0 0 0 0 0 0 -2.25632 0.354733 0.354733 0 0.354733 0 0 0 0 0 0 0 0 0 0 0 0.354733 0 0 0 0 0 0 0 0 0 0 0 0 0 0 0 0.354733 0 0 0 0 0 0 0 0 0 0 0 0 0 0 0 0 0 0 0 0 0 0 0 
0 0.482654 0 0 0 0 0 0 0.482654 -3.80317 0 0.709465 0 0.709465 0 0 0 0 0 0 0 0 0 0 0 0.709465 0 0 0 0 0 0 0 0 0 0 0 0 0 0 0 0.709465 0 0 0 0 0 0 0 0 0 0 0 0 0 0 0 0 0 0 0 0 0 0 
0 0 0.482654 0 0 0 0 0 0.482654 0 -3.80317 0.709465 0 0 0.709465 0 0 0 0 0 0 0 0 0 0 0 0.709465 0 0 0 0 0 0 0 0 0 0 0 0 0 0 0 0.709465 0 0 0 0 0 0 0 0 0 0 0 0 0 0 0 0 0 0 0 0 0 
0 0 0 0.482654 0 0 0 0 0 0.482654 0.482654 -4.64056 0 0 0 1.0642 0 0 0 0 0 0 0 0 0 0 0 1.0642 0 0 0 0 0 0 0 0 0 0 0 0 0 0 0 1.0642 0 0 0 0 0 0 0 0 0 0 0 0 0 0 0 0 0 0 0 0 
0 0 0 0 0.482654 0 0 0 0.482654 0 0 0 -3.80317 0.709465 0.709465 0 0 0 0 0 0 0 0 0 0 0 0 0 0.709465 0 0 0 0 0 0 0 0 0 0 0 0 0 0 0 0.709465 0 0 0 0 0 0 0 0 0 0 0 0 0 0 0 0 0 0 0 
0 0 0 0 0 0.482654 0 0 0 0.482654 0 0 0.482654 -4.64056 0 1.0642 0 0 0 0 0 0 0 0 0 0 0 0 0 1.0642 0 0 0 0 0 0 0 0 0 0 0 0 0 0 0 1.0642 0 0 0 0 0 0 0 0 0 0 0 0 0 0 0 0 0 0 
0 0 0 0 0 0 0.482654 0 0 0 0.482654 0 0.482654 0 -4.64056 1.0642 0 0 0 0 0 0 0 0 0 0 0 0 0 0 1.0642 0 0 0 0 0 0 0 0 0 0 0 0 0 0 0 1.0642 0 0 0 0 0 0 0 0 0 0 0 0 0 0 0 0 0 
0 0 0 0 0 0 0 0.482654 0 0 0 0.482654 0 0.482654 0.482654 -4.76848 0 0 0 0 0 0 0 0 0 0 0 0 0 0 0 1.41893 0 0 0 0 0 0 0 0 0 0 0 0 0 0 0 1.41893 0 0 0 0 0 0 0 0 0 0 0 0 0 0 0 0 
0.482654 0 0 0 0 0 0 0 0 0 0 0 0 0 0 0 -2.25632 0.354733 0.354733 0 0.354733 0 0 0 0.354733 0 0 0 0 0 0 0 0 0 0 0 0 0 0 0 0 0 0 0 0 0 0 0 0.354733 0 0 0 0 0 0 0 0 0 0 0 0 0 0 0 
0 0.482654 0 0 0 0 0 0 0 0 0 0 0 0 0 0 0.482654 -3.80317 0 0.709465 0 0.709465 0 0 0 0.709465 0 0 0 0 0 0 0 0 0 0 0 0 0 0 0 0 0 0 0 0 0 0 0 0.709465 0 0 0 0 0 0 0 0 0 0 0 0 0 0 
0 0 0.482654 0 0 0 0 0 0 0 0 0 0 0 0 0 0.482654 0 -3.80317 0.709465 0 0 0.709465 0 0 0 0.709465 0 0 0 0 0 0 0 0 0 0 0 0 0 0 0 0 0 0 0 0 0 0 0 0.709465 0 0 0 0 0 0 0 0 0 0 0 0 0 
0 0 0 0.482654 0 0 0 0 0 0 0 0 0 0 0 0 0 0.482654 0.482654 -4.64056 0 0 0 1.0642 0 0 0 1.0642 0 0 0 0 0 0 0 0 0 0 0 0 0 0 0 0 0 0 0 0 0 0 0 1.0642 0 0 0 0 0 0 0 0 0 0 0 0 
0 0 0 0 0.482654 0 0 0 0 0 0 0 0 0 0 0 0.482654 0 0 0 -3.80317 0.709465 0.709465 0 0 0 0 0 0.709465 0 0 0 0 0 0 0 0 0 0 0 0 0 0 0 0 0 0 0 0 0 0 0 0.709465 0 0 0 0 0 0 0 0 0 0 0 
0 0 0 0 0 0.482654 0 0 0 0 0 0 0 0 0 0 0 0.482654 0 0 0.482654 -4.64056 0 1.0642 0 0 0 0 0 1.0642 0 0 0 0 0 0 0 0 0 0 0 0 0 0 0 0 0 0 0 0 0 0 0 1.0642 0 0 0 0 0 0 0 0 0 0 
0 0 0 0 0 0 0.482654 0 0 0 0 0 0 0 0 0 0 0 0.482654 0 0.482654 0 -4.64056 1.0642 0 0 0 0 0 0 1.0642 0 0 0 0 0 0 0 0 0 0 0 0 0 0 0 0 0 0 0 0 0 0 0 1.0642 0 0 0 0 0 0 0 0 0 
0 0 0 0 0 0 0 0.482654 0 0 0 0 0 0 0 0 0 0 0 0.482654 0 0.482654 0.482654 -4.76848 0 0 0 0 0 0 0 1.41893 0 0 0 0 0 0 0 0 0 0 0 0 0 0 0 0 0 0 0 0 0 0 0 1.41893 0 0 0 0 0 0 0 0 
0 0 0 0 0 0 0 0 0.482654 0 0 0 0 0 0 0 0.482654 0 0 0 0 0 0 0 -3.80317 0.709465 0.709465 0 0.709465 0 0 0 0 0 0 0 0 0 0 0 0 0 0 0 0 0 0 0 0 0 0 0 0 0 0 0 0.709465 0 0 0 0 0 0 0 
0 0 0 0 0 0 0 0 0 0.482654 0 0 0 0 0 0 0 0.482654 0 0 0 0 0 0 0.482654 -4.64056 0 1.0642 0 1.0642 0 0 0 0 0 0 0 0 0 0 0 0 0 0 0 0 0 0 0 0 0 0 0 0 0 0 0 1.0642 0 0 0 0 0 0 
0 0 0 0 0 0 0 0 0 0 0.482654 0 0 0 0 0 0 0 0.482654 0 0 0 0 0 0.482654 0 -4.64056 1.0642 0 0 1.0642 0 0 0 0 0 0 0 0 0 0 0 0 0 0 0 0 0 0 0 0 0 0 0 0 0 0 0 1.0642 0 0 0 0 0 
0 0 0 0 0 0 0 0 0 0 0 0.482654 0 0 0 0 0 0 0 0.482654 0 0 0 0 0 0.482654 0.482654 -4.76848 0 0 0 1.41893 0 0 0 0 0 0 0 0 0 0 0 0 0 0 0 0 0 0 0 0 0 0 0 0 0 0 0 1.41893 0 0 0 0 
0 0 0 0 0 0 0 0 0 0 0 0 0.482654 0 0 0 0 0 0 0 0.482654 0 0 0 0.482654 0 0 0 -4.64056 1.0642 1.0642 0 0 0 0 0 0 0 0 0 0 0 0 0 0 0 0 0 0 0 0 0 0 0 0 0 0 0 0 0 1.0642 0 0 0 
0 0 0 0 0 0 0 0 0 0 0 0 0 0.482654 0 0 0 0 0 0 0 0.482654 0 0 0 0.482654 0 0 0.482654 -4.76848 0 1.41893 0 0 0 0 0 0 0 0 0 0 0 0 0 0 0 0 0 0 0 0 0 0 0 0 0 0 0 0 0 1.41893 0 0 
0 0 0 0 0 0 0 0 0 0 0 0 0 0 0.482654 0 0 0 0 0 0 0 0.482654 0 0 0 0.482654 0 0.482654 0 -4.76848 1.41893 0 0 0 0 0 0 0 0 0 0 0 0 0 0 0 0 0 0 0 0 0 0 0 0 0 0 0 0 0 0 1.41893 0 
0 0 0 0 0 0 0 0 0 0 0 0 0 0 0 0.482654 0 0 0 0 0 0 0 0.482654 0 0 0 0.482654 0 0.482654 0.482654 -4.18693 0 0 0 0 0 0 0 0 0 0 0 0 0 0 0 0 0 0 0 0 0 0 0 0 0 0 0 0 0 0 0 1.77366 
0.482654 0 0 0 0 0 0 0 0 0 0 0 0 0 0 0 0 0 0 0 0 0 0 0 0 0 0 0 0 0 0 0 -2.25632 0.354733 0.354733 0 0.354733 0 0 0 0.354733 0 0 0 0 0 0 0 0.354733 0 0 0 0 0 0 0 0 0 0 0 0 0 0 0 
0 0.482654 0 0 0 0 0 0 0 0 0 0 0 0 0 0 0 0 0 0 0 0 0 0 0 0 0 0 0 0 0 0 0.482654 -3.80317 0 0.709465 0 0.709465 0 0 0 0.709465 0 0 0 0 0 0 0 0.709465 0 0 0 0 0 0 0 0 0 0 0 0 0 0 
0 0 0.482654 0 0 0 0 0 0 0 0 0 0 0 0 0 0 0 0 0 0 0 0 0 0 0 0 0 0 0 0 0 0.482654 0 -3.80317 0.709465 0 0 0.709465 0 0 0 0.709465 0 0 0 0 0 0 0 0.709465 0 0 0 0 0 0 0 0 0 0 0 0 0 
0 0 0 0.482654 0 0 0 0 0 0 0 0 0 0 0 0 0 0 0 0 0 0 0 0 0 0 0 0 0 0 0 0 0 0.482654 0.482654 -4.64056 0 0 0 1.0642 0 0 0 1.0642 0 0 0 0 0 0 0 1.0642 0 0 0 0 0 0 0 0 0 0 0 0 
0 0 0 0 0.482654 0 0 0 0 0 0 0 0 0 0 0 0 0 0 0 0 0 0 0 0 0 0 0 0 0 0 0 0.482654 0 0 0 -3.80317 0.709465 0.709465 0 0 0 0 0 0.709465 0 0 0 0 0 0 0 0.709465 0 0 0 0 0 0 0 0 0 0 0 
0 0 0 0 0 0.482654 0 0 0 0 0 0 0 0 0 0 0 0 0 0 0 0 0 0 0 0 0 0 0 0 0 0 0 0.482654 0 0 0.482654 -4.64056 0 1.0642 0 0 0 0 0 1.0642 0 0 0 0 0 0 0 1.0642 0 0 0 0 0 0 0 0 0 0 
0 0 0 0 0 0 0.482654 0 0 0 0 0 0 0 0 0 0 0 0 0 0 0 0 0 0 0 0 0 0 0 0 0 0 0 0.482654 0 0.482654 0 -4.64056 1.0642 0 0 0 0 0 0 1.0642 0 0 0 0 0 0 0 1.0642 0 0 0 0 0 0 0 0 0 
0 0 0 0 0 0 0 0.482654 0 0 0 0 0 0 0 0 0 0 0 0 0 0 0 0 0 0 0 0 0 0 0 0 0 0 0 0.482654 0 0.482654 0.482654 -4.76848 0 0 0 0 0 0 0 1.41893 0 0 0 0 0 0 0 1.41893 0 0 0 0 0 0 0 0 
0 0 0 0 0 0 0 0 0.482654 0 0 0 0 0 0 0 0 0 0 0 0 0 0 0 0 0 0 0 0 0 0 0 0.482654 0 0 0 0 0 0 0 -3.80317 0.709465 0.709465 0 0.709465 0 0 0 0 0 0 0 0 0 0 0 0.709465 0 0 0 0 0 0 0 
0 0 0 0 0 0 0 0 0 0.482654 0 0 0 0 0 0 0 0 0 0 0 0 0 0 0 0 0 0 0 0 0 0 0 0.482654 0 0 0 0 0 0 0.482654 -4.64056 0 1.0642 0 1.0642 0 0 0 0 0 0 0 0 0 0 0 1.0642 0 0 0 0 0 0 
0 0 0 0 0 0 0 0 0 0 0.482654 0 0 0 0 0 0 0 0 0 0 0 0 0 0 0 0 0 0 0 0 0 0 0 0.482654 0 0 0 0 0 0.482654 0 -4.64056 1.0642 0 0 1.0642 0 0 0 0 0 0 0 0 0 0 0 1.0642 0 0 0 0 0 
0 0 0 0 0 0 0 0 0 0 0 0.482654 0 0 0 0 0 0 0 0 0 0 0 0 0 0 0 0 0 0 0 0 0 0 0 0.482654 0 0 0 0 0 0.482654 0.482654 -4.76848 0 0 0 1.41893 0 0 0 0 0 0 0 0 0 0 0 1.41893 0 0 0 0 
0 0 0 0 0 0 0 0 0 0 0 0 0.482654 0 0 0 0 0 0 0 0 0 0 0 0 0 0 0 0 0 0 0 0 0 0 0 0.482654 0 0 0 0.482654 0 0 0 -4.64056 1.0642 1.0642 0 0 0 0 0 0 0 0 0 0 0 0 0 1.0642 0 0 0 
0 0 0 0 0 0 0 0 0 0 0 0 0 0.482654 0 0 0 0 0 0 0 0 0 0 0 0 0 0 0 0 0 0 0 0 0 0 0 0.482654 0 0 0 0.482654 0 0 0.482654 -4.76848 0 1.41893 0 0 0 0 0 0 0 0 0 0 0 0 0 1.41893 0 0 
0 0 0 0 0 0 0 0 0 0 0 0 0 0 0.482654 0 0 0 0 0 0 0 0 0 0 0 0 0 0 0 0 0 0 0 0 0 0 0 0.482654 0 0 0 0.482654 0 0.482654 0 -4.76848 1.41893 0 0 0 0 0 0 0 0 0 0 0 0 0 0 1.41893 0 
0 0 0 0 0 0 0 0 0 0 0 0 0 0 0 0.482654 0 0 0 0 0 0 0 0 0 0 0 0 0 0 0 0 0 0 0 0 0 0 0 0.482654 0 0 0 0.482654 0 0.482654 0.482654 -4.18693 0 0 0 0 0 0 0 0 0 0 0 0 0 0 0 1.77366 
0 0 0 0 0 0 0 0 0 0 0 0 0 0 0 0 0.482654 0 0 0 0 0 0 0 0 0 0 0 0 0 0 0 0.482654 0 0 0 0 0 0 0 0 0 0 0 0 0 0 0 -3.80317 0.709465 0.709465 0 0.709465 0 0 0 0.709465 0 0 0 0 0 0 0 
0 0 0 0 0 0 0 0 0 0 0 0 0 0 0 0 0 0.482654 0 0 0 0 0 0 0 0 0 0 0 0 0 0 0 0.482654 0 0 0 0 0 0 0 0 0 0 0 0 0 0 0.482654 -4.64056 0 1.0642 0 1.0642 0 0 0 1.0642 0 0 0 0 0 0 
0 0 0 0 0 0 0 0 0 0 0 0 0 0 0 0 0 0 0.482654 0 0 0 0 0 0 0 0 0 0 0 0 0 0 0 0.482654 0 0 0 0 0 0 0 0 0 0 0 0 0 0.482654 0 -4.64056 1.0642 0 0 1.0642 0 0 0 1.0642 0 0 0 0 0 
0 0 0 0 0 0 0 0 0 0 0 0 0 0 0 0 0 0 0 0.482654 0 0 0 0 0 0 0 0 0 0 0 0 0 0 0 0.482654 0 0 0 0 0 0 0 0 0 0 0 0 0 0.482654 0.482654 -4.76848 0 0 0 1.41893 0 0 0 1.41893 0 0 0 0 
0 0 0 0 0 0 0 0 0 0 0 0 0 0 0 0 0 0 0 0 0.482654 0 0 0 0 0 0 0 0 0 0 0 0 0 0 0 0.482654 0 0 0 0 0 0 0 0 0 0 0 0.482654 0 0 0 -4.64056 1.0642 1.0642 0 0 0 0 0 1.0642 0 0 0 
0 0 0 0 0 0 0 0 0 0 0 0 0 0 0 0 0 0 0 0 0 0.482654 0 0 0 0 0 0 0 0 0 0 0 0 0 0 0 0.482654 0 0 0 0 0 0 0 0 0 0 0 0.482654 0 0 0.482654 -4.76848 0 1.41893 0 0 0 0 0 1.41893 0 0 
0 0 0 0 0 0 0 0 0 0 0 0 0 0 0 0 0 0 0 0 0 0 0.482654 0 0 0 0 0 0 0 0 0 0 0 0 0 0 0 0.482654 0 0 0 0 0 0 0 0 0 0 0 0.482654 0 0.482654 0 -4.76848 1.41893 0 0 0 0 0 0 1.41893 0 
0 0 0 0 0 0 0 0 0 0 0 0 0 0 0 0 0 0 0 0 0 0 0 0.482654 0 0 0 0 0 0 0 0 0 0 0 0 0 0 0 0.482654 0 0 0 0 0 0 0 0 0 0 0 0.482654 0 0.482654 0.482654 -4.18693 0 0 0 0 0 0 0 1.77366 
0 0 0 0 0 0 0 0 0 0 0 0 0 0 0 0 0 0 0 0 0 0 0 0 0.482654 0 0 0 0 0 0 0 0 0 0 0 0 0 0 0 0.482654 0 0 0 0 0 0 0 0.482654 0 0 0 0 0 0 0 -4.64056 1.0642 1.0642 0 1.0642 0 0 0 
0 0 0 0 0 0 0 0 0 0 0 0 0 0 0 0 0 0 0 0 0 0 0 0 0 0.482654 0 0 0 0 0 0 0 0 0 0 0 0 0 0 0 0.482654 0 0 0 0 0 0 0 0.482654 0 0 0 0 0 0 0.482654 -4.76848 0 1.41893 0 1.41893 0 0 
0 0 0 0 0 0 0 0 0 0 0 0 0 0 0 0 0 0 0 0 0 0 0 0 0 0 0.482654 0 0 0 0 0 0 0 0 0 0 0 0 0 0 0 0.482654 0 0 0 0 0 0 0 0.482654 0 0 0 0 0 0.482654 0 -4.76848 1.41893 0 0 1.41893 0 
0 0 0 0 0 0 0 0 0 0 0 0 0 0 0 0 0 0 0 0 0 0 0 0 0 0 0 0.482654 0 0 0 0 0 0 0 0 0 0 0 0 0 0 0 0.482654 0 0 0 0 0 0 0 0.482654 0 0 0 0 0 0.482654 0.482654 -4.18693 0 0 0 1.77366 
0 0 0 0 0 0 0 0 0 0 0 0 0 0 0 0 0 0 0 0 0 0 0 0 0 0 0 0 0.482654 0 0 0 0 0 0 0 0 0 0 0 0 0 0 0 0.482654 0 0 0 0 0 0 0 0.482654 0 0 0 0.482654 0 0 0 -4.76848 1.41893 1.41893 0 
0 0 0 0 0 0 0 0 0 0 0 0 0 0 0 0 0 0 0 0 0 0 0 0 0 0 0 0 0 0.482654 0 0 0 0 0 0 0 0 0 0 0 0 0 0 0 0.482654 0 0 0 0 0 0 0 0.482654 0 0 0 0.482654 0 0 0.482654 -4.18693 0 1.77366 
0 0 0 0 0 0 0 0 0 0 0 0 0 0 0 0 0 0 0 0 0 0 0 0 0 0 0 0 0 0 0.482654 0 0 0 0 0 0 0 0 0 0 0 0 0 0 0 0.482654 0 0 0 0 0 0 0 0.482654 0 0 0 0.482654 0 0.482654 0 -4.18693 1.77366 
0 0 0 0 0 0 0 0 0 0 0 0 0 0 0 0 0 0 0 0 0 0 0 0 0 0 0 0 0 0 0 0.482654 0 0 0 0 0 0 0 0 0 0 0 0 0 0 0 0.482654 0 0 0 0 0 0 0 0.482654 0 0 0 0.482654 0 0.482654 0.482654 -2.89593 
