64
-0 0 0 0 0 0 0 0 0 0 0 0 0 0 0 0 0 0 0 0 0 0 0 0 0 0 0 0 0 0 0 0 0 0 0 0 0 0 0 0 0 0 0 0 0 0 0 0 0 0 0 0 0 0 0 0 0 0 0 0 0 0 0 0 
0.294808 -1.70352 0 0.281742 0 0.281742 0 0 0 0.281742 0 0 0 0 0 0 0 0.281742 0 0 0 0 0 0 0 0 0 0 0 0 0 0 0 0.281742 0 0 0 0 0 0 0 0 0 0 0 0 0 0 0 0 0 0 0 0 0 0 0 0 0 0 0 0 0 0 
0.294808 0 -1.70352 0.281742 0 0 0.281742 0 0 0 0.281742 0 0 0 0 0 0 0 0.281742 0 0 0 0 0 0 0 0 0 0 0 0 0 0 0 0.281742 0 0 0 0 0 0 0 0 0 0 0 0 0 0 0 0 0 0 0 0 0 0 0 0 0 0 0 0 0 
0 0.294808 0.294808 -2.84355 0 0 0 0.563485 0 0 0 0.563485 0 0 0 0 0 0 0 0.563485 0 0 0 0 0 0 0 0 0 0 0 0 0 0 0 0.563485 0 0 0 0 0 0 0 0 0 0 0 0 0 0 0 0 0 0 0 0 0 0 0 0 0 0 0 0 
0.294808 0 0 0 -1.70352 0.281742 0.281742 0 0 0 0 0 0.281742 0 0 0 0 0 0 0 0.281742 0 0 0 0 0 0 0 0 0 0 0 0 0 0 0 0.281742 0 0 0 0 0 0 0 0 0 0 0 0 0 0 0 0 0 0 0 0 0 0 0 0 0 0 0 
0 0.294808 0 0 0.294808 -2.84355 0 0.563485 0 0 0 0 0 0.563485 0 0 0 0 0 0 0 0.563485 0 0 0 0 0 0 0 0 0 0 0 0 0 0 0 0.563485 0 0 0 0 0 0 0 0 0 0 0 0 0 0 0 0 0 0 0 0 0 0 0 0 0 0 
0 0 0.294808 0 0.294808 0 -2.84355 0.563485 0 0 0 0 0 0 0.563485 0 0 0 0 0 0 0 0.563485 0 0 0 0 0 0 0 0 0 0 0 0 0 0 0 0.563485 0 0 0 0 0 0 0 0 0 0 0 0 0 0 0 0 0 0 0 0 0 0 0 0 0 
0 0 0 0.294808 0 0.294808 0.294808 -3.4201 0 0 0 0 0 0 0 0.845227 0 0 0 0 0 0 0 0.845227 0 0 0 0 0 0 0 0 0 0 0 0 0 0 0 0.845227 0 0 0 0 0 0 0 0 0 0 0 0 0 0 0 0 0 0 0 0 0 0 0 0 
0.294808 0 0 0 0 0 0 0 -1.70352 0.281742 0.281742 0 0.281742 0 0 0 0 0 0 0 0 0 0 0 0.281742 0 0 0 0 0 0 0 0 0 0 0 0 0 0 0 0.281742 0 0 0 0 0 0 0 0 0 0 0 0 0 0 0 0 0 0 0 0 0 0 0 
0 0.294808 0 0 0 0 0 0 0.294808 -2.84355 0 0.563485 0 0.563485 0 0 0 0 0 0 0 0 0 0 0 0.563485 0 0 0 0 0 0 0 0 0 0 0 0 0 0 0 0.563485 0 0 0 0 0 0 0 0 0 0 0 0 0 0 0 0 0 0 0 0 0 0 
0 0 0.294808 0 0 0 0 0 0.294808 0 -2.84355 0.563485 0 0 0.563485 0 0 0 0 0 0 0 0 0 0 0 0.563485 0 0 0 0 0 0 0 0 0 0 0 0 0 0 0 0.563485 0 0 0 0 0 0 0 0 0 0 0 0 0 0 0 0 0 0 0 0 0 
0 0 0 0.294808 0 0 0 0 0 0.294808 0.294808 -3.4201 0 0 0 0.845227 0 0 0 0 0 0 0 0 0 0 0 0.845227 0 0 0 0 0 0 0 0 0 0 0 0 0 0 0 0.845227 0 0 0 0 0 0 0 0 0 0 0 0 0 0 0 0 0 0 0 0 
0 0 0 0 0.294808 0 0 0 0.294808 0 0 0 -2.84355 0.563485 0.563485 0 0 0 0 0 0 0 0 0 0 0 0 0 0.563485 0 0 0 0 0 0 0 0 0 0 0 0 0 0 0 0.563485 0 0 0 0 0 0 0 0 0 0 0 0 0 0 0 0 0 0 0 
0 0 0 0 0 0.294808 0 0 0 0.294808 0 0 0.294808 -3.4201 0 0.845227 0 0 0 0 0 0 0 0 0 0 0 0 0 0.845227 0 0 0 0 0 0 0 0 0 0 0 0 0 0 0 0.845227 0 0 0 0 0 0 0 0 0 0 0 0 0 0 0 0 0 0 
0 0 0 0 0 0 0.294808 0 0 0 0.294808 0 0.294808 0 -3.4201 0.845227 0 0 0 0 0 0 0 0 0 0 0 0 0 0 0.845227 0 0 0 0 0 0 0 0 0 0 0 0 0 0 0 0.845227 0 0 0 0 0 0 0 0 0 0 0 0 0 0 0 0 0 
0 0 0 0 0 0 0 0.294808 0 0 0 0.294808 0 0.294808 0.294808 -3.43317 0 0 0 0 0 0 0 0 0 0 0 0 0 0 0 1.12697 0 0 0 0 0 0 0 0 0 0 0 0 0 0 0 1.12697 0 0 0 0 0 0 0 0 0 0 0 0 0 0 0 0 
0.294808 0 0 0 0 0 0 0 0 0 0 0 0 0 0 0 -1.70352 0.281742 0.281742 0 0.281742 0 0 0 0.281742 0 0 0 0 0 0 0 0 0 0 0 0 0 0 0 0 0 0 0 0 0 0 0 0.281742 0 0 0 0 0 0 0 0 0 0 0 0 0 0 0 
0 0.294808 0 0 0 0 0 0 0 0 0 0 0 0 0 0 0.294808 -2.84355 0 0.563485 0 0.563485 0 0 0 0.563485 0 0 0 0 0 0 0 0 0 0 0 0 0 0 0 0 0 0 0 0 0 0 0 0.563485 0 0 0 0 0 0 0 0 0 0 0 0 0 0 
0 0 0.294808 0 0 0 0 0 0 0 0 0 0 0 0 0 0.294808 0 -2.84355 0.563485 0 0 0.563485 0 0 0 0.563485 0 0 0 0 0 0 0 0 0 0 0 0 0 0 0 0 0 0 0 0 0 0 0 0.563485 0 0 0 0 0 0 0 0 0 0 0 0 0 
0 0 0 0.294808 0 0 0 0 0 0 0 0 0 0 0 0 0 0.294808 0.294808 -3.4201 0 0 0 0.845227 0 0 0 0.845227 0 0 0 0 0 0 0 0 0 0 0 0 0 0 0 0 0 0 0 0 0 0 0 0.845227 0 0 0 0 0 0 0 0 0 0 0 0 
0 0 0 0 0.294808 0 0 0 0 0 0 0 0 0 0 0 0.294808 0 0 0 -2.84355 0.563485 0.563485 0 0 0 0 0 0.563485 0 0 0 0 0 0 0 0 0 0 0 0 0 0 0 0 0 0 0 0 0 0 0 0.563485 0 0 0 0 0 0 0 0 0 0 0 
0 0 0 0 0 0.294808 0 0 0 0 0 0 0 0 0 0 0 0.294808 0 0 0.294808 -3.4201 0 0.845227 0 0 0 0 0 0.845227 0 0 0 0 0 0 0 0 0 0 0 0 0 0 0 0 0 0 0 0 0 0 0 0.845227 0 0 0 0 0 0 0 0 0 0 
0 0 0 0 0 0 0.294808 0 0 0 0 0 0 0 0 0 0 0 0.294808 0 0.294808 0 -3.4201 0.845227 0 0 0 0 0 0 0.845227 0 0 0 0 0 0 0 0 0 0 0 0 0 0 0 0 0 0 0 0 0 0 0 0.845227 0 0 0 0 0 0 0 0 0 
0 0 0 0 0 0 0 0.294808 0 0 0 0 0 0 0 0 0 0 0 0.294808 0 0.294808 0.294808 -3.43317 0 0 0 0 0 0 0 1.12697 0 0 0 0 0 0 0 0 0 0 0 0 0 0 0 0 0 0 0 0 0 0 0 1.12697 0 0 0 0 0 0 0 0 
0 0 0 0 0 0 0 0 0.294808 0 0 0 0 0 0 0 0.294808 0 0 0 0 0 0 0 -2.84355 0.563485 0.563485 0 0.563485 0 0 0 0 0 0 0 0 0 0 0 0 0 0 0 0 0 0 0 0 0 0 0 0 0 0 0 0.563485 0 0 0 0 0 0 0 
0 0 0 0 0 0 0 0 0 0.294808 0 0 0 0 0 0 0 0.294808 0 0 0 0 0 0 0.294808 -3.4201 0 0.845227 0 0.845227 0 0 0 0 0 0 0 0 0 0 0 0 0 0 0 0 0 0 0 0 0 0 0 0 0 0 0 0.845227 0 0 0 0 0 0 
0 0 0 0 0 0 0 0 0 0 0.294808 0 0 0 0 0 0 0 0.294808 0 0 0 0 0 0.294808 0 -3.4201 0.845227 0 0 0.845227 0 0 0 0 0 0 0 0 0 0 0 0 0 0 0 0 0 0 0 0 0 0 0 0 0 0 0 0.845227 0 0 0 0 0 
0 0 0 0 0 0 0 0 0 0 0 0.294808 0 0 0 0 0 0 0 0.294808 0 0 0 0 0 0.294808 0.294808 -3.43317 0 0 0 1.12697 0 0 0 0 0 0 0 0 0 0 0 0 0 0 0 0 0 0 0 0 0 0 0 0 0 0 0 1.12697 0 0 0 0 
0 0 0 0 0 0 0 0 0 0 0 0 0.294808 0 0 0 0 0 0 0 0.294808 0 0 0 0.294808 0 0 0 -3.4201 0.845227 0.845227 0 0 0 0 0 0 0 0 0 0 0 0 0 0 0 0 0 0 0 0 0 0 0 0 0 0 0 0 0 0.845227 0 0 0 
0 0 0 0 0 0 0 0 0 0 0 0 0 0.294808 0 0 0 0 0 0 0 0.294808 0 0 0 0.294808 0 0 0.294808 -3.43317 0 1.12697 0 0 0 0 0 0 0 0 0 0 0 0 0 0 0 0 0 0 0 0 0 0 0 0 0 0 0 0 0 1.12697 0 0 
0 0 0 0 0 0 0 0 0 0 0 0 0 0 0.294808 0 0 0 0 0 0 0 0.294808 0 0 0 0.294808 0 0.294808 0 -3.43317 1.12697 0 0 0 0 0 0 0 0 0 0 0 0 0 0 0 0 0 0 0 0 0 0 0 0 0 0 0 0 0 0 1.12697 0 
0 0 0 0 0 0 0 0 0 0 0 0 0 0 0 0.294808 0 0 0 0 0 0 0 0.294808 0 0 0 0.294808 0 0.294808 0.294808 -2.88275 0 0 0 0 0 0 0 0 0 0 0 0 0 0 0 0 0 0 0 0 0 0 0 0 0 0 0 0 0 0 0 1.40871 
0.294808 0 0 0 0 0 0 0 0 0 0 0 0 0 0 0 0 0 0 0 0 0 0 0 0 0 0 0 0 0 0 0 -1.70352 0.281742 0.281742 0 0.281742 0 0 0 0.281742 0 0 0 0 0 0 0 0.281742 0 0 0 0 0 0 0 0 0 0 0 0 0 0 0 
0 0.294808 0 0 0 0 0 0 0 0 0 0 0 0 0 0 0 0 0 0 0 0 0 0 0 0 0 0 0 0 0 0 0.294808 -2.84355 0 0.563485 0 0.563485 0 0 0 0.563485 0 0 0 0 0 0 0 0.563485 0 0 0 0 0 0 0 0 0 0 0 0 0 0 
0 0 0.294808 0 0 0 0 0 0 0 0 0 0 0 0 0 0 0 0 0 0 0 0 0 0 0 0 0 0 0 0 0 0.294808 0 -2.84355 0.563485 0 0 0.563485 0 0 0 0.563485 0 0 0 0 0 0 0 0.563485 0 0 0 0 0 0 0 0 0 0 0 0 0 
0 0 0 0.294808 0 0 0 0 0 0 0 0 0 0 0 0 0 0 0 0 0 0 0 0 0 0 0 0 0 0 0 0 0 0.294808 0.294808 -3.4201 0 0 0 0.845227 0 0 0 0.845227 0 0 0 0 0 0 0 0.845227 0 0 0 0 0 0 0 0 0 0 0 0 
0 0 0 0 0.294808 0 0 0 0 0 0 0 0 0 0 0 0 0 0 0 0 0 0 0 0 0 0 0 0 0 0 0 0.294808 0 0 0 -2.84355 0.563485 0.563485 0 0 0 0 0 0.563485 0 0 0 0 0 0 0 0.563485 0 0 0 0 0 0 0 0 0 0 0 
0 0 0 0 0 0.294808 0 0 0 0 0 0 0 0 0 0 0 0 0 0 0 0 0 0 0 0 0 0 0 0 0 0 0 0.294808 0 0 0.294808 -3.4201 0 0.845227 0 0 0 0 0 0.845227 0 0 0 0 0 0 0 0.845227 0 0 0 0 0 0 0 0 0 0 
0 0 0 0 0 0 0.294808 0 0 0 0 0 0 0 0 0 0 0 0 0 0 0 0 0 0 0 0 0 0 0 0 0 0 0 0.294808 0 0.294808 0 -3.4201 0.845227 0 0 0 0 0 0 0.845227 0 0 0 0 0 0 0 0.845227 0 0 0 0 0 0 0 0 0 
0 0 0 0 0 0 0 0.294808 0 0 0 0 0 0 0 0 0 0 0 0 0 0 0 0 0 0 0 0 0 0 0 0 0 0 0 0.294808 0 0.294808 0.294808 -3.43317 0 0 0 0 0 0 0 1.12697 0 0 0 0 0 0 0 1.12697 0 0 0 0 0 0 0 0 
0 0 0 0 0 0 0 0 0.294808 0 0 0 0 0 0 0 0 0 0 0 0 0 0 0 0 0 0 0 0 0 0 0 0.294808 0 0 0 0 0 0 0 -2.84355 0.563485 0.563485 0 0.563485 0 0 0 0 0 0 0 0 0 0 0 0.563485 0 0 0 0 0 0 0 
0 0 0 0 0 0 0 0 0 0.294808 0 0 0 0 0 0 0 0 0 0 0 0 0 0 0 0 0 0 0 0 0 0 0 0.294808 0 0 0 0 0 0 0.294808 -3.4201 0 0.845227 0 0.845227 0 0 0 0 0 0 0 0 0 0 0 0.845227 0 0 0 0 0 0 
0 0 0 0 0 0 0 0 0 0 0.294808 0 0 0 0 0 0 0 0 0 0 0 0 0 0 0 0 0 0 0 0 0 0 0 0.294808 0 0 0 0 0 0.294808 0 -3.4201 0.845227 0 0 0.845227 0 0 0 0 0 0 0 0 0 0 0 0.845227 0 0 0 0 0 
0 0 0 0 0 0 0 0 0 0 0 0.294808 0 0 0 0 0 0 0 0 0 0 0 0 0 0 0 0 0 0 0 0 0 0 0 0.294808 0 0 0 0 0 0.294808 0.294808 -3.43317 0 0 0 1.12697 0 0 0 0 0 0 0 0 0 0 0 1.12697 0 0 0 0 
0 0 0 0 0 0 0 0 0 0 0 0 0.294808 0 0 0 0 0 0 0 0 0 0 0 0 0 0 0 0 0 0 0 0 0 0 0 0.294808 0 0 0 0.294808 0 0 0 -3.4201 0.845227 0.845227 0 0 0 0 0 0 0 0 0 0 0 0 0 0.845227 0 0 0 
0 0 0 0 0 0 0 0 0 0 0 0 0 0.294808 0 0 0 0 0 0 0 0 0 0 0 0 0 0 0 0 0 0 0 0 0 0 0 0.294808 0 0 0 0.294808 0 0 0.294808 -3.43317 0 1.12697 0 0 0 0 0 0 0 0 0 0 0 0 0 1.12697 0 0 
0 0 0 0 0 0 0 0 0 0 0 0 0 0 0.294808 0 0 0 0 0 0 0 0 0 0 0 0 0 0 0 0 0 0 0 0 0 0 0 0.294808 0 0 0 0.294808 0 0.294808 0 -3.43317 1.12697 0 0 0 0 0 0 0 0 0 0 0 0 0 0 1.12697 0 
0 0 0 0 0 0 0 0 0 0 0 0 0 0 0 0.294808 0 0 0 0 0 0 0 0 0 0 0 0 0 0 0 0 0 0 0 0 0 0 0 0.294808 0 0 0 0.294808 0 0.294808 0.294808 -2.88275 0 0 0 0 0 0 0 0 0 0 0 0 0 0 0 1.40871 
0 0 0 0 0 0 0 0 0 0 0 0 0 0 0 0 0.294808 0 0 0 0 0 0 0 0 0 0 0 0 0 0 0 0.294808 0 0 0 0 0 0 0 0 0 0 0 0 0 0 0 -2.84355 0.563485 0.563485 0 0.563485 0 0 0 0.563485 0 0 0 0 0 0 0 
0 0 0 0 0 0 0 0 0 0 0 0 0 0 0 0 0 0.294808 0 0 0 0 0 0 0 0 0 0 0 0 0 0 0 0.294808 0 0 0 0 0 0 0 0 0 0 0 0 0 0 0.294808 -3.4201 0 0.845227 0 0.845227 0 0 0 0.845227 0 0 0 0 0 0 
0 0 0 0 0 0 0 0 0 0 0 0 0 0 0 0 0 0 0.294808 0 0 0 0 0 0 0 0 0 0 0 0 0 0 0 0.294808 0 0 0 0 0 0 0 0 0 0 0 0 0 0.294808 0 -3.4201 0.845227 0 0 0.845227 0 0 0 0.845227 0 0 0 0 0 
0 0 0 0 0 0 0 0 0 0 0 0 0 0 0 0 0 0 0 0.294808 0 0 0 0 0 0 0 0 0 0 0 0 0 0 0 0.294808 0 0 0 0 0 0 0 0 0 0 0 0 0 0.294808 0.294808 -3.43317 0 0 0 1.12697 0 0 0 1.12697 0 0 0 0 
0 0 0 0 0 0 0 0 0 0 0 0 0 0 0 0 0 0 0 0 0.294808 0 0 0 0 0 0 0 0 0 0 0 0 0 0 0 0.294808 0 0 0 0 0 0 0 0 0 0 0 0.294808 0 0 0 -3.4201 0.845227 0.845227 0 0 0 0 0 0.845227 0 0 0 
0 0 0 0 0 0 0 0 0 0 0 0 0 0 0 0 0 0 0 0 0 0.294808 0 0 0 0 0 0 0 0 0 0 0 0 0 0 0 0.294808 0 0 0 0 0 0 0 0 0 0 0 0.294808 0 0 0.294808 -3.43317 0 1.12697 0 0 0 0 0 1.12697 0 0 
0 0 0 0 0 0 0 0 0 0 0 0 0 0 0 0 0 0 0 0 0 0 0.294808 0 0 0 0 0 0 0 0 0 0 0 0 0 0 0 0.294808 0 0 0 0 0 0 0 0 0 0 0 0.294808 0 0.294808 0 -3.43317 1.12697 0 0 0 0 0 0 1.12697 0 
0 0 0 0 0 0 0 0 0 0 0 0 0 0 0 0 0 0 0 0 0 0 0 0.294808 0 0 0 0 0 0 0 0 0 0 0 0 0 0 0 0.294808 0 0 0 0 0 0 0 0 0 0 0 0.294808 0 0.294808 0.294808 -2.88275 0 0 0 0 0 0 0 1.40871 
0 0 0 0 0 0 0 0 0 0 0 0 0 0 0 0 0 0 0 0 0 0 0 0 0.294808 0 0 0 0 0 0 0 0 0 0 0 0 0 0 0 0.294808 0 0 0 0 0 0 0 0.294808 0 0 0 0 0 0 0 -3.4201 0.845227 0.845227 0 0.845227 0 0 0 
0 0 0 0 0 0 0 0 0 0 0 0 0 0 0 0 0 0 0 0 0 0 0 0 0 0.294808 0 0 0 0 0 0 0 0 0 0 0 0 0 0 0 0.294808 0 0 0 0 0 0 0 0.294808 0 0 0 0 0 0 0.294808 -3.43317 0 1.12697 0 1.12697 0 0 
0 0 0 0 0 0 0 0 0 0 0 0 0 0 0 0 0 0 0 0 0 0 0 0 0 0 0.294808 0 0 0 0 0 0 0 0 0 0 0 0 0 0 0 0.294808 0 0 0 0 0 0 0 0.294808 0 0 0 0 0 0.294808 0 -3.43317 1.12697 0 0 1.12697 0 
0 0 0 0 0 0 0 0 0 0 0 0 0 0 0 0 0 0 0 0 0 0 0 0 0 0 0 0.294808 0 0 0 0 0 0 0 0 0 0 0 0 0 0 0 0.294808 0 0 0 0 0 0 0 0.294808 0 0 0 0 0 0.294808 0.294808 -2.88275 0 0 0 1.40871 
0 0 0 0 0 0 0 0 0 0 0 0 0 0 0 0 0 0 0 0 0 0 0 0 0 0 0 0 0.294808 0 0 0 0 0 0 0 0 0 0 0 0 0 0 0 0.294808 0 0 0 0 0 0 0 0.294808 0 0 0 0.294808 0 0 0 -3.43317 1.12697 1.12697 0 
0 0 0 0 0 0 0 0 0 0 0 0 0 0 0 0 0 0 0 0 0 0 0 0 0 0 0 0 0 0.294808 0 0 0 0 0 0 0 0 0 0 0 0 0 0 0 0.294808 0 0 0 0 0 0 0 0.294808 0 0 0 0.294808 0 0 0.294808 -2.88275 0 1.40871 
0 0 0 0 0 0 0 0 0 0 0 0 0 0 0 0 0 0 0 0 0 0 0 0 0 0 0 0 0 0 0.294808 0 0 0 0 0 0 0 0 0 0 0 0 0 0 0 0.294808 0 0 0 0 0 0 0 0.294808 0 0 0 0.294808 0 0.294808 0 -2.88275 1.40871 
0 0 0 0 0 0 0 0 0 0 0 0 0 0 0 0 0 0 0 0 0 0 0 0 0 0 0 0 0 0 0 0.294808 0 0 0 0 0 0 0 0 0 0 0 0 0 0 0 0.294808 0 0 0 0 0 0 0 0.294808 0 0 0 0.294808 0 0.294808 0.294808 -1.76885 
