64
-0 0 0 0 0 0 0 0 0 0 0 0 0 0 0 0 0 0 0 0 0 0 0 0 0 0 0 0 0 0 0 0 0 0 0 0 0 0 0 0 0 0 0 0 0 0 0 0 0 0 0 0 0 0 0 0 0 0 0 0 0 0 0 0 
1.5464 -7.20284 0 1.13129 0 1.13129 0 0 0 1.13129 0 0 0 0 0 0 0 1.13129 0 0 0 0 0 0 0 0 0 0 0 0 0 0 0 1.13129 0 0 0 0 0 0 0 0 0 0 0 0 0 0 0 0 0 0 0 0 0 0 0 0 0 0 0 0 0 0 
1.5464 0 -7.20284 1.13129 0 0 1.13129 0 0 0 1.13129 0 0 0 0 0 0 0 1.13129 0 0 0 0 0 0 0 0 0 0 0 0 0 0 0 1.13129 0 0 0 0 0 0 0 0 0 0 0 0 0 0 0 0 0 0 0 0 0 0 0 0 0 0 0 0 0 
0 1.5464 1.5464 -12.1431 0 0 0 2.26258 0 0 0 2.26258 0 0 0 0 0 0 0 2.26258 0 0 0 0 0 0 0 0 0 0 0 0 0 0 0 2.26258 0 0 0 0 0 0 0 0 0 0 0 0 0 0 0 0 0 0 0 0 0 0 0 0 0 0 0 0 
1.5464 0 0 0 -7.20284 1.13129 1.13129 0 0 0 0 0 1.13129 0 0 0 0 0 0 0 1.13129 0 0 0 0 0 0 0 0 0 0 0 0 0 0 0 1.13129 0 0 0 0 0 0 0 0 0 0 0 0 0 0 0 0 0 0 0 0 0 0 0 0 0 0 0 
0 1.5464 0 0 1.5464 -12.1431 0 2.26258 0 0 0 0 0 2.26258 0 0 0 0 0 0 0 2.26258 0 0 0 0 0 0 0 0 0 0 0 0 0 0 0 2.26258 0 0 0 0 0 0 0 0 0 0 0 0 0 0 0 0 0 0 0 0 0 0 0 0 0 0 
0 0 1.5464 0 1.5464 0 -12.1431 2.26258 0 0 0 0 0 0 2.26258 0 0 0 0 0 0 0 2.26258 0 0 0 0 0 0 0 0 0 0 0 0 0 0 0 2.26258 0 0 0 0 0 0 0 0 0 0 0 0 0 0 0 0 0 0 0 0 0 0 0 0 0 
0 0 0 1.5464 0 1.5464 1.5464 -14.8208 0 0 0 0 0 0 0 3.39387 0 0 0 0 0 0 0 3.39387 0 0 0 0 0 0 0 0 0 0 0 0 0 0 0 3.39387 0 0 0 0 0 0 0 0 0 0 0 0 0 0 0 0 0 0 0 0 0 0 0 0 
1.5464 0 0 0 0 0 0 0 -7.20284 1.13129 1.13129 0 1.13129 0 0 0 0 0 0 0 0 0 0 0 1.13129 0 0 0 0 0 0 0 0 0 0 0 0 0 0 0 1.13129 0 0 0 0 0 0 0 0 0 0 0 0 0 0 0 0 0 0 0 0 0 0 0 
0 1.5464 0 0 0 0 0 0 1.5464 -12.1431 0 2.26258 0 2.26258 0 0 0 0 0 0 0 0 0 0 0 2.26258 0 0 0 0 0 0 0 0 0 0 0 0 0 0 0 2.26258 0 0 0 0 0 0 0 0 0 0 0 0 0 0 0 0 0 0 0 0 0 0 
0 0 1.5464 0 0 0 0 0 1.5464 0 -12.1431 2.26258 0 0 2.26258 0 0 0 0 0 0 0 0 0 0 0 2.26258 0 0 0 0 0 0 0 0 0 0 0 0 0 0 0 2.26258 0 0 0 0 0 0 0 0 0 0 0 0 0 0 0 0 0 0 0 0 0 
0 0 0 1.5464 0 0 0 0 0 1.5464 1.5464 -14.8208 0 0 0 3.39387 0 0 0 0 0 0 0 0 0 0 0 3.39387 0 0 0 0 0 0 0 0 0 0 0 0 0 0 0 3.39387 0 0 0 0 0 0 0 0 0 0 0 0 0 0 0 0 0 0 0 0 
0 0 0 0 1.5464 0 0 0 1.5464 0 0 0 -12.1431 2.26258 2.26258 0 0 0 0 0 0 0 0 0 0 0 0 0 2.26258 0 0 0 0 0 0 0 0 0 0 0 0 0 0 0 2.26258 0 0 0 0 0 0 0 0 0 0 0 0 0 0 0 0 0 0 0 
0 0 0 0 0 1.5464 0 0 0 1.5464 0 0 1.5464 -14.8208 0 3.39387 0 0 0 0 0 0 0 0 0 0 0 0 0 3.39387 0 0 0 0 0 0 0 0 0 0 0 0 0 0 0 3.39387 0 0 0 0 0 0 0 0 0 0 0 0 0 0 0 0 0 0 
0 0 0 0 0 0 1.5464 0 0 0 1.5464 0 1.5464 0 -14.8208 3.39387 0 0 0 0 0 0 0 0 0 0 0 0 0 0 3.39387 0 0 0 0 0 0 0 0 0 0 0 0 0 0 0 3.39387 0 0 0 0 0 0 0 0 0 0 0 0 0 0 0 0 0 
0 0 0 0 0 0 0 1.5464 0 0 0 1.5464 0 1.5464 1.5464 -15.2359 0 0 0 0 0 0 0 0 0 0 0 0 0 0 0 4.52515 0 0 0 0 0 0 0 0 0 0 0 0 0 0 0 4.52515 0 0 0 0 0 0 0 0 0 0 0 0 0 0 0 0 
1.5464 0 0 0 0 0 0 0 0 0 0 0 0 0 0 0 -7.20284 1.13129 1.13129 0 1.13129 0 0 0 1.13129 0 0 0 0 0 0 0 0 0 0 0 0 0 0 0 0 0 0 0 0 0 0 0 1.13129 0 0 0 0 0 0 0 0 0 0 0 0 0 0 0 
0 1.5464 0 0 0 0 0 0 0 0 0 0 0 0 0 0 1.5464 -12.1431 0 2.26258 0 2.26258 0 0 0 2.26258 0 0 0 0 0 0 0 0 0 0 0 0 0 0 0 0 0 0 0 0 0 0 0 2.26258 0 0 0 0 0 0 0 0 0 0 0 0 0 0 
0 0 1.5464 0 0 0 0 0 0 0 0 0 0 0 0 0 1.5464 0 -12.1431 2.26258 0 0 2.26258 0 0 0 2.26258 0 0 0 0 0 0 0 0 0 0 0 0 0 0 0 0 0 0 0 0 0 0 0 2.26258 0 0 0 0 0 0 0 0 0 0 0 0 0 
0 0 0 1.5464 0 0 0 0 0 0 0 0 0 0 0 0 0 1.5464 1.5464 -14.8208 0 0 0 3.39387 0 0 0 3.39387 0 0 0 0 0 0 0 0 0 0 0 0 0 0 0 0 0 0 0 0 0 0 0 3.39387 0 0 0 0 0 0 0 0 0 0 0 0 
0 0 0 0 1.5464 0 0 0 0 0 0 0 0 0 0 0 1.5464 0 0 0 -12.1431 2.26258 2.26258 0 0 0 0 0 2.26258 0 0 0 0 0 0 0 0 0 0 0 0 0 0 0 0 0 0 0 0 0 0 0 2.26258 0 0 0 0 0 0 0 0 0 0 0 
0 0 0 0 0 1.5464 0 0 0 0 0 0 0 0 0 0 0 1.5464 0 0 1.5464 -14.8208 0 3.39387 0 0 0 0 0 3.39387 0 0 0 0 0 0 0 0 0 0 0 0 0 0 0 0 0 0 0 0 0 0 0 3.39387 0 0 0 0 0 0 0 0 0 0 
0 0 0 0 0 0 1.5464 0 0 0 0 0 0 0 0 0 0 0 1.5464 0 1.5464 0 -14.8208 3.39387 0 0 0 0 0 0 3.39387 0 0 0 0 0 0 0 0 0 0 0 0 0 0 0 0 0 0 0 0 0 0 0 3.39387 0 0 0 0 0 0 0 0 0 
0 0 0 0 0 0 0 1.5464 0 0 0 0 0 0 0 0 0 0 0 1.5464 0 1.5464 1.5464 -15.2359 0 0 0 0 0 0 0 4.52515 0 0 0 0 0 0 0 0 0 0 0 0 0 0 0 0 0 0 0 0 0 0 0 4.52515 0 0 0 0 0 0 0 0 
0 0 0 0 0 0 0 0 1.5464 0 0 0 0 0 0 0 1.5464 0 0 0 0 0 0 0 -12.1431 2.26258 2.26258 0 2.26258 0 0 0 0 0 0 0 0 0 0 0 0 0 0 0 0 0 0 0 0 0 0 0 0 0 0 0 2.26258 0 0 0 0 0 0 0 
0 0 0 0 0 0 0 0 0 1.5464 0 0 0 0 0 0 0 1.5464 0 0 0 0 0 0 1.5464 -14.8208 0 3.39387 0 3.39387 0 0 0 0 0 0 0 0 0 0 0 0 0 0 0 0 0 0 0 0 0 0 0 0 0 0 0 3.39387 0 0 0 0 0 0 
0 0 0 0 0 0 0 0 0 0 1.5464 0 0 0 0 0 0 0 1.5464 0 0 0 0 0 1.5464 0 -14.8208 3.39387 0 0 3.39387 0 0 0 0 0 0 0 0 0 0 0 0 0 0 0 0 0 0 0 0 0 0 0 0 0 0 0 3.39387 0 0 0 0 0 
0 0 0 0 0 0 0 0 0 0 0 1.5464 0 0 0 0 0 0 0 1.5464 0 0 0 0 0 1.5464 1.5464 -15.2359 0 0 0 4.52515 0 0 0 0 0 0 0 0 0 0 0 0 0 0 0 0 0 0 0 0 0 0 0 0 0 0 0 4.52515 0 0 0 0 
0 0 0 0 0 0 0 0 0 0 0 0 1.5464 0 0 0 0 0 0 0 1.5464 0 0 0 1.5464 0 0 0 -14.8208 3.39387 3.39387 0 0 0 0 0 0 0 0 0 0 0 0 0 0 0 0 0 0 0 0 0 0 0 0 0 0 0 0 0 3.39387 0 0 0 
0 0 0 0 0 0 0 0 0 0 0 0 0 1.5464 0 0 0 0 0 0 0 1.5464 0 0 0 1.5464 0 0 1.5464 -15.2359 0 4.52515 0 0 0 0 0 0 0 0 0 0 0 0 0 0 0 0 0 0 0 0 0 0 0 0 0 0 0 0 0 4.52515 0 0 
0 0 0 0 0 0 0 0 0 0 0 0 0 0 1.5464 0 0 0 0 0 0 0 1.5464 0 0 0 1.5464 0 1.5464 0 -15.2359 4.52515 0 0 0 0 0 0 0 0 0 0 0 0 0 0 0 0 0 0 0 0 0 0 0 0 0 0 0 0 0 0 4.52515 0 
0 0 0 0 0 0 0 0 0 0 0 0 0 0 0 1.5464 0 0 0 0 0 0 0 1.5464 0 0 0 1.5464 0 1.5464 1.5464 -13.3884 0 0 0 0 0 0 0 0 0 0 0 0 0 0 0 0 0 0 0 0 0 0 0 0 0 0 0 0 0 0 0 5.65644 
1.5464 0 0 0 0 0 0 0 0 0 0 0 0 0 0 0 0 0 0 0 0 0 0 0 0 0 0 0 0 0 0 0 -7.20284 1.13129 1.13129 0 1.13129 0 0 0 1.13129 0 0 0 0 0 0 0 1.13129 0 0 0 0 0 0 0 0 0 0 0 0 0 0 0 
0 1.5464 0 0 0 0 0 0 0 0 0 0 0 0 0 0 0 0 0 0 0 0 0 0 0 0 0 0 0 0 0 0 1.5464 -12.1431 0 2.26258 0 2.26258 0 0 0 2.26258 0 0 0 0 0 0 0 2.26258 0 0 0 0 0 0 0 0 0 0 0 0 0 0 
0 0 1.5464 0 0 0 0 0 0 0 0 0 0 0 0 0 0 0 0 0 0 0 0 0 0 0 0 0 0 0 0 0 1.5464 0 -12.1431 2.26258 0 0 2.26258 0 0 0 2.26258 0 0 0 0 0 0 0 2.26258 0 0 0 0 0 0 0 0 0 0 0 0 0 
0 0 0 1.5464 0 0 0 0 0 0 0 0 0 0 0 0 0 0 0 0 0 0 0 0 0 0 0 0 0 0 0 0 0 1.5464 1.5464 -14.8208 0 0 0 3.39387 0 0 0 3.39387 0 0 0 0 0 0 0 3.39387 0 0 0 0 0 0 0 0 0 0 0 0 
0 0 0 0 1.5464 0 0 0 0 0 0 0 0 0 0 0 0 0 0 0 0 0 0 0 0 0 0 0 0 0 0 0 1.5464 0 0 0 -12.1431 2.26258 2.26258 0 0 0 0 0 2.26258 0 0 0 0 0 0 0 2.26258 0 0 0 0 0 0 0 0 0 0 0 
0 0 0 0 0 1.5464 0 0 0 0 0 0 0 0 0 0 0 0 0 0 0 0 0 0 0 0 0 0 0 0 0 0 0 1.5464 0 0 1.5464 -14.8208 0 3.39387 0 0 0 0 0 3.39387 0 0 0 0 0 0 0 3.39387 0 0 0 0 0 0 0 0 0 0 
0 0 0 0 0 0 1.5464 0 0 0 0 0 0 0 0 0 0 0 0 0 0 0 0 0 0 0 0 0 0 0 0 0 0 0 1.5464 0 1.5464 0 -14.8208 3.39387 0 0 0 0 0 0 3.39387 0 0 0 0 0 0 0 3.39387 0 0 0 0 0 0 0 0 0 
0 0 0 0 0 0 0 1.5464 0 0 0 0 0 0 0 0 0 0 0 0 0 0 0 0 0 0 0 0 0 0 0 0 0 0 0 1.5464 0 1.5464 1.5464 -15.2359 0 0 0 0 0 0 0 4.52515 0 0 0 0 0 0 0 4.52515 0 0 0 0 0 0 0 0 
0 0 0 0 0 0 0 0 1.5464 0 0 0 0 0 0 0 0 0 0 0 0 0 0 0 0 0 0 0 0 0 0 0 1.5464 0 0 0 0 0 0 0 -12.1431 2.26258 2.26258 0 2.26258 0 0 0 0 0 0 0 0 0 0 0 2.26258 0 0 0 0 0 0 0 
0 0 0 0 0 0 0 0 0 1.5464 0 0 0 0 0 0 0 0 0 0 0 0 0 0 0 0 0 0 0 0 0 0 0 1.5464 0 0 0 0 0 0 1.5464 -14.8208 0 3.39387 0 3.39387 0 0 0 0 0 0 0 0 0 0 0 3.39387 0 0 0 0 0 0 
0 0 0 0 0 0 0 0 0 0 1.5464 0 0 0 0 0 0 0 0 0 0 0 0 0 0 0 0 0 0 0 0 0 0 0 1.5464 0 0 0 0 0 1.5464 0 -14.8208 3.39387 0 0 3.39387 0 0 0 0 0 0 0 0 0 0 0 3.39387 0 0 0 0 0 
0 0 0 0 0 0 0 0 0 0 0 1.5464 0 0 0 0 0 0 0 0 0 0 0 0 0 0 0 0 0 0 0 0 0 0 0 1.5464 0 0 0 0 0 1.5464 1.5464 -15.2359 0 0 0 4.52515 0 0 0 0 0 0 0 0 0 0 0 4.52515 0 0 0 0 
0 0 0 0 0 0 0 0 0 0 0 0 1.5464 0 0 0 0 0 0 0 0 0 0 0 0 0 0 0 0 0 0 0 0 0 0 0 1.5464 0 0 0 1.5464 0 0 0 -14.8208 3.39387 3.39387 0 0 0 0 0 0 0 0 0 0 0 0 0 3.39387 0 0 0 
0 0 0 0 0 0 0 0 0 0 0 0 0 1.5464 0 0 0 0 0 0 0 0 0 0 0 0 0 0 0 0 0 0 0 0 0 0 0 1.5464 0 0 0 1.5464 0 0 1.5464 -15.2359 0 4.52515 0 0 0 0 0 0 0 0 0 0 0 0 0 4.52515 0 0 
0 0 0 0 0 0 0 0 0 0 0 0 0 0 1.5464 0 0 0 0 0 0 0 0 0 0 0 0 0 0 0 0 0 0 0 0 0 0 0 1.5464 0 0 0 1.5464 0 1.5464 0 -15.2359 4.52515 0 0 0 0 0 0 0 0 0 0 0 0 0 0 4.52515 0 
0 0 0 0 0 0 0 0 0 0 0 0 0 0 0 1.5464 0 0 0 0 0 0 0 0 0 0 0 0 0 0 0 0 0 0 0 0 0 0 0 1.5464 0 0 0 1.5464 0 1.5464 1.5464 -13.3884 0 0 0 0 0 0 0 0 0 0 0 0 0 0 0 5.65644 
0 0 0 0 0 0 0 0 0 0 0 0 0 0 0 0 1.5464 0 0 0 0 0 0 0 0 0 0 0 0 0 0 0 1.5464 0 0 0 0 0 0 0 0 0 0 0 0 0 0 0 -12.1431 2.26258 2.26258 0 2.26258 0 0 0 2.26258 0 0 0 0 0 0 0 
0 0 0 0 0 0 0 0 0 0 0 0 0 0 0 0 0 1.5464 0 0 0 0 0 0 0 0 0 0 0 0 0 0 0 1.5464 0 0 0 0 0 0 0 0 0 0 0 0 0 0 1.5464 -14.8208 0 3.39387 0 3.39387 0 0 0 3.39387 0 0 0 0 0 0 
0 0 0 0 0 0 0 0 0 0 0 0 0 0 0 0 0 0 1.5464 0 0 0 0 0 0 0 0 0 0 0 0 0 0 0 1.5464 0 0 0 0 0 0 0 0 0 0 0 0 0 1.5464 0 -14.8208 3.39387 0 0 3.39387 0 0 0 3.39387 0 0 0 0 0 
0 0 0 0 0 0 0 0 0 0 0 0 0 0 0 0 0 0 0 1.5464 0 0 0 0 0 0 0 0 0 0 0 0 0 0 0 1.5464 0 0 0 0 0 0 0 0 0 0 0 0 0 1.5464 1.5464 -15.2359 0 0 0 4.52515 0 0 0 4.52515 0 0 0 0 
0 0 0 0 0 0 0 0 0 0 0 0 0 0 0 0 0 0 0 0 1.5464 0 0 0 0 0 0 0 0 0 0 0 0 0 0 0 1.5464 0 0 0 0 0 0 0 0 0 0 0 1.5464 0 0 0 -14.8208 3.39387 3.39387 0 0 0 0 0 3.39387 0 0 0 
0 0 0 0 0 0 0 0 0 0 0 0 0 0 0 0 0 0 0 0 0 1.5464 0 0 0 0 0 0 0 0 0 0 0 0 0 0 0 1.5464 0 0 0 0 0 0 0 0 0 0 0 1.5464 0 0 1.5464 -15.2359 0 4.52515 0 0 0 0 0 4.52515 0 0 
0 0 0 0 0 0 0 0 0 0 0 0 0 0 0 0 0 0 0 0 0 0 1.5464 0 0 0 0 0 0 0 0 0 0 0 0 0 0 0 1.5464 0 0 0 0 0 0 0 0 0 0 0 1.5464 0 1.5464 0 -15.2359 4.52515 0 0 0 0 0 0 4.52515 0 
0 0 0 0 0 0 0 0 0 0 0 0 0 0 0 0 0 0 0 0 0 0 0 1.5464 0 0 0 0 0 0 0 0 0 0 0 0 0 0 0 1.5464 0 0 0 0 0 0 0 0 0 0 0 1.5464 0 1.5464 1.5464 -13.3884 0 0 0 0 0 0 0 5.65644 
0 0 0 0 0 0 0 0 0 0 0 0 0 0 0 0 0 0 0 0 0 0 0 0 1.5464 0 0 0 0 0 0 0 0 0 0 0 0 0 0 0 1.5464 0 0 0 0 0 0 0 1.5464 0 0 0 0 0 0 0 -14.8208 3.39387 3.39387 0 3.39387 0 0 0 
0 0 0 0 0 0 0 0 0 0 0 0 0 0 0 0 0 0 0 0 0 0 0 0 0 1.5464 0 0 0 0 0 0 0 0 0 0 0 0 0 0 0 1.5464 0 0 0 0 0 0 0 1.5464 0 0 0 0 0 0 1.5464 -15.2359 0 4.52515 0 4.52515 0 0 
0 0 0 0 0 0 0 0 0 0 0 0 0 0 0 0 0 0 0 0 0 0 0 0 0 0 1.5464 0 0 0 0 0 0 0 0 0 0 0 0 0 0 0 1.5464 0 0 0 0 0 0 0 1.5464 0 0 0 0 0 1.5464 0 -15.2359 4.52515 0 0 4.52515 0 
0 0 0 0 0 0 0 0 0 0 0 0 0 0 0 0 0 0 0 0 0 0 0 0 0 0 0 1.5464 0 0 0 0 0 0 0 0 0 0 0 0 0 0 0 1.5464 0 0 0 0 0 0 0 1.5464 0 0 0 0 0 1.5464 1.5464 -13.3884 0 0 0 5.65644 
0 0 0 0 0 0 0 0 0 0 0 0 0 0 0 0 0 0 0 0 0 0 0 0 0 0 0 0 1.5464 0 0 0 0 0 0 0 0 0 0 0 0 0 0 0 1.5464 0 0 0 0 0 0 0 1.5464 0 0 0 1.5464 0 0 0 -15.2359 4.52515 4.52515 0 
0 0 0 0 0 0 0 0 0 0 0 0 0 0 0 0 0 0 0 0 0 0 0 0 0 0 0 0 0 1.5464 0 0 0 0 0 0 0 0 0 0 0 0 0 0 0 1.5464 0 0 0 0 0 0 0 1.5464 0 0 0 1.5464 0 0 1.5464 -13.3884 0 5.65644 
0 0 0 0 0 0 0 0 0 0 0 0 0 0 0 0 0 0 0 0 0 0 0 0 0 0 0 0 0 0 1.5464 0 0 0 0 0 0 0 0 0 0 0 0 0 0 0 1.5464 0 0 0 0 0 0 0 1.5464 0 0 0 1.5464 0 1.5464 0 -13.3884 5.65644 
0 0 0 0 0 0 0 0 0 0 0 0 0 0 0 0 0 0 0 0 0 0 0 0 0 0 0 0 0 0 0 1.5464 0 0 0 0 0 0 0 0 0 0 0 0 0 0 0 1.5464 0 0 0 0 0 0 0 1.5464 0 0 0 1.5464 0 1.5464 1.5464 -9.27837 
