64
-0 0 0 0 0 0 0 0 0 0 0 0 0 0 0 0 0 0 0 0 0 0 0 0 0 0 0 0 0 0 0 0 0 0 0 0 0 0 0 0 0 0 0 0 0 0 0 0 0 0 0 0 0 0 0 0 0 0 0 0 0 0 0 0 
0.574771 -2.89409 0 0.463864 0 0.463864 0 0 0 0.463864 0 0 0 0 0 0 0 0.463864 0 0 0 0 0 0 0 0 0 0 0 0 0 0 0 0.463864 0 0 0 0 0 0 0 0 0 0 0 0 0 0 0 0 0 0 0 0 0 0 0 0 0 0 0 0 0 0 
0.574771 0 -2.89409 0.463864 0 0 0.463864 0 0 0 0.463864 0 0 0 0 0 0 0 0.463864 0 0 0 0 0 0 0 0 0 0 0 0 0 0 0 0.463864 0 0 0 0 0 0 0 0 0 0 0 0 0 0 0 0 0 0 0 0 0 0 0 0 0 0 0 0 0 
0 0.574771 0.574771 -4.86045 0 0 0 0.927728 0 0 0 0.927728 0 0 0 0 0 0 0 0.927728 0 0 0 0 0 0 0 0 0 0 0 0 0 0 0 0.927728 0 0 0 0 0 0 0 0 0 0 0 0 0 0 0 0 0 0 0 0 0 0 0 0 0 0 0 0 
0.574771 0 0 0 -2.89409 0.463864 0.463864 0 0 0 0 0 0.463864 0 0 0 0 0 0 0 0.463864 0 0 0 0 0 0 0 0 0 0 0 0 0 0 0 0.463864 0 0 0 0 0 0 0 0 0 0 0 0 0 0 0 0 0 0 0 0 0 0 0 0 0 0 0 
0 0.574771 0 0 0.574771 -4.86045 0 0.927728 0 0 0 0 0 0.927728 0 0 0 0 0 0 0 0.927728 0 0 0 0 0 0 0 0 0 0 0 0 0 0 0 0.927728 0 0 0 0 0 0 0 0 0 0 0 0 0 0 0 0 0 0 0 0 0 0 0 0 0 0 
0 0 0.574771 0 0.574771 0 -4.86045 0.927728 0 0 0 0 0 0 0.927728 0 0 0 0 0 0 0 0.927728 0 0 0 0 0 0 0 0 0 0 0 0 0 0 0 0.927728 0 0 0 0 0 0 0 0 0 0 0 0 0 0 0 0 0 0 0 0 0 0 0 0 0 
0 0 0 0.574771 0 0.574771 0.574771 -5.89909 0 0 0 0 0 0 0 1.39159 0 0 0 0 0 0 0 1.39159 0 0 0 0 0 0 0 0 0 0 0 0 0 0 0 1.39159 0 0 0 0 0 0 0 0 0 0 0 0 0 0 0 0 0 0 0 0 0 0 0 0 
0.574771 0 0 0 0 0 0 0 -2.89409 0.463864 0.463864 0 0.463864 0 0 0 0 0 0 0 0 0 0 0 0.463864 0 0 0 0 0 0 0 0 0 0 0 0 0 0 0 0.463864 0 0 0 0 0 0 0 0 0 0 0 0 0 0 0 0 0 0 0 0 0 0 0 
0 0.574771 0 0 0 0 0 0 0.574771 -4.86045 0 0.927728 0 0.927728 0 0 0 0 0 0 0 0 0 0 0 0.927728 0 0 0 0 0 0 0 0 0 0 0 0 0 0 0 0.927728 0 0 0 0 0 0 0 0 0 0 0 0 0 0 0 0 0 0 0 0 0 0 
0 0 0.574771 0 0 0 0 0 0.574771 0 -4.86045 0.927728 0 0 0.927728 0 0 0 0 0 0 0 0 0 0 0 0.927728 0 0 0 0 0 0 0 0 0 0 0 0 0 0 0 0.927728 0 0 0 0 0 0 0 0 0 0 0 0 0 0 0 0 0 0 0 0 0 
0 0 0 0.574771 0 0 0 0 0 0.574771 0.574771 -5.89909 0 0 0 1.39159 0 0 0 0 0 0 0 0 0 0 0 1.39159 0 0 0 0 0 0 0 0 0 0 0 0 0 0 0 1.39159 0 0 0 0 0 0 0 0 0 0 0 0 0 0 0 0 0 0 0 0 
0 0 0 0 0.574771 0 0 0 0.574771 0 0 0 -4.86045 0.927728 0.927728 0 0 0 0 0 0 0 0 0 0 0 0 0 0.927728 0 0 0 0 0 0 0 0 0 0 0 0 0 0 0 0.927728 0 0 0 0 0 0 0 0 0 0 0 0 0 0 0 0 0 0 0 
0 0 0 0 0 0.574771 0 0 0 0.574771 0 0 0.574771 -5.89909 0 1.39159 0 0 0 0 0 0 0 0 0 0 0 0 0 1.39159 0 0 0 0 0 0 0 0 0 0 0 0 0 0 0 1.39159 0 0 0 0 0 0 0 0 0 0 0 0 0 0 0 0 0 0 
0 0 0 0 0 0 0.574771 0 0 0 0.574771 0 0.574771 0 -5.89909 1.39159 0 0 0 0 0 0 0 0 0 0 0 0 0 0 1.39159 0 0 0 0 0 0 0 0 0 0 0 0 0 0 0 1.39159 0 0 0 0 0 0 0 0 0 0 0 0 0 0 0 0 0 
0 0 0 0 0 0 0 0.574771 0 0 0 0.574771 0 0.574771 0.574771 -6.01 0 0 0 0 0 0 0 0 0 0 0 0 0 0 0 1.85546 0 0 0 0 0 0 0 0 0 0 0 0 0 0 0 1.85546 0 0 0 0 0 0 0 0 0 0 0 0 0 0 0 0 
0.574771 0 0 0 0 0 0 0 0 0 0 0 0 0 0 0 -2.89409 0.463864 0.463864 0 0.463864 0 0 0 0.463864 0 0 0 0 0 0 0 0 0 0 0 0 0 0 0 0 0 0 0 0 0 0 0 0.463864 0 0 0 0 0 0 0 0 0 0 0 0 0 0 0 
0 0.574771 0 0 0 0 0 0 0 0 0 0 0 0 0 0 0.574771 -4.86045 0 0.927728 0 0.927728 0 0 0 0.927728 0 0 0 0 0 0 0 0 0 0 0 0 0 0 0 0 0 0 0 0 0 0 0 0.927728 0 0 0 0 0 0 0 0 0 0 0 0 0 0 
0 0 0.574771 0 0 0 0 0 0 0 0 0 0 0 0 0 0.574771 0 -4.86045 0.927728 0 0 0.927728 0 0 0 0.927728 0 0 0 0 0 0 0 0 0 0 0 0 0 0 0 0 0 0 0 0 0 0 0 0.927728 0 0 0 0 0 0 0 0 0 0 0 0 0 
0 0 0 0.574771 0 0 0 0 0 0 0 0 0 0 0 0 0 0.574771 0.574771 -5.89909 0 0 0 1.39159 0 0 0 1.39159 0 0 0 0 0 0 0 0 0 0 0 0 0 0 0 0 0 0 0 0 0 0 0 1.39159 0 0 0 0 0 0 0 0 0 0 0 0 
0 0 0 0 0.574771 0 0 0 0 0 0 0 0 0 0 0 0.574771 0 0 0 -4.86045 0.927728 0.927728 0 0 0 0 0 0.927728 0 0 0 0 0 0 0 0 0 0 0 0 0 0 0 0 0 0 0 0 0 0 0 0.927728 0 0 0 0 0 0 0 0 0 0 0 
0 0 0 0 0 0.574771 0 0 0 0 0 0 0 0 0 0 0 0.574771 0 0 0.574771 -5.89909 0 1.39159 0 0 0 0 0 1.39159 0 0 0 0 0 0 0 0 0 0 0 0 0 0 0 0 0 0 0 0 0 0 0 1.39159 0 0 0 0 0 0 0 0 0 0 
0 0 0 0 0 0 0.574771 0 0 0 0 0 0 0 0 0 0 0 0.574771 0 0.574771 0 -5.89909 1.39159 0 0 0 0 0 0 1.39159 0 0 0 0 0 0 0 0 0 0 0 0 0 0 0 0 0 0 0 0 0 0 0 1.39159 0 0 0 0 0 0 0 0 0 
0 0 0 0 0 0 0 0.574771 0 0 0 0 0 0 0 0 0 0 0 0.574771 0 0.574771 0.574771 -6.01 0 0 0 0 0 0 0 1.85546 0 0 0 0 0 0 0 0 0 0 0 0 0 0 0 0 0 0 0 0 0 0 0 1.85546 0 0 0 0 0 0 0 0 
0 0 0 0 0 0 0 0 0.574771 0 0 0 0 0 0 0 0.574771 0 0 0 0 0 0 0 -4.86045 0.927728 0.927728 0 0.927728 0 0 0 0 0 0 0 0 0 0 0 0 0 0 0 0 0 0 0 0 0 0 0 0 0 0 0 0.927728 0 0 0 0 0 0 0 
0 0 0 0 0 0 0 0 0 0.574771 0 0 0 0 0 0 0 0.574771 0 0 0 0 0 0 0.574771 -5.89909 0 1.39159 0 1.39159 0 0 0 0 0 0 0 0 0 0 0 0 0 0 0 0 0 0 0 0 0 0 0 0 0 0 0 1.39159 0 0 0 0 0 0 
0 0 0 0 0 0 0 0 0 0 0.574771 0 0 0 0 0 0 0 0.574771 0 0 0 0 0 0.574771 0 -5.89909 1.39159 0 0 1.39159 0 0 0 0 0 0 0 0 0 0 0 0 0 0 0 0 0 0 0 0 0 0 0 0 0 0 0 1.39159 0 0 0 0 0 
0 0 0 0 0 0 0 0 0 0 0 0.574771 0 0 0 0 0 0 0 0.574771 0 0 0 0 0 0.574771 0.574771 -6.01 0 0 0 1.85546 0 0 0 0 0 0 0 0 0 0 0 0 0 0 0 0 0 0 0 0 0 0 0 0 0 0 0 1.85546 0 0 0 0 
0 0 0 0 0 0 0 0 0 0 0 0 0.574771 0 0 0 0 0 0 0 0.574771 0 0 0 0.574771 0 0 0 -5.89909 1.39159 1.39159 0 0 0 0 0 0 0 0 0 0 0 0 0 0 0 0 0 0 0 0 0 0 0 0 0 0 0 0 0 1.39159 0 0 0 
0 0 0 0 0 0 0 0 0 0 0 0 0 0.574771 0 0 0 0 0 0 0 0.574771 0 0 0 0.574771 0 0 0.574771 -6.01 0 1.85546 0 0 0 0 0 0 0 0 0 0 0 0 0 0 0 0 0 0 0 0 0 0 0 0 0 0 0 0 0 1.85546 0 0 
0 0 0 0 0 0 0 0 0 0 0 0 0 0 0.574771 0 0 0 0 0 0 0 0.574771 0 0 0 0.574771 0 0.574771 0 -6.01 1.85546 0 0 0 0 0 0 0 0 0 0 0 0 0 0 0 0 0 0 0 0 0 0 0 0 0 0 0 0 0 0 1.85546 0 
0 0 0 0 0 0 0 0 0 0 0 0 0 0 0 0.574771 0 0 0 0 0 0 0 0.574771 0 0 0 0.574771 0 0.574771 0.574771 -5.19318 0 0 0 0 0 0 0 0 0 0 0 0 0 0 0 0 0 0 0 0 0 0 0 0 0 0 0 0 0 0 0 2.31932 
0.574771 0 0 0 0 0 0 0 0 0 0 0 0 0 0 0 0 0 0 0 0 0 0 0 0 0 0 0 0 0 0 0 -2.89409 0.463864 0.463864 0 0.463864 0 0 0 0.463864 0 0 0 0 0 0 0 0.463864 0 0 0 0 0 0 0 0 0 0 0 0 0 0 0 
0 0.574771 0 0 0 0 0 0 0 0 0 0 0 0 0 0 0 0 0 0 0 0 0 0 0 0 0 0 0 0 0 0 0.574771 -4.86045 0 0.927728 0 0.927728 0 0 0 0.927728 0 0 0 0 0 0 0 0.927728 0 0 0 0 0 0 0 0 0 0 0 0 0 0 
0 0 0.574771 0 0 0 0 0 0 0 0 0 0 0 0 0 0 0 0 0 0 0 0 0 0 0 0 0 0 0 0 0 0.574771 0 -4.86045 0.927728 0 0 0.927728 0 0 0 0.927728 0 0 0 0 0 0 0 0.927728 0 0 0 0 0 0 0 0 0 0 0 0 0 
0 0 0 0.574771 0 0 0 0 0 0 0 0 0 0 0 0 0 0 0 0 0 0 0 0 0 0 0 0 0 0 0 0 0 0.574771 0.574771 -5.89909 0 0 0 1.39159 0 0 0 1.39159 0 0 0 0 0 0 0 1.39159 0 0 0 0 0 0 0 0 0 0 0 0 
0 0 0 0 0.574771 0 0 0 0 0 0 0 0 0 0 0 0 0 0 0 0 0 0 0 0 0 0 0 0 0 0 0 0.574771 0 0 0 -4.86045 0.927728 0.927728 0 0 0 0 0 0.927728 0 0 0 0 0 0 0 0.927728 0 0 0 0 0 0 0 0 0 0 0 
0 0 0 0 0 0.574771 0 0 0 0 0 0 0 0 0 0 0 0 0 0 0 0 0 0 0 0 0 0 0 0 0 0 0 0.574771 0 0 0.574771 -5.89909 0 1.39159 0 0 0 0 0 1.39159 0 0 0 0 0 0 0 1.39159 0 0 0 0 0 0 0 0 0 0 
0 0 0 0 0 0 0.574771 0 0 0 0 0 0 0 0 0 0 0 0 0 0 0 0 0 0 0 0 0 0 0 0 0 0 0 0.574771 0 0.574771 0 -5.89909 1.39159 0 0 0 0 0 0 1.39159 0 0 0 0 0 0 0 1.39159 0 0 0 0 0 0 0 0 0 
0 0 0 0 0 0 0 0.574771 0 0 0 0 0 0 0 0 0 0 0 0 0 0 0 0 0 0 0 0 0 0 0 0 0 0 0 0.574771 0 0.574771 0.574771 -6.01 0 0 0 0 0 0 0 1.85546 0 0 0 0 0 0 0 1.85546 0 0 0 0 0 0 0 0 
0 0 0 0 0 0 0 0 0.574771 0 0 0 0 0 0 0 0 0 0 0 0 0 0 0 0 0 0 0 0 0 0 0 0.574771 0 0 0 0 0 0 0 -4.86045 0.927728 0.927728 0 0.927728 0 0 0 0 0 0 0 0 0 0 0 0.927728 0 0 0 0 0 0 0 
0 0 0 0 0 0 0 0 0 0.574771 0 0 0 0 0 0 0 0 0 0 0 0 0 0 0 0 0 0 0 0 0 0 0 0.574771 0 0 0 0 0 0 0.574771 -5.89909 0 1.39159 0 1.39159 0 0 0 0 0 0 0 0 0 0 0 1.39159 0 0 0 0 0 0 
0 0 0 0 0 0 0 0 0 0 0.574771 0 0 0 0 0 0 0 0 0 0 0 0 0 0 0 0 0 0 0 0 0 0 0 0.574771 0 0 0 0 0 0.574771 0 -5.89909 1.39159 0 0 1.39159 0 0 0 0 0 0 0 0 0 0 0 1.39159 0 0 0 0 0 
0 0 0 0 0 0 0 0 0 0 0 0.574771 0 0 0 0 0 0 0 0 0 0 0 0 0 0 0 0 0 0 0 0 0 0 0 0.574771 0 0 0 0 0 0.574771 0.574771 -6.01 0 0 0 1.85546 0 0 0 0 0 0 0 0 0 0 0 1.85546 0 0 0 0 
0 0 0 0 0 0 0 0 0 0 0 0 0.574771 0 0 0 0 0 0 0 0 0 0 0 0 0 0 0 0 0 0 0 0 0 0 0 0.574771 0 0 0 0.574771 0 0 0 -5.89909 1.39159 1.39159 0 0 0 0 0 0 0 0 0 0 0 0 0 1.39159 0 0 0 
0 0 0 0 0 0 0 0 0 0 0 0 0 0.574771 0 0 0 0 0 0 0 0 0 0 0 0 0 0 0 0 0 0 0 0 0 0 0 0.574771 0 0 0 0.574771 0 0 0.574771 -6.01 0 1.85546 0 0 0 0 0 0 0 0 0 0 0 0 0 1.85546 0 0 
0 0 0 0 0 0 0 0 0 0 0 0 0 0 0.574771 0 0 0 0 0 0 0 0 0 0 0 0 0 0 0 0 0 0 0 0 0 0 0 0.574771 0 0 0 0.574771 0 0.574771 0 -6.01 1.85546 0 0 0 0 0 0 0 0 0 0 0 0 0 0 1.85546 0 
0 0 0 0 0 0 0 0 0 0 0 0 0 0 0 0.574771 0 0 0 0 0 0 0 0 0 0 0 0 0 0 0 0 0 0 0 0 0 0 0 0.574771 0 0 0 0.574771 0 0.574771 0.574771 -5.19318 0 0 0 0 0 0 0 0 0 0 0 0 0 0 0 2.31932 
0 0 0 0 0 0 0 0 0 0 0 0 0 0 0 0 0.574771 0 0 0 0 0 0 0 0 0 0 0 0 0 0 0 0.574771 0 0 0 0 0 0 0 0 0 0 0 0 0 0 0 -4.86045 0.927728 0.927728 0 0.927728 0 0 0 0.927728 0 0 0 0 0 0 0 
0 0 0 0 0 0 0 0 0 0 0 0 0 0 0 0 0 0.574771 0 0 0 0 0 0 0 0 0 0 0 0 0 0 0 0.574771 0 0 0 0 0 0 0 0 0 0 0 0 0 0 0.574771 -5.89909 0 1.39159 0 1.39159 0 0 0 1.39159 0 0 0 0 0 0 
0 0 0 0 0 0 0 0 0 0 0 0 0 0 0 0 0 0 0.574771 0 0 0 0 0 0 0 0 0 0 0 0 0 0 0 0.574771 0 0 0 0 0 0 0 0 0 0 0 0 0 0.574771 0 -5.89909 1.39159 0 0 1.39159 0 0 0 1.39159 0 0 0 0 0 
0 0 0 0 0 0 0 0 0 0 0 0 0 0 0 0 0 0 0 0.574771 0 0 0 0 0 0 0 0 0 0 0 0 0 0 0 0.574771 0 0 0 0 0 0 0 0 0 0 0 0 0 0.574771 0.574771 -6.01 0 0 0 1.85546 0 0 0 1.85546 0 0 0 0 
0 0 0 0 0 0 0 0 0 0 0 0 0 0 0 0 0 0 0 0 0.574771 0 0 0 0 0 0 0 0 0 0 0 0 0 0 0 0.574771 0 0 0 0 0 0 0 0 0 0 0 0.574771 0 0 0 -5.89909 1.39159 1.39159 0 0 0 0 0 1.39159 0 0 0 
0 0 0 0 0 0 0 0 0 0 0 0 0 0 0 0 0 0 0 0 0 0.574771 0 0 0 0 0 0 0 0 0 0 0 0 0 0 0 0.574771 0 0 0 0 0 0 0 0 0 0 0 0.574771 0 0 0.574771 -6.01 0 1.85546 0 0 0 0 0 1.85546 0 0 
0 0 0 0 0 0 0 0 0 0 0 0 0 0 0 0 0 0 0 0 0 0 0.574771 0 0 0 0 0 0 0 0 0 0 0 0 0 0 0 0.574771 0 0 0 0 0 0 0 0 0 0 0 0.574771 0 0.574771 0 -6.01 1.85546 0 0 0 0 0 0 1.85546 0 
0 0 0 0 0 0 0 0 0 0 0 0 0 0 0 0 0 0 0 0 0 0 0 0.574771 0 0 0 0 0 0 0 0 0 0 0 0 0 0 0 0.574771 0 0 0 0 0 0 0 0 0 0 0 0.574771 0 0.574771 0.574771 -5.19318 0 0 0 0 0 0 0 2.31932 
0 0 0 0 0 0 0 0 0 0 0 0 0 0 0 0 0 0 0 0 0 0 0 0 0.574771 0 0 0 0 0 0 0 0 0 0 0 0 0 0 0 0.574771 0 0 0 0 0 0 0 0.574771 0 0 0 0 0 0 0 -5.89909 1.39159 1.39159 0 1.39159 0 0 0 
0 0 0 0 0 0 0 0 0 0 0 0 0 0 0 0 0 0 0 0 0 0 0 0 0 0.574771 0 0 0 0 0 0 0 0 0 0 0 0 0 0 0 0.574771 0 0 0 0 0 0 0 0.574771 0 0 0 0 0 0 0.574771 -6.01 0 1.85546 0 1.85546 0 0 
0 0 0 0 0 0 0 0 0 0 0 0 0 0 0 0 0 0 0 0 0 0 0 0 0 0 0.574771 0 0 0 0 0 0 0 0 0 0 0 0 0 0 0 0.574771 0 0 0 0 0 0 0 0.574771 0 0 0 0 0 0.574771 0 -6.01 1.85546 0 0 1.85546 0 
0 0 0 0 0 0 0 0 0 0 0 0 0 0 0 0 0 0 0 0 0 0 0 0 0 0 0 0.574771 0 0 0 0 0 0 0 0 0 0 0 0 0 0 0 0.574771 0 0 0 0 0 0 0 0.574771 0 0 0 0 0 0.574771 0.574771 -5.19318 0 0 0 2.31932 
0 0 0 0 0 0 0 0 0 0 0 0 0 0 0 0 0 0 0 0 0 0 0 0 0 0 0 0 0.574771 0 0 0 0 0 0 0 0 0 0 0 0 0 0 0 0.574771 0 0 0 0 0 0 0 0.574771 0 0 0 0.574771 0 0 0 -6.01 1.85546 1.85546 0 
0 0 0 0 0 0 0 0 0 0 0 0 0 0 0 0 0 0 0 0 0 0 0 0 0 0 0 0 0 0.574771 0 0 0 0 0 0 0 0 0 0 0 0 0 0 0 0.574771 0 0 0 0 0 0 0 0.574771 0 0 0 0.574771 0 0 0.574771 -5.19318 0 2.31932 
0 0 0 0 0 0 0 0 0 0 0 0 0 0 0 0 0 0 0 0 0 0 0 0 0 0 0 0 0 0 0.574771 0 0 0 0 0 0 0 0 0 0 0 0 0 0 0 0.574771 0 0 0 0 0 0 0 0.574771 0 0 0 0.574771 0 0.574771 0 -5.19318 2.31932 
0 0 0 0 0 0 0 0 0 0 0 0 0 0 0 0 0 0 0 0 0 0 0 0 0 0 0 0 0 0 0 0.574771 0 0 0 0 0 0 0 0 0 0 0 0 0 0 0 0.574771 0 0 0 0 0 0 0 0.574771 0 0 0 0.574771 0 0.574771 0.574771 -3.44863 
