32
-0 0 0 0 0 0 0 0 0 0 0 0 0 0 0 0 0 0 0 0 0 0 0 0 0 0 0 0 0 0 0 0 
0.57316 -2.78668 0 0.55338 0 0.55338 0 0 0 0.55338 0 0 0 0 0 0 0 0.55338 0 0 0 0 0 0 0 0 0 0 0 0 0 0 
0.57316 0 -2.78668 0.55338 0 0 0.55338 0 0 0 0.55338 0 0 0 0 0 0 0 0.55338 0 0 0 0 0 0 0 0 0 0 0 0 0 
0 0.57316 0.57316 -4.4666 0 0 0 1.10676 0 0 0 1.10676 0 0 0 0 0 0 0 1.10676 0 0 0 0 0 0 0 0 0 0 0 0 
0.57316 0 0 0 -2.78668 0.55338 0.55338 0 0 0 0 0 0.55338 0 0 0 0 0 0 0 0.55338 0 0 0 0 0 0 0 0 0 0 0 
0 0.57316 0 0 0.57316 -4.4666 0 1.10676 0 0 0 0 0 1.10676 0 0 0 0 0 0 0 1.10676 0 0 0 0 0 0 0 0 0 0 
0 0 0.57316 0 0.57316 0 -4.4666 1.10676 0 0 0 0 0 0 1.10676 0 0 0 0 0 0 0 1.10676 0 0 0 0 0 0 0 0 0 
0 0 0 0.57316 0 0.57316 0.57316 -5.03976 0 0 0 0 0 0 0 1.66014 0 0 0 0 0 0 0 1.66014 0 0 0 0 0 0 0 0 
0.57316 0 0 0 0 0 0 0 -2.78668 0.55338 0.55338 0 0.55338 0 0 0 0 0 0 0 0 0 0 0 0.55338 0 0 0 0 0 0 0 
0 0.57316 0 0 0 0 0 0 0.57316 -4.4666 0 1.10676 0 1.10676 0 0 0 0 0 0 0 0 0 0 0 1.10676 0 0 0 0 0 0 
0 0 0.57316 0 0 0 0 0 0.57316 0 -4.4666 1.10676 0 0 1.10676 0 0 0 0 0 0 0 0 0 0 0 1.10676 0 0 0 0 0 
0 0 0 0.57316 0 0 0 0 0 0.57316 0.57316 -5.03976 0 0 0 1.66014 0 0 0 0 0 0 0 0 0 0 0 1.66014 0 0 0 0 
0 0 0 0 0.57316 0 0 0 0.57316 0 0 0 -4.4666 1.10676 1.10676 0 0 0 0 0 0 0 0 0 0 0 0 0 1.10676 0 0 0 
0 0 0 0 0 0.57316 0 0 0 0.57316 0 0 0.57316 -5.03976 0 1.66014 0 0 0 0 0 0 0 0 0 0 0 0 0 1.66014 0 0 
0 0 0 0 0 0 0.57316 0 0 0 0.57316 0 0.57316 0 -5.03976 1.66014 0 0 0 0 0 0 0 0 0 0 0 0 0 0 1.66014 0 
0 0 0 0 0 0 0 0.57316 0 0 0 0.57316 0 0.57316 0.57316 -4.50616 0 0 0 0 0 0 0 0 0 0 0 0 0 0 0 2.21352 
0.57316 0 0 0 0 0 0 0 0 0 0 0 0 0 0 0 -2.78668 0.55338 0.55338 0 0.55338 0 0 0 0.55338 0 0 0 0 0 0 0 
0 0.57316 0 0 0 0 0 0 0 0 0 0 0 0 0 0 0.57316 -4.4666 0 1.10676 0 1.10676 0 0 0 1.10676 0 0 0 0 0 0 
0 0 0.57316 0 0 0 0 0 0 0 0 0 0 0 0 0 0.57316 0 -4.4666 1.10676 0 0 1.10676 0 0 0 1.10676 0 0 0 0 0 
0 0 0 0.57316 0 0 0 0 0 0 0 0 0 0 0 0 0 0.57316 0.57316 -5.03976 0 0 0 1.66014 0 0 0 1.66014 0 0 0 0 
0 0 0 0 0.57316 0 0 0 0 0 0 0 0 0 0 0 0.57316 0 0 0 -4.4666 1.10676 1.10676 0 0 0 0 0 1.10676 0 0 0 
0 0 0 0 0 0.57316 0 0 0 0 0 0 0 0 0 0 0 0.57316 0 0 0.57316 -5.03976 0 1.66014 0 0 0 0 0 1.66014 0 0 
0 0 0 0 0 0 0.57316 0 0 0 0 0 0 0 0 0 0 0 0.57316 0 0.57316 0 -5.03976 1.66014 0 0 0 0 0 0 1.66014 0 
0 0 0 0 0 0 0 0.57316 0 0 0 0 0 0 0 0 0 0 0 0.57316 0 0.57316 0.57316 -4.50616 0 0 0 0 0 0 0 2.21352 
0 0 0 0 0 0 0 0 0.57316 0 0 0 0 0 0 0 0.57316 0 0 0 0 0 0 0 -4.4666 1.10676 1.10676 0 1.10676 0 0 0 
0 0 0 0 0 0 0 0 0 0.57316 0 0 0 0 0 0 0 0.57316 0 0 0 0 0 0 0.57316 -5.03976 0 1.66014 0 1.66014 0 0 
0 0 0 0 0 0 0 0 0 0 0.57316 0 0 0 0 0 0 0 0.57316 0 0 0 0 0 0.57316 0 -5.03976 1.66014 0 0 1.66014 0 
0 0 0 0 0 0 0 0 0 0 0 0.57316 0 0 0 0 0 0 0 0.57316 0 0 0 0 0 0.57316 0.57316 -4.50616 0 0 0 2.21352 
0 0 0 0 0 0 0 0 0 0 0 0 0.57316 0 0 0 0 0 0 0 0.57316 0 0 0 0.57316 0 0 0 -5.03976 1.66014 1.66014 0 
0 0 0 0 0 0 0 0 0 0 0 0 0 0.57316 0 0 0 0 0 0 0 0.57316 0 0 0 0.57316 0 0 0.57316 -4.50616 0 2.21352 
0 0 0 0 0 0 0 0 0 0 0 0 0 0 0.57316 0 0 0 0 0 0 0 0.57316 0 0 0 0.57316 0 0.57316 0 -4.50616 2.21352 
0 0 0 0 0 0 0 0 0 0 0 0 0 0 0 0.57316 0 0 0 0 0 0 0 0.57316 0 0 0 0.57316 0 0.57316 0.57316 -2.8658 
