32
-0 0 0 0 0 0 0 0 0 0 0 0 0 0 0 0 0 0 0 0 0 0 0 0 0 0 0 0 0 0 0 0 
0.32363 -1.79372 0 0.367522 0 0.367522 0 0 0 0.367522 0 0 0 0 0 0 0 0.367522 0 0 0 0 0 0 0 0 0 0 0 0 0 0 
0.32363 0 -1.79372 0.367522 0 0 0.367522 0 0 0 0.367522 0 0 0 0 0 0 0 0.367522 0 0 0 0 0 0 0 0 0 0 0 0 0 
0 0.32363 0.32363 -2.85239 0 0 0 0.735043 0 0 0 0.735043 0 0 0 0 0 0 0 0.735043 0 0 0 0 0 0 0 0 0 0 0 0 
0.32363 0 0 0 -1.79372 0.367522 0.367522 0 0 0 0 0 0.367522 0 0 0 0 0 0 0 0.367522 0 0 0 0 0 0 0 0 0 0 0 
0 0.32363 0 0 0.32363 -2.85239 0 0.735043 0 0 0 0 0 0.735043 0 0 0 0 0 0 0 0.735043 0 0 0 0 0 0 0 0 0 0 
0 0 0.32363 0 0.32363 0 -2.85239 0.735043 0 0 0 0 0 0 0.735043 0 0 0 0 0 0 0 0.735043 0 0 0 0 0 0 0 0 0 
0 0 0 0.32363 0 0.32363 0.32363 -3.17602 0 0 0 0 0 0 0 1.10257 0 0 0 0 0 0 0 1.10257 0 0 0 0 0 0 0 0 
0.32363 0 0 0 0 0 0 0 -1.79372 0.367522 0.367522 0 0.367522 0 0 0 0 0 0 0 0 0 0 0 0.367522 0 0 0 0 0 0 0 
0 0.32363 0 0 0 0 0 0 0.32363 -2.85239 0 0.735043 0 0.735043 0 0 0 0 0 0 0 0 0 0 0 0.735043 0 0 0 0 0 0 
0 0 0.32363 0 0 0 0 0 0.32363 0 -2.85239 0.735043 0 0 0.735043 0 0 0 0 0 0 0 0 0 0 0 0.735043 0 0 0 0 0 
0 0 0 0.32363 0 0 0 0 0 0.32363 0.32363 -3.17602 0 0 0 1.10257 0 0 0 0 0 0 0 0 0 0 0 1.10257 0 0 0 0 
0 0 0 0 0.32363 0 0 0 0.32363 0 0 0 -2.85239 0.735043 0.735043 0 0 0 0 0 0 0 0 0 0 0 0 0 0.735043 0 0 0 
0 0 0 0 0 0.32363 0 0 0 0.32363 0 0 0.32363 -3.17602 0 1.10257 0 0 0 0 0 0 0 0 0 0 0 0 0 1.10257 0 0 
0 0 0 0 0 0 0.32363 0 0 0 0.32363 0 0.32363 0 -3.17602 1.10257 0 0 0 0 0 0 0 0 0 0 0 0 0 0 1.10257 0 
0 0 0 0 0 0 0 0.32363 0 0 0 0.32363 0 0.32363 0.32363 -2.76461 0 0 0 0 0 0 0 0 0 0 0 0 0 0 0 1.47009 
0.32363 0 0 0 0 0 0 0 0 0 0 0 0 0 0 0 -1.79372 0.367522 0.367522 0 0.367522 0 0 0 0.367522 0 0 0 0 0 0 0 
0 0.32363 0 0 0 0 0 0 0 0 0 0 0 0 0 0 0.32363 -2.85239 0 0.735043 0 0.735043 0 0 0 0.735043 0 0 0 0 0 0 
0 0 0.32363 0 0 0 0 0 0 0 0 0 0 0 0 0 0.32363 0 -2.85239 0.735043 0 0 0.735043 0 0 0 0.735043 0 0 0 0 0 
0 0 0 0.32363 0 0 0 0 0 0 0 0 0 0 0 0 0 0.32363 0.32363 -3.17602 0 0 0 1.10257 0 0 0 1.10257 0 0 0 0 
0 0 0 0 0.32363 0 0 0 0 0 0 0 0 0 0 0 0.32363 0 0 0 -2.85239 0.735043 0.735043 0 0 0 0 0 0.735043 0 0 0 
0 0 0 0 0 0.32363 0 0 0 0 0 0 0 0 0 0 0 0.32363 0 0 0.32363 -3.17602 0 1.10257 0 0 0 0 0 1.10257 0 0 
0 0 0 0 0 0 0.32363 0 0 0 0 0 0 0 0 0 0 0 0.32363 0 0.32363 0 -3.17602 1.10257 0 0 0 0 0 0 1.10257 0 
0 0 0 0 0 0 0 0.32363 0 0 0 0 0 0 0 0 0 0 0 0.32363 0 0.32363 0.32363 -2.76461 0 0 0 0 0 0 0 1.47009 
0 0 0 0 0 0 0 0 0.32363 0 0 0 0 0 0 0 0.32363 0 0 0 0 0 0 0 -2.85239 0.735043 0.735043 0 0.735043 0 0 0 
0 0 0 0 0 0 0 0 0 0.32363 0 0 0 0 0 0 0 0.32363 0 0 0 0 0 0 0.32363 -3.17602 0 1.10257 0 1.10257 0 0 
0 0 0 0 0 0 0 0 0 0 0.32363 0 0 0 0 0 0 0 0.32363 0 0 0 0 0 0.32363 0 -3.17602 1.10257 0 0 1.10257 0 
0 0 0 0 0 0 0 0 0 0 0 0.32363 0 0 0 0 0 0 0 0.32363 0 0 0 0 0 0.32363 0.32363 -2.76461 0 0 0 1.47009 
0 0 0 0 0 0 0 0 0 0 0 0 0.32363 0 0 0 0 0 0 0 0.32363 0 0 0 0.32363 0 0 0 -3.17602 1.10257 1.10257 0 
0 0 0 0 0 0 0 0 0 0 0 0 0 0.32363 0 0 0 0 0 0 0 0.32363 0 0 0 0.32363 0 0 0.32363 -2.76461 0 1.47009 
0 0 0 0 0 0 0 0 0 0 0 0 0 0 0.32363 0 0 0 0 0 0 0 0.32363 0 0 0 0.32363 0 0.32363 0 -2.76461 1.47009 
0 0 0 0 0 0 0 0 0 0 0 0 0 0 0 0.32363 0 0 0 0 0 0 0 0.32363 0 0 0 0.32363 0 0.32363 0.32363 -1.61815 
