64
-0 0 0 0 0 0 0 0 0 0 0 0 0 0 0 0 0 0 0 0 0 0 0 0 0 0 0 0 0 0 0 0 0 0 0 0 0 0 0 0 0 0 0 0 0 0 0 0 0 0 0 0 0 0 0 0 0 0 0 0 0 0 0 0 
0.633131 -3.28103 0 0.52958 0 0.52958 0 0 0 0.52958 0 0 0 0 0 0 0 0.52958 0 0 0 0 0 0 0 0 0 0 0 0 0 0 0 0.52958 0 0 0 0 0 0 0 0 0 0 0 0 0 0 0 0 0 0 0 0 0 0 0 0 0 0 0 0 0 0 
0.633131 0 -3.28103 0.52958 0 0 0.52958 0 0 0 0.52958 0 0 0 0 0 0 0 0.52958 0 0 0 0 0 0 0 0 0 0 0 0 0 0 0 0.52958 0 0 0 0 0 0 0 0 0 0 0 0 0 0 0 0 0 0 0 0 0 0 0 0 0 0 0 0 0 
0 0.633131 0.633131 -5.5029 0 0 0 1.05916 0 0 0 1.05916 0 0 0 0 0 0 0 1.05916 0 0 0 0 0 0 0 0 0 0 0 0 0 0 0 1.05916 0 0 0 0 0 0 0 0 0 0 0 0 0 0 0 0 0 0 0 0 0 0 0 0 0 0 0 0 
0.633131 0 0 0 -3.28103 0.52958 0.52958 0 0 0 0 0 0.52958 0 0 0 0 0 0 0 0.52958 0 0 0 0 0 0 0 0 0 0 0 0 0 0 0 0.52958 0 0 0 0 0 0 0 0 0 0 0 0 0 0 0 0 0 0 0 0 0 0 0 0 0 0 0 
0 0.633131 0 0 0.633131 -5.5029 0 1.05916 0 0 0 0 0 1.05916 0 0 0 0 0 0 0 1.05916 0 0 0 0 0 0 0 0 0 0 0 0 0 0 0 1.05916 0 0 0 0 0 0 0 0 0 0 0 0 0 0 0 0 0 0 0 0 0 0 0 0 0 0 
0 0 0.633131 0 0.633131 0 -5.5029 1.05916 0 0 0 0 0 0 1.05916 0 0 0 0 0 0 0 1.05916 0 0 0 0 0 0 0 0 0 0 0 0 0 0 0 1.05916 0 0 0 0 0 0 0 0 0 0 0 0 0 0 0 0 0 0 0 0 0 0 0 0 0 
0 0 0 0.633131 0 0.633131 0.633131 -6.66561 0 0 0 0 0 0 0 1.58874 0 0 0 0 0 0 0 1.58874 0 0 0 0 0 0 0 0 0 0 0 0 0 0 0 1.58874 0 0 0 0 0 0 0 0 0 0 0 0 0 0 0 0 0 0 0 0 0 0 0 0 
0.633131 0 0 0 0 0 0 0 -3.28103 0.52958 0.52958 0 0.52958 0 0 0 0 0 0 0 0 0 0 0 0.52958 0 0 0 0 0 0 0 0 0 0 0 0 0 0 0 0.52958 0 0 0 0 0 0 0 0 0 0 0 0 0 0 0 0 0 0 0 0 0 0 0 
0 0.633131 0 0 0 0 0 0 0.633131 -5.5029 0 1.05916 0 1.05916 0 0 0 0 0 0 0 0 0 0 0 1.05916 0 0 0 0 0 0 0 0 0 0 0 0 0 0 0 1.05916 0 0 0 0 0 0 0 0 0 0 0 0 0 0 0 0 0 0 0 0 0 0 
0 0 0.633131 0 0 0 0 0 0.633131 0 -5.5029 1.05916 0 0 1.05916 0 0 0 0 0 0 0 0 0 0 0 1.05916 0 0 0 0 0 0 0 0 0 0 0 0 0 0 0 1.05916 0 0 0 0 0 0 0 0 0 0 0 0 0 0 0 0 0 0 0 0 0 
0 0 0 0.633131 0 0 0 0 0 0.633131 0.633131 -6.66561 0 0 0 1.58874 0 0 0 0 0 0 0 0 0 0 0 1.58874 0 0 0 0 0 0 0 0 0 0 0 0 0 0 0 1.58874 0 0 0 0 0 0 0 0 0 0 0 0 0 0 0 0 0 0 0 0 
0 0 0 0 0.633131 0 0 0 0.633131 0 0 0 -5.5029 1.05916 1.05916 0 0 0 0 0 0 0 0 0 0 0 0 0 1.05916 0 0 0 0 0 0 0 0 0 0 0 0 0 0 0 1.05916 0 0 0 0 0 0 0 0 0 0 0 0 0 0 0 0 0 0 0 
0 0 0 0 0 0.633131 0 0 0 0.633131 0 0 0.633131 -6.66561 0 1.58874 0 0 0 0 0 0 0 0 0 0 0 0 0 1.58874 0 0 0 0 0 0 0 0 0 0 0 0 0 0 0 1.58874 0 0 0 0 0 0 0 0 0 0 0 0 0 0 0 0 0 0 
0 0 0 0 0 0 0.633131 0 0 0 0.633131 0 0.633131 0 -6.66561 1.58874 0 0 0 0 0 0 0 0 0 0 0 0 0 0 1.58874 0 0 0 0 0 0 0 0 0 0 0 0 0 0 0 1.58874 0 0 0 0 0 0 0 0 0 0 0 0 0 0 0 0 0 
0 0 0 0 0 0 0 0.633131 0 0 0 0.633131 0 0.633131 0.633131 -6.76916 0 0 0 0 0 0 0 0 0 0 0 0 0 0 0 2.11832 0 0 0 0 0 0 0 0 0 0 0 0 0 0 0 2.11832 0 0 0 0 0 0 0 0 0 0 0 0 0 0 0 0 
0.633131 0 0 0 0 0 0 0 0 0 0 0 0 0 0 0 -3.28103 0.52958 0.52958 0 0.52958 0 0 0 0.52958 0 0 0 0 0 0 0 0 0 0 0 0 0 0 0 0 0 0 0 0 0 0 0 0.52958 0 0 0 0 0 0 0 0 0 0 0 0 0 0 0 
0 0.633131 0 0 0 0 0 0 0 0 0 0 0 0 0 0 0.633131 -5.5029 0 1.05916 0 1.05916 0 0 0 1.05916 0 0 0 0 0 0 0 0 0 0 0 0 0 0 0 0 0 0 0 0 0 0 0 1.05916 0 0 0 0 0 0 0 0 0 0 0 0 0 0 
0 0 0.633131 0 0 0 0 0 0 0 0 0 0 0 0 0 0.633131 0 -5.5029 1.05916 0 0 1.05916 0 0 0 1.05916 0 0 0 0 0 0 0 0 0 0 0 0 0 0 0 0 0 0 0 0 0 0 0 1.05916 0 0 0 0 0 0 0 0 0 0 0 0 0 
0 0 0 0.633131 0 0 0 0 0 0 0 0 0 0 0 0 0 0.633131 0.633131 -6.66561 0 0 0 1.58874 0 0 0 1.58874 0 0 0 0 0 0 0 0 0 0 0 0 0 0 0 0 0 0 0 0 0 0 0 1.58874 0 0 0 0 0 0 0 0 0 0 0 0 
0 0 0 0 0.633131 0 0 0 0 0 0 0 0 0 0 0 0.633131 0 0 0 -5.5029 1.05916 1.05916 0 0 0 0 0 1.05916 0 0 0 0 0 0 0 0 0 0 0 0 0 0 0 0 0 0 0 0 0 0 0 1.05916 0 0 0 0 0 0 0 0 0 0 0 
0 0 0 0 0 0.633131 0 0 0 0 0 0 0 0 0 0 0 0.633131 0 0 0.633131 -6.66561 0 1.58874 0 0 0 0 0 1.58874 0 0 0 0 0 0 0 0 0 0 0 0 0 0 0 0 0 0 0 0 0 0 0 1.58874 0 0 0 0 0 0 0 0 0 0 
0 0 0 0 0 0 0.633131 0 0 0 0 0 0 0 0 0 0 0 0.633131 0 0.633131 0 -6.66561 1.58874 0 0 0 0 0 0 1.58874 0 0 0 0 0 0 0 0 0 0 0 0 0 0 0 0 0 0 0 0 0 0 0 1.58874 0 0 0 0 0 0 0 0 0 
0 0 0 0 0 0 0 0.633131 0 0 0 0 0 0 0 0 0 0 0 0.633131 0 0.633131 0.633131 -6.76916 0 0 0 0 0 0 0 2.11832 0 0 0 0 0 0 0 0 0 0 0 0 0 0 0 0 0 0 0 0 0 0 0 2.11832 0 0 0 0 0 0 0 0 
0 0 0 0 0 0 0 0 0.633131 0 0 0 0 0 0 0 0.633131 0 0 0 0 0 0 0 -5.5029 1.05916 1.05916 0 1.05916 0 0 0 0 0 0 0 0 0 0 0 0 0 0 0 0 0 0 0 0 0 0 0 0 0 0 0 1.05916 0 0 0 0 0 0 0 
0 0 0 0 0 0 0 0 0 0.633131 0 0 0 0 0 0 0 0.633131 0 0 0 0 0 0 0.633131 -6.66561 0 1.58874 0 1.58874 0 0 0 0 0 0 0 0 0 0 0 0 0 0 0 0 0 0 0 0 0 0 0 0 0 0 0 1.58874 0 0 0 0 0 0 
0 0 0 0 0 0 0 0 0 0 0.633131 0 0 0 0 0 0 0 0.633131 0 0 0 0 0 0.633131 0 -6.66561 1.58874 0 0 1.58874 0 0 0 0 0 0 0 0 0 0 0 0 0 0 0 0 0 0 0 0 0 0 0 0 0 0 0 1.58874 0 0 0 0 0 
0 0 0 0 0 0 0 0 0 0 0 0.633131 0 0 0 0 0 0 0 0.633131 0 0 0 0 0 0.633131 0.633131 -6.76916 0 0 0 2.11832 0 0 0 0 0 0 0 0 0 0 0 0 0 0 0 0 0 0 0 0 0 0 0 0 0 0 0 2.11832 0 0 0 0 
0 0 0 0 0 0 0 0 0 0 0 0 0.633131 0 0 0 0 0 0 0 0.633131 0 0 0 0.633131 0 0 0 -6.66561 1.58874 1.58874 0 0 0 0 0 0 0 0 0 0 0 0 0 0 0 0 0 0 0 0 0 0 0 0 0 0 0 0 0 1.58874 0 0 0 
0 0 0 0 0 0 0 0 0 0 0 0 0 0.633131 0 0 0 0 0 0 0 0.633131 0 0 0 0.633131 0 0 0.633131 -6.76916 0 2.11832 0 0 0 0 0 0 0 0 0 0 0 0 0 0 0 0 0 0 0 0 0 0 0 0 0 0 0 0 0 2.11832 0 0 
0 0 0 0 0 0 0 0 0 0 0 0 0 0 0.633131 0 0 0 0 0 0 0 0.633131 0 0 0 0.633131 0 0.633131 0 -6.76916 2.11832 0 0 0 0 0 0 0 0 0 0 0 0 0 0 0 0 0 0 0 0 0 0 0 0 0 0 0 0 0 0 2.11832 0 
0 0 0 0 0 0 0 0 0 0 0 0 0 0 0 0.633131 0 0 0 0 0 0 0 0.633131 0 0 0 0.633131 0 0.633131 0.633131 -5.81355 0 0 0 0 0 0 0 0 0 0 0 0 0 0 0 0 0 0 0 0 0 0 0 0 0 0 0 0 0 0 0 2.6479 
0.633131 0 0 0 0 0 0 0 0 0 0 0 0 0 0 0 0 0 0 0 0 0 0 0 0 0 0 0 0 0 0 0 -3.28103 0.52958 0.52958 0 0.52958 0 0 0 0.52958 0 0 0 0 0 0 0 0.52958 0 0 0 0 0 0 0 0 0 0 0 0 0 0 0 
0 0.633131 0 0 0 0 0 0 0 0 0 0 0 0 0 0 0 0 0 0 0 0 0 0 0 0 0 0 0 0 0 0 0.633131 -5.5029 0 1.05916 0 1.05916 0 0 0 1.05916 0 0 0 0 0 0 0 1.05916 0 0 0 0 0 0 0 0 0 0 0 0 0 0 
0 0 0.633131 0 0 0 0 0 0 0 0 0 0 0 0 0 0 0 0 0 0 0 0 0 0 0 0 0 0 0 0 0 0.633131 0 -5.5029 1.05916 0 0 1.05916 0 0 0 1.05916 0 0 0 0 0 0 0 1.05916 0 0 0 0 0 0 0 0 0 0 0 0 0 
0 0 0 0.633131 0 0 0 0 0 0 0 0 0 0 0 0 0 0 0 0 0 0 0 0 0 0 0 0 0 0 0 0 0 0.633131 0.633131 -6.66561 0 0 0 1.58874 0 0 0 1.58874 0 0 0 0 0 0 0 1.58874 0 0 0 0 0 0 0 0 0 0 0 0 
0 0 0 0 0.633131 0 0 0 0 0 0 0 0 0 0 0 0 0 0 0 0 0 0 0 0 0 0 0 0 0 0 0 0.633131 0 0 0 -5.5029 1.05916 1.05916 0 0 0 0 0 1.05916 0 0 0 0 0 0 0 1.05916 0 0 0 0 0 0 0 0 0 0 0 
0 0 0 0 0 0.633131 0 0 0 0 0 0 0 0 0 0 0 0 0 0 0 0 0 0 0 0 0 0 0 0 0 0 0 0.633131 0 0 0.633131 -6.66561 0 1.58874 0 0 0 0 0 1.58874 0 0 0 0 0 0 0 1.58874 0 0 0 0 0 0 0 0 0 0 
0 0 0 0 0 0 0.633131 0 0 0 0 0 0 0 0 0 0 0 0 0 0 0 0 0 0 0 0 0 0 0 0 0 0 0 0.633131 0 0.633131 0 -6.66561 1.58874 0 0 0 0 0 0 1.58874 0 0 0 0 0 0 0 1.58874 0 0 0 0 0 0 0 0 0 
0 0 0 0 0 0 0 0.633131 0 0 0 0 0 0 0 0 0 0 0 0 0 0 0 0 0 0 0 0 0 0 0 0 0 0 0 0.633131 0 0.633131 0.633131 -6.76916 0 0 0 0 0 0 0 2.11832 0 0 0 0 0 0 0 2.11832 0 0 0 0 0 0 0 0 
0 0 0 0 0 0 0 0 0.633131 0 0 0 0 0 0 0 0 0 0 0 0 0 0 0 0 0 0 0 0 0 0 0 0.633131 0 0 0 0 0 0 0 -5.5029 1.05916 1.05916 0 1.05916 0 0 0 0 0 0 0 0 0 0 0 1.05916 0 0 0 0 0 0 0 
0 0 0 0 0 0 0 0 0 0.633131 0 0 0 0 0 0 0 0 0 0 0 0 0 0 0 0 0 0 0 0 0 0 0 0.633131 0 0 0 0 0 0 0.633131 -6.66561 0 1.58874 0 1.58874 0 0 0 0 0 0 0 0 0 0 0 1.58874 0 0 0 0 0 0 
0 0 0 0 0 0 0 0 0 0 0.633131 0 0 0 0 0 0 0 0 0 0 0 0 0 0 0 0 0 0 0 0 0 0 0 0.633131 0 0 0 0 0 0.633131 0 -6.66561 1.58874 0 0 1.58874 0 0 0 0 0 0 0 0 0 0 0 1.58874 0 0 0 0 0 
0 0 0 0 0 0 0 0 0 0 0 0.633131 0 0 0 0 0 0 0 0 0 0 0 0 0 0 0 0 0 0 0 0 0 0 0 0.633131 0 0 0 0 0 0.633131 0.633131 -6.76916 0 0 0 2.11832 0 0 0 0 0 0 0 0 0 0 0 2.11832 0 0 0 0 
0 0 0 0 0 0 0 0 0 0 0 0 0.633131 0 0 0 0 0 0 0 0 0 0 0 0 0 0 0 0 0 0 0 0 0 0 0 0.633131 0 0 0 0.633131 0 0 0 -6.66561 1.58874 1.58874 0 0 0 0 0 0 0 0 0 0 0 0 0 1.58874 0 0 0 
0 0 0 0 0 0 0 0 0 0 0 0 0 0.633131 0 0 0 0 0 0 0 0 0 0 0 0 0 0 0 0 0 0 0 0 0 0 0 0.633131 0 0 0 0.633131 0 0 0.633131 -6.76916 0 2.11832 0 0 0 0 0 0 0 0 0 0 0 0 0 2.11832 0 0 
0 0 0 0 0 0 0 0 0 0 0 0 0 0 0.633131 0 0 0 0 0 0 0 0 0 0 0 0 0 0 0 0 0 0 0 0 0 0 0 0.633131 0 0 0 0.633131 0 0.633131 0 -6.76916 2.11832 0 0 0 0 0 0 0 0 0 0 0 0 0 0 2.11832 0 
0 0 0 0 0 0 0 0 0 0 0 0 0 0 0 0.633131 0 0 0 0 0 0 0 0 0 0 0 0 0 0 0 0 0 0 0 0 0 0 0 0.633131 0 0 0 0.633131 0 0.633131 0.633131 -5.81355 0 0 0 0 0 0 0 0 0 0 0 0 0 0 0 2.6479 
0 0 0 0 0 0 0 0 0 0 0 0 0 0 0 0 0.633131 0 0 0 0 0 0 0 0 0 0 0 0 0 0 0 0.633131 0 0 0 0 0 0 0 0 0 0 0 0 0 0 0 -5.5029 1.05916 1.05916 0 1.05916 0 0 0 1.05916 0 0 0 0 0 0 0 
0 0 0 0 0 0 0 0 0 0 0 0 0 0 0 0 0 0.633131 0 0 0 0 0 0 0 0 0 0 0 0 0 0 0 0.633131 0 0 0 0 0 0 0 0 0 0 0 0 0 0 0.633131 -6.66561 0 1.58874 0 1.58874 0 0 0 1.58874 0 0 0 0 0 0 
0 0 0 0 0 0 0 0 0 0 0 0 0 0 0 0 0 0 0.633131 0 0 0 0 0 0 0 0 0 0 0 0 0 0 0 0.633131 0 0 0 0 0 0 0 0 0 0 0 0 0 0.633131 0 -6.66561 1.58874 0 0 1.58874 0 0 0 1.58874 0 0 0 0 0 
0 0 0 0 0 0 0 0 0 0 0 0 0 0 0 0 0 0 0 0.633131 0 0 0 0 0 0 0 0 0 0 0 0 0 0 0 0.633131 0 0 0 0 0 0 0 0 0 0 0 0 0 0.633131 0.633131 -6.76916 0 0 0 2.11832 0 0 0 2.11832 0 0 0 0 
0 0 0 0 0 0 0 0 0 0 0 0 0 0 0 0 0 0 0 0 0.633131 0 0 0 0 0 0 0 0 0 0 0 0 0 0 0 0.633131 0 0 0 0 0 0 0 0 0 0 0 0.633131 0 0 0 -6.66561 1.58874 1.58874 0 0 0 0 0 1.58874 0 0 0 
0 0 0 0 0 0 0 0 0 0 0 0 0 0 0 0 0 0 0 0 0 0.633131 0 0 0 0 0 0 0 0 0 0 0 0 0 0 0 0.633131 0 0 0 0 0 0 0 0 0 0 0 0.633131 0 0 0.633131 -6.76916 0 2.11832 0 0 0 0 0 2.11832 0 0 
0 0 0 0 0 0 0 0 0 0 0 0 0 0 0 0 0 0 0 0 0 0 0.633131 0 0 0 0 0 0 0 0 0 0 0 0 0 0 0 0.633131 0 0 0 0 0 0 0 0 0 0 0 0.633131 0 0.633131 0 -6.76916 2.11832 0 0 0 0 0 0 2.11832 0 
0 0 0 0 0 0 0 0 0 0 0 0 0 0 0 0 0 0 0 0 0 0 0 0.633131 0 0 0 0 0 0 0 0 0 0 0 0 0 0 0 0.633131 0 0 0 0 0 0 0 0 0 0 0 0.633131 0 0.633131 0.633131 -5.81355 0 0 0 0 0 0 0 2.6479 
0 0 0 0 0 0 0 0 0 0 0 0 0 0 0 0 0 0 0 0 0 0 0 0 0.633131 0 0 0 0 0 0 0 0 0 0 0 0 0 0 0 0.633131 0 0 0 0 0 0 0 0.633131 0 0 0 0 0 0 0 -6.66561 1.58874 1.58874 0 1.58874 0 0 0 
0 0 0 0 0 0 0 0 0 0 0 0 0 0 0 0 0 0 0 0 0 0 0 0 0 0.633131 0 0 0 0 0 0 0 0 0 0 0 0 0 0 0 0.633131 0 0 0 0 0 0 0 0.633131 0 0 0 0 0 0 0.633131 -6.76916 0 2.11832 0 2.11832 0 0 
0 0 0 0 0 0 0 0 0 0 0 0 0 0 0 0 0 0 0 0 0 0 0 0 0 0 0.633131 0 0 0 0 0 0 0 0 0 0 0 0 0 0 0 0.633131 0 0 0 0 0 0 0 0.633131 0 0 0 0 0 0.633131 0 -6.76916 2.11832 0 0 2.11832 0 
0 0 0 0 0 0 0 0 0 0 0 0 0 0 0 0 0 0 0 0 0 0 0 0 0 0 0 0.633131 0 0 0 0 0 0 0 0 0 0 0 0 0 0 0 0.633131 0 0 0 0 0 0 0 0.633131 0 0 0 0 0 0.633131 0.633131 -5.81355 0 0 0 2.6479 
0 0 0 0 0 0 0 0 0 0 0 0 0 0 0 0 0 0 0 0 0 0 0 0 0 0 0 0 0.633131 0 0 0 0 0 0 0 0 0 0 0 0 0 0 0 0.633131 0 0 0 0 0 0 0 0.633131 0 0 0 0.633131 0 0 0 -6.76916 2.11832 2.11832 0 
0 0 0 0 0 0 0 0 0 0 0 0 0 0 0 0 0 0 0 0 0 0 0 0 0 0 0 0 0 0.633131 0 0 0 0 0 0 0 0 0 0 0 0 0 0 0 0.633131 0 0 0 0 0 0 0 0.633131 0 0 0 0.633131 0 0 0.633131 -5.81355 0 2.6479 
0 0 0 0 0 0 0 0 0 0 0 0 0 0 0 0 0 0 0 0 0 0 0 0 0 0 0 0 0 0 0.633131 0 0 0 0 0 0 0 0 0 0 0 0 0 0 0 0.633131 0 0 0 0 0 0 0 0.633131 0 0 0 0.633131 0 0.633131 0 -5.81355 2.6479 
0 0 0 0 0 0 0 0 0 0 0 0 0 0 0 0 0 0 0 0 0 0 0 0 0 0 0 0 0 0 0 0.633131 0 0 0 0 0 0 0 0 0 0 0 0 0 0 0 0.633131 0 0 0 0 0 0 0 0.633131 0 0 0 0.633131 0 0.633131 0.633131 -3.79879 
