32
-0 0 0 0 0 0 0 0 0 0 0 0 0 0 0 0 0 0 0 0 0 0 0 0 0 0 0 0 0 0 0 0 
0.242452 -1.39474 0 0.288072 0 0.288072 0 0 0 0.288072 0 0 0 0 0 0 0 0.288072 0 0 0 0 0 0 0 0 0 0 0 0 0 0 
0.242452 0 -1.39474 0.288072 0 0 0.288072 0 0 0 0.288072 0 0 0 0 0 0 0 0.288072 0 0 0 0 0 0 0 0 0 0 0 0 0 
0 0.242452 0.242452 -2.21334 0 0 0 0.576144 0 0 0 0.576144 0 0 0 0 0 0 0 0.576144 0 0 0 0 0 0 0 0 0 0 0 0 
0.242452 0 0 0 -1.39474 0.288072 0.288072 0 0 0 0 0 0.288072 0 0 0 0 0 0 0 0.288072 0 0 0 0 0 0 0 0 0 0 0 
0 0.242452 0 0 0.242452 -2.21334 0 0.576144 0 0 0 0 0 0.576144 0 0 0 0 0 0 0 0.576144 0 0 0 0 0 0 0 0 0 0 
0 0 0.242452 0 0.242452 0 -2.21334 0.576144 0 0 0 0 0 0 0.576144 0 0 0 0 0 0 0 0.576144 0 0 0 0 0 0 0 0 0 
0 0 0 0.242452 0 0.242452 0.242452 -2.45579 0 0 0 0 0 0 0 0.864216 0 0 0 0 0 0 0 0.864216 0 0 0 0 0 0 0 0 
0.242452 0 0 0 0 0 0 0 -1.39474 0.288072 0.288072 0 0.288072 0 0 0 0 0 0 0 0 0 0 0 0.288072 0 0 0 0 0 0 0 
0 0.242452 0 0 0 0 0 0 0.242452 -2.21334 0 0.576144 0 0.576144 0 0 0 0 0 0 0 0 0 0 0 0.576144 0 0 0 0 0 0 
0 0 0.242452 0 0 0 0 0 0.242452 0 -2.21334 0.576144 0 0 0.576144 0 0 0 0 0 0 0 0 0 0 0 0.576144 0 0 0 0 0 
0 0 0 0.242452 0 0 0 0 0 0.242452 0.242452 -2.45579 0 0 0 0.864216 0 0 0 0 0 0 0 0 0 0 0 0.864216 0 0 0 0 
0 0 0 0 0.242452 0 0 0 0.242452 0 0 0 -2.21334 0.576144 0.576144 0 0 0 0 0 0 0 0 0 0 0 0 0 0.576144 0 0 0 
0 0 0 0 0 0.242452 0 0 0 0.242452 0 0 0.242452 -2.45579 0 0.864216 0 0 0 0 0 0 0 0 0 0 0 0 0 0.864216 0 0 
0 0 0 0 0 0 0.242452 0 0 0 0.242452 0 0.242452 0 -2.45579 0.864216 0 0 0 0 0 0 0 0 0 0 0 0 0 0 0.864216 0 
0 0 0 0 0 0 0 0.242452 0 0 0 0.242452 0 0.242452 0.242452 -2.1221 0 0 0 0 0 0 0 0 0 0 0 0 0 0 0 1.15229 
0.242452 0 0 0 0 0 0 0 0 0 0 0 0 0 0 0 -1.39474 0.288072 0.288072 0 0.288072 0 0 0 0.288072 0 0 0 0 0 0 0 
0 0.242452 0 0 0 0 0 0 0 0 0 0 0 0 0 0 0.242452 -2.21334 0 0.576144 0 0.576144 0 0 0 0.576144 0 0 0 0 0 0 
0 0 0.242452 0 0 0 0 0 0 0 0 0 0 0 0 0 0.242452 0 -2.21334 0.576144 0 0 0.576144 0 0 0 0.576144 0 0 0 0 0 
0 0 0 0.242452 0 0 0 0 0 0 0 0 0 0 0 0 0 0.242452 0.242452 -2.45579 0 0 0 0.864216 0 0 0 0.864216 0 0 0 0 
0 0 0 0 0.242452 0 0 0 0 0 0 0 0 0 0 0 0.242452 0 0 0 -2.21334 0.576144 0.576144 0 0 0 0 0 0.576144 0 0 0 
0 0 0 0 0 0.242452 0 0 0 0 0 0 0 0 0 0 0 0.242452 0 0 0.242452 -2.45579 0 0.864216 0 0 0 0 0 0.864216 0 0 
0 0 0 0 0 0 0.242452 0 0 0 0 0 0 0 0 0 0 0 0.242452 0 0.242452 0 -2.45579 0.864216 0 0 0 0 0 0 0.864216 0 
0 0 0 0 0 0 0 0.242452 0 0 0 0 0 0 0 0 0 0 0 0.242452 0 0.242452 0.242452 -2.1221 0 0 0 0 0 0 0 1.15229 
0 0 0 0 0 0 0 0 0.242452 0 0 0 0 0 0 0 0.242452 0 0 0 0 0 0 0 -2.21334 0.576144 0.576144 0 0.576144 0 0 0 
0 0 0 0 0 0 0 0 0 0.242452 0 0 0 0 0 0 0 0.242452 0 0 0 0 0 0 0.242452 -2.45579 0 0.864216 0 0.864216 0 0 
0 0 0 0 0 0 0 0 0 0 0.242452 0 0 0 0 0 0 0 0.242452 0 0 0 0 0 0.242452 0 -2.45579 0.864216 0 0 0.864216 0 
0 0 0 0 0 0 0 0 0 0 0 0.242452 0 0 0 0 0 0 0 0.242452 0 0 0 0 0 0.242452 0.242452 -2.1221 0 0 0 1.15229 
0 0 0 0 0 0 0 0 0 0 0 0 0.242452 0 0 0 0 0 0 0 0.242452 0 0 0 0.242452 0 0 0 -2.45579 0.864216 0.864216 0 
0 0 0 0 0 0 0 0 0 0 0 0 0 0.242452 0 0 0 0 0 0 0 0.242452 0 0 0 0.242452 0 0 0.242452 -2.1221 0 1.15229 
0 0 0 0 0 0 0 0 0 0 0 0 0 0 0.242452 0 0 0 0 0 0 0 0.242452 0 0 0 0.242452 0 0.242452 0 -2.1221 1.15229 
0 0 0 0 0 0 0 0 0 0 0 0 0 0 0 0.242452 0 0 0 0 0 0 0 0.242452 0 0 0 0.242452 0 0.242452 0.242452 -1.21226 
