64
-0 0 0 0 0 0 0 0 0 0 0 0 0 0 0 0 0 0 0 0 0 0 0 0 0 0 0 0 0 0 0 0 0 0 0 0 0 0 0 0 0 0 0 0 0 0 0 0 0 0 0 0 0 0 0 0 0 0 0 0 0 0 0 0 
0.489964 -2.33568 0 0.369144 0 0.369144 0 0 0 0.369144 0 0 0 0 0 0 0 0.369144 0 0 0 0 0 0 0 0 0 0 0 0 0 0 0 0.369144 0 0 0 0 0 0 0 0 0 0 0 0 0 0 0 0 0 0 0 0 0 0 0 0 0 0 0 0 0 0 
0.489964 0 -2.33568 0.369144 0 0 0.369144 0 0 0 0.369144 0 0 0 0 0 0 0 0.369144 0 0 0 0 0 0 0 0 0 0 0 0 0 0 0 0.369144 0 0 0 0 0 0 0 0 0 0 0 0 0 0 0 0 0 0 0 0 0 0 0 0 0 0 0 0 0 
0 0.489964 0.489964 -3.93308 0 0 0 0.738287 0 0 0 0.738287 0 0 0 0 0 0 0 0.738287 0 0 0 0 0 0 0 0 0 0 0 0 0 0 0 0.738287 0 0 0 0 0 0 0 0 0 0 0 0 0 0 0 0 0 0 0 0 0 0 0 0 0 0 0 0 
0.489964 0 0 0 -2.33568 0.369144 0.369144 0 0 0 0 0 0.369144 0 0 0 0 0 0 0 0.369144 0 0 0 0 0 0 0 0 0 0 0 0 0 0 0 0.369144 0 0 0 0 0 0 0 0 0 0 0 0 0 0 0 0 0 0 0 0 0 0 0 0 0 0 0 
0 0.489964 0 0 0.489964 -3.93308 0 0.738287 0 0 0 0 0 0.738287 0 0 0 0 0 0 0 0.738287 0 0 0 0 0 0 0 0 0 0 0 0 0 0 0 0.738287 0 0 0 0 0 0 0 0 0 0 0 0 0 0 0 0 0 0 0 0 0 0 0 0 0 0 
0 0 0.489964 0 0.489964 0 -3.93308 0.738287 0 0 0 0 0 0 0.738287 0 0 0 0 0 0 0 0.738287 0 0 0 0 0 0 0 0 0 0 0 0 0 0 0 0.738287 0 0 0 0 0 0 0 0 0 0 0 0 0 0 0 0 0 0 0 0 0 0 0 0 0 
0 0 0 0.489964 0 0.489964 0.489964 -4.79219 0 0 0 0 0 0 0 1.10743 0 0 0 0 0 0 0 1.10743 0 0 0 0 0 0 0 0 0 0 0 0 0 0 0 1.10743 0 0 0 0 0 0 0 0 0 0 0 0 0 0 0 0 0 0 0 0 0 0 0 0 
0.489964 0 0 0 0 0 0 0 -2.33568 0.369144 0.369144 0 0.369144 0 0 0 0 0 0 0 0 0 0 0 0.369144 0 0 0 0 0 0 0 0 0 0 0 0 0 0 0 0.369144 0 0 0 0 0 0 0 0 0 0 0 0 0 0 0 0 0 0 0 0 0 0 0 
0 0.489964 0 0 0 0 0 0 0.489964 -3.93308 0 0.738287 0 0.738287 0 0 0 0 0 0 0 0 0 0 0 0.738287 0 0 0 0 0 0 0 0 0 0 0 0 0 0 0 0.738287 0 0 0 0 0 0 0 0 0 0 0 0 0 0 0 0 0 0 0 0 0 0 
0 0 0.489964 0 0 0 0 0 0.489964 0 -3.93308 0.738287 0 0 0.738287 0 0 0 0 0 0 0 0 0 0 0 0.738287 0 0 0 0 0 0 0 0 0 0 0 0 0 0 0 0.738287 0 0 0 0 0 0 0 0 0 0 0 0 0 0 0 0 0 0 0 0 0 
0 0 0 0.489964 0 0 0 0 0 0.489964 0.489964 -4.79219 0 0 0 1.10743 0 0 0 0 0 0 0 0 0 0 0 1.10743 0 0 0 0 0 0 0 0 0 0 0 0 0 0 0 1.10743 0 0 0 0 0 0 0 0 0 0 0 0 0 0 0 0 0 0 0 0 
0 0 0 0 0.489964 0 0 0 0.489964 0 0 0 -3.93308 0.738287 0.738287 0 0 0 0 0 0 0 0 0 0 0 0 0 0.738287 0 0 0 0 0 0 0 0 0 0 0 0 0 0 0 0.738287 0 0 0 0 0 0 0 0 0 0 0 0 0 0 0 0 0 0 0 
0 0 0 0 0 0.489964 0 0 0 0.489964 0 0 0.489964 -4.79219 0 1.10743 0 0 0 0 0 0 0 0 0 0 0 0 0 1.10743 0 0 0 0 0 0 0 0 0 0 0 0 0 0 0 1.10743 0 0 0 0 0 0 0 0 0 0 0 0 0 0 0 0 0 0 
0 0 0 0 0 0 0.489964 0 0 0 0.489964 0 0.489964 0 -4.79219 1.10743 0 0 0 0 0 0 0 0 0 0 0 0 0 0 1.10743 0 0 0 0 0 0 0 0 0 0 0 0 0 0 0 1.10743 0 0 0 0 0 0 0 0 0 0 0 0 0 0 0 0 0 
0 0 0 0 0 0 0 0.489964 0 0 0 0.489964 0 0.489964 0.489964 -4.91301 0 0 0 0 0 0 0 0 0 0 0 0 0 0 0 1.47657 0 0 0 0 0 0 0 0 0 0 0 0 0 0 0 1.47657 0 0 0 0 0 0 0 0 0 0 0 0 0 0 0 0 
0.489964 0 0 0 0 0 0 0 0 0 0 0 0 0 0 0 -2.33568 0.369144 0.369144 0 0.369144 0 0 0 0.369144 0 0 0 0 0 0 0 0 0 0 0 0 0 0 0 0 0 0 0 0 0 0 0 0.369144 0 0 0 0 0 0 0 0 0 0 0 0 0 0 0 
0 0.489964 0 0 0 0 0 0 0 0 0 0 0 0 0 0 0.489964 -3.93308 0 0.738287 0 0.738287 0 0 0 0.738287 0 0 0 0 0 0 0 0 0 0 0 0 0 0 0 0 0 0 0 0 0 0 0 0.738287 0 0 0 0 0 0 0 0 0 0 0 0 0 0 
0 0 0.489964 0 0 0 0 0 0 0 0 0 0 0 0 0 0.489964 0 -3.93308 0.738287 0 0 0.738287 0 0 0 0.738287 0 0 0 0 0 0 0 0 0 0 0 0 0 0 0 0 0 0 0 0 0 0 0 0.738287 0 0 0 0 0 0 0 0 0 0 0 0 0 
0 0 0 0.489964 0 0 0 0 0 0 0 0 0 0 0 0 0 0.489964 0.489964 -4.79219 0 0 0 1.10743 0 0 0 1.10743 0 0 0 0 0 0 0 0 0 0 0 0 0 0 0 0 0 0 0 0 0 0 0 1.10743 0 0 0 0 0 0 0 0 0 0 0 0 
0 0 0 0 0.489964 0 0 0 0 0 0 0 0 0 0 0 0.489964 0 0 0 -3.93308 0.738287 0.738287 0 0 0 0 0 0.738287 0 0 0 0 0 0 0 0 0 0 0 0 0 0 0 0 0 0 0 0 0 0 0 0.738287 0 0 0 0 0 0 0 0 0 0 0 
0 0 0 0 0 0.489964 0 0 0 0 0 0 0 0 0 0 0 0.489964 0 0 0.489964 -4.79219 0 1.10743 0 0 0 0 0 1.10743 0 0 0 0 0 0 0 0 0 0 0 0 0 0 0 0 0 0 0 0 0 0 0 1.10743 0 0 0 0 0 0 0 0 0 0 
0 0 0 0 0 0 0.489964 0 0 0 0 0 0 0 0 0 0 0 0.489964 0 0.489964 0 -4.79219 1.10743 0 0 0 0 0 0 1.10743 0 0 0 0 0 0 0 0 0 0 0 0 0 0 0 0 0 0 0 0 0 0 0 1.10743 0 0 0 0 0 0 0 0 0 
0 0 0 0 0 0 0 0.489964 0 0 0 0 0 0 0 0 0 0 0 0.489964 0 0.489964 0.489964 -4.91301 0 0 0 0 0 0 0 1.47657 0 0 0 0 0 0 0 0 0 0 0 0 0 0 0 0 0 0 0 0 0 0 0 1.47657 0 0 0 0 0 0 0 0 
0 0 0 0 0 0 0 0 0.489964 0 0 0 0 0 0 0 0.489964 0 0 0 0 0 0 0 -3.93308 0.738287 0.738287 0 0.738287 0 0 0 0 0 0 0 0 0 0 0 0 0 0 0 0 0 0 0 0 0 0 0 0 0 0 0 0.738287 0 0 0 0 0 0 0 
0 0 0 0 0 0 0 0 0 0.489964 0 0 0 0 0 0 0 0.489964 0 0 0 0 0 0 0.489964 -4.79219 0 1.10743 0 1.10743 0 0 0 0 0 0 0 0 0 0 0 0 0 0 0 0 0 0 0 0 0 0 0 0 0 0 0 1.10743 0 0 0 0 0 0 
0 0 0 0 0 0 0 0 0 0 0.489964 0 0 0 0 0 0 0 0.489964 0 0 0 0 0 0.489964 0 -4.79219 1.10743 0 0 1.10743 0 0 0 0 0 0 0 0 0 0 0 0 0 0 0 0 0 0 0 0 0 0 0 0 0 0 0 1.10743 0 0 0 0 0 
0 0 0 0 0 0 0 0 0 0 0 0.489964 0 0 0 0 0 0 0 0.489964 0 0 0 0 0 0.489964 0.489964 -4.91301 0 0 0 1.47657 0 0 0 0 0 0 0 0 0 0 0 0 0 0 0 0 0 0 0 0 0 0 0 0 0 0 0 1.47657 0 0 0 0 
0 0 0 0 0 0 0 0 0 0 0 0 0.489964 0 0 0 0 0 0 0 0.489964 0 0 0 0.489964 0 0 0 -4.79219 1.10743 1.10743 0 0 0 0 0 0 0 0 0 0 0 0 0 0 0 0 0 0 0 0 0 0 0 0 0 0 0 0 0 1.10743 0 0 0 
0 0 0 0 0 0 0 0 0 0 0 0 0 0.489964 0 0 0 0 0 0 0 0.489964 0 0 0 0.489964 0 0 0.489964 -4.91301 0 1.47657 0 0 0 0 0 0 0 0 0 0 0 0 0 0 0 0 0 0 0 0 0 0 0 0 0 0 0 0 0 1.47657 0 0 
0 0 0 0 0 0 0 0 0 0 0 0 0 0 0.489964 0 0 0 0 0 0 0 0.489964 0 0 0 0.489964 0 0.489964 0 -4.91301 1.47657 0 0 0 0 0 0 0 0 0 0 0 0 0 0 0 0 0 0 0 0 0 0 0 0 0 0 0 0 0 0 1.47657 0 
0 0 0 0 0 0 0 0 0 0 0 0 0 0 0 0.489964 0 0 0 0 0 0 0 0.489964 0 0 0 0.489964 0 0.489964 0.489964 -4.29554 0 0 0 0 0 0 0 0 0 0 0 0 0 0 0 0 0 0 0 0 0 0 0 0 0 0 0 0 0 0 0 1.84572 
0.489964 0 0 0 0 0 0 0 0 0 0 0 0 0 0 0 0 0 0 0 0 0 0 0 0 0 0 0 0 0 0 0 -2.33568 0.369144 0.369144 0 0.369144 0 0 0 0.369144 0 0 0 0 0 0 0 0.369144 0 0 0 0 0 0 0 0 0 0 0 0 0 0 0 
0 0.489964 0 0 0 0 0 0 0 0 0 0 0 0 0 0 0 0 0 0 0 0 0 0 0 0 0 0 0 0 0 0 0.489964 -3.93308 0 0.738287 0 0.738287 0 0 0 0.738287 0 0 0 0 0 0 0 0.738287 0 0 0 0 0 0 0 0 0 0 0 0 0 0 
0 0 0.489964 0 0 0 0 0 0 0 0 0 0 0 0 0 0 0 0 0 0 0 0 0 0 0 0 0 0 0 0 0 0.489964 0 -3.93308 0.738287 0 0 0.738287 0 0 0 0.738287 0 0 0 0 0 0 0 0.738287 0 0 0 0 0 0 0 0 0 0 0 0 0 
0 0 0 0.489964 0 0 0 0 0 0 0 0 0 0 0 0 0 0 0 0 0 0 0 0 0 0 0 0 0 0 0 0 0 0.489964 0.489964 -4.79219 0 0 0 1.10743 0 0 0 1.10743 0 0 0 0 0 0 0 1.10743 0 0 0 0 0 0 0 0 0 0 0 0 
0 0 0 0 0.489964 0 0 0 0 0 0 0 0 0 0 0 0 0 0 0 0 0 0 0 0 0 0 0 0 0 0 0 0.489964 0 0 0 -3.93308 0.738287 0.738287 0 0 0 0 0 0.738287 0 0 0 0 0 0 0 0.738287 0 0 0 0 0 0 0 0 0 0 0 
0 0 0 0 0 0.489964 0 0 0 0 0 0 0 0 0 0 0 0 0 0 0 0 0 0 0 0 0 0 0 0 0 0 0 0.489964 0 0 0.489964 -4.79219 0 1.10743 0 0 0 0 0 1.10743 0 0 0 0 0 0 0 1.10743 0 0 0 0 0 0 0 0 0 0 
0 0 0 0 0 0 0.489964 0 0 0 0 0 0 0 0 0 0 0 0 0 0 0 0 0 0 0 0 0 0 0 0 0 0 0 0.489964 0 0.489964 0 -4.79219 1.10743 0 0 0 0 0 0 1.10743 0 0 0 0 0 0 0 1.10743 0 0 0 0 0 0 0 0 0 
0 0 0 0 0 0 0 0.489964 0 0 0 0 0 0 0 0 0 0 0 0 0 0 0 0 0 0 0 0 0 0 0 0 0 0 0 0.489964 0 0.489964 0.489964 -4.91301 0 0 0 0 0 0 0 1.47657 0 0 0 0 0 0 0 1.47657 0 0 0 0 0 0 0 0 
0 0 0 0 0 0 0 0 0.489964 0 0 0 0 0 0 0 0 0 0 0 0 0 0 0 0 0 0 0 0 0 0 0 0.489964 0 0 0 0 0 0 0 -3.93308 0.738287 0.738287 0 0.738287 0 0 0 0 0 0 0 0 0 0 0 0.738287 0 0 0 0 0 0 0 
0 0 0 0 0 0 0 0 0 0.489964 0 0 0 0 0 0 0 0 0 0 0 0 0 0 0 0 0 0 0 0 0 0 0 0.489964 0 0 0 0 0 0 0.489964 -4.79219 0 1.10743 0 1.10743 0 0 0 0 0 0 0 0 0 0 0 1.10743 0 0 0 0 0 0 
0 0 0 0 0 0 0 0 0 0 0.489964 0 0 0 0 0 0 0 0 0 0 0 0 0 0 0 0 0 0 0 0 0 0 0 0.489964 0 0 0 0 0 0.489964 0 -4.79219 1.10743 0 0 1.10743 0 0 0 0 0 0 0 0 0 0 0 1.10743 0 0 0 0 0 
0 0 0 0 0 0 0 0 0 0 0 0.489964 0 0 0 0 0 0 0 0 0 0 0 0 0 0 0 0 0 0 0 0 0 0 0 0.489964 0 0 0 0 0 0.489964 0.489964 -4.91301 0 0 0 1.47657 0 0 0 0 0 0 0 0 0 0 0 1.47657 0 0 0 0 
0 0 0 0 0 0 0 0 0 0 0 0 0.489964 0 0 0 0 0 0 0 0 0 0 0 0 0 0 0 0 0 0 0 0 0 0 0 0.489964 0 0 0 0.489964 0 0 0 -4.79219 1.10743 1.10743 0 0 0 0 0 0 0 0 0 0 0 0 0 1.10743 0 0 0 
0 0 0 0 0 0 0 0 0 0 0 0 0 0.489964 0 0 0 0 0 0 0 0 0 0 0 0 0 0 0 0 0 0 0 0 0 0 0 0.489964 0 0 0 0.489964 0 0 0.489964 -4.91301 0 1.47657 0 0 0 0 0 0 0 0 0 0 0 0 0 1.47657 0 0 
0 0 0 0 0 0 0 0 0 0 0 0 0 0 0.489964 0 0 0 0 0 0 0 0 0 0 0 0 0 0 0 0 0 0 0 0 0 0 0 0.489964 0 0 0 0.489964 0 0.489964 0 -4.91301 1.47657 0 0 0 0 0 0 0 0 0 0 0 0 0 0 1.47657 0 
0 0 0 0 0 0 0 0 0 0 0 0 0 0 0 0.489964 0 0 0 0 0 0 0 0 0 0 0 0 0 0 0 0 0 0 0 0 0 0 0 0.489964 0 0 0 0.489964 0 0.489964 0.489964 -4.29554 0 0 0 0 0 0 0 0 0 0 0 0 0 0 0 1.84572 
0 0 0 0 0 0 0 0 0 0 0 0 0 0 0 0 0.489964 0 0 0 0 0 0 0 0 0 0 0 0 0 0 0 0.489964 0 0 0 0 0 0 0 0 0 0 0 0 0 0 0 -3.93308 0.738287 0.738287 0 0.738287 0 0 0 0.738287 0 0 0 0 0 0 0 
0 0 0 0 0 0 0 0 0 0 0 0 0 0 0 0 0 0.489964 0 0 0 0 0 0 0 0 0 0 0 0 0 0 0 0.489964 0 0 0 0 0 0 0 0 0 0 0 0 0 0 0.489964 -4.79219 0 1.10743 0 1.10743 0 0 0 1.10743 0 0 0 0 0 0 
0 0 0 0 0 0 0 0 0 0 0 0 0 0 0 0 0 0 0.489964 0 0 0 0 0 0 0 0 0 0 0 0 0 0 0 0.489964 0 0 0 0 0 0 0 0 0 0 0 0 0 0.489964 0 -4.79219 1.10743 0 0 1.10743 0 0 0 1.10743 0 0 0 0 0 
0 0 0 0 0 0 0 0 0 0 0 0 0 0 0 0 0 0 0 0.489964 0 0 0 0 0 0 0 0 0 0 0 0 0 0 0 0.489964 0 0 0 0 0 0 0 0 0 0 0 0 0 0.489964 0.489964 -4.91301 0 0 0 1.47657 0 0 0 1.47657 0 0 0 0 
0 0 0 0 0 0 0 0 0 0 0 0 0 0 0 0 0 0 0 0 0.489964 0 0 0 0 0 0 0 0 0 0 0 0 0 0 0 0.489964 0 0 0 0 0 0 0 0 0 0 0 0.489964 0 0 0 -4.79219 1.10743 1.10743 0 0 0 0 0 1.10743 0 0 0 
0 0 0 0 0 0 0 0 0 0 0 0 0 0 0 0 0 0 0 0 0 0.489964 0 0 0 0 0 0 0 0 0 0 0 0 0 0 0 0.489964 0 0 0 0 0 0 0 0 0 0 0 0.489964 0 0 0.489964 -4.91301 0 1.47657 0 0 0 0 0 1.47657 0 0 
0 0 0 0 0 0 0 0 0 0 0 0 0 0 0 0 0 0 0 0 0 0 0.489964 0 0 0 0 0 0 0 0 0 0 0 0 0 0 0 0.489964 0 0 0 0 0 0 0 0 0 0 0 0.489964 0 0.489964 0 -4.91301 1.47657 0 0 0 0 0 0 1.47657 0 
0 0 0 0 0 0 0 0 0 0 0 0 0 0 0 0 0 0 0 0 0 0 0 0.489964 0 0 0 0 0 0 0 0 0 0 0 0 0 0 0 0.489964 0 0 0 0 0 0 0 0 0 0 0 0.489964 0 0.489964 0.489964 -4.29554 0 0 0 0 0 0 0 1.84572 
0 0 0 0 0 0 0 0 0 0 0 0 0 0 0 0 0 0 0 0 0 0 0 0 0.489964 0 0 0 0 0 0 0 0 0 0 0 0 0 0 0 0.489964 0 0 0 0 0 0 0 0.489964 0 0 0 0 0 0 0 -4.79219 1.10743 1.10743 0 1.10743 0 0 0 
0 0 0 0 0 0 0 0 0 0 0 0 0 0 0 0 0 0 0 0 0 0 0 0 0 0.489964 0 0 0 0 0 0 0 0 0 0 0 0 0 0 0 0.489964 0 0 0 0 0 0 0 0.489964 0 0 0 0 0 0 0.489964 -4.91301 0 1.47657 0 1.47657 0 0 
0 0 0 0 0 0 0 0 0 0 0 0 0 0 0 0 0 0 0 0 0 0 0 0 0 0 0.489964 0 0 0 0 0 0 0 0 0 0 0 0 0 0 0 0.489964 0 0 0 0 0 0 0 0.489964 0 0 0 0 0 0.489964 0 -4.91301 1.47657 0 0 1.47657 0 
0 0 0 0 0 0 0 0 0 0 0 0 0 0 0 0 0 0 0 0 0 0 0 0 0 0 0 0.489964 0 0 0 0 0 0 0 0 0 0 0 0 0 0 0 0.489964 0 0 0 0 0 0 0 0.489964 0 0 0 0 0 0.489964 0.489964 -4.29554 0 0 0 1.84572 
0 0 0 0 0 0 0 0 0 0 0 0 0 0 0 0 0 0 0 0 0 0 0 0 0 0 0 0 0.489964 0 0 0 0 0 0 0 0 0 0 0 0 0 0 0 0.489964 0 0 0 0 0 0 0 0.489964 0 0 0 0.489964 0 0 0 -4.91301 1.47657 1.47657 0 
0 0 0 0 0 0 0 0 0 0 0 0 0 0 0 0 0 0 0 0 0 0 0 0 0 0 0 0 0 0.489964 0 0 0 0 0 0 0 0 0 0 0 0 0 0 0 0.489964 0 0 0 0 0 0 0 0.489964 0 0 0 0.489964 0 0 0.489964 -4.29554 0 1.84572 
0 0 0 0 0 0 0 0 0 0 0 0 0 0 0 0 0 0 0 0 0 0 0 0 0 0 0 0 0 0 0.489964 0 0 0 0 0 0 0 0 0 0 0 0 0 0 0 0.489964 0 0 0 0 0 0 0 0.489964 0 0 0 0.489964 0 0.489964 0 -4.29554 1.84572 
0 0 0 0 0 0 0 0 0 0 0 0 0 0 0 0 0 0 0 0 0 0 0 0 0 0 0 0 0 0 0 0.489964 0 0 0 0 0 0 0 0 0 0 0 0 0 0 0 0.489964 0 0 0 0 0 0 0 0.489964 0 0 0 0.489964 0 0.489964 0.489964 -2.93979 
