64
-0 0 0 0 0 0 0 0 0 0 0 0 0 0 0 0 0 0 0 0 0 0 0 0 0 0 0 0 0 0 0 0 0 0 0 0 0 0 0 0 0 0 0 0 0 0 0 0 0 0 0 0 0 0 0 0 0 0 0 0 0 0 0 0 
0.555689 -2.98356 0 0.485573 0 0.485573 0 0 0 0.485573 0 0 0 0 0 0 0 0.485573 0 0 0 0 0 0 0 0 0 0 0 0 0 0 0 0.485573 0 0 0 0 0 0 0 0 0 0 0 0 0 0 0 0 0 0 0 0 0 0 0 0 0 0 0 0 0 0 
0.555689 0 -2.98356 0.485573 0 0 0.485573 0 0 0 0.485573 0 0 0 0 0 0 0 0.485573 0 0 0 0 0 0 0 0 0 0 0 0 0 0 0 0.485573 0 0 0 0 0 0 0 0 0 0 0 0 0 0 0 0 0 0 0 0 0 0 0 0 0 0 0 0 0 
0 0.555689 0.555689 -4.99597 0 0 0 0.971147 0 0 0 0.971147 0 0 0 0 0 0 0 0.971147 0 0 0 0 0 0 0 0 0 0 0 0 0 0 0 0.971147 0 0 0 0 0 0 0 0 0 0 0 0 0 0 0 0 0 0 0 0 0 0 0 0 0 0 0 0 
0.555689 0 0 0 -2.98356 0.485573 0.485573 0 0 0 0 0 0.485573 0 0 0 0 0 0 0 0.485573 0 0 0 0 0 0 0 0 0 0 0 0 0 0 0 0.485573 0 0 0 0 0 0 0 0 0 0 0 0 0 0 0 0 0 0 0 0 0 0 0 0 0 0 0 
0 0.555689 0 0 0.555689 -4.99597 0 0.971147 0 0 0 0 0 0.971147 0 0 0 0 0 0 0 0.971147 0 0 0 0 0 0 0 0 0 0 0 0 0 0 0 0.971147 0 0 0 0 0 0 0 0 0 0 0 0 0 0 0 0 0 0 0 0 0 0 0 0 0 0 
0 0 0.555689 0 0.555689 0 -4.99597 0.971147 0 0 0 0 0 0 0.971147 0 0 0 0 0 0 0 0.971147 0 0 0 0 0 0 0 0 0 0 0 0 0 0 0 0.971147 0 0 0 0 0 0 0 0 0 0 0 0 0 0 0 0 0 0 0 0 0 0 0 0 0 
0 0 0 0.555689 0 0.555689 0.555689 -6.03723 0 0 0 0 0 0 0 1.45672 0 0 0 0 0 0 0 1.45672 0 0 0 0 0 0 0 0 0 0 0 0 0 0 0 1.45672 0 0 0 0 0 0 0 0 0 0 0 0 0 0 0 0 0 0 0 0 0 0 0 0 
0.555689 0 0 0 0 0 0 0 -2.98356 0.485573 0.485573 0 0.485573 0 0 0 0 0 0 0 0 0 0 0 0.485573 0 0 0 0 0 0 0 0 0 0 0 0 0 0 0 0.485573 0 0 0 0 0 0 0 0 0 0 0 0 0 0 0 0 0 0 0 0 0 0 0 
0 0.555689 0 0 0 0 0 0 0.555689 -4.99597 0 0.971147 0 0.971147 0 0 0 0 0 0 0 0 0 0 0 0.971147 0 0 0 0 0 0 0 0 0 0 0 0 0 0 0 0.971147 0 0 0 0 0 0 0 0 0 0 0 0 0 0 0 0 0 0 0 0 0 0 
0 0 0.555689 0 0 0 0 0 0.555689 0 -4.99597 0.971147 0 0 0.971147 0 0 0 0 0 0 0 0 0 0 0 0.971147 0 0 0 0 0 0 0 0 0 0 0 0 0 0 0 0.971147 0 0 0 0 0 0 0 0 0 0 0 0 0 0 0 0 0 0 0 0 0 
0 0 0 0.555689 0 0 0 0 0 0.555689 0.555689 -6.03723 0 0 0 1.45672 0 0 0 0 0 0 0 0 0 0 0 1.45672 0 0 0 0 0 0 0 0 0 0 0 0 0 0 0 1.45672 0 0 0 0 0 0 0 0 0 0 0 0 0 0 0 0 0 0 0 0 
0 0 0 0 0.555689 0 0 0 0.555689 0 0 0 -4.99597 0.971147 0.971147 0 0 0 0 0 0 0 0 0 0 0 0 0 0.971147 0 0 0 0 0 0 0 0 0 0 0 0 0 0 0 0.971147 0 0 0 0 0 0 0 0 0 0 0 0 0 0 0 0 0 0 0 
0 0 0 0 0 0.555689 0 0 0 0.555689 0 0 0.555689 -6.03723 0 1.45672 0 0 0 0 0 0 0 0 0 0 0 0 0 1.45672 0 0 0 0 0 0 0 0 0 0 0 0 0 0 0 1.45672 0 0 0 0 0 0 0 0 0 0 0 0 0 0 0 0 0 0 
0 0 0 0 0 0 0.555689 0 0 0 0.555689 0 0.555689 0 -6.03723 1.45672 0 0 0 0 0 0 0 0 0 0 0 0 0 0 1.45672 0 0 0 0 0 0 0 0 0 0 0 0 0 0 0 1.45672 0 0 0 0 0 0 0 0 0 0 0 0 0 0 0 0 0 
0 0 0 0 0 0 0 0.555689 0 0 0 0.555689 0 0.555689 0.555689 -6.10734 0 0 0 0 0 0 0 0 0 0 0 0 0 0 0 1.94229 0 0 0 0 0 0 0 0 0 0 0 0 0 0 0 1.94229 0 0 0 0 0 0 0 0 0 0 0 0 0 0 0 0 
0.555689 0 0 0 0 0 0 0 0 0 0 0 0 0 0 0 -2.98356 0.485573 0.485573 0 0.485573 0 0 0 0.485573 0 0 0 0 0 0 0 0 0 0 0 0 0 0 0 0 0 0 0 0 0 0 0 0.485573 0 0 0 0 0 0 0 0 0 0 0 0 0 0 0 
0 0.555689 0 0 0 0 0 0 0 0 0 0 0 0 0 0 0.555689 -4.99597 0 0.971147 0 0.971147 0 0 0 0.971147 0 0 0 0 0 0 0 0 0 0 0 0 0 0 0 0 0 0 0 0 0 0 0 0.971147 0 0 0 0 0 0 0 0 0 0 0 0 0 0 
0 0 0.555689 0 0 0 0 0 0 0 0 0 0 0 0 0 0.555689 0 -4.99597 0.971147 0 0 0.971147 0 0 0 0.971147 0 0 0 0 0 0 0 0 0 0 0 0 0 0 0 0 0 0 0 0 0 0 0 0.971147 0 0 0 0 0 0 0 0 0 0 0 0 0 
0 0 0 0.555689 0 0 0 0 0 0 0 0 0 0 0 0 0 0.555689 0.555689 -6.03723 0 0 0 1.45672 0 0 0 1.45672 0 0 0 0 0 0 0 0 0 0 0 0 0 0 0 0 0 0 0 0 0 0 0 1.45672 0 0 0 0 0 0 0 0 0 0 0 0 
0 0 0 0 0.555689 0 0 0 0 0 0 0 0 0 0 0 0.555689 0 0 0 -4.99597 0.971147 0.971147 0 0 0 0 0 0.971147 0 0 0 0 0 0 0 0 0 0 0 0 0 0 0 0 0 0 0 0 0 0 0 0.971147 0 0 0 0 0 0 0 0 0 0 0 
0 0 0 0 0 0.555689 0 0 0 0 0 0 0 0 0 0 0 0.555689 0 0 0.555689 -6.03723 0 1.45672 0 0 0 0 0 1.45672 0 0 0 0 0 0 0 0 0 0 0 0 0 0 0 0 0 0 0 0 0 0 0 1.45672 0 0 0 0 0 0 0 0 0 0 
0 0 0 0 0 0 0.555689 0 0 0 0 0 0 0 0 0 0 0 0.555689 0 0.555689 0 -6.03723 1.45672 0 0 0 0 0 0 1.45672 0 0 0 0 0 0 0 0 0 0 0 0 0 0 0 0 0 0 0 0 0 0 0 1.45672 0 0 0 0 0 0 0 0 0 
0 0 0 0 0 0 0 0.555689 0 0 0 0 0 0 0 0 0 0 0 0.555689 0 0.555689 0.555689 -6.10734 0 0 0 0 0 0 0 1.94229 0 0 0 0 0 0 0 0 0 0 0 0 0 0 0 0 0 0 0 0 0 0 0 1.94229 0 0 0 0 0 0 0 0 
0 0 0 0 0 0 0 0 0.555689 0 0 0 0 0 0 0 0.555689 0 0 0 0 0 0 0 -4.99597 0.971147 0.971147 0 0.971147 0 0 0 0 0 0 0 0 0 0 0 0 0 0 0 0 0 0 0 0 0 0 0 0 0 0 0 0.971147 0 0 0 0 0 0 0 
0 0 0 0 0 0 0 0 0 0.555689 0 0 0 0 0 0 0 0.555689 0 0 0 0 0 0 0.555689 -6.03723 0 1.45672 0 1.45672 0 0 0 0 0 0 0 0 0 0 0 0 0 0 0 0 0 0 0 0 0 0 0 0 0 0 0 1.45672 0 0 0 0 0 0 
0 0 0 0 0 0 0 0 0 0 0.555689 0 0 0 0 0 0 0 0.555689 0 0 0 0 0 0.555689 0 -6.03723 1.45672 0 0 1.45672 0 0 0 0 0 0 0 0 0 0 0 0 0 0 0 0 0 0 0 0 0 0 0 0 0 0 0 1.45672 0 0 0 0 0 
0 0 0 0 0 0 0 0 0 0 0 0.555689 0 0 0 0 0 0 0 0.555689 0 0 0 0 0 0.555689 0.555689 -6.10734 0 0 0 1.94229 0 0 0 0 0 0 0 0 0 0 0 0 0 0 0 0 0 0 0 0 0 0 0 0 0 0 0 1.94229 0 0 0 0 
0 0 0 0 0 0 0 0 0 0 0 0 0.555689 0 0 0 0 0 0 0 0.555689 0 0 0 0.555689 0 0 0 -6.03723 1.45672 1.45672 0 0 0 0 0 0 0 0 0 0 0 0 0 0 0 0 0 0 0 0 0 0 0 0 0 0 0 0 0 1.45672 0 0 0 
0 0 0 0 0 0 0 0 0 0 0 0 0 0.555689 0 0 0 0 0 0 0 0.555689 0 0 0 0.555689 0 0 0.555689 -6.10734 0 1.94229 0 0 0 0 0 0 0 0 0 0 0 0 0 0 0 0 0 0 0 0 0 0 0 0 0 0 0 0 0 1.94229 0 0 
0 0 0 0 0 0 0 0 0 0 0 0 0 0 0.555689 0 0 0 0 0 0 0 0.555689 0 0 0 0.555689 0 0.555689 0 -6.10734 1.94229 0 0 0 0 0 0 0 0 0 0 0 0 0 0 0 0 0 0 0 0 0 0 0 0 0 0 0 0 0 0 1.94229 0 
0 0 0 0 0 0 0 0 0 0 0 0 0 0 0 0.555689 0 0 0 0 0 0 0 0.555689 0 0 0 0.555689 0 0.555689 0.555689 -5.20631 0 0 0 0 0 0 0 0 0 0 0 0 0 0 0 0 0 0 0 0 0 0 0 0 0 0 0 0 0 0 0 2.42787 
0.555689 0 0 0 0 0 0 0 0 0 0 0 0 0 0 0 0 0 0 0 0 0 0 0 0 0 0 0 0 0 0 0 -2.98356 0.485573 0.485573 0 0.485573 0 0 0 0.485573 0 0 0 0 0 0 0 0.485573 0 0 0 0 0 0 0 0 0 0 0 0 0 0 0 
0 0.555689 0 0 0 0 0 0 0 0 0 0 0 0 0 0 0 0 0 0 0 0 0 0 0 0 0 0 0 0 0 0 0.555689 -4.99597 0 0.971147 0 0.971147 0 0 0 0.971147 0 0 0 0 0 0 0 0.971147 0 0 0 0 0 0 0 0 0 0 0 0 0 0 
0 0 0.555689 0 0 0 0 0 0 0 0 0 0 0 0 0 0 0 0 0 0 0 0 0 0 0 0 0 0 0 0 0 0.555689 0 -4.99597 0.971147 0 0 0.971147 0 0 0 0.971147 0 0 0 0 0 0 0 0.971147 0 0 0 0 0 0 0 0 0 0 0 0 0 
0 0 0 0.555689 0 0 0 0 0 0 0 0 0 0 0 0 0 0 0 0 0 0 0 0 0 0 0 0 0 0 0 0 0 0.555689 0.555689 -6.03723 0 0 0 1.45672 0 0 0 1.45672 0 0 0 0 0 0 0 1.45672 0 0 0 0 0 0 0 0 0 0 0 0 
0 0 0 0 0.555689 0 0 0 0 0 0 0 0 0 0 0 0 0 0 0 0 0 0 0 0 0 0 0 0 0 0 0 0.555689 0 0 0 -4.99597 0.971147 0.971147 0 0 0 0 0 0.971147 0 0 0 0 0 0 0 0.971147 0 0 0 0 0 0 0 0 0 0 0 
0 0 0 0 0 0.555689 0 0 0 0 0 0 0 0 0 0 0 0 0 0 0 0 0 0 0 0 0 0 0 0 0 0 0 0.555689 0 0 0.555689 -6.03723 0 1.45672 0 0 0 0 0 1.45672 0 0 0 0 0 0 0 1.45672 0 0 0 0 0 0 0 0 0 0 
0 0 0 0 0 0 0.555689 0 0 0 0 0 0 0 0 0 0 0 0 0 0 0 0 0 0 0 0 0 0 0 0 0 0 0 0.555689 0 0.555689 0 -6.03723 1.45672 0 0 0 0 0 0 1.45672 0 0 0 0 0 0 0 1.45672 0 0 0 0 0 0 0 0 0 
0 0 0 0 0 0 0 0.555689 0 0 0 0 0 0 0 0 0 0 0 0 0 0 0 0 0 0 0 0 0 0 0 0 0 0 0 0.555689 0 0.555689 0.555689 -6.10734 0 0 0 0 0 0 0 1.94229 0 0 0 0 0 0 0 1.94229 0 0 0 0 0 0 0 0 
0 0 0 0 0 0 0 0 0.555689 0 0 0 0 0 0 0 0 0 0 0 0 0 0 0 0 0 0 0 0 0 0 0 0.555689 0 0 0 0 0 0 0 -4.99597 0.971147 0.971147 0 0.971147 0 0 0 0 0 0 0 0 0 0 0 0.971147 0 0 0 0 0 0 0 
0 0 0 0 0 0 0 0 0 0.555689 0 0 0 0 0 0 0 0 0 0 0 0 0 0 0 0 0 0 0 0 0 0 0 0.555689 0 0 0 0 0 0 0.555689 -6.03723 0 1.45672 0 1.45672 0 0 0 0 0 0 0 0 0 0 0 1.45672 0 0 0 0 0 0 
0 0 0 0 0 0 0 0 0 0 0.555689 0 0 0 0 0 0 0 0 0 0 0 0 0 0 0 0 0 0 0 0 0 0 0 0.555689 0 0 0 0 0 0.555689 0 -6.03723 1.45672 0 0 1.45672 0 0 0 0 0 0 0 0 0 0 0 1.45672 0 0 0 0 0 
0 0 0 0 0 0 0 0 0 0 0 0.555689 0 0 0 0 0 0 0 0 0 0 0 0 0 0 0 0 0 0 0 0 0 0 0 0.555689 0 0 0 0 0 0.555689 0.555689 -6.10734 0 0 0 1.94229 0 0 0 0 0 0 0 0 0 0 0 1.94229 0 0 0 0 
0 0 0 0 0 0 0 0 0 0 0 0 0.555689 0 0 0 0 0 0 0 0 0 0 0 0 0 0 0 0 0 0 0 0 0 0 0 0.555689 0 0 0 0.555689 0 0 0 -6.03723 1.45672 1.45672 0 0 0 0 0 0 0 0 0 0 0 0 0 1.45672 0 0 0 
0 0 0 0 0 0 0 0 0 0 0 0 0 0.555689 0 0 0 0 0 0 0 0 0 0 0 0 0 0 0 0 0 0 0 0 0 0 0 0.555689 0 0 0 0.555689 0 0 0.555689 -6.10734 0 1.94229 0 0 0 0 0 0 0 0 0 0 0 0 0 1.94229 0 0 
0 0 0 0 0 0 0 0 0 0 0 0 0 0 0.555689 0 0 0 0 0 0 0 0 0 0 0 0 0 0 0 0 0 0 0 0 0 0 0 0.555689 0 0 0 0.555689 0 0.555689 0 -6.10734 1.94229 0 0 0 0 0 0 0 0 0 0 0 0 0 0 1.94229 0 
0 0 0 0 0 0 0 0 0 0 0 0 0 0 0 0.555689 0 0 0 0 0 0 0 0 0 0 0 0 0 0 0 0 0 0 0 0 0 0 0 0.555689 0 0 0 0.555689 0 0.555689 0.555689 -5.20631 0 0 0 0 0 0 0 0 0 0 0 0 0 0 0 2.42787 
0 0 0 0 0 0 0 0 0 0 0 0 0 0 0 0 0.555689 0 0 0 0 0 0 0 0 0 0 0 0 0 0 0 0.555689 0 0 0 0 0 0 0 0 0 0 0 0 0 0 0 -4.99597 0.971147 0.971147 0 0.971147 0 0 0 0.971147 0 0 0 0 0 0 0 
0 0 0 0 0 0 0 0 0 0 0 0 0 0 0 0 0 0.555689 0 0 0 0 0 0 0 0 0 0 0 0 0 0 0 0.555689 0 0 0 0 0 0 0 0 0 0 0 0 0 0 0.555689 -6.03723 0 1.45672 0 1.45672 0 0 0 1.45672 0 0 0 0 0 0 
0 0 0 0 0 0 0 0 0 0 0 0 0 0 0 0 0 0 0.555689 0 0 0 0 0 0 0 0 0 0 0 0 0 0 0 0.555689 0 0 0 0 0 0 0 0 0 0 0 0 0 0.555689 0 -6.03723 1.45672 0 0 1.45672 0 0 0 1.45672 0 0 0 0 0 
0 0 0 0 0 0 0 0 0 0 0 0 0 0 0 0 0 0 0 0.555689 0 0 0 0 0 0 0 0 0 0 0 0 0 0 0 0.555689 0 0 0 0 0 0 0 0 0 0 0 0 0 0.555689 0.555689 -6.10734 0 0 0 1.94229 0 0 0 1.94229 0 0 0 0 
0 0 0 0 0 0 0 0 0 0 0 0 0 0 0 0 0 0 0 0 0.555689 0 0 0 0 0 0 0 0 0 0 0 0 0 0 0 0.555689 0 0 0 0 0 0 0 0 0 0 0 0.555689 0 0 0 -6.03723 1.45672 1.45672 0 0 0 0 0 1.45672 0 0 0 
0 0 0 0 0 0 0 0 0 0 0 0 0 0 0 0 0 0 0 0 0 0.555689 0 0 0 0 0 0 0 0 0 0 0 0 0 0 0 0.555689 0 0 0 0 0 0 0 0 0 0 0 0.555689 0 0 0.555689 -6.10734 0 1.94229 0 0 0 0 0 1.94229 0 0 
0 0 0 0 0 0 0 0 0 0 0 0 0 0 0 0 0 0 0 0 0 0 0.555689 0 0 0 0 0 0 0 0 0 0 0 0 0 0 0 0.555689 0 0 0 0 0 0 0 0 0 0 0 0.555689 0 0.555689 0 -6.10734 1.94229 0 0 0 0 0 0 1.94229 0 
0 0 0 0 0 0 0 0 0 0 0 0 0 0 0 0 0 0 0 0 0 0 0 0.555689 0 0 0 0 0 0 0 0 0 0 0 0 0 0 0 0.555689 0 0 0 0 0 0 0 0 0 0 0 0.555689 0 0.555689 0.555689 -5.20631 0 0 0 0 0 0 0 2.42787 
0 0 0 0 0 0 0 0 0 0 0 0 0 0 0 0 0 0 0 0 0 0 0 0 0.555689 0 0 0 0 0 0 0 0 0 0 0 0 0 0 0 0.555689 0 0 0 0 0 0 0 0.555689 0 0 0 0 0 0 0 -6.03723 1.45672 1.45672 0 1.45672 0 0 0 
0 0 0 0 0 0 0 0 0 0 0 0 0 0 0 0 0 0 0 0 0 0 0 0 0 0.555689 0 0 0 0 0 0 0 0 0 0 0 0 0 0 0 0.555689 0 0 0 0 0 0 0 0.555689 0 0 0 0 0 0 0.555689 -6.10734 0 1.94229 0 1.94229 0 0 
0 0 0 0 0 0 0 0 0 0 0 0 0 0 0 0 0 0 0 0 0 0 0 0 0 0 0.555689 0 0 0 0 0 0 0 0 0 0 0 0 0 0 0 0.555689 0 0 0 0 0 0 0 0.555689 0 0 0 0 0 0.555689 0 -6.10734 1.94229 0 0 1.94229 0 
0 0 0 0 0 0 0 0 0 0 0 0 0 0 0 0 0 0 0 0 0 0 0 0 0 0 0 0.555689 0 0 0 0 0 0 0 0 0 0 0 0 0 0 0 0.555689 0 0 0 0 0 0 0 0.555689 0 0 0 0 0 0.555689 0.555689 -5.20631 0 0 0 2.42787 
0 0 0 0 0 0 0 0 0 0 0 0 0 0 0 0 0 0 0 0 0 0 0 0 0 0 0 0 0.555689 0 0 0 0 0 0 0 0 0 0 0 0 0 0 0 0.555689 0 0 0 0 0 0 0 0.555689 0 0 0 0.555689 0 0 0 -6.10734 1.94229 1.94229 0 
0 0 0 0 0 0 0 0 0 0 0 0 0 0 0 0 0 0 0 0 0 0 0 0 0 0 0 0 0 0.555689 0 0 0 0 0 0 0 0 0 0 0 0 0 0 0 0.555689 0 0 0 0 0 0 0 0.555689 0 0 0 0.555689 0 0 0.555689 -5.20631 0 2.42787 
0 0 0 0 0 0 0 0 0 0 0 0 0 0 0 0 0 0 0 0 0 0 0 0 0 0 0 0 0 0 0.555689 0 0 0 0 0 0 0 0 0 0 0 0 0 0 0 0.555689 0 0 0 0 0 0 0 0.555689 0 0 0 0.555689 0 0.555689 0 -5.20631 2.42787 
0 0 0 0 0 0 0 0 0 0 0 0 0 0 0 0 0 0 0 0 0 0 0 0 0 0 0 0 0 0 0 0.555689 0 0 0 0 0 0 0 0 0 0 0 0 0 0 0 0.555689 0 0 0 0 0 0 0 0.555689 0 0 0 0.555689 0 0.555689 0.555689 -3.33413 
