64
-0 0 0 0 0 0 0 0 0 0 0 0 0 0 0 0 0 0 0 0 0 0 0 0 0 0 0 0 0 0 0 0 0 0 0 0 0 0 0 0 0 0 0 0 0 0 0 0 0 0 0 0 0 0 0 0 0 0 0 0 0 0 0 0 
0.846073 -3.92212 0 0.615209 0 0.615209 0 0 0 0.615209 0 0 0 0 0 0 0 0.615209 0 0 0 0 0 0 0 0 0 0 0 0 0 0 0 0.615209 0 0 0 0 0 0 0 0 0 0 0 0 0 0 0 0 0 0 0 0 0 0 0 0 0 0 0 0 0 0 
0.846073 0 -3.92212 0.615209 0 0 0.615209 0 0 0 0.615209 0 0 0 0 0 0 0 0.615209 0 0 0 0 0 0 0 0 0 0 0 0 0 0 0 0.615209 0 0 0 0 0 0 0 0 0 0 0 0 0 0 0 0 0 0 0 0 0 0 0 0 0 0 0 0 0 
0 0.846073 0.846073 -6.61382 0 0 0 1.23042 0 0 0 1.23042 0 0 0 0 0 0 0 1.23042 0 0 0 0 0 0 0 0 0 0 0 0 0 0 0 1.23042 0 0 0 0 0 0 0 0 0 0 0 0 0 0 0 0 0 0 0 0 0 0 0 0 0 0 0 0 
0.846073 0 0 0 -3.92212 0.615209 0.615209 0 0 0 0 0 0.615209 0 0 0 0 0 0 0 0.615209 0 0 0 0 0 0 0 0 0 0 0 0 0 0 0 0.615209 0 0 0 0 0 0 0 0 0 0 0 0 0 0 0 0 0 0 0 0 0 0 0 0 0 0 0 
0 0.846073 0 0 0.846073 -6.61382 0 1.23042 0 0 0 0 0 1.23042 0 0 0 0 0 0 0 1.23042 0 0 0 0 0 0 0 0 0 0 0 0 0 0 0 1.23042 0 0 0 0 0 0 0 0 0 0 0 0 0 0 0 0 0 0 0 0 0 0 0 0 0 0 
0 0 0.846073 0 0.846073 0 -6.61382 1.23042 0 0 0 0 0 0 1.23042 0 0 0 0 0 0 0 1.23042 0 0 0 0 0 0 0 0 0 0 0 0 0 0 0 1.23042 0 0 0 0 0 0 0 0 0 0 0 0 0 0 0 0 0 0 0 0 0 0 0 0 0 
0 0 0 0.846073 0 0.846073 0.846073 -8.0751 0 0 0 0 0 0 0 1.84563 0 0 0 0 0 0 0 1.84563 0 0 0 0 0 0 0 0 0 0 0 0 0 0 0 1.84563 0 0 0 0 0 0 0 0 0 0 0 0 0 0 0 0 0 0 0 0 0 0 0 0 
0.846073 0 0 0 0 0 0 0 -3.92212 0.615209 0.615209 0 0.615209 0 0 0 0 0 0 0 0 0 0 0 0.615209 0 0 0 0 0 0 0 0 0 0 0 0 0 0 0 0.615209 0 0 0 0 0 0 0 0 0 0 0 0 0 0 0 0 0 0 0 0 0 0 0 
0 0.846073 0 0 0 0 0 0 0.846073 -6.61382 0 1.23042 0 1.23042 0 0 0 0 0 0 0 0 0 0 0 1.23042 0 0 0 0 0 0 0 0 0 0 0 0 0 0 0 1.23042 0 0 0 0 0 0 0 0 0 0 0 0 0 0 0 0 0 0 0 0 0 0 
0 0 0.846073 0 0 0 0 0 0.846073 0 -6.61382 1.23042 0 0 1.23042 0 0 0 0 0 0 0 0 0 0 0 1.23042 0 0 0 0 0 0 0 0 0 0 0 0 0 0 0 1.23042 0 0 0 0 0 0 0 0 0 0 0 0 0 0 0 0 0 0 0 0 0 
0 0 0 0.846073 0 0 0 0 0 0.846073 0.846073 -8.0751 0 0 0 1.84563 0 0 0 0 0 0 0 0 0 0 0 1.84563 0 0 0 0 0 0 0 0 0 0 0 0 0 0 0 1.84563 0 0 0 0 0 0 0 0 0 0 0 0 0 0 0 0 0 0 0 0 
0 0 0 0 0.846073 0 0 0 0.846073 0 0 0 -6.61382 1.23042 1.23042 0 0 0 0 0 0 0 0 0 0 0 0 0 1.23042 0 0 0 0 0 0 0 0 0 0 0 0 0 0 0 1.23042 0 0 0 0 0 0 0 0 0 0 0 0 0 0 0 0 0 0 0 
0 0 0 0 0 0.846073 0 0 0 0.846073 0 0 0.846073 -8.0751 0 1.84563 0 0 0 0 0 0 0 0 0 0 0 0 0 1.84563 0 0 0 0 0 0 0 0 0 0 0 0 0 0 0 1.84563 0 0 0 0 0 0 0 0 0 0 0 0 0 0 0 0 0 0 
0 0 0 0 0 0 0.846073 0 0 0 0.846073 0 0.846073 0 -8.0751 1.84563 0 0 0 0 0 0 0 0 0 0 0 0 0 0 1.84563 0 0 0 0 0 0 0 0 0 0 0 0 0 0 0 1.84563 0 0 0 0 0 0 0 0 0 0 0 0 0 0 0 0 0 
0 0 0 0 0 0 0 0.846073 0 0 0 0.846073 0 0.846073 0.846073 -8.30597 0 0 0 0 0 0 0 0 0 0 0 0 0 0 0 2.46084 0 0 0 0 0 0 0 0 0 0 0 0 0 0 0 2.46084 0 0 0 0 0 0 0 0 0 0 0 0 0 0 0 0 
0.846073 0 0 0 0 0 0 0 0 0 0 0 0 0 0 0 -3.92212 0.615209 0.615209 0 0.615209 0 0 0 0.615209 0 0 0 0 0 0 0 0 0 0 0 0 0 0 0 0 0 0 0 0 0 0 0 0.615209 0 0 0 0 0 0 0 0 0 0 0 0 0 0 0 
0 0.846073 0 0 0 0 0 0 0 0 0 0 0 0 0 0 0.846073 -6.61382 0 1.23042 0 1.23042 0 0 0 1.23042 0 0 0 0 0 0 0 0 0 0 0 0 0 0 0 0 0 0 0 0 0 0 0 1.23042 0 0 0 0 0 0 0 0 0 0 0 0 0 0 
0 0 0.846073 0 0 0 0 0 0 0 0 0 0 0 0 0 0.846073 0 -6.61382 1.23042 0 0 1.23042 0 0 0 1.23042 0 0 0 0 0 0 0 0 0 0 0 0 0 0 0 0 0 0 0 0 0 0 0 1.23042 0 0 0 0 0 0 0 0 0 0 0 0 0 
0 0 0 0.846073 0 0 0 0 0 0 0 0 0 0 0 0 0 0.846073 0.846073 -8.0751 0 0 0 1.84563 0 0 0 1.84563 0 0 0 0 0 0 0 0 0 0 0 0 0 0 0 0 0 0 0 0 0 0 0 1.84563 0 0 0 0 0 0 0 0 0 0 0 0 
0 0 0 0 0.846073 0 0 0 0 0 0 0 0 0 0 0 0.846073 0 0 0 -6.61382 1.23042 1.23042 0 0 0 0 0 1.23042 0 0 0 0 0 0 0 0 0 0 0 0 0 0 0 0 0 0 0 0 0 0 0 1.23042 0 0 0 0 0 0 0 0 0 0 0 
0 0 0 0 0 0.846073 0 0 0 0 0 0 0 0 0 0 0 0.846073 0 0 0.846073 -8.0751 0 1.84563 0 0 0 0 0 1.84563 0 0 0 0 0 0 0 0 0 0 0 0 0 0 0 0 0 0 0 0 0 0 0 1.84563 0 0 0 0 0 0 0 0 0 0 
0 0 0 0 0 0 0.846073 0 0 0 0 0 0 0 0 0 0 0 0.846073 0 0.846073 0 -8.0751 1.84563 0 0 0 0 0 0 1.84563 0 0 0 0 0 0 0 0 0 0 0 0 0 0 0 0 0 0 0 0 0 0 0 1.84563 0 0 0 0 0 0 0 0 0 
0 0 0 0 0 0 0 0.846073 0 0 0 0 0 0 0 0 0 0 0 0.846073 0 0.846073 0.846073 -8.30597 0 0 0 0 0 0 0 2.46084 0 0 0 0 0 0 0 0 0 0 0 0 0 0 0 0 0 0 0 0 0 0 0 2.46084 0 0 0 0 0 0 0 0 
0 0 0 0 0 0 0 0 0.846073 0 0 0 0 0 0 0 0.846073 0 0 0 0 0 0 0 -6.61382 1.23042 1.23042 0 1.23042 0 0 0 0 0 0 0 0 0 0 0 0 0 0 0 0 0 0 0 0 0 0 0 0 0 0 0 1.23042 0 0 0 0 0 0 0 
0 0 0 0 0 0 0 0 0 0.846073 0 0 0 0 0 0 0 0.846073 0 0 0 0 0 0 0.846073 -8.0751 0 1.84563 0 1.84563 0 0 0 0 0 0 0 0 0 0 0 0 0 0 0 0 0 0 0 0 0 0 0 0 0 0 0 1.84563 0 0 0 0 0 0 
0 0 0 0 0 0 0 0 0 0 0.846073 0 0 0 0 0 0 0 0.846073 0 0 0 0 0 0.846073 0 -8.0751 1.84563 0 0 1.84563 0 0 0 0 0 0 0 0 0 0 0 0 0 0 0 0 0 0 0 0 0 0 0 0 0 0 0 1.84563 0 0 0 0 0 
0 0 0 0 0 0 0 0 0 0 0 0.846073 0 0 0 0 0 0 0 0.846073 0 0 0 0 0 0.846073 0.846073 -8.30597 0 0 0 2.46084 0 0 0 0 0 0 0 0 0 0 0 0 0 0 0 0 0 0 0 0 0 0 0 0 0 0 0 2.46084 0 0 0 0 
0 0 0 0 0 0 0 0 0 0 0 0 0.846073 0 0 0 0 0 0 0 0.846073 0 0 0 0.846073 0 0 0 -8.0751 1.84563 1.84563 0 0 0 0 0 0 0 0 0 0 0 0 0 0 0 0 0 0 0 0 0 0 0 0 0 0 0 0 0 1.84563 0 0 0 
0 0 0 0 0 0 0 0 0 0 0 0 0 0.846073 0 0 0 0 0 0 0 0.846073 0 0 0 0.846073 0 0 0.846073 -8.30597 0 2.46084 0 0 0 0 0 0 0 0 0 0 0 0 0 0 0 0 0 0 0 0 0 0 0 0 0 0 0 0 0 2.46084 0 0 
0 0 0 0 0 0 0 0 0 0 0 0 0 0 0.846073 0 0 0 0 0 0 0 0.846073 0 0 0 0.846073 0 0.846073 0 -8.30597 2.46084 0 0 0 0 0 0 0 0 0 0 0 0 0 0 0 0 0 0 0 0 0 0 0 0 0 0 0 0 0 0 2.46084 0 
0 0 0 0 0 0 0 0 0 0 0 0 0 0 0 0.846073 0 0 0 0 0 0 0 0.846073 0 0 0 0.846073 0 0.846073 0.846073 -7.30641 0 0 0 0 0 0 0 0 0 0 0 0 0 0 0 0 0 0 0 0 0 0 0 0 0 0 0 0 0 0 0 3.07605 
0.846073 0 0 0 0 0 0 0 0 0 0 0 0 0 0 0 0 0 0 0 0 0 0 0 0 0 0 0 0 0 0 0 -3.92212 0.615209 0.615209 0 0.615209 0 0 0 0.615209 0 0 0 0 0 0 0 0.615209 0 0 0 0 0 0 0 0 0 0 0 0 0 0 0 
0 0.846073 0 0 0 0 0 0 0 0 0 0 0 0 0 0 0 0 0 0 0 0 0 0 0 0 0 0 0 0 0 0 0.846073 -6.61382 0 1.23042 0 1.23042 0 0 0 1.23042 0 0 0 0 0 0 0 1.23042 0 0 0 0 0 0 0 0 0 0 0 0 0 0 
0 0 0.846073 0 0 0 0 0 0 0 0 0 0 0 0 0 0 0 0 0 0 0 0 0 0 0 0 0 0 0 0 0 0.846073 0 -6.61382 1.23042 0 0 1.23042 0 0 0 1.23042 0 0 0 0 0 0 0 1.23042 0 0 0 0 0 0 0 0 0 0 0 0 0 
0 0 0 0.846073 0 0 0 0 0 0 0 0 0 0 0 0 0 0 0 0 0 0 0 0 0 0 0 0 0 0 0 0 0 0.846073 0.846073 -8.0751 0 0 0 1.84563 0 0 0 1.84563 0 0 0 0 0 0 0 1.84563 0 0 0 0 0 0 0 0 0 0 0 0 
0 0 0 0 0.846073 0 0 0 0 0 0 0 0 0 0 0 0 0 0 0 0 0 0 0 0 0 0 0 0 0 0 0 0.846073 0 0 0 -6.61382 1.23042 1.23042 0 0 0 0 0 1.23042 0 0 0 0 0 0 0 1.23042 0 0 0 0 0 0 0 0 0 0 0 
0 0 0 0 0 0.846073 0 0 0 0 0 0 0 0 0 0 0 0 0 0 0 0 0 0 0 0 0 0 0 0 0 0 0 0.846073 0 0 0.846073 -8.0751 0 1.84563 0 0 0 0 0 1.84563 0 0 0 0 0 0 0 1.84563 0 0 0 0 0 0 0 0 0 0 
0 0 0 0 0 0 0.846073 0 0 0 0 0 0 0 0 0 0 0 0 0 0 0 0 0 0 0 0 0 0 0 0 0 0 0 0.846073 0 0.846073 0 -8.0751 1.84563 0 0 0 0 0 0 1.84563 0 0 0 0 0 0 0 1.84563 0 0 0 0 0 0 0 0 0 
0 0 0 0 0 0 0 0.846073 0 0 0 0 0 0 0 0 0 0 0 0 0 0 0 0 0 0 0 0 0 0 0 0 0 0 0 0.846073 0 0.846073 0.846073 -8.30597 0 0 0 0 0 0 0 2.46084 0 0 0 0 0 0 0 2.46084 0 0 0 0 0 0 0 0 
0 0 0 0 0 0 0 0 0.846073 0 0 0 0 0 0 0 0 0 0 0 0 0 0 0 0 0 0 0 0 0 0 0 0.846073 0 0 0 0 0 0 0 -6.61382 1.23042 1.23042 0 1.23042 0 0 0 0 0 0 0 0 0 0 0 1.23042 0 0 0 0 0 0 0 
0 0 0 0 0 0 0 0 0 0.846073 0 0 0 0 0 0 0 0 0 0 0 0 0 0 0 0 0 0 0 0 0 0 0 0.846073 0 0 0 0 0 0 0.846073 -8.0751 0 1.84563 0 1.84563 0 0 0 0 0 0 0 0 0 0 0 1.84563 0 0 0 0 0 0 
0 0 0 0 0 0 0 0 0 0 0.846073 0 0 0 0 0 0 0 0 0 0 0 0 0 0 0 0 0 0 0 0 0 0 0 0.846073 0 0 0 0 0 0.846073 0 -8.0751 1.84563 0 0 1.84563 0 0 0 0 0 0 0 0 0 0 0 1.84563 0 0 0 0 0 
0 0 0 0 0 0 0 0 0 0 0 0.846073 0 0 0 0 0 0 0 0 0 0 0 0 0 0 0 0 0 0 0 0 0 0 0 0.846073 0 0 0 0 0 0.846073 0.846073 -8.30597 0 0 0 2.46084 0 0 0 0 0 0 0 0 0 0 0 2.46084 0 0 0 0 
0 0 0 0 0 0 0 0 0 0 0 0 0.846073 0 0 0 0 0 0 0 0 0 0 0 0 0 0 0 0 0 0 0 0 0 0 0 0.846073 0 0 0 0.846073 0 0 0 -8.0751 1.84563 1.84563 0 0 0 0 0 0 0 0 0 0 0 0 0 1.84563 0 0 0 
0 0 0 0 0 0 0 0 0 0 0 0 0 0.846073 0 0 0 0 0 0 0 0 0 0 0 0 0 0 0 0 0 0 0 0 0 0 0 0.846073 0 0 0 0.846073 0 0 0.846073 -8.30597 0 2.46084 0 0 0 0 0 0 0 0 0 0 0 0 0 2.46084 0 0 
0 0 0 0 0 0 0 0 0 0 0 0 0 0 0.846073 0 0 0 0 0 0 0 0 0 0 0 0 0 0 0 0 0 0 0 0 0 0 0 0.846073 0 0 0 0.846073 0 0.846073 0 -8.30597 2.46084 0 0 0 0 0 0 0 0 0 0 0 0 0 0 2.46084 0 
0 0 0 0 0 0 0 0 0 0 0 0 0 0 0 0.846073 0 0 0 0 0 0 0 0 0 0 0 0 0 0 0 0 0 0 0 0 0 0 0 0.846073 0 0 0 0.846073 0 0.846073 0.846073 -7.30641 0 0 0 0 0 0 0 0 0 0 0 0 0 0 0 3.07605 
0 0 0 0 0 0 0 0 0 0 0 0 0 0 0 0 0.846073 0 0 0 0 0 0 0 0 0 0 0 0 0 0 0 0.846073 0 0 0 0 0 0 0 0 0 0 0 0 0 0 0 -6.61382 1.23042 1.23042 0 1.23042 0 0 0 1.23042 0 0 0 0 0 0 0 
0 0 0 0 0 0 0 0 0 0 0 0 0 0 0 0 0 0.846073 0 0 0 0 0 0 0 0 0 0 0 0 0 0 0 0.846073 0 0 0 0 0 0 0 0 0 0 0 0 0 0 0.846073 -8.0751 0 1.84563 0 1.84563 0 0 0 1.84563 0 0 0 0 0 0 
0 0 0 0 0 0 0 0 0 0 0 0 0 0 0 0 0 0 0.846073 0 0 0 0 0 0 0 0 0 0 0 0 0 0 0 0.846073 0 0 0 0 0 0 0 0 0 0 0 0 0 0.846073 0 -8.0751 1.84563 0 0 1.84563 0 0 0 1.84563 0 0 0 0 0 
0 0 0 0 0 0 0 0 0 0 0 0 0 0 0 0 0 0 0 0.846073 0 0 0 0 0 0 0 0 0 0 0 0 0 0 0 0.846073 0 0 0 0 0 0 0 0 0 0 0 0 0 0.846073 0.846073 -8.30597 0 0 0 2.46084 0 0 0 2.46084 0 0 0 0 
0 0 0 0 0 0 0 0 0 0 0 0 0 0 0 0 0 0 0 0 0.846073 0 0 0 0 0 0 0 0 0 0 0 0 0 0 0 0.846073 0 0 0 0 0 0 0 0 0 0 0 0.846073 0 0 0 -8.0751 1.84563 1.84563 0 0 0 0 0 1.84563 0 0 0 
0 0 0 0 0 0 0 0 0 0 0 0 0 0 0 0 0 0 0 0 0 0.846073 0 0 0 0 0 0 0 0 0 0 0 0 0 0 0 0.846073 0 0 0 0 0 0 0 0 0 0 0 0.846073 0 0 0.846073 -8.30597 0 2.46084 0 0 0 0 0 2.46084 0 0 
0 0 0 0 0 0 0 0 0 0 0 0 0 0 0 0 0 0 0 0 0 0 0.846073 0 0 0 0 0 0 0 0 0 0 0 0 0 0 0 0.846073 0 0 0 0 0 0 0 0 0 0 0 0.846073 0 0.846073 0 -8.30597 2.46084 0 0 0 0 0 0 2.46084 0 
0 0 0 0 0 0 0 0 0 0 0 0 0 0 0 0 0 0 0 0 0 0 0 0.846073 0 0 0 0 0 0 0 0 0 0 0 0 0 0 0 0.846073 0 0 0 0 0 0 0 0 0 0 0 0.846073 0 0.846073 0.846073 -7.30641 0 0 0 0 0 0 0 3.07605 
0 0 0 0 0 0 0 0 0 0 0 0 0 0 0 0 0 0 0 0 0 0 0 0 0.846073 0 0 0 0 0 0 0 0 0 0 0 0 0 0 0 0.846073 0 0 0 0 0 0 0 0.846073 0 0 0 0 0 0 0 -8.0751 1.84563 1.84563 0 1.84563 0 0 0 
0 0 0 0 0 0 0 0 0 0 0 0 0 0 0 0 0 0 0 0 0 0 0 0 0 0.846073 0 0 0 0 0 0 0 0 0 0 0 0 0 0 0 0.846073 0 0 0 0 0 0 0 0.846073 0 0 0 0 0 0 0.846073 -8.30597 0 2.46084 0 2.46084 0 0 
0 0 0 0 0 0 0 0 0 0 0 0 0 0 0 0 0 0 0 0 0 0 0 0 0 0 0.846073 0 0 0 0 0 0 0 0 0 0 0 0 0 0 0 0.846073 0 0 0 0 0 0 0 0.846073 0 0 0 0 0 0.846073 0 -8.30597 2.46084 0 0 2.46084 0 
0 0 0 0 0 0 0 0 0 0 0 0 0 0 0 0 0 0 0 0 0 0 0 0 0 0 0 0.846073 0 0 0 0 0 0 0 0 0 0 0 0 0 0 0 0.846073 0 0 0 0 0 0 0 0.846073 0 0 0 0 0 0.846073 0.846073 -7.30641 0 0 0 3.07605 
0 0 0 0 0 0 0 0 0 0 0 0 0 0 0 0 0 0 0 0 0 0 0 0 0 0 0 0 0.846073 0 0 0 0 0 0 0 0 0 0 0 0 0 0 0 0.846073 0 0 0 0 0 0 0 0.846073 0 0 0 0.846073 0 0 0 -8.30597 2.46084 2.46084 0 
0 0 0 0 0 0 0 0 0 0 0 0 0 0 0 0 0 0 0 0 0 0 0 0 0 0 0 0 0 0.846073 0 0 0 0 0 0 0 0 0 0 0 0 0 0 0 0.846073 0 0 0 0 0 0 0 0.846073 0 0 0 0.846073 0 0 0.846073 -7.30641 0 3.07605 
0 0 0 0 0 0 0 0 0 0 0 0 0 0 0 0 0 0 0 0 0 0 0 0 0 0 0 0 0 0 0.846073 0 0 0 0 0 0 0 0 0 0 0 0 0 0 0 0.846073 0 0 0 0 0 0 0 0.846073 0 0 0 0.846073 0 0.846073 0 -7.30641 3.07605 
0 0 0 0 0 0 0 0 0 0 0 0 0 0 0 0 0 0 0 0 0 0 0 0 0 0 0 0 0 0 0 0.846073 0 0 0 0 0 0 0 0 0 0 0 0 0 0 0 0.846073 0 0 0 0 0 0 0 0.846073 0 0 0 0.846073 0 0.846073 0.846073 -5.07644 
