64
-0 0 0 0 0 0 0 0 0 0 0 0 0 0 0 0 0 0 0 0 0 0 0 0 0 0 0 0 0 0 0 0 0 0 0 0 0 0 0 0 0 0 0 0 0 0 0 0 0 0 0 0 0 0 0 0 0 0 0 0 0 0 0 0 
0.51715 -2.41796 0 0.380162 0 0.380162 0 0 0 0.380162 0 0 0 0 0 0 0 0.380162 0 0 0 0 0 0 0 0 0 0 0 0 0 0 0 0.380162 0 0 0 0 0 0 0 0 0 0 0 0 0 0 0 0 0 0 0 0 0 0 0 0 0 0 0 0 0 0 
0.51715 0 -2.41796 0.380162 0 0 0.380162 0 0 0 0.380162 0 0 0 0 0 0 0 0.380162 0 0 0 0 0 0 0 0 0 0 0 0 0 0 0 0.380162 0 0 0 0 0 0 0 0 0 0 0 0 0 0 0 0 0 0 0 0 0 0 0 0 0 0 0 0 0 
0 0.51715 0.51715 -4.0756 0 0 0 0.760324 0 0 0 0.760324 0 0 0 0 0 0 0 0.760324 0 0 0 0 0 0 0 0 0 0 0 0 0 0 0 0.760324 0 0 0 0 0 0 0 0 0 0 0 0 0 0 0 0 0 0 0 0 0 0 0 0 0 0 0 0 
0.51715 0 0 0 -2.41796 0.380162 0.380162 0 0 0 0 0 0.380162 0 0 0 0 0 0 0 0.380162 0 0 0 0 0 0 0 0 0 0 0 0 0 0 0 0.380162 0 0 0 0 0 0 0 0 0 0 0 0 0 0 0 0 0 0 0 0 0 0 0 0 0 0 0 
0 0.51715 0 0 0.51715 -4.0756 0 0.760324 0 0 0 0 0 0.760324 0 0 0 0 0 0 0 0.760324 0 0 0 0 0 0 0 0 0 0 0 0 0 0 0 0.760324 0 0 0 0 0 0 0 0 0 0 0 0 0 0 0 0 0 0 0 0 0 0 0 0 0 0 
0 0 0.51715 0 0.51715 0 -4.0756 0.760324 0 0 0 0 0 0 0.760324 0 0 0 0 0 0 0 0.760324 0 0 0 0 0 0 0 0 0 0 0 0 0 0 0 0.760324 0 0 0 0 0 0 0 0 0 0 0 0 0 0 0 0 0 0 0 0 0 0 0 0 0 
0 0 0 0.51715 0 0.51715 0.51715 -4.97291 0 0 0 0 0 0 0 1.14049 0 0 0 0 0 0 0 1.14049 0 0 0 0 0 0 0 0 0 0 0 0 0 0 0 1.14049 0 0 0 0 0 0 0 0 0 0 0 0 0 0 0 0 0 0 0 0 0 0 0 0 
0.51715 0 0 0 0 0 0 0 -2.41796 0.380162 0.380162 0 0.380162 0 0 0 0 0 0 0 0 0 0 0 0.380162 0 0 0 0 0 0 0 0 0 0 0 0 0 0 0 0.380162 0 0 0 0 0 0 0 0 0 0 0 0 0 0 0 0 0 0 0 0 0 0 0 
0 0.51715 0 0 0 0 0 0 0.51715 -4.0756 0 0.760324 0 0.760324 0 0 0 0 0 0 0 0 0 0 0 0.760324 0 0 0 0 0 0 0 0 0 0 0 0 0 0 0 0.760324 0 0 0 0 0 0 0 0 0 0 0 0 0 0 0 0 0 0 0 0 0 0 
0 0 0.51715 0 0 0 0 0 0.51715 0 -4.0756 0.760324 0 0 0.760324 0 0 0 0 0 0 0 0 0 0 0 0.760324 0 0 0 0 0 0 0 0 0 0 0 0 0 0 0 0.760324 0 0 0 0 0 0 0 0 0 0 0 0 0 0 0 0 0 0 0 0 0 
0 0 0 0.51715 0 0 0 0 0 0.51715 0.51715 -4.97291 0 0 0 1.14049 0 0 0 0 0 0 0 0 0 0 0 1.14049 0 0 0 0 0 0 0 0 0 0 0 0 0 0 0 1.14049 0 0 0 0 0 0 0 0 0 0 0 0 0 0 0 0 0 0 0 0 
0 0 0 0 0.51715 0 0 0 0.51715 0 0 0 -4.0756 0.760324 0.760324 0 0 0 0 0 0 0 0 0 0 0 0 0 0.760324 0 0 0 0 0 0 0 0 0 0 0 0 0 0 0 0.760324 0 0 0 0 0 0 0 0 0 0 0 0 0 0 0 0 0 0 0 
0 0 0 0 0 0.51715 0 0 0 0.51715 0 0 0.51715 -4.97291 0 1.14049 0 0 0 0 0 0 0 0 0 0 0 0 0 1.14049 0 0 0 0 0 0 0 0 0 0 0 0 0 0 0 1.14049 0 0 0 0 0 0 0 0 0 0 0 0 0 0 0 0 0 0 
0 0 0 0 0 0 0.51715 0 0 0 0.51715 0 0.51715 0 -4.97291 1.14049 0 0 0 0 0 0 0 0 0 0 0 0 0 0 1.14049 0 0 0 0 0 0 0 0 0 0 0 0 0 0 0 1.14049 0 0 0 0 0 0 0 0 0 0 0 0 0 0 0 0 0 
0 0 0 0 0 0 0 0.51715 0 0 0 0.51715 0 0.51715 0.51715 -5.1099 0 0 0 0 0 0 0 0 0 0 0 0 0 0 0 1.52065 0 0 0 0 0 0 0 0 0 0 0 0 0 0 0 1.52065 0 0 0 0 0 0 0 0 0 0 0 0 0 0 0 0 
0.51715 0 0 0 0 0 0 0 0 0 0 0 0 0 0 0 -2.41796 0.380162 0.380162 0 0.380162 0 0 0 0.380162 0 0 0 0 0 0 0 0 0 0 0 0 0 0 0 0 0 0 0 0 0 0 0 0.380162 0 0 0 0 0 0 0 0 0 0 0 0 0 0 0 
0 0.51715 0 0 0 0 0 0 0 0 0 0 0 0 0 0 0.51715 -4.0756 0 0.760324 0 0.760324 0 0 0 0.760324 0 0 0 0 0 0 0 0 0 0 0 0 0 0 0 0 0 0 0 0 0 0 0 0.760324 0 0 0 0 0 0 0 0 0 0 0 0 0 0 
0 0 0.51715 0 0 0 0 0 0 0 0 0 0 0 0 0 0.51715 0 -4.0756 0.760324 0 0 0.760324 0 0 0 0.760324 0 0 0 0 0 0 0 0 0 0 0 0 0 0 0 0 0 0 0 0 0 0 0 0.760324 0 0 0 0 0 0 0 0 0 0 0 0 0 
0 0 0 0.51715 0 0 0 0 0 0 0 0 0 0 0 0 0 0.51715 0.51715 -4.97291 0 0 0 1.14049 0 0 0 1.14049 0 0 0 0 0 0 0 0 0 0 0 0 0 0 0 0 0 0 0 0 0 0 0 1.14049 0 0 0 0 0 0 0 0 0 0 0 0 
0 0 0 0 0.51715 0 0 0 0 0 0 0 0 0 0 0 0.51715 0 0 0 -4.0756 0.760324 0.760324 0 0 0 0 0 0.760324 0 0 0 0 0 0 0 0 0 0 0 0 0 0 0 0 0 0 0 0 0 0 0 0.760324 0 0 0 0 0 0 0 0 0 0 0 
0 0 0 0 0 0.51715 0 0 0 0 0 0 0 0 0 0 0 0.51715 0 0 0.51715 -4.97291 0 1.14049 0 0 0 0 0 1.14049 0 0 0 0 0 0 0 0 0 0 0 0 0 0 0 0 0 0 0 0 0 0 0 1.14049 0 0 0 0 0 0 0 0 0 0 
0 0 0 0 0 0 0.51715 0 0 0 0 0 0 0 0 0 0 0 0.51715 0 0.51715 0 -4.97291 1.14049 0 0 0 0 0 0 1.14049 0 0 0 0 0 0 0 0 0 0 0 0 0 0 0 0 0 0 0 0 0 0 0 1.14049 0 0 0 0 0 0 0 0 0 
0 0 0 0 0 0 0 0.51715 0 0 0 0 0 0 0 0 0 0 0 0.51715 0 0.51715 0.51715 -5.1099 0 0 0 0 0 0 0 1.52065 0 0 0 0 0 0 0 0 0 0 0 0 0 0 0 0 0 0 0 0 0 0 0 1.52065 0 0 0 0 0 0 0 0 
0 0 0 0 0 0 0 0 0.51715 0 0 0 0 0 0 0 0.51715 0 0 0 0 0 0 0 -4.0756 0.760324 0.760324 0 0.760324 0 0 0 0 0 0 0 0 0 0 0 0 0 0 0 0 0 0 0 0 0 0 0 0 0 0 0 0.760324 0 0 0 0 0 0 0 
0 0 0 0 0 0 0 0 0 0.51715 0 0 0 0 0 0 0 0.51715 0 0 0 0 0 0 0.51715 -4.97291 0 1.14049 0 1.14049 0 0 0 0 0 0 0 0 0 0 0 0 0 0 0 0 0 0 0 0 0 0 0 0 0 0 0 1.14049 0 0 0 0 0 0 
0 0 0 0 0 0 0 0 0 0 0.51715 0 0 0 0 0 0 0 0.51715 0 0 0 0 0 0.51715 0 -4.97291 1.14049 0 0 1.14049 0 0 0 0 0 0 0 0 0 0 0 0 0 0 0 0 0 0 0 0 0 0 0 0 0 0 0 1.14049 0 0 0 0 0 
0 0 0 0 0 0 0 0 0 0 0 0.51715 0 0 0 0 0 0 0 0.51715 0 0 0 0 0 0.51715 0.51715 -5.1099 0 0 0 1.52065 0 0 0 0 0 0 0 0 0 0 0 0 0 0 0 0 0 0 0 0 0 0 0 0 0 0 0 1.52065 0 0 0 0 
0 0 0 0 0 0 0 0 0 0 0 0 0.51715 0 0 0 0 0 0 0 0.51715 0 0 0 0.51715 0 0 0 -4.97291 1.14049 1.14049 0 0 0 0 0 0 0 0 0 0 0 0 0 0 0 0 0 0 0 0 0 0 0 0 0 0 0 0 0 1.14049 0 0 0 
0 0 0 0 0 0 0 0 0 0 0 0 0 0.51715 0 0 0 0 0 0 0 0.51715 0 0 0 0.51715 0 0 0.51715 -5.1099 0 1.52065 0 0 0 0 0 0 0 0 0 0 0 0 0 0 0 0 0 0 0 0 0 0 0 0 0 0 0 0 0 1.52065 0 0 
0 0 0 0 0 0 0 0 0 0 0 0 0 0 0.51715 0 0 0 0 0 0 0 0.51715 0 0 0 0.51715 0 0.51715 0 -5.1099 1.52065 0 0 0 0 0 0 0 0 0 0 0 0 0 0 0 0 0 0 0 0 0 0 0 0 0 0 0 0 0 0 1.52065 0 
0 0 0 0 0 0 0 0 0 0 0 0 0 0 0 0.51715 0 0 0 0 0 0 0 0.51715 0 0 0 0.51715 0 0.51715 0.51715 -4.48656 0 0 0 0 0 0 0 0 0 0 0 0 0 0 0 0 0 0 0 0 0 0 0 0 0 0 0 0 0 0 0 1.90081 
0.51715 0 0 0 0 0 0 0 0 0 0 0 0 0 0 0 0 0 0 0 0 0 0 0 0 0 0 0 0 0 0 0 -2.41796 0.380162 0.380162 0 0.380162 0 0 0 0.380162 0 0 0 0 0 0 0 0.380162 0 0 0 0 0 0 0 0 0 0 0 0 0 0 0 
0 0.51715 0 0 0 0 0 0 0 0 0 0 0 0 0 0 0 0 0 0 0 0 0 0 0 0 0 0 0 0 0 0 0.51715 -4.0756 0 0.760324 0 0.760324 0 0 0 0.760324 0 0 0 0 0 0 0 0.760324 0 0 0 0 0 0 0 0 0 0 0 0 0 0 
0 0 0.51715 0 0 0 0 0 0 0 0 0 0 0 0 0 0 0 0 0 0 0 0 0 0 0 0 0 0 0 0 0 0.51715 0 -4.0756 0.760324 0 0 0.760324 0 0 0 0.760324 0 0 0 0 0 0 0 0.760324 0 0 0 0 0 0 0 0 0 0 0 0 0 
0 0 0 0.51715 0 0 0 0 0 0 0 0 0 0 0 0 0 0 0 0 0 0 0 0 0 0 0 0 0 0 0 0 0 0.51715 0.51715 -4.97291 0 0 0 1.14049 0 0 0 1.14049 0 0 0 0 0 0 0 1.14049 0 0 0 0 0 0 0 0 0 0 0 0 
0 0 0 0 0.51715 0 0 0 0 0 0 0 0 0 0 0 0 0 0 0 0 0 0 0 0 0 0 0 0 0 0 0 0.51715 0 0 0 -4.0756 0.760324 0.760324 0 0 0 0 0 0.760324 0 0 0 0 0 0 0 0.760324 0 0 0 0 0 0 0 0 0 0 0 
0 0 0 0 0 0.51715 0 0 0 0 0 0 0 0 0 0 0 0 0 0 0 0 0 0 0 0 0 0 0 0 0 0 0 0.51715 0 0 0.51715 -4.97291 0 1.14049 0 0 0 0 0 1.14049 0 0 0 0 0 0 0 1.14049 0 0 0 0 0 0 0 0 0 0 
0 0 0 0 0 0 0.51715 0 0 0 0 0 0 0 0 0 0 0 0 0 0 0 0 0 0 0 0 0 0 0 0 0 0 0 0.51715 0 0.51715 0 -4.97291 1.14049 0 0 0 0 0 0 1.14049 0 0 0 0 0 0 0 1.14049 0 0 0 0 0 0 0 0 0 
0 0 0 0 0 0 0 0.51715 0 0 0 0 0 0 0 0 0 0 0 0 0 0 0 0 0 0 0 0 0 0 0 0 0 0 0 0.51715 0 0.51715 0.51715 -5.1099 0 0 0 0 0 0 0 1.52065 0 0 0 0 0 0 0 1.52065 0 0 0 0 0 0 0 0 
0 0 0 0 0 0 0 0 0.51715 0 0 0 0 0 0 0 0 0 0 0 0 0 0 0 0 0 0 0 0 0 0 0 0.51715 0 0 0 0 0 0 0 -4.0756 0.760324 0.760324 0 0.760324 0 0 0 0 0 0 0 0 0 0 0 0.760324 0 0 0 0 0 0 0 
0 0 0 0 0 0 0 0 0 0.51715 0 0 0 0 0 0 0 0 0 0 0 0 0 0 0 0 0 0 0 0 0 0 0 0.51715 0 0 0 0 0 0 0.51715 -4.97291 0 1.14049 0 1.14049 0 0 0 0 0 0 0 0 0 0 0 1.14049 0 0 0 0 0 0 
0 0 0 0 0 0 0 0 0 0 0.51715 0 0 0 0 0 0 0 0 0 0 0 0 0 0 0 0 0 0 0 0 0 0 0 0.51715 0 0 0 0 0 0.51715 0 -4.97291 1.14049 0 0 1.14049 0 0 0 0 0 0 0 0 0 0 0 1.14049 0 0 0 0 0 
0 0 0 0 0 0 0 0 0 0 0 0.51715 0 0 0 0 0 0 0 0 0 0 0 0 0 0 0 0 0 0 0 0 0 0 0 0.51715 0 0 0 0 0 0.51715 0.51715 -5.1099 0 0 0 1.52065 0 0 0 0 0 0 0 0 0 0 0 1.52065 0 0 0 0 
0 0 0 0 0 0 0 0 0 0 0 0 0.51715 0 0 0 0 0 0 0 0 0 0 0 0 0 0 0 0 0 0 0 0 0 0 0 0.51715 0 0 0 0.51715 0 0 0 -4.97291 1.14049 1.14049 0 0 0 0 0 0 0 0 0 0 0 0 0 1.14049 0 0 0 
0 0 0 0 0 0 0 0 0 0 0 0 0 0.51715 0 0 0 0 0 0 0 0 0 0 0 0 0 0 0 0 0 0 0 0 0 0 0 0.51715 0 0 0 0.51715 0 0 0.51715 -5.1099 0 1.52065 0 0 0 0 0 0 0 0 0 0 0 0 0 1.52065 0 0 
0 0 0 0 0 0 0 0 0 0 0 0 0 0 0.51715 0 0 0 0 0 0 0 0 0 0 0 0 0 0 0 0 0 0 0 0 0 0 0 0.51715 0 0 0 0.51715 0 0.51715 0 -5.1099 1.52065 0 0 0 0 0 0 0 0 0 0 0 0 0 0 1.52065 0 
0 0 0 0 0 0 0 0 0 0 0 0 0 0 0 0.51715 0 0 0 0 0 0 0 0 0 0 0 0 0 0 0 0 0 0 0 0 0 0 0 0.51715 0 0 0 0.51715 0 0.51715 0.51715 -4.48656 0 0 0 0 0 0 0 0 0 0 0 0 0 0 0 1.90081 
0 0 0 0 0 0 0 0 0 0 0 0 0 0 0 0 0.51715 0 0 0 0 0 0 0 0 0 0 0 0 0 0 0 0.51715 0 0 0 0 0 0 0 0 0 0 0 0 0 0 0 -4.0756 0.760324 0.760324 0 0.760324 0 0 0 0.760324 0 0 0 0 0 0 0 
0 0 0 0 0 0 0 0 0 0 0 0 0 0 0 0 0 0.51715 0 0 0 0 0 0 0 0 0 0 0 0 0 0 0 0.51715 0 0 0 0 0 0 0 0 0 0 0 0 0 0 0.51715 -4.97291 0 1.14049 0 1.14049 0 0 0 1.14049 0 0 0 0 0 0 
0 0 0 0 0 0 0 0 0 0 0 0 0 0 0 0 0 0 0.51715 0 0 0 0 0 0 0 0 0 0 0 0 0 0 0 0.51715 0 0 0 0 0 0 0 0 0 0 0 0 0 0.51715 0 -4.97291 1.14049 0 0 1.14049 0 0 0 1.14049 0 0 0 0 0 
0 0 0 0 0 0 0 0 0 0 0 0 0 0 0 0 0 0 0 0.51715 0 0 0 0 0 0 0 0 0 0 0 0 0 0 0 0.51715 0 0 0 0 0 0 0 0 0 0 0 0 0 0.51715 0.51715 -5.1099 0 0 0 1.52065 0 0 0 1.52065 0 0 0 0 
0 0 0 0 0 0 0 0 0 0 0 0 0 0 0 0 0 0 0 0 0.51715 0 0 0 0 0 0 0 0 0 0 0 0 0 0 0 0.51715 0 0 0 0 0 0 0 0 0 0 0 0.51715 0 0 0 -4.97291 1.14049 1.14049 0 0 0 0 0 1.14049 0 0 0 
0 0 0 0 0 0 0 0 0 0 0 0 0 0 0 0 0 0 0 0 0 0.51715 0 0 0 0 0 0 0 0 0 0 0 0 0 0 0 0.51715 0 0 0 0 0 0 0 0 0 0 0 0.51715 0 0 0.51715 -5.1099 0 1.52065 0 0 0 0 0 1.52065 0 0 
0 0 0 0 0 0 0 0 0 0 0 0 0 0 0 0 0 0 0 0 0 0 0.51715 0 0 0 0 0 0 0 0 0 0 0 0 0 0 0 0.51715 0 0 0 0 0 0 0 0 0 0 0 0.51715 0 0.51715 0 -5.1099 1.52065 0 0 0 0 0 0 1.52065 0 
0 0 0 0 0 0 0 0 0 0 0 0 0 0 0 0 0 0 0 0 0 0 0 0.51715 0 0 0 0 0 0 0 0 0 0 0 0 0 0 0 0.51715 0 0 0 0 0 0 0 0 0 0 0 0.51715 0 0.51715 0.51715 -4.48656 0 0 0 0 0 0 0 1.90081 
0 0 0 0 0 0 0 0 0 0 0 0 0 0 0 0 0 0 0 0 0 0 0 0 0.51715 0 0 0 0 0 0 0 0 0 0 0 0 0 0 0 0.51715 0 0 0 0 0 0 0 0.51715 0 0 0 0 0 0 0 -4.97291 1.14049 1.14049 0 1.14049 0 0 0 
0 0 0 0 0 0 0 0 0 0 0 0 0 0 0 0 0 0 0 0 0 0 0 0 0 0.51715 0 0 0 0 0 0 0 0 0 0 0 0 0 0 0 0.51715 0 0 0 0 0 0 0 0.51715 0 0 0 0 0 0 0.51715 -5.1099 0 1.52065 0 1.52065 0 0 
0 0 0 0 0 0 0 0 0 0 0 0 0 0 0 0 0 0 0 0 0 0 0 0 0 0 0.51715 0 0 0 0 0 0 0 0 0 0 0 0 0 0 0 0.51715 0 0 0 0 0 0 0 0.51715 0 0 0 0 0 0.51715 0 -5.1099 1.52065 0 0 1.52065 0 
0 0 0 0 0 0 0 0 0 0 0 0 0 0 0 0 0 0 0 0 0 0 0 0 0 0 0 0.51715 0 0 0 0 0 0 0 0 0 0 0 0 0 0 0 0.51715 0 0 0 0 0 0 0 0.51715 0 0 0 0 0 0.51715 0.51715 -4.48656 0 0 0 1.90081 
0 0 0 0 0 0 0 0 0 0 0 0 0 0 0 0 0 0 0 0 0 0 0 0 0 0 0 0 0.51715 0 0 0 0 0 0 0 0 0 0 0 0 0 0 0 0.51715 0 0 0 0 0 0 0 0.51715 0 0 0 0.51715 0 0 0 -5.1099 1.52065 1.52065 0 
0 0 0 0 0 0 0 0 0 0 0 0 0 0 0 0 0 0 0 0 0 0 0 0 0 0 0 0 0 0.51715 0 0 0 0 0 0 0 0 0 0 0 0 0 0 0 0.51715 0 0 0 0 0 0 0 0.51715 0 0 0 0.51715 0 0 0.51715 -4.48656 0 1.90081 
0 0 0 0 0 0 0 0 0 0 0 0 0 0 0 0 0 0 0 0 0 0 0 0 0 0 0 0 0 0 0.51715 0 0 0 0 0 0 0 0 0 0 0 0 0 0 0 0.51715 0 0 0 0 0 0 0 0.51715 0 0 0 0.51715 0 0.51715 0 -4.48656 1.90081 
0 0 0 0 0 0 0 0 0 0 0 0 0 0 0 0 0 0 0 0 0 0 0 0 0 0 0 0 0 0 0 0.51715 0 0 0 0 0 0 0 0 0 0 0 0 0 0 0 0.51715 0 0 0 0 0 0 0 0.51715 0 0 0 0.51715 0 0.51715 0.51715 -3.1029 
