64
-0 0 0 0 0 0 0 0 0 0 0 0 0 0 0 0 0 0 0 0 0 0 0 0 0 0 0 0 0 0 0 0 0 0 0 0 0 0 0 0 0 0 0 0 0 0 0 0 0 0 0 0 0 0 0 0 0 0 0 0 0 0 0 0 
0.627873 -3.27085 0 0.528596 0 0.528596 0 0 0 0.528596 0 0 0 0 0 0 0 0.528596 0 0 0 0 0 0 0 0 0 0 0 0 0 0 0 0.528596 0 0 0 0 0 0 0 0 0 0 0 0 0 0 0 0 0 0 0 0 0 0 0 0 0 0 0 0 0 0 
0.627873 0 -3.27085 0.528596 0 0 0.528596 0 0 0 0.528596 0 0 0 0 0 0 0 0.528596 0 0 0 0 0 0 0 0 0 0 0 0 0 0 0 0.528596 0 0 0 0 0 0 0 0 0 0 0 0 0 0 0 0 0 0 0 0 0 0 0 0 0 0 0 0 0 
0 0.627873 0.627873 -5.48451 0 0 0 1.05719 0 0 0 1.05719 0 0 0 0 0 0 0 1.05719 0 0 0 0 0 0 0 0 0 0 0 0 0 0 0 1.05719 0 0 0 0 0 0 0 0 0 0 0 0 0 0 0 0 0 0 0 0 0 0 0 0 0 0 0 0 
0.627873 0 0 0 -3.27085 0.528596 0.528596 0 0 0 0 0 0.528596 0 0 0 0 0 0 0 0.528596 0 0 0 0 0 0 0 0 0 0 0 0 0 0 0 0.528596 0 0 0 0 0 0 0 0 0 0 0 0 0 0 0 0 0 0 0 0 0 0 0 0 0 0 0 
0 0.627873 0 0 0.627873 -5.48451 0 1.05719 0 0 0 0 0 1.05719 0 0 0 0 0 0 0 1.05719 0 0 0 0 0 0 0 0 0 0 0 0 0 0 0 1.05719 0 0 0 0 0 0 0 0 0 0 0 0 0 0 0 0 0 0 0 0 0 0 0 0 0 0 
0 0 0.627873 0 0.627873 0 -5.48451 1.05719 0 0 0 0 0 0 1.05719 0 0 0 0 0 0 0 1.05719 0 0 0 0 0 0 0 0 0 0 0 0 0 0 0 1.05719 0 0 0 0 0 0 0 0 0 0 0 0 0 0 0 0 0 0 0 0 0 0 0 0 0 
0 0 0 0.627873 0 0.627873 0.627873 -6.64098 0 0 0 0 0 0 0 1.58579 0 0 0 0 0 0 0 1.58579 0 0 0 0 0 0 0 0 0 0 0 0 0 0 0 1.58579 0 0 0 0 0 0 0 0 0 0 0 0 0 0 0 0 0 0 0 0 0 0 0 0 
0.627873 0 0 0 0 0 0 0 -3.27085 0.528596 0.528596 0 0.528596 0 0 0 0 0 0 0 0 0 0 0 0.528596 0 0 0 0 0 0 0 0 0 0 0 0 0 0 0 0.528596 0 0 0 0 0 0 0 0 0 0 0 0 0 0 0 0 0 0 0 0 0 0 0 
0 0.627873 0 0 0 0 0 0 0.627873 -5.48451 0 1.05719 0 1.05719 0 0 0 0 0 0 0 0 0 0 0 1.05719 0 0 0 0 0 0 0 0 0 0 0 0 0 0 0 1.05719 0 0 0 0 0 0 0 0 0 0 0 0 0 0 0 0 0 0 0 0 0 0 
0 0 0.627873 0 0 0 0 0 0.627873 0 -5.48451 1.05719 0 0 1.05719 0 0 0 0 0 0 0 0 0 0 0 1.05719 0 0 0 0 0 0 0 0 0 0 0 0 0 0 0 1.05719 0 0 0 0 0 0 0 0 0 0 0 0 0 0 0 0 0 0 0 0 0 
0 0 0 0.627873 0 0 0 0 0 0.627873 0.627873 -6.64098 0 0 0 1.58579 0 0 0 0 0 0 0 0 0 0 0 1.58579 0 0 0 0 0 0 0 0 0 0 0 0 0 0 0 1.58579 0 0 0 0 0 0 0 0 0 0 0 0 0 0 0 0 0 0 0 0 
0 0 0 0 0.627873 0 0 0 0.627873 0 0 0 -5.48451 1.05719 1.05719 0 0 0 0 0 0 0 0 0 0 0 0 0 1.05719 0 0 0 0 0 0 0 0 0 0 0 0 0 0 0 1.05719 0 0 0 0 0 0 0 0 0 0 0 0 0 0 0 0 0 0 0 
0 0 0 0 0 0.627873 0 0 0 0.627873 0 0 0.627873 -6.64098 0 1.58579 0 0 0 0 0 0 0 0 0 0 0 0 0 1.58579 0 0 0 0 0 0 0 0 0 0 0 0 0 0 0 1.58579 0 0 0 0 0 0 0 0 0 0 0 0 0 0 0 0 0 0 
0 0 0 0 0 0 0.627873 0 0 0 0.627873 0 0.627873 0 -6.64098 1.58579 0 0 0 0 0 0 0 0 0 0 0 0 0 0 1.58579 0 0 0 0 0 0 0 0 0 0 0 0 0 0 0 1.58579 0 0 0 0 0 0 0 0 0 0 0 0 0 0 0 0 0 
0 0 0 0 0 0 0 0.627873 0 0 0 0.627873 0 0.627873 0.627873 -6.74026 0 0 0 0 0 0 0 0 0 0 0 0 0 0 0 2.11438 0 0 0 0 0 0 0 0 0 0 0 0 0 0 0 2.11438 0 0 0 0 0 0 0 0 0 0 0 0 0 0 0 0 
0.627873 0 0 0 0 0 0 0 0 0 0 0 0 0 0 0 -3.27085 0.528596 0.528596 0 0.528596 0 0 0 0.528596 0 0 0 0 0 0 0 0 0 0 0 0 0 0 0 0 0 0 0 0 0 0 0 0.528596 0 0 0 0 0 0 0 0 0 0 0 0 0 0 0 
0 0.627873 0 0 0 0 0 0 0 0 0 0 0 0 0 0 0.627873 -5.48451 0 1.05719 0 1.05719 0 0 0 1.05719 0 0 0 0 0 0 0 0 0 0 0 0 0 0 0 0 0 0 0 0 0 0 0 1.05719 0 0 0 0 0 0 0 0 0 0 0 0 0 0 
0 0 0.627873 0 0 0 0 0 0 0 0 0 0 0 0 0 0.627873 0 -5.48451 1.05719 0 0 1.05719 0 0 0 1.05719 0 0 0 0 0 0 0 0 0 0 0 0 0 0 0 0 0 0 0 0 0 0 0 1.05719 0 0 0 0 0 0 0 0 0 0 0 0 0 
0 0 0 0.627873 0 0 0 0 0 0 0 0 0 0 0 0 0 0.627873 0.627873 -6.64098 0 0 0 1.58579 0 0 0 1.58579 0 0 0 0 0 0 0 0 0 0 0 0 0 0 0 0 0 0 0 0 0 0 0 1.58579 0 0 0 0 0 0 0 0 0 0 0 0 
0 0 0 0 0.627873 0 0 0 0 0 0 0 0 0 0 0 0.627873 0 0 0 -5.48451 1.05719 1.05719 0 0 0 0 0 1.05719 0 0 0 0 0 0 0 0 0 0 0 0 0 0 0 0 0 0 0 0 0 0 0 1.05719 0 0 0 0 0 0 0 0 0 0 0 
0 0 0 0 0 0.627873 0 0 0 0 0 0 0 0 0 0 0 0.627873 0 0 0.627873 -6.64098 0 1.58579 0 0 0 0 0 1.58579 0 0 0 0 0 0 0 0 0 0 0 0 0 0 0 0 0 0 0 0 0 0 0 1.58579 0 0 0 0 0 0 0 0 0 0 
0 0 0 0 0 0 0.627873 0 0 0 0 0 0 0 0 0 0 0 0.627873 0 0.627873 0 -6.64098 1.58579 0 0 0 0 0 0 1.58579 0 0 0 0 0 0 0 0 0 0 0 0 0 0 0 0 0 0 0 0 0 0 0 1.58579 0 0 0 0 0 0 0 0 0 
0 0 0 0 0 0 0 0.627873 0 0 0 0 0 0 0 0 0 0 0 0.627873 0 0.627873 0.627873 -6.74026 0 0 0 0 0 0 0 2.11438 0 0 0 0 0 0 0 0 0 0 0 0 0 0 0 0 0 0 0 0 0 0 0 2.11438 0 0 0 0 0 0 0 0 
0 0 0 0 0 0 0 0 0.627873 0 0 0 0 0 0 0 0.627873 0 0 0 0 0 0 0 -5.48451 1.05719 1.05719 0 1.05719 0 0 0 0 0 0 0 0 0 0 0 0 0 0 0 0 0 0 0 0 0 0 0 0 0 0 0 1.05719 0 0 0 0 0 0 0 
0 0 0 0 0 0 0 0 0 0.627873 0 0 0 0 0 0 0 0.627873 0 0 0 0 0 0 0.627873 -6.64098 0 1.58579 0 1.58579 0 0 0 0 0 0 0 0 0 0 0 0 0 0 0 0 0 0 0 0 0 0 0 0 0 0 0 1.58579 0 0 0 0 0 0 
0 0 0 0 0 0 0 0 0 0 0.627873 0 0 0 0 0 0 0 0.627873 0 0 0 0 0 0.627873 0 -6.64098 1.58579 0 0 1.58579 0 0 0 0 0 0 0 0 0 0 0 0 0 0 0 0 0 0 0 0 0 0 0 0 0 0 0 1.58579 0 0 0 0 0 
0 0 0 0 0 0 0 0 0 0 0 0.627873 0 0 0 0 0 0 0 0.627873 0 0 0 0 0 0.627873 0.627873 -6.74026 0 0 0 2.11438 0 0 0 0 0 0 0 0 0 0 0 0 0 0 0 0 0 0 0 0 0 0 0 0 0 0 0 2.11438 0 0 0 0 
0 0 0 0 0 0 0 0 0 0 0 0 0.627873 0 0 0 0 0 0 0 0.627873 0 0 0 0.627873 0 0 0 -6.64098 1.58579 1.58579 0 0 0 0 0 0 0 0 0 0 0 0 0 0 0 0 0 0 0 0 0 0 0 0 0 0 0 0 0 1.58579 0 0 0 
0 0 0 0 0 0 0 0 0 0 0 0 0 0.627873 0 0 0 0 0 0 0 0.627873 0 0 0 0.627873 0 0 0.627873 -6.74026 0 2.11438 0 0 0 0 0 0 0 0 0 0 0 0 0 0 0 0 0 0 0 0 0 0 0 0 0 0 0 0 0 2.11438 0 0 
0 0 0 0 0 0 0 0 0 0 0 0 0 0 0.627873 0 0 0 0 0 0 0 0.627873 0 0 0 0.627873 0 0.627873 0 -6.74026 2.11438 0 0 0 0 0 0 0 0 0 0 0 0 0 0 0 0 0 0 0 0 0 0 0 0 0 0 0 0 0 0 2.11438 0 
0 0 0 0 0 0 0 0 0 0 0 0 0 0 0 0.627873 0 0 0 0 0 0 0 0.627873 0 0 0 0.627873 0 0.627873 0.627873 -5.78234 0 0 0 0 0 0 0 0 0 0 0 0 0 0 0 0 0 0 0 0 0 0 0 0 0 0 0 0 0 0 0 2.64298 
0.627873 0 0 0 0 0 0 0 0 0 0 0 0 0 0 0 0 0 0 0 0 0 0 0 0 0 0 0 0 0 0 0 -3.27085 0.528596 0.528596 0 0.528596 0 0 0 0.528596 0 0 0 0 0 0 0 0.528596 0 0 0 0 0 0 0 0 0 0 0 0 0 0 0 
0 0.627873 0 0 0 0 0 0 0 0 0 0 0 0 0 0 0 0 0 0 0 0 0 0 0 0 0 0 0 0 0 0 0.627873 -5.48451 0 1.05719 0 1.05719 0 0 0 1.05719 0 0 0 0 0 0 0 1.05719 0 0 0 0 0 0 0 0 0 0 0 0 0 0 
0 0 0.627873 0 0 0 0 0 0 0 0 0 0 0 0 0 0 0 0 0 0 0 0 0 0 0 0 0 0 0 0 0 0.627873 0 -5.48451 1.05719 0 0 1.05719 0 0 0 1.05719 0 0 0 0 0 0 0 1.05719 0 0 0 0 0 0 0 0 0 0 0 0 0 
0 0 0 0.627873 0 0 0 0 0 0 0 0 0 0 0 0 0 0 0 0 0 0 0 0 0 0 0 0 0 0 0 0 0 0.627873 0.627873 -6.64098 0 0 0 1.58579 0 0 0 1.58579 0 0 0 0 0 0 0 1.58579 0 0 0 0 0 0 0 0 0 0 0 0 
0 0 0 0 0.627873 0 0 0 0 0 0 0 0 0 0 0 0 0 0 0 0 0 0 0 0 0 0 0 0 0 0 0 0.627873 0 0 0 -5.48451 1.05719 1.05719 0 0 0 0 0 1.05719 0 0 0 0 0 0 0 1.05719 0 0 0 0 0 0 0 0 0 0 0 
0 0 0 0 0 0.627873 0 0 0 0 0 0 0 0 0 0 0 0 0 0 0 0 0 0 0 0 0 0 0 0 0 0 0 0.627873 0 0 0.627873 -6.64098 0 1.58579 0 0 0 0 0 1.58579 0 0 0 0 0 0 0 1.58579 0 0 0 0 0 0 0 0 0 0 
0 0 0 0 0 0 0.627873 0 0 0 0 0 0 0 0 0 0 0 0 0 0 0 0 0 0 0 0 0 0 0 0 0 0 0 0.627873 0 0.627873 0 -6.64098 1.58579 0 0 0 0 0 0 1.58579 0 0 0 0 0 0 0 1.58579 0 0 0 0 0 0 0 0 0 
0 0 0 0 0 0 0 0.627873 0 0 0 0 0 0 0 0 0 0 0 0 0 0 0 0 0 0 0 0 0 0 0 0 0 0 0 0.627873 0 0.627873 0.627873 -6.74026 0 0 0 0 0 0 0 2.11438 0 0 0 0 0 0 0 2.11438 0 0 0 0 0 0 0 0 
0 0 0 0 0 0 0 0 0.627873 0 0 0 0 0 0 0 0 0 0 0 0 0 0 0 0 0 0 0 0 0 0 0 0.627873 0 0 0 0 0 0 0 -5.48451 1.05719 1.05719 0 1.05719 0 0 0 0 0 0 0 0 0 0 0 1.05719 0 0 0 0 0 0 0 
0 0 0 0 0 0 0 0 0 0.627873 0 0 0 0 0 0 0 0 0 0 0 0 0 0 0 0 0 0 0 0 0 0 0 0.627873 0 0 0 0 0 0 0.627873 -6.64098 0 1.58579 0 1.58579 0 0 0 0 0 0 0 0 0 0 0 1.58579 0 0 0 0 0 0 
0 0 0 0 0 0 0 0 0 0 0.627873 0 0 0 0 0 0 0 0 0 0 0 0 0 0 0 0 0 0 0 0 0 0 0 0.627873 0 0 0 0 0 0.627873 0 -6.64098 1.58579 0 0 1.58579 0 0 0 0 0 0 0 0 0 0 0 1.58579 0 0 0 0 0 
0 0 0 0 0 0 0 0 0 0 0 0.627873 0 0 0 0 0 0 0 0 0 0 0 0 0 0 0 0 0 0 0 0 0 0 0 0.627873 0 0 0 0 0 0.627873 0.627873 -6.74026 0 0 0 2.11438 0 0 0 0 0 0 0 0 0 0 0 2.11438 0 0 0 0 
0 0 0 0 0 0 0 0 0 0 0 0 0.627873 0 0 0 0 0 0 0 0 0 0 0 0 0 0 0 0 0 0 0 0 0 0 0 0.627873 0 0 0 0.627873 0 0 0 -6.64098 1.58579 1.58579 0 0 0 0 0 0 0 0 0 0 0 0 0 1.58579 0 0 0 
0 0 0 0 0 0 0 0 0 0 0 0 0 0.627873 0 0 0 0 0 0 0 0 0 0 0 0 0 0 0 0 0 0 0 0 0 0 0 0.627873 0 0 0 0.627873 0 0 0.627873 -6.74026 0 2.11438 0 0 0 0 0 0 0 0 0 0 0 0 0 2.11438 0 0 
0 0 0 0 0 0 0 0 0 0 0 0 0 0 0.627873 0 0 0 0 0 0 0 0 0 0 0 0 0 0 0 0 0 0 0 0 0 0 0 0.627873 0 0 0 0.627873 0 0.627873 0 -6.74026 2.11438 0 0 0 0 0 0 0 0 0 0 0 0 0 0 2.11438 0 
0 0 0 0 0 0 0 0 0 0 0 0 0 0 0 0.627873 0 0 0 0 0 0 0 0 0 0 0 0 0 0 0 0 0 0 0 0 0 0 0 0.627873 0 0 0 0.627873 0 0.627873 0.627873 -5.78234 0 0 0 0 0 0 0 0 0 0 0 0 0 0 0 2.64298 
0 0 0 0 0 0 0 0 0 0 0 0 0 0 0 0 0.627873 0 0 0 0 0 0 0 0 0 0 0 0 0 0 0 0.627873 0 0 0 0 0 0 0 0 0 0 0 0 0 0 0 -5.48451 1.05719 1.05719 0 1.05719 0 0 0 1.05719 0 0 0 0 0 0 0 
0 0 0 0 0 0 0 0 0 0 0 0 0 0 0 0 0 0.627873 0 0 0 0 0 0 0 0 0 0 0 0 0 0 0 0.627873 0 0 0 0 0 0 0 0 0 0 0 0 0 0 0.627873 -6.64098 0 1.58579 0 1.58579 0 0 0 1.58579 0 0 0 0 0 0 
0 0 0 0 0 0 0 0 0 0 0 0 0 0 0 0 0 0 0.627873 0 0 0 0 0 0 0 0 0 0 0 0 0 0 0 0.627873 0 0 0 0 0 0 0 0 0 0 0 0 0 0.627873 0 -6.64098 1.58579 0 0 1.58579 0 0 0 1.58579 0 0 0 0 0 
0 0 0 0 0 0 0 0 0 0 0 0 0 0 0 0 0 0 0 0.627873 0 0 0 0 0 0 0 0 0 0 0 0 0 0 0 0.627873 0 0 0 0 0 0 0 0 0 0 0 0 0 0.627873 0.627873 -6.74026 0 0 0 2.11438 0 0 0 2.11438 0 0 0 0 
0 0 0 0 0 0 0 0 0 0 0 0 0 0 0 0 0 0 0 0 0.627873 0 0 0 0 0 0 0 0 0 0 0 0 0 0 0 0.627873 0 0 0 0 0 0 0 0 0 0 0 0.627873 0 0 0 -6.64098 1.58579 1.58579 0 0 0 0 0 1.58579 0 0 0 
0 0 0 0 0 0 0 0 0 0 0 0 0 0 0 0 0 0 0 0 0 0.627873 0 0 0 0 0 0 0 0 0 0 0 0 0 0 0 0.627873 0 0 0 0 0 0 0 0 0 0 0 0.627873 0 0 0.627873 -6.74026 0 2.11438 0 0 0 0 0 2.11438 0 0 
0 0 0 0 0 0 0 0 0 0 0 0 0 0 0 0 0 0 0 0 0 0 0.627873 0 0 0 0 0 0 0 0 0 0 0 0 0 0 0 0.627873 0 0 0 0 0 0 0 0 0 0 0 0.627873 0 0.627873 0 -6.74026 2.11438 0 0 0 0 0 0 2.11438 0 
0 0 0 0 0 0 0 0 0 0 0 0 0 0 0 0 0 0 0 0 0 0 0 0.627873 0 0 0 0 0 0 0 0 0 0 0 0 0 0 0 0.627873 0 0 0 0 0 0 0 0 0 0 0 0.627873 0 0.627873 0.627873 -5.78234 0 0 0 0 0 0 0 2.64298 
0 0 0 0 0 0 0 0 0 0 0 0 0 0 0 0 0 0 0 0 0 0 0 0 0.627873 0 0 0 0 0 0 0 0 0 0 0 0 0 0 0 0.627873 0 0 0 0 0 0 0 0.627873 0 0 0 0 0 0 0 -6.64098 1.58579 1.58579 0 1.58579 0 0 0 
0 0 0 0 0 0 0 0 0 0 0 0 0 0 0 0 0 0 0 0 0 0 0 0 0 0.627873 0 0 0 0 0 0 0 0 0 0 0 0 0 0 0 0.627873 0 0 0 0 0 0 0 0.627873 0 0 0 0 0 0 0.627873 -6.74026 0 2.11438 0 2.11438 0 0 
0 0 0 0 0 0 0 0 0 0 0 0 0 0 0 0 0 0 0 0 0 0 0 0 0 0 0.627873 0 0 0 0 0 0 0 0 0 0 0 0 0 0 0 0.627873 0 0 0 0 0 0 0 0.627873 0 0 0 0 0 0.627873 0 -6.74026 2.11438 0 0 2.11438 0 
0 0 0 0 0 0 0 0 0 0 0 0 0 0 0 0 0 0 0 0 0 0 0 0 0 0 0 0.627873 0 0 0 0 0 0 0 0 0 0 0 0 0 0 0 0.627873 0 0 0 0 0 0 0 0.627873 0 0 0 0 0 0.627873 0.627873 -5.78234 0 0 0 2.64298 
0 0 0 0 0 0 0 0 0 0 0 0 0 0 0 0 0 0 0 0 0 0 0 0 0 0 0 0 0.627873 0 0 0 0 0 0 0 0 0 0 0 0 0 0 0 0.627873 0 0 0 0 0 0 0 0.627873 0 0 0 0.627873 0 0 0 -6.74026 2.11438 2.11438 0 
0 0 0 0 0 0 0 0 0 0 0 0 0 0 0 0 0 0 0 0 0 0 0 0 0 0 0 0 0 0.627873 0 0 0 0 0 0 0 0 0 0 0 0 0 0 0 0.627873 0 0 0 0 0 0 0 0.627873 0 0 0 0.627873 0 0 0.627873 -5.78234 0 2.64298 
0 0 0 0 0 0 0 0 0 0 0 0 0 0 0 0 0 0 0 0 0 0 0 0 0 0 0 0 0 0 0.627873 0 0 0 0 0 0 0 0 0 0 0 0 0 0 0 0.627873 0 0 0 0 0 0 0 0.627873 0 0 0 0.627873 0 0.627873 0 -5.78234 2.64298 
0 0 0 0 0 0 0 0 0 0 0 0 0 0 0 0 0 0 0 0 0 0 0 0 0 0 0 0 0 0 0 0.627873 0 0 0 0 0 0 0 0 0 0 0 0 0 0 0 0.627873 0 0 0 0 0 0 0 0.627873 0 0 0 0.627873 0 0.627873 0.627873 -3.76724 
