64
-0 0 0 0 0 0 0 0 0 0 0 0 0 0 0 0 0 0 0 0 0 0 0 0 0 0 0 0 0 0 0 0 0 0 0 0 0 0 0 0 0 0 0 0 0 0 0 0 0 0 0 0 0 0 0 0 0 0 0 0 0 0 0 0 
0.277402 -1.61231 0 0.266982 0 0.266982 0 0 0 0.266982 0 0 0 0 0 0 0 0.266982 0 0 0 0 0 0 0 0 0 0 0 0 0 0 0 0.266982 0 0 0 0 0 0 0 0 0 0 0 0 0 0 0 0 0 0 0 0 0 0 0 0 0 0 0 0 0 0 
0.277402 0 -1.61231 0.266982 0 0 0.266982 0 0 0 0.266982 0 0 0 0 0 0 0 0.266982 0 0 0 0 0 0 0 0 0 0 0 0 0 0 0 0.266982 0 0 0 0 0 0 0 0 0 0 0 0 0 0 0 0 0 0 0 0 0 0 0 0 0 0 0 0 0 
0 0.277402 0.277402 -2.69066 0 0 0 0.533964 0 0 0 0.533964 0 0 0 0 0 0 0 0.533964 0 0 0 0 0 0 0 0 0 0 0 0 0 0 0 0.533964 0 0 0 0 0 0 0 0 0 0 0 0 0 0 0 0 0 0 0 0 0 0 0 0 0 0 0 0 
0.277402 0 0 0 -1.61231 0.266982 0.266982 0 0 0 0 0 0.266982 0 0 0 0 0 0 0 0.266982 0 0 0 0 0 0 0 0 0 0 0 0 0 0 0 0.266982 0 0 0 0 0 0 0 0 0 0 0 0 0 0 0 0 0 0 0 0 0 0 0 0 0 0 0 
0 0.277402 0 0 0.277402 -2.69066 0 0.533964 0 0 0 0 0 0.533964 0 0 0 0 0 0 0 0.533964 0 0 0 0 0 0 0 0 0 0 0 0 0 0 0 0.533964 0 0 0 0 0 0 0 0 0 0 0 0 0 0 0 0 0 0 0 0 0 0 0 0 0 0 
0 0 0.277402 0 0.277402 0 -2.69066 0.533964 0 0 0 0 0 0 0.533964 0 0 0 0 0 0 0 0.533964 0 0 0 0 0 0 0 0 0 0 0 0 0 0 0 0.533964 0 0 0 0 0 0 0 0 0 0 0 0 0 0 0 0 0 0 0 0 0 0 0 0 0 
0 0 0 0.277402 0 0.277402 0.277402 -3.23505 0 0 0 0 0 0 0 0.800946 0 0 0 0 0 0 0 0.800946 0 0 0 0 0 0 0 0 0 0 0 0 0 0 0 0.800946 0 0 0 0 0 0 0 0 0 0 0 0 0 0 0 0 0 0 0 0 0 0 0 0 
0.277402 0 0 0 0 0 0 0 -1.61231 0.266982 0.266982 0 0.266982 0 0 0 0 0 0 0 0 0 0 0 0.266982 0 0 0 0 0 0 0 0 0 0 0 0 0 0 0 0.266982 0 0 0 0 0 0 0 0 0 0 0 0 0 0 0 0 0 0 0 0 0 0 0 
0 0.277402 0 0 0 0 0 0 0.277402 -2.69066 0 0.533964 0 0.533964 0 0 0 0 0 0 0 0 0 0 0 0.533964 0 0 0 0 0 0 0 0 0 0 0 0 0 0 0 0.533964 0 0 0 0 0 0 0 0 0 0 0 0 0 0 0 0 0 0 0 0 0 0 
0 0 0.277402 0 0 0 0 0 0.277402 0 -2.69066 0.533964 0 0 0.533964 0 0 0 0 0 0 0 0 0 0 0 0.533964 0 0 0 0 0 0 0 0 0 0 0 0 0 0 0 0.533964 0 0 0 0 0 0 0 0 0 0 0 0 0 0 0 0 0 0 0 0 0 
0 0 0 0.277402 0 0 0 0 0 0.277402 0.277402 -3.23505 0 0 0 0.800946 0 0 0 0 0 0 0 0 0 0 0 0.800946 0 0 0 0 0 0 0 0 0 0 0 0 0 0 0 0.800946 0 0 0 0 0 0 0 0 0 0 0 0 0 0 0 0 0 0 0 0 
0 0 0 0 0.277402 0 0 0 0.277402 0 0 0 -2.69066 0.533964 0.533964 0 0 0 0 0 0 0 0 0 0 0 0 0 0.533964 0 0 0 0 0 0 0 0 0 0 0 0 0 0 0 0.533964 0 0 0 0 0 0 0 0 0 0 0 0 0 0 0 0 0 0 0 
0 0 0 0 0 0.277402 0 0 0 0.277402 0 0 0.277402 -3.23505 0 0.800946 0 0 0 0 0 0 0 0 0 0 0 0 0 0.800946 0 0 0 0 0 0 0 0 0 0 0 0 0 0 0 0.800946 0 0 0 0 0 0 0 0 0 0 0 0 0 0 0 0 0 0 
0 0 0 0 0 0 0.277402 0 0 0 0.277402 0 0.277402 0 -3.23505 0.800946 0 0 0 0 0 0 0 0 0 0 0 0 0 0 0.800946 0 0 0 0 0 0 0 0 0 0 0 0 0 0 0 0.800946 0 0 0 0 0 0 0 0 0 0 0 0 0 0 0 0 0 
0 0 0 0 0 0 0 0.277402 0 0 0 0.277402 0 0.277402 0.277402 -3.24547 0 0 0 0 0 0 0 0 0 0 0 0 0 0 0 1.06793 0 0 0 0 0 0 0 0 0 0 0 0 0 0 0 1.06793 0 0 0 0 0 0 0 0 0 0 0 0 0 0 0 0 
0.277402 0 0 0 0 0 0 0 0 0 0 0 0 0 0 0 -1.61231 0.266982 0.266982 0 0.266982 0 0 0 0.266982 0 0 0 0 0 0 0 0 0 0 0 0 0 0 0 0 0 0 0 0 0 0 0 0.266982 0 0 0 0 0 0 0 0 0 0 0 0 0 0 0 
0 0.277402 0 0 0 0 0 0 0 0 0 0 0 0 0 0 0.277402 -2.69066 0 0.533964 0 0.533964 0 0 0 0.533964 0 0 0 0 0 0 0 0 0 0 0 0 0 0 0 0 0 0 0 0 0 0 0 0.533964 0 0 0 0 0 0 0 0 0 0 0 0 0 0 
0 0 0.277402 0 0 0 0 0 0 0 0 0 0 0 0 0 0.277402 0 -2.69066 0.533964 0 0 0.533964 0 0 0 0.533964 0 0 0 0 0 0 0 0 0 0 0 0 0 0 0 0 0 0 0 0 0 0 0 0.533964 0 0 0 0 0 0 0 0 0 0 0 0 0 
0 0 0 0.277402 0 0 0 0 0 0 0 0 0 0 0 0 0 0.277402 0.277402 -3.23505 0 0 0 0.800946 0 0 0 0.800946 0 0 0 0 0 0 0 0 0 0 0 0 0 0 0 0 0 0 0 0 0 0 0 0.800946 0 0 0 0 0 0 0 0 0 0 0 0 
0 0 0 0 0.277402 0 0 0 0 0 0 0 0 0 0 0 0.277402 0 0 0 -2.69066 0.533964 0.533964 0 0 0 0 0 0.533964 0 0 0 0 0 0 0 0 0 0 0 0 0 0 0 0 0 0 0 0 0 0 0 0.533964 0 0 0 0 0 0 0 0 0 0 0 
0 0 0 0 0 0.277402 0 0 0 0 0 0 0 0 0 0 0 0.277402 0 0 0.277402 -3.23505 0 0.800946 0 0 0 0 0 0.800946 0 0 0 0 0 0 0 0 0 0 0 0 0 0 0 0 0 0 0 0 0 0 0 0.800946 0 0 0 0 0 0 0 0 0 0 
0 0 0 0 0 0 0.277402 0 0 0 0 0 0 0 0 0 0 0 0.277402 0 0.277402 0 -3.23505 0.800946 0 0 0 0 0 0 0.800946 0 0 0 0 0 0 0 0 0 0 0 0 0 0 0 0 0 0 0 0 0 0 0 0.800946 0 0 0 0 0 0 0 0 0 
0 0 0 0 0 0 0 0.277402 0 0 0 0 0 0 0 0 0 0 0 0.277402 0 0.277402 0.277402 -3.24547 0 0 0 0 0 0 0 1.06793 0 0 0 0 0 0 0 0 0 0 0 0 0 0 0 0 0 0 0 0 0 0 0 1.06793 0 0 0 0 0 0 0 0 
0 0 0 0 0 0 0 0 0.277402 0 0 0 0 0 0 0 0.277402 0 0 0 0 0 0 0 -2.69066 0.533964 0.533964 0 0.533964 0 0 0 0 0 0 0 0 0 0 0 0 0 0 0 0 0 0 0 0 0 0 0 0 0 0 0 0.533964 0 0 0 0 0 0 0 
0 0 0 0 0 0 0 0 0 0.277402 0 0 0 0 0 0 0 0.277402 0 0 0 0 0 0 0.277402 -3.23505 0 0.800946 0 0.800946 0 0 0 0 0 0 0 0 0 0 0 0 0 0 0 0 0 0 0 0 0 0 0 0 0 0 0 0.800946 0 0 0 0 0 0 
0 0 0 0 0 0 0 0 0 0 0.277402 0 0 0 0 0 0 0 0.277402 0 0 0 0 0 0.277402 0 -3.23505 0.800946 0 0 0.800946 0 0 0 0 0 0 0 0 0 0 0 0 0 0 0 0 0 0 0 0 0 0 0 0 0 0 0 0.800946 0 0 0 0 0 
0 0 0 0 0 0 0 0 0 0 0 0.277402 0 0 0 0 0 0 0 0.277402 0 0 0 0 0 0.277402 0.277402 -3.24547 0 0 0 1.06793 0 0 0 0 0 0 0 0 0 0 0 0 0 0 0 0 0 0 0 0 0 0 0 0 0 0 0 1.06793 0 0 0 0 
0 0 0 0 0 0 0 0 0 0 0 0 0.277402 0 0 0 0 0 0 0 0.277402 0 0 0 0.277402 0 0 0 -3.23505 0.800946 0.800946 0 0 0 0 0 0 0 0 0 0 0 0 0 0 0 0 0 0 0 0 0 0 0 0 0 0 0 0 0 0.800946 0 0 0 
0 0 0 0 0 0 0 0 0 0 0 0 0 0.277402 0 0 0 0 0 0 0 0.277402 0 0 0 0.277402 0 0 0.277402 -3.24547 0 1.06793 0 0 0 0 0 0 0 0 0 0 0 0 0 0 0 0 0 0 0 0 0 0 0 0 0 0 0 0 0 1.06793 0 0 
0 0 0 0 0 0 0 0 0 0 0 0 0 0 0.277402 0 0 0 0 0 0 0 0.277402 0 0 0 0.277402 0 0.277402 0 -3.24547 1.06793 0 0 0 0 0 0 0 0 0 0 0 0 0 0 0 0 0 0 0 0 0 0 0 0 0 0 0 0 0 0 1.06793 0 
0 0 0 0 0 0 0 0 0 0 0 0 0 0 0 0.277402 0 0 0 0 0 0 0 0.277402 0 0 0 0.277402 0 0.277402 0.277402 -2.72192 0 0 0 0 0 0 0 0 0 0 0 0 0 0 0 0 0 0 0 0 0 0 0 0 0 0 0 0 0 0 0 1.33491 
0.277402 0 0 0 0 0 0 0 0 0 0 0 0 0 0 0 0 0 0 0 0 0 0 0 0 0 0 0 0 0 0 0 -1.61231 0.266982 0.266982 0 0.266982 0 0 0 0.266982 0 0 0 0 0 0 0 0.266982 0 0 0 0 0 0 0 0 0 0 0 0 0 0 0 
0 0.277402 0 0 0 0 0 0 0 0 0 0 0 0 0 0 0 0 0 0 0 0 0 0 0 0 0 0 0 0 0 0 0.277402 -2.69066 0 0.533964 0 0.533964 0 0 0 0.533964 0 0 0 0 0 0 0 0.533964 0 0 0 0 0 0 0 0 0 0 0 0 0 0 
0 0 0.277402 0 0 0 0 0 0 0 0 0 0 0 0 0 0 0 0 0 0 0 0 0 0 0 0 0 0 0 0 0 0.277402 0 -2.69066 0.533964 0 0 0.533964 0 0 0 0.533964 0 0 0 0 0 0 0 0.533964 0 0 0 0 0 0 0 0 0 0 0 0 0 
0 0 0 0.277402 0 0 0 0 0 0 0 0 0 0 0 0 0 0 0 0 0 0 0 0 0 0 0 0 0 0 0 0 0 0.277402 0.277402 -3.23505 0 0 0 0.800946 0 0 0 0.800946 0 0 0 0 0 0 0 0.800946 0 0 0 0 0 0 0 0 0 0 0 0 
0 0 0 0 0.277402 0 0 0 0 0 0 0 0 0 0 0 0 0 0 0 0 0 0 0 0 0 0 0 0 0 0 0 0.277402 0 0 0 -2.69066 0.533964 0.533964 0 0 0 0 0 0.533964 0 0 0 0 0 0 0 0.533964 0 0 0 0 0 0 0 0 0 0 0 
0 0 0 0 0 0.277402 0 0 0 0 0 0 0 0 0 0 0 0 0 0 0 0 0 0 0 0 0 0 0 0 0 0 0 0.277402 0 0 0.277402 -3.23505 0 0.800946 0 0 0 0 0 0.800946 0 0 0 0 0 0 0 0.800946 0 0 0 0 0 0 0 0 0 0 
0 0 0 0 0 0 0.277402 0 0 0 0 0 0 0 0 0 0 0 0 0 0 0 0 0 0 0 0 0 0 0 0 0 0 0 0.277402 0 0.277402 0 -3.23505 0.800946 0 0 0 0 0 0 0.800946 0 0 0 0 0 0 0 0.800946 0 0 0 0 0 0 0 0 0 
0 0 0 0 0 0 0 0.277402 0 0 0 0 0 0 0 0 0 0 0 0 0 0 0 0 0 0 0 0 0 0 0 0 0 0 0 0.277402 0 0.277402 0.277402 -3.24547 0 0 0 0 0 0 0 1.06793 0 0 0 0 0 0 0 1.06793 0 0 0 0 0 0 0 0 
0 0 0 0 0 0 0 0 0.277402 0 0 0 0 0 0 0 0 0 0 0 0 0 0 0 0 0 0 0 0 0 0 0 0.277402 0 0 0 0 0 0 0 -2.69066 0.533964 0.533964 0 0.533964 0 0 0 0 0 0 0 0 0 0 0 0.533964 0 0 0 0 0 0 0 
0 0 0 0 0 0 0 0 0 0.277402 0 0 0 0 0 0 0 0 0 0 0 0 0 0 0 0 0 0 0 0 0 0 0 0.277402 0 0 0 0 0 0 0.277402 -3.23505 0 0.800946 0 0.800946 0 0 0 0 0 0 0 0 0 0 0 0.800946 0 0 0 0 0 0 
0 0 0 0 0 0 0 0 0 0 0.277402 0 0 0 0 0 0 0 0 0 0 0 0 0 0 0 0 0 0 0 0 0 0 0 0.277402 0 0 0 0 0 0.277402 0 -3.23505 0.800946 0 0 0.800946 0 0 0 0 0 0 0 0 0 0 0 0.800946 0 0 0 0 0 
0 0 0 0 0 0 0 0 0 0 0 0.277402 0 0 0 0 0 0 0 0 0 0 0 0 0 0 0 0 0 0 0 0 0 0 0 0.277402 0 0 0 0 0 0.277402 0.277402 -3.24547 0 0 0 1.06793 0 0 0 0 0 0 0 0 0 0 0 1.06793 0 0 0 0 
0 0 0 0 0 0 0 0 0 0 0 0 0.277402 0 0 0 0 0 0 0 0 0 0 0 0 0 0 0 0 0 0 0 0 0 0 0 0.277402 0 0 0 0.277402 0 0 0 -3.23505 0.800946 0.800946 0 0 0 0 0 0 0 0 0 0 0 0 0 0.800946 0 0 0 
0 0 0 0 0 0 0 0 0 0 0 0 0 0.277402 0 0 0 0 0 0 0 0 0 0 0 0 0 0 0 0 0 0 0 0 0 0 0 0.277402 0 0 0 0.277402 0 0 0.277402 -3.24547 0 1.06793 0 0 0 0 0 0 0 0 0 0 0 0 0 1.06793 0 0 
0 0 0 0 0 0 0 0 0 0 0 0 0 0 0.277402 0 0 0 0 0 0 0 0 0 0 0 0 0 0 0 0 0 0 0 0 0 0 0 0.277402 0 0 0 0.277402 0 0.277402 0 -3.24547 1.06793 0 0 0 0 0 0 0 0 0 0 0 0 0 0 1.06793 0 
0 0 0 0 0 0 0 0 0 0 0 0 0 0 0 0.277402 0 0 0 0 0 0 0 0 0 0 0 0 0 0 0 0 0 0 0 0 0 0 0 0.277402 0 0 0 0.277402 0 0.277402 0.277402 -2.72192 0 0 0 0 0 0 0 0 0 0 0 0 0 0 0 1.33491 
0 0 0 0 0 0 0 0 0 0 0 0 0 0 0 0 0.277402 0 0 0 0 0 0 0 0 0 0 0 0 0 0 0 0.277402 0 0 0 0 0 0 0 0 0 0 0 0 0 0 0 -2.69066 0.533964 0.533964 0 0.533964 0 0 0 0.533964 0 0 0 0 0 0 0 
0 0 0 0 0 0 0 0 0 0 0 0 0 0 0 0 0 0.277402 0 0 0 0 0 0 0 0 0 0 0 0 0 0 0 0.277402 0 0 0 0 0 0 0 0 0 0 0 0 0 0 0.277402 -3.23505 0 0.800946 0 0.800946 0 0 0 0.800946 0 0 0 0 0 0 
0 0 0 0 0 0 0 0 0 0 0 0 0 0 0 0 0 0 0.277402 0 0 0 0 0 0 0 0 0 0 0 0 0 0 0 0.277402 0 0 0 0 0 0 0 0 0 0 0 0 0 0.277402 0 -3.23505 0.800946 0 0 0.800946 0 0 0 0.800946 0 0 0 0 0 
0 0 0 0 0 0 0 0 0 0 0 0 0 0 0 0 0 0 0 0.277402 0 0 0 0 0 0 0 0 0 0 0 0 0 0 0 0.277402 0 0 0 0 0 0 0 0 0 0 0 0 0 0.277402 0.277402 -3.24547 0 0 0 1.06793 0 0 0 1.06793 0 0 0 0 
0 0 0 0 0 0 0 0 0 0 0 0 0 0 0 0 0 0 0 0 0.277402 0 0 0 0 0 0 0 0 0 0 0 0 0 0 0 0.277402 0 0 0 0 0 0 0 0 0 0 0 0.277402 0 0 0 -3.23505 0.800946 0.800946 0 0 0 0 0 0.800946 0 0 0 
0 0 0 0 0 0 0 0 0 0 0 0 0 0 0 0 0 0 0 0 0 0.277402 0 0 0 0 0 0 0 0 0 0 0 0 0 0 0 0.277402 0 0 0 0 0 0 0 0 0 0 0 0.277402 0 0 0.277402 -3.24547 0 1.06793 0 0 0 0 0 1.06793 0 0 
0 0 0 0 0 0 0 0 0 0 0 0 0 0 0 0 0 0 0 0 0 0 0.277402 0 0 0 0 0 0 0 0 0 0 0 0 0 0 0 0.277402 0 0 0 0 0 0 0 0 0 0 0 0.277402 0 0.277402 0 -3.24547 1.06793 0 0 0 0 0 0 1.06793 0 
0 0 0 0 0 0 0 0 0 0 0 0 0 0 0 0 0 0 0 0 0 0 0 0.277402 0 0 0 0 0 0 0 0 0 0 0 0 0 0 0 0.277402 0 0 0 0 0 0 0 0 0 0 0 0.277402 0 0.277402 0.277402 -2.72192 0 0 0 0 0 0 0 1.33491 
0 0 0 0 0 0 0 0 0 0 0 0 0 0 0 0 0 0 0 0 0 0 0 0 0.277402 0 0 0 0 0 0 0 0 0 0 0 0 0 0 0 0.277402 0 0 0 0 0 0 0 0.277402 0 0 0 0 0 0 0 -3.23505 0.800946 0.800946 0 0.800946 0 0 0 
0 0 0 0 0 0 0 0 0 0 0 0 0 0 0 0 0 0 0 0 0 0 0 0 0 0.277402 0 0 0 0 0 0 0 0 0 0 0 0 0 0 0 0.277402 0 0 0 0 0 0 0 0.277402 0 0 0 0 0 0 0.277402 -3.24547 0 1.06793 0 1.06793 0 0 
0 0 0 0 0 0 0 0 0 0 0 0 0 0 0 0 0 0 0 0 0 0 0 0 0 0 0.277402 0 0 0 0 0 0 0 0 0 0 0 0 0 0 0 0.277402 0 0 0 0 0 0 0 0.277402 0 0 0 0 0 0.277402 0 -3.24547 1.06793 0 0 1.06793 0 
0 0 0 0 0 0 0 0 0 0 0 0 0 0 0 0 0 0 0 0 0 0 0 0 0 0 0 0.277402 0 0 0 0 0 0 0 0 0 0 0 0 0 0 0 0.277402 0 0 0 0 0 0 0 0.277402 0 0 0 0 0 0.277402 0.277402 -2.72192 0 0 0 1.33491 
0 0 0 0 0 0 0 0 0 0 0 0 0 0 0 0 0 0 0 0 0 0 0 0 0 0 0 0 0.277402 0 0 0 0 0 0 0 0 0 0 0 0 0 0 0 0.277402 0 0 0 0 0 0 0 0.277402 0 0 0 0.277402 0 0 0 -3.24547 1.06793 1.06793 0 
0 0 0 0 0 0 0 0 0 0 0 0 0 0 0 0 0 0 0 0 0 0 0 0 0 0 0 0 0 0.277402 0 0 0 0 0 0 0 0 0 0 0 0 0 0 0 0.277402 0 0 0 0 0 0 0 0.277402 0 0 0 0.277402 0 0 0.277402 -2.72192 0 1.33491 
0 0 0 0 0 0 0 0 0 0 0 0 0 0 0 0 0 0 0 0 0 0 0 0 0 0 0 0 0 0 0.277402 0 0 0 0 0 0 0 0 0 0 0 0 0 0 0 0.277402 0 0 0 0 0 0 0 0.277402 0 0 0 0.277402 0 0.277402 0 -2.72192 1.33491 
0 0 0 0 0 0 0 0 0 0 0 0 0 0 0 0 0 0 0 0 0 0 0 0 0 0 0 0 0 0 0 0.277402 0 0 0 0 0 0 0 0 0 0 0 0 0 0 0 0.277402 0 0 0 0 0 0 0 0.277402 0 0 0 0.277402 0 0.277402 0.277402 -1.66441 
