32
-0 0 0 0 0 0 0 0 0 0 0 0 0 0 0 0 0 0 0 0 0 0 0 0 0 0 0 0 0 0 0 0 
0.182374 -1.13231 0 0.237485 0 0.237485 0 0 0 0.237485 0 0 0 0 0 0 0 0.237485 0 0 0 0 0 0 0 0 0 0 0 0 0 0 
0.182374 0 -1.13231 0.237485 0 0 0.237485 0 0 0 0.237485 0 0 0 0 0 0 0 0.237485 0 0 0 0 0 0 0 0 0 0 0 0 0 
0 0.182374 0.182374 -1.78966 0 0 0 0.47497 0 0 0 0.47497 0 0 0 0 0 0 0 0.47497 0 0 0 0 0 0 0 0 0 0 0 0 
0.182374 0 0 0 -1.13231 0.237485 0.237485 0 0 0 0 0 0.237485 0 0 0 0 0 0 0 0.237485 0 0 0 0 0 0 0 0 0 0 0 
0 0.182374 0 0 0.182374 -1.78966 0 0.47497 0 0 0 0 0 0.47497 0 0 0 0 0 0 0 0.47497 0 0 0 0 0 0 0 0 0 0 
0 0 0.182374 0 0.182374 0 -1.78966 0.47497 0 0 0 0 0 0 0.47497 0 0 0 0 0 0 0 0.47497 0 0 0 0 0 0 0 0 0 
0 0 0 0.182374 0 0.182374 0.182374 -1.97203 0 0 0 0 0 0 0 0.712455 0 0 0 0 0 0 0 0.712455 0 0 0 0 0 0 0 0 
0.182374 0 0 0 0 0 0 0 -1.13231 0.237485 0.237485 0 0.237485 0 0 0 0 0 0 0 0 0 0 0 0.237485 0 0 0 0 0 0 0 
0 0.182374 0 0 0 0 0 0 0.182374 -1.78966 0 0.47497 0 0.47497 0 0 0 0 0 0 0 0 0 0 0 0.47497 0 0 0 0 0 0 
0 0 0.182374 0 0 0 0 0 0.182374 0 -1.78966 0.47497 0 0 0.47497 0 0 0 0 0 0 0 0 0 0 0 0.47497 0 0 0 0 0 
0 0 0 0.182374 0 0 0 0 0 0.182374 0.182374 -1.97203 0 0 0 0.712455 0 0 0 0 0 0 0 0 0 0 0 0.712455 0 0 0 0 
0 0 0 0 0.182374 0 0 0 0.182374 0 0 0 -1.78966 0.47497 0.47497 0 0 0 0 0 0 0 0 0 0 0 0 0 0.47497 0 0 0 
0 0 0 0 0 0.182374 0 0 0 0.182374 0 0 0.182374 -1.97203 0 0.712455 0 0 0 0 0 0 0 0 0 0 0 0 0 0.712455 0 0 
0 0 0 0 0 0 0.182374 0 0 0 0.182374 0 0.182374 0 -1.97203 0.712455 0 0 0 0 0 0 0 0 0 0 0 0 0 0 0.712455 0 
0 0 0 0 0 0 0 0.182374 0 0 0 0.182374 0 0.182374 0.182374 -1.67944 0 0 0 0 0 0 0 0 0 0 0 0 0 0 0 0.94994 
0.182374 0 0 0 0 0 0 0 0 0 0 0 0 0 0 0 -1.13231 0.237485 0.237485 0 0.237485 0 0 0 0.237485 0 0 0 0 0 0 0 
0 0.182374 0 0 0 0 0 0 0 0 0 0 0 0 0 0 0.182374 -1.78966 0 0.47497 0 0.47497 0 0 0 0.47497 0 0 0 0 0 0 
0 0 0.182374 0 0 0 0 0 0 0 0 0 0 0 0 0 0.182374 0 -1.78966 0.47497 0 0 0.47497 0 0 0 0.47497 0 0 0 0 0 
0 0 0 0.182374 0 0 0 0 0 0 0 0 0 0 0 0 0 0.182374 0.182374 -1.97203 0 0 0 0.712455 0 0 0 0.712455 0 0 0 0 
0 0 0 0 0.182374 0 0 0 0 0 0 0 0 0 0 0 0.182374 0 0 0 -1.78966 0.47497 0.47497 0 0 0 0 0 0.47497 0 0 0 
0 0 0 0 0 0.182374 0 0 0 0 0 0 0 0 0 0 0 0.182374 0 0 0.182374 -1.97203 0 0.712455 0 0 0 0 0 0.712455 0 0 
0 0 0 0 0 0 0.182374 0 0 0 0 0 0 0 0 0 0 0 0.182374 0 0.182374 0 -1.97203 0.712455 0 0 0 0 0 0 0.712455 0 
0 0 0 0 0 0 0 0.182374 0 0 0 0 0 0 0 0 0 0 0 0.182374 0 0.182374 0.182374 -1.67944 0 0 0 0 0 0 0 0.94994 
0 0 0 0 0 0 0 0 0.182374 0 0 0 0 0 0 0 0.182374 0 0 0 0 0 0 0 -1.78966 0.47497 0.47497 0 0.47497 0 0 0 
0 0 0 0 0 0 0 0 0 0.182374 0 0 0 0 0 0 0 0.182374 0 0 0 0 0 0 0.182374 -1.97203 0 0.712455 0 0.712455 0 0 
0 0 0 0 0 0 0 0 0 0 0.182374 0 0 0 0 0 0 0 0.182374 0 0 0 0 0 0.182374 0 -1.97203 0.712455 0 0 0.712455 0 
0 0 0 0 0 0 0 0 0 0 0 0.182374 0 0 0 0 0 0 0 0.182374 0 0 0 0 0 0.182374 0.182374 -1.67944 0 0 0 0.94994 
0 0 0 0 0 0 0 0 0 0 0 0 0.182374 0 0 0 0 0 0 0 0.182374 0 0 0 0.182374 0 0 0 -1.97203 0.712455 0.712455 0 
0 0 0 0 0 0 0 0 0 0 0 0 0 0.182374 0 0 0 0 0 0 0 0.182374 0 0 0 0.182374 0 0 0.182374 -1.67944 0 0.94994 
0 0 0 0 0 0 0 0 0 0 0 0 0 0 0.182374 0 0 0 0 0 0 0 0.182374 0 0 0 0.182374 0 0.182374 0 -1.67944 0.94994 
0 0 0 0 0 0 0 0 0 0 0 0 0 0 0 0.182374 0 0 0 0 0 0 0 0.182374 0 0 0 0.182374 0 0.182374 0.182374 -0.911869 
