64
-0 0 0 0 0 0 0 0 0 0 0 0 0 0 0 0 0 0 0 0 0 0 0 0 0 0 0 0 0 0 0 0 0 0 0 0 0 0 0 0 0 0 0 0 0 0 0 0 0 0 0 0 0 0 0 0 0 0 0 0 0 0 0 0 
0.578416 -2.84719 0 0.453755 0 0.453755 0 0 0 0.453755 0 0 0 0 0 0 0 0.453755 0 0 0 0 0 0 0 0 0 0 0 0 0 0 0 0.453755 0 0 0 0 0 0 0 0 0 0 0 0 0 0 0 0 0 0 0 0 0 0 0 0 0 0 0 0 0 0 
0.578416 0 -2.84719 0.453755 0 0 0.453755 0 0 0 0.453755 0 0 0 0 0 0 0 0.453755 0 0 0 0 0 0 0 0 0 0 0 0 0 0 0 0.453755 0 0 0 0 0 0 0 0 0 0 0 0 0 0 0 0 0 0 0 0 0 0 0 0 0 0 0 0 0 
0 0.578416 0.578416 -4.78687 0 0 0 0.90751 0 0 0 0.90751 0 0 0 0 0 0 0 0.90751 0 0 0 0 0 0 0 0 0 0 0 0 0 0 0 0.90751 0 0 0 0 0 0 0 0 0 0 0 0 0 0 0 0 0 0 0 0 0 0 0 0 0 0 0 0 
0.578416 0 0 0 -2.84719 0.453755 0.453755 0 0 0 0 0 0.453755 0 0 0 0 0 0 0 0.453755 0 0 0 0 0 0 0 0 0 0 0 0 0 0 0 0.453755 0 0 0 0 0 0 0 0 0 0 0 0 0 0 0 0 0 0 0 0 0 0 0 0 0 0 0 
0 0.578416 0 0 0.578416 -4.78687 0 0.90751 0 0 0 0 0 0.90751 0 0 0 0 0 0 0 0.90751 0 0 0 0 0 0 0 0 0 0 0 0 0 0 0 0.90751 0 0 0 0 0 0 0 0 0 0 0 0 0 0 0 0 0 0 0 0 0 0 0 0 0 0 
0 0 0.578416 0 0.578416 0 -4.78687 0.90751 0 0 0 0 0 0 0.90751 0 0 0 0 0 0 0 0.90751 0 0 0 0 0 0 0 0 0 0 0 0 0 0 0 0.90751 0 0 0 0 0 0 0 0 0 0 0 0 0 0 0 0 0 0 0 0 0 0 0 0 0 
0 0 0 0.578416 0 0.578416 0.578416 -5.81904 0 0 0 0 0 0 0 1.36126 0 0 0 0 0 0 0 1.36126 0 0 0 0 0 0 0 0 0 0 0 0 0 0 0 1.36126 0 0 0 0 0 0 0 0 0 0 0 0 0 0 0 0 0 0 0 0 0 0 0 0 
0.578416 0 0 0 0 0 0 0 -2.84719 0.453755 0.453755 0 0.453755 0 0 0 0 0 0 0 0 0 0 0 0.453755 0 0 0 0 0 0 0 0 0 0 0 0 0 0 0 0.453755 0 0 0 0 0 0 0 0 0 0 0 0 0 0 0 0 0 0 0 0 0 0 0 
0 0.578416 0 0 0 0 0 0 0.578416 -4.78687 0 0.90751 0 0.90751 0 0 0 0 0 0 0 0 0 0 0 0.90751 0 0 0 0 0 0 0 0 0 0 0 0 0 0 0 0.90751 0 0 0 0 0 0 0 0 0 0 0 0 0 0 0 0 0 0 0 0 0 0 
0 0 0.578416 0 0 0 0 0 0.578416 0 -4.78687 0.90751 0 0 0.90751 0 0 0 0 0 0 0 0 0 0 0 0.90751 0 0 0 0 0 0 0 0 0 0 0 0 0 0 0 0.90751 0 0 0 0 0 0 0 0 0 0 0 0 0 0 0 0 0 0 0 0 0 
0 0 0 0.578416 0 0 0 0 0 0.578416 0.578416 -5.81904 0 0 0 1.36126 0 0 0 0 0 0 0 0 0 0 0 1.36126 0 0 0 0 0 0 0 0 0 0 0 0 0 0 0 1.36126 0 0 0 0 0 0 0 0 0 0 0 0 0 0 0 0 0 0 0 0 
0 0 0 0 0.578416 0 0 0 0.578416 0 0 0 -4.78687 0.90751 0.90751 0 0 0 0 0 0 0 0 0 0 0 0 0 0.90751 0 0 0 0 0 0 0 0 0 0 0 0 0 0 0 0.90751 0 0 0 0 0 0 0 0 0 0 0 0 0 0 0 0 0 0 0 
0 0 0 0 0 0.578416 0 0 0 0.578416 0 0 0.578416 -5.81904 0 1.36126 0 0 0 0 0 0 0 0 0 0 0 0 0 1.36126 0 0 0 0 0 0 0 0 0 0 0 0 0 0 0 1.36126 0 0 0 0 0 0 0 0 0 0 0 0 0 0 0 0 0 0 
0 0 0 0 0 0 0.578416 0 0 0 0.578416 0 0.578416 0 -5.81904 1.36126 0 0 0 0 0 0 0 0 0 0 0 0 0 0 1.36126 0 0 0 0 0 0 0 0 0 0 0 0 0 0 0 1.36126 0 0 0 0 0 0 0 0 0 0 0 0 0 0 0 0 0 
0 0 0 0 0 0 0 0.578416 0 0 0 0.578416 0 0.578416 0.578416 -5.9437 0 0 0 0 0 0 0 0 0 0 0 0 0 0 0 1.81502 0 0 0 0 0 0 0 0 0 0 0 0 0 0 0 1.81502 0 0 0 0 0 0 0 0 0 0 0 0 0 0 0 0 
0.578416 0 0 0 0 0 0 0 0 0 0 0 0 0 0 0 -2.84719 0.453755 0.453755 0 0.453755 0 0 0 0.453755 0 0 0 0 0 0 0 0 0 0 0 0 0 0 0 0 0 0 0 0 0 0 0 0.453755 0 0 0 0 0 0 0 0 0 0 0 0 0 0 0 
0 0.578416 0 0 0 0 0 0 0 0 0 0 0 0 0 0 0.578416 -4.78687 0 0.90751 0 0.90751 0 0 0 0.90751 0 0 0 0 0 0 0 0 0 0 0 0 0 0 0 0 0 0 0 0 0 0 0 0.90751 0 0 0 0 0 0 0 0 0 0 0 0 0 0 
0 0 0.578416 0 0 0 0 0 0 0 0 0 0 0 0 0 0.578416 0 -4.78687 0.90751 0 0 0.90751 0 0 0 0.90751 0 0 0 0 0 0 0 0 0 0 0 0 0 0 0 0 0 0 0 0 0 0 0 0.90751 0 0 0 0 0 0 0 0 0 0 0 0 0 
0 0 0 0.578416 0 0 0 0 0 0 0 0 0 0 0 0 0 0.578416 0.578416 -5.81904 0 0 0 1.36126 0 0 0 1.36126 0 0 0 0 0 0 0 0 0 0 0 0 0 0 0 0 0 0 0 0 0 0 0 1.36126 0 0 0 0 0 0 0 0 0 0 0 0 
0 0 0 0 0.578416 0 0 0 0 0 0 0 0 0 0 0 0.578416 0 0 0 -4.78687 0.90751 0.90751 0 0 0 0 0 0.90751 0 0 0 0 0 0 0 0 0 0 0 0 0 0 0 0 0 0 0 0 0 0 0 0.90751 0 0 0 0 0 0 0 0 0 0 0 
0 0 0 0 0 0.578416 0 0 0 0 0 0 0 0 0 0 0 0.578416 0 0 0.578416 -5.81904 0 1.36126 0 0 0 0 0 1.36126 0 0 0 0 0 0 0 0 0 0 0 0 0 0 0 0 0 0 0 0 0 0 0 1.36126 0 0 0 0 0 0 0 0 0 0 
0 0 0 0 0 0 0.578416 0 0 0 0 0 0 0 0 0 0 0 0.578416 0 0.578416 0 -5.81904 1.36126 0 0 0 0 0 0 1.36126 0 0 0 0 0 0 0 0 0 0 0 0 0 0 0 0 0 0 0 0 0 0 0 1.36126 0 0 0 0 0 0 0 0 0 
0 0 0 0 0 0 0 0.578416 0 0 0 0 0 0 0 0 0 0 0 0.578416 0 0.578416 0.578416 -5.9437 0 0 0 0 0 0 0 1.81502 0 0 0 0 0 0 0 0 0 0 0 0 0 0 0 0 0 0 0 0 0 0 0 1.81502 0 0 0 0 0 0 0 0 
0 0 0 0 0 0 0 0 0.578416 0 0 0 0 0 0 0 0.578416 0 0 0 0 0 0 0 -4.78687 0.90751 0.90751 0 0.90751 0 0 0 0 0 0 0 0 0 0 0 0 0 0 0 0 0 0 0 0 0 0 0 0 0 0 0 0.90751 0 0 0 0 0 0 0 
0 0 0 0 0 0 0 0 0 0.578416 0 0 0 0 0 0 0 0.578416 0 0 0 0 0 0 0.578416 -5.81904 0 1.36126 0 1.36126 0 0 0 0 0 0 0 0 0 0 0 0 0 0 0 0 0 0 0 0 0 0 0 0 0 0 0 1.36126 0 0 0 0 0 0 
0 0 0 0 0 0 0 0 0 0 0.578416 0 0 0 0 0 0 0 0.578416 0 0 0 0 0 0.578416 0 -5.81904 1.36126 0 0 1.36126 0 0 0 0 0 0 0 0 0 0 0 0 0 0 0 0 0 0 0 0 0 0 0 0 0 0 0 1.36126 0 0 0 0 0 
0 0 0 0 0 0 0 0 0 0 0 0.578416 0 0 0 0 0 0 0 0.578416 0 0 0 0 0 0.578416 0.578416 -5.9437 0 0 0 1.81502 0 0 0 0 0 0 0 0 0 0 0 0 0 0 0 0 0 0 0 0 0 0 0 0 0 0 0 1.81502 0 0 0 0 
0 0 0 0 0 0 0 0 0 0 0 0 0.578416 0 0 0 0 0 0 0 0.578416 0 0 0 0.578416 0 0 0 -5.81904 1.36126 1.36126 0 0 0 0 0 0 0 0 0 0 0 0 0 0 0 0 0 0 0 0 0 0 0 0 0 0 0 0 0 1.36126 0 0 0 
0 0 0 0 0 0 0 0 0 0 0 0 0 0.578416 0 0 0 0 0 0 0 0.578416 0 0 0 0.578416 0 0 0.578416 -5.9437 0 1.81502 0 0 0 0 0 0 0 0 0 0 0 0 0 0 0 0 0 0 0 0 0 0 0 0 0 0 0 0 0 1.81502 0 0 
0 0 0 0 0 0 0 0 0 0 0 0 0 0 0.578416 0 0 0 0 0 0 0 0.578416 0 0 0 0.578416 0 0.578416 0 -5.9437 1.81502 0 0 0 0 0 0 0 0 0 0 0 0 0 0 0 0 0 0 0 0 0 0 0 0 0 0 0 0 0 0 1.81502 0 
0 0 0 0 0 0 0 0 0 0 0 0 0 0 0 0.578416 0 0 0 0 0 0 0 0.578416 0 0 0 0.578416 0 0.578416 0.578416 -5.16085 0 0 0 0 0 0 0 0 0 0 0 0 0 0 0 0 0 0 0 0 0 0 0 0 0 0 0 0 0 0 0 2.26877 
0.578416 0 0 0 0 0 0 0 0 0 0 0 0 0 0 0 0 0 0 0 0 0 0 0 0 0 0 0 0 0 0 0 -2.84719 0.453755 0.453755 0 0.453755 0 0 0 0.453755 0 0 0 0 0 0 0 0.453755 0 0 0 0 0 0 0 0 0 0 0 0 0 0 0 
0 0.578416 0 0 0 0 0 0 0 0 0 0 0 0 0 0 0 0 0 0 0 0 0 0 0 0 0 0 0 0 0 0 0.578416 -4.78687 0 0.90751 0 0.90751 0 0 0 0.90751 0 0 0 0 0 0 0 0.90751 0 0 0 0 0 0 0 0 0 0 0 0 0 0 
0 0 0.578416 0 0 0 0 0 0 0 0 0 0 0 0 0 0 0 0 0 0 0 0 0 0 0 0 0 0 0 0 0 0.578416 0 -4.78687 0.90751 0 0 0.90751 0 0 0 0.90751 0 0 0 0 0 0 0 0.90751 0 0 0 0 0 0 0 0 0 0 0 0 0 
0 0 0 0.578416 0 0 0 0 0 0 0 0 0 0 0 0 0 0 0 0 0 0 0 0 0 0 0 0 0 0 0 0 0 0.578416 0.578416 -5.81904 0 0 0 1.36126 0 0 0 1.36126 0 0 0 0 0 0 0 1.36126 0 0 0 0 0 0 0 0 0 0 0 0 
0 0 0 0 0.578416 0 0 0 0 0 0 0 0 0 0 0 0 0 0 0 0 0 0 0 0 0 0 0 0 0 0 0 0.578416 0 0 0 -4.78687 0.90751 0.90751 0 0 0 0 0 0.90751 0 0 0 0 0 0 0 0.90751 0 0 0 0 0 0 0 0 0 0 0 
0 0 0 0 0 0.578416 0 0 0 0 0 0 0 0 0 0 0 0 0 0 0 0 0 0 0 0 0 0 0 0 0 0 0 0.578416 0 0 0.578416 -5.81904 0 1.36126 0 0 0 0 0 1.36126 0 0 0 0 0 0 0 1.36126 0 0 0 0 0 0 0 0 0 0 
0 0 0 0 0 0 0.578416 0 0 0 0 0 0 0 0 0 0 0 0 0 0 0 0 0 0 0 0 0 0 0 0 0 0 0 0.578416 0 0.578416 0 -5.81904 1.36126 0 0 0 0 0 0 1.36126 0 0 0 0 0 0 0 1.36126 0 0 0 0 0 0 0 0 0 
0 0 0 0 0 0 0 0.578416 0 0 0 0 0 0 0 0 0 0 0 0 0 0 0 0 0 0 0 0 0 0 0 0 0 0 0 0.578416 0 0.578416 0.578416 -5.9437 0 0 0 0 0 0 0 1.81502 0 0 0 0 0 0 0 1.81502 0 0 0 0 0 0 0 0 
0 0 0 0 0 0 0 0 0.578416 0 0 0 0 0 0 0 0 0 0 0 0 0 0 0 0 0 0 0 0 0 0 0 0.578416 0 0 0 0 0 0 0 -4.78687 0.90751 0.90751 0 0.90751 0 0 0 0 0 0 0 0 0 0 0 0.90751 0 0 0 0 0 0 0 
0 0 0 0 0 0 0 0 0 0.578416 0 0 0 0 0 0 0 0 0 0 0 0 0 0 0 0 0 0 0 0 0 0 0 0.578416 0 0 0 0 0 0 0.578416 -5.81904 0 1.36126 0 1.36126 0 0 0 0 0 0 0 0 0 0 0 1.36126 0 0 0 0 0 0 
0 0 0 0 0 0 0 0 0 0 0.578416 0 0 0 0 0 0 0 0 0 0 0 0 0 0 0 0 0 0 0 0 0 0 0 0.578416 0 0 0 0 0 0.578416 0 -5.81904 1.36126 0 0 1.36126 0 0 0 0 0 0 0 0 0 0 0 1.36126 0 0 0 0 0 
0 0 0 0 0 0 0 0 0 0 0 0.578416 0 0 0 0 0 0 0 0 0 0 0 0 0 0 0 0 0 0 0 0 0 0 0 0.578416 0 0 0 0 0 0.578416 0.578416 -5.9437 0 0 0 1.81502 0 0 0 0 0 0 0 0 0 0 0 1.81502 0 0 0 0 
0 0 0 0 0 0 0 0 0 0 0 0 0.578416 0 0 0 0 0 0 0 0 0 0 0 0 0 0 0 0 0 0 0 0 0 0 0 0.578416 0 0 0 0.578416 0 0 0 -5.81904 1.36126 1.36126 0 0 0 0 0 0 0 0 0 0 0 0 0 1.36126 0 0 0 
0 0 0 0 0 0 0 0 0 0 0 0 0 0.578416 0 0 0 0 0 0 0 0 0 0 0 0 0 0 0 0 0 0 0 0 0 0 0 0.578416 0 0 0 0.578416 0 0 0.578416 -5.9437 0 1.81502 0 0 0 0 0 0 0 0 0 0 0 0 0 1.81502 0 0 
0 0 0 0 0 0 0 0 0 0 0 0 0 0 0.578416 0 0 0 0 0 0 0 0 0 0 0 0 0 0 0 0 0 0 0 0 0 0 0 0.578416 0 0 0 0.578416 0 0.578416 0 -5.9437 1.81502 0 0 0 0 0 0 0 0 0 0 0 0 0 0 1.81502 0 
0 0 0 0 0 0 0 0 0 0 0 0 0 0 0 0.578416 0 0 0 0 0 0 0 0 0 0 0 0 0 0 0 0 0 0 0 0 0 0 0 0.578416 0 0 0 0.578416 0 0.578416 0.578416 -5.16085 0 0 0 0 0 0 0 0 0 0 0 0 0 0 0 2.26877 
0 0 0 0 0 0 0 0 0 0 0 0 0 0 0 0 0.578416 0 0 0 0 0 0 0 0 0 0 0 0 0 0 0 0.578416 0 0 0 0 0 0 0 0 0 0 0 0 0 0 0 -4.78687 0.90751 0.90751 0 0.90751 0 0 0 0.90751 0 0 0 0 0 0 0 
0 0 0 0 0 0 0 0 0 0 0 0 0 0 0 0 0 0.578416 0 0 0 0 0 0 0 0 0 0 0 0 0 0 0 0.578416 0 0 0 0 0 0 0 0 0 0 0 0 0 0 0.578416 -5.81904 0 1.36126 0 1.36126 0 0 0 1.36126 0 0 0 0 0 0 
0 0 0 0 0 0 0 0 0 0 0 0 0 0 0 0 0 0 0.578416 0 0 0 0 0 0 0 0 0 0 0 0 0 0 0 0.578416 0 0 0 0 0 0 0 0 0 0 0 0 0 0.578416 0 -5.81904 1.36126 0 0 1.36126 0 0 0 1.36126 0 0 0 0 0 
0 0 0 0 0 0 0 0 0 0 0 0 0 0 0 0 0 0 0 0.578416 0 0 0 0 0 0 0 0 0 0 0 0 0 0 0 0.578416 0 0 0 0 0 0 0 0 0 0 0 0 0 0.578416 0.578416 -5.9437 0 0 0 1.81502 0 0 0 1.81502 0 0 0 0 
0 0 0 0 0 0 0 0 0 0 0 0 0 0 0 0 0 0 0 0 0.578416 0 0 0 0 0 0 0 0 0 0 0 0 0 0 0 0.578416 0 0 0 0 0 0 0 0 0 0 0 0.578416 0 0 0 -5.81904 1.36126 1.36126 0 0 0 0 0 1.36126 0 0 0 
0 0 0 0 0 0 0 0 0 0 0 0 0 0 0 0 0 0 0 0 0 0.578416 0 0 0 0 0 0 0 0 0 0 0 0 0 0 0 0.578416 0 0 0 0 0 0 0 0 0 0 0 0.578416 0 0 0.578416 -5.9437 0 1.81502 0 0 0 0 0 1.81502 0 0 
0 0 0 0 0 0 0 0 0 0 0 0 0 0 0 0 0 0 0 0 0 0 0.578416 0 0 0 0 0 0 0 0 0 0 0 0 0 0 0 0.578416 0 0 0 0 0 0 0 0 0 0 0 0.578416 0 0.578416 0 -5.9437 1.81502 0 0 0 0 0 0 1.81502 0 
0 0 0 0 0 0 0 0 0 0 0 0 0 0 0 0 0 0 0 0 0 0 0 0.578416 0 0 0 0 0 0 0 0 0 0 0 0 0 0 0 0.578416 0 0 0 0 0 0 0 0 0 0 0 0.578416 0 0.578416 0.578416 -5.16085 0 0 0 0 0 0 0 2.26877 
0 0 0 0 0 0 0 0 0 0 0 0 0 0 0 0 0 0 0 0 0 0 0 0 0.578416 0 0 0 0 0 0 0 0 0 0 0 0 0 0 0 0.578416 0 0 0 0 0 0 0 0.578416 0 0 0 0 0 0 0 -5.81904 1.36126 1.36126 0 1.36126 0 0 0 
0 0 0 0 0 0 0 0 0 0 0 0 0 0 0 0 0 0 0 0 0 0 0 0 0 0.578416 0 0 0 0 0 0 0 0 0 0 0 0 0 0 0 0.578416 0 0 0 0 0 0 0 0.578416 0 0 0 0 0 0 0.578416 -5.9437 0 1.81502 0 1.81502 0 0 
0 0 0 0 0 0 0 0 0 0 0 0 0 0 0 0 0 0 0 0 0 0 0 0 0 0 0.578416 0 0 0 0 0 0 0 0 0 0 0 0 0 0 0 0.578416 0 0 0 0 0 0 0 0.578416 0 0 0 0 0 0.578416 0 -5.9437 1.81502 0 0 1.81502 0 
0 0 0 0 0 0 0 0 0 0 0 0 0 0 0 0 0 0 0 0 0 0 0 0 0 0 0 0.578416 0 0 0 0 0 0 0 0 0 0 0 0 0 0 0 0.578416 0 0 0 0 0 0 0 0.578416 0 0 0 0 0 0.578416 0.578416 -5.16085 0 0 0 2.26877 
0 0 0 0 0 0 0 0 0 0 0 0 0 0 0 0 0 0 0 0 0 0 0 0 0 0 0 0 0.578416 0 0 0 0 0 0 0 0 0 0 0 0 0 0 0 0.578416 0 0 0 0 0 0 0 0.578416 0 0 0 0.578416 0 0 0 -5.9437 1.81502 1.81502 0 
0 0 0 0 0 0 0 0 0 0 0 0 0 0 0 0 0 0 0 0 0 0 0 0 0 0 0 0 0 0.578416 0 0 0 0 0 0 0 0 0 0 0 0 0 0 0 0.578416 0 0 0 0 0 0 0 0.578416 0 0 0 0.578416 0 0 0.578416 -5.16085 0 2.26877 
0 0 0 0 0 0 0 0 0 0 0 0 0 0 0 0 0 0 0 0 0 0 0 0 0 0 0 0 0 0 0.578416 0 0 0 0 0 0 0 0 0 0 0 0 0 0 0 0.578416 0 0 0 0 0 0 0 0.578416 0 0 0 0.578416 0 0.578416 0 -5.16085 2.26877 
0 0 0 0 0 0 0 0 0 0 0 0 0 0 0 0 0 0 0 0 0 0 0 0 0 0 0 0 0 0 0 0.578416 0 0 0 0 0 0 0 0 0 0 0 0 0 0 0 0.578416 0 0 0 0 0 0 0 0.578416 0 0 0 0.578416 0 0.578416 0.578416 -3.4705 
