32
-0 0 0 0 0 0 0 0 0 0 0 0 0 0 0 0 0 0 0 0 0 0 0 0 0 0 0 0 0 0 0 0 
0.496566 -2.43552 0 0.484739 0 0.484739 0 0 0 0.484739 0 0 0 0 0 0 0 0.484739 0 0 0 0 0 0 0 0 0 0 0 0 0 0 
0.496566 0 -2.43552 0.484739 0 0 0.484739 0 0 0 0.484739 0 0 0 0 0 0 0 0.484739 0 0 0 0 0 0 0 0 0 0 0 0 0 
0 0.496566 0.496566 -3.90157 0 0 0 0.969478 0 0 0 0.969478 0 0 0 0 0 0 0 0.969478 0 0 0 0 0 0 0 0 0 0 0 0 
0.496566 0 0 0 -2.43552 0.484739 0.484739 0 0 0 0 0 0.484739 0 0 0 0 0 0 0 0.484739 0 0 0 0 0 0 0 0 0 0 0 
0 0.496566 0 0 0.496566 -3.90157 0 0.969478 0 0 0 0 0 0.969478 0 0 0 0 0 0 0 0.969478 0 0 0 0 0 0 0 0 0 0 
0 0 0.496566 0 0.496566 0 -3.90157 0.969478 0 0 0 0 0 0 0.969478 0 0 0 0 0 0 0 0.969478 0 0 0 0 0 0 0 0 0 
0 0 0 0.496566 0 0.496566 0.496566 -4.39813 0 0 0 0 0 0 0 1.45422 0 0 0 0 0 0 0 1.45422 0 0 0 0 0 0 0 0 
0.496566 0 0 0 0 0 0 0 -2.43552 0.484739 0.484739 0 0.484739 0 0 0 0 0 0 0 0 0 0 0 0.484739 0 0 0 0 0 0 0 
0 0.496566 0 0 0 0 0 0 0.496566 -3.90157 0 0.969478 0 0.969478 0 0 0 0 0 0 0 0 0 0 0 0.969478 0 0 0 0 0 0 
0 0 0.496566 0 0 0 0 0 0.496566 0 -3.90157 0.969478 0 0 0.969478 0 0 0 0 0 0 0 0 0 0 0 0.969478 0 0 0 0 0 
0 0 0 0.496566 0 0 0 0 0 0.496566 0.496566 -4.39813 0 0 0 1.45422 0 0 0 0 0 0 0 0 0 0 0 1.45422 0 0 0 0 
0 0 0 0 0.496566 0 0 0 0.496566 0 0 0 -3.90157 0.969478 0.969478 0 0 0 0 0 0 0 0 0 0 0 0 0 0.969478 0 0 0 
0 0 0 0 0 0.496566 0 0 0 0.496566 0 0 0.496566 -4.39813 0 1.45422 0 0 0 0 0 0 0 0 0 0 0 0 0 1.45422 0 0 
0 0 0 0 0 0 0.496566 0 0 0 0.496566 0 0.496566 0 -4.39813 1.45422 0 0 0 0 0 0 0 0 0 0 0 0 0 0 1.45422 0 
0 0 0 0 0 0 0 0.496566 0 0 0 0.496566 0 0.496566 0.496566 -3.92522 0 0 0 0 0 0 0 0 0 0 0 0 0 0 0 1.93896 
0.496566 0 0 0 0 0 0 0 0 0 0 0 0 0 0 0 -2.43552 0.484739 0.484739 0 0.484739 0 0 0 0.484739 0 0 0 0 0 0 0 
0 0.496566 0 0 0 0 0 0 0 0 0 0 0 0 0 0 0.496566 -3.90157 0 0.969478 0 0.969478 0 0 0 0.969478 0 0 0 0 0 0 
0 0 0.496566 0 0 0 0 0 0 0 0 0 0 0 0 0 0.496566 0 -3.90157 0.969478 0 0 0.969478 0 0 0 0.969478 0 0 0 0 0 
0 0 0 0.496566 0 0 0 0 0 0 0 0 0 0 0 0 0 0.496566 0.496566 -4.39813 0 0 0 1.45422 0 0 0 1.45422 0 0 0 0 
0 0 0 0 0.496566 0 0 0 0 0 0 0 0 0 0 0 0.496566 0 0 0 -3.90157 0.969478 0.969478 0 0 0 0 0 0.969478 0 0 0 
0 0 0 0 0 0.496566 0 0 0 0 0 0 0 0 0 0 0 0.496566 0 0 0.496566 -4.39813 0 1.45422 0 0 0 0 0 1.45422 0 0 
0 0 0 0 0 0 0.496566 0 0 0 0 0 0 0 0 0 0 0 0.496566 0 0.496566 0 -4.39813 1.45422 0 0 0 0 0 0 1.45422 0 
0 0 0 0 0 0 0 0.496566 0 0 0 0 0 0 0 0 0 0 0 0.496566 0 0.496566 0.496566 -3.92522 0 0 0 0 0 0 0 1.93896 
0 0 0 0 0 0 0 0 0.496566 0 0 0 0 0 0 0 0.496566 0 0 0 0 0 0 0 -3.90157 0.969478 0.969478 0 0.969478 0 0 0 
0 0 0 0 0 0 0 0 0 0.496566 0 0 0 0 0 0 0 0.496566 0 0 0 0 0 0 0.496566 -4.39813 0 1.45422 0 1.45422 0 0 
0 0 0 0 0 0 0 0 0 0 0.496566 0 0 0 0 0 0 0 0.496566 0 0 0 0 0 0.496566 0 -4.39813 1.45422 0 0 1.45422 0 
0 0 0 0 0 0 0 0 0 0 0 0.496566 0 0 0 0 0 0 0 0.496566 0 0 0 0 0 0.496566 0.496566 -3.92522 0 0 0 1.93896 
0 0 0 0 0 0 0 0 0 0 0 0 0.496566 0 0 0 0 0 0 0 0.496566 0 0 0 0.496566 0 0 0 -4.39813 1.45422 1.45422 0 
0 0 0 0 0 0 0 0 0 0 0 0 0 0.496566 0 0 0 0 0 0 0 0.496566 0 0 0 0.496566 0 0 0.496566 -3.92522 0 1.93896 
0 0 0 0 0 0 0 0 0 0 0 0 0 0 0.496566 0 0 0 0 0 0 0 0.496566 0 0 0 0.496566 0 0.496566 0 -3.92522 1.93896 
0 0 0 0 0 0 0 0 0 0 0 0 0 0 0 0.496566 0 0 0 0 0 0 0 0.496566 0 0 0 0.496566 0 0.496566 0.496566 -2.48283 
