32
-0 0 0 0 0 0 0 0 0 0 0 0 0 0 0 0 0 0 0 0 0 0 0 0 0 0 0 0 0 0 0 0 
0.313339 -1.66622 0 0.338221 0 0.338221 0 0 0 0.338221 0 0 0 0 0 0 0 0.338221 0 0 0 0 0 0 0 0 0 0 0 0 0 0 
0.313339 0 -1.66622 0.338221 0 0 0.338221 0 0 0 0.338221 0 0 0 0 0 0 0 0.338221 0 0 0 0 0 0 0 0 0 0 0 0 0 
0 0.313339 0.313339 -2.656 0 0 0 0.676442 0 0 0 0.676442 0 0 0 0 0 0 0 0.676442 0 0 0 0 0 0 0 0 0 0 0 0 
0.313339 0 0 0 -1.66622 0.338221 0.338221 0 0 0 0 0 0.338221 0 0 0 0 0 0 0 0.338221 0 0 0 0 0 0 0 0 0 0 0 
0 0.313339 0 0 0.313339 -2.656 0 0.676442 0 0 0 0 0 0.676442 0 0 0 0 0 0 0 0.676442 0 0 0 0 0 0 0 0 0 0 
0 0 0.313339 0 0.313339 0 -2.656 0.676442 0 0 0 0 0 0 0.676442 0 0 0 0 0 0 0 0.676442 0 0 0 0 0 0 0 0 0 
0 0 0 0.313339 0 0.313339 0.313339 -2.96934 0 0 0 0 0 0 0 1.01466 0 0 0 0 0 0 0 1.01466 0 0 0 0 0 0 0 0 
0.313339 0 0 0 0 0 0 0 -1.66622 0.338221 0.338221 0 0.338221 0 0 0 0 0 0 0 0 0 0 0 0.338221 0 0 0 0 0 0 0 
0 0.313339 0 0 0 0 0 0 0.313339 -2.656 0 0.676442 0 0.676442 0 0 0 0 0 0 0 0 0 0 0 0.676442 0 0 0 0 0 0 
0 0 0.313339 0 0 0 0 0 0.313339 0 -2.656 0.676442 0 0 0.676442 0 0 0 0 0 0 0 0 0 0 0 0.676442 0 0 0 0 0 
0 0 0 0.313339 0 0 0 0 0 0.313339 0.313339 -2.96934 0 0 0 1.01466 0 0 0 0 0 0 0 0 0 0 0 1.01466 0 0 0 0 
0 0 0 0 0.313339 0 0 0 0.313339 0 0 0 -2.656 0.676442 0.676442 0 0 0 0 0 0 0 0 0 0 0 0 0 0.676442 0 0 0 
0 0 0 0 0 0.313339 0 0 0 0.313339 0 0 0.313339 -2.96934 0 1.01466 0 0 0 0 0 0 0 0 0 0 0 0 0 1.01466 0 0 
0 0 0 0 0 0 0.313339 0 0 0 0.313339 0 0.313339 0 -2.96934 1.01466 0 0 0 0 0 0 0 0 0 0 0 0 0 0 1.01466 0 
0 0 0 0 0 0 0 0.313339 0 0 0 0.313339 0 0.313339 0.313339 -2.60624 0 0 0 0 0 0 0 0 0 0 0 0 0 0 0 1.35288 
0.313339 0 0 0 0 0 0 0 0 0 0 0 0 0 0 0 -1.66622 0.338221 0.338221 0 0.338221 0 0 0 0.338221 0 0 0 0 0 0 0 
0 0.313339 0 0 0 0 0 0 0 0 0 0 0 0 0 0 0.313339 -2.656 0 0.676442 0 0.676442 0 0 0 0.676442 0 0 0 0 0 0 
0 0 0.313339 0 0 0 0 0 0 0 0 0 0 0 0 0 0.313339 0 -2.656 0.676442 0 0 0.676442 0 0 0 0.676442 0 0 0 0 0 
0 0 0 0.313339 0 0 0 0 0 0 0 0 0 0 0 0 0 0.313339 0.313339 -2.96934 0 0 0 1.01466 0 0 0 1.01466 0 0 0 0 
0 0 0 0 0.313339 0 0 0 0 0 0 0 0 0 0 0 0.313339 0 0 0 -2.656 0.676442 0.676442 0 0 0 0 0 0.676442 0 0 0 
0 0 0 0 0 0.313339 0 0 0 0 0 0 0 0 0 0 0 0.313339 0 0 0.313339 -2.96934 0 1.01466 0 0 0 0 0 1.01466 0 0 
0 0 0 0 0 0 0.313339 0 0 0 0 0 0 0 0 0 0 0 0.313339 0 0.313339 0 -2.96934 1.01466 0 0 0 0 0 0 1.01466 0 
0 0 0 0 0 0 0 0.313339 0 0 0 0 0 0 0 0 0 0 0 0.313339 0 0.313339 0.313339 -2.60624 0 0 0 0 0 0 0 1.35288 
0 0 0 0 0 0 0 0 0.313339 0 0 0 0 0 0 0 0.313339 0 0 0 0 0 0 0 -2.656 0.676442 0.676442 0 0.676442 0 0 0 
0 0 0 0 0 0 0 0 0 0.313339 0 0 0 0 0 0 0 0.313339 0 0 0 0 0 0 0.313339 -2.96934 0 1.01466 0 1.01466 0 0 
0 0 0 0 0 0 0 0 0 0 0.313339 0 0 0 0 0 0 0 0.313339 0 0 0 0 0 0.313339 0 -2.96934 1.01466 0 0 1.01466 0 
0 0 0 0 0 0 0 0 0 0 0 0.313339 0 0 0 0 0 0 0 0.313339 0 0 0 0 0 0.313339 0.313339 -2.60624 0 0 0 1.35288 
0 0 0 0 0 0 0 0 0 0 0 0 0.313339 0 0 0 0 0 0 0 0.313339 0 0 0 0.313339 0 0 0 -2.96934 1.01466 1.01466 0 
0 0 0 0 0 0 0 0 0 0 0 0 0 0.313339 0 0 0 0 0 0 0 0.313339 0 0 0 0.313339 0 0 0.313339 -2.60624 0 1.35288 
0 0 0 0 0 0 0 0 0 0 0 0 0 0 0.313339 0 0 0 0 0 0 0 0.313339 0 0 0 0.313339 0 0.313339 0 -2.60624 1.35288 
0 0 0 0 0 0 0 0 0 0 0 0 0 0 0 0.313339 0 0 0 0 0 0 0 0.313339 0 0 0 0.313339 0 0.313339 0.313339 -1.56669 
