64
-0 0 0 0 0 0 0 0 0 0 0 0 0 0 0 0 0 0 0 0 0 0 0 0 0 0 0 0 0 0 0 0 0 0 0 0 0 0 0 0 0 0 0 0 0 0 0 0 0 0 0 0 0 0 0 0 0 0 0 0 0 0 0 0 
1.69449 -7.90096 0 1.24129 0 1.24129 0 0 0 1.24129 0 0 0 0 0 0 0 1.24129 0 0 0 0 0 0 0 0 0 0 0 0 0 0 0 1.24129 0 0 0 0 0 0 0 0 0 0 0 0 0 0 0 0 0 0 0 0 0 0 0 0 0 0 0 0 0 0 
1.69449 0 -7.90096 1.24129 0 0 1.24129 0 0 0 1.24129 0 0 0 0 0 0 0 1.24129 0 0 0 0 0 0 0 0 0 0 0 0 0 0 0 1.24129 0 0 0 0 0 0 0 0 0 0 0 0 0 0 0 0 0 0 0 0 0 0 0 0 0 0 0 0 0 
0 1.69449 1.69449 -13.3193 0 0 0 2.48259 0 0 0 2.48259 0 0 0 0 0 0 0 2.48259 0 0 0 0 0 0 0 0 0 0 0 0 0 0 0 2.48259 0 0 0 0 0 0 0 0 0 0 0 0 0 0 0 0 0 0 0 0 0 0 0 0 0 0 0 0 
1.69449 0 0 0 -7.90096 1.24129 1.24129 0 0 0 0 0 1.24129 0 0 0 0 0 0 0 1.24129 0 0 0 0 0 0 0 0 0 0 0 0 0 0 0 1.24129 0 0 0 0 0 0 0 0 0 0 0 0 0 0 0 0 0 0 0 0 0 0 0 0 0 0 0 
0 1.69449 0 0 1.69449 -13.3193 0 2.48259 0 0 0 0 0 2.48259 0 0 0 0 0 0 0 2.48259 0 0 0 0 0 0 0 0 0 0 0 0 0 0 0 2.48259 0 0 0 0 0 0 0 0 0 0 0 0 0 0 0 0 0 0 0 0 0 0 0 0 0 0 
0 0 1.69449 0 1.69449 0 -13.3193 2.48259 0 0 0 0 0 0 2.48259 0 0 0 0 0 0 0 2.48259 0 0 0 0 0 0 0 0 0 0 0 0 0 0 0 2.48259 0 0 0 0 0 0 0 0 0 0 0 0 0 0 0 0 0 0 0 0 0 0 0 0 0 
0 0 0 1.69449 0 1.69449 1.69449 -16.2551 0 0 0 0 0 0 0 3.72388 0 0 0 0 0 0 0 3.72388 0 0 0 0 0 0 0 0 0 0 0 0 0 0 0 3.72388 0 0 0 0 0 0 0 0 0 0 0 0 0 0 0 0 0 0 0 0 0 0 0 0 
1.69449 0 0 0 0 0 0 0 -7.90096 1.24129 1.24129 0 1.24129 0 0 0 0 0 0 0 0 0 0 0 1.24129 0 0 0 0 0 0 0 0 0 0 0 0 0 0 0 1.24129 0 0 0 0 0 0 0 0 0 0 0 0 0 0 0 0 0 0 0 0 0 0 0 
0 1.69449 0 0 0 0 0 0 1.69449 -13.3193 0 2.48259 0 2.48259 0 0 0 0 0 0 0 0 0 0 0 2.48259 0 0 0 0 0 0 0 0 0 0 0 0 0 0 0 2.48259 0 0 0 0 0 0 0 0 0 0 0 0 0 0 0 0 0 0 0 0 0 0 
0 0 1.69449 0 0 0 0 0 1.69449 0 -13.3193 2.48259 0 0 2.48259 0 0 0 0 0 0 0 0 0 0 0 2.48259 0 0 0 0 0 0 0 0 0 0 0 0 0 0 0 2.48259 0 0 0 0 0 0 0 0 0 0 0 0 0 0 0 0 0 0 0 0 0 
0 0 0 1.69449 0 0 0 0 0 1.69449 1.69449 -16.2551 0 0 0 3.72388 0 0 0 0 0 0 0 0 0 0 0 3.72388 0 0 0 0 0 0 0 0 0 0 0 0 0 0 0 3.72388 0 0 0 0 0 0 0 0 0 0 0 0 0 0 0 0 0 0 0 0 
0 0 0 0 1.69449 0 0 0 1.69449 0 0 0 -13.3193 2.48259 2.48259 0 0 0 0 0 0 0 0 0 0 0 0 0 2.48259 0 0 0 0 0 0 0 0 0 0 0 0 0 0 0 2.48259 0 0 0 0 0 0 0 0 0 0 0 0 0 0 0 0 0 0 0 
0 0 0 0 0 1.69449 0 0 0 1.69449 0 0 1.69449 -16.2551 0 3.72388 0 0 0 0 0 0 0 0 0 0 0 0 0 3.72388 0 0 0 0 0 0 0 0 0 0 0 0 0 0 0 3.72388 0 0 0 0 0 0 0 0 0 0 0 0 0 0 0 0 0 0 
0 0 0 0 0 0 1.69449 0 0 0 1.69449 0 1.69449 0 -16.2551 3.72388 0 0 0 0 0 0 0 0 0 0 0 0 0 0 3.72388 0 0 0 0 0 0 0 0 0 0 0 0 0 0 0 3.72388 0 0 0 0 0 0 0 0 0 0 0 0 0 0 0 0 0 
0 0 0 0 0 0 0 1.69449 0 0 0 1.69449 0 1.69449 1.69449 -16.7083 0 0 0 0 0 0 0 0 0 0 0 0 0 0 0 4.96518 0 0 0 0 0 0 0 0 0 0 0 0 0 0 0 4.96518 0 0 0 0 0 0 0 0 0 0 0 0 0 0 0 0 
1.69449 0 0 0 0 0 0 0 0 0 0 0 0 0 0 0 -7.90096 1.24129 1.24129 0 1.24129 0 0 0 1.24129 0 0 0 0 0 0 0 0 0 0 0 0 0 0 0 0 0 0 0 0 0 0 0 1.24129 0 0 0 0 0 0 0 0 0 0 0 0 0 0 0 
0 1.69449 0 0 0 0 0 0 0 0 0 0 0 0 0 0 1.69449 -13.3193 0 2.48259 0 2.48259 0 0 0 2.48259 0 0 0 0 0 0 0 0 0 0 0 0 0 0 0 0 0 0 0 0 0 0 0 2.48259 0 0 0 0 0 0 0 0 0 0 0 0 0 0 
0 0 1.69449 0 0 0 0 0 0 0 0 0 0 0 0 0 1.69449 0 -13.3193 2.48259 0 0 2.48259 0 0 0 2.48259 0 0 0 0 0 0 0 0 0 0 0 0 0 0 0 0 0 0 0 0 0 0 0 2.48259 0 0 0 0 0 0 0 0 0 0 0 0 0 
0 0 0 1.69449 0 0 0 0 0 0 0 0 0 0 0 0 0 1.69449 1.69449 -16.2551 0 0 0 3.72388 0 0 0 3.72388 0 0 0 0 0 0 0 0 0 0 0 0 0 0 0 0 0 0 0 0 0 0 0 3.72388 0 0 0 0 0 0 0 0 0 0 0 0 
0 0 0 0 1.69449 0 0 0 0 0 0 0 0 0 0 0 1.69449 0 0 0 -13.3193 2.48259 2.48259 0 0 0 0 0 2.48259 0 0 0 0 0 0 0 0 0 0 0 0 0 0 0 0 0 0 0 0 0 0 0 2.48259 0 0 0 0 0 0 0 0 0 0 0 
0 0 0 0 0 1.69449 0 0 0 0 0 0 0 0 0 0 0 1.69449 0 0 1.69449 -16.2551 0 3.72388 0 0 0 0 0 3.72388 0 0 0 0 0 0 0 0 0 0 0 0 0 0 0 0 0 0 0 0 0 0 0 3.72388 0 0 0 0 0 0 0 0 0 0 
0 0 0 0 0 0 1.69449 0 0 0 0 0 0 0 0 0 0 0 1.69449 0 1.69449 0 -16.2551 3.72388 0 0 0 0 0 0 3.72388 0 0 0 0 0 0 0 0 0 0 0 0 0 0 0 0 0 0 0 0 0 0 0 3.72388 0 0 0 0 0 0 0 0 0 
0 0 0 0 0 0 0 1.69449 0 0 0 0 0 0 0 0 0 0 0 1.69449 0 1.69449 1.69449 -16.7083 0 0 0 0 0 0 0 4.96518 0 0 0 0 0 0 0 0 0 0 0 0 0 0 0 0 0 0 0 0 0 0 0 4.96518 0 0 0 0 0 0 0 0 
0 0 0 0 0 0 0 0 1.69449 0 0 0 0 0 0 0 1.69449 0 0 0 0 0 0 0 -13.3193 2.48259 2.48259 0 2.48259 0 0 0 0 0 0 0 0 0 0 0 0 0 0 0 0 0 0 0 0 0 0 0 0 0 0 0 2.48259 0 0 0 0 0 0 0 
0 0 0 0 0 0 0 0 0 1.69449 0 0 0 0 0 0 0 1.69449 0 0 0 0 0 0 1.69449 -16.2551 0 3.72388 0 3.72388 0 0 0 0 0 0 0 0 0 0 0 0 0 0 0 0 0 0 0 0 0 0 0 0 0 0 0 3.72388 0 0 0 0 0 0 
0 0 0 0 0 0 0 0 0 0 1.69449 0 0 0 0 0 0 0 1.69449 0 0 0 0 0 1.69449 0 -16.2551 3.72388 0 0 3.72388 0 0 0 0 0 0 0 0 0 0 0 0 0 0 0 0 0 0 0 0 0 0 0 0 0 0 0 3.72388 0 0 0 0 0 
0 0 0 0 0 0 0 0 0 0 0 1.69449 0 0 0 0 0 0 0 1.69449 0 0 0 0 0 1.69449 1.69449 -16.7083 0 0 0 4.96518 0 0 0 0 0 0 0 0 0 0 0 0 0 0 0 0 0 0 0 0 0 0 0 0 0 0 0 4.96518 0 0 0 0 
0 0 0 0 0 0 0 0 0 0 0 0 1.69449 0 0 0 0 0 0 0 1.69449 0 0 0 1.69449 0 0 0 -16.2551 3.72388 3.72388 0 0 0 0 0 0 0 0 0 0 0 0 0 0 0 0 0 0 0 0 0 0 0 0 0 0 0 0 0 3.72388 0 0 0 
0 0 0 0 0 0 0 0 0 0 0 0 0 1.69449 0 0 0 0 0 0 0 1.69449 0 0 0 1.69449 0 0 1.69449 -16.7083 0 4.96518 0 0 0 0 0 0 0 0 0 0 0 0 0 0 0 0 0 0 0 0 0 0 0 0 0 0 0 0 0 4.96518 0 0 
0 0 0 0 0 0 0 0 0 0 0 0 0 0 1.69449 0 0 0 0 0 0 0 1.69449 0 0 0 1.69449 0 1.69449 0 -16.7083 4.96518 0 0 0 0 0 0 0 0 0 0 0 0 0 0 0 0 0 0 0 0 0 0 0 0 0 0 0 0 0 0 4.96518 0 
0 0 0 0 0 0 0 0 0 0 0 0 0 0 0 1.69449 0 0 0 0 0 0 0 1.69449 0 0 0 1.69449 0 1.69449 1.69449 -14.6789 0 0 0 0 0 0 0 0 0 0 0 0 0 0 0 0 0 0 0 0 0 0 0 0 0 0 0 0 0 0 0 6.20647 
1.69449 0 0 0 0 0 0 0 0 0 0 0 0 0 0 0 0 0 0 0 0 0 0 0 0 0 0 0 0 0 0 0 -7.90096 1.24129 1.24129 0 1.24129 0 0 0 1.24129 0 0 0 0 0 0 0 1.24129 0 0 0 0 0 0 0 0 0 0 0 0 0 0 0 
0 1.69449 0 0 0 0 0 0 0 0 0 0 0 0 0 0 0 0 0 0 0 0 0 0 0 0 0 0 0 0 0 0 1.69449 -13.3193 0 2.48259 0 2.48259 0 0 0 2.48259 0 0 0 0 0 0 0 2.48259 0 0 0 0 0 0 0 0 0 0 0 0 0 0 
0 0 1.69449 0 0 0 0 0 0 0 0 0 0 0 0 0 0 0 0 0 0 0 0 0 0 0 0 0 0 0 0 0 1.69449 0 -13.3193 2.48259 0 0 2.48259 0 0 0 2.48259 0 0 0 0 0 0 0 2.48259 0 0 0 0 0 0 0 0 0 0 0 0 0 
0 0 0 1.69449 0 0 0 0 0 0 0 0 0 0 0 0 0 0 0 0 0 0 0 0 0 0 0 0 0 0 0 0 0 1.69449 1.69449 -16.2551 0 0 0 3.72388 0 0 0 3.72388 0 0 0 0 0 0 0 3.72388 0 0 0 0 0 0 0 0 0 0 0 0 
0 0 0 0 1.69449 0 0 0 0 0 0 0 0 0 0 0 0 0 0 0 0 0 0 0 0 0 0 0 0 0 0 0 1.69449 0 0 0 -13.3193 2.48259 2.48259 0 0 0 0 0 2.48259 0 0 0 0 0 0 0 2.48259 0 0 0 0 0 0 0 0 0 0 0 
0 0 0 0 0 1.69449 0 0 0 0 0 0 0 0 0 0 0 0 0 0 0 0 0 0 0 0 0 0 0 0 0 0 0 1.69449 0 0 1.69449 -16.2551 0 3.72388 0 0 0 0 0 3.72388 0 0 0 0 0 0 0 3.72388 0 0 0 0 0 0 0 0 0 0 
0 0 0 0 0 0 1.69449 0 0 0 0 0 0 0 0 0 0 0 0 0 0 0 0 0 0 0 0 0 0 0 0 0 0 0 1.69449 0 1.69449 0 -16.2551 3.72388 0 0 0 0 0 0 3.72388 0 0 0 0 0 0 0 3.72388 0 0 0 0 0 0 0 0 0 
0 0 0 0 0 0 0 1.69449 0 0 0 0 0 0 0 0 0 0 0 0 0 0 0 0 0 0 0 0 0 0 0 0 0 0 0 1.69449 0 1.69449 1.69449 -16.7083 0 0 0 0 0 0 0 4.96518 0 0 0 0 0 0 0 4.96518 0 0 0 0 0 0 0 0 
0 0 0 0 0 0 0 0 1.69449 0 0 0 0 0 0 0 0 0 0 0 0 0 0 0 0 0 0 0 0 0 0 0 1.69449 0 0 0 0 0 0 0 -13.3193 2.48259 2.48259 0 2.48259 0 0 0 0 0 0 0 0 0 0 0 2.48259 0 0 0 0 0 0 0 
0 0 0 0 0 0 0 0 0 1.69449 0 0 0 0 0 0 0 0 0 0 0 0 0 0 0 0 0 0 0 0 0 0 0 1.69449 0 0 0 0 0 0 1.69449 -16.2551 0 3.72388 0 3.72388 0 0 0 0 0 0 0 0 0 0 0 3.72388 0 0 0 0 0 0 
0 0 0 0 0 0 0 0 0 0 1.69449 0 0 0 0 0 0 0 0 0 0 0 0 0 0 0 0 0 0 0 0 0 0 0 1.69449 0 0 0 0 0 1.69449 0 -16.2551 3.72388 0 0 3.72388 0 0 0 0 0 0 0 0 0 0 0 3.72388 0 0 0 0 0 
0 0 0 0 0 0 0 0 0 0 0 1.69449 0 0 0 0 0 0 0 0 0 0 0 0 0 0 0 0 0 0 0 0 0 0 0 1.69449 0 0 0 0 0 1.69449 1.69449 -16.7083 0 0 0 4.96518 0 0 0 0 0 0 0 0 0 0 0 4.96518 0 0 0 0 
0 0 0 0 0 0 0 0 0 0 0 0 1.69449 0 0 0 0 0 0 0 0 0 0 0 0 0 0 0 0 0 0 0 0 0 0 0 1.69449 0 0 0 1.69449 0 0 0 -16.2551 3.72388 3.72388 0 0 0 0 0 0 0 0 0 0 0 0 0 3.72388 0 0 0 
0 0 0 0 0 0 0 0 0 0 0 0 0 1.69449 0 0 0 0 0 0 0 0 0 0 0 0 0 0 0 0 0 0 0 0 0 0 0 1.69449 0 0 0 1.69449 0 0 1.69449 -16.7083 0 4.96518 0 0 0 0 0 0 0 0 0 0 0 0 0 4.96518 0 0 
0 0 0 0 0 0 0 0 0 0 0 0 0 0 1.69449 0 0 0 0 0 0 0 0 0 0 0 0 0 0 0 0 0 0 0 0 0 0 0 1.69449 0 0 0 1.69449 0 1.69449 0 -16.7083 4.96518 0 0 0 0 0 0 0 0 0 0 0 0 0 0 4.96518 0 
0 0 0 0 0 0 0 0 0 0 0 0 0 0 0 1.69449 0 0 0 0 0 0 0 0 0 0 0 0 0 0 0 0 0 0 0 0 0 0 0 1.69449 0 0 0 1.69449 0 1.69449 1.69449 -14.6789 0 0 0 0 0 0 0 0 0 0 0 0 0 0 0 6.20647 
0 0 0 0 0 0 0 0 0 0 0 0 0 0 0 0 1.69449 0 0 0 0 0 0 0 0 0 0 0 0 0 0 0 1.69449 0 0 0 0 0 0 0 0 0 0 0 0 0 0 0 -13.3193 2.48259 2.48259 0 2.48259 0 0 0 2.48259 0 0 0 0 0 0 0 
0 0 0 0 0 0 0 0 0 0 0 0 0 0 0 0 0 1.69449 0 0 0 0 0 0 0 0 0 0 0 0 0 0 0 1.69449 0 0 0 0 0 0 0 0 0 0 0 0 0 0 1.69449 -16.2551 0 3.72388 0 3.72388 0 0 0 3.72388 0 0 0 0 0 0 
0 0 0 0 0 0 0 0 0 0 0 0 0 0 0 0 0 0 1.69449 0 0 0 0 0 0 0 0 0 0 0 0 0 0 0 1.69449 0 0 0 0 0 0 0 0 0 0 0 0 0 1.69449 0 -16.2551 3.72388 0 0 3.72388 0 0 0 3.72388 0 0 0 0 0 
0 0 0 0 0 0 0 0 0 0 0 0 0 0 0 0 0 0 0 1.69449 0 0 0 0 0 0 0 0 0 0 0 0 0 0 0 1.69449 0 0 0 0 0 0 0 0 0 0 0 0 0 1.69449 1.69449 -16.7083 0 0 0 4.96518 0 0 0 4.96518 0 0 0 0 
0 0 0 0 0 0 0 0 0 0 0 0 0 0 0 0 0 0 0 0 1.69449 0 0 0 0 0 0 0 0 0 0 0 0 0 0 0 1.69449 0 0 0 0 0 0 0 0 0 0 0 1.69449 0 0 0 -16.2551 3.72388 3.72388 0 0 0 0 0 3.72388 0 0 0 
0 0 0 0 0 0 0 0 0 0 0 0 0 0 0 0 0 0 0 0 0 1.69449 0 0 0 0 0 0 0 0 0 0 0 0 0 0 0 1.69449 0 0 0 0 0 0 0 0 0 0 0 1.69449 0 0 1.69449 -16.7083 0 4.96518 0 0 0 0 0 4.96518 0 0 
0 0 0 0 0 0 0 0 0 0 0 0 0 0 0 0 0 0 0 0 0 0 1.69449 0 0 0 0 0 0 0 0 0 0 0 0 0 0 0 1.69449 0 0 0 0 0 0 0 0 0 0 0 1.69449 0 1.69449 0 -16.7083 4.96518 0 0 0 0 0 0 4.96518 0 
0 0 0 0 0 0 0 0 0 0 0 0 0 0 0 0 0 0 0 0 0 0 0 1.69449 0 0 0 0 0 0 0 0 0 0 0 0 0 0 0 1.69449 0 0 0 0 0 0 0 0 0 0 0 1.69449 0 1.69449 1.69449 -14.6789 0 0 0 0 0 0 0 6.20647 
0 0 0 0 0 0 0 0 0 0 0 0 0 0 0 0 0 0 0 0 0 0 0 0 1.69449 0 0 0 0 0 0 0 0 0 0 0 0 0 0 0 1.69449 0 0 0 0 0 0 0 1.69449 0 0 0 0 0 0 0 -16.2551 3.72388 3.72388 0 3.72388 0 0 0 
0 0 0 0 0 0 0 0 0 0 0 0 0 0 0 0 0 0 0 0 0 0 0 0 0 1.69449 0 0 0 0 0 0 0 0 0 0 0 0 0 0 0 1.69449 0 0 0 0 0 0 0 1.69449 0 0 0 0 0 0 1.69449 -16.7083 0 4.96518 0 4.96518 0 0 
0 0 0 0 0 0 0 0 0 0 0 0 0 0 0 0 0 0 0 0 0 0 0 0 0 0 1.69449 0 0 0 0 0 0 0 0 0 0 0 0 0 0 0 1.69449 0 0 0 0 0 0 0 1.69449 0 0 0 0 0 1.69449 0 -16.7083 4.96518 0 0 4.96518 0 
0 0 0 0 0 0 0 0 0 0 0 0 0 0 0 0 0 0 0 0 0 0 0 0 0 0 0 1.69449 0 0 0 0 0 0 0 0 0 0 0 0 0 0 0 1.69449 0 0 0 0 0 0 0 1.69449 0 0 0 0 0 1.69449 1.69449 -14.6789 0 0 0 6.20647 
0 0 0 0 0 0 0 0 0 0 0 0 0 0 0 0 0 0 0 0 0 0 0 0 0 0 0 0 1.69449 0 0 0 0 0 0 0 0 0 0 0 0 0 0 0 1.69449 0 0 0 0 0 0 0 1.69449 0 0 0 1.69449 0 0 0 -16.7083 4.96518 4.96518 0 
0 0 0 0 0 0 0 0 0 0 0 0 0 0 0 0 0 0 0 0 0 0 0 0 0 0 0 0 0 1.69449 0 0 0 0 0 0 0 0 0 0 0 0 0 0 0 1.69449 0 0 0 0 0 0 0 1.69449 0 0 0 1.69449 0 0 1.69449 -14.6789 0 6.20647 
0 0 0 0 0 0 0 0 0 0 0 0 0 0 0 0 0 0 0 0 0 0 0 0 0 0 0 0 0 0 1.69449 0 0 0 0 0 0 0 0 0 0 0 0 0 0 0 1.69449 0 0 0 0 0 0 0 1.69449 0 0 0 1.69449 0 1.69449 0 -14.6789 6.20647 
0 0 0 0 0 0 0 0 0 0 0 0 0 0 0 0 0 0 0 0 0 0 0 0 0 0 0 0 0 0 0 1.69449 0 0 0 0 0 0 0 0 0 0 0 0 0 0 0 1.69449 0 0 0 0 0 0 0 1.69449 0 0 0 1.69449 0 1.69449 1.69449 -10.1669 
