32
-0 0 0 0 0 0 0 0 0 0 0 0 0 0 0 0 0 0 0 0 0 0 0 0 0 0 0 0 0 0 0 0 
0.261828 -1.45419 0 0.298091 0 0.298091 0 0 0 0.298091 0 0 0 0 0 0 0 0.298091 0 0 0 0 0 0 0 0 0 0 0 0 0 0 
0.261828 0 -1.45419 0.298091 0 0 0.298091 0 0 0 0.298091 0 0 0 0 0 0 0 0.298091 0 0 0 0 0 0 0 0 0 0 0 0 0 
0 0.261828 0.261828 -2.3122 0 0 0 0.596182 0 0 0 0.596182 0 0 0 0 0 0 0 0.596182 0 0 0 0 0 0 0 0 0 0 0 0 
0.261828 0 0 0 -1.45419 0.298091 0.298091 0 0 0 0 0 0.298091 0 0 0 0 0 0 0 0.298091 0 0 0 0 0 0 0 0 0 0 0 
0 0.261828 0 0 0.261828 -2.3122 0 0.596182 0 0 0 0 0 0.596182 0 0 0 0 0 0 0 0.596182 0 0 0 0 0 0 0 0 0 0 
0 0 0.261828 0 0.261828 0 -2.3122 0.596182 0 0 0 0 0 0 0.596182 0 0 0 0 0 0 0 0.596182 0 0 0 0 0 0 0 0 0 
0 0 0 0.261828 0 0.261828 0.261828 -2.57403 0 0 0 0 0 0 0 0.894273 0 0 0 0 0 0 0 0.894273 0 0 0 0 0 0 0 0 
0.261828 0 0 0 0 0 0 0 -1.45419 0.298091 0.298091 0 0.298091 0 0 0 0 0 0 0 0 0 0 0 0.298091 0 0 0 0 0 0 0 
0 0.261828 0 0 0 0 0 0 0.261828 -2.3122 0 0.596182 0 0.596182 0 0 0 0 0 0 0 0 0 0 0 0.596182 0 0 0 0 0 0 
0 0 0.261828 0 0 0 0 0 0.261828 0 -2.3122 0.596182 0 0 0.596182 0 0 0 0 0 0 0 0 0 0 0 0.596182 0 0 0 0 0 
0 0 0 0.261828 0 0 0 0 0 0.261828 0.261828 -2.57403 0 0 0 0.894273 0 0 0 0 0 0 0 0 0 0 0 0.894273 0 0 0 0 
0 0 0 0 0.261828 0 0 0 0.261828 0 0 0 -2.3122 0.596182 0.596182 0 0 0 0 0 0 0 0 0 0 0 0 0 0.596182 0 0 0 
0 0 0 0 0 0.261828 0 0 0 0.261828 0 0 0.261828 -2.57403 0 0.894273 0 0 0 0 0 0 0 0 0 0 0 0 0 0.894273 0 0 
0 0 0 0 0 0 0.261828 0 0 0 0.261828 0 0.261828 0 -2.57403 0.894273 0 0 0 0 0 0 0 0 0 0 0 0 0 0 0.894273 0 
0 0 0 0 0 0 0 0.261828 0 0 0 0.261828 0 0.261828 0.261828 -2.23968 0 0 0 0 0 0 0 0 0 0 0 0 0 0 0 1.19236 
0.261828 0 0 0 0 0 0 0 0 0 0 0 0 0 0 0 -1.45419 0.298091 0.298091 0 0.298091 0 0 0 0.298091 0 0 0 0 0 0 0 
0 0.261828 0 0 0 0 0 0 0 0 0 0 0 0 0 0 0.261828 -2.3122 0 0.596182 0 0.596182 0 0 0 0.596182 0 0 0 0 0 0 
0 0 0.261828 0 0 0 0 0 0 0 0 0 0 0 0 0 0.261828 0 -2.3122 0.596182 0 0 0.596182 0 0 0 0.596182 0 0 0 0 0 
0 0 0 0.261828 0 0 0 0 0 0 0 0 0 0 0 0 0 0.261828 0.261828 -2.57403 0 0 0 0.894273 0 0 0 0.894273 0 0 0 0 
0 0 0 0 0.261828 0 0 0 0 0 0 0 0 0 0 0 0.261828 0 0 0 -2.3122 0.596182 0.596182 0 0 0 0 0 0.596182 0 0 0 
0 0 0 0 0 0.261828 0 0 0 0 0 0 0 0 0 0 0 0.261828 0 0 0.261828 -2.57403 0 0.894273 0 0 0 0 0 0.894273 0 0 
0 0 0 0 0 0 0.261828 0 0 0 0 0 0 0 0 0 0 0 0.261828 0 0.261828 0 -2.57403 0.894273 0 0 0 0 0 0 0.894273 0 
0 0 0 0 0 0 0 0.261828 0 0 0 0 0 0 0 0 0 0 0 0.261828 0 0.261828 0.261828 -2.23968 0 0 0 0 0 0 0 1.19236 
0 0 0 0 0 0 0 0 0.261828 0 0 0 0 0 0 0 0.261828 0 0 0 0 0 0 0 -2.3122 0.596182 0.596182 0 0.596182 0 0 0 
0 0 0 0 0 0 0 0 0 0.261828 0 0 0 0 0 0 0 0.261828 0 0 0 0 0 0 0.261828 -2.57403 0 0.894273 0 0.894273 0 0 
0 0 0 0 0 0 0 0 0 0 0.261828 0 0 0 0 0 0 0 0.261828 0 0 0 0 0 0.261828 0 -2.57403 0.894273 0 0 0.894273 0 
0 0 0 0 0 0 0 0 0 0 0 0.261828 0 0 0 0 0 0 0 0.261828 0 0 0 0 0 0.261828 0.261828 -2.23968 0 0 0 1.19236 
0 0 0 0 0 0 0 0 0 0 0 0 0.261828 0 0 0 0 0 0 0 0.261828 0 0 0 0.261828 0 0 0 -2.57403 0.894273 0.894273 0 
0 0 0 0 0 0 0 0 0 0 0 0 0 0.261828 0 0 0 0 0 0 0 0.261828 0 0 0 0.261828 0 0 0.261828 -2.23968 0 1.19236 
0 0 0 0 0 0 0 0 0 0 0 0 0 0 0.261828 0 0 0 0 0 0 0 0.261828 0 0 0 0.261828 0 0.261828 0 -2.23968 1.19236 
0 0 0 0 0 0 0 0 0 0 0 0 0 0 0 0.261828 0 0 0 0 0 0 0 0.261828 0 0 0 0.261828 0 0.261828 0.261828 -1.30914 
