64
-0 0 0 0 0 0 0 0 0 0 0 0 0 0 0 0 0 0 0 0 0 0 0 0 0 0 0 0 0 0 0 0 0 0 0 0 0 0 0 0 0 0 0 0 0 0 0 0 0 0 0 0 0 0 0 0 0 0 0 0 0 0 0 0 
0.367322 -2.21772 0 0.37008 0 0.37008 0 0 0 0.37008 0 0 0 0 0 0 0 0.37008 0 0 0 0 0 0 0 0 0 0 0 0 0 0 0 0.37008 0 0 0 0 0 0 0 0 0 0 0 0 0 0 0 0 0 0 0 0 0 0 0 0 0 0 0 0 0 0 
0.367322 0 -2.21772 0.37008 0 0 0.37008 0 0 0 0.37008 0 0 0 0 0 0 0 0.37008 0 0 0 0 0 0 0 0 0 0 0 0 0 0 0 0.37008 0 0 0 0 0 0 0 0 0 0 0 0 0 0 0 0 0 0 0 0 0 0 0 0 0 0 0 0 0 
0 0.367322 0.367322 -3.69528 0 0 0 0.740159 0 0 0 0.740159 0 0 0 0 0 0 0 0.740159 0 0 0 0 0 0 0 0 0 0 0 0 0 0 0 0.740159 0 0 0 0 0 0 0 0 0 0 0 0 0 0 0 0 0 0 0 0 0 0 0 0 0 0 0 0 
0.367322 0 0 0 -2.21772 0.37008 0.37008 0 0 0 0 0 0.37008 0 0 0 0 0 0 0 0.37008 0 0 0 0 0 0 0 0 0 0 0 0 0 0 0 0.37008 0 0 0 0 0 0 0 0 0 0 0 0 0 0 0 0 0 0 0 0 0 0 0 0 0 0 0 
0 0.367322 0 0 0.367322 -3.69528 0 0.740159 0 0 0 0 0 0.740159 0 0 0 0 0 0 0 0.740159 0 0 0 0 0 0 0 0 0 0 0 0 0 0 0 0.740159 0 0 0 0 0 0 0 0 0 0 0 0 0 0 0 0 0 0 0 0 0 0 0 0 0 0 
0 0 0.367322 0 0.367322 0 -3.69528 0.740159 0 0 0 0 0 0 0.740159 0 0 0 0 0 0 0 0.740159 0 0 0 0 0 0 0 0 0 0 0 0 0 0 0 0.740159 0 0 0 0 0 0 0 0 0 0 0 0 0 0 0 0 0 0 0 0 0 0 0 0 0 
0 0 0 0.367322 0 0.367322 0.367322 -4.43268 0 0 0 0 0 0 0 1.11024 0 0 0 0 0 0 0 1.11024 0 0 0 0 0 0 0 0 0 0 0 0 0 0 0 1.11024 0 0 0 0 0 0 0 0 0 0 0 0 0 0 0 0 0 0 0 0 0 0 0 0 
0.367322 0 0 0 0 0 0 0 -2.21772 0.37008 0.37008 0 0.37008 0 0 0 0 0 0 0 0 0 0 0 0.37008 0 0 0 0 0 0 0 0 0 0 0 0 0 0 0 0.37008 0 0 0 0 0 0 0 0 0 0 0 0 0 0 0 0 0 0 0 0 0 0 0 
0 0.367322 0 0 0 0 0 0 0.367322 -3.69528 0 0.740159 0 0.740159 0 0 0 0 0 0 0 0 0 0 0 0.740159 0 0 0 0 0 0 0 0 0 0 0 0 0 0 0 0.740159 0 0 0 0 0 0 0 0 0 0 0 0 0 0 0 0 0 0 0 0 0 0 
0 0 0.367322 0 0 0 0 0 0.367322 0 -3.69528 0.740159 0 0 0.740159 0 0 0 0 0 0 0 0 0 0 0 0.740159 0 0 0 0 0 0 0 0 0 0 0 0 0 0 0 0.740159 0 0 0 0 0 0 0 0 0 0 0 0 0 0 0 0 0 0 0 0 0 
0 0 0 0.367322 0 0 0 0 0 0.367322 0.367322 -4.43268 0 0 0 1.11024 0 0 0 0 0 0 0 0 0 0 0 1.11024 0 0 0 0 0 0 0 0 0 0 0 0 0 0 0 1.11024 0 0 0 0 0 0 0 0 0 0 0 0 0 0 0 0 0 0 0 0 
0 0 0 0 0.367322 0 0 0 0.367322 0 0 0 -3.69528 0.740159 0.740159 0 0 0 0 0 0 0 0 0 0 0 0 0 0.740159 0 0 0 0 0 0 0 0 0 0 0 0 0 0 0 0.740159 0 0 0 0 0 0 0 0 0 0 0 0 0 0 0 0 0 0 0 
0 0 0 0 0 0.367322 0 0 0 0.367322 0 0 0.367322 -4.43268 0 1.11024 0 0 0 0 0 0 0 0 0 0 0 0 0 1.11024 0 0 0 0 0 0 0 0 0 0 0 0 0 0 0 1.11024 0 0 0 0 0 0 0 0 0 0 0 0 0 0 0 0 0 0 
0 0 0 0 0 0 0.367322 0 0 0 0.367322 0 0.367322 0 -4.43268 1.11024 0 0 0 0 0 0 0 0 0 0 0 0 0 0 1.11024 0 0 0 0 0 0 0 0 0 0 0 0 0 0 0 1.11024 0 0 0 0 0 0 0 0 0 0 0 0 0 0 0 0 0 
0 0 0 0 0 0 0 0.367322 0 0 0 0.367322 0 0.367322 0.367322 -4.42993 0 0 0 0 0 0 0 0 0 0 0 0 0 0 0 1.48032 0 0 0 0 0 0 0 0 0 0 0 0 0 0 0 1.48032 0 0 0 0 0 0 0 0 0 0 0 0 0 0 0 0 
0.367322 0 0 0 0 0 0 0 0 0 0 0 0 0 0 0 -2.21772 0.37008 0.37008 0 0.37008 0 0 0 0.37008 0 0 0 0 0 0 0 0 0 0 0 0 0 0 0 0 0 0 0 0 0 0 0 0.37008 0 0 0 0 0 0 0 0 0 0 0 0 0 0 0 
0 0.367322 0 0 0 0 0 0 0 0 0 0 0 0 0 0 0.367322 -3.69528 0 0.740159 0 0.740159 0 0 0 0.740159 0 0 0 0 0 0 0 0 0 0 0 0 0 0 0 0 0 0 0 0 0 0 0 0.740159 0 0 0 0 0 0 0 0 0 0 0 0 0 0 
0 0 0.367322 0 0 0 0 0 0 0 0 0 0 0 0 0 0.367322 0 -3.69528 0.740159 0 0 0.740159 0 0 0 0.740159 0 0 0 0 0 0 0 0 0 0 0 0 0 0 0 0 0 0 0 0 0 0 0 0.740159 0 0 0 0 0 0 0 0 0 0 0 0 0 
0 0 0 0.367322 0 0 0 0 0 0 0 0 0 0 0 0 0 0.367322 0.367322 -4.43268 0 0 0 1.11024 0 0 0 1.11024 0 0 0 0 0 0 0 0 0 0 0 0 0 0 0 0 0 0 0 0 0 0 0 1.11024 0 0 0 0 0 0 0 0 0 0 0 0 
0 0 0 0 0.367322 0 0 0 0 0 0 0 0 0 0 0 0.367322 0 0 0 -3.69528 0.740159 0.740159 0 0 0 0 0 0.740159 0 0 0 0 0 0 0 0 0 0 0 0 0 0 0 0 0 0 0 0 0 0 0 0.740159 0 0 0 0 0 0 0 0 0 0 0 
0 0 0 0 0 0.367322 0 0 0 0 0 0 0 0 0 0 0 0.367322 0 0 0.367322 -4.43268 0 1.11024 0 0 0 0 0 1.11024 0 0 0 0 0 0 0 0 0 0 0 0 0 0 0 0 0 0 0 0 0 0 0 1.11024 0 0 0 0 0 0 0 0 0 0 
0 0 0 0 0 0 0.367322 0 0 0 0 0 0 0 0 0 0 0 0.367322 0 0.367322 0 -4.43268 1.11024 0 0 0 0 0 0 1.11024 0 0 0 0 0 0 0 0 0 0 0 0 0 0 0 0 0 0 0 0 0 0 0 1.11024 0 0 0 0 0 0 0 0 0 
0 0 0 0 0 0 0 0.367322 0 0 0 0 0 0 0 0 0 0 0 0.367322 0 0.367322 0.367322 -4.42993 0 0 0 0 0 0 0 1.48032 0 0 0 0 0 0 0 0 0 0 0 0 0 0 0 0 0 0 0 0 0 0 0 1.48032 0 0 0 0 0 0 0 0 
0 0 0 0 0 0 0 0 0.367322 0 0 0 0 0 0 0 0.367322 0 0 0 0 0 0 0 -3.69528 0.740159 0.740159 0 0.740159 0 0 0 0 0 0 0 0 0 0 0 0 0 0 0 0 0 0 0 0 0 0 0 0 0 0 0 0.740159 0 0 0 0 0 0 0 
0 0 0 0 0 0 0 0 0 0.367322 0 0 0 0 0 0 0 0.367322 0 0 0 0 0 0 0.367322 -4.43268 0 1.11024 0 1.11024 0 0 0 0 0 0 0 0 0 0 0 0 0 0 0 0 0 0 0 0 0 0 0 0 0 0 0 1.11024 0 0 0 0 0 0 
0 0 0 0 0 0 0 0 0 0 0.367322 0 0 0 0 0 0 0 0.367322 0 0 0 0 0 0.367322 0 -4.43268 1.11024 0 0 1.11024 0 0 0 0 0 0 0 0 0 0 0 0 0 0 0 0 0 0 0 0 0 0 0 0 0 0 0 1.11024 0 0 0 0 0 
0 0 0 0 0 0 0 0 0 0 0 0.367322 0 0 0 0 0 0 0 0.367322 0 0 0 0 0 0.367322 0.367322 -4.42993 0 0 0 1.48032 0 0 0 0 0 0 0 0 0 0 0 0 0 0 0 0 0 0 0 0 0 0 0 0 0 0 0 1.48032 0 0 0 0 
0 0 0 0 0 0 0 0 0 0 0 0 0.367322 0 0 0 0 0 0 0 0.367322 0 0 0 0.367322 0 0 0 -4.43268 1.11024 1.11024 0 0 0 0 0 0 0 0 0 0 0 0 0 0 0 0 0 0 0 0 0 0 0 0 0 0 0 0 0 1.11024 0 0 0 
0 0 0 0 0 0 0 0 0 0 0 0 0 0.367322 0 0 0 0 0 0 0 0.367322 0 0 0 0.367322 0 0 0.367322 -4.42993 0 1.48032 0 0 0 0 0 0 0 0 0 0 0 0 0 0 0 0 0 0 0 0 0 0 0 0 0 0 0 0 0 1.48032 0 0 
0 0 0 0 0 0 0 0 0 0 0 0 0 0 0.367322 0 0 0 0 0 0 0 0.367322 0 0 0 0.367322 0 0.367322 0 -4.42993 1.48032 0 0 0 0 0 0 0 0 0 0 0 0 0 0 0 0 0 0 0 0 0 0 0 0 0 0 0 0 0 0 1.48032 0 
0 0 0 0 0 0 0 0 0 0 0 0 0 0 0 0.367322 0 0 0 0 0 0 0 0.367322 0 0 0 0.367322 0 0.367322 0.367322 -3.68701 0 0 0 0 0 0 0 0 0 0 0 0 0 0 0 0 0 0 0 0 0 0 0 0 0 0 0 0 0 0 0 1.8504 
0.367322 0 0 0 0 0 0 0 0 0 0 0 0 0 0 0 0 0 0 0 0 0 0 0 0 0 0 0 0 0 0 0 -2.21772 0.37008 0.37008 0 0.37008 0 0 0 0.37008 0 0 0 0 0 0 0 0.37008 0 0 0 0 0 0 0 0 0 0 0 0 0 0 0 
0 0.367322 0 0 0 0 0 0 0 0 0 0 0 0 0 0 0 0 0 0 0 0 0 0 0 0 0 0 0 0 0 0 0.367322 -3.69528 0 0.740159 0 0.740159 0 0 0 0.740159 0 0 0 0 0 0 0 0.740159 0 0 0 0 0 0 0 0 0 0 0 0 0 0 
0 0 0.367322 0 0 0 0 0 0 0 0 0 0 0 0 0 0 0 0 0 0 0 0 0 0 0 0 0 0 0 0 0 0.367322 0 -3.69528 0.740159 0 0 0.740159 0 0 0 0.740159 0 0 0 0 0 0 0 0.740159 0 0 0 0 0 0 0 0 0 0 0 0 0 
0 0 0 0.367322 0 0 0 0 0 0 0 0 0 0 0 0 0 0 0 0 0 0 0 0 0 0 0 0 0 0 0 0 0 0.367322 0.367322 -4.43268 0 0 0 1.11024 0 0 0 1.11024 0 0 0 0 0 0 0 1.11024 0 0 0 0 0 0 0 0 0 0 0 0 
0 0 0 0 0.367322 0 0 0 0 0 0 0 0 0 0 0 0 0 0 0 0 0 0 0 0 0 0 0 0 0 0 0 0.367322 0 0 0 -3.69528 0.740159 0.740159 0 0 0 0 0 0.740159 0 0 0 0 0 0 0 0.740159 0 0 0 0 0 0 0 0 0 0 0 
0 0 0 0 0 0.367322 0 0 0 0 0 0 0 0 0 0 0 0 0 0 0 0 0 0 0 0 0 0 0 0 0 0 0 0.367322 0 0 0.367322 -4.43268 0 1.11024 0 0 0 0 0 1.11024 0 0 0 0 0 0 0 1.11024 0 0 0 0 0 0 0 0 0 0 
0 0 0 0 0 0 0.367322 0 0 0 0 0 0 0 0 0 0 0 0 0 0 0 0 0 0 0 0 0 0 0 0 0 0 0 0.367322 0 0.367322 0 -4.43268 1.11024 0 0 0 0 0 0 1.11024 0 0 0 0 0 0 0 1.11024 0 0 0 0 0 0 0 0 0 
0 0 0 0 0 0 0 0.367322 0 0 0 0 0 0 0 0 0 0 0 0 0 0 0 0 0 0 0 0 0 0 0 0 0 0 0 0.367322 0 0.367322 0.367322 -4.42993 0 0 0 0 0 0 0 1.48032 0 0 0 0 0 0 0 1.48032 0 0 0 0 0 0 0 0 
0 0 0 0 0 0 0 0 0.367322 0 0 0 0 0 0 0 0 0 0 0 0 0 0 0 0 0 0 0 0 0 0 0 0.367322 0 0 0 0 0 0 0 -3.69528 0.740159 0.740159 0 0.740159 0 0 0 0 0 0 0 0 0 0 0 0.740159 0 0 0 0 0 0 0 
0 0 0 0 0 0 0 0 0 0.367322 0 0 0 0 0 0 0 0 0 0 0 0 0 0 0 0 0 0 0 0 0 0 0 0.367322 0 0 0 0 0 0 0.367322 -4.43268 0 1.11024 0 1.11024 0 0 0 0 0 0 0 0 0 0 0 1.11024 0 0 0 0 0 0 
0 0 0 0 0 0 0 0 0 0 0.367322 0 0 0 0 0 0 0 0 0 0 0 0 0 0 0 0 0 0 0 0 0 0 0 0.367322 0 0 0 0 0 0.367322 0 -4.43268 1.11024 0 0 1.11024 0 0 0 0 0 0 0 0 0 0 0 1.11024 0 0 0 0 0 
0 0 0 0 0 0 0 0 0 0 0 0.367322 0 0 0 0 0 0 0 0 0 0 0 0 0 0 0 0 0 0 0 0 0 0 0 0.367322 0 0 0 0 0 0.367322 0.367322 -4.42993 0 0 0 1.48032 0 0 0 0 0 0 0 0 0 0 0 1.48032 0 0 0 0 
0 0 0 0 0 0 0 0 0 0 0 0 0.367322 0 0 0 0 0 0 0 0 0 0 0 0 0 0 0 0 0 0 0 0 0 0 0 0.367322 0 0 0 0.367322 0 0 0 -4.43268 1.11024 1.11024 0 0 0 0 0 0 0 0 0 0 0 0 0 1.11024 0 0 0 
0 0 0 0 0 0 0 0 0 0 0 0 0 0.367322 0 0 0 0 0 0 0 0 0 0 0 0 0 0 0 0 0 0 0 0 0 0 0 0.367322 0 0 0 0.367322 0 0 0.367322 -4.42993 0 1.48032 0 0 0 0 0 0 0 0 0 0 0 0 0 1.48032 0 0 
0 0 0 0 0 0 0 0 0 0 0 0 0 0 0.367322 0 0 0 0 0 0 0 0 0 0 0 0 0 0 0 0 0 0 0 0 0 0 0 0.367322 0 0 0 0.367322 0 0.367322 0 -4.42993 1.48032 0 0 0 0 0 0 0 0 0 0 0 0 0 0 1.48032 0 
0 0 0 0 0 0 0 0 0 0 0 0 0 0 0 0.367322 0 0 0 0 0 0 0 0 0 0 0 0 0 0 0 0 0 0 0 0 0 0 0 0.367322 0 0 0 0.367322 0 0.367322 0.367322 -3.68701 0 0 0 0 0 0 0 0 0 0 0 0 0 0 0 1.8504 
0 0 0 0 0 0 0 0 0 0 0 0 0 0 0 0 0.367322 0 0 0 0 0 0 0 0 0 0 0 0 0 0 0 0.367322 0 0 0 0 0 0 0 0 0 0 0 0 0 0 0 -3.69528 0.740159 0.740159 0 0.740159 0 0 0 0.740159 0 0 0 0 0 0 0 
0 0 0 0 0 0 0 0 0 0 0 0 0 0 0 0 0 0.367322 0 0 0 0 0 0 0 0 0 0 0 0 0 0 0 0.367322 0 0 0 0 0 0 0 0 0 0 0 0 0 0 0.367322 -4.43268 0 1.11024 0 1.11024 0 0 0 1.11024 0 0 0 0 0 0 
0 0 0 0 0 0 0 0 0 0 0 0 0 0 0 0 0 0 0.367322 0 0 0 0 0 0 0 0 0 0 0 0 0 0 0 0.367322 0 0 0 0 0 0 0 0 0 0 0 0 0 0.367322 0 -4.43268 1.11024 0 0 1.11024 0 0 0 1.11024 0 0 0 0 0 
0 0 0 0 0 0 0 0 0 0 0 0 0 0 0 0 0 0 0 0.367322 0 0 0 0 0 0 0 0 0 0 0 0 0 0 0 0.367322 0 0 0 0 0 0 0 0 0 0 0 0 0 0.367322 0.367322 -4.42993 0 0 0 1.48032 0 0 0 1.48032 0 0 0 0 
0 0 0 0 0 0 0 0 0 0 0 0 0 0 0 0 0 0 0 0 0.367322 0 0 0 0 0 0 0 0 0 0 0 0 0 0 0 0.367322 0 0 0 0 0 0 0 0 0 0 0 0.367322 0 0 0 -4.43268 1.11024 1.11024 0 0 0 0 0 1.11024 0 0 0 
0 0 0 0 0 0 0 0 0 0 0 0 0 0 0 0 0 0 0 0 0 0.367322 0 0 0 0 0 0 0 0 0 0 0 0 0 0 0 0.367322 0 0 0 0 0 0 0 0 0 0 0 0.367322 0 0 0.367322 -4.42993 0 1.48032 0 0 0 0 0 1.48032 0 0 
0 0 0 0 0 0 0 0 0 0 0 0 0 0 0 0 0 0 0 0 0 0 0.367322 0 0 0 0 0 0 0 0 0 0 0 0 0 0 0 0.367322 0 0 0 0 0 0 0 0 0 0 0 0.367322 0 0.367322 0 -4.42993 1.48032 0 0 0 0 0 0 1.48032 0 
0 0 0 0 0 0 0 0 0 0 0 0 0 0 0 0 0 0 0 0 0 0 0 0.367322 0 0 0 0 0 0 0 0 0 0 0 0 0 0 0 0.367322 0 0 0 0 0 0 0 0 0 0 0 0.367322 0 0.367322 0.367322 -3.68701 0 0 0 0 0 0 0 1.8504 
0 0 0 0 0 0 0 0 0 0 0 0 0 0 0 0 0 0 0 0 0 0 0 0 0.367322 0 0 0 0 0 0 0 0 0 0 0 0 0 0 0 0.367322 0 0 0 0 0 0 0 0.367322 0 0 0 0 0 0 0 -4.43268 1.11024 1.11024 0 1.11024 0 0 0 
0 0 0 0 0 0 0 0 0 0 0 0 0 0 0 0 0 0 0 0 0 0 0 0 0 0.367322 0 0 0 0 0 0 0 0 0 0 0 0 0 0 0 0.367322 0 0 0 0 0 0 0 0.367322 0 0 0 0 0 0 0.367322 -4.42993 0 1.48032 0 1.48032 0 0 
0 0 0 0 0 0 0 0 0 0 0 0 0 0 0 0 0 0 0 0 0 0 0 0 0 0 0.367322 0 0 0 0 0 0 0 0 0 0 0 0 0 0 0 0.367322 0 0 0 0 0 0 0 0.367322 0 0 0 0 0 0.367322 0 -4.42993 1.48032 0 0 1.48032 0 
0 0 0 0 0 0 0 0 0 0 0 0 0 0 0 0 0 0 0 0 0 0 0 0 0 0 0 0.367322 0 0 0 0 0 0 0 0 0 0 0 0 0 0 0 0.367322 0 0 0 0 0 0 0 0.367322 0 0 0 0 0 0.367322 0.367322 -3.68701 0 0 0 1.8504 
0 0 0 0 0 0 0 0 0 0 0 0 0 0 0 0 0 0 0 0 0 0 0 0 0 0 0 0 0.367322 0 0 0 0 0 0 0 0 0 0 0 0 0 0 0 0.367322 0 0 0 0 0 0 0 0.367322 0 0 0 0.367322 0 0 0 -4.42993 1.48032 1.48032 0 
0 0 0 0 0 0 0 0 0 0 0 0 0 0 0 0 0 0 0 0 0 0 0 0 0 0 0 0 0 0.367322 0 0 0 0 0 0 0 0 0 0 0 0 0 0 0 0.367322 0 0 0 0 0 0 0 0.367322 0 0 0 0.367322 0 0 0.367322 -3.68701 0 1.8504 
0 0 0 0 0 0 0 0 0 0 0 0 0 0 0 0 0 0 0 0 0 0 0 0 0 0 0 0 0 0 0.367322 0 0 0 0 0 0 0 0 0 0 0 0 0 0 0 0.367322 0 0 0 0 0 0 0 0.367322 0 0 0 0.367322 0 0.367322 0 -3.68701 1.8504 
0 0 0 0 0 0 0 0 0 0 0 0 0 0 0 0 0 0 0 0 0 0 0 0 0 0 0 0 0 0 0 0.367322 0 0 0 0 0 0 0 0 0 0 0 0 0 0 0 0.367322 0 0 0 0 0 0 0 0.367322 0 0 0 0.367322 0 0.367322 0.367322 -2.20393 
