64
-0 0 0 0 0 0 0 0 0 0 0 0 0 0 0 0 0 0 0 0 0 0 0 0 0 0 0 0 0 0 0 0 0 0 0 0 0 0 0 0 0 0 0 0 0 0 0 0 0 0 0 0 0 0 0 0 0 0 0 0 0 0 0 0 
0.345099 -1.8594 0 0.30286 0 0.30286 0 0 0 0.30286 0 0 0 0 0 0 0 0.30286 0 0 0 0 0 0 0 0 0 0 0 0 0 0 0 0.30286 0 0 0 0 0 0 0 0 0 0 0 0 0 0 0 0 0 0 0 0 0 0 0 0 0 0 0 0 0 0 
0.345099 0 -1.8594 0.30286 0 0 0.30286 0 0 0 0.30286 0 0 0 0 0 0 0 0.30286 0 0 0 0 0 0 0 0 0 0 0 0 0 0 0 0.30286 0 0 0 0 0 0 0 0 0 0 0 0 0 0 0 0 0 0 0 0 0 0 0 0 0 0 0 0 0 
0 0.345099 0.345099 -3.11308 0 0 0 0.605719 0 0 0 0.605719 0 0 0 0 0 0 0 0.605719 0 0 0 0 0 0 0 0 0 0 0 0 0 0 0 0.605719 0 0 0 0 0 0 0 0 0 0 0 0 0 0 0 0 0 0 0 0 0 0 0 0 0 0 0 0 
0.345099 0 0 0 -1.8594 0.30286 0.30286 0 0 0 0 0 0.30286 0 0 0 0 0 0 0 0.30286 0 0 0 0 0 0 0 0 0 0 0 0 0 0 0 0.30286 0 0 0 0 0 0 0 0 0 0 0 0 0 0 0 0 0 0 0 0 0 0 0 0 0 0 0 
0 0.345099 0 0 0.345099 -3.11308 0 0.605719 0 0 0 0 0 0.605719 0 0 0 0 0 0 0 0.605719 0 0 0 0 0 0 0 0 0 0 0 0 0 0 0 0.605719 0 0 0 0 0 0 0 0 0 0 0 0 0 0 0 0 0 0 0 0 0 0 0 0 0 0 
0 0 0.345099 0 0.345099 0 -3.11308 0.605719 0 0 0 0 0 0 0.605719 0 0 0 0 0 0 0 0.605719 0 0 0 0 0 0 0 0 0 0 0 0 0 0 0 0.605719 0 0 0 0 0 0 0 0 0 0 0 0 0 0 0 0 0 0 0 0 0 0 0 0 0 
0 0 0 0.345099 0 0.345099 0.345099 -3.76103 0 0 0 0 0 0 0 0.908579 0 0 0 0 0 0 0 0.908579 0 0 0 0 0 0 0 0 0 0 0 0 0 0 0 0.908579 0 0 0 0 0 0 0 0 0 0 0 0 0 0 0 0 0 0 0 0 0 0 0 0 
0.345099 0 0 0 0 0 0 0 -1.8594 0.30286 0.30286 0 0.30286 0 0 0 0 0 0 0 0 0 0 0 0.30286 0 0 0 0 0 0 0 0 0 0 0 0 0 0 0 0.30286 0 0 0 0 0 0 0 0 0 0 0 0 0 0 0 0 0 0 0 0 0 0 0 
0 0.345099 0 0 0 0 0 0 0.345099 -3.11308 0 0.605719 0 0.605719 0 0 0 0 0 0 0 0 0 0 0 0.605719 0 0 0 0 0 0 0 0 0 0 0 0 0 0 0 0.605719 0 0 0 0 0 0 0 0 0 0 0 0 0 0 0 0 0 0 0 0 0 0 
0 0 0.345099 0 0 0 0 0 0.345099 0 -3.11308 0.605719 0 0 0.605719 0 0 0 0 0 0 0 0 0 0 0 0.605719 0 0 0 0 0 0 0 0 0 0 0 0 0 0 0 0.605719 0 0 0 0 0 0 0 0 0 0 0 0 0 0 0 0 0 0 0 0 0 
0 0 0 0.345099 0 0 0 0 0 0.345099 0.345099 -3.76103 0 0 0 0.908579 0 0 0 0 0 0 0 0 0 0 0 0.908579 0 0 0 0 0 0 0 0 0 0 0 0 0 0 0 0.908579 0 0 0 0 0 0 0 0 0 0 0 0 0 0 0 0 0 0 0 0 
0 0 0 0 0.345099 0 0 0 0.345099 0 0 0 -3.11308 0.605719 0.605719 0 0 0 0 0 0 0 0 0 0 0 0 0 0.605719 0 0 0 0 0 0 0 0 0 0 0 0 0 0 0 0.605719 0 0 0 0 0 0 0 0 0 0 0 0 0 0 0 0 0 0 0 
0 0 0 0 0 0.345099 0 0 0 0.345099 0 0 0.345099 -3.76103 0 0.908579 0 0 0 0 0 0 0 0 0 0 0 0 0 0.908579 0 0 0 0 0 0 0 0 0 0 0 0 0 0 0 0.908579 0 0 0 0 0 0 0 0 0 0 0 0 0 0 0 0 0 0 
0 0 0 0 0 0 0.345099 0 0 0 0.345099 0 0.345099 0 -3.76103 0.908579 0 0 0 0 0 0 0 0 0 0 0 0 0 0 0.908579 0 0 0 0 0 0 0 0 0 0 0 0 0 0 0 0.908579 0 0 0 0 0 0 0 0 0 0 0 0 0 0 0 0 0 
0 0 0 0 0 0 0 0.345099 0 0 0 0.345099 0 0.345099 0.345099 -3.80327 0 0 0 0 0 0 0 0 0 0 0 0 0 0 0 1.21144 0 0 0 0 0 0 0 0 0 0 0 0 0 0 0 1.21144 0 0 0 0 0 0 0 0 0 0 0 0 0 0 0 0 
0.345099 0 0 0 0 0 0 0 0 0 0 0 0 0 0 0 -1.8594 0.30286 0.30286 0 0.30286 0 0 0 0.30286 0 0 0 0 0 0 0 0 0 0 0 0 0 0 0 0 0 0 0 0 0 0 0 0.30286 0 0 0 0 0 0 0 0 0 0 0 0 0 0 0 
0 0.345099 0 0 0 0 0 0 0 0 0 0 0 0 0 0 0.345099 -3.11308 0 0.605719 0 0.605719 0 0 0 0.605719 0 0 0 0 0 0 0 0 0 0 0 0 0 0 0 0 0 0 0 0 0 0 0 0.605719 0 0 0 0 0 0 0 0 0 0 0 0 0 0 
0 0 0.345099 0 0 0 0 0 0 0 0 0 0 0 0 0 0.345099 0 -3.11308 0.605719 0 0 0.605719 0 0 0 0.605719 0 0 0 0 0 0 0 0 0 0 0 0 0 0 0 0 0 0 0 0 0 0 0 0.605719 0 0 0 0 0 0 0 0 0 0 0 0 0 
0 0 0 0.345099 0 0 0 0 0 0 0 0 0 0 0 0 0 0.345099 0.345099 -3.76103 0 0 0 0.908579 0 0 0 0.908579 0 0 0 0 0 0 0 0 0 0 0 0 0 0 0 0 0 0 0 0 0 0 0 0.908579 0 0 0 0 0 0 0 0 0 0 0 0 
0 0 0 0 0.345099 0 0 0 0 0 0 0 0 0 0 0 0.345099 0 0 0 -3.11308 0.605719 0.605719 0 0 0 0 0 0.605719 0 0 0 0 0 0 0 0 0 0 0 0 0 0 0 0 0 0 0 0 0 0 0 0.605719 0 0 0 0 0 0 0 0 0 0 0 
0 0 0 0 0 0.345099 0 0 0 0 0 0 0 0 0 0 0 0.345099 0 0 0.345099 -3.76103 0 0.908579 0 0 0 0 0 0.908579 0 0 0 0 0 0 0 0 0 0 0 0 0 0 0 0 0 0 0 0 0 0 0 0.908579 0 0 0 0 0 0 0 0 0 0 
0 0 0 0 0 0 0.345099 0 0 0 0 0 0 0 0 0 0 0 0.345099 0 0.345099 0 -3.76103 0.908579 0 0 0 0 0 0 0.908579 0 0 0 0 0 0 0 0 0 0 0 0 0 0 0 0 0 0 0 0 0 0 0 0.908579 0 0 0 0 0 0 0 0 0 
0 0 0 0 0 0 0 0.345099 0 0 0 0 0 0 0 0 0 0 0 0.345099 0 0.345099 0.345099 -3.80327 0 0 0 0 0 0 0 1.21144 0 0 0 0 0 0 0 0 0 0 0 0 0 0 0 0 0 0 0 0 0 0 0 1.21144 0 0 0 0 0 0 0 0 
0 0 0 0 0 0 0 0 0.345099 0 0 0 0 0 0 0 0.345099 0 0 0 0 0 0 0 -3.11308 0.605719 0.605719 0 0.605719 0 0 0 0 0 0 0 0 0 0 0 0 0 0 0 0 0 0 0 0 0 0 0 0 0 0 0 0.605719 0 0 0 0 0 0 0 
0 0 0 0 0 0 0 0 0 0.345099 0 0 0 0 0 0 0 0.345099 0 0 0 0 0 0 0.345099 -3.76103 0 0.908579 0 0.908579 0 0 0 0 0 0 0 0 0 0 0 0 0 0 0 0 0 0 0 0 0 0 0 0 0 0 0 0.908579 0 0 0 0 0 0 
0 0 0 0 0 0 0 0 0 0 0.345099 0 0 0 0 0 0 0 0.345099 0 0 0 0 0 0.345099 0 -3.76103 0.908579 0 0 0.908579 0 0 0 0 0 0 0 0 0 0 0 0 0 0 0 0 0 0 0 0 0 0 0 0 0 0 0 0.908579 0 0 0 0 0 
0 0 0 0 0 0 0 0 0 0 0 0.345099 0 0 0 0 0 0 0 0.345099 0 0 0 0 0 0.345099 0.345099 -3.80327 0 0 0 1.21144 0 0 0 0 0 0 0 0 0 0 0 0 0 0 0 0 0 0 0 0 0 0 0 0 0 0 0 1.21144 0 0 0 0 
0 0 0 0 0 0 0 0 0 0 0 0 0.345099 0 0 0 0 0 0 0 0.345099 0 0 0 0.345099 0 0 0 -3.76103 0.908579 0.908579 0 0 0 0 0 0 0 0 0 0 0 0 0 0 0 0 0 0 0 0 0 0 0 0 0 0 0 0 0 0.908579 0 0 0 
0 0 0 0 0 0 0 0 0 0 0 0 0 0.345099 0 0 0 0 0 0 0 0.345099 0 0 0 0.345099 0 0 0.345099 -3.80327 0 1.21144 0 0 0 0 0 0 0 0 0 0 0 0 0 0 0 0 0 0 0 0 0 0 0 0 0 0 0 0 0 1.21144 0 0 
0 0 0 0 0 0 0 0 0 0 0 0 0 0 0.345099 0 0 0 0 0 0 0 0.345099 0 0 0 0.345099 0 0.345099 0 -3.80327 1.21144 0 0 0 0 0 0 0 0 0 0 0 0 0 0 0 0 0 0 0 0 0 0 0 0 0 0 0 0 0 0 1.21144 0 
0 0 0 0 0 0 0 0 0 0 0 0 0 0 0 0.345099 0 0 0 0 0 0 0 0.345099 0 0 0 0.345099 0 0.345099 0.345099 -3.23979 0 0 0 0 0 0 0 0 0 0 0 0 0 0 0 0 0 0 0 0 0 0 0 0 0 0 0 0 0 0 0 1.5143 
0.345099 0 0 0 0 0 0 0 0 0 0 0 0 0 0 0 0 0 0 0 0 0 0 0 0 0 0 0 0 0 0 0 -1.8594 0.30286 0.30286 0 0.30286 0 0 0 0.30286 0 0 0 0 0 0 0 0.30286 0 0 0 0 0 0 0 0 0 0 0 0 0 0 0 
0 0.345099 0 0 0 0 0 0 0 0 0 0 0 0 0 0 0 0 0 0 0 0 0 0 0 0 0 0 0 0 0 0 0.345099 -3.11308 0 0.605719 0 0.605719 0 0 0 0.605719 0 0 0 0 0 0 0 0.605719 0 0 0 0 0 0 0 0 0 0 0 0 0 0 
0 0 0.345099 0 0 0 0 0 0 0 0 0 0 0 0 0 0 0 0 0 0 0 0 0 0 0 0 0 0 0 0 0 0.345099 0 -3.11308 0.605719 0 0 0.605719 0 0 0 0.605719 0 0 0 0 0 0 0 0.605719 0 0 0 0 0 0 0 0 0 0 0 0 0 
0 0 0 0.345099 0 0 0 0 0 0 0 0 0 0 0 0 0 0 0 0 0 0 0 0 0 0 0 0 0 0 0 0 0 0.345099 0.345099 -3.76103 0 0 0 0.908579 0 0 0 0.908579 0 0 0 0 0 0 0 0.908579 0 0 0 0 0 0 0 0 0 0 0 0 
0 0 0 0 0.345099 0 0 0 0 0 0 0 0 0 0 0 0 0 0 0 0 0 0 0 0 0 0 0 0 0 0 0 0.345099 0 0 0 -3.11308 0.605719 0.605719 0 0 0 0 0 0.605719 0 0 0 0 0 0 0 0.605719 0 0 0 0 0 0 0 0 0 0 0 
0 0 0 0 0 0.345099 0 0 0 0 0 0 0 0 0 0 0 0 0 0 0 0 0 0 0 0 0 0 0 0 0 0 0 0.345099 0 0 0.345099 -3.76103 0 0.908579 0 0 0 0 0 0.908579 0 0 0 0 0 0 0 0.908579 0 0 0 0 0 0 0 0 0 0 
0 0 0 0 0 0 0.345099 0 0 0 0 0 0 0 0 0 0 0 0 0 0 0 0 0 0 0 0 0 0 0 0 0 0 0 0.345099 0 0.345099 0 -3.76103 0.908579 0 0 0 0 0 0 0.908579 0 0 0 0 0 0 0 0.908579 0 0 0 0 0 0 0 0 0 
0 0 0 0 0 0 0 0.345099 0 0 0 0 0 0 0 0 0 0 0 0 0 0 0 0 0 0 0 0 0 0 0 0 0 0 0 0.345099 0 0.345099 0.345099 -3.80327 0 0 0 0 0 0 0 1.21144 0 0 0 0 0 0 0 1.21144 0 0 0 0 0 0 0 0 
0 0 0 0 0 0 0 0 0.345099 0 0 0 0 0 0 0 0 0 0 0 0 0 0 0 0 0 0 0 0 0 0 0 0.345099 0 0 0 0 0 0 0 -3.11308 0.605719 0.605719 0 0.605719 0 0 0 0 0 0 0 0 0 0 0 0.605719 0 0 0 0 0 0 0 
0 0 0 0 0 0 0 0 0 0.345099 0 0 0 0 0 0 0 0 0 0 0 0 0 0 0 0 0 0 0 0 0 0 0 0.345099 0 0 0 0 0 0 0.345099 -3.76103 0 0.908579 0 0.908579 0 0 0 0 0 0 0 0 0 0 0 0.908579 0 0 0 0 0 0 
0 0 0 0 0 0 0 0 0 0 0.345099 0 0 0 0 0 0 0 0 0 0 0 0 0 0 0 0 0 0 0 0 0 0 0 0.345099 0 0 0 0 0 0.345099 0 -3.76103 0.908579 0 0 0.908579 0 0 0 0 0 0 0 0 0 0 0 0.908579 0 0 0 0 0 
0 0 0 0 0 0 0 0 0 0 0 0.345099 0 0 0 0 0 0 0 0 0 0 0 0 0 0 0 0 0 0 0 0 0 0 0 0.345099 0 0 0 0 0 0.345099 0.345099 -3.80327 0 0 0 1.21144 0 0 0 0 0 0 0 0 0 0 0 1.21144 0 0 0 0 
0 0 0 0 0 0 0 0 0 0 0 0 0.345099 0 0 0 0 0 0 0 0 0 0 0 0 0 0 0 0 0 0 0 0 0 0 0 0.345099 0 0 0 0.345099 0 0 0 -3.76103 0.908579 0.908579 0 0 0 0 0 0 0 0 0 0 0 0 0 0.908579 0 0 0 
0 0 0 0 0 0 0 0 0 0 0 0 0 0.345099 0 0 0 0 0 0 0 0 0 0 0 0 0 0 0 0 0 0 0 0 0 0 0 0.345099 0 0 0 0.345099 0 0 0.345099 -3.80327 0 1.21144 0 0 0 0 0 0 0 0 0 0 0 0 0 1.21144 0 0 
0 0 0 0 0 0 0 0 0 0 0 0 0 0 0.345099 0 0 0 0 0 0 0 0 0 0 0 0 0 0 0 0 0 0 0 0 0 0 0 0.345099 0 0 0 0.345099 0 0.345099 0 -3.80327 1.21144 0 0 0 0 0 0 0 0 0 0 0 0 0 0 1.21144 0 
0 0 0 0 0 0 0 0 0 0 0 0 0 0 0 0.345099 0 0 0 0 0 0 0 0 0 0 0 0 0 0 0 0 0 0 0 0 0 0 0 0.345099 0 0 0 0.345099 0 0.345099 0.345099 -3.23979 0 0 0 0 0 0 0 0 0 0 0 0 0 0 0 1.5143 
0 0 0 0 0 0 0 0 0 0 0 0 0 0 0 0 0.345099 0 0 0 0 0 0 0 0 0 0 0 0 0 0 0 0.345099 0 0 0 0 0 0 0 0 0 0 0 0 0 0 0 -3.11308 0.605719 0.605719 0 0.605719 0 0 0 0.605719 0 0 0 0 0 0 0 
0 0 0 0 0 0 0 0 0 0 0 0 0 0 0 0 0 0.345099 0 0 0 0 0 0 0 0 0 0 0 0 0 0 0 0.345099 0 0 0 0 0 0 0 0 0 0 0 0 0 0 0.345099 -3.76103 0 0.908579 0 0.908579 0 0 0 0.908579 0 0 0 0 0 0 
0 0 0 0 0 0 0 0 0 0 0 0 0 0 0 0 0 0 0.345099 0 0 0 0 0 0 0 0 0 0 0 0 0 0 0 0.345099 0 0 0 0 0 0 0 0 0 0 0 0 0 0.345099 0 -3.76103 0.908579 0 0 0.908579 0 0 0 0.908579 0 0 0 0 0 
0 0 0 0 0 0 0 0 0 0 0 0 0 0 0 0 0 0 0 0.345099 0 0 0 0 0 0 0 0 0 0 0 0 0 0 0 0.345099 0 0 0 0 0 0 0 0 0 0 0 0 0 0.345099 0.345099 -3.80327 0 0 0 1.21144 0 0 0 1.21144 0 0 0 0 
0 0 0 0 0 0 0 0 0 0 0 0 0 0 0 0 0 0 0 0 0.345099 0 0 0 0 0 0 0 0 0 0 0 0 0 0 0 0.345099 0 0 0 0 0 0 0 0 0 0 0 0.345099 0 0 0 -3.76103 0.908579 0.908579 0 0 0 0 0 0.908579 0 0 0 
0 0 0 0 0 0 0 0 0 0 0 0 0 0 0 0 0 0 0 0 0 0.345099 0 0 0 0 0 0 0 0 0 0 0 0 0 0 0 0.345099 0 0 0 0 0 0 0 0 0 0 0 0.345099 0 0 0.345099 -3.80327 0 1.21144 0 0 0 0 0 1.21144 0 0 
0 0 0 0 0 0 0 0 0 0 0 0 0 0 0 0 0 0 0 0 0 0 0.345099 0 0 0 0 0 0 0 0 0 0 0 0 0 0 0 0.345099 0 0 0 0 0 0 0 0 0 0 0 0.345099 0 0.345099 0 -3.80327 1.21144 0 0 0 0 0 0 1.21144 0 
0 0 0 0 0 0 0 0 0 0 0 0 0 0 0 0 0 0 0 0 0 0 0 0.345099 0 0 0 0 0 0 0 0 0 0 0 0 0 0 0 0.345099 0 0 0 0 0 0 0 0 0 0 0 0.345099 0 0.345099 0.345099 -3.23979 0 0 0 0 0 0 0 1.5143 
0 0 0 0 0 0 0 0 0 0 0 0 0 0 0 0 0 0 0 0 0 0 0 0 0.345099 0 0 0 0 0 0 0 0 0 0 0 0 0 0 0 0.345099 0 0 0 0 0 0 0 0.345099 0 0 0 0 0 0 0 -3.76103 0.908579 0.908579 0 0.908579 0 0 0 
0 0 0 0 0 0 0 0 0 0 0 0 0 0 0 0 0 0 0 0 0 0 0 0 0 0.345099 0 0 0 0 0 0 0 0 0 0 0 0 0 0 0 0.345099 0 0 0 0 0 0 0 0.345099 0 0 0 0 0 0 0.345099 -3.80327 0 1.21144 0 1.21144 0 0 
0 0 0 0 0 0 0 0 0 0 0 0 0 0 0 0 0 0 0 0 0 0 0 0 0 0 0.345099 0 0 0 0 0 0 0 0 0 0 0 0 0 0 0 0.345099 0 0 0 0 0 0 0 0.345099 0 0 0 0 0 0.345099 0 -3.80327 1.21144 0 0 1.21144 0 
0 0 0 0 0 0 0 0 0 0 0 0 0 0 0 0 0 0 0 0 0 0 0 0 0 0 0 0.345099 0 0 0 0 0 0 0 0 0 0 0 0 0 0 0 0.345099 0 0 0 0 0 0 0 0.345099 0 0 0 0 0 0.345099 0.345099 -3.23979 0 0 0 1.5143 
0 0 0 0 0 0 0 0 0 0 0 0 0 0 0 0 0 0 0 0 0 0 0 0 0 0 0 0 0.345099 0 0 0 0 0 0 0 0 0 0 0 0 0 0 0 0.345099 0 0 0 0 0 0 0 0.345099 0 0 0 0.345099 0 0 0 -3.80327 1.21144 1.21144 0 
0 0 0 0 0 0 0 0 0 0 0 0 0 0 0 0 0 0 0 0 0 0 0 0 0 0 0 0 0 0.345099 0 0 0 0 0 0 0 0 0 0 0 0 0 0 0 0.345099 0 0 0 0 0 0 0 0.345099 0 0 0 0.345099 0 0 0.345099 -3.23979 0 1.5143 
0 0 0 0 0 0 0 0 0 0 0 0 0 0 0 0 0 0 0 0 0 0 0 0 0 0 0 0 0 0 0.345099 0 0 0 0 0 0 0 0 0 0 0 0 0 0 0 0.345099 0 0 0 0 0 0 0 0.345099 0 0 0 0.345099 0 0.345099 0 -3.23979 1.5143 
0 0 0 0 0 0 0 0 0 0 0 0 0 0 0 0 0 0 0 0 0 0 0 0 0 0 0 0 0 0 0 0.345099 0 0 0 0 0 0 0 0 0 0 0 0 0 0 0 0.345099 0 0 0 0 0 0 0 0.345099 0 0 0 0.345099 0 0.345099 0.345099 -2.07059 
