64
-0 0 0 0 0 0 0 0 0 0 0 0 0 0 0 0 0 0 0 0 0 0 0 0 0 0 0 0 0 0 0 0 0 0 0 0 0 0 0 0 0 0 0 0 0 0 0 0 0 0 0 0 0 0 0 0 0 0 0 0 0 0 0 0 
0.73642 -3.38573 0 0.529863 0 0.529863 0 0 0 0.529863 0 0 0 0 0 0 0 0.529863 0 0 0 0 0 0 0 0 0 0 0 0 0 0 0 0.529863 0 0 0 0 0 0 0 0 0 0 0 0 0 0 0 0 0 0 0 0 0 0 0 0 0 0 0 0 0 0 
0.73642 0 -3.38573 0.529863 0 0 0.529863 0 0 0 0.529863 0 0 0 0 0 0 0 0.529863 0 0 0 0 0 0 0 0 0 0 0 0 0 0 0 0.529863 0 0 0 0 0 0 0 0 0 0 0 0 0 0 0 0 0 0 0 0 0 0 0 0 0 0 0 0 0 
0 0.73642 0.73642 -5.71174 0 0 0 1.05973 0 0 0 1.05973 0 0 0 0 0 0 0 1.05973 0 0 0 0 0 0 0 0 0 0 0 0 0 0 0 1.05973 0 0 0 0 0 0 0 0 0 0 0 0 0 0 0 0 0 0 0 0 0 0 0 0 0 0 0 0 
0.73642 0 0 0 -3.38573 0.529863 0.529863 0 0 0 0 0 0.529863 0 0 0 0 0 0 0 0.529863 0 0 0 0 0 0 0 0 0 0 0 0 0 0 0 0.529863 0 0 0 0 0 0 0 0 0 0 0 0 0 0 0 0 0 0 0 0 0 0 0 0 0 0 0 
0 0.73642 0 0 0.73642 -5.71174 0 1.05973 0 0 0 0 0 1.05973 0 0 0 0 0 0 0 1.05973 0 0 0 0 0 0 0 0 0 0 0 0 0 0 0 1.05973 0 0 0 0 0 0 0 0 0 0 0 0 0 0 0 0 0 0 0 0 0 0 0 0 0 0 
0 0 0.73642 0 0.73642 0 -5.71174 1.05973 0 0 0 0 0 0 1.05973 0 0 0 0 0 0 0 1.05973 0 0 0 0 0 0 0 0 0 0 0 0 0 0 0 1.05973 0 0 0 0 0 0 0 0 0 0 0 0 0 0 0 0 0 0 0 0 0 0 0 0 0 
0 0 0 0.73642 0 0.73642 0.73642 -6.97802 0 0 0 0 0 0 0 1.58959 0 0 0 0 0 0 0 1.58959 0 0 0 0 0 0 0 0 0 0 0 0 0 0 0 1.58959 0 0 0 0 0 0 0 0 0 0 0 0 0 0 0 0 0 0 0 0 0 0 0 0 
0.73642 0 0 0 0 0 0 0 -3.38573 0.529863 0.529863 0 0.529863 0 0 0 0 0 0 0 0 0 0 0 0.529863 0 0 0 0 0 0 0 0 0 0 0 0 0 0 0 0.529863 0 0 0 0 0 0 0 0 0 0 0 0 0 0 0 0 0 0 0 0 0 0 0 
0 0.73642 0 0 0 0 0 0 0.73642 -5.71174 0 1.05973 0 1.05973 0 0 0 0 0 0 0 0 0 0 0 1.05973 0 0 0 0 0 0 0 0 0 0 0 0 0 0 0 1.05973 0 0 0 0 0 0 0 0 0 0 0 0 0 0 0 0 0 0 0 0 0 0 
0 0 0.73642 0 0 0 0 0 0.73642 0 -5.71174 1.05973 0 0 1.05973 0 0 0 0 0 0 0 0 0 0 0 1.05973 0 0 0 0 0 0 0 0 0 0 0 0 0 0 0 1.05973 0 0 0 0 0 0 0 0 0 0 0 0 0 0 0 0 0 0 0 0 0 
0 0 0 0.73642 0 0 0 0 0 0.73642 0.73642 -6.97802 0 0 0 1.58959 0 0 0 0 0 0 0 0 0 0 0 1.58959 0 0 0 0 0 0 0 0 0 0 0 0 0 0 0 1.58959 0 0 0 0 0 0 0 0 0 0 0 0 0 0 0 0 0 0 0 0 
0 0 0 0 0.73642 0 0 0 0.73642 0 0 0 -5.71174 1.05973 1.05973 0 0 0 0 0 0 0 0 0 0 0 0 0 1.05973 0 0 0 0 0 0 0 0 0 0 0 0 0 0 0 1.05973 0 0 0 0 0 0 0 0 0 0 0 0 0 0 0 0 0 0 0 
0 0 0 0 0 0.73642 0 0 0 0.73642 0 0 0.73642 -6.97802 0 1.58959 0 0 0 0 0 0 0 0 0 0 0 0 0 1.58959 0 0 0 0 0 0 0 0 0 0 0 0 0 0 0 1.58959 0 0 0 0 0 0 0 0 0 0 0 0 0 0 0 0 0 0 
0 0 0 0 0 0 0.73642 0 0 0 0.73642 0 0.73642 0 -6.97802 1.58959 0 0 0 0 0 0 0 0 0 0 0 0 0 0 1.58959 0 0 0 0 0 0 0 0 0 0 0 0 0 0 0 1.58959 0 0 0 0 0 0 0 0 0 0 0 0 0 0 0 0 0 
0 0 0 0 0 0 0 0.73642 0 0 0 0.73642 0 0.73642 0.73642 -7.18458 0 0 0 0 0 0 0 0 0 0 0 0 0 0 0 2.11945 0 0 0 0 0 0 0 0 0 0 0 0 0 0 0 2.11945 0 0 0 0 0 0 0 0 0 0 0 0 0 0 0 0 
0.73642 0 0 0 0 0 0 0 0 0 0 0 0 0 0 0 -3.38573 0.529863 0.529863 0 0.529863 0 0 0 0.529863 0 0 0 0 0 0 0 0 0 0 0 0 0 0 0 0 0 0 0 0 0 0 0 0.529863 0 0 0 0 0 0 0 0 0 0 0 0 0 0 0 
0 0.73642 0 0 0 0 0 0 0 0 0 0 0 0 0 0 0.73642 -5.71174 0 1.05973 0 1.05973 0 0 0 1.05973 0 0 0 0 0 0 0 0 0 0 0 0 0 0 0 0 0 0 0 0 0 0 0 1.05973 0 0 0 0 0 0 0 0 0 0 0 0 0 0 
0 0 0.73642 0 0 0 0 0 0 0 0 0 0 0 0 0 0.73642 0 -5.71174 1.05973 0 0 1.05973 0 0 0 1.05973 0 0 0 0 0 0 0 0 0 0 0 0 0 0 0 0 0 0 0 0 0 0 0 1.05973 0 0 0 0 0 0 0 0 0 0 0 0 0 
0 0 0 0.73642 0 0 0 0 0 0 0 0 0 0 0 0 0 0.73642 0.73642 -6.97802 0 0 0 1.58959 0 0 0 1.58959 0 0 0 0 0 0 0 0 0 0 0 0 0 0 0 0 0 0 0 0 0 0 0 1.58959 0 0 0 0 0 0 0 0 0 0 0 0 
0 0 0 0 0.73642 0 0 0 0 0 0 0 0 0 0 0 0.73642 0 0 0 -5.71174 1.05973 1.05973 0 0 0 0 0 1.05973 0 0 0 0 0 0 0 0 0 0 0 0 0 0 0 0 0 0 0 0 0 0 0 1.05973 0 0 0 0 0 0 0 0 0 0 0 
0 0 0 0 0 0.73642 0 0 0 0 0 0 0 0 0 0 0 0.73642 0 0 0.73642 -6.97802 0 1.58959 0 0 0 0 0 1.58959 0 0 0 0 0 0 0 0 0 0 0 0 0 0 0 0 0 0 0 0 0 0 0 1.58959 0 0 0 0 0 0 0 0 0 0 
0 0 0 0 0 0 0.73642 0 0 0 0 0 0 0 0 0 0 0 0.73642 0 0.73642 0 -6.97802 1.58959 0 0 0 0 0 0 1.58959 0 0 0 0 0 0 0 0 0 0 0 0 0 0 0 0 0 0 0 0 0 0 0 1.58959 0 0 0 0 0 0 0 0 0 
0 0 0 0 0 0 0 0.73642 0 0 0 0 0 0 0 0 0 0 0 0.73642 0 0.73642 0.73642 -7.18458 0 0 0 0 0 0 0 2.11945 0 0 0 0 0 0 0 0 0 0 0 0 0 0 0 0 0 0 0 0 0 0 0 2.11945 0 0 0 0 0 0 0 0 
0 0 0 0 0 0 0 0 0.73642 0 0 0 0 0 0 0 0.73642 0 0 0 0 0 0 0 -5.71174 1.05973 1.05973 0 1.05973 0 0 0 0 0 0 0 0 0 0 0 0 0 0 0 0 0 0 0 0 0 0 0 0 0 0 0 1.05973 0 0 0 0 0 0 0 
0 0 0 0 0 0 0 0 0 0.73642 0 0 0 0 0 0 0 0.73642 0 0 0 0 0 0 0.73642 -6.97802 0 1.58959 0 1.58959 0 0 0 0 0 0 0 0 0 0 0 0 0 0 0 0 0 0 0 0 0 0 0 0 0 0 0 1.58959 0 0 0 0 0 0 
0 0 0 0 0 0 0 0 0 0 0.73642 0 0 0 0 0 0 0 0.73642 0 0 0 0 0 0.73642 0 -6.97802 1.58959 0 0 1.58959 0 0 0 0 0 0 0 0 0 0 0 0 0 0 0 0 0 0 0 0 0 0 0 0 0 0 0 1.58959 0 0 0 0 0 
0 0 0 0 0 0 0 0 0 0 0 0.73642 0 0 0 0 0 0 0 0.73642 0 0 0 0 0 0.73642 0.73642 -7.18458 0 0 0 2.11945 0 0 0 0 0 0 0 0 0 0 0 0 0 0 0 0 0 0 0 0 0 0 0 0 0 0 0 2.11945 0 0 0 0 
0 0 0 0 0 0 0 0 0 0 0 0 0.73642 0 0 0 0 0 0 0 0.73642 0 0 0 0.73642 0 0 0 -6.97802 1.58959 1.58959 0 0 0 0 0 0 0 0 0 0 0 0 0 0 0 0 0 0 0 0 0 0 0 0 0 0 0 0 0 1.58959 0 0 0 
0 0 0 0 0 0 0 0 0 0 0 0 0 0.73642 0 0 0 0 0 0 0 0.73642 0 0 0 0.73642 0 0 0.73642 -7.18458 0 2.11945 0 0 0 0 0 0 0 0 0 0 0 0 0 0 0 0 0 0 0 0 0 0 0 0 0 0 0 0 0 2.11945 0 0 
0 0 0 0 0 0 0 0 0 0 0 0 0 0 0.73642 0 0 0 0 0 0 0 0.73642 0 0 0 0.73642 0 0.73642 0 -7.18458 2.11945 0 0 0 0 0 0 0 0 0 0 0 0 0 0 0 0 0 0 0 0 0 0 0 0 0 0 0 0 0 0 2.11945 0 
0 0 0 0 0 0 0 0 0 0 0 0 0 0 0 0.73642 0 0 0 0 0 0 0 0.73642 0 0 0 0.73642 0 0.73642 0.73642 -6.33141 0 0 0 0 0 0 0 0 0 0 0 0 0 0 0 0 0 0 0 0 0 0 0 0 0 0 0 0 0 0 0 2.64931 
0.73642 0 0 0 0 0 0 0 0 0 0 0 0 0 0 0 0 0 0 0 0 0 0 0 0 0 0 0 0 0 0 0 -3.38573 0.529863 0.529863 0 0.529863 0 0 0 0.529863 0 0 0 0 0 0 0 0.529863 0 0 0 0 0 0 0 0 0 0 0 0 0 0 0 
0 0.73642 0 0 0 0 0 0 0 0 0 0 0 0 0 0 0 0 0 0 0 0 0 0 0 0 0 0 0 0 0 0 0.73642 -5.71174 0 1.05973 0 1.05973 0 0 0 1.05973 0 0 0 0 0 0 0 1.05973 0 0 0 0 0 0 0 0 0 0 0 0 0 0 
0 0 0.73642 0 0 0 0 0 0 0 0 0 0 0 0 0 0 0 0 0 0 0 0 0 0 0 0 0 0 0 0 0 0.73642 0 -5.71174 1.05973 0 0 1.05973 0 0 0 1.05973 0 0 0 0 0 0 0 1.05973 0 0 0 0 0 0 0 0 0 0 0 0 0 
0 0 0 0.73642 0 0 0 0 0 0 0 0 0 0 0 0 0 0 0 0 0 0 0 0 0 0 0 0 0 0 0 0 0 0.73642 0.73642 -6.97802 0 0 0 1.58959 0 0 0 1.58959 0 0 0 0 0 0 0 1.58959 0 0 0 0 0 0 0 0 0 0 0 0 
0 0 0 0 0.73642 0 0 0 0 0 0 0 0 0 0 0 0 0 0 0 0 0 0 0 0 0 0 0 0 0 0 0 0.73642 0 0 0 -5.71174 1.05973 1.05973 0 0 0 0 0 1.05973 0 0 0 0 0 0 0 1.05973 0 0 0 0 0 0 0 0 0 0 0 
0 0 0 0 0 0.73642 0 0 0 0 0 0 0 0 0 0 0 0 0 0 0 0 0 0 0 0 0 0 0 0 0 0 0 0.73642 0 0 0.73642 -6.97802 0 1.58959 0 0 0 0 0 1.58959 0 0 0 0 0 0 0 1.58959 0 0 0 0 0 0 0 0 0 0 
0 0 0 0 0 0 0.73642 0 0 0 0 0 0 0 0 0 0 0 0 0 0 0 0 0 0 0 0 0 0 0 0 0 0 0 0.73642 0 0.73642 0 -6.97802 1.58959 0 0 0 0 0 0 1.58959 0 0 0 0 0 0 0 1.58959 0 0 0 0 0 0 0 0 0 
0 0 0 0 0 0 0 0.73642 0 0 0 0 0 0 0 0 0 0 0 0 0 0 0 0 0 0 0 0 0 0 0 0 0 0 0 0.73642 0 0.73642 0.73642 -7.18458 0 0 0 0 0 0 0 2.11945 0 0 0 0 0 0 0 2.11945 0 0 0 0 0 0 0 0 
0 0 0 0 0 0 0 0 0.73642 0 0 0 0 0 0 0 0 0 0 0 0 0 0 0 0 0 0 0 0 0 0 0 0.73642 0 0 0 0 0 0 0 -5.71174 1.05973 1.05973 0 1.05973 0 0 0 0 0 0 0 0 0 0 0 1.05973 0 0 0 0 0 0 0 
0 0 0 0 0 0 0 0 0 0.73642 0 0 0 0 0 0 0 0 0 0 0 0 0 0 0 0 0 0 0 0 0 0 0 0.73642 0 0 0 0 0 0 0.73642 -6.97802 0 1.58959 0 1.58959 0 0 0 0 0 0 0 0 0 0 0 1.58959 0 0 0 0 0 0 
0 0 0 0 0 0 0 0 0 0 0.73642 0 0 0 0 0 0 0 0 0 0 0 0 0 0 0 0 0 0 0 0 0 0 0 0.73642 0 0 0 0 0 0.73642 0 -6.97802 1.58959 0 0 1.58959 0 0 0 0 0 0 0 0 0 0 0 1.58959 0 0 0 0 0 
0 0 0 0 0 0 0 0 0 0 0 0.73642 0 0 0 0 0 0 0 0 0 0 0 0 0 0 0 0 0 0 0 0 0 0 0 0.73642 0 0 0 0 0 0.73642 0.73642 -7.18458 0 0 0 2.11945 0 0 0 0 0 0 0 0 0 0 0 2.11945 0 0 0 0 
0 0 0 0 0 0 0 0 0 0 0 0 0.73642 0 0 0 0 0 0 0 0 0 0 0 0 0 0 0 0 0 0 0 0 0 0 0 0.73642 0 0 0 0.73642 0 0 0 -6.97802 1.58959 1.58959 0 0 0 0 0 0 0 0 0 0 0 0 0 1.58959 0 0 0 
0 0 0 0 0 0 0 0 0 0 0 0 0 0.73642 0 0 0 0 0 0 0 0 0 0 0 0 0 0 0 0 0 0 0 0 0 0 0 0.73642 0 0 0 0.73642 0 0 0.73642 -7.18458 0 2.11945 0 0 0 0 0 0 0 0 0 0 0 0 0 2.11945 0 0 
0 0 0 0 0 0 0 0 0 0 0 0 0 0 0.73642 0 0 0 0 0 0 0 0 0 0 0 0 0 0 0 0 0 0 0 0 0 0 0 0.73642 0 0 0 0.73642 0 0.73642 0 -7.18458 2.11945 0 0 0 0 0 0 0 0 0 0 0 0 0 0 2.11945 0 
0 0 0 0 0 0 0 0 0 0 0 0 0 0 0 0.73642 0 0 0 0 0 0 0 0 0 0 0 0 0 0 0 0 0 0 0 0 0 0 0 0.73642 0 0 0 0.73642 0 0.73642 0.73642 -6.33141 0 0 0 0 0 0 0 0 0 0 0 0 0 0 0 2.64931 
0 0 0 0 0 0 0 0 0 0 0 0 0 0 0 0 0.73642 0 0 0 0 0 0 0 0 0 0 0 0 0 0 0 0.73642 0 0 0 0 0 0 0 0 0 0 0 0 0 0 0 -5.71174 1.05973 1.05973 0 1.05973 0 0 0 1.05973 0 0 0 0 0 0 0 
0 0 0 0 0 0 0 0 0 0 0 0 0 0 0 0 0 0.73642 0 0 0 0 0 0 0 0 0 0 0 0 0 0 0 0.73642 0 0 0 0 0 0 0 0 0 0 0 0 0 0 0.73642 -6.97802 0 1.58959 0 1.58959 0 0 0 1.58959 0 0 0 0 0 0 
0 0 0 0 0 0 0 0 0 0 0 0 0 0 0 0 0 0 0.73642 0 0 0 0 0 0 0 0 0 0 0 0 0 0 0 0.73642 0 0 0 0 0 0 0 0 0 0 0 0 0 0.73642 0 -6.97802 1.58959 0 0 1.58959 0 0 0 1.58959 0 0 0 0 0 
0 0 0 0 0 0 0 0 0 0 0 0 0 0 0 0 0 0 0 0.73642 0 0 0 0 0 0 0 0 0 0 0 0 0 0 0 0.73642 0 0 0 0 0 0 0 0 0 0 0 0 0 0.73642 0.73642 -7.18458 0 0 0 2.11945 0 0 0 2.11945 0 0 0 0 
0 0 0 0 0 0 0 0 0 0 0 0 0 0 0 0 0 0 0 0 0.73642 0 0 0 0 0 0 0 0 0 0 0 0 0 0 0 0.73642 0 0 0 0 0 0 0 0 0 0 0 0.73642 0 0 0 -6.97802 1.58959 1.58959 0 0 0 0 0 1.58959 0 0 0 
0 0 0 0 0 0 0 0 0 0 0 0 0 0 0 0 0 0 0 0 0 0.73642 0 0 0 0 0 0 0 0 0 0 0 0 0 0 0 0.73642 0 0 0 0 0 0 0 0 0 0 0 0.73642 0 0 0.73642 -7.18458 0 2.11945 0 0 0 0 0 2.11945 0 0 
0 0 0 0 0 0 0 0 0 0 0 0 0 0 0 0 0 0 0 0 0 0 0.73642 0 0 0 0 0 0 0 0 0 0 0 0 0 0 0 0.73642 0 0 0 0 0 0 0 0 0 0 0 0.73642 0 0.73642 0 -7.18458 2.11945 0 0 0 0 0 0 2.11945 0 
0 0 0 0 0 0 0 0 0 0 0 0 0 0 0 0 0 0 0 0 0 0 0 0.73642 0 0 0 0 0 0 0 0 0 0 0 0 0 0 0 0.73642 0 0 0 0 0 0 0 0 0 0 0 0.73642 0 0.73642 0.73642 -6.33141 0 0 0 0 0 0 0 2.64931 
0 0 0 0 0 0 0 0 0 0 0 0 0 0 0 0 0 0 0 0 0 0 0 0 0.73642 0 0 0 0 0 0 0 0 0 0 0 0 0 0 0 0.73642 0 0 0 0 0 0 0 0.73642 0 0 0 0 0 0 0 -6.97802 1.58959 1.58959 0 1.58959 0 0 0 
0 0 0 0 0 0 0 0 0 0 0 0 0 0 0 0 0 0 0 0 0 0 0 0 0 0.73642 0 0 0 0 0 0 0 0 0 0 0 0 0 0 0 0.73642 0 0 0 0 0 0 0 0.73642 0 0 0 0 0 0 0.73642 -7.18458 0 2.11945 0 2.11945 0 0 
0 0 0 0 0 0 0 0 0 0 0 0 0 0 0 0 0 0 0 0 0 0 0 0 0 0 0.73642 0 0 0 0 0 0 0 0 0 0 0 0 0 0 0 0.73642 0 0 0 0 0 0 0 0.73642 0 0 0 0 0 0.73642 0 -7.18458 2.11945 0 0 2.11945 0 
0 0 0 0 0 0 0 0 0 0 0 0 0 0 0 0 0 0 0 0 0 0 0 0 0 0 0 0.73642 0 0 0 0 0 0 0 0 0 0 0 0 0 0 0 0.73642 0 0 0 0 0 0 0 0.73642 0 0 0 0 0 0.73642 0.73642 -6.33141 0 0 0 2.64931 
0 0 0 0 0 0 0 0 0 0 0 0 0 0 0 0 0 0 0 0 0 0 0 0 0 0 0 0 0.73642 0 0 0 0 0 0 0 0 0 0 0 0 0 0 0 0.73642 0 0 0 0 0 0 0 0.73642 0 0 0 0.73642 0 0 0 -7.18458 2.11945 2.11945 0 
0 0 0 0 0 0 0 0 0 0 0 0 0 0 0 0 0 0 0 0 0 0 0 0 0 0 0 0 0 0.73642 0 0 0 0 0 0 0 0 0 0 0 0 0 0 0 0.73642 0 0 0 0 0 0 0 0.73642 0 0 0 0.73642 0 0 0.73642 -6.33141 0 2.64931 
0 0 0 0 0 0 0 0 0 0 0 0 0 0 0 0 0 0 0 0 0 0 0 0 0 0 0 0 0 0 0.73642 0 0 0 0 0 0 0 0 0 0 0 0 0 0 0 0.73642 0 0 0 0 0 0 0 0.73642 0 0 0 0.73642 0 0.73642 0 -6.33141 2.64931 
0 0 0 0 0 0 0 0 0 0 0 0 0 0 0 0 0 0 0 0 0 0 0 0 0 0 0 0 0 0 0 0.73642 0 0 0 0 0 0 0 0 0 0 0 0 0 0 0 0.73642 0 0 0 0 0 0 0 0.73642 0 0 0 0.73642 0 0.73642 0.73642 -4.41852 
