64
-0 0 0 0 0 0 0 0 0 0 0 0 0 0 0 0 0 0 0 0 0 0 0 0 0 0 0 0 0 0 0 0 0 0 0 0 0 0 0 0 0 0 0 0 0 0 0 0 0 0 0 0 0 0 0 0 0 0 0 0 0 0 0 0 
0.857685 -4.38044 0 0.70455 0 0.70455 0 0 0 0.70455 0 0 0 0 0 0 0 0.70455 0 0 0 0 0 0 0 0 0 0 0 0 0 0 0 0.70455 0 0 0 0 0 0 0 0 0 0 0 0 0 0 0 0 0 0 0 0 0 0 0 0 0 0 0 0 0 0 
0.857685 0 -4.38044 0.70455 0 0 0.70455 0 0 0 0.70455 0 0 0 0 0 0 0 0.70455 0 0 0 0 0 0 0 0 0 0 0 0 0 0 0 0.70455 0 0 0 0 0 0 0 0 0 0 0 0 0 0 0 0 0 0 0 0 0 0 0 0 0 0 0 0 0 
0 0.857685 0.857685 -7.35177 0 0 0 1.4091 0 0 0 1.4091 0 0 0 0 0 0 0 1.4091 0 0 0 0 0 0 0 0 0 0 0 0 0 0 0 1.4091 0 0 0 0 0 0 0 0 0 0 0 0 0 0 0 0 0 0 0 0 0 0 0 0 0 0 0 0 
0.857685 0 0 0 -4.38044 0.70455 0.70455 0 0 0 0 0 0.70455 0 0 0 0 0 0 0 0.70455 0 0 0 0 0 0 0 0 0 0 0 0 0 0 0 0.70455 0 0 0 0 0 0 0 0 0 0 0 0 0 0 0 0 0 0 0 0 0 0 0 0 0 0 0 
0 0.857685 0 0 0.857685 -7.35177 0 1.4091 0 0 0 0 0 1.4091 0 0 0 0 0 0 0 1.4091 0 0 0 0 0 0 0 0 0 0 0 0 0 0 0 1.4091 0 0 0 0 0 0 0 0 0 0 0 0 0 0 0 0 0 0 0 0 0 0 0 0 0 0 
0 0 0.857685 0 0.857685 0 -7.35177 1.4091 0 0 0 0 0 0 1.4091 0 0 0 0 0 0 0 1.4091 0 0 0 0 0 0 0 0 0 0 0 0 0 0 0 1.4091 0 0 0 0 0 0 0 0 0 0 0 0 0 0 0 0 0 0 0 0 0 0 0 0 0 
0 0 0 0.857685 0 0.857685 0.857685 -8.91401 0 0 0 0 0 0 0 2.11365 0 0 0 0 0 0 0 2.11365 0 0 0 0 0 0 0 0 0 0 0 0 0 0 0 2.11365 0 0 0 0 0 0 0 0 0 0 0 0 0 0 0 0 0 0 0 0 0 0 0 0 
0.857685 0 0 0 0 0 0 0 -4.38044 0.70455 0.70455 0 0.70455 0 0 0 0 0 0 0 0 0 0 0 0.70455 0 0 0 0 0 0 0 0 0 0 0 0 0 0 0 0.70455 0 0 0 0 0 0 0 0 0 0 0 0 0 0 0 0 0 0 0 0 0 0 0 
0 0.857685 0 0 0 0 0 0 0.857685 -7.35177 0 1.4091 0 1.4091 0 0 0 0 0 0 0 0 0 0 0 1.4091 0 0 0 0 0 0 0 0 0 0 0 0 0 0 0 1.4091 0 0 0 0 0 0 0 0 0 0 0 0 0 0 0 0 0 0 0 0 0 0 
0 0 0.857685 0 0 0 0 0 0.857685 0 -7.35177 1.4091 0 0 1.4091 0 0 0 0 0 0 0 0 0 0 0 1.4091 0 0 0 0 0 0 0 0 0 0 0 0 0 0 0 1.4091 0 0 0 0 0 0 0 0 0 0 0 0 0 0 0 0 0 0 0 0 0 
0 0 0 0.857685 0 0 0 0 0 0.857685 0.857685 -8.91401 0 0 0 2.11365 0 0 0 0 0 0 0 0 0 0 0 2.11365 0 0 0 0 0 0 0 0 0 0 0 0 0 0 0 2.11365 0 0 0 0 0 0 0 0 0 0 0 0 0 0 0 0 0 0 0 0 
0 0 0 0 0.857685 0 0 0 0.857685 0 0 0 -7.35177 1.4091 1.4091 0 0 0 0 0 0 0 0 0 0 0 0 0 1.4091 0 0 0 0 0 0 0 0 0 0 0 0 0 0 0 1.4091 0 0 0 0 0 0 0 0 0 0 0 0 0 0 0 0 0 0 0 
0 0 0 0 0 0.857685 0 0 0 0.857685 0 0 0.857685 -8.91401 0 2.11365 0 0 0 0 0 0 0 0 0 0 0 0 0 2.11365 0 0 0 0 0 0 0 0 0 0 0 0 0 0 0 2.11365 0 0 0 0 0 0 0 0 0 0 0 0 0 0 0 0 0 0 
0 0 0 0 0 0 0.857685 0 0 0 0.857685 0 0.857685 0 -8.91401 2.11365 0 0 0 0 0 0 0 0 0 0 0 0 0 0 2.11365 0 0 0 0 0 0 0 0 0 0 0 0 0 0 0 2.11365 0 0 0 0 0 0 0 0 0 0 0 0 0 0 0 0 0 
0 0 0 0 0 0 0 0.857685 0 0 0 0.857685 0 0.857685 0.857685 -9.06714 0 0 0 0 0 0 0 0 0 0 0 0 0 0 0 2.8182 0 0 0 0 0 0 0 0 0 0 0 0 0 0 0 2.8182 0 0 0 0 0 0 0 0 0 0 0 0 0 0 0 0 
0.857685 0 0 0 0 0 0 0 0 0 0 0 0 0 0 0 -4.38044 0.70455 0.70455 0 0.70455 0 0 0 0.70455 0 0 0 0 0 0 0 0 0 0 0 0 0 0 0 0 0 0 0 0 0 0 0 0.70455 0 0 0 0 0 0 0 0 0 0 0 0 0 0 0 
0 0.857685 0 0 0 0 0 0 0 0 0 0 0 0 0 0 0.857685 -7.35177 0 1.4091 0 1.4091 0 0 0 1.4091 0 0 0 0 0 0 0 0 0 0 0 0 0 0 0 0 0 0 0 0 0 0 0 1.4091 0 0 0 0 0 0 0 0 0 0 0 0 0 0 
0 0 0.857685 0 0 0 0 0 0 0 0 0 0 0 0 0 0.857685 0 -7.35177 1.4091 0 0 1.4091 0 0 0 1.4091 0 0 0 0 0 0 0 0 0 0 0 0 0 0 0 0 0 0 0 0 0 0 0 1.4091 0 0 0 0 0 0 0 0 0 0 0 0 0 
0 0 0 0.857685 0 0 0 0 0 0 0 0 0 0 0 0 0 0.857685 0.857685 -8.91401 0 0 0 2.11365 0 0 0 2.11365 0 0 0 0 0 0 0 0 0 0 0 0 0 0 0 0 0 0 0 0 0 0 0 2.11365 0 0 0 0 0 0 0 0 0 0 0 0 
0 0 0 0 0.857685 0 0 0 0 0 0 0 0 0 0 0 0.857685 0 0 0 -7.35177 1.4091 1.4091 0 0 0 0 0 1.4091 0 0 0 0 0 0 0 0 0 0 0 0 0 0 0 0 0 0 0 0 0 0 0 1.4091 0 0 0 0 0 0 0 0 0 0 0 
0 0 0 0 0 0.857685 0 0 0 0 0 0 0 0 0 0 0 0.857685 0 0 0.857685 -8.91401 0 2.11365 0 0 0 0 0 2.11365 0 0 0 0 0 0 0 0 0 0 0 0 0 0 0 0 0 0 0 0 0 0 0 2.11365 0 0 0 0 0 0 0 0 0 0 
0 0 0 0 0 0 0.857685 0 0 0 0 0 0 0 0 0 0 0 0.857685 0 0.857685 0 -8.91401 2.11365 0 0 0 0 0 0 2.11365 0 0 0 0 0 0 0 0 0 0 0 0 0 0 0 0 0 0 0 0 0 0 0 2.11365 0 0 0 0 0 0 0 0 0 
0 0 0 0 0 0 0 0.857685 0 0 0 0 0 0 0 0 0 0 0 0.857685 0 0.857685 0.857685 -9.06714 0 0 0 0 0 0 0 2.8182 0 0 0 0 0 0 0 0 0 0 0 0 0 0 0 0 0 0 0 0 0 0 0 2.8182 0 0 0 0 0 0 0 0 
0 0 0 0 0 0 0 0 0.857685 0 0 0 0 0 0 0 0.857685 0 0 0 0 0 0 0 -7.35177 1.4091 1.4091 0 1.4091 0 0 0 0 0 0 0 0 0 0 0 0 0 0 0 0 0 0 0 0 0 0 0 0 0 0 0 1.4091 0 0 0 0 0 0 0 
0 0 0 0 0 0 0 0 0 0.857685 0 0 0 0 0 0 0 0.857685 0 0 0 0 0 0 0.857685 -8.91401 0 2.11365 0 2.11365 0 0 0 0 0 0 0 0 0 0 0 0 0 0 0 0 0 0 0 0 0 0 0 0 0 0 0 2.11365 0 0 0 0 0 0 
0 0 0 0 0 0 0 0 0 0 0.857685 0 0 0 0 0 0 0 0.857685 0 0 0 0 0 0.857685 0 -8.91401 2.11365 0 0 2.11365 0 0 0 0 0 0 0 0 0 0 0 0 0 0 0 0 0 0 0 0 0 0 0 0 0 0 0 2.11365 0 0 0 0 0 
0 0 0 0 0 0 0 0 0 0 0 0.857685 0 0 0 0 0 0 0 0.857685 0 0 0 0 0 0.857685 0.857685 -9.06714 0 0 0 2.8182 0 0 0 0 0 0 0 0 0 0 0 0 0 0 0 0 0 0 0 0 0 0 0 0 0 0 0 2.8182 0 0 0 0 
0 0 0 0 0 0 0 0 0 0 0 0 0.857685 0 0 0 0 0 0 0 0.857685 0 0 0 0.857685 0 0 0 -8.91401 2.11365 2.11365 0 0 0 0 0 0 0 0 0 0 0 0 0 0 0 0 0 0 0 0 0 0 0 0 0 0 0 0 0 2.11365 0 0 0 
0 0 0 0 0 0 0 0 0 0 0 0 0 0.857685 0 0 0 0 0 0 0 0.857685 0 0 0 0.857685 0 0 0.857685 -9.06714 0 2.8182 0 0 0 0 0 0 0 0 0 0 0 0 0 0 0 0 0 0 0 0 0 0 0 0 0 0 0 0 0 2.8182 0 0 
0 0 0 0 0 0 0 0 0 0 0 0 0 0 0.857685 0 0 0 0 0 0 0 0.857685 0 0 0 0.857685 0 0.857685 0 -9.06714 2.8182 0 0 0 0 0 0 0 0 0 0 0 0 0 0 0 0 0 0 0 0 0 0 0 0 0 0 0 0 0 0 2.8182 0 
0 0 0 0 0 0 0 0 0 0 0 0 0 0 0 0.857685 0 0 0 0 0 0 0 0.857685 0 0 0 0.857685 0 0.857685 0.857685 -7.81118 0 0 0 0 0 0 0 0 0 0 0 0 0 0 0 0 0 0 0 0 0 0 0 0 0 0 0 0 0 0 0 3.52275 
0.857685 0 0 0 0 0 0 0 0 0 0 0 0 0 0 0 0 0 0 0 0 0 0 0 0 0 0 0 0 0 0 0 -4.38044 0.70455 0.70455 0 0.70455 0 0 0 0.70455 0 0 0 0 0 0 0 0.70455 0 0 0 0 0 0 0 0 0 0 0 0 0 0 0 
0 0.857685 0 0 0 0 0 0 0 0 0 0 0 0 0 0 0 0 0 0 0 0 0 0 0 0 0 0 0 0 0 0 0.857685 -7.35177 0 1.4091 0 1.4091 0 0 0 1.4091 0 0 0 0 0 0 0 1.4091 0 0 0 0 0 0 0 0 0 0 0 0 0 0 
0 0 0.857685 0 0 0 0 0 0 0 0 0 0 0 0 0 0 0 0 0 0 0 0 0 0 0 0 0 0 0 0 0 0.857685 0 -7.35177 1.4091 0 0 1.4091 0 0 0 1.4091 0 0 0 0 0 0 0 1.4091 0 0 0 0 0 0 0 0 0 0 0 0 0 
0 0 0 0.857685 0 0 0 0 0 0 0 0 0 0 0 0 0 0 0 0 0 0 0 0 0 0 0 0 0 0 0 0 0 0.857685 0.857685 -8.91401 0 0 0 2.11365 0 0 0 2.11365 0 0 0 0 0 0 0 2.11365 0 0 0 0 0 0 0 0 0 0 0 0 
0 0 0 0 0.857685 0 0 0 0 0 0 0 0 0 0 0 0 0 0 0 0 0 0 0 0 0 0 0 0 0 0 0 0.857685 0 0 0 -7.35177 1.4091 1.4091 0 0 0 0 0 1.4091 0 0 0 0 0 0 0 1.4091 0 0 0 0 0 0 0 0 0 0 0 
0 0 0 0 0 0.857685 0 0 0 0 0 0 0 0 0 0 0 0 0 0 0 0 0 0 0 0 0 0 0 0 0 0 0 0.857685 0 0 0.857685 -8.91401 0 2.11365 0 0 0 0 0 2.11365 0 0 0 0 0 0 0 2.11365 0 0 0 0 0 0 0 0 0 0 
0 0 0 0 0 0 0.857685 0 0 0 0 0 0 0 0 0 0 0 0 0 0 0 0 0 0 0 0 0 0 0 0 0 0 0 0.857685 0 0.857685 0 -8.91401 2.11365 0 0 0 0 0 0 2.11365 0 0 0 0 0 0 0 2.11365 0 0 0 0 0 0 0 0 0 
0 0 0 0 0 0 0 0.857685 0 0 0 0 0 0 0 0 0 0 0 0 0 0 0 0 0 0 0 0 0 0 0 0 0 0 0 0.857685 0 0.857685 0.857685 -9.06714 0 0 0 0 0 0 0 2.8182 0 0 0 0 0 0 0 2.8182 0 0 0 0 0 0 0 0 
0 0 0 0 0 0 0 0 0.857685 0 0 0 0 0 0 0 0 0 0 0 0 0 0 0 0 0 0 0 0 0 0 0 0.857685 0 0 0 0 0 0 0 -7.35177 1.4091 1.4091 0 1.4091 0 0 0 0 0 0 0 0 0 0 0 1.4091 0 0 0 0 0 0 0 
0 0 0 0 0 0 0 0 0 0.857685 0 0 0 0 0 0 0 0 0 0 0 0 0 0 0 0 0 0 0 0 0 0 0 0.857685 0 0 0 0 0 0 0.857685 -8.91401 0 2.11365 0 2.11365 0 0 0 0 0 0 0 0 0 0 0 2.11365 0 0 0 0 0 0 
0 0 0 0 0 0 0 0 0 0 0.857685 0 0 0 0 0 0 0 0 0 0 0 0 0 0 0 0 0 0 0 0 0 0 0 0.857685 0 0 0 0 0 0.857685 0 -8.91401 2.11365 0 0 2.11365 0 0 0 0 0 0 0 0 0 0 0 2.11365 0 0 0 0 0 
0 0 0 0 0 0 0 0 0 0 0 0.857685 0 0 0 0 0 0 0 0 0 0 0 0 0 0 0 0 0 0 0 0 0 0 0 0.857685 0 0 0 0 0 0.857685 0.857685 -9.06714 0 0 0 2.8182 0 0 0 0 0 0 0 0 0 0 0 2.8182 0 0 0 0 
0 0 0 0 0 0 0 0 0 0 0 0 0.857685 0 0 0 0 0 0 0 0 0 0 0 0 0 0 0 0 0 0 0 0 0 0 0 0.857685 0 0 0 0.857685 0 0 0 -8.91401 2.11365 2.11365 0 0 0 0 0 0 0 0 0 0 0 0 0 2.11365 0 0 0 
0 0 0 0 0 0 0 0 0 0 0 0 0 0.857685 0 0 0 0 0 0 0 0 0 0 0 0 0 0 0 0 0 0 0 0 0 0 0 0.857685 0 0 0 0.857685 0 0 0.857685 -9.06714 0 2.8182 0 0 0 0 0 0 0 0 0 0 0 0 0 2.8182 0 0 
0 0 0 0 0 0 0 0 0 0 0 0 0 0 0.857685 0 0 0 0 0 0 0 0 0 0 0 0 0 0 0 0 0 0 0 0 0 0 0 0.857685 0 0 0 0.857685 0 0.857685 0 -9.06714 2.8182 0 0 0 0 0 0 0 0 0 0 0 0 0 0 2.8182 0 
0 0 0 0 0 0 0 0 0 0 0 0 0 0 0 0.857685 0 0 0 0 0 0 0 0 0 0 0 0 0 0 0 0 0 0 0 0 0 0 0 0.857685 0 0 0 0.857685 0 0.857685 0.857685 -7.81118 0 0 0 0 0 0 0 0 0 0 0 0 0 0 0 3.52275 
0 0 0 0 0 0 0 0 0 0 0 0 0 0 0 0 0.857685 0 0 0 0 0 0 0 0 0 0 0 0 0 0 0 0.857685 0 0 0 0 0 0 0 0 0 0 0 0 0 0 0 -7.35177 1.4091 1.4091 0 1.4091 0 0 0 1.4091 0 0 0 0 0 0 0 
0 0 0 0 0 0 0 0 0 0 0 0 0 0 0 0 0 0.857685 0 0 0 0 0 0 0 0 0 0 0 0 0 0 0 0.857685 0 0 0 0 0 0 0 0 0 0 0 0 0 0 0.857685 -8.91401 0 2.11365 0 2.11365 0 0 0 2.11365 0 0 0 0 0 0 
0 0 0 0 0 0 0 0 0 0 0 0 0 0 0 0 0 0 0.857685 0 0 0 0 0 0 0 0 0 0 0 0 0 0 0 0.857685 0 0 0 0 0 0 0 0 0 0 0 0 0 0.857685 0 -8.91401 2.11365 0 0 2.11365 0 0 0 2.11365 0 0 0 0 0 
0 0 0 0 0 0 0 0 0 0 0 0 0 0 0 0 0 0 0 0.857685 0 0 0 0 0 0 0 0 0 0 0 0 0 0 0 0.857685 0 0 0 0 0 0 0 0 0 0 0 0 0 0.857685 0.857685 -9.06714 0 0 0 2.8182 0 0 0 2.8182 0 0 0 0 
0 0 0 0 0 0 0 0 0 0 0 0 0 0 0 0 0 0 0 0 0.857685 0 0 0 0 0 0 0 0 0 0 0 0 0 0 0 0.857685 0 0 0 0 0 0 0 0 0 0 0 0.857685 0 0 0 -8.91401 2.11365 2.11365 0 0 0 0 0 2.11365 0 0 0 
0 0 0 0 0 0 0 0 0 0 0 0 0 0 0 0 0 0 0 0 0 0.857685 0 0 0 0 0 0 0 0 0 0 0 0 0 0 0 0.857685 0 0 0 0 0 0 0 0 0 0 0 0.857685 0 0 0.857685 -9.06714 0 2.8182 0 0 0 0 0 2.8182 0 0 
0 0 0 0 0 0 0 0 0 0 0 0 0 0 0 0 0 0 0 0 0 0 0.857685 0 0 0 0 0 0 0 0 0 0 0 0 0 0 0 0.857685 0 0 0 0 0 0 0 0 0 0 0 0.857685 0 0.857685 0 -9.06714 2.8182 0 0 0 0 0 0 2.8182 0 
0 0 0 0 0 0 0 0 0 0 0 0 0 0 0 0 0 0 0 0 0 0 0 0.857685 0 0 0 0 0 0 0 0 0 0 0 0 0 0 0 0.857685 0 0 0 0 0 0 0 0 0 0 0 0.857685 0 0.857685 0.857685 -7.81118 0 0 0 0 0 0 0 3.52275 
0 0 0 0 0 0 0 0 0 0 0 0 0 0 0 0 0 0 0 0 0 0 0 0 0.857685 0 0 0 0 0 0 0 0 0 0 0 0 0 0 0 0.857685 0 0 0 0 0 0 0 0.857685 0 0 0 0 0 0 0 -8.91401 2.11365 2.11365 0 2.11365 0 0 0 
0 0 0 0 0 0 0 0 0 0 0 0 0 0 0 0 0 0 0 0 0 0 0 0 0 0.857685 0 0 0 0 0 0 0 0 0 0 0 0 0 0 0 0.857685 0 0 0 0 0 0 0 0.857685 0 0 0 0 0 0 0.857685 -9.06714 0 2.8182 0 2.8182 0 0 
0 0 0 0 0 0 0 0 0 0 0 0 0 0 0 0 0 0 0 0 0 0 0 0 0 0 0.857685 0 0 0 0 0 0 0 0 0 0 0 0 0 0 0 0.857685 0 0 0 0 0 0 0 0.857685 0 0 0 0 0 0.857685 0 -9.06714 2.8182 0 0 2.8182 0 
0 0 0 0 0 0 0 0 0 0 0 0 0 0 0 0 0 0 0 0 0 0 0 0 0 0 0 0.857685 0 0 0 0 0 0 0 0 0 0 0 0 0 0 0 0.857685 0 0 0 0 0 0 0 0.857685 0 0 0 0 0 0.857685 0.857685 -7.81118 0 0 0 3.52275 
0 0 0 0 0 0 0 0 0 0 0 0 0 0 0 0 0 0 0 0 0 0 0 0 0 0 0 0 0.857685 0 0 0 0 0 0 0 0 0 0 0 0 0 0 0 0.857685 0 0 0 0 0 0 0 0.857685 0 0 0 0.857685 0 0 0 -9.06714 2.8182 2.8182 0 
0 0 0 0 0 0 0 0 0 0 0 0 0 0 0 0 0 0 0 0 0 0 0 0 0 0 0 0 0 0.857685 0 0 0 0 0 0 0 0 0 0 0 0 0 0 0 0.857685 0 0 0 0 0 0 0 0.857685 0 0 0 0.857685 0 0 0.857685 -7.81118 0 3.52275 
0 0 0 0 0 0 0 0 0 0 0 0 0 0 0 0 0 0 0 0 0 0 0 0 0 0 0 0 0 0 0.857685 0 0 0 0 0 0 0 0 0 0 0 0 0 0 0 0.857685 0 0 0 0 0 0 0 0.857685 0 0 0 0.857685 0 0.857685 0 -7.81118 3.52275 
0 0 0 0 0 0 0 0 0 0 0 0 0 0 0 0 0 0 0 0 0 0 0 0 0 0 0 0 0 0 0 0.857685 0 0 0 0 0 0 0 0 0 0 0 0 0 0 0 0.857685 0 0 0 0 0 0 0 0.857685 0 0 0 0.857685 0 0.857685 0.857685 -5.14611 
