32
-0 0 0 0 0 0 0 0 0 0 0 0 0 0 0 0 0 0 0 0 0 0 0 0 0 0 0 0 0 0 0 0 
0.445303 -2.45113 0 0.501456 0 0.501456 0 0 0 0.501456 0 0 0 0 0 0 0 0.501456 0 0 0 0 0 0 0 0 0 0 0 0 0 0 
0.445303 0 -2.45113 0.501456 0 0 0.501456 0 0 0 0.501456 0 0 0 0 0 0 0 0.501456 0 0 0 0 0 0 0 0 0 0 0 0 0 
0 0.445303 0.445303 -3.89934 0 0 0 1.00291 0 0 0 1.00291 0 0 0 0 0 0 0 1.00291 0 0 0 0 0 0 0 0 0 0 0 0 
0.445303 0 0 0 -2.45113 0.501456 0.501456 0 0 0 0 0 0.501456 0 0 0 0 0 0 0 0.501456 0 0 0 0 0 0 0 0 0 0 0 
0 0.445303 0 0 0.445303 -3.89934 0 1.00291 0 0 0 0 0 1.00291 0 0 0 0 0 0 0 1.00291 0 0 0 0 0 0 0 0 0 0 
0 0 0.445303 0 0.445303 0 -3.89934 1.00291 0 0 0 0 0 0 1.00291 0 0 0 0 0 0 0 1.00291 0 0 0 0 0 0 0 0 0 
0 0 0 0.445303 0 0.445303 0.445303 -4.34464 0 0 0 0 0 0 0 1.50437 0 0 0 0 0 0 0 1.50437 0 0 0 0 0 0 0 0 
0.445303 0 0 0 0 0 0 0 -2.45113 0.501456 0.501456 0 0.501456 0 0 0 0 0 0 0 0 0 0 0 0.501456 0 0 0 0 0 0 0 
0 0.445303 0 0 0 0 0 0 0.445303 -3.89934 0 1.00291 0 1.00291 0 0 0 0 0 0 0 0 0 0 0 1.00291 0 0 0 0 0 0 
0 0 0.445303 0 0 0 0 0 0.445303 0 -3.89934 1.00291 0 0 1.00291 0 0 0 0 0 0 0 0 0 0 0 1.00291 0 0 0 0 0 
0 0 0 0.445303 0 0 0 0 0 0.445303 0.445303 -4.34464 0 0 0 1.50437 0 0 0 0 0 0 0 0 0 0 0 1.50437 0 0 0 0 
0 0 0 0 0.445303 0 0 0 0.445303 0 0 0 -3.89934 1.00291 1.00291 0 0 0 0 0 0 0 0 0 0 0 0 0 1.00291 0 0 0 
0 0 0 0 0 0.445303 0 0 0 0.445303 0 0 0.445303 -4.34464 0 1.50437 0 0 0 0 0 0 0 0 0 0 0 0 0 1.50437 0 0 
0 0 0 0 0 0 0.445303 0 0 0 0.445303 0 0.445303 0 -4.34464 1.50437 0 0 0 0 0 0 0 0 0 0 0 0 0 0 1.50437 0 
0 0 0 0 0 0 0 0.445303 0 0 0 0.445303 0 0.445303 0.445303 -3.78703 0 0 0 0 0 0 0 0 0 0 0 0 0 0 0 2.00582 
0.445303 0 0 0 0 0 0 0 0 0 0 0 0 0 0 0 -2.45113 0.501456 0.501456 0 0.501456 0 0 0 0.501456 0 0 0 0 0 0 0 
0 0.445303 0 0 0 0 0 0 0 0 0 0 0 0 0 0 0.445303 -3.89934 0 1.00291 0 1.00291 0 0 0 1.00291 0 0 0 0 0 0 
0 0 0.445303 0 0 0 0 0 0 0 0 0 0 0 0 0 0.445303 0 -3.89934 1.00291 0 0 1.00291 0 0 0 1.00291 0 0 0 0 0 
0 0 0 0.445303 0 0 0 0 0 0 0 0 0 0 0 0 0 0.445303 0.445303 -4.34464 0 0 0 1.50437 0 0 0 1.50437 0 0 0 0 
0 0 0 0 0.445303 0 0 0 0 0 0 0 0 0 0 0 0.445303 0 0 0 -3.89934 1.00291 1.00291 0 0 0 0 0 1.00291 0 0 0 
0 0 0 0 0 0.445303 0 0 0 0 0 0 0 0 0 0 0 0.445303 0 0 0.445303 -4.34464 0 1.50437 0 0 0 0 0 1.50437 0 0 
0 0 0 0 0 0 0.445303 0 0 0 0 0 0 0 0 0 0 0 0.445303 0 0.445303 0 -4.34464 1.50437 0 0 0 0 0 0 1.50437 0 
0 0 0 0 0 0 0 0.445303 0 0 0 0 0 0 0 0 0 0 0 0.445303 0 0.445303 0.445303 -3.78703 0 0 0 0 0 0 0 2.00582 
0 0 0 0 0 0 0 0 0.445303 0 0 0 0 0 0 0 0.445303 0 0 0 0 0 0 0 -3.89934 1.00291 1.00291 0 1.00291 0 0 0 
0 0 0 0 0 0 0 0 0 0.445303 0 0 0 0 0 0 0 0.445303 0 0 0 0 0 0 0.445303 -4.34464 0 1.50437 0 1.50437 0 0 
0 0 0 0 0 0 0 0 0 0 0.445303 0 0 0 0 0 0 0 0.445303 0 0 0 0 0 0.445303 0 -4.34464 1.50437 0 0 1.50437 0 
0 0 0 0 0 0 0 0 0 0 0 0.445303 0 0 0 0 0 0 0 0.445303 0 0 0 0 0 0.445303 0.445303 -3.78703 0 0 0 2.00582 
0 0 0 0 0 0 0 0 0 0 0 0 0.445303 0 0 0 0 0 0 0 0.445303 0 0 0 0.445303 0 0 0 -4.34464 1.50437 1.50437 0 
0 0 0 0 0 0 0 0 0 0 0 0 0 0.445303 0 0 0 0 0 0 0 0.445303 0 0 0 0.445303 0 0 0.445303 -3.78703 0 2.00582 
0 0 0 0 0 0 0 0 0 0 0 0 0 0 0.445303 0 0 0 0 0 0 0 0.445303 0 0 0 0.445303 0 0.445303 0 -3.78703 2.00582 
0 0 0 0 0 0 0 0 0 0 0 0 0 0 0 0.445303 0 0 0 0 0 0 0 0.445303 0 0 0 0.445303 0 0.445303 0.445303 -2.22651 
