64
-0 0 0 0 0 0 0 0 0 0 0 0 0 0 0 0 0 0 0 0 0 0 0 0 0 0 0 0 0 0 0 0 0 0 0 0 0 0 0 0 0 0 0 0 0 0 0 0 0 0 0 0 0 0 0 0 0 0 0 0 0 0 0 0 
0.382614 -2.23481 0 0.370439 0 0.370439 0 0 0 0.370439 0 0 0 0 0 0 0 0.370439 0 0 0 0 0 0 0 0 0 0 0 0 0 0 0 0.370439 0 0 0 0 0 0 0 0 0 0 0 0 0 0 0 0 0 0 0 0 0 0 0 0 0 0 0 0 0 0 
0.382614 0 -2.23481 0.370439 0 0 0.370439 0 0 0 0.370439 0 0 0 0 0 0 0 0.370439 0 0 0 0 0 0 0 0 0 0 0 0 0 0 0 0.370439 0 0 0 0 0 0 0 0 0 0 0 0 0 0 0 0 0 0 0 0 0 0 0 0 0 0 0 0 0 
0 0.382614 0.382614 -3.72874 0 0 0 0.740878 0 0 0 0.740878 0 0 0 0 0 0 0 0.740878 0 0 0 0 0 0 0 0 0 0 0 0 0 0 0 0.740878 0 0 0 0 0 0 0 0 0 0 0 0 0 0 0 0 0 0 0 0 0 0 0 0 0 0 0 0 
0.382614 0 0 0 -2.23481 0.370439 0.370439 0 0 0 0 0 0.370439 0 0 0 0 0 0 0 0.370439 0 0 0 0 0 0 0 0 0 0 0 0 0 0 0 0.370439 0 0 0 0 0 0 0 0 0 0 0 0 0 0 0 0 0 0 0 0 0 0 0 0 0 0 0 
0 0.382614 0 0 0.382614 -3.72874 0 0.740878 0 0 0 0 0 0.740878 0 0 0 0 0 0 0 0.740878 0 0 0 0 0 0 0 0 0 0 0 0 0 0 0 0.740878 0 0 0 0 0 0 0 0 0 0 0 0 0 0 0 0 0 0 0 0 0 0 0 0 0 0 
0 0 0.382614 0 0.382614 0 -3.72874 0.740878 0 0 0 0 0 0 0.740878 0 0 0 0 0 0 0 0.740878 0 0 0 0 0 0 0 0 0 0 0 0 0 0 0 0.740878 0 0 0 0 0 0 0 0 0 0 0 0 0 0 0 0 0 0 0 0 0 0 0 0 0 
0 0 0 0.382614 0 0.382614 0.382614 -4.48179 0 0 0 0 0 0 0 1.11132 0 0 0 0 0 0 0 1.11132 0 0 0 0 0 0 0 0 0 0 0 0 0 0 0 1.11132 0 0 0 0 0 0 0 0 0 0 0 0 0 0 0 0 0 0 0 0 0 0 0 0 
0.382614 0 0 0 0 0 0 0 -2.23481 0.370439 0.370439 0 0.370439 0 0 0 0 0 0 0 0 0 0 0 0.370439 0 0 0 0 0 0 0 0 0 0 0 0 0 0 0 0.370439 0 0 0 0 0 0 0 0 0 0 0 0 0 0 0 0 0 0 0 0 0 0 0 
0 0.382614 0 0 0 0 0 0 0.382614 -3.72874 0 0.740878 0 0.740878 0 0 0 0 0 0 0 0 0 0 0 0.740878 0 0 0 0 0 0 0 0 0 0 0 0 0 0 0 0.740878 0 0 0 0 0 0 0 0 0 0 0 0 0 0 0 0 0 0 0 0 0 0 
0 0 0.382614 0 0 0 0 0 0.382614 0 -3.72874 0.740878 0 0 0.740878 0 0 0 0 0 0 0 0 0 0 0 0.740878 0 0 0 0 0 0 0 0 0 0 0 0 0 0 0 0.740878 0 0 0 0 0 0 0 0 0 0 0 0 0 0 0 0 0 0 0 0 0 
0 0 0 0.382614 0 0 0 0 0 0.382614 0.382614 -4.48179 0 0 0 1.11132 0 0 0 0 0 0 0 0 0 0 0 1.11132 0 0 0 0 0 0 0 0 0 0 0 0 0 0 0 1.11132 0 0 0 0 0 0 0 0 0 0 0 0 0 0 0 0 0 0 0 0 
0 0 0 0 0.382614 0 0 0 0.382614 0 0 0 -3.72874 0.740878 0.740878 0 0 0 0 0 0 0 0 0 0 0 0 0 0.740878 0 0 0 0 0 0 0 0 0 0 0 0 0 0 0 0.740878 0 0 0 0 0 0 0 0 0 0 0 0 0 0 0 0 0 0 0 
0 0 0 0 0 0.382614 0 0 0 0.382614 0 0 0.382614 -4.48179 0 1.11132 0 0 0 0 0 0 0 0 0 0 0 0 0 1.11132 0 0 0 0 0 0 0 0 0 0 0 0 0 0 0 1.11132 0 0 0 0 0 0 0 0 0 0 0 0 0 0 0 0 0 0 
0 0 0 0 0 0 0.382614 0 0 0 0.382614 0 0.382614 0 -4.48179 1.11132 0 0 0 0 0 0 0 0 0 0 0 0 0 0 1.11132 0 0 0 0 0 0 0 0 0 0 0 0 0 0 0 1.11132 0 0 0 0 0 0 0 0 0 0 0 0 0 0 0 0 0 
0 0 0 0 0 0 0 0.382614 0 0 0 0.382614 0 0.382614 0.382614 -4.49397 0 0 0 0 0 0 0 0 0 0 0 0 0 0 0 1.48176 0 0 0 0 0 0 0 0 0 0 0 0 0 0 0 1.48176 0 0 0 0 0 0 0 0 0 0 0 0 0 0 0 0 
0.382614 0 0 0 0 0 0 0 0 0 0 0 0 0 0 0 -2.23481 0.370439 0.370439 0 0.370439 0 0 0 0.370439 0 0 0 0 0 0 0 0 0 0 0 0 0 0 0 0 0 0 0 0 0 0 0 0.370439 0 0 0 0 0 0 0 0 0 0 0 0 0 0 0 
0 0.382614 0 0 0 0 0 0 0 0 0 0 0 0 0 0 0.382614 -3.72874 0 0.740878 0 0.740878 0 0 0 0.740878 0 0 0 0 0 0 0 0 0 0 0 0 0 0 0 0 0 0 0 0 0 0 0 0.740878 0 0 0 0 0 0 0 0 0 0 0 0 0 0 
0 0 0.382614 0 0 0 0 0 0 0 0 0 0 0 0 0 0.382614 0 -3.72874 0.740878 0 0 0.740878 0 0 0 0.740878 0 0 0 0 0 0 0 0 0 0 0 0 0 0 0 0 0 0 0 0 0 0 0 0.740878 0 0 0 0 0 0 0 0 0 0 0 0 0 
0 0 0 0.382614 0 0 0 0 0 0 0 0 0 0 0 0 0 0.382614 0.382614 -4.48179 0 0 0 1.11132 0 0 0 1.11132 0 0 0 0 0 0 0 0 0 0 0 0 0 0 0 0 0 0 0 0 0 0 0 1.11132 0 0 0 0 0 0 0 0 0 0 0 0 
0 0 0 0 0.382614 0 0 0 0 0 0 0 0 0 0 0 0.382614 0 0 0 -3.72874 0.740878 0.740878 0 0 0 0 0 0.740878 0 0 0 0 0 0 0 0 0 0 0 0 0 0 0 0 0 0 0 0 0 0 0 0.740878 0 0 0 0 0 0 0 0 0 0 0 
0 0 0 0 0 0.382614 0 0 0 0 0 0 0 0 0 0 0 0.382614 0 0 0.382614 -4.48179 0 1.11132 0 0 0 0 0 1.11132 0 0 0 0 0 0 0 0 0 0 0 0 0 0 0 0 0 0 0 0 0 0 0 1.11132 0 0 0 0 0 0 0 0 0 0 
0 0 0 0 0 0 0.382614 0 0 0 0 0 0 0 0 0 0 0 0.382614 0 0.382614 0 -4.48179 1.11132 0 0 0 0 0 0 1.11132 0 0 0 0 0 0 0 0 0 0 0 0 0 0 0 0 0 0 0 0 0 0 0 1.11132 0 0 0 0 0 0 0 0 0 
0 0 0 0 0 0 0 0.382614 0 0 0 0 0 0 0 0 0 0 0 0.382614 0 0.382614 0.382614 -4.49397 0 0 0 0 0 0 0 1.48176 0 0 0 0 0 0 0 0 0 0 0 0 0 0 0 0 0 0 0 0 0 0 0 1.48176 0 0 0 0 0 0 0 0 
0 0 0 0 0 0 0 0 0.382614 0 0 0 0 0 0 0 0.382614 0 0 0 0 0 0 0 -3.72874 0.740878 0.740878 0 0.740878 0 0 0 0 0 0 0 0 0 0 0 0 0 0 0 0 0 0 0 0 0 0 0 0 0 0 0 0.740878 0 0 0 0 0 0 0 
0 0 0 0 0 0 0 0 0 0.382614 0 0 0 0 0 0 0 0.382614 0 0 0 0 0 0 0.382614 -4.48179 0 1.11132 0 1.11132 0 0 0 0 0 0 0 0 0 0 0 0 0 0 0 0 0 0 0 0 0 0 0 0 0 0 0 1.11132 0 0 0 0 0 0 
0 0 0 0 0 0 0 0 0 0 0.382614 0 0 0 0 0 0 0 0.382614 0 0 0 0 0 0.382614 0 -4.48179 1.11132 0 0 1.11132 0 0 0 0 0 0 0 0 0 0 0 0 0 0 0 0 0 0 0 0 0 0 0 0 0 0 0 1.11132 0 0 0 0 0 
0 0 0 0 0 0 0 0 0 0 0 0.382614 0 0 0 0 0 0 0 0.382614 0 0 0 0 0 0.382614 0.382614 -4.49397 0 0 0 1.48176 0 0 0 0 0 0 0 0 0 0 0 0 0 0 0 0 0 0 0 0 0 0 0 0 0 0 0 1.48176 0 0 0 0 
0 0 0 0 0 0 0 0 0 0 0 0 0.382614 0 0 0 0 0 0 0 0.382614 0 0 0 0.382614 0 0 0 -4.48179 1.11132 1.11132 0 0 0 0 0 0 0 0 0 0 0 0 0 0 0 0 0 0 0 0 0 0 0 0 0 0 0 0 0 1.11132 0 0 0 
0 0 0 0 0 0 0 0 0 0 0 0 0 0.382614 0 0 0 0 0 0 0 0.382614 0 0 0 0.382614 0 0 0.382614 -4.49397 0 1.48176 0 0 0 0 0 0 0 0 0 0 0 0 0 0 0 0 0 0 0 0 0 0 0 0 0 0 0 0 0 1.48176 0 0 
0 0 0 0 0 0 0 0 0 0 0 0 0 0 0.382614 0 0 0 0 0 0 0 0.382614 0 0 0 0.382614 0 0.382614 0 -4.49397 1.48176 0 0 0 0 0 0 0 0 0 0 0 0 0 0 0 0 0 0 0 0 0 0 0 0 0 0 0 0 0 0 1.48176 0 
0 0 0 0 0 0 0 0 0 0 0 0 0 0 0 0.382614 0 0 0 0 0 0 0 0.382614 0 0 0 0.382614 0 0.382614 0.382614 -3.76527 0 0 0 0 0 0 0 0 0 0 0 0 0 0 0 0 0 0 0 0 0 0 0 0 0 0 0 0 0 0 0 1.85219 
0.382614 0 0 0 0 0 0 0 0 0 0 0 0 0 0 0 0 0 0 0 0 0 0 0 0 0 0 0 0 0 0 0 -2.23481 0.370439 0.370439 0 0.370439 0 0 0 0.370439 0 0 0 0 0 0 0 0.370439 0 0 0 0 0 0 0 0 0 0 0 0 0 0 0 
0 0.382614 0 0 0 0 0 0 0 0 0 0 0 0 0 0 0 0 0 0 0 0 0 0 0 0 0 0 0 0 0 0 0.382614 -3.72874 0 0.740878 0 0.740878 0 0 0 0.740878 0 0 0 0 0 0 0 0.740878 0 0 0 0 0 0 0 0 0 0 0 0 0 0 
0 0 0.382614 0 0 0 0 0 0 0 0 0 0 0 0 0 0 0 0 0 0 0 0 0 0 0 0 0 0 0 0 0 0.382614 0 -3.72874 0.740878 0 0 0.740878 0 0 0 0.740878 0 0 0 0 0 0 0 0.740878 0 0 0 0 0 0 0 0 0 0 0 0 0 
0 0 0 0.382614 0 0 0 0 0 0 0 0 0 0 0 0 0 0 0 0 0 0 0 0 0 0 0 0 0 0 0 0 0 0.382614 0.382614 -4.48179 0 0 0 1.11132 0 0 0 1.11132 0 0 0 0 0 0 0 1.11132 0 0 0 0 0 0 0 0 0 0 0 0 
0 0 0 0 0.382614 0 0 0 0 0 0 0 0 0 0 0 0 0 0 0 0 0 0 0 0 0 0 0 0 0 0 0 0.382614 0 0 0 -3.72874 0.740878 0.740878 0 0 0 0 0 0.740878 0 0 0 0 0 0 0 0.740878 0 0 0 0 0 0 0 0 0 0 0 
0 0 0 0 0 0.382614 0 0 0 0 0 0 0 0 0 0 0 0 0 0 0 0 0 0 0 0 0 0 0 0 0 0 0 0.382614 0 0 0.382614 -4.48179 0 1.11132 0 0 0 0 0 1.11132 0 0 0 0 0 0 0 1.11132 0 0 0 0 0 0 0 0 0 0 
0 0 0 0 0 0 0.382614 0 0 0 0 0 0 0 0 0 0 0 0 0 0 0 0 0 0 0 0 0 0 0 0 0 0 0 0.382614 0 0.382614 0 -4.48179 1.11132 0 0 0 0 0 0 1.11132 0 0 0 0 0 0 0 1.11132 0 0 0 0 0 0 0 0 0 
0 0 0 0 0 0 0 0.382614 0 0 0 0 0 0 0 0 0 0 0 0 0 0 0 0 0 0 0 0 0 0 0 0 0 0 0 0.382614 0 0.382614 0.382614 -4.49397 0 0 0 0 0 0 0 1.48176 0 0 0 0 0 0 0 1.48176 0 0 0 0 0 0 0 0 
0 0 0 0 0 0 0 0 0.382614 0 0 0 0 0 0 0 0 0 0 0 0 0 0 0 0 0 0 0 0 0 0 0 0.382614 0 0 0 0 0 0 0 -3.72874 0.740878 0.740878 0 0.740878 0 0 0 0 0 0 0 0 0 0 0 0.740878 0 0 0 0 0 0 0 
0 0 0 0 0 0 0 0 0 0.382614 0 0 0 0 0 0 0 0 0 0 0 0 0 0 0 0 0 0 0 0 0 0 0 0.382614 0 0 0 0 0 0 0.382614 -4.48179 0 1.11132 0 1.11132 0 0 0 0 0 0 0 0 0 0 0 1.11132 0 0 0 0 0 0 
0 0 0 0 0 0 0 0 0 0 0.382614 0 0 0 0 0 0 0 0 0 0 0 0 0 0 0 0 0 0 0 0 0 0 0 0.382614 0 0 0 0 0 0.382614 0 -4.48179 1.11132 0 0 1.11132 0 0 0 0 0 0 0 0 0 0 0 1.11132 0 0 0 0 0 
0 0 0 0 0 0 0 0 0 0 0 0.382614 0 0 0 0 0 0 0 0 0 0 0 0 0 0 0 0 0 0 0 0 0 0 0 0.382614 0 0 0 0 0 0.382614 0.382614 -4.49397 0 0 0 1.48176 0 0 0 0 0 0 0 0 0 0 0 1.48176 0 0 0 0 
0 0 0 0 0 0 0 0 0 0 0 0 0.382614 0 0 0 0 0 0 0 0 0 0 0 0 0 0 0 0 0 0 0 0 0 0 0 0.382614 0 0 0 0.382614 0 0 0 -4.48179 1.11132 1.11132 0 0 0 0 0 0 0 0 0 0 0 0 0 1.11132 0 0 0 
0 0 0 0 0 0 0 0 0 0 0 0 0 0.382614 0 0 0 0 0 0 0 0 0 0 0 0 0 0 0 0 0 0 0 0 0 0 0 0.382614 0 0 0 0.382614 0 0 0.382614 -4.49397 0 1.48176 0 0 0 0 0 0 0 0 0 0 0 0 0 1.48176 0 0 
0 0 0 0 0 0 0 0 0 0 0 0 0 0 0.382614 0 0 0 0 0 0 0 0 0 0 0 0 0 0 0 0 0 0 0 0 0 0 0 0.382614 0 0 0 0.382614 0 0.382614 0 -4.49397 1.48176 0 0 0 0 0 0 0 0 0 0 0 0 0 0 1.48176 0 
0 0 0 0 0 0 0 0 0 0 0 0 0 0 0 0.382614 0 0 0 0 0 0 0 0 0 0 0 0 0 0 0 0 0 0 0 0 0 0 0 0.382614 0 0 0 0.382614 0 0.382614 0.382614 -3.76527 0 0 0 0 0 0 0 0 0 0 0 0 0 0 0 1.85219 
0 0 0 0 0 0 0 0 0 0 0 0 0 0 0 0 0.382614 0 0 0 0 0 0 0 0 0 0 0 0 0 0 0 0.382614 0 0 0 0 0 0 0 0 0 0 0 0 0 0 0 -3.72874 0.740878 0.740878 0 0.740878 0 0 0 0.740878 0 0 0 0 0 0 0 
0 0 0 0 0 0 0 0 0 0 0 0 0 0 0 0 0 0.382614 0 0 0 0 0 0 0 0 0 0 0 0 0 0 0 0.382614 0 0 0 0 0 0 0 0 0 0 0 0 0 0 0.382614 -4.48179 0 1.11132 0 1.11132 0 0 0 1.11132 0 0 0 0 0 0 
0 0 0 0 0 0 0 0 0 0 0 0 0 0 0 0 0 0 0.382614 0 0 0 0 0 0 0 0 0 0 0 0 0 0 0 0.382614 0 0 0 0 0 0 0 0 0 0 0 0 0 0.382614 0 -4.48179 1.11132 0 0 1.11132 0 0 0 1.11132 0 0 0 0 0 
0 0 0 0 0 0 0 0 0 0 0 0 0 0 0 0 0 0 0 0.382614 0 0 0 0 0 0 0 0 0 0 0 0 0 0 0 0.382614 0 0 0 0 0 0 0 0 0 0 0 0 0 0.382614 0.382614 -4.49397 0 0 0 1.48176 0 0 0 1.48176 0 0 0 0 
0 0 0 0 0 0 0 0 0 0 0 0 0 0 0 0 0 0 0 0 0.382614 0 0 0 0 0 0 0 0 0 0 0 0 0 0 0 0.382614 0 0 0 0 0 0 0 0 0 0 0 0.382614 0 0 0 -4.48179 1.11132 1.11132 0 0 0 0 0 1.11132 0 0 0 
0 0 0 0 0 0 0 0 0 0 0 0 0 0 0 0 0 0 0 0 0 0.382614 0 0 0 0 0 0 0 0 0 0 0 0 0 0 0 0.382614 0 0 0 0 0 0 0 0 0 0 0 0.382614 0 0 0.382614 -4.49397 0 1.48176 0 0 0 0 0 1.48176 0 0 
0 0 0 0 0 0 0 0 0 0 0 0 0 0 0 0 0 0 0 0 0 0 0.382614 0 0 0 0 0 0 0 0 0 0 0 0 0 0 0 0.382614 0 0 0 0 0 0 0 0 0 0 0 0.382614 0 0.382614 0 -4.49397 1.48176 0 0 0 0 0 0 1.48176 0 
0 0 0 0 0 0 0 0 0 0 0 0 0 0 0 0 0 0 0 0 0 0 0 0.382614 0 0 0 0 0 0 0 0 0 0 0 0 0 0 0 0.382614 0 0 0 0 0 0 0 0 0 0 0 0.382614 0 0.382614 0.382614 -3.76527 0 0 0 0 0 0 0 1.85219 
0 0 0 0 0 0 0 0 0 0 0 0 0 0 0 0 0 0 0 0 0 0 0 0 0.382614 0 0 0 0 0 0 0 0 0 0 0 0 0 0 0 0.382614 0 0 0 0 0 0 0 0.382614 0 0 0 0 0 0 0 -4.48179 1.11132 1.11132 0 1.11132 0 0 0 
0 0 0 0 0 0 0 0 0 0 0 0 0 0 0 0 0 0 0 0 0 0 0 0 0 0.382614 0 0 0 0 0 0 0 0 0 0 0 0 0 0 0 0.382614 0 0 0 0 0 0 0 0.382614 0 0 0 0 0 0 0.382614 -4.49397 0 1.48176 0 1.48176 0 0 
0 0 0 0 0 0 0 0 0 0 0 0 0 0 0 0 0 0 0 0 0 0 0 0 0 0 0.382614 0 0 0 0 0 0 0 0 0 0 0 0 0 0 0 0.382614 0 0 0 0 0 0 0 0.382614 0 0 0 0 0 0.382614 0 -4.49397 1.48176 0 0 1.48176 0 
0 0 0 0 0 0 0 0 0 0 0 0 0 0 0 0 0 0 0 0 0 0 0 0 0 0 0 0.382614 0 0 0 0 0 0 0 0 0 0 0 0 0 0 0 0.382614 0 0 0 0 0 0 0 0.382614 0 0 0 0 0 0.382614 0.382614 -3.76527 0 0 0 1.85219 
0 0 0 0 0 0 0 0 0 0 0 0 0 0 0 0 0 0 0 0 0 0 0 0 0 0 0 0 0.382614 0 0 0 0 0 0 0 0 0 0 0 0 0 0 0 0.382614 0 0 0 0 0 0 0 0.382614 0 0 0 0.382614 0 0 0 -4.49397 1.48176 1.48176 0 
0 0 0 0 0 0 0 0 0 0 0 0 0 0 0 0 0 0 0 0 0 0 0 0 0 0 0 0 0 0.382614 0 0 0 0 0 0 0 0 0 0 0 0 0 0 0 0.382614 0 0 0 0 0 0 0 0.382614 0 0 0 0.382614 0 0 0.382614 -3.76527 0 1.85219 
0 0 0 0 0 0 0 0 0 0 0 0 0 0 0 0 0 0 0 0 0 0 0 0 0 0 0 0 0 0 0.382614 0 0 0 0 0 0 0 0 0 0 0 0 0 0 0 0.382614 0 0 0 0 0 0 0 0.382614 0 0 0 0.382614 0 0.382614 0 -3.76527 1.85219 
0 0 0 0 0 0 0 0 0 0 0 0 0 0 0 0 0 0 0 0 0 0 0 0 0 0 0 0 0 0 0 0.382614 0 0 0 0 0 0 0 0 0 0 0 0 0 0 0 0.382614 0 0 0 0 0 0 0 0.382614 0 0 0 0.382614 0 0.382614 0.382614 -2.29569 
