32
-0 0 0 0 0 0 0 0 0 0 0 0 0 0 0 0 0 0 0 0 0 0 0 0 0 0 0 0 0 0 0 0 
0.227421 -1.47848 0 0.312765 0 0.312765 0 0 0 0.312765 0 0 0 0 0 0 0 0.312765 0 0 0 0 0 0 0 0 0 0 0 0 0 0 
0.227421 0 -1.47848 0.312765 0 0 0.312765 0 0 0 0.312765 0 0 0 0 0 0 0 0.312765 0 0 0 0 0 0 0 0 0 0 0 0 0 
0 0.227421 0.227421 -2.33143 0 0 0 0.625531 0 0 0 0.625531 0 0 0 0 0 0 0 0.625531 0 0 0 0 0 0 0 0 0 0 0 0 
0.227421 0 0 0 -1.47848 0.312765 0.312765 0 0 0 0 0 0.312765 0 0 0 0 0 0 0 0.312765 0 0 0 0 0 0 0 0 0 0 0 
0 0.227421 0 0 0.227421 -2.33143 0 0.625531 0 0 0 0 0 0.625531 0 0 0 0 0 0 0 0.625531 0 0 0 0 0 0 0 0 0 0 
0 0 0.227421 0 0.227421 0 -2.33143 0.625531 0 0 0 0 0 0 0.625531 0 0 0 0 0 0 0 0.625531 0 0 0 0 0 0 0 0 0 
0 0 0 0.227421 0 0.227421 0.227421 -2.55885 0 0 0 0 0 0 0 0.938296 0 0 0 0 0 0 0 0.938296 0 0 0 0 0 0 0 0 
0.227421 0 0 0 0 0 0 0 -1.47848 0.312765 0.312765 0 0.312765 0 0 0 0 0 0 0 0 0 0 0 0.312765 0 0 0 0 0 0 0 
0 0.227421 0 0 0 0 0 0 0.227421 -2.33143 0 0.625531 0 0.625531 0 0 0 0 0 0 0 0 0 0 0 0.625531 0 0 0 0 0 0 
0 0 0.227421 0 0 0 0 0 0.227421 0 -2.33143 0.625531 0 0 0.625531 0 0 0 0 0 0 0 0 0 0 0 0.625531 0 0 0 0 0 
0 0 0 0.227421 0 0 0 0 0 0.227421 0.227421 -2.55885 0 0 0 0.938296 0 0 0 0 0 0 0 0 0 0 0 0.938296 0 0 0 0 
0 0 0 0 0.227421 0 0 0 0.227421 0 0 0 -2.33143 0.625531 0.625531 0 0 0 0 0 0 0 0 0 0 0 0 0 0.625531 0 0 0 
0 0 0 0 0 0.227421 0 0 0 0.227421 0 0 0.227421 -2.55885 0 0.938296 0 0 0 0 0 0 0 0 0 0 0 0 0 0.938296 0 0 
0 0 0 0 0 0 0.227421 0 0 0 0.227421 0 0.227421 0 -2.55885 0.938296 0 0 0 0 0 0 0 0 0 0 0 0 0 0 0.938296 0 
0 0 0 0 0 0 0 0.227421 0 0 0 0.227421 0 0.227421 0.227421 -2.16074 0 0 0 0 0 0 0 0 0 0 0 0 0 0 0 1.25106 
0.227421 0 0 0 0 0 0 0 0 0 0 0 0 0 0 0 -1.47848 0.312765 0.312765 0 0.312765 0 0 0 0.312765 0 0 0 0 0 0 0 
0 0.227421 0 0 0 0 0 0 0 0 0 0 0 0 0 0 0.227421 -2.33143 0 0.625531 0 0.625531 0 0 0 0.625531 0 0 0 0 0 0 
0 0 0.227421 0 0 0 0 0 0 0 0 0 0 0 0 0 0.227421 0 -2.33143 0.625531 0 0 0.625531 0 0 0 0.625531 0 0 0 0 0 
0 0 0 0.227421 0 0 0 0 0 0 0 0 0 0 0 0 0 0.227421 0.227421 -2.55885 0 0 0 0.938296 0 0 0 0.938296 0 0 0 0 
0 0 0 0 0.227421 0 0 0 0 0 0 0 0 0 0 0 0.227421 0 0 0 -2.33143 0.625531 0.625531 0 0 0 0 0 0.625531 0 0 0 
0 0 0 0 0 0.227421 0 0 0 0 0 0 0 0 0 0 0 0.227421 0 0 0.227421 -2.55885 0 0.938296 0 0 0 0 0 0.938296 0 0 
0 0 0 0 0 0 0.227421 0 0 0 0 0 0 0 0 0 0 0 0.227421 0 0.227421 0 -2.55885 0.938296 0 0 0 0 0 0 0.938296 0 
0 0 0 0 0 0 0 0.227421 0 0 0 0 0 0 0 0 0 0 0 0.227421 0 0.227421 0.227421 -2.16074 0 0 0 0 0 0 0 1.25106 
0 0 0 0 0 0 0 0 0.227421 0 0 0 0 0 0 0 0.227421 0 0 0 0 0 0 0 -2.33143 0.625531 0.625531 0 0.625531 0 0 0 
0 0 0 0 0 0 0 0 0 0.227421 0 0 0 0 0 0 0 0.227421 0 0 0 0 0 0 0.227421 -2.55885 0 0.938296 0 0.938296 0 0 
0 0 0 0 0 0 0 0 0 0 0.227421 0 0 0 0 0 0 0 0.227421 0 0 0 0 0 0.227421 0 -2.55885 0.938296 0 0 0.938296 0 
0 0 0 0 0 0 0 0 0 0 0 0.227421 0 0 0 0 0 0 0 0.227421 0 0 0 0 0 0.227421 0.227421 -2.16074 0 0 0 1.25106 
0 0 0 0 0 0 0 0 0 0 0 0 0.227421 0 0 0 0 0 0 0 0.227421 0 0 0 0.227421 0 0 0 -2.55885 0.938296 0.938296 0 
0 0 0 0 0 0 0 0 0 0 0 0 0 0.227421 0 0 0 0 0 0 0 0.227421 0 0 0 0.227421 0 0 0.227421 -2.16074 0 1.25106 
0 0 0 0 0 0 0 0 0 0 0 0 0 0 0.227421 0 0 0 0 0 0 0 0.227421 0 0 0 0.227421 0 0.227421 0 -2.16074 1.25106 
0 0 0 0 0 0 0 0 0 0 0 0 0 0 0 0.227421 0 0 0 0 0 0 0 0.227421 0 0 0 0.227421 0 0.227421 0.227421 -1.1371 
