32
-0 0 0 0 0 0 0 0 0 0 0 0 0 0 0 0 0 0 0 0 0 0 0 0 0 0 0 0 0 0 0 0 
0.345039 -1.8987 0 0.388415 0 0.388415 0 0 0 0.388415 0 0 0 0 0 0 0 0.388415 0 0 0 0 0 0 0 0 0 0 0 0 0 0 
0.345039 0 -1.8987 0.388415 0 0 0.388415 0 0 0 0.388415 0 0 0 0 0 0 0 0.388415 0 0 0 0 0 0 0 0 0 0 0 0 0 
0 0.345039 0.345039 -3.02057 0 0 0 0.77683 0 0 0 0.77683 0 0 0 0 0 0 0 0.77683 0 0 0 0 0 0 0 0 0 0 0 0 
0.345039 0 0 0 -1.8987 0.388415 0.388415 0 0 0 0 0 0.388415 0 0 0 0 0 0 0 0.388415 0 0 0 0 0 0 0 0 0 0 0 
0 0.345039 0 0 0.345039 -3.02057 0 0.77683 0 0 0 0 0 0.77683 0 0 0 0 0 0 0 0.77683 0 0 0 0 0 0 0 0 0 0 
0 0 0.345039 0 0.345039 0 -3.02057 0.77683 0 0 0 0 0 0 0.77683 0 0 0 0 0 0 0 0.77683 0 0 0 0 0 0 0 0 0 
0 0 0 0.345039 0 0.345039 0.345039 -3.36561 0 0 0 0 0 0 0 1.16525 0 0 0 0 0 0 0 1.16525 0 0 0 0 0 0 0 0 
0.345039 0 0 0 0 0 0 0 -1.8987 0.388415 0.388415 0 0.388415 0 0 0 0 0 0 0 0 0 0 0 0.388415 0 0 0 0 0 0 0 
0 0.345039 0 0 0 0 0 0 0.345039 -3.02057 0 0.77683 0 0.77683 0 0 0 0 0 0 0 0 0 0 0 0.77683 0 0 0 0 0 0 
0 0 0.345039 0 0 0 0 0 0.345039 0 -3.02057 0.77683 0 0 0.77683 0 0 0 0 0 0 0 0 0 0 0 0.77683 0 0 0 0 0 
0 0 0 0.345039 0 0 0 0 0 0.345039 0.345039 -3.36561 0 0 0 1.16525 0 0 0 0 0 0 0 0 0 0 0 1.16525 0 0 0 0 
0 0 0 0 0.345039 0 0 0 0.345039 0 0 0 -3.02057 0.77683 0.77683 0 0 0 0 0 0 0 0 0 0 0 0 0 0.77683 0 0 0 
0 0 0 0 0 0.345039 0 0 0 0.345039 0 0 0.345039 -3.36561 0 1.16525 0 0 0 0 0 0 0 0 0 0 0 0 0 1.16525 0 0 
0 0 0 0 0 0 0.345039 0 0 0 0.345039 0 0.345039 0 -3.36561 1.16525 0 0 0 0 0 0 0 0 0 0 0 0 0 0 1.16525 0 
0 0 0 0 0 0 0 0.345039 0 0 0 0.345039 0 0.345039 0.345039 -2.93381 0 0 0 0 0 0 0 0 0 0 0 0 0 0 0 1.55366 
0.345039 0 0 0 0 0 0 0 0 0 0 0 0 0 0 0 -1.8987 0.388415 0.388415 0 0.388415 0 0 0 0.388415 0 0 0 0 0 0 0 
0 0.345039 0 0 0 0 0 0 0 0 0 0 0 0 0 0 0.345039 -3.02057 0 0.77683 0 0.77683 0 0 0 0.77683 0 0 0 0 0 0 
0 0 0.345039 0 0 0 0 0 0 0 0 0 0 0 0 0 0.345039 0 -3.02057 0.77683 0 0 0.77683 0 0 0 0.77683 0 0 0 0 0 
0 0 0 0.345039 0 0 0 0 0 0 0 0 0 0 0 0 0 0.345039 0.345039 -3.36561 0 0 0 1.16525 0 0 0 1.16525 0 0 0 0 
0 0 0 0 0.345039 0 0 0 0 0 0 0 0 0 0 0 0.345039 0 0 0 -3.02057 0.77683 0.77683 0 0 0 0 0 0.77683 0 0 0 
0 0 0 0 0 0.345039 0 0 0 0 0 0 0 0 0 0 0 0.345039 0 0 0.345039 -3.36561 0 1.16525 0 0 0 0 0 1.16525 0 0 
0 0 0 0 0 0 0.345039 0 0 0 0 0 0 0 0 0 0 0 0.345039 0 0.345039 0 -3.36561 1.16525 0 0 0 0 0 0 1.16525 0 
0 0 0 0 0 0 0 0.345039 0 0 0 0 0 0 0 0 0 0 0 0.345039 0 0.345039 0.345039 -2.93381 0 0 0 0 0 0 0 1.55366 
0 0 0 0 0 0 0 0 0.345039 0 0 0 0 0 0 0 0.345039 0 0 0 0 0 0 0 -3.02057 0.77683 0.77683 0 0.77683 0 0 0 
0 0 0 0 0 0 0 0 0 0.345039 0 0 0 0 0 0 0 0.345039 0 0 0 0 0 0 0.345039 -3.36561 0 1.16525 0 1.16525 0 0 
0 0 0 0 0 0 0 0 0 0 0.345039 0 0 0 0 0 0 0 0.345039 0 0 0 0 0 0.345039 0 -3.36561 1.16525 0 0 1.16525 0 
0 0 0 0 0 0 0 0 0 0 0 0.345039 0 0 0 0 0 0 0 0.345039 0 0 0 0 0 0.345039 0.345039 -2.93381 0 0 0 1.55366 
0 0 0 0 0 0 0 0 0 0 0 0 0.345039 0 0 0 0 0 0 0 0.345039 0 0 0 0.345039 0 0 0 -3.36561 1.16525 1.16525 0 
0 0 0 0 0 0 0 0 0 0 0 0 0 0.345039 0 0 0 0 0 0 0 0.345039 0 0 0 0.345039 0 0 0.345039 -2.93381 0 1.55366 
0 0 0 0 0 0 0 0 0 0 0 0 0 0 0.345039 0 0 0 0 0 0 0 0.345039 0 0 0 0.345039 0 0.345039 0 -2.93381 1.55366 
0 0 0 0 0 0 0 0 0 0 0 0 0 0 0 0.345039 0 0 0 0 0 0 0 0.345039 0 0 0 0.345039 0 0.345039 0.345039 -1.72519 
