32
-0 0 0 0 0 0 0 0 0 0 0 0 0 0 0 0 0 0 0 0 0 0 0 0 0 0 0 0 0 0 0 0 
0.725543 -3.5423 0 0.70419 0 0.70419 0 0 0 0.70419 0 0 0 0 0 0 0 0.70419 0 0 0 0 0 0 0 0 0 0 0 0 0 0 
0.725543 0 -3.5423 0.70419 0 0 0.70419 0 0 0 0.70419 0 0 0 0 0 0 0 0.70419 0 0 0 0 0 0 0 0 0 0 0 0 0 
0 0.725543 0.725543 -5.67622 0 0 0 1.40838 0 0 0 1.40838 0 0 0 0 0 0 0 1.40838 0 0 0 0 0 0 0 0 0 0 0 0 
0.725543 0 0 0 -3.5423 0.70419 0.70419 0 0 0 0 0 0.70419 0 0 0 0 0 0 0 0.70419 0 0 0 0 0 0 0 0 0 0 0 
0 0.725543 0 0 0.725543 -5.67622 0 1.40838 0 0 0 0 0 1.40838 0 0 0 0 0 0 0 1.40838 0 0 0 0 0 0 0 0 0 0 
0 0 0.725543 0 0.725543 0 -5.67622 1.40838 0 0 0 0 0 0 1.40838 0 0 0 0 0 0 0 1.40838 0 0 0 0 0 0 0 0 0 
0 0 0 0.725543 0 0.725543 0.725543 -6.40177 0 0 0 0 0 0 0 2.11257 0 0 0 0 0 0 0 2.11257 0 0 0 0 0 0 0 0 
0.725543 0 0 0 0 0 0 0 -3.5423 0.70419 0.70419 0 0.70419 0 0 0 0 0 0 0 0 0 0 0 0.70419 0 0 0 0 0 0 0 
0 0.725543 0 0 0 0 0 0 0.725543 -5.67622 0 1.40838 0 1.40838 0 0 0 0 0 0 0 0 0 0 0 1.40838 0 0 0 0 0 0 
0 0 0.725543 0 0 0 0 0 0.725543 0 -5.67622 1.40838 0 0 1.40838 0 0 0 0 0 0 0 0 0 0 0 1.40838 0 0 0 0 0 
0 0 0 0.725543 0 0 0 0 0 0.725543 0.725543 -6.40177 0 0 0 2.11257 0 0 0 0 0 0 0 0 0 0 0 2.11257 0 0 0 0 
0 0 0 0 0.725543 0 0 0 0.725543 0 0 0 -5.67622 1.40838 1.40838 0 0 0 0 0 0 0 0 0 0 0 0 0 1.40838 0 0 0 
0 0 0 0 0 0.725543 0 0 0 0.725543 0 0 0.725543 -6.40177 0 2.11257 0 0 0 0 0 0 0 0 0 0 0 0 0 2.11257 0 0 
0 0 0 0 0 0 0.725543 0 0 0 0.725543 0 0.725543 0 -6.40177 2.11257 0 0 0 0 0 0 0 0 0 0 0 0 0 0 2.11257 0 
0 0 0 0 0 0 0 0.725543 0 0 0 0.725543 0 0.725543 0.725543 -5.71893 0 0 0 0 0 0 0 0 0 0 0 0 0 0 0 2.81676 
0.725543 0 0 0 0 0 0 0 0 0 0 0 0 0 0 0 -3.5423 0.70419 0.70419 0 0.70419 0 0 0 0.70419 0 0 0 0 0 0 0 
0 0.725543 0 0 0 0 0 0 0 0 0 0 0 0 0 0 0.725543 -5.67622 0 1.40838 0 1.40838 0 0 0 1.40838 0 0 0 0 0 0 
0 0 0.725543 0 0 0 0 0 0 0 0 0 0 0 0 0 0.725543 0 -5.67622 1.40838 0 0 1.40838 0 0 0 1.40838 0 0 0 0 0 
0 0 0 0.725543 0 0 0 0 0 0 0 0 0 0 0 0 0 0.725543 0.725543 -6.40177 0 0 0 2.11257 0 0 0 2.11257 0 0 0 0 
0 0 0 0 0.725543 0 0 0 0 0 0 0 0 0 0 0 0.725543 0 0 0 -5.67622 1.40838 1.40838 0 0 0 0 0 1.40838 0 0 0 
0 0 0 0 0 0.725543 0 0 0 0 0 0 0 0 0 0 0 0.725543 0 0 0.725543 -6.40177 0 2.11257 0 0 0 0 0 2.11257 0 0 
0 0 0 0 0 0 0.725543 0 0 0 0 0 0 0 0 0 0 0 0.725543 0 0.725543 0 -6.40177 2.11257 0 0 0 0 0 0 2.11257 0 
0 0 0 0 0 0 0 0.725543 0 0 0 0 0 0 0 0 0 0 0 0.725543 0 0.725543 0.725543 -5.71893 0 0 0 0 0 0 0 2.81676 
0 0 0 0 0 0 0 0 0.725543 0 0 0 0 0 0 0 0.725543 0 0 0 0 0 0 0 -5.67622 1.40838 1.40838 0 1.40838 0 0 0 
0 0 0 0 0 0 0 0 0 0.725543 0 0 0 0 0 0 0 0.725543 0 0 0 0 0 0 0.725543 -6.40177 0 2.11257 0 2.11257 0 0 
0 0 0 0 0 0 0 0 0 0 0.725543 0 0 0 0 0 0 0 0.725543 0 0 0 0 0 0.725543 0 -6.40177 2.11257 0 0 2.11257 0 
0 0 0 0 0 0 0 0 0 0 0 0.725543 0 0 0 0 0 0 0 0.725543 0 0 0 0 0 0.725543 0.725543 -5.71893 0 0 0 2.81676 
0 0 0 0 0 0 0 0 0 0 0 0 0.725543 0 0 0 0 0 0 0 0.725543 0 0 0 0.725543 0 0 0 -6.40177 2.11257 2.11257 0 
0 0 0 0 0 0 0 0 0 0 0 0 0 0.725543 0 0 0 0 0 0 0 0.725543 0 0 0 0.725543 0 0 0.725543 -5.71893 0 2.81676 
0 0 0 0 0 0 0 0 0 0 0 0 0 0 0.725543 0 0 0 0 0 0 0 0.725543 0 0 0 0.725543 0 0.725543 0 -5.71893 2.81676 
0 0 0 0 0 0 0 0 0 0 0 0 0 0 0 0.725543 0 0 0 0 0 0 0 0.725543 0 0 0 0.725543 0 0.725543 0.725543 -3.62771 
