32
-0 0 0 0 0 0 0 0 0 0 0 0 0 0 0 0 0 0 0 0 0 0 0 0 0 0 0 0 0 0 0 0 
0.520442 -2.92671 0 0.601568 0 0.601568 0 0 0 0.601568 0 0 0 0 0 0 0 0.601568 0 0 0 0 0 0 0 0 0 0 0 0 0 0 
0.520442 0 -2.92671 0.601568 0 0 0.601568 0 0 0 0.601568 0 0 0 0 0 0 0 0.601568 0 0 0 0 0 0 0 0 0 0 0 0 0 
0 0.520442 0.520442 -4.65029 0 0 0 1.20314 0 0 0 1.20314 0 0 0 0 0 0 0 1.20314 0 0 0 0 0 0 0 0 0 0 0 0 
0.520442 0 0 0 -2.92671 0.601568 0.601568 0 0 0 0 0 0.601568 0 0 0 0 0 0 0 0.601568 0 0 0 0 0 0 0 0 0 0 0 
0 0.520442 0 0 0.520442 -4.65029 0 1.20314 0 0 0 0 0 1.20314 0 0 0 0 0 0 0 1.20314 0 0 0 0 0 0 0 0 0 0 
0 0 0.520442 0 0.520442 0 -4.65029 1.20314 0 0 0 0 0 0 1.20314 0 0 0 0 0 0 0 1.20314 0 0 0 0 0 0 0 0 0 
0 0 0 0.520442 0 0.520442 0.520442 -5.17073 0 0 0 0 0 0 0 1.8047 0 0 0 0 0 0 0 1.8047 0 0 0 0 0 0 0 0 
0.520442 0 0 0 0 0 0 0 -2.92671 0.601568 0.601568 0 0.601568 0 0 0 0 0 0 0 0 0 0 0 0.601568 0 0 0 0 0 0 0 
0 0.520442 0 0 0 0 0 0 0.520442 -4.65029 0 1.20314 0 1.20314 0 0 0 0 0 0 0 0 0 0 0 1.20314 0 0 0 0 0 0 
0 0 0.520442 0 0 0 0 0 0.520442 0 -4.65029 1.20314 0 0 1.20314 0 0 0 0 0 0 0 0 0 0 0 1.20314 0 0 0 0 0 
0 0 0 0.520442 0 0 0 0 0 0.520442 0.520442 -5.17073 0 0 0 1.8047 0 0 0 0 0 0 0 0 0 0 0 1.8047 0 0 0 0 
0 0 0 0 0.520442 0 0 0 0.520442 0 0 0 -4.65029 1.20314 1.20314 0 0 0 0 0 0 0 0 0 0 0 0 0 1.20314 0 0 0 
0 0 0 0 0 0.520442 0 0 0 0.520442 0 0 0.520442 -5.17073 0 1.8047 0 0 0 0 0 0 0 0 0 0 0 0 0 1.8047 0 0 
0 0 0 0 0 0 0.520442 0 0 0 0.520442 0 0.520442 0 -5.17073 1.8047 0 0 0 0 0 0 0 0 0 0 0 0 0 0 1.8047 0 
0 0 0 0 0 0 0 0.520442 0 0 0 0.520442 0 0.520442 0.520442 -4.48804 0 0 0 0 0 0 0 0 0 0 0 0 0 0 0 2.40627 
0.520442 0 0 0 0 0 0 0 0 0 0 0 0 0 0 0 -2.92671 0.601568 0.601568 0 0.601568 0 0 0 0.601568 0 0 0 0 0 0 0 
0 0.520442 0 0 0 0 0 0 0 0 0 0 0 0 0 0 0.520442 -4.65029 0 1.20314 0 1.20314 0 0 0 1.20314 0 0 0 0 0 0 
0 0 0.520442 0 0 0 0 0 0 0 0 0 0 0 0 0 0.520442 0 -4.65029 1.20314 0 0 1.20314 0 0 0 1.20314 0 0 0 0 0 
0 0 0 0.520442 0 0 0 0 0 0 0 0 0 0 0 0 0 0.520442 0.520442 -5.17073 0 0 0 1.8047 0 0 0 1.8047 0 0 0 0 
0 0 0 0 0.520442 0 0 0 0 0 0 0 0 0 0 0 0.520442 0 0 0 -4.65029 1.20314 1.20314 0 0 0 0 0 1.20314 0 0 0 
0 0 0 0 0 0.520442 0 0 0 0 0 0 0 0 0 0 0 0.520442 0 0 0.520442 -5.17073 0 1.8047 0 0 0 0 0 1.8047 0 0 
0 0 0 0 0 0 0.520442 0 0 0 0 0 0 0 0 0 0 0 0.520442 0 0.520442 0 -5.17073 1.8047 0 0 0 0 0 0 1.8047 0 
0 0 0 0 0 0 0 0.520442 0 0 0 0 0 0 0 0 0 0 0 0.520442 0 0.520442 0.520442 -4.48804 0 0 0 0 0 0 0 2.40627 
0 0 0 0 0 0 0 0 0.520442 0 0 0 0 0 0 0 0.520442 0 0 0 0 0 0 0 -4.65029 1.20314 1.20314 0 1.20314 0 0 0 
0 0 0 0 0 0 0 0 0 0.520442 0 0 0 0 0 0 0 0.520442 0 0 0 0 0 0 0.520442 -5.17073 0 1.8047 0 1.8047 0 0 
0 0 0 0 0 0 0 0 0 0 0.520442 0 0 0 0 0 0 0 0.520442 0 0 0 0 0 0.520442 0 -5.17073 1.8047 0 0 1.8047 0 
0 0 0 0 0 0 0 0 0 0 0 0.520442 0 0 0 0 0 0 0 0.520442 0 0 0 0 0 0.520442 0.520442 -4.48804 0 0 0 2.40627 
0 0 0 0 0 0 0 0 0 0 0 0 0.520442 0 0 0 0 0 0 0 0.520442 0 0 0 0.520442 0 0 0 -5.17073 1.8047 1.8047 0 
0 0 0 0 0 0 0 0 0 0 0 0 0 0.520442 0 0 0 0 0 0 0 0.520442 0 0 0 0.520442 0 0 0.520442 -4.48804 0 2.40627 
0 0 0 0 0 0 0 0 0 0 0 0 0 0 0.520442 0 0 0 0 0 0 0 0.520442 0 0 0 0.520442 0 0.520442 0 -4.48804 2.40627 
0 0 0 0 0 0 0 0 0 0 0 0 0 0 0 0.520442 0 0 0 0 0 0 0 0.520442 0 0 0 0.520442 0 0.520442 0.520442 -2.60221 
