64
-0 0 0 0 0 0 0 0 0 0 0 0 0 0 0 0 0 0 0 0 0 0 0 0 0 0 0 0 0 0 0 0 0 0 0 0 0 0 0 0 0 0 0 0 0 0 0 0 0 0 0 0 0 0 0 0 0 0 0 0 0 0 0 0 
0.393609 -2.1048 0 0.342239 0 0.342239 0 0 0 0.342239 0 0 0 0 0 0 0 0.342239 0 0 0 0 0 0 0 0 0 0 0 0 0 0 0 0.342239 0 0 0 0 0 0 0 0 0 0 0 0 0 0 0 0 0 0 0 0 0 0 0 0 0 0 0 0 0 0 
0.393609 0 -2.1048 0.342239 0 0 0.342239 0 0 0 0.342239 0 0 0 0 0 0 0 0.342239 0 0 0 0 0 0 0 0 0 0 0 0 0 0 0 0.342239 0 0 0 0 0 0 0 0 0 0 0 0 0 0 0 0 0 0 0 0 0 0 0 0 0 0 0 0 0 
0 0.393609 0.393609 -3.52513 0 0 0 0.684477 0 0 0 0.684477 0 0 0 0 0 0 0 0.684477 0 0 0 0 0 0 0 0 0 0 0 0 0 0 0 0.684477 0 0 0 0 0 0 0 0 0 0 0 0 0 0 0 0 0 0 0 0 0 0 0 0 0 0 0 0 
0.393609 0 0 0 -2.1048 0.342239 0.342239 0 0 0 0 0 0.342239 0 0 0 0 0 0 0 0.342239 0 0 0 0 0 0 0 0 0 0 0 0 0 0 0 0.342239 0 0 0 0 0 0 0 0 0 0 0 0 0 0 0 0 0 0 0 0 0 0 0 0 0 0 0 
0 0.393609 0 0 0.393609 -3.52513 0 0.684477 0 0 0 0 0 0.684477 0 0 0 0 0 0 0 0.684477 0 0 0 0 0 0 0 0 0 0 0 0 0 0 0 0.684477 0 0 0 0 0 0 0 0 0 0 0 0 0 0 0 0 0 0 0 0 0 0 0 0 0 0 
0 0 0.393609 0 0.393609 0 -3.52513 0.684477 0 0 0 0 0 0 0.684477 0 0 0 0 0 0 0 0.684477 0 0 0 0 0 0 0 0 0 0 0 0 0 0 0 0.684477 0 0 0 0 0 0 0 0 0 0 0 0 0 0 0 0 0 0 0 0 0 0 0 0 0 
0 0 0 0.393609 0 0.393609 0.393609 -4.26098 0 0 0 0 0 0 0 1.02672 0 0 0 0 0 0 0 1.02672 0 0 0 0 0 0 0 0 0 0 0 0 0 0 0 1.02672 0 0 0 0 0 0 0 0 0 0 0 0 0 0 0 0 0 0 0 0 0 0 0 0 
0.393609 0 0 0 0 0 0 0 -2.1048 0.342239 0.342239 0 0.342239 0 0 0 0 0 0 0 0 0 0 0 0.342239 0 0 0 0 0 0 0 0 0 0 0 0 0 0 0 0.342239 0 0 0 0 0 0 0 0 0 0 0 0 0 0 0 0 0 0 0 0 0 0 0 
0 0.393609 0 0 0 0 0 0 0.393609 -3.52513 0 0.684477 0 0.684477 0 0 0 0 0 0 0 0 0 0 0 0.684477 0 0 0 0 0 0 0 0 0 0 0 0 0 0 0 0.684477 0 0 0 0 0 0 0 0 0 0 0 0 0 0 0 0 0 0 0 0 0 0 
0 0 0.393609 0 0 0 0 0 0.393609 0 -3.52513 0.684477 0 0 0.684477 0 0 0 0 0 0 0 0 0 0 0 0.684477 0 0 0 0 0 0 0 0 0 0 0 0 0 0 0 0.684477 0 0 0 0 0 0 0 0 0 0 0 0 0 0 0 0 0 0 0 0 0 
0 0 0 0.393609 0 0 0 0 0 0.393609 0.393609 -4.26098 0 0 0 1.02672 0 0 0 0 0 0 0 0 0 0 0 1.02672 0 0 0 0 0 0 0 0 0 0 0 0 0 0 0 1.02672 0 0 0 0 0 0 0 0 0 0 0 0 0 0 0 0 0 0 0 0 
0 0 0 0 0.393609 0 0 0 0.393609 0 0 0 -3.52513 0.684477 0.684477 0 0 0 0 0 0 0 0 0 0 0 0 0 0.684477 0 0 0 0 0 0 0 0 0 0 0 0 0 0 0 0.684477 0 0 0 0 0 0 0 0 0 0 0 0 0 0 0 0 0 0 0 
0 0 0 0 0 0.393609 0 0 0 0.393609 0 0 0.393609 -4.26098 0 1.02672 0 0 0 0 0 0 0 0 0 0 0 0 0 1.02672 0 0 0 0 0 0 0 0 0 0 0 0 0 0 0 1.02672 0 0 0 0 0 0 0 0 0 0 0 0 0 0 0 0 0 0 
0 0 0 0 0 0 0.393609 0 0 0 0.393609 0 0.393609 0 -4.26098 1.02672 0 0 0 0 0 0 0 0 0 0 0 0 0 0 1.02672 0 0 0 0 0 0 0 0 0 0 0 0 0 0 0 1.02672 0 0 0 0 0 0 0 0 0 0 0 0 0 0 0 0 0 
0 0 0 0 0 0 0 0.393609 0 0 0 0.393609 0 0.393609 0.393609 -4.31235 0 0 0 0 0 0 0 0 0 0 0 0 0 0 0 1.36895 0 0 0 0 0 0 0 0 0 0 0 0 0 0 0 1.36895 0 0 0 0 0 0 0 0 0 0 0 0 0 0 0 0 
0.393609 0 0 0 0 0 0 0 0 0 0 0 0 0 0 0 -2.1048 0.342239 0.342239 0 0.342239 0 0 0 0.342239 0 0 0 0 0 0 0 0 0 0 0 0 0 0 0 0 0 0 0 0 0 0 0 0.342239 0 0 0 0 0 0 0 0 0 0 0 0 0 0 0 
0 0.393609 0 0 0 0 0 0 0 0 0 0 0 0 0 0 0.393609 -3.52513 0 0.684477 0 0.684477 0 0 0 0.684477 0 0 0 0 0 0 0 0 0 0 0 0 0 0 0 0 0 0 0 0 0 0 0 0.684477 0 0 0 0 0 0 0 0 0 0 0 0 0 0 
0 0 0.393609 0 0 0 0 0 0 0 0 0 0 0 0 0 0.393609 0 -3.52513 0.684477 0 0 0.684477 0 0 0 0.684477 0 0 0 0 0 0 0 0 0 0 0 0 0 0 0 0 0 0 0 0 0 0 0 0.684477 0 0 0 0 0 0 0 0 0 0 0 0 0 
0 0 0 0.393609 0 0 0 0 0 0 0 0 0 0 0 0 0 0.393609 0.393609 -4.26098 0 0 0 1.02672 0 0 0 1.02672 0 0 0 0 0 0 0 0 0 0 0 0 0 0 0 0 0 0 0 0 0 0 0 1.02672 0 0 0 0 0 0 0 0 0 0 0 0 
0 0 0 0 0.393609 0 0 0 0 0 0 0 0 0 0 0 0.393609 0 0 0 -3.52513 0.684477 0.684477 0 0 0 0 0 0.684477 0 0 0 0 0 0 0 0 0 0 0 0 0 0 0 0 0 0 0 0 0 0 0 0.684477 0 0 0 0 0 0 0 0 0 0 0 
0 0 0 0 0 0.393609 0 0 0 0 0 0 0 0 0 0 0 0.393609 0 0 0.393609 -4.26098 0 1.02672 0 0 0 0 0 1.02672 0 0 0 0 0 0 0 0 0 0 0 0 0 0 0 0 0 0 0 0 0 0 0 1.02672 0 0 0 0 0 0 0 0 0 0 
0 0 0 0 0 0 0.393609 0 0 0 0 0 0 0 0 0 0 0 0.393609 0 0.393609 0 -4.26098 1.02672 0 0 0 0 0 0 1.02672 0 0 0 0 0 0 0 0 0 0 0 0 0 0 0 0 0 0 0 0 0 0 0 1.02672 0 0 0 0 0 0 0 0 0 
0 0 0 0 0 0 0 0.393609 0 0 0 0 0 0 0 0 0 0 0 0.393609 0 0.393609 0.393609 -4.31235 0 0 0 0 0 0 0 1.36895 0 0 0 0 0 0 0 0 0 0 0 0 0 0 0 0 0 0 0 0 0 0 0 1.36895 0 0 0 0 0 0 0 0 
0 0 0 0 0 0 0 0 0.393609 0 0 0 0 0 0 0 0.393609 0 0 0 0 0 0 0 -3.52513 0.684477 0.684477 0 0.684477 0 0 0 0 0 0 0 0 0 0 0 0 0 0 0 0 0 0 0 0 0 0 0 0 0 0 0 0.684477 0 0 0 0 0 0 0 
0 0 0 0 0 0 0 0 0 0.393609 0 0 0 0 0 0 0 0.393609 0 0 0 0 0 0 0.393609 -4.26098 0 1.02672 0 1.02672 0 0 0 0 0 0 0 0 0 0 0 0 0 0 0 0 0 0 0 0 0 0 0 0 0 0 0 1.02672 0 0 0 0 0 0 
0 0 0 0 0 0 0 0 0 0 0.393609 0 0 0 0 0 0 0 0.393609 0 0 0 0 0 0.393609 0 -4.26098 1.02672 0 0 1.02672 0 0 0 0 0 0 0 0 0 0 0 0 0 0 0 0 0 0 0 0 0 0 0 0 0 0 0 1.02672 0 0 0 0 0 
0 0 0 0 0 0 0 0 0 0 0 0.393609 0 0 0 0 0 0 0 0.393609 0 0 0 0 0 0.393609 0.393609 -4.31235 0 0 0 1.36895 0 0 0 0 0 0 0 0 0 0 0 0 0 0 0 0 0 0 0 0 0 0 0 0 0 0 0 1.36895 0 0 0 0 
0 0 0 0 0 0 0 0 0 0 0 0 0.393609 0 0 0 0 0 0 0 0.393609 0 0 0 0.393609 0 0 0 -4.26098 1.02672 1.02672 0 0 0 0 0 0 0 0 0 0 0 0 0 0 0 0 0 0 0 0 0 0 0 0 0 0 0 0 0 1.02672 0 0 0 
0 0 0 0 0 0 0 0 0 0 0 0 0 0.393609 0 0 0 0 0 0 0 0.393609 0 0 0 0.393609 0 0 0.393609 -4.31235 0 1.36895 0 0 0 0 0 0 0 0 0 0 0 0 0 0 0 0 0 0 0 0 0 0 0 0 0 0 0 0 0 1.36895 0 0 
0 0 0 0 0 0 0 0 0 0 0 0 0 0 0.393609 0 0 0 0 0 0 0 0.393609 0 0 0 0.393609 0 0.393609 0 -4.31235 1.36895 0 0 0 0 0 0 0 0 0 0 0 0 0 0 0 0 0 0 0 0 0 0 0 0 0 0 0 0 0 0 1.36895 0 
0 0 0 0 0 0 0 0 0 0 0 0 0 0 0 0.393609 0 0 0 0 0 0 0 0.393609 0 0 0 0.393609 0 0.393609 0.393609 -3.67924 0 0 0 0 0 0 0 0 0 0 0 0 0 0 0 0 0 0 0 0 0 0 0 0 0 0 0 0 0 0 0 1.71119 
0.393609 0 0 0 0 0 0 0 0 0 0 0 0 0 0 0 0 0 0 0 0 0 0 0 0 0 0 0 0 0 0 0 -2.1048 0.342239 0.342239 0 0.342239 0 0 0 0.342239 0 0 0 0 0 0 0 0.342239 0 0 0 0 0 0 0 0 0 0 0 0 0 0 0 
0 0.393609 0 0 0 0 0 0 0 0 0 0 0 0 0 0 0 0 0 0 0 0 0 0 0 0 0 0 0 0 0 0 0.393609 -3.52513 0 0.684477 0 0.684477 0 0 0 0.684477 0 0 0 0 0 0 0 0.684477 0 0 0 0 0 0 0 0 0 0 0 0 0 0 
0 0 0.393609 0 0 0 0 0 0 0 0 0 0 0 0 0 0 0 0 0 0 0 0 0 0 0 0 0 0 0 0 0 0.393609 0 -3.52513 0.684477 0 0 0.684477 0 0 0 0.684477 0 0 0 0 0 0 0 0.684477 0 0 0 0 0 0 0 0 0 0 0 0 0 
0 0 0 0.393609 0 0 0 0 0 0 0 0 0 0 0 0 0 0 0 0 0 0 0 0 0 0 0 0 0 0 0 0 0 0.393609 0.393609 -4.26098 0 0 0 1.02672 0 0 0 1.02672 0 0 0 0 0 0 0 1.02672 0 0 0 0 0 0 0 0 0 0 0 0 
0 0 0 0 0.393609 0 0 0 0 0 0 0 0 0 0 0 0 0 0 0 0 0 0 0 0 0 0 0 0 0 0 0 0.393609 0 0 0 -3.52513 0.684477 0.684477 0 0 0 0 0 0.684477 0 0 0 0 0 0 0 0.684477 0 0 0 0 0 0 0 0 0 0 0 
0 0 0 0 0 0.393609 0 0 0 0 0 0 0 0 0 0 0 0 0 0 0 0 0 0 0 0 0 0 0 0 0 0 0 0.393609 0 0 0.393609 -4.26098 0 1.02672 0 0 0 0 0 1.02672 0 0 0 0 0 0 0 1.02672 0 0 0 0 0 0 0 0 0 0 
0 0 0 0 0 0 0.393609 0 0 0 0 0 0 0 0 0 0 0 0 0 0 0 0 0 0 0 0 0 0 0 0 0 0 0 0.393609 0 0.393609 0 -4.26098 1.02672 0 0 0 0 0 0 1.02672 0 0 0 0 0 0 0 1.02672 0 0 0 0 0 0 0 0 0 
0 0 0 0 0 0 0 0.393609 0 0 0 0 0 0 0 0 0 0 0 0 0 0 0 0 0 0 0 0 0 0 0 0 0 0 0 0.393609 0 0.393609 0.393609 -4.31235 0 0 0 0 0 0 0 1.36895 0 0 0 0 0 0 0 1.36895 0 0 0 0 0 0 0 0 
0 0 0 0 0 0 0 0 0.393609 0 0 0 0 0 0 0 0 0 0 0 0 0 0 0 0 0 0 0 0 0 0 0 0.393609 0 0 0 0 0 0 0 -3.52513 0.684477 0.684477 0 0.684477 0 0 0 0 0 0 0 0 0 0 0 0.684477 0 0 0 0 0 0 0 
0 0 0 0 0 0 0 0 0 0.393609 0 0 0 0 0 0 0 0 0 0 0 0 0 0 0 0 0 0 0 0 0 0 0 0.393609 0 0 0 0 0 0 0.393609 -4.26098 0 1.02672 0 1.02672 0 0 0 0 0 0 0 0 0 0 0 1.02672 0 0 0 0 0 0 
0 0 0 0 0 0 0 0 0 0 0.393609 0 0 0 0 0 0 0 0 0 0 0 0 0 0 0 0 0 0 0 0 0 0 0 0.393609 0 0 0 0 0 0.393609 0 -4.26098 1.02672 0 0 1.02672 0 0 0 0 0 0 0 0 0 0 0 1.02672 0 0 0 0 0 
0 0 0 0 0 0 0 0 0 0 0 0.393609 0 0 0 0 0 0 0 0 0 0 0 0 0 0 0 0 0 0 0 0 0 0 0 0.393609 0 0 0 0 0 0.393609 0.393609 -4.31235 0 0 0 1.36895 0 0 0 0 0 0 0 0 0 0 0 1.36895 0 0 0 0 
0 0 0 0 0 0 0 0 0 0 0 0 0.393609 0 0 0 0 0 0 0 0 0 0 0 0 0 0 0 0 0 0 0 0 0 0 0 0.393609 0 0 0 0.393609 0 0 0 -4.26098 1.02672 1.02672 0 0 0 0 0 0 0 0 0 0 0 0 0 1.02672 0 0 0 
0 0 0 0 0 0 0 0 0 0 0 0 0 0.393609 0 0 0 0 0 0 0 0 0 0 0 0 0 0 0 0 0 0 0 0 0 0 0 0.393609 0 0 0 0.393609 0 0 0.393609 -4.31235 0 1.36895 0 0 0 0 0 0 0 0 0 0 0 0 0 1.36895 0 0 
0 0 0 0 0 0 0 0 0 0 0 0 0 0 0.393609 0 0 0 0 0 0 0 0 0 0 0 0 0 0 0 0 0 0 0 0 0 0 0 0.393609 0 0 0 0.393609 0 0.393609 0 -4.31235 1.36895 0 0 0 0 0 0 0 0 0 0 0 0 0 0 1.36895 0 
0 0 0 0 0 0 0 0 0 0 0 0 0 0 0 0.393609 0 0 0 0 0 0 0 0 0 0 0 0 0 0 0 0 0 0 0 0 0 0 0 0.393609 0 0 0 0.393609 0 0.393609 0.393609 -3.67924 0 0 0 0 0 0 0 0 0 0 0 0 0 0 0 1.71119 
0 0 0 0 0 0 0 0 0 0 0 0 0 0 0 0 0.393609 0 0 0 0 0 0 0 0 0 0 0 0 0 0 0 0.393609 0 0 0 0 0 0 0 0 0 0 0 0 0 0 0 -3.52513 0.684477 0.684477 0 0.684477 0 0 0 0.684477 0 0 0 0 0 0 0 
0 0 0 0 0 0 0 0 0 0 0 0 0 0 0 0 0 0.393609 0 0 0 0 0 0 0 0 0 0 0 0 0 0 0 0.393609 0 0 0 0 0 0 0 0 0 0 0 0 0 0 0.393609 -4.26098 0 1.02672 0 1.02672 0 0 0 1.02672 0 0 0 0 0 0 
0 0 0 0 0 0 0 0 0 0 0 0 0 0 0 0 0 0 0.393609 0 0 0 0 0 0 0 0 0 0 0 0 0 0 0 0.393609 0 0 0 0 0 0 0 0 0 0 0 0 0 0.393609 0 -4.26098 1.02672 0 0 1.02672 0 0 0 1.02672 0 0 0 0 0 
0 0 0 0 0 0 0 0 0 0 0 0 0 0 0 0 0 0 0 0.393609 0 0 0 0 0 0 0 0 0 0 0 0 0 0 0 0.393609 0 0 0 0 0 0 0 0 0 0 0 0 0 0.393609 0.393609 -4.31235 0 0 0 1.36895 0 0 0 1.36895 0 0 0 0 
0 0 0 0 0 0 0 0 0 0 0 0 0 0 0 0 0 0 0 0 0.393609 0 0 0 0 0 0 0 0 0 0 0 0 0 0 0 0.393609 0 0 0 0 0 0 0 0 0 0 0 0.393609 0 0 0 -4.26098 1.02672 1.02672 0 0 0 0 0 1.02672 0 0 0 
0 0 0 0 0 0 0 0 0 0 0 0 0 0 0 0 0 0 0 0 0 0.393609 0 0 0 0 0 0 0 0 0 0 0 0 0 0 0 0.393609 0 0 0 0 0 0 0 0 0 0 0 0.393609 0 0 0.393609 -4.31235 0 1.36895 0 0 0 0 0 1.36895 0 0 
0 0 0 0 0 0 0 0 0 0 0 0 0 0 0 0 0 0 0 0 0 0 0.393609 0 0 0 0 0 0 0 0 0 0 0 0 0 0 0 0.393609 0 0 0 0 0 0 0 0 0 0 0 0.393609 0 0.393609 0 -4.31235 1.36895 0 0 0 0 0 0 1.36895 0 
0 0 0 0 0 0 0 0 0 0 0 0 0 0 0 0 0 0 0 0 0 0 0 0.393609 0 0 0 0 0 0 0 0 0 0 0 0 0 0 0 0.393609 0 0 0 0 0 0 0 0 0 0 0 0.393609 0 0.393609 0.393609 -3.67924 0 0 0 0 0 0 0 1.71119 
0 0 0 0 0 0 0 0 0 0 0 0 0 0 0 0 0 0 0 0 0 0 0 0 0.393609 0 0 0 0 0 0 0 0 0 0 0 0 0 0 0 0.393609 0 0 0 0 0 0 0 0.393609 0 0 0 0 0 0 0 -4.26098 1.02672 1.02672 0 1.02672 0 0 0 
0 0 0 0 0 0 0 0 0 0 0 0 0 0 0 0 0 0 0 0 0 0 0 0 0 0.393609 0 0 0 0 0 0 0 0 0 0 0 0 0 0 0 0.393609 0 0 0 0 0 0 0 0.393609 0 0 0 0 0 0 0.393609 -4.31235 0 1.36895 0 1.36895 0 0 
0 0 0 0 0 0 0 0 0 0 0 0 0 0 0 0 0 0 0 0 0 0 0 0 0 0 0.393609 0 0 0 0 0 0 0 0 0 0 0 0 0 0 0 0.393609 0 0 0 0 0 0 0 0.393609 0 0 0 0 0 0.393609 0 -4.31235 1.36895 0 0 1.36895 0 
0 0 0 0 0 0 0 0 0 0 0 0 0 0 0 0 0 0 0 0 0 0 0 0 0 0 0 0.393609 0 0 0 0 0 0 0 0 0 0 0 0 0 0 0 0.393609 0 0 0 0 0 0 0 0.393609 0 0 0 0 0 0.393609 0.393609 -3.67924 0 0 0 1.71119 
0 0 0 0 0 0 0 0 0 0 0 0 0 0 0 0 0 0 0 0 0 0 0 0 0 0 0 0 0.393609 0 0 0 0 0 0 0 0 0 0 0 0 0 0 0 0.393609 0 0 0 0 0 0 0 0.393609 0 0 0 0.393609 0 0 0 -4.31235 1.36895 1.36895 0 
0 0 0 0 0 0 0 0 0 0 0 0 0 0 0 0 0 0 0 0 0 0 0 0 0 0 0 0 0 0.393609 0 0 0 0 0 0 0 0 0 0 0 0 0 0 0 0.393609 0 0 0 0 0 0 0 0.393609 0 0 0 0.393609 0 0 0.393609 -3.67924 0 1.71119 
0 0 0 0 0 0 0 0 0 0 0 0 0 0 0 0 0 0 0 0 0 0 0 0 0 0 0 0 0 0 0.393609 0 0 0 0 0 0 0 0 0 0 0 0 0 0 0 0.393609 0 0 0 0 0 0 0 0.393609 0 0 0 0.393609 0 0.393609 0 -3.67924 1.71119 
0 0 0 0 0 0 0 0 0 0 0 0 0 0 0 0 0 0 0 0 0 0 0 0 0 0 0 0 0 0 0 0.393609 0 0 0 0 0 0 0 0 0 0 0 0 0 0 0 0.393609 0 0 0 0 0 0 0 0.393609 0 0 0 0.393609 0 0.393609 0.393609 -2.36166 
