64
-0 0 0 0 0 0 0 0 0 0 0 0 0 0 0 0 0 0 0 0 0 0 0 0 0 0 0 0 0 0 0 0 0 0 0 0 0 0 0 0 0 0 0 0 0 0 0 0 0 0 0 0 0 0 0 0 0 0 0 0 0 0 0 0 
0.427048 -2.21547 0 0.357685 0 0.357685 0 0 0 0.357685 0 0 0 0 0 0 0 0.357685 0 0 0 0 0 0 0 0 0 0 0 0 0 0 0 0.357685 0 0 0 0 0 0 0 0 0 0 0 0 0 0 0 0 0 0 0 0 0 0 0 0 0 0 0 0 0 0 
0.427048 0 -2.21547 0.357685 0 0 0.357685 0 0 0 0.357685 0 0 0 0 0 0 0 0.357685 0 0 0 0 0 0 0 0 0 0 0 0 0 0 0 0.357685 0 0 0 0 0 0 0 0 0 0 0 0 0 0 0 0 0 0 0 0 0 0 0 0 0 0 0 0 0 
0 0.427048 0.427048 -3.71558 0 0 0 0.715371 0 0 0 0.715371 0 0 0 0 0 0 0 0.715371 0 0 0 0 0 0 0 0 0 0 0 0 0 0 0 0.715371 0 0 0 0 0 0 0 0 0 0 0 0 0 0 0 0 0 0 0 0 0 0 0 0 0 0 0 0 
0.427048 0 0 0 -2.21547 0.357685 0.357685 0 0 0 0 0 0.357685 0 0 0 0 0 0 0 0.357685 0 0 0 0 0 0 0 0 0 0 0 0 0 0 0 0.357685 0 0 0 0 0 0 0 0 0 0 0 0 0 0 0 0 0 0 0 0 0 0 0 0 0 0 0 
0 0.427048 0 0 0.427048 -3.71558 0 0.715371 0 0 0 0 0 0.715371 0 0 0 0 0 0 0 0.715371 0 0 0 0 0 0 0 0 0 0 0 0 0 0 0 0.715371 0 0 0 0 0 0 0 0 0 0 0 0 0 0 0 0 0 0 0 0 0 0 0 0 0 0 
0 0 0.427048 0 0.427048 0 -3.71558 0.715371 0 0 0 0 0 0 0.715371 0 0 0 0 0 0 0 0.715371 0 0 0 0 0 0 0 0 0 0 0 0 0 0 0 0.715371 0 0 0 0 0 0 0 0 0 0 0 0 0 0 0 0 0 0 0 0 0 0 0 0 0 
0 0 0 0.427048 0 0.427048 0.427048 -4.50031 0 0 0 0 0 0 0 1.07306 0 0 0 0 0 0 0 1.07306 0 0 0 0 0 0 0 0 0 0 0 0 0 0 0 1.07306 0 0 0 0 0 0 0 0 0 0 0 0 0 0 0 0 0 0 0 0 0 0 0 0 
0.427048 0 0 0 0 0 0 0 -2.21547 0.357685 0.357685 0 0.357685 0 0 0 0 0 0 0 0 0 0 0 0.357685 0 0 0 0 0 0 0 0 0 0 0 0 0 0 0 0.357685 0 0 0 0 0 0 0 0 0 0 0 0 0 0 0 0 0 0 0 0 0 0 0 
0 0.427048 0 0 0 0 0 0 0.427048 -3.71558 0 0.715371 0 0.715371 0 0 0 0 0 0 0 0 0 0 0 0.715371 0 0 0 0 0 0 0 0 0 0 0 0 0 0 0 0.715371 0 0 0 0 0 0 0 0 0 0 0 0 0 0 0 0 0 0 0 0 0 0 
0 0 0.427048 0 0 0 0 0 0.427048 0 -3.71558 0.715371 0 0 0.715371 0 0 0 0 0 0 0 0 0 0 0 0.715371 0 0 0 0 0 0 0 0 0 0 0 0 0 0 0 0.715371 0 0 0 0 0 0 0 0 0 0 0 0 0 0 0 0 0 0 0 0 0 
0 0 0 0.427048 0 0 0 0 0 0.427048 0.427048 -4.50031 0 0 0 1.07306 0 0 0 0 0 0 0 0 0 0 0 1.07306 0 0 0 0 0 0 0 0 0 0 0 0 0 0 0 1.07306 0 0 0 0 0 0 0 0 0 0 0 0 0 0 0 0 0 0 0 0 
0 0 0 0 0.427048 0 0 0 0.427048 0 0 0 -3.71558 0.715371 0.715371 0 0 0 0 0 0 0 0 0 0 0 0 0 0.715371 0 0 0 0 0 0 0 0 0 0 0 0 0 0 0 0.715371 0 0 0 0 0 0 0 0 0 0 0 0 0 0 0 0 0 0 0 
0 0 0 0 0 0.427048 0 0 0 0.427048 0 0 0.427048 -4.50031 0 1.07306 0 0 0 0 0 0 0 0 0 0 0 0 0 1.07306 0 0 0 0 0 0 0 0 0 0 0 0 0 0 0 1.07306 0 0 0 0 0 0 0 0 0 0 0 0 0 0 0 0 0 0 
0 0 0 0 0 0 0.427048 0 0 0 0.427048 0 0.427048 0 -4.50031 1.07306 0 0 0 0 0 0 0 0 0 0 0 0 0 0 1.07306 0 0 0 0 0 0 0 0 0 0 0 0 0 0 0 1.07306 0 0 0 0 0 0 0 0 0 0 0 0 0 0 0 0 0 
0 0 0 0 0 0 0 0.427048 0 0 0 0.427048 0 0.427048 0.427048 -4.56968 0 0 0 0 0 0 0 0 0 0 0 0 0 0 0 1.43074 0 0 0 0 0 0 0 0 0 0 0 0 0 0 0 1.43074 0 0 0 0 0 0 0 0 0 0 0 0 0 0 0 0 
0.427048 0 0 0 0 0 0 0 0 0 0 0 0 0 0 0 -2.21547 0.357685 0.357685 0 0.357685 0 0 0 0.357685 0 0 0 0 0 0 0 0 0 0 0 0 0 0 0 0 0 0 0 0 0 0 0 0.357685 0 0 0 0 0 0 0 0 0 0 0 0 0 0 0 
0 0.427048 0 0 0 0 0 0 0 0 0 0 0 0 0 0 0.427048 -3.71558 0 0.715371 0 0.715371 0 0 0 0.715371 0 0 0 0 0 0 0 0 0 0 0 0 0 0 0 0 0 0 0 0 0 0 0 0.715371 0 0 0 0 0 0 0 0 0 0 0 0 0 0 
0 0 0.427048 0 0 0 0 0 0 0 0 0 0 0 0 0 0.427048 0 -3.71558 0.715371 0 0 0.715371 0 0 0 0.715371 0 0 0 0 0 0 0 0 0 0 0 0 0 0 0 0 0 0 0 0 0 0 0 0.715371 0 0 0 0 0 0 0 0 0 0 0 0 0 
0 0 0 0.427048 0 0 0 0 0 0 0 0 0 0 0 0 0 0.427048 0.427048 -4.50031 0 0 0 1.07306 0 0 0 1.07306 0 0 0 0 0 0 0 0 0 0 0 0 0 0 0 0 0 0 0 0 0 0 0 1.07306 0 0 0 0 0 0 0 0 0 0 0 0 
0 0 0 0 0.427048 0 0 0 0 0 0 0 0 0 0 0 0.427048 0 0 0 -3.71558 0.715371 0.715371 0 0 0 0 0 0.715371 0 0 0 0 0 0 0 0 0 0 0 0 0 0 0 0 0 0 0 0 0 0 0 0.715371 0 0 0 0 0 0 0 0 0 0 0 
0 0 0 0 0 0.427048 0 0 0 0 0 0 0 0 0 0 0 0.427048 0 0 0.427048 -4.50031 0 1.07306 0 0 0 0 0 1.07306 0 0 0 0 0 0 0 0 0 0 0 0 0 0 0 0 0 0 0 0 0 0 0 1.07306 0 0 0 0 0 0 0 0 0 0 
0 0 0 0 0 0 0.427048 0 0 0 0 0 0 0 0 0 0 0 0.427048 0 0.427048 0 -4.50031 1.07306 0 0 0 0 0 0 1.07306 0 0 0 0 0 0 0 0 0 0 0 0 0 0 0 0 0 0 0 0 0 0 0 1.07306 0 0 0 0 0 0 0 0 0 
0 0 0 0 0 0 0 0.427048 0 0 0 0 0 0 0 0 0 0 0 0.427048 0 0.427048 0.427048 -4.56968 0 0 0 0 0 0 0 1.43074 0 0 0 0 0 0 0 0 0 0 0 0 0 0 0 0 0 0 0 0 0 0 0 1.43074 0 0 0 0 0 0 0 0 
0 0 0 0 0 0 0 0 0.427048 0 0 0 0 0 0 0 0.427048 0 0 0 0 0 0 0 -3.71558 0.715371 0.715371 0 0.715371 0 0 0 0 0 0 0 0 0 0 0 0 0 0 0 0 0 0 0 0 0 0 0 0 0 0 0 0.715371 0 0 0 0 0 0 0 
0 0 0 0 0 0 0 0 0 0.427048 0 0 0 0 0 0 0 0.427048 0 0 0 0 0 0 0.427048 -4.50031 0 1.07306 0 1.07306 0 0 0 0 0 0 0 0 0 0 0 0 0 0 0 0 0 0 0 0 0 0 0 0 0 0 0 1.07306 0 0 0 0 0 0 
0 0 0 0 0 0 0 0 0 0 0.427048 0 0 0 0 0 0 0 0.427048 0 0 0 0 0 0.427048 0 -4.50031 1.07306 0 0 1.07306 0 0 0 0 0 0 0 0 0 0 0 0 0 0 0 0 0 0 0 0 0 0 0 0 0 0 0 1.07306 0 0 0 0 0 
0 0 0 0 0 0 0 0 0 0 0 0.427048 0 0 0 0 0 0 0 0.427048 0 0 0 0 0 0.427048 0.427048 -4.56968 0 0 0 1.43074 0 0 0 0 0 0 0 0 0 0 0 0 0 0 0 0 0 0 0 0 0 0 0 0 0 0 0 1.43074 0 0 0 0 
0 0 0 0 0 0 0 0 0 0 0 0 0.427048 0 0 0 0 0 0 0 0.427048 0 0 0 0.427048 0 0 0 -4.50031 1.07306 1.07306 0 0 0 0 0 0 0 0 0 0 0 0 0 0 0 0 0 0 0 0 0 0 0 0 0 0 0 0 0 1.07306 0 0 0 
0 0 0 0 0 0 0 0 0 0 0 0 0 0.427048 0 0 0 0 0 0 0 0.427048 0 0 0 0.427048 0 0 0.427048 -4.56968 0 1.43074 0 0 0 0 0 0 0 0 0 0 0 0 0 0 0 0 0 0 0 0 0 0 0 0 0 0 0 0 0 1.43074 0 0 
0 0 0 0 0 0 0 0 0 0 0 0 0 0 0.427048 0 0 0 0 0 0 0 0.427048 0 0 0 0.427048 0 0.427048 0 -4.56968 1.43074 0 0 0 0 0 0 0 0 0 0 0 0 0 0 0 0 0 0 0 0 0 0 0 0 0 0 0 0 0 0 1.43074 0 
0 0 0 0 0 0 0 0 0 0 0 0 0 0 0 0.427048 0 0 0 0 0 0 0 0.427048 0 0 0 0.427048 0 0.427048 0.427048 -3.92367 0 0 0 0 0 0 0 0 0 0 0 0 0 0 0 0 0 0 0 0 0 0 0 0 0 0 0 0 0 0 0 1.78843 
0.427048 0 0 0 0 0 0 0 0 0 0 0 0 0 0 0 0 0 0 0 0 0 0 0 0 0 0 0 0 0 0 0 -2.21547 0.357685 0.357685 0 0.357685 0 0 0 0.357685 0 0 0 0 0 0 0 0.357685 0 0 0 0 0 0 0 0 0 0 0 0 0 0 0 
0 0.427048 0 0 0 0 0 0 0 0 0 0 0 0 0 0 0 0 0 0 0 0 0 0 0 0 0 0 0 0 0 0 0.427048 -3.71558 0 0.715371 0 0.715371 0 0 0 0.715371 0 0 0 0 0 0 0 0.715371 0 0 0 0 0 0 0 0 0 0 0 0 0 0 
0 0 0.427048 0 0 0 0 0 0 0 0 0 0 0 0 0 0 0 0 0 0 0 0 0 0 0 0 0 0 0 0 0 0.427048 0 -3.71558 0.715371 0 0 0.715371 0 0 0 0.715371 0 0 0 0 0 0 0 0.715371 0 0 0 0 0 0 0 0 0 0 0 0 0 
0 0 0 0.427048 0 0 0 0 0 0 0 0 0 0 0 0 0 0 0 0 0 0 0 0 0 0 0 0 0 0 0 0 0 0.427048 0.427048 -4.50031 0 0 0 1.07306 0 0 0 1.07306 0 0 0 0 0 0 0 1.07306 0 0 0 0 0 0 0 0 0 0 0 0 
0 0 0 0 0.427048 0 0 0 0 0 0 0 0 0 0 0 0 0 0 0 0 0 0 0 0 0 0 0 0 0 0 0 0.427048 0 0 0 -3.71558 0.715371 0.715371 0 0 0 0 0 0.715371 0 0 0 0 0 0 0 0.715371 0 0 0 0 0 0 0 0 0 0 0 
0 0 0 0 0 0.427048 0 0 0 0 0 0 0 0 0 0 0 0 0 0 0 0 0 0 0 0 0 0 0 0 0 0 0 0.427048 0 0 0.427048 -4.50031 0 1.07306 0 0 0 0 0 1.07306 0 0 0 0 0 0 0 1.07306 0 0 0 0 0 0 0 0 0 0 
0 0 0 0 0 0 0.427048 0 0 0 0 0 0 0 0 0 0 0 0 0 0 0 0 0 0 0 0 0 0 0 0 0 0 0 0.427048 0 0.427048 0 -4.50031 1.07306 0 0 0 0 0 0 1.07306 0 0 0 0 0 0 0 1.07306 0 0 0 0 0 0 0 0 0 
0 0 0 0 0 0 0 0.427048 0 0 0 0 0 0 0 0 0 0 0 0 0 0 0 0 0 0 0 0 0 0 0 0 0 0 0 0.427048 0 0.427048 0.427048 -4.56968 0 0 0 0 0 0 0 1.43074 0 0 0 0 0 0 0 1.43074 0 0 0 0 0 0 0 0 
0 0 0 0 0 0 0 0 0.427048 0 0 0 0 0 0 0 0 0 0 0 0 0 0 0 0 0 0 0 0 0 0 0 0.427048 0 0 0 0 0 0 0 -3.71558 0.715371 0.715371 0 0.715371 0 0 0 0 0 0 0 0 0 0 0 0.715371 0 0 0 0 0 0 0 
0 0 0 0 0 0 0 0 0 0.427048 0 0 0 0 0 0 0 0 0 0 0 0 0 0 0 0 0 0 0 0 0 0 0 0.427048 0 0 0 0 0 0 0.427048 -4.50031 0 1.07306 0 1.07306 0 0 0 0 0 0 0 0 0 0 0 1.07306 0 0 0 0 0 0 
0 0 0 0 0 0 0 0 0 0 0.427048 0 0 0 0 0 0 0 0 0 0 0 0 0 0 0 0 0 0 0 0 0 0 0 0.427048 0 0 0 0 0 0.427048 0 -4.50031 1.07306 0 0 1.07306 0 0 0 0 0 0 0 0 0 0 0 1.07306 0 0 0 0 0 
0 0 0 0 0 0 0 0 0 0 0 0.427048 0 0 0 0 0 0 0 0 0 0 0 0 0 0 0 0 0 0 0 0 0 0 0 0.427048 0 0 0 0 0 0.427048 0.427048 -4.56968 0 0 0 1.43074 0 0 0 0 0 0 0 0 0 0 0 1.43074 0 0 0 0 
0 0 0 0 0 0 0 0 0 0 0 0 0.427048 0 0 0 0 0 0 0 0 0 0 0 0 0 0 0 0 0 0 0 0 0 0 0 0.427048 0 0 0 0.427048 0 0 0 -4.50031 1.07306 1.07306 0 0 0 0 0 0 0 0 0 0 0 0 0 1.07306 0 0 0 
0 0 0 0 0 0 0 0 0 0 0 0 0 0.427048 0 0 0 0 0 0 0 0 0 0 0 0 0 0 0 0 0 0 0 0 0 0 0 0.427048 0 0 0 0.427048 0 0 0.427048 -4.56968 0 1.43074 0 0 0 0 0 0 0 0 0 0 0 0 0 1.43074 0 0 
0 0 0 0 0 0 0 0 0 0 0 0 0 0 0.427048 0 0 0 0 0 0 0 0 0 0 0 0 0 0 0 0 0 0 0 0 0 0 0 0.427048 0 0 0 0.427048 0 0.427048 0 -4.56968 1.43074 0 0 0 0 0 0 0 0 0 0 0 0 0 0 1.43074 0 
0 0 0 0 0 0 0 0 0 0 0 0 0 0 0 0.427048 0 0 0 0 0 0 0 0 0 0 0 0 0 0 0 0 0 0 0 0 0 0 0 0.427048 0 0 0 0.427048 0 0.427048 0.427048 -3.92367 0 0 0 0 0 0 0 0 0 0 0 0 0 0 0 1.78843 
0 0 0 0 0 0 0 0 0 0 0 0 0 0 0 0 0.427048 0 0 0 0 0 0 0 0 0 0 0 0 0 0 0 0.427048 0 0 0 0 0 0 0 0 0 0 0 0 0 0 0 -3.71558 0.715371 0.715371 0 0.715371 0 0 0 0.715371 0 0 0 0 0 0 0 
0 0 0 0 0 0 0 0 0 0 0 0 0 0 0 0 0 0.427048 0 0 0 0 0 0 0 0 0 0 0 0 0 0 0 0.427048 0 0 0 0 0 0 0 0 0 0 0 0 0 0 0.427048 -4.50031 0 1.07306 0 1.07306 0 0 0 1.07306 0 0 0 0 0 0 
0 0 0 0 0 0 0 0 0 0 0 0 0 0 0 0 0 0 0.427048 0 0 0 0 0 0 0 0 0 0 0 0 0 0 0 0.427048 0 0 0 0 0 0 0 0 0 0 0 0 0 0.427048 0 -4.50031 1.07306 0 0 1.07306 0 0 0 1.07306 0 0 0 0 0 
0 0 0 0 0 0 0 0 0 0 0 0 0 0 0 0 0 0 0 0.427048 0 0 0 0 0 0 0 0 0 0 0 0 0 0 0 0.427048 0 0 0 0 0 0 0 0 0 0 0 0 0 0.427048 0.427048 -4.56968 0 0 0 1.43074 0 0 0 1.43074 0 0 0 0 
0 0 0 0 0 0 0 0 0 0 0 0 0 0 0 0 0 0 0 0 0.427048 0 0 0 0 0 0 0 0 0 0 0 0 0 0 0 0.427048 0 0 0 0 0 0 0 0 0 0 0 0.427048 0 0 0 -4.50031 1.07306 1.07306 0 0 0 0 0 1.07306 0 0 0 
0 0 0 0 0 0 0 0 0 0 0 0 0 0 0 0 0 0 0 0 0 0.427048 0 0 0 0 0 0 0 0 0 0 0 0 0 0 0 0.427048 0 0 0 0 0 0 0 0 0 0 0 0.427048 0 0 0.427048 -4.56968 0 1.43074 0 0 0 0 0 1.43074 0 0 
0 0 0 0 0 0 0 0 0 0 0 0 0 0 0 0 0 0 0 0 0 0 0.427048 0 0 0 0 0 0 0 0 0 0 0 0 0 0 0 0.427048 0 0 0 0 0 0 0 0 0 0 0 0.427048 0 0.427048 0 -4.56968 1.43074 0 0 0 0 0 0 1.43074 0 
0 0 0 0 0 0 0 0 0 0 0 0 0 0 0 0 0 0 0 0 0 0 0 0.427048 0 0 0 0 0 0 0 0 0 0 0 0 0 0 0 0.427048 0 0 0 0 0 0 0 0 0 0 0 0.427048 0 0.427048 0.427048 -3.92367 0 0 0 0 0 0 0 1.78843 
0 0 0 0 0 0 0 0 0 0 0 0 0 0 0 0 0 0 0 0 0 0 0 0 0.427048 0 0 0 0 0 0 0 0 0 0 0 0 0 0 0 0.427048 0 0 0 0 0 0 0 0.427048 0 0 0 0 0 0 0 -4.50031 1.07306 1.07306 0 1.07306 0 0 0 
0 0 0 0 0 0 0 0 0 0 0 0 0 0 0 0 0 0 0 0 0 0 0 0 0 0.427048 0 0 0 0 0 0 0 0 0 0 0 0 0 0 0 0.427048 0 0 0 0 0 0 0 0.427048 0 0 0 0 0 0 0.427048 -4.56968 0 1.43074 0 1.43074 0 0 
0 0 0 0 0 0 0 0 0 0 0 0 0 0 0 0 0 0 0 0 0 0 0 0 0 0 0.427048 0 0 0 0 0 0 0 0 0 0 0 0 0 0 0 0.427048 0 0 0 0 0 0 0 0.427048 0 0 0 0 0 0.427048 0 -4.56968 1.43074 0 0 1.43074 0 
0 0 0 0 0 0 0 0 0 0 0 0 0 0 0 0 0 0 0 0 0 0 0 0 0 0 0 0.427048 0 0 0 0 0 0 0 0 0 0 0 0 0 0 0 0.427048 0 0 0 0 0 0 0 0.427048 0 0 0 0 0 0.427048 0.427048 -3.92367 0 0 0 1.78843 
0 0 0 0 0 0 0 0 0 0 0 0 0 0 0 0 0 0 0 0 0 0 0 0 0 0 0 0 0.427048 0 0 0 0 0 0 0 0 0 0 0 0 0 0 0 0.427048 0 0 0 0 0 0 0 0.427048 0 0 0 0.427048 0 0 0 -4.56968 1.43074 1.43074 0 
0 0 0 0 0 0 0 0 0 0 0 0 0 0 0 0 0 0 0 0 0 0 0 0 0 0 0 0 0 0.427048 0 0 0 0 0 0 0 0 0 0 0 0 0 0 0 0.427048 0 0 0 0 0 0 0 0.427048 0 0 0 0.427048 0 0 0.427048 -3.92367 0 1.78843 
0 0 0 0 0 0 0 0 0 0 0 0 0 0 0 0 0 0 0 0 0 0 0 0 0 0 0 0 0 0 0.427048 0 0 0 0 0 0 0 0 0 0 0 0 0 0 0 0.427048 0 0 0 0 0 0 0 0.427048 0 0 0 0.427048 0 0.427048 0 -3.92367 1.78843 
0 0 0 0 0 0 0 0 0 0 0 0 0 0 0 0 0 0 0 0 0 0 0 0 0 0 0 0 0 0 0 0.427048 0 0 0 0 0 0 0 0 0 0 0 0 0 0 0 0.427048 0 0 0 0 0 0 0 0.427048 0 0 0 0.427048 0 0.427048 0.427048 -2.56229 
