32
-0 0 0 0 0 0 0 0 0 0 0 0 0 0 0 0 0 0 0 0 0 0 0 0 0 0 0 0 0 0 0 0 
0.564793 -2.86333 0 0.574635 0 0.574635 0 0 0 0.574635 0 0 0 0 0 0 0 0.574635 0 0 0 0 0 0 0 0 0 0 0 0 0 0 
0.564793 0 -2.86333 0.574635 0 0 0.574635 0 0 0 0.574635 0 0 0 0 0 0 0 0.574635 0 0 0 0 0 0 0 0 0 0 0 0 0 
0 0.564793 0.564793 -4.57739 0 0 0 1.14927 0 0 0 1.14927 0 0 0 0 0 0 0 1.14927 0 0 0 0 0 0 0 0 0 0 0 0 
0.564793 0 0 0 -2.86333 0.574635 0.574635 0 0 0 0 0 0.574635 0 0 0 0 0 0 0 0.574635 0 0 0 0 0 0 0 0 0 0 0 
0 0.564793 0 0 0.564793 -4.57739 0 1.14927 0 0 0 0 0 1.14927 0 0 0 0 0 0 0 1.14927 0 0 0 0 0 0 0 0 0 0 
0 0 0.564793 0 0.564793 0 -4.57739 1.14927 0 0 0 0 0 0 1.14927 0 0 0 0 0 0 0 1.14927 0 0 0 0 0 0 0 0 0 
0 0 0 0.564793 0 0.564793 0.564793 -5.14219 0 0 0 0 0 0 0 1.7239 0 0 0 0 0 0 0 1.7239 0 0 0 0 0 0 0 0 
0.564793 0 0 0 0 0 0 0 -2.86333 0.574635 0.574635 0 0.574635 0 0 0 0 0 0 0 0 0 0 0 0.574635 0 0 0 0 0 0 0 
0 0.564793 0 0 0 0 0 0 0.564793 -4.57739 0 1.14927 0 1.14927 0 0 0 0 0 0 0 0 0 0 0 1.14927 0 0 0 0 0 0 
0 0 0.564793 0 0 0 0 0 0.564793 0 -4.57739 1.14927 0 0 1.14927 0 0 0 0 0 0 0 0 0 0 0 1.14927 0 0 0 0 0 
0 0 0 0.564793 0 0 0 0 0 0.564793 0.564793 -5.14219 0 0 0 1.7239 0 0 0 0 0 0 0 0 0 0 0 1.7239 0 0 0 0 
0 0 0 0 0.564793 0 0 0 0.564793 0 0 0 -4.57739 1.14927 1.14927 0 0 0 0 0 0 0 0 0 0 0 0 0 1.14927 0 0 0 
0 0 0 0 0 0.564793 0 0 0 0.564793 0 0 0.564793 -5.14219 0 1.7239 0 0 0 0 0 0 0 0 0 0 0 0 0 1.7239 0 0 
0 0 0 0 0 0 0.564793 0 0 0 0.564793 0 0.564793 0 -5.14219 1.7239 0 0 0 0 0 0 0 0 0 0 0 0 0 0 1.7239 0 
0 0 0 0 0 0 0 0.564793 0 0 0 0.564793 0 0.564793 0.564793 -4.55771 0 0 0 0 0 0 0 0 0 0 0 0 0 0 0 2.29854 
0.564793 0 0 0 0 0 0 0 0 0 0 0 0 0 0 0 -2.86333 0.574635 0.574635 0 0.574635 0 0 0 0.574635 0 0 0 0 0 0 0 
0 0.564793 0 0 0 0 0 0 0 0 0 0 0 0 0 0 0.564793 -4.57739 0 1.14927 0 1.14927 0 0 0 1.14927 0 0 0 0 0 0 
0 0 0.564793 0 0 0 0 0 0 0 0 0 0 0 0 0 0.564793 0 -4.57739 1.14927 0 0 1.14927 0 0 0 1.14927 0 0 0 0 0 
0 0 0 0.564793 0 0 0 0 0 0 0 0 0 0 0 0 0 0.564793 0.564793 -5.14219 0 0 0 1.7239 0 0 0 1.7239 0 0 0 0 
0 0 0 0 0.564793 0 0 0 0 0 0 0 0 0 0 0 0.564793 0 0 0 -4.57739 1.14927 1.14927 0 0 0 0 0 1.14927 0 0 0 
0 0 0 0 0 0.564793 0 0 0 0 0 0 0 0 0 0 0 0.564793 0 0 0.564793 -5.14219 0 1.7239 0 0 0 0 0 1.7239 0 0 
0 0 0 0 0 0 0.564793 0 0 0 0 0 0 0 0 0 0 0 0.564793 0 0.564793 0 -5.14219 1.7239 0 0 0 0 0 0 1.7239 0 
0 0 0 0 0 0 0 0.564793 0 0 0 0 0 0 0 0 0 0 0 0.564793 0 0.564793 0.564793 -4.55771 0 0 0 0 0 0 0 2.29854 
0 0 0 0 0 0 0 0 0.564793 0 0 0 0 0 0 0 0.564793 0 0 0 0 0 0 0 -4.57739 1.14927 1.14927 0 1.14927 0 0 0 
0 0 0 0 0 0 0 0 0 0.564793 0 0 0 0 0 0 0 0.564793 0 0 0 0 0 0 0.564793 -5.14219 0 1.7239 0 1.7239 0 0 
0 0 0 0 0 0 0 0 0 0 0.564793 0 0 0 0 0 0 0 0.564793 0 0 0 0 0 0.564793 0 -5.14219 1.7239 0 0 1.7239 0 
0 0 0 0 0 0 0 0 0 0 0 0.564793 0 0 0 0 0 0 0 0.564793 0 0 0 0 0 0.564793 0.564793 -4.55771 0 0 0 2.29854 
0 0 0 0 0 0 0 0 0 0 0 0 0.564793 0 0 0 0 0 0 0 0.564793 0 0 0 0.564793 0 0 0 -5.14219 1.7239 1.7239 0 
0 0 0 0 0 0 0 0 0 0 0 0 0 0.564793 0 0 0 0 0 0 0 0.564793 0 0 0 0.564793 0 0 0.564793 -4.55771 0 2.29854 
0 0 0 0 0 0 0 0 0 0 0 0 0 0 0.564793 0 0 0 0 0 0 0 0.564793 0 0 0 0.564793 0 0.564793 0 -4.55771 2.29854 
0 0 0 0 0 0 0 0 0 0 0 0 0 0 0 0.564793 0 0 0 0 0 0 0 0.564793 0 0 0 0.564793 0 0.564793 0.564793 -2.82396 
