32
-0 0 0 0 0 0 0 0 0 0 0 0 0 0 0 0 0 0 0 0 0 0 0 0 0 0 0 0 0 0 0 0 
0.284349 -1.61844 0 0.333522 0 0.333522 0 0 0 0.333522 0 0 0 0 0 0 0 0.333522 0 0 0 0 0 0 0 0 0 0 0 0 0 0 
0.284349 0 -1.61844 0.333522 0 0 0.333522 0 0 0 0.333522 0 0 0 0 0 0 0 0.333522 0 0 0 0 0 0 0 0 0 0 0 0 0 
0 0.284349 0.284349 -2.56983 0 0 0 0.667043 0 0 0 0.667043 0 0 0 0 0 0 0 0.667043 0 0 0 0 0 0 0 0 0 0 0 0 
0.284349 0 0 0 -1.61844 0.333522 0.333522 0 0 0 0 0 0.333522 0 0 0 0 0 0 0 0.333522 0 0 0 0 0 0 0 0 0 0 0 
0 0.284349 0 0 0.284349 -2.56983 0 0.667043 0 0 0 0 0 0.667043 0 0 0 0 0 0 0 0.667043 0 0 0 0 0 0 0 0 0 0 
0 0 0.284349 0 0.284349 0 -2.56983 0.667043 0 0 0 0 0 0 0.667043 0 0 0 0 0 0 0 0.667043 0 0 0 0 0 0 0 0 0 
0 0 0 0.284349 0 0.284349 0.284349 -2.85418 0 0 0 0 0 0 0 1.00056 0 0 0 0 0 0 0 1.00056 0 0 0 0 0 0 0 0 
0.284349 0 0 0 0 0 0 0 -1.61844 0.333522 0.333522 0 0.333522 0 0 0 0 0 0 0 0 0 0 0 0.333522 0 0 0 0 0 0 0 
0 0.284349 0 0 0 0 0 0 0.284349 -2.56983 0 0.667043 0 0.667043 0 0 0 0 0 0 0 0 0 0 0 0.667043 0 0 0 0 0 0 
0 0 0.284349 0 0 0 0 0 0.284349 0 -2.56983 0.667043 0 0 0.667043 0 0 0 0 0 0 0 0 0 0 0 0.667043 0 0 0 0 0 
0 0 0 0.284349 0 0 0 0 0 0.284349 0.284349 -2.85418 0 0 0 1.00056 0 0 0 0 0 0 0 0 0 0 0 1.00056 0 0 0 0 
0 0 0 0 0.284349 0 0 0 0.284349 0 0 0 -2.56983 0.667043 0.667043 0 0 0 0 0 0 0 0 0 0 0 0 0 0.667043 0 0 0 
0 0 0 0 0 0.284349 0 0 0 0.284349 0 0 0.284349 -2.85418 0 1.00056 0 0 0 0 0 0 0 0 0 0 0 0 0 1.00056 0 0 
0 0 0 0 0 0 0.284349 0 0 0 0.284349 0 0.284349 0 -2.85418 1.00056 0 0 0 0 0 0 0 0 0 0 0 0 0 0 1.00056 0 
0 0 0 0 0 0 0 0.284349 0 0 0 0.284349 0 0.284349 0.284349 -2.47148 0 0 0 0 0 0 0 0 0 0 0 0 0 0 0 1.33409 
0.284349 0 0 0 0 0 0 0 0 0 0 0 0 0 0 0 -1.61844 0.333522 0.333522 0 0.333522 0 0 0 0.333522 0 0 0 0 0 0 0 
0 0.284349 0 0 0 0 0 0 0 0 0 0 0 0 0 0 0.284349 -2.56983 0 0.667043 0 0.667043 0 0 0 0.667043 0 0 0 0 0 0 
0 0 0.284349 0 0 0 0 0 0 0 0 0 0 0 0 0 0.284349 0 -2.56983 0.667043 0 0 0.667043 0 0 0 0.667043 0 0 0 0 0 
0 0 0 0.284349 0 0 0 0 0 0 0 0 0 0 0 0 0 0.284349 0.284349 -2.85418 0 0 0 1.00056 0 0 0 1.00056 0 0 0 0 
0 0 0 0 0.284349 0 0 0 0 0 0 0 0 0 0 0 0.284349 0 0 0 -2.56983 0.667043 0.667043 0 0 0 0 0 0.667043 0 0 0 
0 0 0 0 0 0.284349 0 0 0 0 0 0 0 0 0 0 0 0.284349 0 0 0.284349 -2.85418 0 1.00056 0 0 0 0 0 1.00056 0 0 
0 0 0 0 0 0 0.284349 0 0 0 0 0 0 0 0 0 0 0 0.284349 0 0.284349 0 -2.85418 1.00056 0 0 0 0 0 0 1.00056 0 
0 0 0 0 0 0 0 0.284349 0 0 0 0 0 0 0 0 0 0 0 0.284349 0 0.284349 0.284349 -2.47148 0 0 0 0 0 0 0 1.33409 
0 0 0 0 0 0 0 0 0.284349 0 0 0 0 0 0 0 0.284349 0 0 0 0 0 0 0 -2.56983 0.667043 0.667043 0 0.667043 0 0 0 
0 0 0 0 0 0 0 0 0 0.284349 0 0 0 0 0 0 0 0.284349 0 0 0 0 0 0 0.284349 -2.85418 0 1.00056 0 1.00056 0 0 
0 0 0 0 0 0 0 0 0 0 0.284349 0 0 0 0 0 0 0 0.284349 0 0 0 0 0 0.284349 0 -2.85418 1.00056 0 0 1.00056 0 
0 0 0 0 0 0 0 0 0 0 0 0.284349 0 0 0 0 0 0 0 0.284349 0 0 0 0 0 0.284349 0.284349 -2.47148 0 0 0 1.33409 
0 0 0 0 0 0 0 0 0 0 0 0 0.284349 0 0 0 0 0 0 0 0.284349 0 0 0 0.284349 0 0 0 -2.85418 1.00056 1.00056 0 
0 0 0 0 0 0 0 0 0 0 0 0 0 0.284349 0 0 0 0 0 0 0 0.284349 0 0 0 0.284349 0 0 0.284349 -2.47148 0 1.33409 
0 0 0 0 0 0 0 0 0 0 0 0 0 0 0.284349 0 0 0 0 0 0 0 0.284349 0 0 0 0.284349 0 0.284349 0 -2.47148 1.33409 
0 0 0 0 0 0 0 0 0 0 0 0 0 0 0 0.284349 0 0 0 0 0 0 0 0.284349 0 0 0 0.284349 0 0.284349 0.284349 -1.42174 
