64
-0 0 0 0 0 0 0 0 0 0 0 0 0 0 0 0 0 0 0 0 0 0 0 0 0 0 0 0 0 0 0 0 0 0 0 0 0 0 0 0 0 0 0 0 0 0 0 0 0 0 0 0 0 0 0 0 0 0 0 0 0 0 0 0 
1.53902 -7.63172 0 1.21854 0 1.21854 0 0 0 1.21854 0 0 0 0 0 0 0 1.21854 0 0 0 0 0 0 0 0 0 0 0 0 0 0 0 1.21854 0 0 0 0 0 0 0 0 0 0 0 0 0 0 0 0 0 0 0 0 0 0 0 0 0 0 0 0 0 0 
1.53902 0 -7.63172 1.21854 0 0 1.21854 0 0 0 1.21854 0 0 0 0 0 0 0 1.21854 0 0 0 0 0 0 0 0 0 0 0 0 0 0 0 1.21854 0 0 0 0 0 0 0 0 0 0 0 0 0 0 0 0 0 0 0 0 0 0 0 0 0 0 0 0 0 
0 1.53902 1.53902 -12.8264 0 0 0 2.43708 0 0 0 2.43708 0 0 0 0 0 0 0 2.43708 0 0 0 0 0 0 0 0 0 0 0 0 0 0 0 2.43708 0 0 0 0 0 0 0 0 0 0 0 0 0 0 0 0 0 0 0 0 0 0 0 0 0 0 0 0 
1.53902 0 0 0 -7.63172 1.21854 1.21854 0 0 0 0 0 1.21854 0 0 0 0 0 0 0 1.21854 0 0 0 0 0 0 0 0 0 0 0 0 0 0 0 1.21854 0 0 0 0 0 0 0 0 0 0 0 0 0 0 0 0 0 0 0 0 0 0 0 0 0 0 0 
0 1.53902 0 0 1.53902 -12.8264 0 2.43708 0 0 0 0 0 2.43708 0 0 0 0 0 0 0 2.43708 0 0 0 0 0 0 0 0 0 0 0 0 0 0 0 2.43708 0 0 0 0 0 0 0 0 0 0 0 0 0 0 0 0 0 0 0 0 0 0 0 0 0 0 
0 0 1.53902 0 1.53902 0 -12.8264 2.43708 0 0 0 0 0 0 2.43708 0 0 0 0 0 0 0 2.43708 0 0 0 0 0 0 0 0 0 0 0 0 0 0 0 2.43708 0 0 0 0 0 0 0 0 0 0 0 0 0 0 0 0 0 0 0 0 0 0 0 0 0 
0 0 0 1.53902 0 1.53902 1.53902 -15.5839 0 0 0 0 0 0 0 3.65562 0 0 0 0 0 0 0 3.65562 0 0 0 0 0 0 0 0 0 0 0 0 0 0 0 3.65562 0 0 0 0 0 0 0 0 0 0 0 0 0 0 0 0 0 0 0 0 0 0 0 0 
1.53902 0 0 0 0 0 0 0 -7.63172 1.21854 1.21854 0 1.21854 0 0 0 0 0 0 0 0 0 0 0 1.21854 0 0 0 0 0 0 0 0 0 0 0 0 0 0 0 1.21854 0 0 0 0 0 0 0 0 0 0 0 0 0 0 0 0 0 0 0 0 0 0 0 
0 1.53902 0 0 0 0 0 0 1.53902 -12.8264 0 2.43708 0 2.43708 0 0 0 0 0 0 0 0 0 0 0 2.43708 0 0 0 0 0 0 0 0 0 0 0 0 0 0 0 2.43708 0 0 0 0 0 0 0 0 0 0 0 0 0 0 0 0 0 0 0 0 0 0 
0 0 1.53902 0 0 0 0 0 1.53902 0 -12.8264 2.43708 0 0 2.43708 0 0 0 0 0 0 0 0 0 0 0 2.43708 0 0 0 0 0 0 0 0 0 0 0 0 0 0 0 2.43708 0 0 0 0 0 0 0 0 0 0 0 0 0 0 0 0 0 0 0 0 0 
0 0 0 1.53902 0 0 0 0 0 1.53902 1.53902 -15.5839 0 0 0 3.65562 0 0 0 0 0 0 0 0 0 0 0 3.65562 0 0 0 0 0 0 0 0 0 0 0 0 0 0 0 3.65562 0 0 0 0 0 0 0 0 0 0 0 0 0 0 0 0 0 0 0 0 
0 0 0 0 1.53902 0 0 0 1.53902 0 0 0 -12.8264 2.43708 2.43708 0 0 0 0 0 0 0 0 0 0 0 0 0 2.43708 0 0 0 0 0 0 0 0 0 0 0 0 0 0 0 2.43708 0 0 0 0 0 0 0 0 0 0 0 0 0 0 0 0 0 0 0 
0 0 0 0 0 1.53902 0 0 0 1.53902 0 0 1.53902 -15.5839 0 3.65562 0 0 0 0 0 0 0 0 0 0 0 0 0 3.65562 0 0 0 0 0 0 0 0 0 0 0 0 0 0 0 3.65562 0 0 0 0 0 0 0 0 0 0 0 0 0 0 0 0 0 0 
0 0 0 0 0 0 1.53902 0 0 0 1.53902 0 1.53902 0 -15.5839 3.65562 0 0 0 0 0 0 0 0 0 0 0 0 0 0 3.65562 0 0 0 0 0 0 0 0 0 0 0 0 0 0 0 3.65562 0 0 0 0 0 0 0 0 0 0 0 0 0 0 0 0 0 
0 0 0 0 0 0 0 1.53902 0 0 0 1.53902 0 1.53902 1.53902 -15.9044 0 0 0 0 0 0 0 0 0 0 0 0 0 0 0 4.87416 0 0 0 0 0 0 0 0 0 0 0 0 0 0 0 4.87416 0 0 0 0 0 0 0 0 0 0 0 0 0 0 0 0 
1.53902 0 0 0 0 0 0 0 0 0 0 0 0 0 0 0 -7.63172 1.21854 1.21854 0 1.21854 0 0 0 1.21854 0 0 0 0 0 0 0 0 0 0 0 0 0 0 0 0 0 0 0 0 0 0 0 1.21854 0 0 0 0 0 0 0 0 0 0 0 0 0 0 0 
0 1.53902 0 0 0 0 0 0 0 0 0 0 0 0 0 0 1.53902 -12.8264 0 2.43708 0 2.43708 0 0 0 2.43708 0 0 0 0 0 0 0 0 0 0 0 0 0 0 0 0 0 0 0 0 0 0 0 2.43708 0 0 0 0 0 0 0 0 0 0 0 0 0 0 
0 0 1.53902 0 0 0 0 0 0 0 0 0 0 0 0 0 1.53902 0 -12.8264 2.43708 0 0 2.43708 0 0 0 2.43708 0 0 0 0 0 0 0 0 0 0 0 0 0 0 0 0 0 0 0 0 0 0 0 2.43708 0 0 0 0 0 0 0 0 0 0 0 0 0 
0 0 0 1.53902 0 0 0 0 0 0 0 0 0 0 0 0 0 1.53902 1.53902 -15.5839 0 0 0 3.65562 0 0 0 3.65562 0 0 0 0 0 0 0 0 0 0 0 0 0 0 0 0 0 0 0 0 0 0 0 3.65562 0 0 0 0 0 0 0 0 0 0 0 0 
0 0 0 0 1.53902 0 0 0 0 0 0 0 0 0 0 0 1.53902 0 0 0 -12.8264 2.43708 2.43708 0 0 0 0 0 2.43708 0 0 0 0 0 0 0 0 0 0 0 0 0 0 0 0 0 0 0 0 0 0 0 2.43708 0 0 0 0 0 0 0 0 0 0 0 
0 0 0 0 0 1.53902 0 0 0 0 0 0 0 0 0 0 0 1.53902 0 0 1.53902 -15.5839 0 3.65562 0 0 0 0 0 3.65562 0 0 0 0 0 0 0 0 0 0 0 0 0 0 0 0 0 0 0 0 0 0 0 3.65562 0 0 0 0 0 0 0 0 0 0 
0 0 0 0 0 0 1.53902 0 0 0 0 0 0 0 0 0 0 0 1.53902 0 1.53902 0 -15.5839 3.65562 0 0 0 0 0 0 3.65562 0 0 0 0 0 0 0 0 0 0 0 0 0 0 0 0 0 0 0 0 0 0 0 3.65562 0 0 0 0 0 0 0 0 0 
0 0 0 0 0 0 0 1.53902 0 0 0 0 0 0 0 0 0 0 0 1.53902 0 1.53902 1.53902 -15.9044 0 0 0 0 0 0 0 4.87416 0 0 0 0 0 0 0 0 0 0 0 0 0 0 0 0 0 0 0 0 0 0 0 4.87416 0 0 0 0 0 0 0 0 
0 0 0 0 0 0 0 0 1.53902 0 0 0 0 0 0 0 1.53902 0 0 0 0 0 0 0 -12.8264 2.43708 2.43708 0 2.43708 0 0 0 0 0 0 0 0 0 0 0 0 0 0 0 0 0 0 0 0 0 0 0 0 0 0 0 2.43708 0 0 0 0 0 0 0 
0 0 0 0 0 0 0 0 0 1.53902 0 0 0 0 0 0 0 1.53902 0 0 0 0 0 0 1.53902 -15.5839 0 3.65562 0 3.65562 0 0 0 0 0 0 0 0 0 0 0 0 0 0 0 0 0 0 0 0 0 0 0 0 0 0 0 3.65562 0 0 0 0 0 0 
0 0 0 0 0 0 0 0 0 0 1.53902 0 0 0 0 0 0 0 1.53902 0 0 0 0 0 1.53902 0 -15.5839 3.65562 0 0 3.65562 0 0 0 0 0 0 0 0 0 0 0 0 0 0 0 0 0 0 0 0 0 0 0 0 0 0 0 3.65562 0 0 0 0 0 
0 0 0 0 0 0 0 0 0 0 0 1.53902 0 0 0 0 0 0 0 1.53902 0 0 0 0 0 1.53902 1.53902 -15.9044 0 0 0 4.87416 0 0 0 0 0 0 0 0 0 0 0 0 0 0 0 0 0 0 0 0 0 0 0 0 0 0 0 4.87416 0 0 0 0 
0 0 0 0 0 0 0 0 0 0 0 0 1.53902 0 0 0 0 0 0 0 1.53902 0 0 0 1.53902 0 0 0 -15.5839 3.65562 3.65562 0 0 0 0 0 0 0 0 0 0 0 0 0 0 0 0 0 0 0 0 0 0 0 0 0 0 0 0 0 3.65562 0 0 0 
0 0 0 0 0 0 0 0 0 0 0 0 0 1.53902 0 0 0 0 0 0 0 1.53902 0 0 0 1.53902 0 0 1.53902 -15.9044 0 4.87416 0 0 0 0 0 0 0 0 0 0 0 0 0 0 0 0 0 0 0 0 0 0 0 0 0 0 0 0 0 4.87416 0 0 
0 0 0 0 0 0 0 0 0 0 0 0 0 0 1.53902 0 0 0 0 0 0 0 1.53902 0 0 0 1.53902 0 1.53902 0 -15.9044 4.87416 0 0 0 0 0 0 0 0 0 0 0 0 0 0 0 0 0 0 0 0 0 0 0 0 0 0 0 0 0 0 4.87416 0 
0 0 0 0 0 0 0 0 0 0 0 0 0 0 0 1.53902 0 0 0 0 0 0 0 1.53902 0 0 0 1.53902 0 1.53902 1.53902 -13.7878 0 0 0 0 0 0 0 0 0 0 0 0 0 0 0 0 0 0 0 0 0 0 0 0 0 0 0 0 0 0 0 6.0927 
1.53902 0 0 0 0 0 0 0 0 0 0 0 0 0 0 0 0 0 0 0 0 0 0 0 0 0 0 0 0 0 0 0 -7.63172 1.21854 1.21854 0 1.21854 0 0 0 1.21854 0 0 0 0 0 0 0 1.21854 0 0 0 0 0 0 0 0 0 0 0 0 0 0 0 
0 1.53902 0 0 0 0 0 0 0 0 0 0 0 0 0 0 0 0 0 0 0 0 0 0 0 0 0 0 0 0 0 0 1.53902 -12.8264 0 2.43708 0 2.43708 0 0 0 2.43708 0 0 0 0 0 0 0 2.43708 0 0 0 0 0 0 0 0 0 0 0 0 0 0 
0 0 1.53902 0 0 0 0 0 0 0 0 0 0 0 0 0 0 0 0 0 0 0 0 0 0 0 0 0 0 0 0 0 1.53902 0 -12.8264 2.43708 0 0 2.43708 0 0 0 2.43708 0 0 0 0 0 0 0 2.43708 0 0 0 0 0 0 0 0 0 0 0 0 0 
0 0 0 1.53902 0 0 0 0 0 0 0 0 0 0 0 0 0 0 0 0 0 0 0 0 0 0 0 0 0 0 0 0 0 1.53902 1.53902 -15.5839 0 0 0 3.65562 0 0 0 3.65562 0 0 0 0 0 0 0 3.65562 0 0 0 0 0 0 0 0 0 0 0 0 
0 0 0 0 1.53902 0 0 0 0 0 0 0 0 0 0 0 0 0 0 0 0 0 0 0 0 0 0 0 0 0 0 0 1.53902 0 0 0 -12.8264 2.43708 2.43708 0 0 0 0 0 2.43708 0 0 0 0 0 0 0 2.43708 0 0 0 0 0 0 0 0 0 0 0 
0 0 0 0 0 1.53902 0 0 0 0 0 0 0 0 0 0 0 0 0 0 0 0 0 0 0 0 0 0 0 0 0 0 0 1.53902 0 0 1.53902 -15.5839 0 3.65562 0 0 0 0 0 3.65562 0 0 0 0 0 0 0 3.65562 0 0 0 0 0 0 0 0 0 0 
0 0 0 0 0 0 1.53902 0 0 0 0 0 0 0 0 0 0 0 0 0 0 0 0 0 0 0 0 0 0 0 0 0 0 0 1.53902 0 1.53902 0 -15.5839 3.65562 0 0 0 0 0 0 3.65562 0 0 0 0 0 0 0 3.65562 0 0 0 0 0 0 0 0 0 
0 0 0 0 0 0 0 1.53902 0 0 0 0 0 0 0 0 0 0 0 0 0 0 0 0 0 0 0 0 0 0 0 0 0 0 0 1.53902 0 1.53902 1.53902 -15.9044 0 0 0 0 0 0 0 4.87416 0 0 0 0 0 0 0 4.87416 0 0 0 0 0 0 0 0 
0 0 0 0 0 0 0 0 1.53902 0 0 0 0 0 0 0 0 0 0 0 0 0 0 0 0 0 0 0 0 0 0 0 1.53902 0 0 0 0 0 0 0 -12.8264 2.43708 2.43708 0 2.43708 0 0 0 0 0 0 0 0 0 0 0 2.43708 0 0 0 0 0 0 0 
0 0 0 0 0 0 0 0 0 1.53902 0 0 0 0 0 0 0 0 0 0 0 0 0 0 0 0 0 0 0 0 0 0 0 1.53902 0 0 0 0 0 0 1.53902 -15.5839 0 3.65562 0 3.65562 0 0 0 0 0 0 0 0 0 0 0 3.65562 0 0 0 0 0 0 
0 0 0 0 0 0 0 0 0 0 1.53902 0 0 0 0 0 0 0 0 0 0 0 0 0 0 0 0 0 0 0 0 0 0 0 1.53902 0 0 0 0 0 1.53902 0 -15.5839 3.65562 0 0 3.65562 0 0 0 0 0 0 0 0 0 0 0 3.65562 0 0 0 0 0 
0 0 0 0 0 0 0 0 0 0 0 1.53902 0 0 0 0 0 0 0 0 0 0 0 0 0 0 0 0 0 0 0 0 0 0 0 1.53902 0 0 0 0 0 1.53902 1.53902 -15.9044 0 0 0 4.87416 0 0 0 0 0 0 0 0 0 0 0 4.87416 0 0 0 0 
0 0 0 0 0 0 0 0 0 0 0 0 1.53902 0 0 0 0 0 0 0 0 0 0 0 0 0 0 0 0 0 0 0 0 0 0 0 1.53902 0 0 0 1.53902 0 0 0 -15.5839 3.65562 3.65562 0 0 0 0 0 0 0 0 0 0 0 0 0 3.65562 0 0 0 
0 0 0 0 0 0 0 0 0 0 0 0 0 1.53902 0 0 0 0 0 0 0 0 0 0 0 0 0 0 0 0 0 0 0 0 0 0 0 1.53902 0 0 0 1.53902 0 0 1.53902 -15.9044 0 4.87416 0 0 0 0 0 0 0 0 0 0 0 0 0 4.87416 0 0 
0 0 0 0 0 0 0 0 0 0 0 0 0 0 1.53902 0 0 0 0 0 0 0 0 0 0 0 0 0 0 0 0 0 0 0 0 0 0 0 1.53902 0 0 0 1.53902 0 1.53902 0 -15.9044 4.87416 0 0 0 0 0 0 0 0 0 0 0 0 0 0 4.87416 0 
0 0 0 0 0 0 0 0 0 0 0 0 0 0 0 1.53902 0 0 0 0 0 0 0 0 0 0 0 0 0 0 0 0 0 0 0 0 0 0 0 1.53902 0 0 0 1.53902 0 1.53902 1.53902 -13.7878 0 0 0 0 0 0 0 0 0 0 0 0 0 0 0 6.0927 
0 0 0 0 0 0 0 0 0 0 0 0 0 0 0 0 1.53902 0 0 0 0 0 0 0 0 0 0 0 0 0 0 0 1.53902 0 0 0 0 0 0 0 0 0 0 0 0 0 0 0 -12.8264 2.43708 2.43708 0 2.43708 0 0 0 2.43708 0 0 0 0 0 0 0 
0 0 0 0 0 0 0 0 0 0 0 0 0 0 0 0 0 1.53902 0 0 0 0 0 0 0 0 0 0 0 0 0 0 0 1.53902 0 0 0 0 0 0 0 0 0 0 0 0 0 0 1.53902 -15.5839 0 3.65562 0 3.65562 0 0 0 3.65562 0 0 0 0 0 0 
0 0 0 0 0 0 0 0 0 0 0 0 0 0 0 0 0 0 1.53902 0 0 0 0 0 0 0 0 0 0 0 0 0 0 0 1.53902 0 0 0 0 0 0 0 0 0 0 0 0 0 1.53902 0 -15.5839 3.65562 0 0 3.65562 0 0 0 3.65562 0 0 0 0 0 
0 0 0 0 0 0 0 0 0 0 0 0 0 0 0 0 0 0 0 1.53902 0 0 0 0 0 0 0 0 0 0 0 0 0 0 0 1.53902 0 0 0 0 0 0 0 0 0 0 0 0 0 1.53902 1.53902 -15.9044 0 0 0 4.87416 0 0 0 4.87416 0 0 0 0 
0 0 0 0 0 0 0 0 0 0 0 0 0 0 0 0 0 0 0 0 1.53902 0 0 0 0 0 0 0 0 0 0 0 0 0 0 0 1.53902 0 0 0 0 0 0 0 0 0 0 0 1.53902 0 0 0 -15.5839 3.65562 3.65562 0 0 0 0 0 3.65562 0 0 0 
0 0 0 0 0 0 0 0 0 0 0 0 0 0 0 0 0 0 0 0 0 1.53902 0 0 0 0 0 0 0 0 0 0 0 0 0 0 0 1.53902 0 0 0 0 0 0 0 0 0 0 0 1.53902 0 0 1.53902 -15.9044 0 4.87416 0 0 0 0 0 4.87416 0 0 
0 0 0 0 0 0 0 0 0 0 0 0 0 0 0 0 0 0 0 0 0 0 1.53902 0 0 0 0 0 0 0 0 0 0 0 0 0 0 0 1.53902 0 0 0 0 0 0 0 0 0 0 0 1.53902 0 1.53902 0 -15.9044 4.87416 0 0 0 0 0 0 4.87416 0 
0 0 0 0 0 0 0 0 0 0 0 0 0 0 0 0 0 0 0 0 0 0 0 1.53902 0 0 0 0 0 0 0 0 0 0 0 0 0 0 0 1.53902 0 0 0 0 0 0 0 0 0 0 0 1.53902 0 1.53902 1.53902 -13.7878 0 0 0 0 0 0 0 6.0927 
0 0 0 0 0 0 0 0 0 0 0 0 0 0 0 0 0 0 0 0 0 0 0 0 1.53902 0 0 0 0 0 0 0 0 0 0 0 0 0 0 0 1.53902 0 0 0 0 0 0 0 1.53902 0 0 0 0 0 0 0 -15.5839 3.65562 3.65562 0 3.65562 0 0 0 
0 0 0 0 0 0 0 0 0 0 0 0 0 0 0 0 0 0 0 0 0 0 0 0 0 1.53902 0 0 0 0 0 0 0 0 0 0 0 0 0 0 0 1.53902 0 0 0 0 0 0 0 1.53902 0 0 0 0 0 0 1.53902 -15.9044 0 4.87416 0 4.87416 0 0 
0 0 0 0 0 0 0 0 0 0 0 0 0 0 0 0 0 0 0 0 0 0 0 0 0 0 1.53902 0 0 0 0 0 0 0 0 0 0 0 0 0 0 0 1.53902 0 0 0 0 0 0 0 1.53902 0 0 0 0 0 1.53902 0 -15.9044 4.87416 0 0 4.87416 0 
0 0 0 0 0 0 0 0 0 0 0 0 0 0 0 0 0 0 0 0 0 0 0 0 0 0 0 1.53902 0 0 0 0 0 0 0 0 0 0 0 0 0 0 0 1.53902 0 0 0 0 0 0 0 1.53902 0 0 0 0 0 1.53902 1.53902 -13.7878 0 0 0 6.0927 
0 0 0 0 0 0 0 0 0 0 0 0 0 0 0 0 0 0 0 0 0 0 0 0 0 0 0 0 1.53902 0 0 0 0 0 0 0 0 0 0 0 0 0 0 0 1.53902 0 0 0 0 0 0 0 1.53902 0 0 0 1.53902 0 0 0 -15.9044 4.87416 4.87416 0 
0 0 0 0 0 0 0 0 0 0 0 0 0 0 0 0 0 0 0 0 0 0 0 0 0 0 0 0 0 1.53902 0 0 0 0 0 0 0 0 0 0 0 0 0 0 0 1.53902 0 0 0 0 0 0 0 1.53902 0 0 0 1.53902 0 0 1.53902 -13.7878 0 6.0927 
0 0 0 0 0 0 0 0 0 0 0 0 0 0 0 0 0 0 0 0 0 0 0 0 0 0 0 0 0 0 1.53902 0 0 0 0 0 0 0 0 0 0 0 0 0 0 0 1.53902 0 0 0 0 0 0 0 1.53902 0 0 0 1.53902 0 1.53902 0 -13.7878 6.0927 
0 0 0 0 0 0 0 0 0 0 0 0 0 0 0 0 0 0 0 0 0 0 0 0 0 0 0 0 0 0 0 1.53902 0 0 0 0 0 0 0 0 0 0 0 0 0 0 0 1.53902 0 0 0 0 0 0 0 1.53902 0 0 0 1.53902 0 1.53902 1.53902 -9.2341 
