64
-0 0 0 0 0 0 0 0 0 0 0 0 0 0 0 0 0 0 0 0 0 0 0 0 0 0 0 0 0 0 0 0 0 0 0 0 0 0 0 0 0 0 0 0 0 0 0 0 0 0 0 0 0 0 0 0 0 0 0 0 0 0 0 0 
0.170976 -1.24921 0 0.215647 0 0.215647 0 0 0 0.215647 0 0 0 0 0 0 0 0.215647 0 0 0 0 0 0 0 0 0 0 0 0 0 0 0 0.215647 0 0 0 0 0 0 0 0 0 0 0 0 0 0 0 0 0 0 0 0 0 0 0 0 0 0 0 0 0 0 
0.170976 0 -1.24921 0.215647 0 0 0.215647 0 0 0 0.215647 0 0 0 0 0 0 0 0.215647 0 0 0 0 0 0 0 0 0 0 0 0 0 0 0 0.215647 0 0 0 0 0 0 0 0 0 0 0 0 0 0 0 0 0 0 0 0 0 0 0 0 0 0 0 0 0 
0 0.170976 0.170976 -2.06713 0 0 0 0.431294 0 0 0 0.431294 0 0 0 0 0 0 0 0.431294 0 0 0 0 0 0 0 0 0 0 0 0 0 0 0 0.431294 0 0 0 0 0 0 0 0 0 0 0 0 0 0 0 0 0 0 0 0 0 0 0 0 0 0 0 0 
0.170976 0 0 0 -1.24921 0.215647 0.215647 0 0 0 0 0 0.215647 0 0 0 0 0 0 0 0.215647 0 0 0 0 0 0 0 0 0 0 0 0 0 0 0 0.215647 0 0 0 0 0 0 0 0 0 0 0 0 0 0 0 0 0 0 0 0 0 0 0 0 0 0 0 
0 0.170976 0 0 0.170976 -2.06713 0 0.431294 0 0 0 0 0 0.431294 0 0 0 0 0 0 0 0.431294 0 0 0 0 0 0 0 0 0 0 0 0 0 0 0 0.431294 0 0 0 0 0 0 0 0 0 0 0 0 0 0 0 0 0 0 0 0 0 0 0 0 0 0 
0 0 0.170976 0 0.170976 0 -2.06713 0.431294 0 0 0 0 0 0 0.431294 0 0 0 0 0 0 0 0.431294 0 0 0 0 0 0 0 0 0 0 0 0 0 0 0 0.431294 0 0 0 0 0 0 0 0 0 0 0 0 0 0 0 0 0 0 0 0 0 0 0 0 0 
0 0 0 0.170976 0 0.170976 0.170976 -2.45375 0 0 0 0 0 0 0 0.646941 0 0 0 0 0 0 0 0.646941 0 0 0 0 0 0 0 0 0 0 0 0 0 0 0 0.646941 0 0 0 0 0 0 0 0 0 0 0 0 0 0 0 0 0 0 0 0 0 0 0 0 
0.170976 0 0 0 0 0 0 0 -1.24921 0.215647 0.215647 0 0.215647 0 0 0 0 0 0 0 0 0 0 0 0.215647 0 0 0 0 0 0 0 0 0 0 0 0 0 0 0 0.215647 0 0 0 0 0 0 0 0 0 0 0 0 0 0 0 0 0 0 0 0 0 0 0 
0 0.170976 0 0 0 0 0 0 0.170976 -2.06713 0 0.431294 0 0.431294 0 0 0 0 0 0 0 0 0 0 0 0.431294 0 0 0 0 0 0 0 0 0 0 0 0 0 0 0 0.431294 0 0 0 0 0 0 0 0 0 0 0 0 0 0 0 0 0 0 0 0 0 0 
0 0 0.170976 0 0 0 0 0 0.170976 0 -2.06713 0.431294 0 0 0.431294 0 0 0 0 0 0 0 0 0 0 0 0.431294 0 0 0 0 0 0 0 0 0 0 0 0 0 0 0 0.431294 0 0 0 0 0 0 0 0 0 0 0 0 0 0 0 0 0 0 0 0 0 
0 0 0 0.170976 0 0 0 0 0 0.170976 0.170976 -2.45375 0 0 0 0.646941 0 0 0 0 0 0 0 0 0 0 0 0.646941 0 0 0 0 0 0 0 0 0 0 0 0 0 0 0 0.646941 0 0 0 0 0 0 0 0 0 0 0 0 0 0 0 0 0 0 0 0 
0 0 0 0 0.170976 0 0 0 0.170976 0 0 0 -2.06713 0.431294 0.431294 0 0 0 0 0 0 0 0 0 0 0 0 0 0.431294 0 0 0 0 0 0 0 0 0 0 0 0 0 0 0 0.431294 0 0 0 0 0 0 0 0 0 0 0 0 0 0 0 0 0 0 0 
0 0 0 0 0 0.170976 0 0 0 0.170976 0 0 0.170976 -2.45375 0 0.646941 0 0 0 0 0 0 0 0 0 0 0 0 0 0.646941 0 0 0 0 0 0 0 0 0 0 0 0 0 0 0 0.646941 0 0 0 0 0 0 0 0 0 0 0 0 0 0 0 0 0 0 
0 0 0 0 0 0 0.170976 0 0 0 0.170976 0 0.170976 0 -2.45375 0.646941 0 0 0 0 0 0 0 0 0 0 0 0 0 0 0.646941 0 0 0 0 0 0 0 0 0 0 0 0 0 0 0 0.646941 0 0 0 0 0 0 0 0 0 0 0 0 0 0 0 0 0 
0 0 0 0 0 0 0 0.170976 0 0 0 0.170976 0 0.170976 0.170976 -2.40908 0 0 0 0 0 0 0 0 0 0 0 0 0 0 0 0.862588 0 0 0 0 0 0 0 0 0 0 0 0 0 0 0 0.862588 0 0 0 0 0 0 0 0 0 0 0 0 0 0 0 0 
0.170976 0 0 0 0 0 0 0 0 0 0 0 0 0 0 0 -1.24921 0.215647 0.215647 0 0.215647 0 0 0 0.215647 0 0 0 0 0 0 0 0 0 0 0 0 0 0 0 0 0 0 0 0 0 0 0 0.215647 0 0 0 0 0 0 0 0 0 0 0 0 0 0 0 
0 0.170976 0 0 0 0 0 0 0 0 0 0 0 0 0 0 0.170976 -2.06713 0 0.431294 0 0.431294 0 0 0 0.431294 0 0 0 0 0 0 0 0 0 0 0 0 0 0 0 0 0 0 0 0 0 0 0 0.431294 0 0 0 0 0 0 0 0 0 0 0 0 0 0 
0 0 0.170976 0 0 0 0 0 0 0 0 0 0 0 0 0 0.170976 0 -2.06713 0.431294 0 0 0.431294 0 0 0 0.431294 0 0 0 0 0 0 0 0 0 0 0 0 0 0 0 0 0 0 0 0 0 0 0 0.431294 0 0 0 0 0 0 0 0 0 0 0 0 0 
0 0 0 0.170976 0 0 0 0 0 0 0 0 0 0 0 0 0 0.170976 0.170976 -2.45375 0 0 0 0.646941 0 0 0 0.646941 0 0 0 0 0 0 0 0 0 0 0 0 0 0 0 0 0 0 0 0 0 0 0 0.646941 0 0 0 0 0 0 0 0 0 0 0 0 
0 0 0 0 0.170976 0 0 0 0 0 0 0 0 0 0 0 0.170976 0 0 0 -2.06713 0.431294 0.431294 0 0 0 0 0 0.431294 0 0 0 0 0 0 0 0 0 0 0 0 0 0 0 0 0 0 0 0 0 0 0 0.431294 0 0 0 0 0 0 0 0 0 0 0 
0 0 0 0 0 0.170976 0 0 0 0 0 0 0 0 0 0 0 0.170976 0 0 0.170976 -2.45375 0 0.646941 0 0 0 0 0 0.646941 0 0 0 0 0 0 0 0 0 0 0 0 0 0 0 0 0 0 0 0 0 0 0 0.646941 0 0 0 0 0 0 0 0 0 0 
0 0 0 0 0 0 0.170976 0 0 0 0 0 0 0 0 0 0 0 0.170976 0 0.170976 0 -2.45375 0.646941 0 0 0 0 0 0 0.646941 0 0 0 0 0 0 0 0 0 0 0 0 0 0 0 0 0 0 0 0 0 0 0 0.646941 0 0 0 0 0 0 0 0 0 
0 0 0 0 0 0 0 0.170976 0 0 0 0 0 0 0 0 0 0 0 0.170976 0 0.170976 0.170976 -2.40908 0 0 0 0 0 0 0 0.862588 0 0 0 0 0 0 0 0 0 0 0 0 0 0 0 0 0 0 0 0 0 0 0 0.862588 0 0 0 0 0 0 0 0 
0 0 0 0 0 0 0 0 0.170976 0 0 0 0 0 0 0 0.170976 0 0 0 0 0 0 0 -2.06713 0.431294 0.431294 0 0.431294 0 0 0 0 0 0 0 0 0 0 0 0 0 0 0 0 0 0 0 0 0 0 0 0 0 0 0 0.431294 0 0 0 0 0 0 0 
0 0 0 0 0 0 0 0 0 0.170976 0 0 0 0 0 0 0 0.170976 0 0 0 0 0 0 0.170976 -2.45375 0 0.646941 0 0.646941 0 0 0 0 0 0 0 0 0 0 0 0 0 0 0 0 0 0 0 0 0 0 0 0 0 0 0 0.646941 0 0 0 0 0 0 
0 0 0 0 0 0 0 0 0 0 0.170976 0 0 0 0 0 0 0 0.170976 0 0 0 0 0 0.170976 0 -2.45375 0.646941 0 0 0.646941 0 0 0 0 0 0 0 0 0 0 0 0 0 0 0 0 0 0 0 0 0 0 0 0 0 0 0 0.646941 0 0 0 0 0 
0 0 0 0 0 0 0 0 0 0 0 0.170976 0 0 0 0 0 0 0 0.170976 0 0 0 0 0 0.170976 0.170976 -2.40908 0 0 0 0.862588 0 0 0 0 0 0 0 0 0 0 0 0 0 0 0 0 0 0 0 0 0 0 0 0 0 0 0 0.862588 0 0 0 0 
0 0 0 0 0 0 0 0 0 0 0 0 0.170976 0 0 0 0 0 0 0 0.170976 0 0 0 0.170976 0 0 0 -2.45375 0.646941 0.646941 0 0 0 0 0 0 0 0 0 0 0 0 0 0 0 0 0 0 0 0 0 0 0 0 0 0 0 0 0 0.646941 0 0 0 
0 0 0 0 0 0 0 0 0 0 0 0 0 0.170976 0 0 0 0 0 0 0 0.170976 0 0 0 0.170976 0 0 0.170976 -2.40908 0 0.862588 0 0 0 0 0 0 0 0 0 0 0 0 0 0 0 0 0 0 0 0 0 0 0 0 0 0 0 0 0 0.862588 0 0 
0 0 0 0 0 0 0 0 0 0 0 0 0 0 0.170976 0 0 0 0 0 0 0 0.170976 0 0 0 0.170976 0 0.170976 0 -2.40908 0.862588 0 0 0 0 0 0 0 0 0 0 0 0 0 0 0 0 0 0 0 0 0 0 0 0 0 0 0 0 0 0 0.862588 0 
0 0 0 0 0 0 0 0 0 0 0 0 0 0 0 0.170976 0 0 0 0 0 0 0 0.170976 0 0 0 0.170976 0 0.170976 0.170976 -1.93312 0 0 0 0 0 0 0 0 0 0 0 0 0 0 0 0 0 0 0 0 0 0 0 0 0 0 0 0 0 0 0 1.07823 
0.170976 0 0 0 0 0 0 0 0 0 0 0 0 0 0 0 0 0 0 0 0 0 0 0 0 0 0 0 0 0 0 0 -1.24921 0.215647 0.215647 0 0.215647 0 0 0 0.215647 0 0 0 0 0 0 0 0.215647 0 0 0 0 0 0 0 0 0 0 0 0 0 0 0 
0 0.170976 0 0 0 0 0 0 0 0 0 0 0 0 0 0 0 0 0 0 0 0 0 0 0 0 0 0 0 0 0 0 0.170976 -2.06713 0 0.431294 0 0.431294 0 0 0 0.431294 0 0 0 0 0 0 0 0.431294 0 0 0 0 0 0 0 0 0 0 0 0 0 0 
0 0 0.170976 0 0 0 0 0 0 0 0 0 0 0 0 0 0 0 0 0 0 0 0 0 0 0 0 0 0 0 0 0 0.170976 0 -2.06713 0.431294 0 0 0.431294 0 0 0 0.431294 0 0 0 0 0 0 0 0.431294 0 0 0 0 0 0 0 0 0 0 0 0 0 
0 0 0 0.170976 0 0 0 0 0 0 0 0 0 0 0 0 0 0 0 0 0 0 0 0 0 0 0 0 0 0 0 0 0 0.170976 0.170976 -2.45375 0 0 0 0.646941 0 0 0 0.646941 0 0 0 0 0 0 0 0.646941 0 0 0 0 0 0 0 0 0 0 0 0 
0 0 0 0 0.170976 0 0 0 0 0 0 0 0 0 0 0 0 0 0 0 0 0 0 0 0 0 0 0 0 0 0 0 0.170976 0 0 0 -2.06713 0.431294 0.431294 0 0 0 0 0 0.431294 0 0 0 0 0 0 0 0.431294 0 0 0 0 0 0 0 0 0 0 0 
0 0 0 0 0 0.170976 0 0 0 0 0 0 0 0 0 0 0 0 0 0 0 0 0 0 0 0 0 0 0 0 0 0 0 0.170976 0 0 0.170976 -2.45375 0 0.646941 0 0 0 0 0 0.646941 0 0 0 0 0 0 0 0.646941 0 0 0 0 0 0 0 0 0 0 
0 0 0 0 0 0 0.170976 0 0 0 0 0 0 0 0 0 0 0 0 0 0 0 0 0 0 0 0 0 0 0 0 0 0 0 0.170976 0 0.170976 0 -2.45375 0.646941 0 0 0 0 0 0 0.646941 0 0 0 0 0 0 0 0.646941 0 0 0 0 0 0 0 0 0 
0 0 0 0 0 0 0 0.170976 0 0 0 0 0 0 0 0 0 0 0 0 0 0 0 0 0 0 0 0 0 0 0 0 0 0 0 0.170976 0 0.170976 0.170976 -2.40908 0 0 0 0 0 0 0 0.862588 0 0 0 0 0 0 0 0.862588 0 0 0 0 0 0 0 0 
0 0 0 0 0 0 0 0 0.170976 0 0 0 0 0 0 0 0 0 0 0 0 0 0 0 0 0 0 0 0 0 0 0 0.170976 0 0 0 0 0 0 0 -2.06713 0.431294 0.431294 0 0.431294 0 0 0 0 0 0 0 0 0 0 0 0.431294 0 0 0 0 0 0 0 
0 0 0 0 0 0 0 0 0 0.170976 0 0 0 0 0 0 0 0 0 0 0 0 0 0 0 0 0 0 0 0 0 0 0 0.170976 0 0 0 0 0 0 0.170976 -2.45375 0 0.646941 0 0.646941 0 0 0 0 0 0 0 0 0 0 0 0.646941 0 0 0 0 0 0 
0 0 0 0 0 0 0 0 0 0 0.170976 0 0 0 0 0 0 0 0 0 0 0 0 0 0 0 0 0 0 0 0 0 0 0 0.170976 0 0 0 0 0 0.170976 0 -2.45375 0.646941 0 0 0.646941 0 0 0 0 0 0 0 0 0 0 0 0.646941 0 0 0 0 0 
0 0 0 0 0 0 0 0 0 0 0 0.170976 0 0 0 0 0 0 0 0 0 0 0 0 0 0 0 0 0 0 0 0 0 0 0 0.170976 0 0 0 0 0 0.170976 0.170976 -2.40908 0 0 0 0.862588 0 0 0 0 0 0 0 0 0 0 0 0.862588 0 0 0 0 
0 0 0 0 0 0 0 0 0 0 0 0 0.170976 0 0 0 0 0 0 0 0 0 0 0 0 0 0 0 0 0 0 0 0 0 0 0 0.170976 0 0 0 0.170976 0 0 0 -2.45375 0.646941 0.646941 0 0 0 0 0 0 0 0 0 0 0 0 0 0.646941 0 0 0 
0 0 0 0 0 0 0 0 0 0 0 0 0 0.170976 0 0 0 0 0 0 0 0 0 0 0 0 0 0 0 0 0 0 0 0 0 0 0 0.170976 0 0 0 0.170976 0 0 0.170976 -2.40908 0 0.862588 0 0 0 0 0 0 0 0 0 0 0 0 0 0.862588 0 0 
0 0 0 0 0 0 0 0 0 0 0 0 0 0 0.170976 0 0 0 0 0 0 0 0 0 0 0 0 0 0 0 0 0 0 0 0 0 0 0 0.170976 0 0 0 0.170976 0 0.170976 0 -2.40908 0.862588 0 0 0 0 0 0 0 0 0 0 0 0 0 0 0.862588 0 
0 0 0 0 0 0 0 0 0 0 0 0 0 0 0 0.170976 0 0 0 0 0 0 0 0 0 0 0 0 0 0 0 0 0 0 0 0 0 0 0 0.170976 0 0 0 0.170976 0 0.170976 0.170976 -1.93312 0 0 0 0 0 0 0 0 0 0 0 0 0 0 0 1.07823 
0 0 0 0 0 0 0 0 0 0 0 0 0 0 0 0 0.170976 0 0 0 0 0 0 0 0 0 0 0 0 0 0 0 0.170976 0 0 0 0 0 0 0 0 0 0 0 0 0 0 0 -2.06713 0.431294 0.431294 0 0.431294 0 0 0 0.431294 0 0 0 0 0 0 0 
0 0 0 0 0 0 0 0 0 0 0 0 0 0 0 0 0 0.170976 0 0 0 0 0 0 0 0 0 0 0 0 0 0 0 0.170976 0 0 0 0 0 0 0 0 0 0 0 0 0 0 0.170976 -2.45375 0 0.646941 0 0.646941 0 0 0 0.646941 0 0 0 0 0 0 
0 0 0 0 0 0 0 0 0 0 0 0 0 0 0 0 0 0 0.170976 0 0 0 0 0 0 0 0 0 0 0 0 0 0 0 0.170976 0 0 0 0 0 0 0 0 0 0 0 0 0 0.170976 0 -2.45375 0.646941 0 0 0.646941 0 0 0 0.646941 0 0 0 0 0 
0 0 0 0 0 0 0 0 0 0 0 0 0 0 0 0 0 0 0 0.170976 0 0 0 0 0 0 0 0 0 0 0 0 0 0 0 0.170976 0 0 0 0 0 0 0 0 0 0 0 0 0 0.170976 0.170976 -2.40908 0 0 0 0.862588 0 0 0 0.862588 0 0 0 0 
0 0 0 0 0 0 0 0 0 0 0 0 0 0 0 0 0 0 0 0 0.170976 0 0 0 0 0 0 0 0 0 0 0 0 0 0 0 0.170976 0 0 0 0 0 0 0 0 0 0 0 0.170976 0 0 0 -2.45375 0.646941 0.646941 0 0 0 0 0 0.646941 0 0 0 
0 0 0 0 0 0 0 0 0 0 0 0 0 0 0 0 0 0 0 0 0 0.170976 0 0 0 0 0 0 0 0 0 0 0 0 0 0 0 0.170976 0 0 0 0 0 0 0 0 0 0 0 0.170976 0 0 0.170976 -2.40908 0 0.862588 0 0 0 0 0 0.862588 0 0 
0 0 0 0 0 0 0 0 0 0 0 0 0 0 0 0 0 0 0 0 0 0 0.170976 0 0 0 0 0 0 0 0 0 0 0 0 0 0 0 0.170976 0 0 0 0 0 0 0 0 0 0 0 0.170976 0 0.170976 0 -2.40908 0.862588 0 0 0 0 0 0 0.862588 0 
0 0 0 0 0 0 0 0 0 0 0 0 0 0 0 0 0 0 0 0 0 0 0 0.170976 0 0 0 0 0 0 0 0 0 0 0 0 0 0 0 0.170976 0 0 0 0 0 0 0 0 0 0 0 0.170976 0 0.170976 0.170976 -1.93312 0 0 0 0 0 0 0 1.07823 
0 0 0 0 0 0 0 0 0 0 0 0 0 0 0 0 0 0 0 0 0 0 0 0 0.170976 0 0 0 0 0 0 0 0 0 0 0 0 0 0 0 0.170976 0 0 0 0 0 0 0 0.170976 0 0 0 0 0 0 0 -2.45375 0.646941 0.646941 0 0.646941 0 0 0 
0 0 0 0 0 0 0 0 0 0 0 0 0 0 0 0 0 0 0 0 0 0 0 0 0 0.170976 0 0 0 0 0 0 0 0 0 0 0 0 0 0 0 0.170976 0 0 0 0 0 0 0 0.170976 0 0 0 0 0 0 0.170976 -2.40908 0 0.862588 0 0.862588 0 0 
0 0 0 0 0 0 0 0 0 0 0 0 0 0 0 0 0 0 0 0 0 0 0 0 0 0 0.170976 0 0 0 0 0 0 0 0 0 0 0 0 0 0 0 0.170976 0 0 0 0 0 0 0 0.170976 0 0 0 0 0 0.170976 0 -2.40908 0.862588 0 0 0.862588 0 
0 0 0 0 0 0 0 0 0 0 0 0 0 0 0 0 0 0 0 0 0 0 0 0 0 0 0 0.170976 0 0 0 0 0 0 0 0 0 0 0 0 0 0 0 0.170976 0 0 0 0 0 0 0 0.170976 0 0 0 0 0 0.170976 0.170976 -1.93312 0 0 0 1.07823 
0 0 0 0 0 0 0 0 0 0 0 0 0 0 0 0 0 0 0 0 0 0 0 0 0 0 0 0 0.170976 0 0 0 0 0 0 0 0 0 0 0 0 0 0 0 0.170976 0 0 0 0 0 0 0 0.170976 0 0 0 0.170976 0 0 0 -2.40908 0.862588 0.862588 0 
0 0 0 0 0 0 0 0 0 0 0 0 0 0 0 0 0 0 0 0 0 0 0 0 0 0 0 0 0 0.170976 0 0 0 0 0 0 0 0 0 0 0 0 0 0 0 0.170976 0 0 0 0 0 0 0 0.170976 0 0 0 0.170976 0 0 0.170976 -1.93312 0 1.07823 
0 0 0 0 0 0 0 0 0 0 0 0 0 0 0 0 0 0 0 0 0 0 0 0 0 0 0 0 0 0 0.170976 0 0 0 0 0 0 0 0 0 0 0 0 0 0 0 0.170976 0 0 0 0 0 0 0 0.170976 0 0 0 0.170976 0 0.170976 0 -1.93312 1.07823 
0 0 0 0 0 0 0 0 0 0 0 0 0 0 0 0 0 0 0 0 0 0 0 0 0 0 0 0 0 0 0 0.170976 0 0 0 0 0 0 0 0 0 0 0 0 0 0 0 0.170976 0 0 0 0 0 0 0 0.170976 0 0 0 0.170976 0 0.170976 0.170976 -1.02586 
