64
-0 0 0 0 0 0 0 0 0 0 0 0 0 0 0 0 0 0 0 0 0 0 0 0 0 0 0 0 0 0 0 0 0 0 0 0 0 0 0 0 0 0 0 0 0 0 0 0 0 0 0 0 0 0 0 0 0 0 0 0 0 0 0 0 
0.272549 -1.6137 0 0.268231 0 0.268231 0 0 0 0.268231 0 0 0 0 0 0 0 0.268231 0 0 0 0 0 0 0 0 0 0 0 0 0 0 0 0.268231 0 0 0 0 0 0 0 0 0 0 0 0 0 0 0 0 0 0 0 0 0 0 0 0 0 0 0 0 0 0 
0.272549 0 -1.6137 0.268231 0 0 0.268231 0 0 0 0.268231 0 0 0 0 0 0 0 0.268231 0 0 0 0 0 0 0 0 0 0 0 0 0 0 0 0.268231 0 0 0 0 0 0 0 0 0 0 0 0 0 0 0 0 0 0 0 0 0 0 0 0 0 0 0 0 0 
0 0.272549 0.272549 -2.69094 0 0 0 0.536461 0 0 0 0.536461 0 0 0 0 0 0 0 0.536461 0 0 0 0 0 0 0 0 0 0 0 0 0 0 0 0.536461 0 0 0 0 0 0 0 0 0 0 0 0 0 0 0 0 0 0 0 0 0 0 0 0 0 0 0 0 
0.272549 0 0 0 -1.6137 0.268231 0.268231 0 0 0 0 0 0.268231 0 0 0 0 0 0 0 0.268231 0 0 0 0 0 0 0 0 0 0 0 0 0 0 0 0.268231 0 0 0 0 0 0 0 0 0 0 0 0 0 0 0 0 0 0 0 0 0 0 0 0 0 0 0 
0 0.272549 0 0 0.272549 -2.69094 0 0.536461 0 0 0 0 0 0.536461 0 0 0 0 0 0 0 0.536461 0 0 0 0 0 0 0 0 0 0 0 0 0 0 0 0.536461 0 0 0 0 0 0 0 0 0 0 0 0 0 0 0 0 0 0 0 0 0 0 0 0 0 0 
0 0 0.272549 0 0.272549 0 -2.69094 0.536461 0 0 0 0 0 0 0.536461 0 0 0 0 0 0 0 0.536461 0 0 0 0 0 0 0 0 0 0 0 0 0 0 0 0.536461 0 0 0 0 0 0 0 0 0 0 0 0 0 0 0 0 0 0 0 0 0 0 0 0 0 
0 0 0 0.272549 0 0.272549 0.272549 -3.23172 0 0 0 0 0 0 0 0.804692 0 0 0 0 0 0 0 0.804692 0 0 0 0 0 0 0 0 0 0 0 0 0 0 0 0.804692 0 0 0 0 0 0 0 0 0 0 0 0 0 0 0 0 0 0 0 0 0 0 0 0 
0.272549 0 0 0 0 0 0 0 -1.6137 0.268231 0.268231 0 0.268231 0 0 0 0 0 0 0 0 0 0 0 0.268231 0 0 0 0 0 0 0 0 0 0 0 0 0 0 0 0.268231 0 0 0 0 0 0 0 0 0 0 0 0 0 0 0 0 0 0 0 0 0 0 0 
0 0.272549 0 0 0 0 0 0 0.272549 -2.69094 0 0.536461 0 0.536461 0 0 0 0 0 0 0 0 0 0 0 0.536461 0 0 0 0 0 0 0 0 0 0 0 0 0 0 0 0.536461 0 0 0 0 0 0 0 0 0 0 0 0 0 0 0 0 0 0 0 0 0 0 
0 0 0.272549 0 0 0 0 0 0.272549 0 -2.69094 0.536461 0 0 0.536461 0 0 0 0 0 0 0 0 0 0 0 0.536461 0 0 0 0 0 0 0 0 0 0 0 0 0 0 0 0.536461 0 0 0 0 0 0 0 0 0 0 0 0 0 0 0 0 0 0 0 0 0 
0 0 0 0.272549 0 0 0 0 0 0.272549 0.272549 -3.23172 0 0 0 0.804692 0 0 0 0 0 0 0 0 0 0 0 0.804692 0 0 0 0 0 0 0 0 0 0 0 0 0 0 0 0.804692 0 0 0 0 0 0 0 0 0 0 0 0 0 0 0 0 0 0 0 0 
0 0 0 0 0.272549 0 0 0 0.272549 0 0 0 -2.69094 0.536461 0.536461 0 0 0 0 0 0 0 0 0 0 0 0 0 0.536461 0 0 0 0 0 0 0 0 0 0 0 0 0 0 0 0.536461 0 0 0 0 0 0 0 0 0 0 0 0 0 0 0 0 0 0 0 
0 0 0 0 0 0.272549 0 0 0 0.272549 0 0 0.272549 -3.23172 0 0.804692 0 0 0 0 0 0 0 0 0 0 0 0 0 0.804692 0 0 0 0 0 0 0 0 0 0 0 0 0 0 0 0.804692 0 0 0 0 0 0 0 0 0 0 0 0 0 0 0 0 0 0 
0 0 0 0 0 0 0.272549 0 0 0 0.272549 0 0.272549 0 -3.23172 0.804692 0 0 0 0 0 0 0 0 0 0 0 0 0 0 0.804692 0 0 0 0 0 0 0 0 0 0 0 0 0 0 0 0.804692 0 0 0 0 0 0 0 0 0 0 0 0 0 0 0 0 0 
0 0 0 0 0 0 0 0.272549 0 0 0 0.272549 0 0.272549 0.272549 -3.23604 0 0 0 0 0 0 0 0 0 0 0 0 0 0 0 1.07292 0 0 0 0 0 0 0 0 0 0 0 0 0 0 0 1.07292 0 0 0 0 0 0 0 0 0 0 0 0 0 0 0 0 
0.272549 0 0 0 0 0 0 0 0 0 0 0 0 0 0 0 -1.6137 0.268231 0.268231 0 0.268231 0 0 0 0.268231 0 0 0 0 0 0 0 0 0 0 0 0 0 0 0 0 0 0 0 0 0 0 0 0.268231 0 0 0 0 0 0 0 0 0 0 0 0 0 0 0 
0 0.272549 0 0 0 0 0 0 0 0 0 0 0 0 0 0 0.272549 -2.69094 0 0.536461 0 0.536461 0 0 0 0.536461 0 0 0 0 0 0 0 0 0 0 0 0 0 0 0 0 0 0 0 0 0 0 0 0.536461 0 0 0 0 0 0 0 0 0 0 0 0 0 0 
0 0 0.272549 0 0 0 0 0 0 0 0 0 0 0 0 0 0.272549 0 -2.69094 0.536461 0 0 0.536461 0 0 0 0.536461 0 0 0 0 0 0 0 0 0 0 0 0 0 0 0 0 0 0 0 0 0 0 0 0.536461 0 0 0 0 0 0 0 0 0 0 0 0 0 
0 0 0 0.272549 0 0 0 0 0 0 0 0 0 0 0 0 0 0.272549 0.272549 -3.23172 0 0 0 0.804692 0 0 0 0.804692 0 0 0 0 0 0 0 0 0 0 0 0 0 0 0 0 0 0 0 0 0 0 0 0.804692 0 0 0 0 0 0 0 0 0 0 0 0 
0 0 0 0 0.272549 0 0 0 0 0 0 0 0 0 0 0 0.272549 0 0 0 -2.69094 0.536461 0.536461 0 0 0 0 0 0.536461 0 0 0 0 0 0 0 0 0 0 0 0 0 0 0 0 0 0 0 0 0 0 0 0.536461 0 0 0 0 0 0 0 0 0 0 0 
0 0 0 0 0 0.272549 0 0 0 0 0 0 0 0 0 0 0 0.272549 0 0 0.272549 -3.23172 0 0.804692 0 0 0 0 0 0.804692 0 0 0 0 0 0 0 0 0 0 0 0 0 0 0 0 0 0 0 0 0 0 0 0.804692 0 0 0 0 0 0 0 0 0 0 
0 0 0 0 0 0 0.272549 0 0 0 0 0 0 0 0 0 0 0 0.272549 0 0.272549 0 -3.23172 0.804692 0 0 0 0 0 0 0.804692 0 0 0 0 0 0 0 0 0 0 0 0 0 0 0 0 0 0 0 0 0 0 0 0.804692 0 0 0 0 0 0 0 0 0 
0 0 0 0 0 0 0 0.272549 0 0 0 0 0 0 0 0 0 0 0 0.272549 0 0.272549 0.272549 -3.23604 0 0 0 0 0 0 0 1.07292 0 0 0 0 0 0 0 0 0 0 0 0 0 0 0 0 0 0 0 0 0 0 0 1.07292 0 0 0 0 0 0 0 0 
0 0 0 0 0 0 0 0 0.272549 0 0 0 0 0 0 0 0.272549 0 0 0 0 0 0 0 -2.69094 0.536461 0.536461 0 0.536461 0 0 0 0 0 0 0 0 0 0 0 0 0 0 0 0 0 0 0 0 0 0 0 0 0 0 0 0.536461 0 0 0 0 0 0 0 
0 0 0 0 0 0 0 0 0 0.272549 0 0 0 0 0 0 0 0.272549 0 0 0 0 0 0 0.272549 -3.23172 0 0.804692 0 0.804692 0 0 0 0 0 0 0 0 0 0 0 0 0 0 0 0 0 0 0 0 0 0 0 0 0 0 0 0.804692 0 0 0 0 0 0 
0 0 0 0 0 0 0 0 0 0 0.272549 0 0 0 0 0 0 0 0.272549 0 0 0 0 0 0.272549 0 -3.23172 0.804692 0 0 0.804692 0 0 0 0 0 0 0 0 0 0 0 0 0 0 0 0 0 0 0 0 0 0 0 0 0 0 0 0.804692 0 0 0 0 0 
0 0 0 0 0 0 0 0 0 0 0 0.272549 0 0 0 0 0 0 0 0.272549 0 0 0 0 0 0.272549 0.272549 -3.23604 0 0 0 1.07292 0 0 0 0 0 0 0 0 0 0 0 0 0 0 0 0 0 0 0 0 0 0 0 0 0 0 0 1.07292 0 0 0 0 
0 0 0 0 0 0 0 0 0 0 0 0 0.272549 0 0 0 0 0 0 0 0.272549 0 0 0 0.272549 0 0 0 -3.23172 0.804692 0.804692 0 0 0 0 0 0 0 0 0 0 0 0 0 0 0 0 0 0 0 0 0 0 0 0 0 0 0 0 0 0.804692 0 0 0 
0 0 0 0 0 0 0 0 0 0 0 0 0 0.272549 0 0 0 0 0 0 0 0.272549 0 0 0 0.272549 0 0 0.272549 -3.23604 0 1.07292 0 0 0 0 0 0 0 0 0 0 0 0 0 0 0 0 0 0 0 0 0 0 0 0 0 0 0 0 0 1.07292 0 0 
0 0 0 0 0 0 0 0 0 0 0 0 0 0 0.272549 0 0 0 0 0 0 0 0.272549 0 0 0 0.272549 0 0.272549 0 -3.23604 1.07292 0 0 0 0 0 0 0 0 0 0 0 0 0 0 0 0 0 0 0 0 0 0 0 0 0 0 0 0 0 0 1.07292 0 
0 0 0 0 0 0 0 0 0 0 0 0 0 0 0 0.272549 0 0 0 0 0 0 0 0.272549 0 0 0 0.272549 0 0.272549 0.272549 -2.7039 0 0 0 0 0 0 0 0 0 0 0 0 0 0 0 0 0 0 0 0 0 0 0 0 0 0 0 0 0 0 0 1.34115 
0.272549 0 0 0 0 0 0 0 0 0 0 0 0 0 0 0 0 0 0 0 0 0 0 0 0 0 0 0 0 0 0 0 -1.6137 0.268231 0.268231 0 0.268231 0 0 0 0.268231 0 0 0 0 0 0 0 0.268231 0 0 0 0 0 0 0 0 0 0 0 0 0 0 0 
0 0.272549 0 0 0 0 0 0 0 0 0 0 0 0 0 0 0 0 0 0 0 0 0 0 0 0 0 0 0 0 0 0 0.272549 -2.69094 0 0.536461 0 0.536461 0 0 0 0.536461 0 0 0 0 0 0 0 0.536461 0 0 0 0 0 0 0 0 0 0 0 0 0 0 
0 0 0.272549 0 0 0 0 0 0 0 0 0 0 0 0 0 0 0 0 0 0 0 0 0 0 0 0 0 0 0 0 0 0.272549 0 -2.69094 0.536461 0 0 0.536461 0 0 0 0.536461 0 0 0 0 0 0 0 0.536461 0 0 0 0 0 0 0 0 0 0 0 0 0 
0 0 0 0.272549 0 0 0 0 0 0 0 0 0 0 0 0 0 0 0 0 0 0 0 0 0 0 0 0 0 0 0 0 0 0.272549 0.272549 -3.23172 0 0 0 0.804692 0 0 0 0.804692 0 0 0 0 0 0 0 0.804692 0 0 0 0 0 0 0 0 0 0 0 0 
0 0 0 0 0.272549 0 0 0 0 0 0 0 0 0 0 0 0 0 0 0 0 0 0 0 0 0 0 0 0 0 0 0 0.272549 0 0 0 -2.69094 0.536461 0.536461 0 0 0 0 0 0.536461 0 0 0 0 0 0 0 0.536461 0 0 0 0 0 0 0 0 0 0 0 
0 0 0 0 0 0.272549 0 0 0 0 0 0 0 0 0 0 0 0 0 0 0 0 0 0 0 0 0 0 0 0 0 0 0 0.272549 0 0 0.272549 -3.23172 0 0.804692 0 0 0 0 0 0.804692 0 0 0 0 0 0 0 0.804692 0 0 0 0 0 0 0 0 0 0 
0 0 0 0 0 0 0.272549 0 0 0 0 0 0 0 0 0 0 0 0 0 0 0 0 0 0 0 0 0 0 0 0 0 0 0 0.272549 0 0.272549 0 -3.23172 0.804692 0 0 0 0 0 0 0.804692 0 0 0 0 0 0 0 0.804692 0 0 0 0 0 0 0 0 0 
0 0 0 0 0 0 0 0.272549 0 0 0 0 0 0 0 0 0 0 0 0 0 0 0 0 0 0 0 0 0 0 0 0 0 0 0 0.272549 0 0.272549 0.272549 -3.23604 0 0 0 0 0 0 0 1.07292 0 0 0 0 0 0 0 1.07292 0 0 0 0 0 0 0 0 
0 0 0 0 0 0 0 0 0.272549 0 0 0 0 0 0 0 0 0 0 0 0 0 0 0 0 0 0 0 0 0 0 0 0.272549 0 0 0 0 0 0 0 -2.69094 0.536461 0.536461 0 0.536461 0 0 0 0 0 0 0 0 0 0 0 0.536461 0 0 0 0 0 0 0 
0 0 0 0 0 0 0 0 0 0.272549 0 0 0 0 0 0 0 0 0 0 0 0 0 0 0 0 0 0 0 0 0 0 0 0.272549 0 0 0 0 0 0 0.272549 -3.23172 0 0.804692 0 0.804692 0 0 0 0 0 0 0 0 0 0 0 0.804692 0 0 0 0 0 0 
0 0 0 0 0 0 0 0 0 0 0.272549 0 0 0 0 0 0 0 0 0 0 0 0 0 0 0 0 0 0 0 0 0 0 0 0.272549 0 0 0 0 0 0.272549 0 -3.23172 0.804692 0 0 0.804692 0 0 0 0 0 0 0 0 0 0 0 0.804692 0 0 0 0 0 
0 0 0 0 0 0 0 0 0 0 0 0.272549 0 0 0 0 0 0 0 0 0 0 0 0 0 0 0 0 0 0 0 0 0 0 0 0.272549 0 0 0 0 0 0.272549 0.272549 -3.23604 0 0 0 1.07292 0 0 0 0 0 0 0 0 0 0 0 1.07292 0 0 0 0 
0 0 0 0 0 0 0 0 0 0 0 0 0.272549 0 0 0 0 0 0 0 0 0 0 0 0 0 0 0 0 0 0 0 0 0 0 0 0.272549 0 0 0 0.272549 0 0 0 -3.23172 0.804692 0.804692 0 0 0 0 0 0 0 0 0 0 0 0 0 0.804692 0 0 0 
0 0 0 0 0 0 0 0 0 0 0 0 0 0.272549 0 0 0 0 0 0 0 0 0 0 0 0 0 0 0 0 0 0 0 0 0 0 0 0.272549 0 0 0 0.272549 0 0 0.272549 -3.23604 0 1.07292 0 0 0 0 0 0 0 0 0 0 0 0 0 1.07292 0 0 
0 0 0 0 0 0 0 0 0 0 0 0 0 0 0.272549 0 0 0 0 0 0 0 0 0 0 0 0 0 0 0 0 0 0 0 0 0 0 0 0.272549 0 0 0 0.272549 0 0.272549 0 -3.23604 1.07292 0 0 0 0 0 0 0 0 0 0 0 0 0 0 1.07292 0 
0 0 0 0 0 0 0 0 0 0 0 0 0 0 0 0.272549 0 0 0 0 0 0 0 0 0 0 0 0 0 0 0 0 0 0 0 0 0 0 0 0.272549 0 0 0 0.272549 0 0.272549 0.272549 -2.7039 0 0 0 0 0 0 0 0 0 0 0 0 0 0 0 1.34115 
0 0 0 0 0 0 0 0 0 0 0 0 0 0 0 0 0.272549 0 0 0 0 0 0 0 0 0 0 0 0 0 0 0 0.272549 0 0 0 0 0 0 0 0 0 0 0 0 0 0 0 -2.69094 0.536461 0.536461 0 0.536461 0 0 0 0.536461 0 0 0 0 0 0 0 
0 0 0 0 0 0 0 0 0 0 0 0 0 0 0 0 0 0.272549 0 0 0 0 0 0 0 0 0 0 0 0 0 0 0 0.272549 0 0 0 0 0 0 0 0 0 0 0 0 0 0 0.272549 -3.23172 0 0.804692 0 0.804692 0 0 0 0.804692 0 0 0 0 0 0 
0 0 0 0 0 0 0 0 0 0 0 0 0 0 0 0 0 0 0.272549 0 0 0 0 0 0 0 0 0 0 0 0 0 0 0 0.272549 0 0 0 0 0 0 0 0 0 0 0 0 0 0.272549 0 -3.23172 0.804692 0 0 0.804692 0 0 0 0.804692 0 0 0 0 0 
0 0 0 0 0 0 0 0 0 0 0 0 0 0 0 0 0 0 0 0.272549 0 0 0 0 0 0 0 0 0 0 0 0 0 0 0 0.272549 0 0 0 0 0 0 0 0 0 0 0 0 0 0.272549 0.272549 -3.23604 0 0 0 1.07292 0 0 0 1.07292 0 0 0 0 
0 0 0 0 0 0 0 0 0 0 0 0 0 0 0 0 0 0 0 0 0.272549 0 0 0 0 0 0 0 0 0 0 0 0 0 0 0 0.272549 0 0 0 0 0 0 0 0 0 0 0 0.272549 0 0 0 -3.23172 0.804692 0.804692 0 0 0 0 0 0.804692 0 0 0 
0 0 0 0 0 0 0 0 0 0 0 0 0 0 0 0 0 0 0 0 0 0.272549 0 0 0 0 0 0 0 0 0 0 0 0 0 0 0 0.272549 0 0 0 0 0 0 0 0 0 0 0 0.272549 0 0 0.272549 -3.23604 0 1.07292 0 0 0 0 0 1.07292 0 0 
0 0 0 0 0 0 0 0 0 0 0 0 0 0 0 0 0 0 0 0 0 0 0.272549 0 0 0 0 0 0 0 0 0 0 0 0 0 0 0 0.272549 0 0 0 0 0 0 0 0 0 0 0 0.272549 0 0.272549 0 -3.23604 1.07292 0 0 0 0 0 0 1.07292 0 
0 0 0 0 0 0 0 0 0 0 0 0 0 0 0 0 0 0 0 0 0 0 0 0.272549 0 0 0 0 0 0 0 0 0 0 0 0 0 0 0 0.272549 0 0 0 0 0 0 0 0 0 0 0 0.272549 0 0.272549 0.272549 -2.7039 0 0 0 0 0 0 0 1.34115 
0 0 0 0 0 0 0 0 0 0 0 0 0 0 0 0 0 0 0 0 0 0 0 0 0.272549 0 0 0 0 0 0 0 0 0 0 0 0 0 0 0 0.272549 0 0 0 0 0 0 0 0.272549 0 0 0 0 0 0 0 -3.23172 0.804692 0.804692 0 0.804692 0 0 0 
0 0 0 0 0 0 0 0 0 0 0 0 0 0 0 0 0 0 0 0 0 0 0 0 0 0.272549 0 0 0 0 0 0 0 0 0 0 0 0 0 0 0 0.272549 0 0 0 0 0 0 0 0.272549 0 0 0 0 0 0 0.272549 -3.23604 0 1.07292 0 1.07292 0 0 
0 0 0 0 0 0 0 0 0 0 0 0 0 0 0 0 0 0 0 0 0 0 0 0 0 0 0.272549 0 0 0 0 0 0 0 0 0 0 0 0 0 0 0 0.272549 0 0 0 0 0 0 0 0.272549 0 0 0 0 0 0.272549 0 -3.23604 1.07292 0 0 1.07292 0 
0 0 0 0 0 0 0 0 0 0 0 0 0 0 0 0 0 0 0 0 0 0 0 0 0 0 0 0.272549 0 0 0 0 0 0 0 0 0 0 0 0 0 0 0 0.272549 0 0 0 0 0 0 0 0.272549 0 0 0 0 0 0.272549 0.272549 -2.7039 0 0 0 1.34115 
0 0 0 0 0 0 0 0 0 0 0 0 0 0 0 0 0 0 0 0 0 0 0 0 0 0 0 0 0.272549 0 0 0 0 0 0 0 0 0 0 0 0 0 0 0 0.272549 0 0 0 0 0 0 0 0.272549 0 0 0 0.272549 0 0 0 -3.23604 1.07292 1.07292 0 
0 0 0 0 0 0 0 0 0 0 0 0 0 0 0 0 0 0 0 0 0 0 0 0 0 0 0 0 0 0.272549 0 0 0 0 0 0 0 0 0 0 0 0 0 0 0 0.272549 0 0 0 0 0 0 0 0.272549 0 0 0 0.272549 0 0 0.272549 -2.7039 0 1.34115 
0 0 0 0 0 0 0 0 0 0 0 0 0 0 0 0 0 0 0 0 0 0 0 0 0 0 0 0 0 0 0.272549 0 0 0 0 0 0 0 0 0 0 0 0 0 0 0 0.272549 0 0 0 0 0 0 0 0.272549 0 0 0 0.272549 0 0.272549 0 -2.7039 1.34115 
0 0 0 0 0 0 0 0 0 0 0 0 0 0 0 0 0 0 0 0 0 0 0 0 0 0 0 0 0 0 0 0.272549 0 0 0 0 0 0 0 0 0 0 0 0 0 0 0 0.272549 0 0 0 0 0 0 0 0.272549 0 0 0 0.272549 0 0.272549 0.272549 -1.63529 
