32
-0 0 0 0 0 0 0 0 0 0 0 0 0 0 0 0 0 0 0 0 0 0 0 0 0 0 0 0 0 0 0 0 
0.289925 -1.75582 0 0.366474 0 0.366474 0 0 0 0.366474 0 0 0 0 0 0 0 0.366474 0 0 0 0 0 0 0 0 0 0 0 0 0 0 
0.289925 0 -1.75582 0.366474 0 0 0.366474 0 0 0 0.366474 0 0 0 0 0 0 0 0.366474 0 0 0 0 0 0 0 0 0 0 0 0 0 
0 0.289925 0.289925 -2.77869 0 0 0 0.732948 0 0 0 0.732948 0 0 0 0 0 0 0 0.732948 0 0 0 0 0 0 0 0 0 0 0 0 
0.289925 0 0 0 -1.75582 0.366474 0.366474 0 0 0 0 0 0.366474 0 0 0 0 0 0 0 0.366474 0 0 0 0 0 0 0 0 0 0 0 
0 0.289925 0 0 0.289925 -2.77869 0 0.732948 0 0 0 0 0 0.732948 0 0 0 0 0 0 0 0.732948 0 0 0 0 0 0 0 0 0 0 
0 0 0.289925 0 0.289925 0 -2.77869 0.732948 0 0 0 0 0 0 0.732948 0 0 0 0 0 0 0 0.732948 0 0 0 0 0 0 0 0 0 
0 0 0 0.289925 0 0.289925 0.289925 -3.06862 0 0 0 0 0 0 0 1.09942 0 0 0 0 0 0 0 1.09942 0 0 0 0 0 0 0 0 
0.289925 0 0 0 0 0 0 0 -1.75582 0.366474 0.366474 0 0.366474 0 0 0 0 0 0 0 0 0 0 0 0.366474 0 0 0 0 0 0 0 
0 0.289925 0 0 0 0 0 0 0.289925 -2.77869 0 0.732948 0 0.732948 0 0 0 0 0 0 0 0 0 0 0 0.732948 0 0 0 0 0 0 
0 0 0.289925 0 0 0 0 0 0.289925 0 -2.77869 0.732948 0 0 0.732948 0 0 0 0 0 0 0 0 0 0 0 0.732948 0 0 0 0 0 
0 0 0 0.289925 0 0 0 0 0 0.289925 0.289925 -3.06862 0 0 0 1.09942 0 0 0 0 0 0 0 0 0 0 0 1.09942 0 0 0 0 
0 0 0 0 0.289925 0 0 0 0.289925 0 0 0 -2.77869 0.732948 0.732948 0 0 0 0 0 0 0 0 0 0 0 0 0 0.732948 0 0 0 
0 0 0 0 0 0.289925 0 0 0 0.289925 0 0 0.289925 -3.06862 0 1.09942 0 0 0 0 0 0 0 0 0 0 0 0 0 1.09942 0 0 
0 0 0 0 0 0 0.289925 0 0 0 0.289925 0 0.289925 0 -3.06862 1.09942 0 0 0 0 0 0 0 0 0 0 0 0 0 0 1.09942 0 
0 0 0 0 0 0 0 0.289925 0 0 0 0.289925 0 0.289925 0.289925 -2.6256 0 0 0 0 0 0 0 0 0 0 0 0 0 0 0 1.4659 
0.289925 0 0 0 0 0 0 0 0 0 0 0 0 0 0 0 -1.75582 0.366474 0.366474 0 0.366474 0 0 0 0.366474 0 0 0 0 0 0 0 
0 0.289925 0 0 0 0 0 0 0 0 0 0 0 0 0 0 0.289925 -2.77869 0 0.732948 0 0.732948 0 0 0 0.732948 0 0 0 0 0 0 
0 0 0.289925 0 0 0 0 0 0 0 0 0 0 0 0 0 0.289925 0 -2.77869 0.732948 0 0 0.732948 0 0 0 0.732948 0 0 0 0 0 
0 0 0 0.289925 0 0 0 0 0 0 0 0 0 0 0 0 0 0.289925 0.289925 -3.06862 0 0 0 1.09942 0 0 0 1.09942 0 0 0 0 
0 0 0 0 0.289925 0 0 0 0 0 0 0 0 0 0 0 0.289925 0 0 0 -2.77869 0.732948 0.732948 0 0 0 0 0 0.732948 0 0 0 
0 0 0 0 0 0.289925 0 0 0 0 0 0 0 0 0 0 0 0.289925 0 0 0.289925 -3.06862 0 1.09942 0 0 0 0 0 1.09942 0 0 
0 0 0 0 0 0 0.289925 0 0 0 0 0 0 0 0 0 0 0 0.289925 0 0.289925 0 -3.06862 1.09942 0 0 0 0 0 0 1.09942 0 
0 0 0 0 0 0 0 0.289925 0 0 0 0 0 0 0 0 0 0 0 0.289925 0 0.289925 0.289925 -2.6256 0 0 0 0 0 0 0 1.4659 
0 0 0 0 0 0 0 0 0.289925 0 0 0 0 0 0 0 0.289925 0 0 0 0 0 0 0 -2.77869 0.732948 0.732948 0 0.732948 0 0 0 
0 0 0 0 0 0 0 0 0 0.289925 0 0 0 0 0 0 0 0.289925 0 0 0 0 0 0 0.289925 -3.06862 0 1.09942 0 1.09942 0 0 
0 0 0 0 0 0 0 0 0 0 0.289925 0 0 0 0 0 0 0 0.289925 0 0 0 0 0 0.289925 0 -3.06862 1.09942 0 0 1.09942 0 
0 0 0 0 0 0 0 0 0 0 0 0.289925 0 0 0 0 0 0 0 0.289925 0 0 0 0 0 0.289925 0.289925 -2.6256 0 0 0 1.4659 
0 0 0 0 0 0 0 0 0 0 0 0 0.289925 0 0 0 0 0 0 0 0.289925 0 0 0 0.289925 0 0 0 -3.06862 1.09942 1.09942 0 
0 0 0 0 0 0 0 0 0 0 0 0 0 0.289925 0 0 0 0 0 0 0 0.289925 0 0 0 0.289925 0 0 0.289925 -2.6256 0 1.4659 
0 0 0 0 0 0 0 0 0 0 0 0 0 0 0.289925 0 0 0 0 0 0 0 0.289925 0 0 0 0.289925 0 0.289925 0 -2.6256 1.4659 
0 0 0 0 0 0 0 0 0 0 0 0 0 0 0 0.289925 0 0 0 0 0 0 0 0.289925 0 0 0 0.289925 0 0.289925 0.289925 -1.44963 
