32
-0 0 0 0 0 0 0 0 0 0 0 0 0 0 0 0 0 0 0 0 0 0 0 0 0 0 0 0 0 0 0 0 
0.355889 -1.84582 0 0.372482 0 0.372482 0 0 0 0.372482 0 0 0 0 0 0 0 0.372482 0 0 0 0 0 0 0 0 0 0 0 0 0 0 
0.355889 0 -1.84582 0.372482 0 0 0.372482 0 0 0 0.372482 0 0 0 0 0 0 0 0.372482 0 0 0 0 0 0 0 0 0 0 0 0 0 
0 0.355889 0.355889 -2.94667 0 0 0 0.744965 0 0 0 0.744965 0 0 0 0 0 0 0 0.744965 0 0 0 0 0 0 0 0 0 0 0 0 
0.355889 0 0 0 -1.84582 0.372482 0.372482 0 0 0 0 0 0.372482 0 0 0 0 0 0 0 0.372482 0 0 0 0 0 0 0 0 0 0 0 
0 0.355889 0 0 0.355889 -2.94667 0 0.744965 0 0 0 0 0 0.744965 0 0 0 0 0 0 0 0.744965 0 0 0 0 0 0 0 0 0 0 
0 0 0.355889 0 0.355889 0 -2.94667 0.744965 0 0 0 0 0 0 0.744965 0 0 0 0 0 0 0 0.744965 0 0 0 0 0 0 0 0 0 
0 0 0 0.355889 0 0.355889 0.355889 -3.30256 0 0 0 0 0 0 0 1.11745 0 0 0 0 0 0 0 1.11745 0 0 0 0 0 0 0 0 
0.355889 0 0 0 0 0 0 0 -1.84582 0.372482 0.372482 0 0.372482 0 0 0 0 0 0 0 0 0 0 0 0.372482 0 0 0 0 0 0 0 
0 0.355889 0 0 0 0 0 0 0.355889 -2.94667 0 0.744965 0 0.744965 0 0 0 0 0 0 0 0 0 0 0 0.744965 0 0 0 0 0 0 
0 0 0.355889 0 0 0 0 0 0.355889 0 -2.94667 0.744965 0 0 0.744965 0 0 0 0 0 0 0 0 0 0 0 0.744965 0 0 0 0 0 
0 0 0 0.355889 0 0 0 0 0 0.355889 0.355889 -3.30256 0 0 0 1.11745 0 0 0 0 0 0 0 0 0 0 0 1.11745 0 0 0 0 
0 0 0 0 0.355889 0 0 0 0.355889 0 0 0 -2.94667 0.744965 0.744965 0 0 0 0 0 0 0 0 0 0 0 0 0 0.744965 0 0 0 
0 0 0 0 0 0.355889 0 0 0 0.355889 0 0 0.355889 -3.30256 0 1.11745 0 0 0 0 0 0 0 0 0 0 0 0 0 1.11745 0 0 
0 0 0 0 0 0 0.355889 0 0 0 0.355889 0 0.355889 0 -3.30256 1.11745 0 0 0 0 0 0 0 0 0 0 0 0 0 0 1.11745 0 
0 0 0 0 0 0 0 0.355889 0 0 0 0.355889 0 0.355889 0.355889 -2.91349 0 0 0 0 0 0 0 0 0 0 0 0 0 0 0 1.48993 
0.355889 0 0 0 0 0 0 0 0 0 0 0 0 0 0 0 -1.84582 0.372482 0.372482 0 0.372482 0 0 0 0.372482 0 0 0 0 0 0 0 
0 0.355889 0 0 0 0 0 0 0 0 0 0 0 0 0 0 0.355889 -2.94667 0 0.744965 0 0.744965 0 0 0 0.744965 0 0 0 0 0 0 
0 0 0.355889 0 0 0 0 0 0 0 0 0 0 0 0 0 0.355889 0 -2.94667 0.744965 0 0 0.744965 0 0 0 0.744965 0 0 0 0 0 
0 0 0 0.355889 0 0 0 0 0 0 0 0 0 0 0 0 0 0.355889 0.355889 -3.30256 0 0 0 1.11745 0 0 0 1.11745 0 0 0 0 
0 0 0 0 0.355889 0 0 0 0 0 0 0 0 0 0 0 0.355889 0 0 0 -2.94667 0.744965 0.744965 0 0 0 0 0 0.744965 0 0 0 
0 0 0 0 0 0.355889 0 0 0 0 0 0 0 0 0 0 0 0.355889 0 0 0.355889 -3.30256 0 1.11745 0 0 0 0 0 1.11745 0 0 
0 0 0 0 0 0 0.355889 0 0 0 0 0 0 0 0 0 0 0 0.355889 0 0.355889 0 -3.30256 1.11745 0 0 0 0 0 0 1.11745 0 
0 0 0 0 0 0 0 0.355889 0 0 0 0 0 0 0 0 0 0 0 0.355889 0 0.355889 0.355889 -2.91349 0 0 0 0 0 0 0 1.48993 
0 0 0 0 0 0 0 0 0.355889 0 0 0 0 0 0 0 0.355889 0 0 0 0 0 0 0 -2.94667 0.744965 0.744965 0 0.744965 0 0 0 
0 0 0 0 0 0 0 0 0 0.355889 0 0 0 0 0 0 0 0.355889 0 0 0 0 0 0 0.355889 -3.30256 0 1.11745 0 1.11745 0 0 
0 0 0 0 0 0 0 0 0 0 0.355889 0 0 0 0 0 0 0 0.355889 0 0 0 0 0 0.355889 0 -3.30256 1.11745 0 0 1.11745 0 
0 0 0 0 0 0 0 0 0 0 0 0.355889 0 0 0 0 0 0 0 0.355889 0 0 0 0 0 0.355889 0.355889 -2.91349 0 0 0 1.48993 
0 0 0 0 0 0 0 0 0 0 0 0 0.355889 0 0 0 0 0 0 0 0.355889 0 0 0 0.355889 0 0 0 -3.30256 1.11745 1.11745 0 
0 0 0 0 0 0 0 0 0 0 0 0 0 0.355889 0 0 0 0 0 0 0 0.355889 0 0 0 0.355889 0 0 0.355889 -2.91349 0 1.48993 
0 0 0 0 0 0 0 0 0 0 0 0 0 0 0.355889 0 0 0 0 0 0 0 0.355889 0 0 0 0.355889 0 0.355889 0 -2.91349 1.48993 
0 0 0 0 0 0 0 0 0 0 0 0 0 0 0 0.355889 0 0 0 0 0 0 0 0.355889 0 0 0 0.355889 0 0.355889 0.355889 -1.77945 
