64
-0 0 0 0 0 0 0 0 0 0 0 0 0 0 0 0 0 0 0 0 0 0 0 0 0 0 0 0 0 0 0 0 0 0 0 0 0 0 0 0 0 0 0 0 0 0 0 0 0 0 0 0 0 0 0 0 0 0 0 0 0 0 0 0 
0.504682 -2.52396 0 0.403855 0 0.403855 0 0 0 0.403855 0 0 0 0 0 0 0 0.403855 0 0 0 0 0 0 0 0 0 0 0 0 0 0 0 0.403855 0 0 0 0 0 0 0 0 0 0 0 0 0 0 0 0 0 0 0 0 0 0 0 0 0 0 0 0 0 0 
0.504682 0 -2.52396 0.403855 0 0 0.403855 0 0 0 0.403855 0 0 0 0 0 0 0 0.403855 0 0 0 0 0 0 0 0 0 0 0 0 0 0 0 0.403855 0 0 0 0 0 0 0 0 0 0 0 0 0 0 0 0 0 0 0 0 0 0 0 0 0 0 0 0 0 
0 0.504682 0.504682 -4.24021 0 0 0 0.80771 0 0 0 0.80771 0 0 0 0 0 0 0 0.80771 0 0 0 0 0 0 0 0 0 0 0 0 0 0 0 0.80771 0 0 0 0 0 0 0 0 0 0 0 0 0 0 0 0 0 0 0 0 0 0 0 0 0 0 0 0 
0.504682 0 0 0 -2.52396 0.403855 0.403855 0 0 0 0 0 0.403855 0 0 0 0 0 0 0 0.403855 0 0 0 0 0 0 0 0 0 0 0 0 0 0 0 0.403855 0 0 0 0 0 0 0 0 0 0 0 0 0 0 0 0 0 0 0 0 0 0 0 0 0 0 0 
0 0.504682 0 0 0.504682 -4.24021 0 0.80771 0 0 0 0 0 0.80771 0 0 0 0 0 0 0 0.80771 0 0 0 0 0 0 0 0 0 0 0 0 0 0 0 0.80771 0 0 0 0 0 0 0 0 0 0 0 0 0 0 0 0 0 0 0 0 0 0 0 0 0 0 
0 0 0.504682 0 0.504682 0 -4.24021 0.80771 0 0 0 0 0 0 0.80771 0 0 0 0 0 0 0 0.80771 0 0 0 0 0 0 0 0 0 0 0 0 0 0 0 0.80771 0 0 0 0 0 0 0 0 0 0 0 0 0 0 0 0 0 0 0 0 0 0 0 0 0 
0 0 0 0.504682 0 0.504682 0.504682 -5.14874 0 0 0 0 0 0 0 1.21157 0 0 0 0 0 0 0 1.21157 0 0 0 0 0 0 0 0 0 0 0 0 0 0 0 1.21157 0 0 0 0 0 0 0 0 0 0 0 0 0 0 0 0 0 0 0 0 0 0 0 0 
0.504682 0 0 0 0 0 0 0 -2.52396 0.403855 0.403855 0 0.403855 0 0 0 0 0 0 0 0 0 0 0 0.403855 0 0 0 0 0 0 0 0 0 0 0 0 0 0 0 0.403855 0 0 0 0 0 0 0 0 0 0 0 0 0 0 0 0 0 0 0 0 0 0 0 
0 0.504682 0 0 0 0 0 0 0.504682 -4.24021 0 0.80771 0 0.80771 0 0 0 0 0 0 0 0 0 0 0 0.80771 0 0 0 0 0 0 0 0 0 0 0 0 0 0 0 0.80771 0 0 0 0 0 0 0 0 0 0 0 0 0 0 0 0 0 0 0 0 0 0 
0 0 0.504682 0 0 0 0 0 0.504682 0 -4.24021 0.80771 0 0 0.80771 0 0 0 0 0 0 0 0 0 0 0 0.80771 0 0 0 0 0 0 0 0 0 0 0 0 0 0 0 0.80771 0 0 0 0 0 0 0 0 0 0 0 0 0 0 0 0 0 0 0 0 0 
0 0 0 0.504682 0 0 0 0 0 0.504682 0.504682 -5.14874 0 0 0 1.21157 0 0 0 0 0 0 0 0 0 0 0 1.21157 0 0 0 0 0 0 0 0 0 0 0 0 0 0 0 1.21157 0 0 0 0 0 0 0 0 0 0 0 0 0 0 0 0 0 0 0 0 
0 0 0 0 0.504682 0 0 0 0.504682 0 0 0 -4.24021 0.80771 0.80771 0 0 0 0 0 0 0 0 0 0 0 0 0 0.80771 0 0 0 0 0 0 0 0 0 0 0 0 0 0 0 0.80771 0 0 0 0 0 0 0 0 0 0 0 0 0 0 0 0 0 0 0 
0 0 0 0 0 0.504682 0 0 0 0.504682 0 0 0.504682 -5.14874 0 1.21157 0 0 0 0 0 0 0 0 0 0 0 0 0 1.21157 0 0 0 0 0 0 0 0 0 0 0 0 0 0 0 1.21157 0 0 0 0 0 0 0 0 0 0 0 0 0 0 0 0 0 0 
0 0 0 0 0 0 0.504682 0 0 0 0.504682 0 0.504682 0 -5.14874 1.21157 0 0 0 0 0 0 0 0 0 0 0 0 0 0 1.21157 0 0 0 0 0 0 0 0 0 0 0 0 0 0 0 1.21157 0 0 0 0 0 0 0 0 0 0 0 0 0 0 0 0 0 
0 0 0 0 0 0 0 0.504682 0 0 0 0.504682 0 0.504682 0.504682 -5.24957 0 0 0 0 0 0 0 0 0 0 0 0 0 0 0 1.61542 0 0 0 0 0 0 0 0 0 0 0 0 0 0 0 1.61542 0 0 0 0 0 0 0 0 0 0 0 0 0 0 0 0 
0.504682 0 0 0 0 0 0 0 0 0 0 0 0 0 0 0 -2.52396 0.403855 0.403855 0 0.403855 0 0 0 0.403855 0 0 0 0 0 0 0 0 0 0 0 0 0 0 0 0 0 0 0 0 0 0 0 0.403855 0 0 0 0 0 0 0 0 0 0 0 0 0 0 0 
0 0.504682 0 0 0 0 0 0 0 0 0 0 0 0 0 0 0.504682 -4.24021 0 0.80771 0 0.80771 0 0 0 0.80771 0 0 0 0 0 0 0 0 0 0 0 0 0 0 0 0 0 0 0 0 0 0 0 0.80771 0 0 0 0 0 0 0 0 0 0 0 0 0 0 
0 0 0.504682 0 0 0 0 0 0 0 0 0 0 0 0 0 0.504682 0 -4.24021 0.80771 0 0 0.80771 0 0 0 0.80771 0 0 0 0 0 0 0 0 0 0 0 0 0 0 0 0 0 0 0 0 0 0 0 0.80771 0 0 0 0 0 0 0 0 0 0 0 0 0 
0 0 0 0.504682 0 0 0 0 0 0 0 0 0 0 0 0 0 0.504682 0.504682 -5.14874 0 0 0 1.21157 0 0 0 1.21157 0 0 0 0 0 0 0 0 0 0 0 0 0 0 0 0 0 0 0 0 0 0 0 1.21157 0 0 0 0 0 0 0 0 0 0 0 0 
0 0 0 0 0.504682 0 0 0 0 0 0 0 0 0 0 0 0.504682 0 0 0 -4.24021 0.80771 0.80771 0 0 0 0 0 0.80771 0 0 0 0 0 0 0 0 0 0 0 0 0 0 0 0 0 0 0 0 0 0 0 0.80771 0 0 0 0 0 0 0 0 0 0 0 
0 0 0 0 0 0.504682 0 0 0 0 0 0 0 0 0 0 0 0.504682 0 0 0.504682 -5.14874 0 1.21157 0 0 0 0 0 1.21157 0 0 0 0 0 0 0 0 0 0 0 0 0 0 0 0 0 0 0 0 0 0 0 1.21157 0 0 0 0 0 0 0 0 0 0 
0 0 0 0 0 0 0.504682 0 0 0 0 0 0 0 0 0 0 0 0.504682 0 0.504682 0 -5.14874 1.21157 0 0 0 0 0 0 1.21157 0 0 0 0 0 0 0 0 0 0 0 0 0 0 0 0 0 0 0 0 0 0 0 1.21157 0 0 0 0 0 0 0 0 0 
0 0 0 0 0 0 0 0.504682 0 0 0 0 0 0 0 0 0 0 0 0.504682 0 0.504682 0.504682 -5.24957 0 0 0 0 0 0 0 1.61542 0 0 0 0 0 0 0 0 0 0 0 0 0 0 0 0 0 0 0 0 0 0 0 1.61542 0 0 0 0 0 0 0 0 
0 0 0 0 0 0 0 0 0.504682 0 0 0 0 0 0 0 0.504682 0 0 0 0 0 0 0 -4.24021 0.80771 0.80771 0 0.80771 0 0 0 0 0 0 0 0 0 0 0 0 0 0 0 0 0 0 0 0 0 0 0 0 0 0 0 0.80771 0 0 0 0 0 0 0 
0 0 0 0 0 0 0 0 0 0.504682 0 0 0 0 0 0 0 0.504682 0 0 0 0 0 0 0.504682 -5.14874 0 1.21157 0 1.21157 0 0 0 0 0 0 0 0 0 0 0 0 0 0 0 0 0 0 0 0 0 0 0 0 0 0 0 1.21157 0 0 0 0 0 0 
0 0 0 0 0 0 0 0 0 0 0.504682 0 0 0 0 0 0 0 0.504682 0 0 0 0 0 0.504682 0 -5.14874 1.21157 0 0 1.21157 0 0 0 0 0 0 0 0 0 0 0 0 0 0 0 0 0 0 0 0 0 0 0 0 0 0 0 1.21157 0 0 0 0 0 
0 0 0 0 0 0 0 0 0 0 0 0.504682 0 0 0 0 0 0 0 0.504682 0 0 0 0 0 0.504682 0.504682 -5.24957 0 0 0 1.61542 0 0 0 0 0 0 0 0 0 0 0 0 0 0 0 0 0 0 0 0 0 0 0 0 0 0 0 1.61542 0 0 0 0 
0 0 0 0 0 0 0 0 0 0 0 0 0.504682 0 0 0 0 0 0 0 0.504682 0 0 0 0.504682 0 0 0 -5.14874 1.21157 1.21157 0 0 0 0 0 0 0 0 0 0 0 0 0 0 0 0 0 0 0 0 0 0 0 0 0 0 0 0 0 1.21157 0 0 0 
0 0 0 0 0 0 0 0 0 0 0 0 0 0.504682 0 0 0 0 0 0 0 0.504682 0 0 0 0.504682 0 0 0.504682 -5.24957 0 1.61542 0 0 0 0 0 0 0 0 0 0 0 0 0 0 0 0 0 0 0 0 0 0 0 0 0 0 0 0 0 1.61542 0 0 
0 0 0 0 0 0 0 0 0 0 0 0 0 0 0.504682 0 0 0 0 0 0 0 0.504682 0 0 0 0.504682 0 0.504682 0 -5.24957 1.61542 0 0 0 0 0 0 0 0 0 0 0 0 0 0 0 0 0 0 0 0 0 0 0 0 0 0 0 0 0 0 1.61542 0 
0 0 0 0 0 0 0 0 0 0 0 0 0 0 0 0.504682 0 0 0 0 0 0 0 0.504682 0 0 0 0.504682 0 0.504682 0.504682 -4.54269 0 0 0 0 0 0 0 0 0 0 0 0 0 0 0 0 0 0 0 0 0 0 0 0 0 0 0 0 0 0 0 2.01928 
0.504682 0 0 0 0 0 0 0 0 0 0 0 0 0 0 0 0 0 0 0 0 0 0 0 0 0 0 0 0 0 0 0 -2.52396 0.403855 0.403855 0 0.403855 0 0 0 0.403855 0 0 0 0 0 0 0 0.403855 0 0 0 0 0 0 0 0 0 0 0 0 0 0 0 
0 0.504682 0 0 0 0 0 0 0 0 0 0 0 0 0 0 0 0 0 0 0 0 0 0 0 0 0 0 0 0 0 0 0.504682 -4.24021 0 0.80771 0 0.80771 0 0 0 0.80771 0 0 0 0 0 0 0 0.80771 0 0 0 0 0 0 0 0 0 0 0 0 0 0 
0 0 0.504682 0 0 0 0 0 0 0 0 0 0 0 0 0 0 0 0 0 0 0 0 0 0 0 0 0 0 0 0 0 0.504682 0 -4.24021 0.80771 0 0 0.80771 0 0 0 0.80771 0 0 0 0 0 0 0 0.80771 0 0 0 0 0 0 0 0 0 0 0 0 0 
0 0 0 0.504682 0 0 0 0 0 0 0 0 0 0 0 0 0 0 0 0 0 0 0 0 0 0 0 0 0 0 0 0 0 0.504682 0.504682 -5.14874 0 0 0 1.21157 0 0 0 1.21157 0 0 0 0 0 0 0 1.21157 0 0 0 0 0 0 0 0 0 0 0 0 
0 0 0 0 0.504682 0 0 0 0 0 0 0 0 0 0 0 0 0 0 0 0 0 0 0 0 0 0 0 0 0 0 0 0.504682 0 0 0 -4.24021 0.80771 0.80771 0 0 0 0 0 0.80771 0 0 0 0 0 0 0 0.80771 0 0 0 0 0 0 0 0 0 0 0 
0 0 0 0 0 0.504682 0 0 0 0 0 0 0 0 0 0 0 0 0 0 0 0 0 0 0 0 0 0 0 0 0 0 0 0.504682 0 0 0.504682 -5.14874 0 1.21157 0 0 0 0 0 1.21157 0 0 0 0 0 0 0 1.21157 0 0 0 0 0 0 0 0 0 0 
0 0 0 0 0 0 0.504682 0 0 0 0 0 0 0 0 0 0 0 0 0 0 0 0 0 0 0 0 0 0 0 0 0 0 0 0.504682 0 0.504682 0 -5.14874 1.21157 0 0 0 0 0 0 1.21157 0 0 0 0 0 0 0 1.21157 0 0 0 0 0 0 0 0 0 
0 0 0 0 0 0 0 0.504682 0 0 0 0 0 0 0 0 0 0 0 0 0 0 0 0 0 0 0 0 0 0 0 0 0 0 0 0.504682 0 0.504682 0.504682 -5.24957 0 0 0 0 0 0 0 1.61542 0 0 0 0 0 0 0 1.61542 0 0 0 0 0 0 0 0 
0 0 0 0 0 0 0 0 0.504682 0 0 0 0 0 0 0 0 0 0 0 0 0 0 0 0 0 0 0 0 0 0 0 0.504682 0 0 0 0 0 0 0 -4.24021 0.80771 0.80771 0 0.80771 0 0 0 0 0 0 0 0 0 0 0 0.80771 0 0 0 0 0 0 0 
0 0 0 0 0 0 0 0 0 0.504682 0 0 0 0 0 0 0 0 0 0 0 0 0 0 0 0 0 0 0 0 0 0 0 0.504682 0 0 0 0 0 0 0.504682 -5.14874 0 1.21157 0 1.21157 0 0 0 0 0 0 0 0 0 0 0 1.21157 0 0 0 0 0 0 
0 0 0 0 0 0 0 0 0 0 0.504682 0 0 0 0 0 0 0 0 0 0 0 0 0 0 0 0 0 0 0 0 0 0 0 0.504682 0 0 0 0 0 0.504682 0 -5.14874 1.21157 0 0 1.21157 0 0 0 0 0 0 0 0 0 0 0 1.21157 0 0 0 0 0 
0 0 0 0 0 0 0 0 0 0 0 0.504682 0 0 0 0 0 0 0 0 0 0 0 0 0 0 0 0 0 0 0 0 0 0 0 0.504682 0 0 0 0 0 0.504682 0.504682 -5.24957 0 0 0 1.61542 0 0 0 0 0 0 0 0 0 0 0 1.61542 0 0 0 0 
0 0 0 0 0 0 0 0 0 0 0 0 0.504682 0 0 0 0 0 0 0 0 0 0 0 0 0 0 0 0 0 0 0 0 0 0 0 0.504682 0 0 0 0.504682 0 0 0 -5.14874 1.21157 1.21157 0 0 0 0 0 0 0 0 0 0 0 0 0 1.21157 0 0 0 
0 0 0 0 0 0 0 0 0 0 0 0 0 0.504682 0 0 0 0 0 0 0 0 0 0 0 0 0 0 0 0 0 0 0 0 0 0 0 0.504682 0 0 0 0.504682 0 0 0.504682 -5.24957 0 1.61542 0 0 0 0 0 0 0 0 0 0 0 0 0 1.61542 0 0 
0 0 0 0 0 0 0 0 0 0 0 0 0 0 0.504682 0 0 0 0 0 0 0 0 0 0 0 0 0 0 0 0 0 0 0 0 0 0 0 0.504682 0 0 0 0.504682 0 0.504682 0 -5.24957 1.61542 0 0 0 0 0 0 0 0 0 0 0 0 0 0 1.61542 0 
0 0 0 0 0 0 0 0 0 0 0 0 0 0 0 0.504682 0 0 0 0 0 0 0 0 0 0 0 0 0 0 0 0 0 0 0 0 0 0 0 0.504682 0 0 0 0.504682 0 0.504682 0.504682 -4.54269 0 0 0 0 0 0 0 0 0 0 0 0 0 0 0 2.01928 
0 0 0 0 0 0 0 0 0 0 0 0 0 0 0 0 0.504682 0 0 0 0 0 0 0 0 0 0 0 0 0 0 0 0.504682 0 0 0 0 0 0 0 0 0 0 0 0 0 0 0 -4.24021 0.80771 0.80771 0 0.80771 0 0 0 0.80771 0 0 0 0 0 0 0 
0 0 0 0 0 0 0 0 0 0 0 0 0 0 0 0 0 0.504682 0 0 0 0 0 0 0 0 0 0 0 0 0 0 0 0.504682 0 0 0 0 0 0 0 0 0 0 0 0 0 0 0.504682 -5.14874 0 1.21157 0 1.21157 0 0 0 1.21157 0 0 0 0 0 0 
0 0 0 0 0 0 0 0 0 0 0 0 0 0 0 0 0 0 0.504682 0 0 0 0 0 0 0 0 0 0 0 0 0 0 0 0.504682 0 0 0 0 0 0 0 0 0 0 0 0 0 0.504682 0 -5.14874 1.21157 0 0 1.21157 0 0 0 1.21157 0 0 0 0 0 
0 0 0 0 0 0 0 0 0 0 0 0 0 0 0 0 0 0 0 0.504682 0 0 0 0 0 0 0 0 0 0 0 0 0 0 0 0.504682 0 0 0 0 0 0 0 0 0 0 0 0 0 0.504682 0.504682 -5.24957 0 0 0 1.61542 0 0 0 1.61542 0 0 0 0 
0 0 0 0 0 0 0 0 0 0 0 0 0 0 0 0 0 0 0 0 0.504682 0 0 0 0 0 0 0 0 0 0 0 0 0 0 0 0.504682 0 0 0 0 0 0 0 0 0 0 0 0.504682 0 0 0 -5.14874 1.21157 1.21157 0 0 0 0 0 1.21157 0 0 0 
0 0 0 0 0 0 0 0 0 0 0 0 0 0 0 0 0 0 0 0 0 0.504682 0 0 0 0 0 0 0 0 0 0 0 0 0 0 0 0.504682 0 0 0 0 0 0 0 0 0 0 0 0.504682 0 0 0.504682 -5.24957 0 1.61542 0 0 0 0 0 1.61542 0 0 
0 0 0 0 0 0 0 0 0 0 0 0 0 0 0 0 0 0 0 0 0 0 0.504682 0 0 0 0 0 0 0 0 0 0 0 0 0 0 0 0.504682 0 0 0 0 0 0 0 0 0 0 0 0.504682 0 0.504682 0 -5.24957 1.61542 0 0 0 0 0 0 1.61542 0 
0 0 0 0 0 0 0 0 0 0 0 0 0 0 0 0 0 0 0 0 0 0 0 0.504682 0 0 0 0 0 0 0 0 0 0 0 0 0 0 0 0.504682 0 0 0 0 0 0 0 0 0 0 0 0.504682 0 0.504682 0.504682 -4.54269 0 0 0 0 0 0 0 2.01928 
0 0 0 0 0 0 0 0 0 0 0 0 0 0 0 0 0 0 0 0 0 0 0 0 0.504682 0 0 0 0 0 0 0 0 0 0 0 0 0 0 0 0.504682 0 0 0 0 0 0 0 0.504682 0 0 0 0 0 0 0 -5.14874 1.21157 1.21157 0 1.21157 0 0 0 
0 0 0 0 0 0 0 0 0 0 0 0 0 0 0 0 0 0 0 0 0 0 0 0 0 0.504682 0 0 0 0 0 0 0 0 0 0 0 0 0 0 0 0.504682 0 0 0 0 0 0 0 0.504682 0 0 0 0 0 0 0.504682 -5.24957 0 1.61542 0 1.61542 0 0 
0 0 0 0 0 0 0 0 0 0 0 0 0 0 0 0 0 0 0 0 0 0 0 0 0 0 0.504682 0 0 0 0 0 0 0 0 0 0 0 0 0 0 0 0.504682 0 0 0 0 0 0 0 0.504682 0 0 0 0 0 0.504682 0 -5.24957 1.61542 0 0 1.61542 0 
0 0 0 0 0 0 0 0 0 0 0 0 0 0 0 0 0 0 0 0 0 0 0 0 0 0 0 0.504682 0 0 0 0 0 0 0 0 0 0 0 0 0 0 0 0.504682 0 0 0 0 0 0 0 0.504682 0 0 0 0 0 0.504682 0.504682 -4.54269 0 0 0 2.01928 
0 0 0 0 0 0 0 0 0 0 0 0 0 0 0 0 0 0 0 0 0 0 0 0 0 0 0 0 0.504682 0 0 0 0 0 0 0 0 0 0 0 0 0 0 0 0.504682 0 0 0 0 0 0 0 0.504682 0 0 0 0.504682 0 0 0 -5.24957 1.61542 1.61542 0 
0 0 0 0 0 0 0 0 0 0 0 0 0 0 0 0 0 0 0 0 0 0 0 0 0 0 0 0 0 0.504682 0 0 0 0 0 0 0 0 0 0 0 0 0 0 0 0.504682 0 0 0 0 0 0 0 0.504682 0 0 0 0.504682 0 0 0.504682 -4.54269 0 2.01928 
0 0 0 0 0 0 0 0 0 0 0 0 0 0 0 0 0 0 0 0 0 0 0 0 0 0 0 0 0 0 0.504682 0 0 0 0 0 0 0 0 0 0 0 0 0 0 0 0.504682 0 0 0 0 0 0 0 0.504682 0 0 0 0.504682 0 0.504682 0 -4.54269 2.01928 
0 0 0 0 0 0 0 0 0 0 0 0 0 0 0 0 0 0 0 0 0 0 0 0 0 0 0 0 0 0 0 0.504682 0 0 0 0 0 0 0 0 0 0 0 0 0 0 0 0.504682 0 0 0 0 0 0 0 0.504682 0 0 0 0.504682 0 0.504682 0.504682 -3.02809 
