64
-0 0 0 0 0 0 0 0 0 0 0 0 0 0 0 0 0 0 0 0 0 0 0 0 0 0 0 0 0 0 0 0 0 0 0 0 0 0 0 0 0 0 0 0 0 0 0 0 0 0 0 0 0 0 0 0 0 0 0 0 0 0 0 0 
1.05621 -5.55607 0 0.899973 0 0.899973 0 0 0 0.899973 0 0 0 0 0 0 0 0.899973 0 0 0 0 0 0 0 0 0 0 0 0 0 0 0 0.899973 0 0 0 0 0 0 0 0 0 0 0 0 0 0 0 0 0 0 0 0 0 0 0 0 0 0 0 0 0 0 
1.05621 0 -5.55607 0.899973 0 0 0.899973 0 0 0 0.899973 0 0 0 0 0 0 0 0.899973 0 0 0 0 0 0 0 0 0 0 0 0 0 0 0 0.899973 0 0 0 0 0 0 0 0 0 0 0 0 0 0 0 0 0 0 0 0 0 0 0 0 0 0 0 0 0 
0 1.05621 1.05621 -9.3122 0 0 0 1.79995 0 0 0 1.79995 0 0 0 0 0 0 0 1.79995 0 0 0 0 0 0 0 0 0 0 0 0 0 0 0 1.79995 0 0 0 0 0 0 0 0 0 0 0 0 0 0 0 0 0 0 0 0 0 0 0 0 0 0 0 0 
1.05621 0 0 0 -5.55607 0.899973 0.899973 0 0 0 0 0 0.899973 0 0 0 0 0 0 0 0.899973 0 0 0 0 0 0 0 0 0 0 0 0 0 0 0 0.899973 0 0 0 0 0 0 0 0 0 0 0 0 0 0 0 0 0 0 0 0 0 0 0 0 0 0 0 
0 1.05621 0 0 1.05621 -9.3122 0 1.79995 0 0 0 0 0 1.79995 0 0 0 0 0 0 0 1.79995 0 0 0 0 0 0 0 0 0 0 0 0 0 0 0 1.79995 0 0 0 0 0 0 0 0 0 0 0 0 0 0 0 0 0 0 0 0 0 0 0 0 0 0 
0 0 1.05621 0 1.05621 0 -9.3122 1.79995 0 0 0 0 0 0 1.79995 0 0 0 0 0 0 0 1.79995 0 0 0 0 0 0 0 0 0 0 0 0 0 0 0 1.79995 0 0 0 0 0 0 0 0 0 0 0 0 0 0 0 0 0 0 0 0 0 0 0 0 0 
0 0 0 1.05621 0 1.05621 1.05621 -11.2684 0 0 0 0 0 0 0 2.69992 0 0 0 0 0 0 0 2.69992 0 0 0 0 0 0 0 0 0 0 0 0 0 0 0 2.69992 0 0 0 0 0 0 0 0 0 0 0 0 0 0 0 0 0 0 0 0 0 0 0 0 
1.05621 0 0 0 0 0 0 0 -5.55607 0.899973 0.899973 0 0.899973 0 0 0 0 0 0 0 0 0 0 0 0.899973 0 0 0 0 0 0 0 0 0 0 0 0 0 0 0 0.899973 0 0 0 0 0 0 0 0 0 0 0 0 0 0 0 0 0 0 0 0 0 0 0 
0 1.05621 0 0 0 0 0 0 1.05621 -9.3122 0 1.79995 0 1.79995 0 0 0 0 0 0 0 0 0 0 0 1.79995 0 0 0 0 0 0 0 0 0 0 0 0 0 0 0 1.79995 0 0 0 0 0 0 0 0 0 0 0 0 0 0 0 0 0 0 0 0 0 0 
0 0 1.05621 0 0 0 0 0 1.05621 0 -9.3122 1.79995 0 0 1.79995 0 0 0 0 0 0 0 0 0 0 0 1.79995 0 0 0 0 0 0 0 0 0 0 0 0 0 0 0 1.79995 0 0 0 0 0 0 0 0 0 0 0 0 0 0 0 0 0 0 0 0 0 
0 0 0 1.05621 0 0 0 0 0 1.05621 1.05621 -11.2684 0 0 0 2.69992 0 0 0 0 0 0 0 0 0 0 0 2.69992 0 0 0 0 0 0 0 0 0 0 0 0 0 0 0 2.69992 0 0 0 0 0 0 0 0 0 0 0 0 0 0 0 0 0 0 0 0 
0 0 0 0 1.05621 0 0 0 1.05621 0 0 0 -9.3122 1.79995 1.79995 0 0 0 0 0 0 0 0 0 0 0 0 0 1.79995 0 0 0 0 0 0 0 0 0 0 0 0 0 0 0 1.79995 0 0 0 0 0 0 0 0 0 0 0 0 0 0 0 0 0 0 0 
0 0 0 0 0 1.05621 0 0 0 1.05621 0 0 1.05621 -11.2684 0 2.69992 0 0 0 0 0 0 0 0 0 0 0 0 0 2.69992 0 0 0 0 0 0 0 0 0 0 0 0 0 0 0 2.69992 0 0 0 0 0 0 0 0 0 0 0 0 0 0 0 0 0 0 
0 0 0 0 0 0 1.05621 0 0 0 1.05621 0 1.05621 0 -11.2684 2.69992 0 0 0 0 0 0 0 0 0 0 0 0 0 0 2.69992 0 0 0 0 0 0 0 0 0 0 0 0 0 0 0 2.69992 0 0 0 0 0 0 0 0 0 0 0 0 0 0 0 0 0 
0 0 0 0 0 0 0 1.05621 0 0 0 1.05621 0 1.05621 1.05621 -11.4246 0 0 0 0 0 0 0 0 0 0 0 0 0 0 0 3.59989 0 0 0 0 0 0 0 0 0 0 0 0 0 0 0 3.59989 0 0 0 0 0 0 0 0 0 0 0 0 0 0 0 0 
1.05621 0 0 0 0 0 0 0 0 0 0 0 0 0 0 0 -5.55607 0.899973 0.899973 0 0.899973 0 0 0 0.899973 0 0 0 0 0 0 0 0 0 0 0 0 0 0 0 0 0 0 0 0 0 0 0 0.899973 0 0 0 0 0 0 0 0 0 0 0 0 0 0 0 
0 1.05621 0 0 0 0 0 0 0 0 0 0 0 0 0 0 1.05621 -9.3122 0 1.79995 0 1.79995 0 0 0 1.79995 0 0 0 0 0 0 0 0 0 0 0 0 0 0 0 0 0 0 0 0 0 0 0 1.79995 0 0 0 0 0 0 0 0 0 0 0 0 0 0 
0 0 1.05621 0 0 0 0 0 0 0 0 0 0 0 0 0 1.05621 0 -9.3122 1.79995 0 0 1.79995 0 0 0 1.79995 0 0 0 0 0 0 0 0 0 0 0 0 0 0 0 0 0 0 0 0 0 0 0 1.79995 0 0 0 0 0 0 0 0 0 0 0 0 0 
0 0 0 1.05621 0 0 0 0 0 0 0 0 0 0 0 0 0 1.05621 1.05621 -11.2684 0 0 0 2.69992 0 0 0 2.69992 0 0 0 0 0 0 0 0 0 0 0 0 0 0 0 0 0 0 0 0 0 0 0 2.69992 0 0 0 0 0 0 0 0 0 0 0 0 
0 0 0 0 1.05621 0 0 0 0 0 0 0 0 0 0 0 1.05621 0 0 0 -9.3122 1.79995 1.79995 0 0 0 0 0 1.79995 0 0 0 0 0 0 0 0 0 0 0 0 0 0 0 0 0 0 0 0 0 0 0 1.79995 0 0 0 0 0 0 0 0 0 0 0 
0 0 0 0 0 1.05621 0 0 0 0 0 0 0 0 0 0 0 1.05621 0 0 1.05621 -11.2684 0 2.69992 0 0 0 0 0 2.69992 0 0 0 0 0 0 0 0 0 0 0 0 0 0 0 0 0 0 0 0 0 0 0 2.69992 0 0 0 0 0 0 0 0 0 0 
0 0 0 0 0 0 1.05621 0 0 0 0 0 0 0 0 0 0 0 1.05621 0 1.05621 0 -11.2684 2.69992 0 0 0 0 0 0 2.69992 0 0 0 0 0 0 0 0 0 0 0 0 0 0 0 0 0 0 0 0 0 0 0 2.69992 0 0 0 0 0 0 0 0 0 
0 0 0 0 0 0 0 1.05621 0 0 0 0 0 0 0 0 0 0 0 1.05621 0 1.05621 1.05621 -11.4246 0 0 0 0 0 0 0 3.59989 0 0 0 0 0 0 0 0 0 0 0 0 0 0 0 0 0 0 0 0 0 0 0 3.59989 0 0 0 0 0 0 0 0 
0 0 0 0 0 0 0 0 1.05621 0 0 0 0 0 0 0 1.05621 0 0 0 0 0 0 0 -9.3122 1.79995 1.79995 0 1.79995 0 0 0 0 0 0 0 0 0 0 0 0 0 0 0 0 0 0 0 0 0 0 0 0 0 0 0 1.79995 0 0 0 0 0 0 0 
0 0 0 0 0 0 0 0 0 1.05621 0 0 0 0 0 0 0 1.05621 0 0 0 0 0 0 1.05621 -11.2684 0 2.69992 0 2.69992 0 0 0 0 0 0 0 0 0 0 0 0 0 0 0 0 0 0 0 0 0 0 0 0 0 0 0 2.69992 0 0 0 0 0 0 
0 0 0 0 0 0 0 0 0 0 1.05621 0 0 0 0 0 0 0 1.05621 0 0 0 0 0 1.05621 0 -11.2684 2.69992 0 0 2.69992 0 0 0 0 0 0 0 0 0 0 0 0 0 0 0 0 0 0 0 0 0 0 0 0 0 0 0 2.69992 0 0 0 0 0 
0 0 0 0 0 0 0 0 0 0 0 1.05621 0 0 0 0 0 0 0 1.05621 0 0 0 0 0 1.05621 1.05621 -11.4246 0 0 0 3.59989 0 0 0 0 0 0 0 0 0 0 0 0 0 0 0 0 0 0 0 0 0 0 0 0 0 0 0 3.59989 0 0 0 0 
0 0 0 0 0 0 0 0 0 0 0 0 1.05621 0 0 0 0 0 0 0 1.05621 0 0 0 1.05621 0 0 0 -11.2684 2.69992 2.69992 0 0 0 0 0 0 0 0 0 0 0 0 0 0 0 0 0 0 0 0 0 0 0 0 0 0 0 0 0 2.69992 0 0 0 
0 0 0 0 0 0 0 0 0 0 0 0 0 1.05621 0 0 0 0 0 0 0 1.05621 0 0 0 1.05621 0 0 1.05621 -11.4246 0 3.59989 0 0 0 0 0 0 0 0 0 0 0 0 0 0 0 0 0 0 0 0 0 0 0 0 0 0 0 0 0 3.59989 0 0 
0 0 0 0 0 0 0 0 0 0 0 0 0 0 1.05621 0 0 0 0 0 0 0 1.05621 0 0 0 1.05621 0 1.05621 0 -11.4246 3.59989 0 0 0 0 0 0 0 0 0 0 0 0 0 0 0 0 0 0 0 0 0 0 0 0 0 0 0 0 0 0 3.59989 0 
0 0 0 0 0 0 0 0 0 0 0 0 0 0 0 1.05621 0 0 0 0 0 0 0 1.05621 0 0 0 1.05621 0 1.05621 1.05621 -9.7809 0 0 0 0 0 0 0 0 0 0 0 0 0 0 0 0 0 0 0 0 0 0 0 0 0 0 0 0 0 0 0 4.49986 
1.05621 0 0 0 0 0 0 0 0 0 0 0 0 0 0 0 0 0 0 0 0 0 0 0 0 0 0 0 0 0 0 0 -5.55607 0.899973 0.899973 0 0.899973 0 0 0 0.899973 0 0 0 0 0 0 0 0.899973 0 0 0 0 0 0 0 0 0 0 0 0 0 0 0 
0 1.05621 0 0 0 0 0 0 0 0 0 0 0 0 0 0 0 0 0 0 0 0 0 0 0 0 0 0 0 0 0 0 1.05621 -9.3122 0 1.79995 0 1.79995 0 0 0 1.79995 0 0 0 0 0 0 0 1.79995 0 0 0 0 0 0 0 0 0 0 0 0 0 0 
0 0 1.05621 0 0 0 0 0 0 0 0 0 0 0 0 0 0 0 0 0 0 0 0 0 0 0 0 0 0 0 0 0 1.05621 0 -9.3122 1.79995 0 0 1.79995 0 0 0 1.79995 0 0 0 0 0 0 0 1.79995 0 0 0 0 0 0 0 0 0 0 0 0 0 
0 0 0 1.05621 0 0 0 0 0 0 0 0 0 0 0 0 0 0 0 0 0 0 0 0 0 0 0 0 0 0 0 0 0 1.05621 1.05621 -11.2684 0 0 0 2.69992 0 0 0 2.69992 0 0 0 0 0 0 0 2.69992 0 0 0 0 0 0 0 0 0 0 0 0 
0 0 0 0 1.05621 0 0 0 0 0 0 0 0 0 0 0 0 0 0 0 0 0 0 0 0 0 0 0 0 0 0 0 1.05621 0 0 0 -9.3122 1.79995 1.79995 0 0 0 0 0 1.79995 0 0 0 0 0 0 0 1.79995 0 0 0 0 0 0 0 0 0 0 0 
0 0 0 0 0 1.05621 0 0 0 0 0 0 0 0 0 0 0 0 0 0 0 0 0 0 0 0 0 0 0 0 0 0 0 1.05621 0 0 1.05621 -11.2684 0 2.69992 0 0 0 0 0 2.69992 0 0 0 0 0 0 0 2.69992 0 0 0 0 0 0 0 0 0 0 
0 0 0 0 0 0 1.05621 0 0 0 0 0 0 0 0 0 0 0 0 0 0 0 0 0 0 0 0 0 0 0 0 0 0 0 1.05621 0 1.05621 0 -11.2684 2.69992 0 0 0 0 0 0 2.69992 0 0 0 0 0 0 0 2.69992 0 0 0 0 0 0 0 0 0 
0 0 0 0 0 0 0 1.05621 0 0 0 0 0 0 0 0 0 0 0 0 0 0 0 0 0 0 0 0 0 0 0 0 0 0 0 1.05621 0 1.05621 1.05621 -11.4246 0 0 0 0 0 0 0 3.59989 0 0 0 0 0 0 0 3.59989 0 0 0 0 0 0 0 0 
0 0 0 0 0 0 0 0 1.05621 0 0 0 0 0 0 0 0 0 0 0 0 0 0 0 0 0 0 0 0 0 0 0 1.05621 0 0 0 0 0 0 0 -9.3122 1.79995 1.79995 0 1.79995 0 0 0 0 0 0 0 0 0 0 0 1.79995 0 0 0 0 0 0 0 
0 0 0 0 0 0 0 0 0 1.05621 0 0 0 0 0 0 0 0 0 0 0 0 0 0 0 0 0 0 0 0 0 0 0 1.05621 0 0 0 0 0 0 1.05621 -11.2684 0 2.69992 0 2.69992 0 0 0 0 0 0 0 0 0 0 0 2.69992 0 0 0 0 0 0 
0 0 0 0 0 0 0 0 0 0 1.05621 0 0 0 0 0 0 0 0 0 0 0 0 0 0 0 0 0 0 0 0 0 0 0 1.05621 0 0 0 0 0 1.05621 0 -11.2684 2.69992 0 0 2.69992 0 0 0 0 0 0 0 0 0 0 0 2.69992 0 0 0 0 0 
0 0 0 0 0 0 0 0 0 0 0 1.05621 0 0 0 0 0 0 0 0 0 0 0 0 0 0 0 0 0 0 0 0 0 0 0 1.05621 0 0 0 0 0 1.05621 1.05621 -11.4246 0 0 0 3.59989 0 0 0 0 0 0 0 0 0 0 0 3.59989 0 0 0 0 
0 0 0 0 0 0 0 0 0 0 0 0 1.05621 0 0 0 0 0 0 0 0 0 0 0 0 0 0 0 0 0 0 0 0 0 0 0 1.05621 0 0 0 1.05621 0 0 0 -11.2684 2.69992 2.69992 0 0 0 0 0 0 0 0 0 0 0 0 0 2.69992 0 0 0 
0 0 0 0 0 0 0 0 0 0 0 0 0 1.05621 0 0 0 0 0 0 0 0 0 0 0 0 0 0 0 0 0 0 0 0 0 0 0 1.05621 0 0 0 1.05621 0 0 1.05621 -11.4246 0 3.59989 0 0 0 0 0 0 0 0 0 0 0 0 0 3.59989 0 0 
0 0 0 0 0 0 0 0 0 0 0 0 0 0 1.05621 0 0 0 0 0 0 0 0 0 0 0 0 0 0 0 0 0 0 0 0 0 0 0 1.05621 0 0 0 1.05621 0 1.05621 0 -11.4246 3.59989 0 0 0 0 0 0 0 0 0 0 0 0 0 0 3.59989 0 
0 0 0 0 0 0 0 0 0 0 0 0 0 0 0 1.05621 0 0 0 0 0 0 0 0 0 0 0 0 0 0 0 0 0 0 0 0 0 0 0 1.05621 0 0 0 1.05621 0 1.05621 1.05621 -9.7809 0 0 0 0 0 0 0 0 0 0 0 0 0 0 0 4.49986 
0 0 0 0 0 0 0 0 0 0 0 0 0 0 0 0 1.05621 0 0 0 0 0 0 0 0 0 0 0 0 0 0 0 1.05621 0 0 0 0 0 0 0 0 0 0 0 0 0 0 0 -9.3122 1.79995 1.79995 0 1.79995 0 0 0 1.79995 0 0 0 0 0 0 0 
0 0 0 0 0 0 0 0 0 0 0 0 0 0 0 0 0 1.05621 0 0 0 0 0 0 0 0 0 0 0 0 0 0 0 1.05621 0 0 0 0 0 0 0 0 0 0 0 0 0 0 1.05621 -11.2684 0 2.69992 0 2.69992 0 0 0 2.69992 0 0 0 0 0 0 
0 0 0 0 0 0 0 0 0 0 0 0 0 0 0 0 0 0 1.05621 0 0 0 0 0 0 0 0 0 0 0 0 0 0 0 1.05621 0 0 0 0 0 0 0 0 0 0 0 0 0 1.05621 0 -11.2684 2.69992 0 0 2.69992 0 0 0 2.69992 0 0 0 0 0 
0 0 0 0 0 0 0 0 0 0 0 0 0 0 0 0 0 0 0 1.05621 0 0 0 0 0 0 0 0 0 0 0 0 0 0 0 1.05621 0 0 0 0 0 0 0 0 0 0 0 0 0 1.05621 1.05621 -11.4246 0 0 0 3.59989 0 0 0 3.59989 0 0 0 0 
0 0 0 0 0 0 0 0 0 0 0 0 0 0 0 0 0 0 0 0 1.05621 0 0 0 0 0 0 0 0 0 0 0 0 0 0 0 1.05621 0 0 0 0 0 0 0 0 0 0 0 1.05621 0 0 0 -11.2684 2.69992 2.69992 0 0 0 0 0 2.69992 0 0 0 
0 0 0 0 0 0 0 0 0 0 0 0 0 0 0 0 0 0 0 0 0 1.05621 0 0 0 0 0 0 0 0 0 0 0 0 0 0 0 1.05621 0 0 0 0 0 0 0 0 0 0 0 1.05621 0 0 1.05621 -11.4246 0 3.59989 0 0 0 0 0 3.59989 0 0 
0 0 0 0 0 0 0 0 0 0 0 0 0 0 0 0 0 0 0 0 0 0 1.05621 0 0 0 0 0 0 0 0 0 0 0 0 0 0 0 1.05621 0 0 0 0 0 0 0 0 0 0 0 1.05621 0 1.05621 0 -11.4246 3.59989 0 0 0 0 0 0 3.59989 0 
0 0 0 0 0 0 0 0 0 0 0 0 0 0 0 0 0 0 0 0 0 0 0 1.05621 0 0 0 0 0 0 0 0 0 0 0 0 0 0 0 1.05621 0 0 0 0 0 0 0 0 0 0 0 1.05621 0 1.05621 1.05621 -9.7809 0 0 0 0 0 0 0 4.49986 
0 0 0 0 0 0 0 0 0 0 0 0 0 0 0 0 0 0 0 0 0 0 0 0 1.05621 0 0 0 0 0 0 0 0 0 0 0 0 0 0 0 1.05621 0 0 0 0 0 0 0 1.05621 0 0 0 0 0 0 0 -11.2684 2.69992 2.69992 0 2.69992 0 0 0 
0 0 0 0 0 0 0 0 0 0 0 0 0 0 0 0 0 0 0 0 0 0 0 0 0 1.05621 0 0 0 0 0 0 0 0 0 0 0 0 0 0 0 1.05621 0 0 0 0 0 0 0 1.05621 0 0 0 0 0 0 1.05621 -11.4246 0 3.59989 0 3.59989 0 0 
0 0 0 0 0 0 0 0 0 0 0 0 0 0 0 0 0 0 0 0 0 0 0 0 0 0 1.05621 0 0 0 0 0 0 0 0 0 0 0 0 0 0 0 1.05621 0 0 0 0 0 0 0 1.05621 0 0 0 0 0 1.05621 0 -11.4246 3.59989 0 0 3.59989 0 
0 0 0 0 0 0 0 0 0 0 0 0 0 0 0 0 0 0 0 0 0 0 0 0 0 0 0 1.05621 0 0 0 0 0 0 0 0 0 0 0 0 0 0 0 1.05621 0 0 0 0 0 0 0 1.05621 0 0 0 0 0 1.05621 1.05621 -9.7809 0 0 0 4.49986 
0 0 0 0 0 0 0 0 0 0 0 0 0 0 0 0 0 0 0 0 0 0 0 0 0 0 0 0 1.05621 0 0 0 0 0 0 0 0 0 0 0 0 0 0 0 1.05621 0 0 0 0 0 0 0 1.05621 0 0 0 1.05621 0 0 0 -11.4246 3.59989 3.59989 0 
0 0 0 0 0 0 0 0 0 0 0 0 0 0 0 0 0 0 0 0 0 0 0 0 0 0 0 0 0 1.05621 0 0 0 0 0 0 0 0 0 0 0 0 0 0 0 1.05621 0 0 0 0 0 0 0 1.05621 0 0 0 1.05621 0 0 1.05621 -9.7809 0 4.49986 
0 0 0 0 0 0 0 0 0 0 0 0 0 0 0 0 0 0 0 0 0 0 0 0 0 0 0 0 0 0 1.05621 0 0 0 0 0 0 0 0 0 0 0 0 0 0 0 1.05621 0 0 0 0 0 0 0 1.05621 0 0 0 1.05621 0 1.05621 0 -9.7809 4.49986 
0 0 0 0 0 0 0 0 0 0 0 0 0 0 0 0 0 0 0 0 0 0 0 0 0 0 0 0 0 0 0 1.05621 0 0 0 0 0 0 0 0 0 0 0 0 0 0 0 1.05621 0 0 0 0 0 0 0 1.05621 0 0 0 1.05621 0 1.05621 1.05621 -6.33725 
