64
-0 0 0 0 0 0 0 0 0 0 0 0 0 0 0 0 0 0 0 0 0 0 0 0 0 0 0 0 0 0 0 0 0 0 0 0 0 0 0 0 0 0 0 0 0 0 0 0 0 0 0 0 0 0 0 0 0 0 0 0 0 0 0 0 
0.823381 -4.02919 0 0.641162 0 0.641162 0 0 0 0.641162 0 0 0 0 0 0 0 0.641162 0 0 0 0 0 0 0 0 0 0 0 0 0 0 0 0.641162 0 0 0 0 0 0 0 0 0 0 0 0 0 0 0 0 0 0 0 0 0 0 0 0 0 0 0 0 0 0 
0.823381 0 -4.02919 0.641162 0 0 0.641162 0 0 0 0.641162 0 0 0 0 0 0 0 0.641162 0 0 0 0 0 0 0 0 0 0 0 0 0 0 0 0.641162 0 0 0 0 0 0 0 0 0 0 0 0 0 0 0 0 0 0 0 0 0 0 0 0 0 0 0 0 0 
0 0.823381 0.823381 -6.77606 0 0 0 1.28232 0 0 0 1.28232 0 0 0 0 0 0 0 1.28232 0 0 0 0 0 0 0 0 0 0 0 0 0 0 0 1.28232 0 0 0 0 0 0 0 0 0 0 0 0 0 0 0 0 0 0 0 0 0 0 0 0 0 0 0 0 
0.823381 0 0 0 -4.02919 0.641162 0.641162 0 0 0 0 0 0.641162 0 0 0 0 0 0 0 0.641162 0 0 0 0 0 0 0 0 0 0 0 0 0 0 0 0.641162 0 0 0 0 0 0 0 0 0 0 0 0 0 0 0 0 0 0 0 0 0 0 0 0 0 0 0 
0 0.823381 0 0 0.823381 -6.77606 0 1.28232 0 0 0 0 0 1.28232 0 0 0 0 0 0 0 1.28232 0 0 0 0 0 0 0 0 0 0 0 0 0 0 0 1.28232 0 0 0 0 0 0 0 0 0 0 0 0 0 0 0 0 0 0 0 0 0 0 0 0 0 0 
0 0 0.823381 0 0.823381 0 -6.77606 1.28232 0 0 0 0 0 0 1.28232 0 0 0 0 0 0 0 1.28232 0 0 0 0 0 0 0 0 0 0 0 0 0 0 0 1.28232 0 0 0 0 0 0 0 0 0 0 0 0 0 0 0 0 0 0 0 0 0 0 0 0 0 
0 0 0 0.823381 0 0.823381 0.823381 -8.24061 0 0 0 0 0 0 0 1.92349 0 0 0 0 0 0 0 1.92349 0 0 0 0 0 0 0 0 0 0 0 0 0 0 0 1.92349 0 0 0 0 0 0 0 0 0 0 0 0 0 0 0 0 0 0 0 0 0 0 0 0 
0.823381 0 0 0 0 0 0 0 -4.02919 0.641162 0.641162 0 0.641162 0 0 0 0 0 0 0 0 0 0 0 0.641162 0 0 0 0 0 0 0 0 0 0 0 0 0 0 0 0.641162 0 0 0 0 0 0 0 0 0 0 0 0 0 0 0 0 0 0 0 0 0 0 0 
0 0.823381 0 0 0 0 0 0 0.823381 -6.77606 0 1.28232 0 1.28232 0 0 0 0 0 0 0 0 0 0 0 1.28232 0 0 0 0 0 0 0 0 0 0 0 0 0 0 0 1.28232 0 0 0 0 0 0 0 0 0 0 0 0 0 0 0 0 0 0 0 0 0 0 
0 0 0.823381 0 0 0 0 0 0.823381 0 -6.77606 1.28232 0 0 1.28232 0 0 0 0 0 0 0 0 0 0 0 1.28232 0 0 0 0 0 0 0 0 0 0 0 0 0 0 0 1.28232 0 0 0 0 0 0 0 0 0 0 0 0 0 0 0 0 0 0 0 0 0 
0 0 0 0.823381 0 0 0 0 0 0.823381 0.823381 -8.24061 0 0 0 1.92349 0 0 0 0 0 0 0 0 0 0 0 1.92349 0 0 0 0 0 0 0 0 0 0 0 0 0 0 0 1.92349 0 0 0 0 0 0 0 0 0 0 0 0 0 0 0 0 0 0 0 0 
0 0 0 0 0.823381 0 0 0 0.823381 0 0 0 -6.77606 1.28232 1.28232 0 0 0 0 0 0 0 0 0 0 0 0 0 1.28232 0 0 0 0 0 0 0 0 0 0 0 0 0 0 0 1.28232 0 0 0 0 0 0 0 0 0 0 0 0 0 0 0 0 0 0 0 
0 0 0 0 0 0.823381 0 0 0 0.823381 0 0 0.823381 -8.24061 0 1.92349 0 0 0 0 0 0 0 0 0 0 0 0 0 1.92349 0 0 0 0 0 0 0 0 0 0 0 0 0 0 0 1.92349 0 0 0 0 0 0 0 0 0 0 0 0 0 0 0 0 0 0 
0 0 0 0 0 0 0.823381 0 0 0 0.823381 0 0.823381 0 -8.24061 1.92349 0 0 0 0 0 0 0 0 0 0 0 0 0 0 1.92349 0 0 0 0 0 0 0 0 0 0 0 0 0 0 0 1.92349 0 0 0 0 0 0 0 0 0 0 0 0 0 0 0 0 0 
0 0 0 0 0 0 0 0.823381 0 0 0 0.823381 0 0.823381 0.823381 -8.42282 0 0 0 0 0 0 0 0 0 0 0 0 0 0 0 2.56465 0 0 0 0 0 0 0 0 0 0 0 0 0 0 0 2.56465 0 0 0 0 0 0 0 0 0 0 0 0 0 0 0 0 
0.823381 0 0 0 0 0 0 0 0 0 0 0 0 0 0 0 -4.02919 0.641162 0.641162 0 0.641162 0 0 0 0.641162 0 0 0 0 0 0 0 0 0 0 0 0 0 0 0 0 0 0 0 0 0 0 0 0.641162 0 0 0 0 0 0 0 0 0 0 0 0 0 0 0 
0 0.823381 0 0 0 0 0 0 0 0 0 0 0 0 0 0 0.823381 -6.77606 0 1.28232 0 1.28232 0 0 0 1.28232 0 0 0 0 0 0 0 0 0 0 0 0 0 0 0 0 0 0 0 0 0 0 0 1.28232 0 0 0 0 0 0 0 0 0 0 0 0 0 0 
0 0 0.823381 0 0 0 0 0 0 0 0 0 0 0 0 0 0.823381 0 -6.77606 1.28232 0 0 1.28232 0 0 0 1.28232 0 0 0 0 0 0 0 0 0 0 0 0 0 0 0 0 0 0 0 0 0 0 0 1.28232 0 0 0 0 0 0 0 0 0 0 0 0 0 
0 0 0 0.823381 0 0 0 0 0 0 0 0 0 0 0 0 0 0.823381 0.823381 -8.24061 0 0 0 1.92349 0 0 0 1.92349 0 0 0 0 0 0 0 0 0 0 0 0 0 0 0 0 0 0 0 0 0 0 0 1.92349 0 0 0 0 0 0 0 0 0 0 0 0 
0 0 0 0 0.823381 0 0 0 0 0 0 0 0 0 0 0 0.823381 0 0 0 -6.77606 1.28232 1.28232 0 0 0 0 0 1.28232 0 0 0 0 0 0 0 0 0 0 0 0 0 0 0 0 0 0 0 0 0 0 0 1.28232 0 0 0 0 0 0 0 0 0 0 0 
0 0 0 0 0 0.823381 0 0 0 0 0 0 0 0 0 0 0 0.823381 0 0 0.823381 -8.24061 0 1.92349 0 0 0 0 0 1.92349 0 0 0 0 0 0 0 0 0 0 0 0 0 0 0 0 0 0 0 0 0 0 0 1.92349 0 0 0 0 0 0 0 0 0 0 
0 0 0 0 0 0 0.823381 0 0 0 0 0 0 0 0 0 0 0 0.823381 0 0.823381 0 -8.24061 1.92349 0 0 0 0 0 0 1.92349 0 0 0 0 0 0 0 0 0 0 0 0 0 0 0 0 0 0 0 0 0 0 0 1.92349 0 0 0 0 0 0 0 0 0 
0 0 0 0 0 0 0 0.823381 0 0 0 0 0 0 0 0 0 0 0 0.823381 0 0.823381 0.823381 -8.42282 0 0 0 0 0 0 0 2.56465 0 0 0 0 0 0 0 0 0 0 0 0 0 0 0 0 0 0 0 0 0 0 0 2.56465 0 0 0 0 0 0 0 0 
0 0 0 0 0 0 0 0 0.823381 0 0 0 0 0 0 0 0.823381 0 0 0 0 0 0 0 -6.77606 1.28232 1.28232 0 1.28232 0 0 0 0 0 0 0 0 0 0 0 0 0 0 0 0 0 0 0 0 0 0 0 0 0 0 0 1.28232 0 0 0 0 0 0 0 
0 0 0 0 0 0 0 0 0 0.823381 0 0 0 0 0 0 0 0.823381 0 0 0 0 0 0 0.823381 -8.24061 0 1.92349 0 1.92349 0 0 0 0 0 0 0 0 0 0 0 0 0 0 0 0 0 0 0 0 0 0 0 0 0 0 0 1.92349 0 0 0 0 0 0 
0 0 0 0 0 0 0 0 0 0 0.823381 0 0 0 0 0 0 0 0.823381 0 0 0 0 0 0.823381 0 -8.24061 1.92349 0 0 1.92349 0 0 0 0 0 0 0 0 0 0 0 0 0 0 0 0 0 0 0 0 0 0 0 0 0 0 0 1.92349 0 0 0 0 0 
0 0 0 0 0 0 0 0 0 0 0 0.823381 0 0 0 0 0 0 0 0.823381 0 0 0 0 0 0.823381 0.823381 -8.42282 0 0 0 2.56465 0 0 0 0 0 0 0 0 0 0 0 0 0 0 0 0 0 0 0 0 0 0 0 0 0 0 0 2.56465 0 0 0 0 
0 0 0 0 0 0 0 0 0 0 0 0 0.823381 0 0 0 0 0 0 0 0.823381 0 0 0 0.823381 0 0 0 -8.24061 1.92349 1.92349 0 0 0 0 0 0 0 0 0 0 0 0 0 0 0 0 0 0 0 0 0 0 0 0 0 0 0 0 0 1.92349 0 0 0 
0 0 0 0 0 0 0 0 0 0 0 0 0 0.823381 0 0 0 0 0 0 0 0.823381 0 0 0 0.823381 0 0 0.823381 -8.42282 0 2.56465 0 0 0 0 0 0 0 0 0 0 0 0 0 0 0 0 0 0 0 0 0 0 0 0 0 0 0 0 0 2.56465 0 0 
0 0 0 0 0 0 0 0 0 0 0 0 0 0 0.823381 0 0 0 0 0 0 0 0.823381 0 0 0 0.823381 0 0.823381 0 -8.42282 2.56465 0 0 0 0 0 0 0 0 0 0 0 0 0 0 0 0 0 0 0 0 0 0 0 0 0 0 0 0 0 0 2.56465 0 
0 0 0 0 0 0 0 0 0 0 0 0 0 0 0 0.823381 0 0 0 0 0 0 0 0.823381 0 0 0 0.823381 0 0.823381 0.823381 -7.32272 0 0 0 0 0 0 0 0 0 0 0 0 0 0 0 0 0 0 0 0 0 0 0 0 0 0 0 0 0 0 0 3.20581 
0.823381 0 0 0 0 0 0 0 0 0 0 0 0 0 0 0 0 0 0 0 0 0 0 0 0 0 0 0 0 0 0 0 -4.02919 0.641162 0.641162 0 0.641162 0 0 0 0.641162 0 0 0 0 0 0 0 0.641162 0 0 0 0 0 0 0 0 0 0 0 0 0 0 0 
0 0.823381 0 0 0 0 0 0 0 0 0 0 0 0 0 0 0 0 0 0 0 0 0 0 0 0 0 0 0 0 0 0 0.823381 -6.77606 0 1.28232 0 1.28232 0 0 0 1.28232 0 0 0 0 0 0 0 1.28232 0 0 0 0 0 0 0 0 0 0 0 0 0 0 
0 0 0.823381 0 0 0 0 0 0 0 0 0 0 0 0 0 0 0 0 0 0 0 0 0 0 0 0 0 0 0 0 0 0.823381 0 -6.77606 1.28232 0 0 1.28232 0 0 0 1.28232 0 0 0 0 0 0 0 1.28232 0 0 0 0 0 0 0 0 0 0 0 0 0 
0 0 0 0.823381 0 0 0 0 0 0 0 0 0 0 0 0 0 0 0 0 0 0 0 0 0 0 0 0 0 0 0 0 0 0.823381 0.823381 -8.24061 0 0 0 1.92349 0 0 0 1.92349 0 0 0 0 0 0 0 1.92349 0 0 0 0 0 0 0 0 0 0 0 0 
0 0 0 0 0.823381 0 0 0 0 0 0 0 0 0 0 0 0 0 0 0 0 0 0 0 0 0 0 0 0 0 0 0 0.823381 0 0 0 -6.77606 1.28232 1.28232 0 0 0 0 0 1.28232 0 0 0 0 0 0 0 1.28232 0 0 0 0 0 0 0 0 0 0 0 
0 0 0 0 0 0.823381 0 0 0 0 0 0 0 0 0 0 0 0 0 0 0 0 0 0 0 0 0 0 0 0 0 0 0 0.823381 0 0 0.823381 -8.24061 0 1.92349 0 0 0 0 0 1.92349 0 0 0 0 0 0 0 1.92349 0 0 0 0 0 0 0 0 0 0 
0 0 0 0 0 0 0.823381 0 0 0 0 0 0 0 0 0 0 0 0 0 0 0 0 0 0 0 0 0 0 0 0 0 0 0 0.823381 0 0.823381 0 -8.24061 1.92349 0 0 0 0 0 0 1.92349 0 0 0 0 0 0 0 1.92349 0 0 0 0 0 0 0 0 0 
0 0 0 0 0 0 0 0.823381 0 0 0 0 0 0 0 0 0 0 0 0 0 0 0 0 0 0 0 0 0 0 0 0 0 0 0 0.823381 0 0.823381 0.823381 -8.42282 0 0 0 0 0 0 0 2.56465 0 0 0 0 0 0 0 2.56465 0 0 0 0 0 0 0 0 
0 0 0 0 0 0 0 0 0.823381 0 0 0 0 0 0 0 0 0 0 0 0 0 0 0 0 0 0 0 0 0 0 0 0.823381 0 0 0 0 0 0 0 -6.77606 1.28232 1.28232 0 1.28232 0 0 0 0 0 0 0 0 0 0 0 1.28232 0 0 0 0 0 0 0 
0 0 0 0 0 0 0 0 0 0.823381 0 0 0 0 0 0 0 0 0 0 0 0 0 0 0 0 0 0 0 0 0 0 0 0.823381 0 0 0 0 0 0 0.823381 -8.24061 0 1.92349 0 1.92349 0 0 0 0 0 0 0 0 0 0 0 1.92349 0 0 0 0 0 0 
0 0 0 0 0 0 0 0 0 0 0.823381 0 0 0 0 0 0 0 0 0 0 0 0 0 0 0 0 0 0 0 0 0 0 0 0.823381 0 0 0 0 0 0.823381 0 -8.24061 1.92349 0 0 1.92349 0 0 0 0 0 0 0 0 0 0 0 1.92349 0 0 0 0 0 
0 0 0 0 0 0 0 0 0 0 0 0.823381 0 0 0 0 0 0 0 0 0 0 0 0 0 0 0 0 0 0 0 0 0 0 0 0.823381 0 0 0 0 0 0.823381 0.823381 -8.42282 0 0 0 2.56465 0 0 0 0 0 0 0 0 0 0 0 2.56465 0 0 0 0 
0 0 0 0 0 0 0 0 0 0 0 0 0.823381 0 0 0 0 0 0 0 0 0 0 0 0 0 0 0 0 0 0 0 0 0 0 0 0.823381 0 0 0 0.823381 0 0 0 -8.24061 1.92349 1.92349 0 0 0 0 0 0 0 0 0 0 0 0 0 1.92349 0 0 0 
0 0 0 0 0 0 0 0 0 0 0 0 0 0.823381 0 0 0 0 0 0 0 0 0 0 0 0 0 0 0 0 0 0 0 0 0 0 0 0.823381 0 0 0 0.823381 0 0 0.823381 -8.42282 0 2.56465 0 0 0 0 0 0 0 0 0 0 0 0 0 2.56465 0 0 
0 0 0 0 0 0 0 0 0 0 0 0 0 0 0.823381 0 0 0 0 0 0 0 0 0 0 0 0 0 0 0 0 0 0 0 0 0 0 0 0.823381 0 0 0 0.823381 0 0.823381 0 -8.42282 2.56465 0 0 0 0 0 0 0 0 0 0 0 0 0 0 2.56465 0 
0 0 0 0 0 0 0 0 0 0 0 0 0 0 0 0.823381 0 0 0 0 0 0 0 0 0 0 0 0 0 0 0 0 0 0 0 0 0 0 0 0.823381 0 0 0 0.823381 0 0.823381 0.823381 -7.32272 0 0 0 0 0 0 0 0 0 0 0 0 0 0 0 3.20581 
0 0 0 0 0 0 0 0 0 0 0 0 0 0 0 0 0.823381 0 0 0 0 0 0 0 0 0 0 0 0 0 0 0 0.823381 0 0 0 0 0 0 0 0 0 0 0 0 0 0 0 -6.77606 1.28232 1.28232 0 1.28232 0 0 0 1.28232 0 0 0 0 0 0 0 
0 0 0 0 0 0 0 0 0 0 0 0 0 0 0 0 0 0.823381 0 0 0 0 0 0 0 0 0 0 0 0 0 0 0 0.823381 0 0 0 0 0 0 0 0 0 0 0 0 0 0 0.823381 -8.24061 0 1.92349 0 1.92349 0 0 0 1.92349 0 0 0 0 0 0 
0 0 0 0 0 0 0 0 0 0 0 0 0 0 0 0 0 0 0.823381 0 0 0 0 0 0 0 0 0 0 0 0 0 0 0 0.823381 0 0 0 0 0 0 0 0 0 0 0 0 0 0.823381 0 -8.24061 1.92349 0 0 1.92349 0 0 0 1.92349 0 0 0 0 0 
0 0 0 0 0 0 0 0 0 0 0 0 0 0 0 0 0 0 0 0.823381 0 0 0 0 0 0 0 0 0 0 0 0 0 0 0 0.823381 0 0 0 0 0 0 0 0 0 0 0 0 0 0.823381 0.823381 -8.42282 0 0 0 2.56465 0 0 0 2.56465 0 0 0 0 
0 0 0 0 0 0 0 0 0 0 0 0 0 0 0 0 0 0 0 0 0.823381 0 0 0 0 0 0 0 0 0 0 0 0 0 0 0 0.823381 0 0 0 0 0 0 0 0 0 0 0 0.823381 0 0 0 -8.24061 1.92349 1.92349 0 0 0 0 0 1.92349 0 0 0 
0 0 0 0 0 0 0 0 0 0 0 0 0 0 0 0 0 0 0 0 0 0.823381 0 0 0 0 0 0 0 0 0 0 0 0 0 0 0 0.823381 0 0 0 0 0 0 0 0 0 0 0 0.823381 0 0 0.823381 -8.42282 0 2.56465 0 0 0 0 0 2.56465 0 0 
0 0 0 0 0 0 0 0 0 0 0 0 0 0 0 0 0 0 0 0 0 0 0.823381 0 0 0 0 0 0 0 0 0 0 0 0 0 0 0 0.823381 0 0 0 0 0 0 0 0 0 0 0 0.823381 0 0.823381 0 -8.42282 2.56465 0 0 0 0 0 0 2.56465 0 
0 0 0 0 0 0 0 0 0 0 0 0 0 0 0 0 0 0 0 0 0 0 0 0.823381 0 0 0 0 0 0 0 0 0 0 0 0 0 0 0 0.823381 0 0 0 0 0 0 0 0 0 0 0 0.823381 0 0.823381 0.823381 -7.32272 0 0 0 0 0 0 0 3.20581 
0 0 0 0 0 0 0 0 0 0 0 0 0 0 0 0 0 0 0 0 0 0 0 0 0.823381 0 0 0 0 0 0 0 0 0 0 0 0 0 0 0 0.823381 0 0 0 0 0 0 0 0.823381 0 0 0 0 0 0 0 -8.24061 1.92349 1.92349 0 1.92349 0 0 0 
0 0 0 0 0 0 0 0 0 0 0 0 0 0 0 0 0 0 0 0 0 0 0 0 0 0.823381 0 0 0 0 0 0 0 0 0 0 0 0 0 0 0 0.823381 0 0 0 0 0 0 0 0.823381 0 0 0 0 0 0 0.823381 -8.42282 0 2.56465 0 2.56465 0 0 
0 0 0 0 0 0 0 0 0 0 0 0 0 0 0 0 0 0 0 0 0 0 0 0 0 0 0.823381 0 0 0 0 0 0 0 0 0 0 0 0 0 0 0 0.823381 0 0 0 0 0 0 0 0.823381 0 0 0 0 0 0.823381 0 -8.42282 2.56465 0 0 2.56465 0 
0 0 0 0 0 0 0 0 0 0 0 0 0 0 0 0 0 0 0 0 0 0 0 0 0 0 0 0.823381 0 0 0 0 0 0 0 0 0 0 0 0 0 0 0 0.823381 0 0 0 0 0 0 0 0.823381 0 0 0 0 0 0.823381 0.823381 -7.32272 0 0 0 3.20581 
0 0 0 0 0 0 0 0 0 0 0 0 0 0 0 0 0 0 0 0 0 0 0 0 0 0 0 0 0.823381 0 0 0 0 0 0 0 0 0 0 0 0 0 0 0 0.823381 0 0 0 0 0 0 0 0.823381 0 0 0 0.823381 0 0 0 -8.42282 2.56465 2.56465 0 
0 0 0 0 0 0 0 0 0 0 0 0 0 0 0 0 0 0 0 0 0 0 0 0 0 0 0 0 0 0.823381 0 0 0 0 0 0 0 0 0 0 0 0 0 0 0 0.823381 0 0 0 0 0 0 0 0.823381 0 0 0 0.823381 0 0 0.823381 -7.32272 0 3.20581 
0 0 0 0 0 0 0 0 0 0 0 0 0 0 0 0 0 0 0 0 0 0 0 0 0 0 0 0 0 0 0.823381 0 0 0 0 0 0 0 0 0 0 0 0 0 0 0 0.823381 0 0 0 0 0 0 0 0.823381 0 0 0 0.823381 0 0.823381 0 -7.32272 3.20581 
0 0 0 0 0 0 0 0 0 0 0 0 0 0 0 0 0 0 0 0 0 0 0 0 0 0 0 0 0 0 0 0.823381 0 0 0 0 0 0 0 0 0 0 0 0 0 0 0 0.823381 0 0 0 0 0 0 0 0.823381 0 0 0 0.823381 0 0.823381 0.823381 -4.94029 
