32
-0 0 0 0 0 0 0 0 0 0 0 0 0 0 0 0 0 0 0 0 0 0 0 0 0 0 0 0 0 0 0 0 
0.659188 -3.78073 0 0.780385 0 0.780385 0 0 0 0.780385 0 0 0 0 0 0 0 0.780385 0 0 0 0 0 0 0 0 0 0 0 0 0 0 
0.659188 0 -3.78073 0.780385 0 0 0.780385 0 0 0 0.780385 0 0 0 0 0 0 0 0.780385 0 0 0 0 0 0 0 0 0 0 0 0 0 
0 0.659188 0.659188 -6.00069 0 0 0 1.56077 0 0 0 1.56077 0 0 0 0 0 0 0 1.56077 0 0 0 0 0 0 0 0 0 0 0 0 
0.659188 0 0 0 -3.78073 0.780385 0.780385 0 0 0 0 0 0.780385 0 0 0 0 0 0 0 0.780385 0 0 0 0 0 0 0 0 0 0 0 
0 0.659188 0 0 0.659188 -6.00069 0 1.56077 0 0 0 0 0 1.56077 0 0 0 0 0 0 0 1.56077 0 0 0 0 0 0 0 0 0 0 
0 0 0.659188 0 0.659188 0 -6.00069 1.56077 0 0 0 0 0 0 1.56077 0 0 0 0 0 0 0 1.56077 0 0 0 0 0 0 0 0 0 
0 0 0 0.659188 0 0.659188 0.659188 -6.65988 0 0 0 0 0 0 0 2.34116 0 0 0 0 0 0 0 2.34116 0 0 0 0 0 0 0 0 
0.659188 0 0 0 0 0 0 0 -3.78073 0.780385 0.780385 0 0.780385 0 0 0 0 0 0 0 0 0 0 0 0.780385 0 0 0 0 0 0 0 
0 0.659188 0 0 0 0 0 0 0.659188 -6.00069 0 1.56077 0 1.56077 0 0 0 0 0 0 0 0 0 0 0 1.56077 0 0 0 0 0 0 
0 0 0.659188 0 0 0 0 0 0.659188 0 -6.00069 1.56077 0 0 1.56077 0 0 0 0 0 0 0 0 0 0 0 1.56077 0 0 0 0 0 
0 0 0 0.659188 0 0 0 0 0 0.659188 0.659188 -6.65988 0 0 0 2.34116 0 0 0 0 0 0 0 0 0 0 0 2.34116 0 0 0 0 
0 0 0 0 0.659188 0 0 0 0.659188 0 0 0 -6.00069 1.56077 1.56077 0 0 0 0 0 0 0 0 0 0 0 0 0 1.56077 0 0 0 
0 0 0 0 0 0.659188 0 0 0 0.659188 0 0 0.659188 -6.65988 0 2.34116 0 0 0 0 0 0 0 0 0 0 0 0 0 2.34116 0 0 
0 0 0 0 0 0 0.659188 0 0 0 0.659188 0 0.659188 0 -6.65988 2.34116 0 0 0 0 0 0 0 0 0 0 0 0 0 0 2.34116 0 
0 0 0 0 0 0 0 0.659188 0 0 0 0.659188 0 0.659188 0.659188 -5.75829 0 0 0 0 0 0 0 0 0 0 0 0 0 0 0 3.12154 
0.659188 0 0 0 0 0 0 0 0 0 0 0 0 0 0 0 -3.78073 0.780385 0.780385 0 0.780385 0 0 0 0.780385 0 0 0 0 0 0 0 
0 0.659188 0 0 0 0 0 0 0 0 0 0 0 0 0 0 0.659188 -6.00069 0 1.56077 0 1.56077 0 0 0 1.56077 0 0 0 0 0 0 
0 0 0.659188 0 0 0 0 0 0 0 0 0 0 0 0 0 0.659188 0 -6.00069 1.56077 0 0 1.56077 0 0 0 1.56077 0 0 0 0 0 
0 0 0 0.659188 0 0 0 0 0 0 0 0 0 0 0 0 0 0.659188 0.659188 -6.65988 0 0 0 2.34116 0 0 0 2.34116 0 0 0 0 
0 0 0 0 0.659188 0 0 0 0 0 0 0 0 0 0 0 0.659188 0 0 0 -6.00069 1.56077 1.56077 0 0 0 0 0 1.56077 0 0 0 
0 0 0 0 0 0.659188 0 0 0 0 0 0 0 0 0 0 0 0.659188 0 0 0.659188 -6.65988 0 2.34116 0 0 0 0 0 2.34116 0 0 
0 0 0 0 0 0 0.659188 0 0 0 0 0 0 0 0 0 0 0 0.659188 0 0.659188 0 -6.65988 2.34116 0 0 0 0 0 0 2.34116 0 
0 0 0 0 0 0 0 0.659188 0 0 0 0 0 0 0 0 0 0 0 0.659188 0 0.659188 0.659188 -5.75829 0 0 0 0 0 0 0 3.12154 
0 0 0 0 0 0 0 0 0.659188 0 0 0 0 0 0 0 0.659188 0 0 0 0 0 0 0 -6.00069 1.56077 1.56077 0 1.56077 0 0 0 
0 0 0 0 0 0 0 0 0 0.659188 0 0 0 0 0 0 0 0.659188 0 0 0 0 0 0 0.659188 -6.65988 0 2.34116 0 2.34116 0 0 
0 0 0 0 0 0 0 0 0 0 0.659188 0 0 0 0 0 0 0 0.659188 0 0 0 0 0 0.659188 0 -6.65988 2.34116 0 0 2.34116 0 
0 0 0 0 0 0 0 0 0 0 0 0.659188 0 0 0 0 0 0 0 0.659188 0 0 0 0 0 0.659188 0.659188 -5.75829 0 0 0 3.12154 
0 0 0 0 0 0 0 0 0 0 0 0 0.659188 0 0 0 0 0 0 0 0.659188 0 0 0 0.659188 0 0 0 -6.65988 2.34116 2.34116 0 
0 0 0 0 0 0 0 0 0 0 0 0 0 0.659188 0 0 0 0 0 0 0 0.659188 0 0 0 0.659188 0 0 0.659188 -5.75829 0 3.12154 
0 0 0 0 0 0 0 0 0 0 0 0 0 0 0.659188 0 0 0 0 0 0 0 0.659188 0 0 0 0.659188 0 0.659188 0 -5.75829 3.12154 
0 0 0 0 0 0 0 0 0 0 0 0 0 0 0 0.659188 0 0 0 0 0 0 0 0.659188 0 0 0 0.659188 0 0.659188 0.659188 -3.29594 
