32
-0 0 0 0 0 0 0 0 0 0 0 0 0 0 0 0 0 0 0 0 0 0 0 0 0 0 0 0 0 0 0 0 
0.346584 -1.93255 0 0.396491 0 0.396491 0 0 0 0.396491 0 0 0 0 0 0 0 0.396491 0 0 0 0 0 0 0 0 0 0 0 0 0 0 
0.346584 0 -1.93255 0.396491 0 0 0.396491 0 0 0 0.396491 0 0 0 0 0 0 0 0.396491 0 0 0 0 0 0 0 0 0 0 0 0 0 
0 0.346584 0.346584 -3.07211 0 0 0 0.792982 0 0 0 0.792982 0 0 0 0 0 0 0 0.792982 0 0 0 0 0 0 0 0 0 0 0 0 
0.346584 0 0 0 -1.93255 0.396491 0.396491 0 0 0 0 0 0.396491 0 0 0 0 0 0 0 0.396491 0 0 0 0 0 0 0 0 0 0 0 
0 0.346584 0 0 0.346584 -3.07211 0 0.792982 0 0 0 0 0 0.792982 0 0 0 0 0 0 0 0.792982 0 0 0 0 0 0 0 0 0 0 
0 0 0.346584 0 0.346584 0 -3.07211 0.792982 0 0 0 0 0 0 0.792982 0 0 0 0 0 0 0 0.792982 0 0 0 0 0 0 0 0 0 
0 0 0 0.346584 0 0.346584 0.346584 -3.4187 0 0 0 0 0 0 0 1.18947 0 0 0 0 0 0 0 1.18947 0 0 0 0 0 0 0 0 
0.346584 0 0 0 0 0 0 0 -1.93255 0.396491 0.396491 0 0.396491 0 0 0 0 0 0 0 0 0 0 0 0.396491 0 0 0 0 0 0 0 
0 0.346584 0 0 0 0 0 0 0.346584 -3.07211 0 0.792982 0 0.792982 0 0 0 0 0 0 0 0 0 0 0 0.792982 0 0 0 0 0 0 
0 0 0.346584 0 0 0 0 0 0.346584 0 -3.07211 0.792982 0 0 0.792982 0 0 0 0 0 0 0 0 0 0 0 0.792982 0 0 0 0 0 
0 0 0 0.346584 0 0 0 0 0 0.346584 0.346584 -3.4187 0 0 0 1.18947 0 0 0 0 0 0 0 0 0 0 0 1.18947 0 0 0 0 
0 0 0 0 0.346584 0 0 0 0.346584 0 0 0 -3.07211 0.792982 0.792982 0 0 0 0 0 0 0 0 0 0 0 0 0 0.792982 0 0 0 
0 0 0 0 0 0.346584 0 0 0 0.346584 0 0 0.346584 -3.4187 0 1.18947 0 0 0 0 0 0 0 0 0 0 0 0 0 1.18947 0 0 
0 0 0 0 0 0 0.346584 0 0 0 0.346584 0 0.346584 0 -3.4187 1.18947 0 0 0 0 0 0 0 0 0 0 0 0 0 0 1.18947 0 
0 0 0 0 0 0 0 0.346584 0 0 0 0.346584 0 0.346584 0.346584 -2.9723 0 0 0 0 0 0 0 0 0 0 0 0 0 0 0 1.58596 
0.346584 0 0 0 0 0 0 0 0 0 0 0 0 0 0 0 -1.93255 0.396491 0.396491 0 0.396491 0 0 0 0.396491 0 0 0 0 0 0 0 
0 0.346584 0 0 0 0 0 0 0 0 0 0 0 0 0 0 0.346584 -3.07211 0 0.792982 0 0.792982 0 0 0 0.792982 0 0 0 0 0 0 
0 0 0.346584 0 0 0 0 0 0 0 0 0 0 0 0 0 0.346584 0 -3.07211 0.792982 0 0 0.792982 0 0 0 0.792982 0 0 0 0 0 
0 0 0 0.346584 0 0 0 0 0 0 0 0 0 0 0 0 0 0.346584 0.346584 -3.4187 0 0 0 1.18947 0 0 0 1.18947 0 0 0 0 
0 0 0 0 0.346584 0 0 0 0 0 0 0 0 0 0 0 0.346584 0 0 0 -3.07211 0.792982 0.792982 0 0 0 0 0 0.792982 0 0 0 
0 0 0 0 0 0.346584 0 0 0 0 0 0 0 0 0 0 0 0.346584 0 0 0.346584 -3.4187 0 1.18947 0 0 0 0 0 1.18947 0 0 
0 0 0 0 0 0 0.346584 0 0 0 0 0 0 0 0 0 0 0 0.346584 0 0.346584 0 -3.4187 1.18947 0 0 0 0 0 0 1.18947 0 
0 0 0 0 0 0 0 0.346584 0 0 0 0 0 0 0 0 0 0 0 0.346584 0 0.346584 0.346584 -2.9723 0 0 0 0 0 0 0 1.58596 
0 0 0 0 0 0 0 0 0.346584 0 0 0 0 0 0 0 0.346584 0 0 0 0 0 0 0 -3.07211 0.792982 0.792982 0 0.792982 0 0 0 
0 0 0 0 0 0 0 0 0 0.346584 0 0 0 0 0 0 0 0.346584 0 0 0 0 0 0 0.346584 -3.4187 0 1.18947 0 1.18947 0 0 
0 0 0 0 0 0 0 0 0 0 0.346584 0 0 0 0 0 0 0 0.346584 0 0 0 0 0 0.346584 0 -3.4187 1.18947 0 0 1.18947 0 
0 0 0 0 0 0 0 0 0 0 0 0.346584 0 0 0 0 0 0 0 0.346584 0 0 0 0 0 0.346584 0.346584 -2.9723 0 0 0 1.58596 
0 0 0 0 0 0 0 0 0 0 0 0 0.346584 0 0 0 0 0 0 0 0.346584 0 0 0 0.346584 0 0 0 -3.4187 1.18947 1.18947 0 
0 0 0 0 0 0 0 0 0 0 0 0 0 0.346584 0 0 0 0 0 0 0 0.346584 0 0 0 0.346584 0 0 0.346584 -2.9723 0 1.58596 
0 0 0 0 0 0 0 0 0 0 0 0 0 0 0.346584 0 0 0 0 0 0 0 0.346584 0 0 0 0.346584 0 0.346584 0 -2.9723 1.58596 
0 0 0 0 0 0 0 0 0 0 0 0 0 0 0 0.346584 0 0 0 0 0 0 0 0.346584 0 0 0 0.346584 0 0.346584 0.346584 -1.73292 
