32
-0 0 0 0 0 0 0 0 0 0 0 0 0 0 0 0 0 0 0 0 0 0 0 0 0 0 0 0 0 0 0 0 
0.334655 -1.79708 0 0.365606 0 0.365606 0 0 0 0.365606 0 0 0 0 0 0 0 0.365606 0 0 0 0 0 0 0 0 0 0 0 0 0 0 
0.334655 0 -1.79708 0.365606 0 0 0.365606 0 0 0 0.365606 0 0 0 0 0 0 0 0.365606 0 0 0 0 0 0 0 0 0 0 0 0 0 
0 0.334655 0.334655 -2.86295 0 0 0 0.731212 0 0 0 0.731212 0 0 0 0 0 0 0 0.731212 0 0 0 0 0 0 0 0 0 0 0 0 
0.334655 0 0 0 -1.79708 0.365606 0.365606 0 0 0 0 0 0.365606 0 0 0 0 0 0 0 0.365606 0 0 0 0 0 0 0 0 0 0 0 
0 0.334655 0 0 0.334655 -2.86295 0 0.731212 0 0 0 0 0 0.731212 0 0 0 0 0 0 0 0.731212 0 0 0 0 0 0 0 0 0 0 
0 0 0.334655 0 0.334655 0 -2.86295 0.731212 0 0 0 0 0 0 0.731212 0 0 0 0 0 0 0 0.731212 0 0 0 0 0 0 0 0 0 
0 0 0 0.334655 0 0.334655 0.334655 -3.1976 0 0 0 0 0 0 0 1.09682 0 0 0 0 0 0 0 1.09682 0 0 0 0 0 0 0 0 
0.334655 0 0 0 0 0 0 0 -1.79708 0.365606 0.365606 0 0.365606 0 0 0 0 0 0 0 0 0 0 0 0.365606 0 0 0 0 0 0 0 
0 0.334655 0 0 0 0 0 0 0.334655 -2.86295 0 0.731212 0 0.731212 0 0 0 0 0 0 0 0 0 0 0 0.731212 0 0 0 0 0 0 
0 0 0.334655 0 0 0 0 0 0.334655 0 -2.86295 0.731212 0 0 0.731212 0 0 0 0 0 0 0 0 0 0 0 0.731212 0 0 0 0 0 
0 0 0 0.334655 0 0 0 0 0 0.334655 0.334655 -3.1976 0 0 0 1.09682 0 0 0 0 0 0 0 0 0 0 0 1.09682 0 0 0 0 
0 0 0 0 0.334655 0 0 0 0.334655 0 0 0 -2.86295 0.731212 0.731212 0 0 0 0 0 0 0 0 0 0 0 0 0 0.731212 0 0 0 
0 0 0 0 0 0.334655 0 0 0 0.334655 0 0 0.334655 -3.1976 0 1.09682 0 0 0 0 0 0 0 0 0 0 0 0 0 1.09682 0 0 
0 0 0 0 0 0 0.334655 0 0 0 0.334655 0 0.334655 0 -3.1976 1.09682 0 0 0 0 0 0 0 0 0 0 0 0 0 0 1.09682 0 
0 0 0 0 0 0 0 0.334655 0 0 0 0.334655 0 0.334655 0.334655 -2.80104 0 0 0 0 0 0 0 0 0 0 0 0 0 0 0 1.46242 
0.334655 0 0 0 0 0 0 0 0 0 0 0 0 0 0 0 -1.79708 0.365606 0.365606 0 0.365606 0 0 0 0.365606 0 0 0 0 0 0 0 
0 0.334655 0 0 0 0 0 0 0 0 0 0 0 0 0 0 0.334655 -2.86295 0 0.731212 0 0.731212 0 0 0 0.731212 0 0 0 0 0 0 
0 0 0.334655 0 0 0 0 0 0 0 0 0 0 0 0 0 0.334655 0 -2.86295 0.731212 0 0 0.731212 0 0 0 0.731212 0 0 0 0 0 
0 0 0 0.334655 0 0 0 0 0 0 0 0 0 0 0 0 0 0.334655 0.334655 -3.1976 0 0 0 1.09682 0 0 0 1.09682 0 0 0 0 
0 0 0 0 0.334655 0 0 0 0 0 0 0 0 0 0 0 0.334655 0 0 0 -2.86295 0.731212 0.731212 0 0 0 0 0 0.731212 0 0 0 
0 0 0 0 0 0.334655 0 0 0 0 0 0 0 0 0 0 0 0.334655 0 0 0.334655 -3.1976 0 1.09682 0 0 0 0 0 1.09682 0 0 
0 0 0 0 0 0 0.334655 0 0 0 0 0 0 0 0 0 0 0 0.334655 0 0.334655 0 -3.1976 1.09682 0 0 0 0 0 0 1.09682 0 
0 0 0 0 0 0 0 0.334655 0 0 0 0 0 0 0 0 0 0 0 0.334655 0 0.334655 0.334655 -2.80104 0 0 0 0 0 0 0 1.46242 
0 0 0 0 0 0 0 0 0.334655 0 0 0 0 0 0 0 0.334655 0 0 0 0 0 0 0 -2.86295 0.731212 0.731212 0 0.731212 0 0 0 
0 0 0 0 0 0 0 0 0 0.334655 0 0 0 0 0 0 0 0.334655 0 0 0 0 0 0 0.334655 -3.1976 0 1.09682 0 1.09682 0 0 
0 0 0 0 0 0 0 0 0 0 0.334655 0 0 0 0 0 0 0 0.334655 0 0 0 0 0 0.334655 0 -3.1976 1.09682 0 0 1.09682 0 
0 0 0 0 0 0 0 0 0 0 0 0.334655 0 0 0 0 0 0 0 0.334655 0 0 0 0 0 0.334655 0.334655 -2.80104 0 0 0 1.46242 
0 0 0 0 0 0 0 0 0 0 0 0 0.334655 0 0 0 0 0 0 0 0.334655 0 0 0 0.334655 0 0 0 -3.1976 1.09682 1.09682 0 
0 0 0 0 0 0 0 0 0 0 0 0 0 0.334655 0 0 0 0 0 0 0 0.334655 0 0 0 0.334655 0 0 0.334655 -2.80104 0 1.46242 
0 0 0 0 0 0 0 0 0 0 0 0 0 0 0.334655 0 0 0 0 0 0 0 0.334655 0 0 0 0.334655 0 0.334655 0 -2.80104 1.46242 
0 0 0 0 0 0 0 0 0 0 0 0 0 0 0 0.334655 0 0 0 0 0 0 0 0.334655 0 0 0 0.334655 0 0.334655 0.334655 -1.67328 
