32
-0 0 0 0 0 0 0 0 0 0 0 0 0 0 0 0 0 0 0 0 0 0 0 0 0 0 0 0 0 0 0 0 
0.610152 -2.94971 0 0.584889 0 0.584889 0 0 0 0.584889 0 0 0 0 0 0 0 0.584889 0 0 0 0 0 0 0 0 0 0 0 0 0 0 
0.610152 0 -2.94971 0.584889 0 0 0.584889 0 0 0 0.584889 0 0 0 0 0 0 0 0.584889 0 0 0 0 0 0 0 0 0 0 0 0 0 
0 0.610152 0.610152 -4.72964 0 0 0 1.16978 0 0 0 1.16978 0 0 0 0 0 0 0 1.16978 0 0 0 0 0 0 0 0 0 0 0 0 
0.610152 0 0 0 -2.94971 0.584889 0.584889 0 0 0 0 0 0.584889 0 0 0 0 0 0 0 0.584889 0 0 0 0 0 0 0 0 0 0 0 
0 0.610152 0 0 0.610152 -4.72964 0 1.16978 0 0 0 0 0 1.16978 0 0 0 0 0 0 0 1.16978 0 0 0 0 0 0 0 0 0 0 
0 0 0.610152 0 0.610152 0 -4.72964 1.16978 0 0 0 0 0 0 1.16978 0 0 0 0 0 0 0 1.16978 0 0 0 0 0 0 0 0 0 
0 0 0 0.610152 0 0.610152 0.610152 -5.33979 0 0 0 0 0 0 0 1.75467 0 0 0 0 0 0 0 1.75467 0 0 0 0 0 0 0 0 
0.610152 0 0 0 0 0 0 0 -2.94971 0.584889 0.584889 0 0.584889 0 0 0 0 0 0 0 0 0 0 0 0.584889 0 0 0 0 0 0 0 
0 0.610152 0 0 0 0 0 0 0.610152 -4.72964 0 1.16978 0 1.16978 0 0 0 0 0 0 0 0 0 0 0 1.16978 0 0 0 0 0 0 
0 0 0.610152 0 0 0 0 0 0.610152 0 -4.72964 1.16978 0 0 1.16978 0 0 0 0 0 0 0 0 0 0 0 1.16978 0 0 0 0 0 
0 0 0 0.610152 0 0 0 0 0 0.610152 0.610152 -5.33979 0 0 0 1.75467 0 0 0 0 0 0 0 0 0 0 0 1.75467 0 0 0 0 
0 0 0 0 0.610152 0 0 0 0.610152 0 0 0 -4.72964 1.16978 1.16978 0 0 0 0 0 0 0 0 0 0 0 0 0 1.16978 0 0 0 
0 0 0 0 0 0.610152 0 0 0 0.610152 0 0 0.610152 -5.33979 0 1.75467 0 0 0 0 0 0 0 0 0 0 0 0 0 1.75467 0 0 
0 0 0 0 0 0 0.610152 0 0 0 0.610152 0 0.610152 0 -5.33979 1.75467 0 0 0 0 0 0 0 0 0 0 0 0 0 0 1.75467 0 
0 0 0 0 0 0 0 0.610152 0 0 0 0.610152 0 0.610152 0.610152 -4.78017 0 0 0 0 0 0 0 0 0 0 0 0 0 0 0 2.33956 
0.610152 0 0 0 0 0 0 0 0 0 0 0 0 0 0 0 -2.94971 0.584889 0.584889 0 0.584889 0 0 0 0.584889 0 0 0 0 0 0 0 
0 0.610152 0 0 0 0 0 0 0 0 0 0 0 0 0 0 0.610152 -4.72964 0 1.16978 0 1.16978 0 0 0 1.16978 0 0 0 0 0 0 
0 0 0.610152 0 0 0 0 0 0 0 0 0 0 0 0 0 0.610152 0 -4.72964 1.16978 0 0 1.16978 0 0 0 1.16978 0 0 0 0 0 
0 0 0 0.610152 0 0 0 0 0 0 0 0 0 0 0 0 0 0.610152 0.610152 -5.33979 0 0 0 1.75467 0 0 0 1.75467 0 0 0 0 
0 0 0 0 0.610152 0 0 0 0 0 0 0 0 0 0 0 0.610152 0 0 0 -4.72964 1.16978 1.16978 0 0 0 0 0 1.16978 0 0 0 
0 0 0 0 0 0.610152 0 0 0 0 0 0 0 0 0 0 0 0.610152 0 0 0.610152 -5.33979 0 1.75467 0 0 0 0 0 1.75467 0 0 
0 0 0 0 0 0 0.610152 0 0 0 0 0 0 0 0 0 0 0 0.610152 0 0.610152 0 -5.33979 1.75467 0 0 0 0 0 0 1.75467 0 
0 0 0 0 0 0 0 0.610152 0 0 0 0 0 0 0 0 0 0 0 0.610152 0 0.610152 0.610152 -4.78017 0 0 0 0 0 0 0 2.33956 
0 0 0 0 0 0 0 0 0.610152 0 0 0 0 0 0 0 0.610152 0 0 0 0 0 0 0 -4.72964 1.16978 1.16978 0 1.16978 0 0 0 
0 0 0 0 0 0 0 0 0 0.610152 0 0 0 0 0 0 0 0.610152 0 0 0 0 0 0 0.610152 -5.33979 0 1.75467 0 1.75467 0 0 
0 0 0 0 0 0 0 0 0 0 0.610152 0 0 0 0 0 0 0 0.610152 0 0 0 0 0 0.610152 0 -5.33979 1.75467 0 0 1.75467 0 
0 0 0 0 0 0 0 0 0 0 0 0.610152 0 0 0 0 0 0 0 0.610152 0 0 0 0 0 0.610152 0.610152 -4.78017 0 0 0 2.33956 
0 0 0 0 0 0 0 0 0 0 0 0 0.610152 0 0 0 0 0 0 0 0.610152 0 0 0 0.610152 0 0 0 -5.33979 1.75467 1.75467 0 
0 0 0 0 0 0 0 0 0 0 0 0 0 0.610152 0 0 0 0 0 0 0 0.610152 0 0 0 0.610152 0 0 0.610152 -4.78017 0 2.33956 
0 0 0 0 0 0 0 0 0 0 0 0 0 0 0.610152 0 0 0 0 0 0 0 0.610152 0 0 0 0.610152 0 0.610152 0 -4.78017 2.33956 
0 0 0 0 0 0 0 0 0 0 0 0 0 0 0 0.610152 0 0 0 0 0 0 0 0.610152 0 0 0 0.610152 0 0.610152 0.610152 -3.05076 
