32
-0 0 0 0 0 0 0 0 0 0 0 0 0 0 0 0 0 0 0 0 0 0 0 0 0 0 0 0 0 0 0 0 
0.321683 -1.63066 0 0.327245 0 0.327245 0 0 0 0.327245 0 0 0 0 0 0 0 0.327245 0 0 0 0 0 0 0 0 0 0 0 0 0 0 
0.321683 0 -1.63066 0.327245 0 0 0.327245 0 0 0 0.327245 0 0 0 0 0 0 0 0.327245 0 0 0 0 0 0 0 0 0 0 0 0 0 
0 0.321683 0.321683 -2.60683 0 0 0 0.654489 0 0 0 0.654489 0 0 0 0 0 0 0 0.654489 0 0 0 0 0 0 0 0 0 0 0 0 
0.321683 0 0 0 -1.63066 0.327245 0.327245 0 0 0 0 0 0.327245 0 0 0 0 0 0 0 0.327245 0 0 0 0 0 0 0 0 0 0 0 
0 0.321683 0 0 0.321683 -2.60683 0 0.654489 0 0 0 0 0 0.654489 0 0 0 0 0 0 0 0.654489 0 0 0 0 0 0 0 0 0 0 
0 0 0.321683 0 0.321683 0 -2.60683 0.654489 0 0 0 0 0 0 0.654489 0 0 0 0 0 0 0 0.654489 0 0 0 0 0 0 0 0 0 
0 0 0 0.321683 0 0.321683 0.321683 -2.92852 0 0 0 0 0 0 0 0.981734 0 0 0 0 0 0 0 0.981734 0 0 0 0 0 0 0 0 
0.321683 0 0 0 0 0 0 0 -1.63066 0.327245 0.327245 0 0.327245 0 0 0 0 0 0 0 0 0 0 0 0.327245 0 0 0 0 0 0 0 
0 0.321683 0 0 0 0 0 0 0.321683 -2.60683 0 0.654489 0 0.654489 0 0 0 0 0 0 0 0 0 0 0 0.654489 0 0 0 0 0 0 
0 0 0.321683 0 0 0 0 0 0.321683 0 -2.60683 0.654489 0 0 0.654489 0 0 0 0 0 0 0 0 0 0 0 0.654489 0 0 0 0 0 
0 0 0 0.321683 0 0 0 0 0 0.321683 0.321683 -2.92852 0 0 0 0.981734 0 0 0 0 0 0 0 0 0 0 0 0.981734 0 0 0 0 
0 0 0 0 0.321683 0 0 0 0.321683 0 0 0 -2.60683 0.654489 0.654489 0 0 0 0 0 0 0 0 0 0 0 0 0 0.654489 0 0 0 
0 0 0 0 0 0.321683 0 0 0 0.321683 0 0 0.321683 -2.92852 0 0.981734 0 0 0 0 0 0 0 0 0 0 0 0 0 0.981734 0 0 
0 0 0 0 0 0 0.321683 0 0 0 0.321683 0 0.321683 0 -2.92852 0.981734 0 0 0 0 0 0 0 0 0 0 0 0 0 0 0.981734 0 
0 0 0 0 0 0 0 0.321683 0 0 0 0.321683 0 0.321683 0.321683 -2.59571 0 0 0 0 0 0 0 0 0 0 0 0 0 0 0 1.30898 
0.321683 0 0 0 0 0 0 0 0 0 0 0 0 0 0 0 -1.63066 0.327245 0.327245 0 0.327245 0 0 0 0.327245 0 0 0 0 0 0 0 
0 0.321683 0 0 0 0 0 0 0 0 0 0 0 0 0 0 0.321683 -2.60683 0 0.654489 0 0.654489 0 0 0 0.654489 0 0 0 0 0 0 
0 0 0.321683 0 0 0 0 0 0 0 0 0 0 0 0 0 0.321683 0 -2.60683 0.654489 0 0 0.654489 0 0 0 0.654489 0 0 0 0 0 
0 0 0 0.321683 0 0 0 0 0 0 0 0 0 0 0 0 0 0.321683 0.321683 -2.92852 0 0 0 0.981734 0 0 0 0.981734 0 0 0 0 
0 0 0 0 0.321683 0 0 0 0 0 0 0 0 0 0 0 0.321683 0 0 0 -2.60683 0.654489 0.654489 0 0 0 0 0 0.654489 0 0 0 
0 0 0 0 0 0.321683 0 0 0 0 0 0 0 0 0 0 0 0.321683 0 0 0.321683 -2.92852 0 0.981734 0 0 0 0 0 0.981734 0 0 
0 0 0 0 0 0 0.321683 0 0 0 0 0 0 0 0 0 0 0 0.321683 0 0.321683 0 -2.92852 0.981734 0 0 0 0 0 0 0.981734 0 
0 0 0 0 0 0 0 0.321683 0 0 0 0 0 0 0 0 0 0 0 0.321683 0 0.321683 0.321683 -2.59571 0 0 0 0 0 0 0 1.30898 
0 0 0 0 0 0 0 0 0.321683 0 0 0 0 0 0 0 0.321683 0 0 0 0 0 0 0 -2.60683 0.654489 0.654489 0 0.654489 0 0 0 
0 0 0 0 0 0 0 0 0 0.321683 0 0 0 0 0 0 0 0.321683 0 0 0 0 0 0 0.321683 -2.92852 0 0.981734 0 0.981734 0 0 
0 0 0 0 0 0 0 0 0 0 0.321683 0 0 0 0 0 0 0 0.321683 0 0 0 0 0 0.321683 0 -2.92852 0.981734 0 0 0.981734 0 
0 0 0 0 0 0 0 0 0 0 0 0.321683 0 0 0 0 0 0 0 0.321683 0 0 0 0 0 0.321683 0.321683 -2.59571 0 0 0 1.30898 
0 0 0 0 0 0 0 0 0 0 0 0 0.321683 0 0 0 0 0 0 0 0.321683 0 0 0 0.321683 0 0 0 -2.92852 0.981734 0.981734 0 
0 0 0 0 0 0 0 0 0 0 0 0 0 0.321683 0 0 0 0 0 0 0 0.321683 0 0 0 0.321683 0 0 0.321683 -2.59571 0 1.30898 
0 0 0 0 0 0 0 0 0 0 0 0 0 0 0.321683 0 0 0 0 0 0 0 0.321683 0 0 0 0.321683 0 0.321683 0 -2.59571 1.30898 
0 0 0 0 0 0 0 0 0 0 0 0 0 0 0 0.321683 0 0 0 0 0 0 0 0.321683 0 0 0 0.321683 0 0.321683 0.321683 -1.60842 
