64
-0 0 0 0 0 0 0 0 0 0 0 0 0 0 0 0 0 0 0 0 0 0 0 0 0 0 0 0 0 0 0 0 0 0 0 0 0 0 0 0 0 0 0 0 0 0 0 0 0 0 0 0 0 0 0 0 0 0 0 0 0 0 0 0 
0.265388 -1.73593 0 0.294108 0 0.294108 0 0 0 0.294108 0 0 0 0 0 0 0 0.294108 0 0 0 0 0 0 0 0 0 0 0 0 0 0 0 0.294108 0 0 0 0 0 0 0 0 0 0 0 0 0 0 0 0 0 0 0 0 0 0 0 0 0 0 0 0 0 0 
0.265388 0 -1.73593 0.294108 0 0 0.294108 0 0 0 0.294108 0 0 0 0 0 0 0 0.294108 0 0 0 0 0 0 0 0 0 0 0 0 0 0 0 0.294108 0 0 0 0 0 0 0 0 0 0 0 0 0 0 0 0 0 0 0 0 0 0 0 0 0 0 0 0 0 
0 0.265388 0.265388 -2.88364 0 0 0 0.588216 0 0 0 0.588216 0 0 0 0 0 0 0 0.588216 0 0 0 0 0 0 0 0 0 0 0 0 0 0 0 0.588216 0 0 0 0 0 0 0 0 0 0 0 0 0 0 0 0 0 0 0 0 0 0 0 0 0 0 0 0 
0.265388 0 0 0 -1.73593 0.294108 0.294108 0 0 0 0 0 0.294108 0 0 0 0 0 0 0 0.294108 0 0 0 0 0 0 0 0 0 0 0 0 0 0 0 0.294108 0 0 0 0 0 0 0 0 0 0 0 0 0 0 0 0 0 0 0 0 0 0 0 0 0 0 0 
0 0.265388 0 0 0.265388 -2.88364 0 0.588216 0 0 0 0 0 0.588216 0 0 0 0 0 0 0 0.588216 0 0 0 0 0 0 0 0 0 0 0 0 0 0 0 0.588216 0 0 0 0 0 0 0 0 0 0 0 0 0 0 0 0 0 0 0 0 0 0 0 0 0 0 
0 0 0.265388 0 0.265388 0 -2.88364 0.588216 0 0 0 0 0 0 0.588216 0 0 0 0 0 0 0 0.588216 0 0 0 0 0 0 0 0 0 0 0 0 0 0 0 0.588216 0 0 0 0 0 0 0 0 0 0 0 0 0 0 0 0 0 0 0 0 0 0 0 0 0 
0 0 0 0.265388 0 0.265388 0.265388 -3.44313 0 0 0 0 0 0 0 0.882323 0 0 0 0 0 0 0 0.882323 0 0 0 0 0 0 0 0 0 0 0 0 0 0 0 0.882323 0 0 0 0 0 0 0 0 0 0 0 0 0 0 0 0 0 0 0 0 0 0 0 0 
0.265388 0 0 0 0 0 0 0 -1.73593 0.294108 0.294108 0 0.294108 0 0 0 0 0 0 0 0 0 0 0 0.294108 0 0 0 0 0 0 0 0 0 0 0 0 0 0 0 0.294108 0 0 0 0 0 0 0 0 0 0 0 0 0 0 0 0 0 0 0 0 0 0 0 
0 0.265388 0 0 0 0 0 0 0.265388 -2.88364 0 0.588216 0 0.588216 0 0 0 0 0 0 0 0 0 0 0 0.588216 0 0 0 0 0 0 0 0 0 0 0 0 0 0 0 0.588216 0 0 0 0 0 0 0 0 0 0 0 0 0 0 0 0 0 0 0 0 0 0 
0 0 0.265388 0 0 0 0 0 0.265388 0 -2.88364 0.588216 0 0 0.588216 0 0 0 0 0 0 0 0 0 0 0 0.588216 0 0 0 0 0 0 0 0 0 0 0 0 0 0 0 0.588216 0 0 0 0 0 0 0 0 0 0 0 0 0 0 0 0 0 0 0 0 0 
0 0 0 0.265388 0 0 0 0 0 0.265388 0.265388 -3.44313 0 0 0 0.882323 0 0 0 0 0 0 0 0 0 0 0 0.882323 0 0 0 0 0 0 0 0 0 0 0 0 0 0 0 0.882323 0 0 0 0 0 0 0 0 0 0 0 0 0 0 0 0 0 0 0 0 
0 0 0 0 0.265388 0 0 0 0.265388 0 0 0 -2.88364 0.588216 0.588216 0 0 0 0 0 0 0 0 0 0 0 0 0 0.588216 0 0 0 0 0 0 0 0 0 0 0 0 0 0 0 0.588216 0 0 0 0 0 0 0 0 0 0 0 0 0 0 0 0 0 0 0 
0 0 0 0 0 0.265388 0 0 0 0.265388 0 0 0.265388 -3.44313 0 0.882323 0 0 0 0 0 0 0 0 0 0 0 0 0 0.882323 0 0 0 0 0 0 0 0 0 0 0 0 0 0 0 0.882323 0 0 0 0 0 0 0 0 0 0 0 0 0 0 0 0 0 0 
0 0 0 0 0 0 0.265388 0 0 0 0.265388 0 0.265388 0 -3.44313 0.882323 0 0 0 0 0 0 0 0 0 0 0 0 0 0 0.882323 0 0 0 0 0 0 0 0 0 0 0 0 0 0 0 0.882323 0 0 0 0 0 0 0 0 0 0 0 0 0 0 0 0 0 
0 0 0 0 0 0 0 0.265388 0 0 0 0.265388 0 0.265388 0.265388 -3.41441 0 0 0 0 0 0 0 0 0 0 0 0 0 0 0 1.17643 0 0 0 0 0 0 0 0 0 0 0 0 0 0 0 1.17643 0 0 0 0 0 0 0 0 0 0 0 0 0 0 0 0 
0.265388 0 0 0 0 0 0 0 0 0 0 0 0 0 0 0 -1.73593 0.294108 0.294108 0 0.294108 0 0 0 0.294108 0 0 0 0 0 0 0 0 0 0 0 0 0 0 0 0 0 0 0 0 0 0 0 0.294108 0 0 0 0 0 0 0 0 0 0 0 0 0 0 0 
0 0.265388 0 0 0 0 0 0 0 0 0 0 0 0 0 0 0.265388 -2.88364 0 0.588216 0 0.588216 0 0 0 0.588216 0 0 0 0 0 0 0 0 0 0 0 0 0 0 0 0 0 0 0 0 0 0 0 0.588216 0 0 0 0 0 0 0 0 0 0 0 0 0 0 
0 0 0.265388 0 0 0 0 0 0 0 0 0 0 0 0 0 0.265388 0 -2.88364 0.588216 0 0 0.588216 0 0 0 0.588216 0 0 0 0 0 0 0 0 0 0 0 0 0 0 0 0 0 0 0 0 0 0 0 0.588216 0 0 0 0 0 0 0 0 0 0 0 0 0 
0 0 0 0.265388 0 0 0 0 0 0 0 0 0 0 0 0 0 0.265388 0.265388 -3.44313 0 0 0 0.882323 0 0 0 0.882323 0 0 0 0 0 0 0 0 0 0 0 0 0 0 0 0 0 0 0 0 0 0 0 0.882323 0 0 0 0 0 0 0 0 0 0 0 0 
0 0 0 0 0.265388 0 0 0 0 0 0 0 0 0 0 0 0.265388 0 0 0 -2.88364 0.588216 0.588216 0 0 0 0 0 0.588216 0 0 0 0 0 0 0 0 0 0 0 0 0 0 0 0 0 0 0 0 0 0 0 0.588216 0 0 0 0 0 0 0 0 0 0 0 
0 0 0 0 0 0.265388 0 0 0 0 0 0 0 0 0 0 0 0.265388 0 0 0.265388 -3.44313 0 0.882323 0 0 0 0 0 0.882323 0 0 0 0 0 0 0 0 0 0 0 0 0 0 0 0 0 0 0 0 0 0 0 0.882323 0 0 0 0 0 0 0 0 0 0 
0 0 0 0 0 0 0.265388 0 0 0 0 0 0 0 0 0 0 0 0.265388 0 0.265388 0 -3.44313 0.882323 0 0 0 0 0 0 0.882323 0 0 0 0 0 0 0 0 0 0 0 0 0 0 0 0 0 0 0 0 0 0 0 0.882323 0 0 0 0 0 0 0 0 0 
0 0 0 0 0 0 0 0.265388 0 0 0 0 0 0 0 0 0 0 0 0.265388 0 0.265388 0.265388 -3.41441 0 0 0 0 0 0 0 1.17643 0 0 0 0 0 0 0 0 0 0 0 0 0 0 0 0 0 0 0 0 0 0 0 1.17643 0 0 0 0 0 0 0 0 
0 0 0 0 0 0 0 0 0.265388 0 0 0 0 0 0 0 0.265388 0 0 0 0 0 0 0 -2.88364 0.588216 0.588216 0 0.588216 0 0 0 0 0 0 0 0 0 0 0 0 0 0 0 0 0 0 0 0 0 0 0 0 0 0 0 0.588216 0 0 0 0 0 0 0 
0 0 0 0 0 0 0 0 0 0.265388 0 0 0 0 0 0 0 0.265388 0 0 0 0 0 0 0.265388 -3.44313 0 0.882323 0 0.882323 0 0 0 0 0 0 0 0 0 0 0 0 0 0 0 0 0 0 0 0 0 0 0 0 0 0 0 0.882323 0 0 0 0 0 0 
0 0 0 0 0 0 0 0 0 0 0.265388 0 0 0 0 0 0 0 0.265388 0 0 0 0 0 0.265388 0 -3.44313 0.882323 0 0 0.882323 0 0 0 0 0 0 0 0 0 0 0 0 0 0 0 0 0 0 0 0 0 0 0 0 0 0 0 0.882323 0 0 0 0 0 
0 0 0 0 0 0 0 0 0 0 0 0.265388 0 0 0 0 0 0 0 0.265388 0 0 0 0 0 0.265388 0.265388 -3.41441 0 0 0 1.17643 0 0 0 0 0 0 0 0 0 0 0 0 0 0 0 0 0 0 0 0 0 0 0 0 0 0 0 1.17643 0 0 0 0 
0 0 0 0 0 0 0 0 0 0 0 0 0.265388 0 0 0 0 0 0 0 0.265388 0 0 0 0.265388 0 0 0 -3.44313 0.882323 0.882323 0 0 0 0 0 0 0 0 0 0 0 0 0 0 0 0 0 0 0 0 0 0 0 0 0 0 0 0 0 0.882323 0 0 0 
0 0 0 0 0 0 0 0 0 0 0 0 0 0.265388 0 0 0 0 0 0 0 0.265388 0 0 0 0.265388 0 0 0.265388 -3.41441 0 1.17643 0 0 0 0 0 0 0 0 0 0 0 0 0 0 0 0 0 0 0 0 0 0 0 0 0 0 0 0 0 1.17643 0 0 
0 0 0 0 0 0 0 0 0 0 0 0 0 0 0.265388 0 0 0 0 0 0 0 0.265388 0 0 0 0.265388 0 0.265388 0 -3.41441 1.17643 0 0 0 0 0 0 0 0 0 0 0 0 0 0 0 0 0 0 0 0 0 0 0 0 0 0 0 0 0 0 1.17643 0 
0 0 0 0 0 0 0 0 0 0 0 0 0 0 0 0.265388 0 0 0 0 0 0 0 0.265388 0 0 0 0.265388 0 0.265388 0.265388 -2.79748 0 0 0 0 0 0 0 0 0 0 0 0 0 0 0 0 0 0 0 0 0 0 0 0 0 0 0 0 0 0 0 1.47054 
0.265388 0 0 0 0 0 0 0 0 0 0 0 0 0 0 0 0 0 0 0 0 0 0 0 0 0 0 0 0 0 0 0 -1.73593 0.294108 0.294108 0 0.294108 0 0 0 0.294108 0 0 0 0 0 0 0 0.294108 0 0 0 0 0 0 0 0 0 0 0 0 0 0 0 
0 0.265388 0 0 0 0 0 0 0 0 0 0 0 0 0 0 0 0 0 0 0 0 0 0 0 0 0 0 0 0 0 0 0.265388 -2.88364 0 0.588216 0 0.588216 0 0 0 0.588216 0 0 0 0 0 0 0 0.588216 0 0 0 0 0 0 0 0 0 0 0 0 0 0 
0 0 0.265388 0 0 0 0 0 0 0 0 0 0 0 0 0 0 0 0 0 0 0 0 0 0 0 0 0 0 0 0 0 0.265388 0 -2.88364 0.588216 0 0 0.588216 0 0 0 0.588216 0 0 0 0 0 0 0 0.588216 0 0 0 0 0 0 0 0 0 0 0 0 0 
0 0 0 0.265388 0 0 0 0 0 0 0 0 0 0 0 0 0 0 0 0 0 0 0 0 0 0 0 0 0 0 0 0 0 0.265388 0.265388 -3.44313 0 0 0 0.882323 0 0 0 0.882323 0 0 0 0 0 0 0 0.882323 0 0 0 0 0 0 0 0 0 0 0 0 
0 0 0 0 0.265388 0 0 0 0 0 0 0 0 0 0 0 0 0 0 0 0 0 0 0 0 0 0 0 0 0 0 0 0.265388 0 0 0 -2.88364 0.588216 0.588216 0 0 0 0 0 0.588216 0 0 0 0 0 0 0 0.588216 0 0 0 0 0 0 0 0 0 0 0 
0 0 0 0 0 0.265388 0 0 0 0 0 0 0 0 0 0 0 0 0 0 0 0 0 0 0 0 0 0 0 0 0 0 0 0.265388 0 0 0.265388 -3.44313 0 0.882323 0 0 0 0 0 0.882323 0 0 0 0 0 0 0 0.882323 0 0 0 0 0 0 0 0 0 0 
0 0 0 0 0 0 0.265388 0 0 0 0 0 0 0 0 0 0 0 0 0 0 0 0 0 0 0 0 0 0 0 0 0 0 0 0.265388 0 0.265388 0 -3.44313 0.882323 0 0 0 0 0 0 0.882323 0 0 0 0 0 0 0 0.882323 0 0 0 0 0 0 0 0 0 
0 0 0 0 0 0 0 0.265388 0 0 0 0 0 0 0 0 0 0 0 0 0 0 0 0 0 0 0 0 0 0 0 0 0 0 0 0.265388 0 0.265388 0.265388 -3.41441 0 0 0 0 0 0 0 1.17643 0 0 0 0 0 0 0 1.17643 0 0 0 0 0 0 0 0 
0 0 0 0 0 0 0 0 0.265388 0 0 0 0 0 0 0 0 0 0 0 0 0 0 0 0 0 0 0 0 0 0 0 0.265388 0 0 0 0 0 0 0 -2.88364 0.588216 0.588216 0 0.588216 0 0 0 0 0 0 0 0 0 0 0 0.588216 0 0 0 0 0 0 0 
0 0 0 0 0 0 0 0 0 0.265388 0 0 0 0 0 0 0 0 0 0 0 0 0 0 0 0 0 0 0 0 0 0 0 0.265388 0 0 0 0 0 0 0.265388 -3.44313 0 0.882323 0 0.882323 0 0 0 0 0 0 0 0 0 0 0 0.882323 0 0 0 0 0 0 
0 0 0 0 0 0 0 0 0 0 0.265388 0 0 0 0 0 0 0 0 0 0 0 0 0 0 0 0 0 0 0 0 0 0 0 0.265388 0 0 0 0 0 0.265388 0 -3.44313 0.882323 0 0 0.882323 0 0 0 0 0 0 0 0 0 0 0 0.882323 0 0 0 0 0 
0 0 0 0 0 0 0 0 0 0 0 0.265388 0 0 0 0 0 0 0 0 0 0 0 0 0 0 0 0 0 0 0 0 0 0 0 0.265388 0 0 0 0 0 0.265388 0.265388 -3.41441 0 0 0 1.17643 0 0 0 0 0 0 0 0 0 0 0 1.17643 0 0 0 0 
0 0 0 0 0 0 0 0 0 0 0 0 0.265388 0 0 0 0 0 0 0 0 0 0 0 0 0 0 0 0 0 0 0 0 0 0 0 0.265388 0 0 0 0.265388 0 0 0 -3.44313 0.882323 0.882323 0 0 0 0 0 0 0 0 0 0 0 0 0 0.882323 0 0 0 
0 0 0 0 0 0 0 0 0 0 0 0 0 0.265388 0 0 0 0 0 0 0 0 0 0 0 0 0 0 0 0 0 0 0 0 0 0 0 0.265388 0 0 0 0.265388 0 0 0.265388 -3.41441 0 1.17643 0 0 0 0 0 0 0 0 0 0 0 0 0 1.17643 0 0 
0 0 0 0 0 0 0 0 0 0 0 0 0 0 0.265388 0 0 0 0 0 0 0 0 0 0 0 0 0 0 0 0 0 0 0 0 0 0 0 0.265388 0 0 0 0.265388 0 0.265388 0 -3.41441 1.17643 0 0 0 0 0 0 0 0 0 0 0 0 0 0 1.17643 0 
0 0 0 0 0 0 0 0 0 0 0 0 0 0 0 0.265388 0 0 0 0 0 0 0 0 0 0 0 0 0 0 0 0 0 0 0 0 0 0 0 0.265388 0 0 0 0.265388 0 0.265388 0.265388 -2.79748 0 0 0 0 0 0 0 0 0 0 0 0 0 0 0 1.47054 
0 0 0 0 0 0 0 0 0 0 0 0 0 0 0 0 0.265388 0 0 0 0 0 0 0 0 0 0 0 0 0 0 0 0.265388 0 0 0 0 0 0 0 0 0 0 0 0 0 0 0 -2.88364 0.588216 0.588216 0 0.588216 0 0 0 0.588216 0 0 0 0 0 0 0 
0 0 0 0 0 0 0 0 0 0 0 0 0 0 0 0 0 0.265388 0 0 0 0 0 0 0 0 0 0 0 0 0 0 0 0.265388 0 0 0 0 0 0 0 0 0 0 0 0 0 0 0.265388 -3.44313 0 0.882323 0 0.882323 0 0 0 0.882323 0 0 0 0 0 0 
0 0 0 0 0 0 0 0 0 0 0 0 0 0 0 0 0 0 0.265388 0 0 0 0 0 0 0 0 0 0 0 0 0 0 0 0.265388 0 0 0 0 0 0 0 0 0 0 0 0 0 0.265388 0 -3.44313 0.882323 0 0 0.882323 0 0 0 0.882323 0 0 0 0 0 
0 0 0 0 0 0 0 0 0 0 0 0 0 0 0 0 0 0 0 0.265388 0 0 0 0 0 0 0 0 0 0 0 0 0 0 0 0.265388 0 0 0 0 0 0 0 0 0 0 0 0 0 0.265388 0.265388 -3.41441 0 0 0 1.17643 0 0 0 1.17643 0 0 0 0 
0 0 0 0 0 0 0 0 0 0 0 0 0 0 0 0 0 0 0 0 0.265388 0 0 0 0 0 0 0 0 0 0 0 0 0 0 0 0.265388 0 0 0 0 0 0 0 0 0 0 0 0.265388 0 0 0 -3.44313 0.882323 0.882323 0 0 0 0 0 0.882323 0 0 0 
0 0 0 0 0 0 0 0 0 0 0 0 0 0 0 0 0 0 0 0 0 0.265388 0 0 0 0 0 0 0 0 0 0 0 0 0 0 0 0.265388 0 0 0 0 0 0 0 0 0 0 0 0.265388 0 0 0.265388 -3.41441 0 1.17643 0 0 0 0 0 1.17643 0 0 
0 0 0 0 0 0 0 0 0 0 0 0 0 0 0 0 0 0 0 0 0 0 0.265388 0 0 0 0 0 0 0 0 0 0 0 0 0 0 0 0.265388 0 0 0 0 0 0 0 0 0 0 0 0.265388 0 0.265388 0 -3.41441 1.17643 0 0 0 0 0 0 1.17643 0 
0 0 0 0 0 0 0 0 0 0 0 0 0 0 0 0 0 0 0 0 0 0 0 0.265388 0 0 0 0 0 0 0 0 0 0 0 0 0 0 0 0.265388 0 0 0 0 0 0 0 0 0 0 0 0.265388 0 0.265388 0.265388 -2.79748 0 0 0 0 0 0 0 1.47054 
0 0 0 0 0 0 0 0 0 0 0 0 0 0 0 0 0 0 0 0 0 0 0 0 0.265388 0 0 0 0 0 0 0 0 0 0 0 0 0 0 0 0.265388 0 0 0 0 0 0 0 0.265388 0 0 0 0 0 0 0 -3.44313 0.882323 0.882323 0 0.882323 0 0 0 
0 0 0 0 0 0 0 0 0 0 0 0 0 0 0 0 0 0 0 0 0 0 0 0 0 0.265388 0 0 0 0 0 0 0 0 0 0 0 0 0 0 0 0.265388 0 0 0 0 0 0 0 0.265388 0 0 0 0 0 0 0.265388 -3.41441 0 1.17643 0 1.17643 0 0 
0 0 0 0 0 0 0 0 0 0 0 0 0 0 0 0 0 0 0 0 0 0 0 0 0 0 0.265388 0 0 0 0 0 0 0 0 0 0 0 0 0 0 0 0.265388 0 0 0 0 0 0 0 0.265388 0 0 0 0 0 0.265388 0 -3.41441 1.17643 0 0 1.17643 0 
0 0 0 0 0 0 0 0 0 0 0 0 0 0 0 0 0 0 0 0 0 0 0 0 0 0 0 0.265388 0 0 0 0 0 0 0 0 0 0 0 0 0 0 0 0.265388 0 0 0 0 0 0 0 0.265388 0 0 0 0 0 0.265388 0.265388 -2.79748 0 0 0 1.47054 
0 0 0 0 0 0 0 0 0 0 0 0 0 0 0 0 0 0 0 0 0 0 0 0 0 0 0 0 0.265388 0 0 0 0 0 0 0 0 0 0 0 0 0 0 0 0.265388 0 0 0 0 0 0 0 0.265388 0 0 0 0.265388 0 0 0 -3.41441 1.17643 1.17643 0 
0 0 0 0 0 0 0 0 0 0 0 0 0 0 0 0 0 0 0 0 0 0 0 0 0 0 0 0 0 0.265388 0 0 0 0 0 0 0 0 0 0 0 0 0 0 0 0.265388 0 0 0 0 0 0 0 0.265388 0 0 0 0.265388 0 0 0.265388 -2.79748 0 1.47054 
0 0 0 0 0 0 0 0 0 0 0 0 0 0 0 0 0 0 0 0 0 0 0 0 0 0 0 0 0 0 0.265388 0 0 0 0 0 0 0 0 0 0 0 0 0 0 0 0.265388 0 0 0 0 0 0 0 0.265388 0 0 0 0.265388 0 0.265388 0 -2.79748 1.47054 
0 0 0 0 0 0 0 0 0 0 0 0 0 0 0 0 0 0 0 0 0 0 0 0 0 0 0 0 0 0 0 0.265388 0 0 0 0 0 0 0 0 0 0 0 0 0 0 0 0.265388 0 0 0 0 0 0 0 0.265388 0 0 0 0.265388 0 0.265388 0.265388 -1.59233 
