64
-0 0 0 0 0 0 0 0 0 0 0 0 0 0 0 0 0 0 0 0 0 0 0 0 0 0 0 0 0 0 0 0 0 0 0 0 0 0 0 0 0 0 0 0 0 0 0 0 0 0 0 0 0 0 0 0 0 0 0 0 0 0 0 0 
0.615776 -2.84248 0 0.445341 0 0.445341 0 0 0 0.445341 0 0 0 0 0 0 0 0.445341 0 0 0 0 0 0 0 0 0 0 0 0 0 0 0 0.445341 0 0 0 0 0 0 0 0 0 0 0 0 0 0 0 0 0 0 0 0 0 0 0 0 0 0 0 0 0 0 
0.615776 0 -2.84248 0.445341 0 0 0.445341 0 0 0 0.445341 0 0 0 0 0 0 0 0.445341 0 0 0 0 0 0 0 0 0 0 0 0 0 0 0 0.445341 0 0 0 0 0 0 0 0 0 0 0 0 0 0 0 0 0 0 0 0 0 0 0 0 0 0 0 0 0 
0 0.615776 0.615776 -4.79428 0 0 0 0.890683 0 0 0 0.890683 0 0 0 0 0 0 0 0.890683 0 0 0 0 0 0 0 0 0 0 0 0 0 0 0 0.890683 0 0 0 0 0 0 0 0 0 0 0 0 0 0 0 0 0 0 0 0 0 0 0 0 0 0 0 0 
0.615776 0 0 0 -2.84248 0.445341 0.445341 0 0 0 0 0 0.445341 0 0 0 0 0 0 0 0.445341 0 0 0 0 0 0 0 0 0 0 0 0 0 0 0 0.445341 0 0 0 0 0 0 0 0 0 0 0 0 0 0 0 0 0 0 0 0 0 0 0 0 0 0 0 
0 0.615776 0 0 0.615776 -4.79428 0 0.890683 0 0 0 0 0 0.890683 0 0 0 0 0 0 0 0.890683 0 0 0 0 0 0 0 0 0 0 0 0 0 0 0 0.890683 0 0 0 0 0 0 0 0 0 0 0 0 0 0 0 0 0 0 0 0 0 0 0 0 0 0 
0 0 0.615776 0 0.615776 0 -4.79428 0.890683 0 0 0 0 0 0 0.890683 0 0 0 0 0 0 0 0.890683 0 0 0 0 0 0 0 0 0 0 0 0 0 0 0 0.890683 0 0 0 0 0 0 0 0 0 0 0 0 0 0 0 0 0 0 0 0 0 0 0 0 0 
0 0 0 0.615776 0 0.615776 0.615776 -5.8554 0 0 0 0 0 0 0 1.33602 0 0 0 0 0 0 0 1.33602 0 0 0 0 0 0 0 0 0 0 0 0 0 0 0 1.33602 0 0 0 0 0 0 0 0 0 0 0 0 0 0 0 0 0 0 0 0 0 0 0 0 
0.615776 0 0 0 0 0 0 0 -2.84248 0.445341 0.445341 0 0.445341 0 0 0 0 0 0 0 0 0 0 0 0.445341 0 0 0 0 0 0 0 0 0 0 0 0 0 0 0 0.445341 0 0 0 0 0 0 0 0 0 0 0 0 0 0 0 0 0 0 0 0 0 0 0 
0 0.615776 0 0 0 0 0 0 0.615776 -4.79428 0 0.890683 0 0.890683 0 0 0 0 0 0 0 0 0 0 0 0.890683 0 0 0 0 0 0 0 0 0 0 0 0 0 0 0 0.890683 0 0 0 0 0 0 0 0 0 0 0 0 0 0 0 0 0 0 0 0 0 0 
0 0 0.615776 0 0 0 0 0 0.615776 0 -4.79428 0.890683 0 0 0.890683 0 0 0 0 0 0 0 0 0 0 0 0.890683 0 0 0 0 0 0 0 0 0 0 0 0 0 0 0 0.890683 0 0 0 0 0 0 0 0 0 0 0 0 0 0 0 0 0 0 0 0 0 
0 0 0 0.615776 0 0 0 0 0 0.615776 0.615776 -5.8554 0 0 0 1.33602 0 0 0 0 0 0 0 0 0 0 0 1.33602 0 0 0 0 0 0 0 0 0 0 0 0 0 0 0 1.33602 0 0 0 0 0 0 0 0 0 0 0 0 0 0 0 0 0 0 0 0 
0 0 0 0 0.615776 0 0 0 0.615776 0 0 0 -4.79428 0.890683 0.890683 0 0 0 0 0 0 0 0 0 0 0 0 0 0.890683 0 0 0 0 0 0 0 0 0 0 0 0 0 0 0 0.890683 0 0 0 0 0 0 0 0 0 0 0 0 0 0 0 0 0 0 0 
0 0 0 0 0 0.615776 0 0 0 0.615776 0 0 0.615776 -5.8554 0 1.33602 0 0 0 0 0 0 0 0 0 0 0 0 0 1.33602 0 0 0 0 0 0 0 0 0 0 0 0 0 0 0 1.33602 0 0 0 0 0 0 0 0 0 0 0 0 0 0 0 0 0 0 
0 0 0 0 0 0 0.615776 0 0 0 0.615776 0 0.615776 0 -5.8554 1.33602 0 0 0 0 0 0 0 0 0 0 0 0 0 0 1.33602 0 0 0 0 0 0 0 0 0 0 0 0 0 0 0 1.33602 0 0 0 0 0 0 0 0 0 0 0 0 0 0 0 0 0 
0 0 0 0 0 0 0 0.615776 0 0 0 0.615776 0 0.615776 0.615776 -6.02583 0 0 0 0 0 0 0 0 0 0 0 0 0 0 0 1.78137 0 0 0 0 0 0 0 0 0 0 0 0 0 0 0 1.78137 0 0 0 0 0 0 0 0 0 0 0 0 0 0 0 0 
0.615776 0 0 0 0 0 0 0 0 0 0 0 0 0 0 0 -2.84248 0.445341 0.445341 0 0.445341 0 0 0 0.445341 0 0 0 0 0 0 0 0 0 0 0 0 0 0 0 0 0 0 0 0 0 0 0 0.445341 0 0 0 0 0 0 0 0 0 0 0 0 0 0 0 
0 0.615776 0 0 0 0 0 0 0 0 0 0 0 0 0 0 0.615776 -4.79428 0 0.890683 0 0.890683 0 0 0 0.890683 0 0 0 0 0 0 0 0 0 0 0 0 0 0 0 0 0 0 0 0 0 0 0 0.890683 0 0 0 0 0 0 0 0 0 0 0 0 0 0 
0 0 0.615776 0 0 0 0 0 0 0 0 0 0 0 0 0 0.615776 0 -4.79428 0.890683 0 0 0.890683 0 0 0 0.890683 0 0 0 0 0 0 0 0 0 0 0 0 0 0 0 0 0 0 0 0 0 0 0 0.890683 0 0 0 0 0 0 0 0 0 0 0 0 0 
0 0 0 0.615776 0 0 0 0 0 0 0 0 0 0 0 0 0 0.615776 0.615776 -5.8554 0 0 0 1.33602 0 0 0 1.33602 0 0 0 0 0 0 0 0 0 0 0 0 0 0 0 0 0 0 0 0 0 0 0 1.33602 0 0 0 0 0 0 0 0 0 0 0 0 
0 0 0 0 0.615776 0 0 0 0 0 0 0 0 0 0 0 0.615776 0 0 0 -4.79428 0.890683 0.890683 0 0 0 0 0 0.890683 0 0 0 0 0 0 0 0 0 0 0 0 0 0 0 0 0 0 0 0 0 0 0 0.890683 0 0 0 0 0 0 0 0 0 0 0 
0 0 0 0 0 0.615776 0 0 0 0 0 0 0 0 0 0 0 0.615776 0 0 0.615776 -5.8554 0 1.33602 0 0 0 0 0 1.33602 0 0 0 0 0 0 0 0 0 0 0 0 0 0 0 0 0 0 0 0 0 0 0 1.33602 0 0 0 0 0 0 0 0 0 0 
0 0 0 0 0 0 0.615776 0 0 0 0 0 0 0 0 0 0 0 0.615776 0 0.615776 0 -5.8554 1.33602 0 0 0 0 0 0 1.33602 0 0 0 0 0 0 0 0 0 0 0 0 0 0 0 0 0 0 0 0 0 0 0 1.33602 0 0 0 0 0 0 0 0 0 
0 0 0 0 0 0 0 0.615776 0 0 0 0 0 0 0 0 0 0 0 0.615776 0 0.615776 0.615776 -6.02583 0 0 0 0 0 0 0 1.78137 0 0 0 0 0 0 0 0 0 0 0 0 0 0 0 0 0 0 0 0 0 0 0 1.78137 0 0 0 0 0 0 0 0 
0 0 0 0 0 0 0 0 0.615776 0 0 0 0 0 0 0 0.615776 0 0 0 0 0 0 0 -4.79428 0.890683 0.890683 0 0.890683 0 0 0 0 0 0 0 0 0 0 0 0 0 0 0 0 0 0 0 0 0 0 0 0 0 0 0 0.890683 0 0 0 0 0 0 0 
0 0 0 0 0 0 0 0 0 0.615776 0 0 0 0 0 0 0 0.615776 0 0 0 0 0 0 0.615776 -5.8554 0 1.33602 0 1.33602 0 0 0 0 0 0 0 0 0 0 0 0 0 0 0 0 0 0 0 0 0 0 0 0 0 0 0 1.33602 0 0 0 0 0 0 
0 0 0 0 0 0 0 0 0 0 0.615776 0 0 0 0 0 0 0 0.615776 0 0 0 0 0 0.615776 0 -5.8554 1.33602 0 0 1.33602 0 0 0 0 0 0 0 0 0 0 0 0 0 0 0 0 0 0 0 0 0 0 0 0 0 0 0 1.33602 0 0 0 0 0 
0 0 0 0 0 0 0 0 0 0 0 0.615776 0 0 0 0 0 0 0 0.615776 0 0 0 0 0 0.615776 0.615776 -6.02583 0 0 0 1.78137 0 0 0 0 0 0 0 0 0 0 0 0 0 0 0 0 0 0 0 0 0 0 0 0 0 0 0 1.78137 0 0 0 0 
0 0 0 0 0 0 0 0 0 0 0 0 0.615776 0 0 0 0 0 0 0 0.615776 0 0 0 0.615776 0 0 0 -5.8554 1.33602 1.33602 0 0 0 0 0 0 0 0 0 0 0 0 0 0 0 0 0 0 0 0 0 0 0 0 0 0 0 0 0 1.33602 0 0 0 
0 0 0 0 0 0 0 0 0 0 0 0 0 0.615776 0 0 0 0 0 0 0 0.615776 0 0 0 0.615776 0 0 0.615776 -6.02583 0 1.78137 0 0 0 0 0 0 0 0 0 0 0 0 0 0 0 0 0 0 0 0 0 0 0 0 0 0 0 0 0 1.78137 0 0 
0 0 0 0 0 0 0 0 0 0 0 0 0 0 0.615776 0 0 0 0 0 0 0 0.615776 0 0 0 0.615776 0 0.615776 0 -6.02583 1.78137 0 0 0 0 0 0 0 0 0 0 0 0 0 0 0 0 0 0 0 0 0 0 0 0 0 0 0 0 0 0 1.78137 0 
0 0 0 0 0 0 0 0 0 0 0 0 0 0 0 0.615776 0 0 0 0 0 0 0 0.615776 0 0 0 0.615776 0 0.615776 0.615776 -5.30559 0 0 0 0 0 0 0 0 0 0 0 0 0 0 0 0 0 0 0 0 0 0 0 0 0 0 0 0 0 0 0 2.22671 
0.615776 0 0 0 0 0 0 0 0 0 0 0 0 0 0 0 0 0 0 0 0 0 0 0 0 0 0 0 0 0 0 0 -2.84248 0.445341 0.445341 0 0.445341 0 0 0 0.445341 0 0 0 0 0 0 0 0.445341 0 0 0 0 0 0 0 0 0 0 0 0 0 0 0 
0 0.615776 0 0 0 0 0 0 0 0 0 0 0 0 0 0 0 0 0 0 0 0 0 0 0 0 0 0 0 0 0 0 0.615776 -4.79428 0 0.890683 0 0.890683 0 0 0 0.890683 0 0 0 0 0 0 0 0.890683 0 0 0 0 0 0 0 0 0 0 0 0 0 0 
0 0 0.615776 0 0 0 0 0 0 0 0 0 0 0 0 0 0 0 0 0 0 0 0 0 0 0 0 0 0 0 0 0 0.615776 0 -4.79428 0.890683 0 0 0.890683 0 0 0 0.890683 0 0 0 0 0 0 0 0.890683 0 0 0 0 0 0 0 0 0 0 0 0 0 
0 0 0 0.615776 0 0 0 0 0 0 0 0 0 0 0 0 0 0 0 0 0 0 0 0 0 0 0 0 0 0 0 0 0 0.615776 0.615776 -5.8554 0 0 0 1.33602 0 0 0 1.33602 0 0 0 0 0 0 0 1.33602 0 0 0 0 0 0 0 0 0 0 0 0 
0 0 0 0 0.615776 0 0 0 0 0 0 0 0 0 0 0 0 0 0 0 0 0 0 0 0 0 0 0 0 0 0 0 0.615776 0 0 0 -4.79428 0.890683 0.890683 0 0 0 0 0 0.890683 0 0 0 0 0 0 0 0.890683 0 0 0 0 0 0 0 0 0 0 0 
0 0 0 0 0 0.615776 0 0 0 0 0 0 0 0 0 0 0 0 0 0 0 0 0 0 0 0 0 0 0 0 0 0 0 0.615776 0 0 0.615776 -5.8554 0 1.33602 0 0 0 0 0 1.33602 0 0 0 0 0 0 0 1.33602 0 0 0 0 0 0 0 0 0 0 
0 0 0 0 0 0 0.615776 0 0 0 0 0 0 0 0 0 0 0 0 0 0 0 0 0 0 0 0 0 0 0 0 0 0 0 0.615776 0 0.615776 0 -5.8554 1.33602 0 0 0 0 0 0 1.33602 0 0 0 0 0 0 0 1.33602 0 0 0 0 0 0 0 0 0 
0 0 0 0 0 0 0 0.615776 0 0 0 0 0 0 0 0 0 0 0 0 0 0 0 0 0 0 0 0 0 0 0 0 0 0 0 0.615776 0 0.615776 0.615776 -6.02583 0 0 0 0 0 0 0 1.78137 0 0 0 0 0 0 0 1.78137 0 0 0 0 0 0 0 0 
0 0 0 0 0 0 0 0 0.615776 0 0 0 0 0 0 0 0 0 0 0 0 0 0 0 0 0 0 0 0 0 0 0 0.615776 0 0 0 0 0 0 0 -4.79428 0.890683 0.890683 0 0.890683 0 0 0 0 0 0 0 0 0 0 0 0.890683 0 0 0 0 0 0 0 
0 0 0 0 0 0 0 0 0 0.615776 0 0 0 0 0 0 0 0 0 0 0 0 0 0 0 0 0 0 0 0 0 0 0 0.615776 0 0 0 0 0 0 0.615776 -5.8554 0 1.33602 0 1.33602 0 0 0 0 0 0 0 0 0 0 0 1.33602 0 0 0 0 0 0 
0 0 0 0 0 0 0 0 0 0 0.615776 0 0 0 0 0 0 0 0 0 0 0 0 0 0 0 0 0 0 0 0 0 0 0 0.615776 0 0 0 0 0 0.615776 0 -5.8554 1.33602 0 0 1.33602 0 0 0 0 0 0 0 0 0 0 0 1.33602 0 0 0 0 0 
0 0 0 0 0 0 0 0 0 0 0 0.615776 0 0 0 0 0 0 0 0 0 0 0 0 0 0 0 0 0 0 0 0 0 0 0 0.615776 0 0 0 0 0 0.615776 0.615776 -6.02583 0 0 0 1.78137 0 0 0 0 0 0 0 0 0 0 0 1.78137 0 0 0 0 
0 0 0 0 0 0 0 0 0 0 0 0 0.615776 0 0 0 0 0 0 0 0 0 0 0 0 0 0 0 0 0 0 0 0 0 0 0 0.615776 0 0 0 0.615776 0 0 0 -5.8554 1.33602 1.33602 0 0 0 0 0 0 0 0 0 0 0 0 0 1.33602 0 0 0 
0 0 0 0 0 0 0 0 0 0 0 0 0 0.615776 0 0 0 0 0 0 0 0 0 0 0 0 0 0 0 0 0 0 0 0 0 0 0 0.615776 0 0 0 0.615776 0 0 0.615776 -6.02583 0 1.78137 0 0 0 0 0 0 0 0 0 0 0 0 0 1.78137 0 0 
0 0 0 0 0 0 0 0 0 0 0 0 0 0 0.615776 0 0 0 0 0 0 0 0 0 0 0 0 0 0 0 0 0 0 0 0 0 0 0 0.615776 0 0 0 0.615776 0 0.615776 0 -6.02583 1.78137 0 0 0 0 0 0 0 0 0 0 0 0 0 0 1.78137 0 
0 0 0 0 0 0 0 0 0 0 0 0 0 0 0 0.615776 0 0 0 0 0 0 0 0 0 0 0 0 0 0 0 0 0 0 0 0 0 0 0 0.615776 0 0 0 0.615776 0 0.615776 0.615776 -5.30559 0 0 0 0 0 0 0 0 0 0 0 0 0 0 0 2.22671 
0 0 0 0 0 0 0 0 0 0 0 0 0 0 0 0 0.615776 0 0 0 0 0 0 0 0 0 0 0 0 0 0 0 0.615776 0 0 0 0 0 0 0 0 0 0 0 0 0 0 0 -4.79428 0.890683 0.890683 0 0.890683 0 0 0 0.890683 0 0 0 0 0 0 0 
0 0 0 0 0 0 0 0 0 0 0 0 0 0 0 0 0 0.615776 0 0 0 0 0 0 0 0 0 0 0 0 0 0 0 0.615776 0 0 0 0 0 0 0 0 0 0 0 0 0 0 0.615776 -5.8554 0 1.33602 0 1.33602 0 0 0 1.33602 0 0 0 0 0 0 
0 0 0 0 0 0 0 0 0 0 0 0 0 0 0 0 0 0 0.615776 0 0 0 0 0 0 0 0 0 0 0 0 0 0 0 0.615776 0 0 0 0 0 0 0 0 0 0 0 0 0 0.615776 0 -5.8554 1.33602 0 0 1.33602 0 0 0 1.33602 0 0 0 0 0 
0 0 0 0 0 0 0 0 0 0 0 0 0 0 0 0 0 0 0 0.615776 0 0 0 0 0 0 0 0 0 0 0 0 0 0 0 0.615776 0 0 0 0 0 0 0 0 0 0 0 0 0 0.615776 0.615776 -6.02583 0 0 0 1.78137 0 0 0 1.78137 0 0 0 0 
0 0 0 0 0 0 0 0 0 0 0 0 0 0 0 0 0 0 0 0 0.615776 0 0 0 0 0 0 0 0 0 0 0 0 0 0 0 0.615776 0 0 0 0 0 0 0 0 0 0 0 0.615776 0 0 0 -5.8554 1.33602 1.33602 0 0 0 0 0 1.33602 0 0 0 
0 0 0 0 0 0 0 0 0 0 0 0 0 0 0 0 0 0 0 0 0 0.615776 0 0 0 0 0 0 0 0 0 0 0 0 0 0 0 0.615776 0 0 0 0 0 0 0 0 0 0 0 0.615776 0 0 0.615776 -6.02583 0 1.78137 0 0 0 0 0 1.78137 0 0 
0 0 0 0 0 0 0 0 0 0 0 0 0 0 0 0 0 0 0 0 0 0 0.615776 0 0 0 0 0 0 0 0 0 0 0 0 0 0 0 0.615776 0 0 0 0 0 0 0 0 0 0 0 0.615776 0 0.615776 0 -6.02583 1.78137 0 0 0 0 0 0 1.78137 0 
0 0 0 0 0 0 0 0 0 0 0 0 0 0 0 0 0 0 0 0 0 0 0 0.615776 0 0 0 0 0 0 0 0 0 0 0 0 0 0 0 0.615776 0 0 0 0 0 0 0 0 0 0 0 0.615776 0 0.615776 0.615776 -5.30559 0 0 0 0 0 0 0 2.22671 
0 0 0 0 0 0 0 0 0 0 0 0 0 0 0 0 0 0 0 0 0 0 0 0 0.615776 0 0 0 0 0 0 0 0 0 0 0 0 0 0 0 0.615776 0 0 0 0 0 0 0 0.615776 0 0 0 0 0 0 0 -5.8554 1.33602 1.33602 0 1.33602 0 0 0 
0 0 0 0 0 0 0 0 0 0 0 0 0 0 0 0 0 0 0 0 0 0 0 0 0 0.615776 0 0 0 0 0 0 0 0 0 0 0 0 0 0 0 0.615776 0 0 0 0 0 0 0 0.615776 0 0 0 0 0 0 0.615776 -6.02583 0 1.78137 0 1.78137 0 0 
0 0 0 0 0 0 0 0 0 0 0 0 0 0 0 0 0 0 0 0 0 0 0 0 0 0 0.615776 0 0 0 0 0 0 0 0 0 0 0 0 0 0 0 0.615776 0 0 0 0 0 0 0 0.615776 0 0 0 0 0 0.615776 0 -6.02583 1.78137 0 0 1.78137 0 
0 0 0 0 0 0 0 0 0 0 0 0 0 0 0 0 0 0 0 0 0 0 0 0 0 0 0 0.615776 0 0 0 0 0 0 0 0 0 0 0 0 0 0 0 0.615776 0 0 0 0 0 0 0 0.615776 0 0 0 0 0 0.615776 0.615776 -5.30559 0 0 0 2.22671 
0 0 0 0 0 0 0 0 0 0 0 0 0 0 0 0 0 0 0 0 0 0 0 0 0 0 0 0 0.615776 0 0 0 0 0 0 0 0 0 0 0 0 0 0 0 0.615776 0 0 0 0 0 0 0 0.615776 0 0 0 0.615776 0 0 0 -6.02583 1.78137 1.78137 0 
0 0 0 0 0 0 0 0 0 0 0 0 0 0 0 0 0 0 0 0 0 0 0 0 0 0 0 0 0 0.615776 0 0 0 0 0 0 0 0 0 0 0 0 0 0 0 0.615776 0 0 0 0 0 0 0 0.615776 0 0 0 0.615776 0 0 0.615776 -5.30559 0 2.22671 
0 0 0 0 0 0 0 0 0 0 0 0 0 0 0 0 0 0 0 0 0 0 0 0 0 0 0 0 0 0 0.615776 0 0 0 0 0 0 0 0 0 0 0 0 0 0 0 0.615776 0 0 0 0 0 0 0 0.615776 0 0 0 0.615776 0 0.615776 0 -5.30559 2.22671 
0 0 0 0 0 0 0 0 0 0 0 0 0 0 0 0 0 0 0 0 0 0 0 0 0 0 0 0 0 0 0 0.615776 0 0 0 0 0 0 0 0 0 0 0 0 0 0 0 0.615776 0 0 0 0 0 0 0 0.615776 0 0 0 0.615776 0 0.615776 0.615776 -3.69466 
