32
-0 0 0 0 0 0 0 0 0 0 0 0 0 0 0 0 0 0 0 0 0 0 0 0 0 0 0 0 0 0 0 0 
0.142541 -1.04689 0 0.226088 0 0.226088 0 0 0 0.226088 0 0 0 0 0 0 0 0.226088 0 0 0 0 0 0 0 0 0 0 0 0 0 0 
0.142541 0 -1.04689 0.226088 0 0 0.226088 0 0 0 0.226088 0 0 0 0 0 0 0 0.226088 0 0 0 0 0 0 0 0 0 0 0 0 0 
0 0.142541 0.142541 -1.64161 0 0 0 0.452175 0 0 0 0.452175 0 0 0 0 0 0 0 0.452175 0 0 0 0 0 0 0 0 0 0 0 0 
0.142541 0 0 0 -1.04689 0.226088 0.226088 0 0 0 0 0 0.226088 0 0 0 0 0 0 0 0.226088 0 0 0 0 0 0 0 0 0 0 0 
0 0.142541 0 0 0.142541 -1.64161 0 0.452175 0 0 0 0 0 0.452175 0 0 0 0 0 0 0 0.452175 0 0 0 0 0 0 0 0 0 0 
0 0 0.142541 0 0.142541 0 -1.64161 0.452175 0 0 0 0 0 0 0.452175 0 0 0 0 0 0 0 0.452175 0 0 0 0 0 0 0 0 0 
0 0 0 0.142541 0 0.142541 0.142541 -1.78415 0 0 0 0 0 0 0 0.678263 0 0 0 0 0 0 0 0.678263 0 0 0 0 0 0 0 0 
0.142541 0 0 0 0 0 0 0 -1.04689 0.226088 0.226088 0 0.226088 0 0 0 0 0 0 0 0 0 0 0 0.226088 0 0 0 0 0 0 0 
0 0.142541 0 0 0 0 0 0 0.142541 -1.64161 0 0.452175 0 0.452175 0 0 0 0 0 0 0 0 0 0 0 0.452175 0 0 0 0 0 0 
0 0 0.142541 0 0 0 0 0 0.142541 0 -1.64161 0.452175 0 0 0.452175 0 0 0 0 0 0 0 0 0 0 0 0.452175 0 0 0 0 0 
0 0 0 0.142541 0 0 0 0 0 0.142541 0.142541 -1.78415 0 0 0 0.678263 0 0 0 0 0 0 0 0 0 0 0 0.678263 0 0 0 0 
0 0 0 0 0.142541 0 0 0 0.142541 0 0 0 -1.64161 0.452175 0.452175 0 0 0 0 0 0 0 0 0 0 0 0 0 0.452175 0 0 0 
0 0 0 0 0 0.142541 0 0 0 0.142541 0 0 0.142541 -1.78415 0 0.678263 0 0 0 0 0 0 0 0 0 0 0 0 0 0.678263 0 0 
0 0 0 0 0 0 0.142541 0 0 0 0.142541 0 0.142541 0 -1.78415 0.678263 0 0 0 0 0 0 0 0 0 0 0 0 0 0 0.678263 0 
0 0 0 0 0 0 0 0.142541 0 0 0 0.142541 0 0.142541 0.142541 -1.47452 0 0 0 0 0 0 0 0 0 0 0 0 0 0 0 0.904351 
0.142541 0 0 0 0 0 0 0 0 0 0 0 0 0 0 0 -1.04689 0.226088 0.226088 0 0.226088 0 0 0 0.226088 0 0 0 0 0 0 0 
0 0.142541 0 0 0 0 0 0 0 0 0 0 0 0 0 0 0.142541 -1.64161 0 0.452175 0 0.452175 0 0 0 0.452175 0 0 0 0 0 0 
0 0 0.142541 0 0 0 0 0 0 0 0 0 0 0 0 0 0.142541 0 -1.64161 0.452175 0 0 0.452175 0 0 0 0.452175 0 0 0 0 0 
0 0 0 0.142541 0 0 0 0 0 0 0 0 0 0 0 0 0 0.142541 0.142541 -1.78415 0 0 0 0.678263 0 0 0 0.678263 0 0 0 0 
0 0 0 0 0.142541 0 0 0 0 0 0 0 0 0 0 0 0.142541 0 0 0 -1.64161 0.452175 0.452175 0 0 0 0 0 0.452175 0 0 0 
0 0 0 0 0 0.142541 0 0 0 0 0 0 0 0 0 0 0 0.142541 0 0 0.142541 -1.78415 0 0.678263 0 0 0 0 0 0.678263 0 0 
0 0 0 0 0 0 0.142541 0 0 0 0 0 0 0 0 0 0 0 0.142541 0 0.142541 0 -1.78415 0.678263 0 0 0 0 0 0 0.678263 0 
0 0 0 0 0 0 0 0.142541 0 0 0 0 0 0 0 0 0 0 0 0.142541 0 0.142541 0.142541 -1.47452 0 0 0 0 0 0 0 0.904351 
0 0 0 0 0 0 0 0 0.142541 0 0 0 0 0 0 0 0.142541 0 0 0 0 0 0 0 -1.64161 0.452175 0.452175 0 0.452175 0 0 0 
0 0 0 0 0 0 0 0 0 0.142541 0 0 0 0 0 0 0 0.142541 0 0 0 0 0 0 0.142541 -1.78415 0 0.678263 0 0.678263 0 0 
0 0 0 0 0 0 0 0 0 0 0.142541 0 0 0 0 0 0 0 0.142541 0 0 0 0 0 0.142541 0 -1.78415 0.678263 0 0 0.678263 0 
0 0 0 0 0 0 0 0 0 0 0 0.142541 0 0 0 0 0 0 0 0.142541 0 0 0 0 0 0.142541 0.142541 -1.47452 0 0 0 0.904351 
0 0 0 0 0 0 0 0 0 0 0 0 0.142541 0 0 0 0 0 0 0 0.142541 0 0 0 0.142541 0 0 0 -1.78415 0.678263 0.678263 0 
0 0 0 0 0 0 0 0 0 0 0 0 0 0.142541 0 0 0 0 0 0 0 0.142541 0 0 0 0.142541 0 0 0.142541 -1.47452 0 0.904351 
0 0 0 0 0 0 0 0 0 0 0 0 0 0 0.142541 0 0 0 0 0 0 0 0.142541 0 0 0 0.142541 0 0.142541 0 -1.47452 0.904351 
0 0 0 0 0 0 0 0 0 0 0 0 0 0 0 0.142541 0 0 0 0 0 0 0 0.142541 0 0 0 0.142541 0 0.142541 0.142541 -0.712707 
