64
-0 0 0 0 0 0 0 0 0 0 0 0 0 0 0 0 0 0 0 0 0 0 0 0 0 0 0 0 0 0 0 0 0 0 0 0 0 0 0 0 0 0 0 0 0 0 0 0 0 0 0 0 0 0 0 0 0 0 0 0 0 0 0 0 
0.376836 -1.90127 0 0.304888 0 0.304888 0 0 0 0.304888 0 0 0 0 0 0 0 0.304888 0 0 0 0 0 0 0 0 0 0 0 0 0 0 0 0.304888 0 0 0 0 0 0 0 0 0 0 0 0 0 0 0 0 0 0 0 0 0 0 0 0 0 0 0 0 0 0 
0.376836 0 -1.90127 0.304888 0 0 0.304888 0 0 0 0.304888 0 0 0 0 0 0 0 0.304888 0 0 0 0 0 0 0 0 0 0 0 0 0 0 0 0.304888 0 0 0 0 0 0 0 0 0 0 0 0 0 0 0 0 0 0 0 0 0 0 0 0 0 0 0 0 0 
0 0.376836 0.376836 -3.19277 0 0 0 0.609775 0 0 0 0.609775 0 0 0 0 0 0 0 0.609775 0 0 0 0 0 0 0 0 0 0 0 0 0 0 0 0.609775 0 0 0 0 0 0 0 0 0 0 0 0 0 0 0 0 0 0 0 0 0 0 0 0 0 0 0 0 
0.376836 0 0 0 -1.90127 0.304888 0.304888 0 0 0 0 0 0.304888 0 0 0 0 0 0 0 0.304888 0 0 0 0 0 0 0 0 0 0 0 0 0 0 0 0.304888 0 0 0 0 0 0 0 0 0 0 0 0 0 0 0 0 0 0 0 0 0 0 0 0 0 0 0 
0 0.376836 0 0 0.376836 -3.19277 0 0.609775 0 0 0 0 0 0.609775 0 0 0 0 0 0 0 0.609775 0 0 0 0 0 0 0 0 0 0 0 0 0 0 0 0.609775 0 0 0 0 0 0 0 0 0 0 0 0 0 0 0 0 0 0 0 0 0 0 0 0 0 0 
0 0 0.376836 0 0.376836 0 -3.19277 0.609775 0 0 0 0 0 0 0.609775 0 0 0 0 0 0 0 0.609775 0 0 0 0 0 0 0 0 0 0 0 0 0 0 0 0.609775 0 0 0 0 0 0 0 0 0 0 0 0 0 0 0 0 0 0 0 0 0 0 0 0 0 
0 0 0 0.376836 0 0.376836 0.376836 -3.8745 0 0 0 0 0 0 0 0.914663 0 0 0 0 0 0 0 0.914663 0 0 0 0 0 0 0 0 0 0 0 0 0 0 0 0.914663 0 0 0 0 0 0 0 0 0 0 0 0 0 0 0 0 0 0 0 0 0 0 0 0 
0.376836 0 0 0 0 0 0 0 -1.90127 0.304888 0.304888 0 0.304888 0 0 0 0 0 0 0 0 0 0 0 0.304888 0 0 0 0 0 0 0 0 0 0 0 0 0 0 0 0.304888 0 0 0 0 0 0 0 0 0 0 0 0 0 0 0 0 0 0 0 0 0 0 0 
0 0.376836 0 0 0 0 0 0 0.376836 -3.19277 0 0.609775 0 0.609775 0 0 0 0 0 0 0 0 0 0 0 0.609775 0 0 0 0 0 0 0 0 0 0 0 0 0 0 0 0.609775 0 0 0 0 0 0 0 0 0 0 0 0 0 0 0 0 0 0 0 0 0 0 
0 0 0.376836 0 0 0 0 0 0.376836 0 -3.19277 0.609775 0 0 0.609775 0 0 0 0 0 0 0 0 0 0 0 0.609775 0 0 0 0 0 0 0 0 0 0 0 0 0 0 0 0.609775 0 0 0 0 0 0 0 0 0 0 0 0 0 0 0 0 0 0 0 0 0 
0 0 0 0.376836 0 0 0 0 0 0.376836 0.376836 -3.8745 0 0 0 0.914663 0 0 0 0 0 0 0 0 0 0 0 0.914663 0 0 0 0 0 0 0 0 0 0 0 0 0 0 0 0.914663 0 0 0 0 0 0 0 0 0 0 0 0 0 0 0 0 0 0 0 0 
0 0 0 0 0.376836 0 0 0 0.376836 0 0 0 -3.19277 0.609775 0.609775 0 0 0 0 0 0 0 0 0 0 0 0 0 0.609775 0 0 0 0 0 0 0 0 0 0 0 0 0 0 0 0.609775 0 0 0 0 0 0 0 0 0 0 0 0 0 0 0 0 0 0 0 
0 0 0 0 0 0.376836 0 0 0 0.376836 0 0 0.376836 -3.8745 0 0.914663 0 0 0 0 0 0 0 0 0 0 0 0 0 0.914663 0 0 0 0 0 0 0 0 0 0 0 0 0 0 0 0.914663 0 0 0 0 0 0 0 0 0 0 0 0 0 0 0 0 0 0 
0 0 0 0 0 0 0.376836 0 0 0 0.376836 0 0.376836 0 -3.8745 0.914663 0 0 0 0 0 0 0 0 0 0 0 0 0 0 0.914663 0 0 0 0 0 0 0 0 0 0 0 0 0 0 0 0.914663 0 0 0 0 0 0 0 0 0 0 0 0 0 0 0 0 0 
0 0 0 0 0 0 0 0.376836 0 0 0 0.376836 0 0.376836 0.376836 -3.94644 0 0 0 0 0 0 0 0 0 0 0 0 0 0 0 1.21955 0 0 0 0 0 0 0 0 0 0 0 0 0 0 0 1.21955 0 0 0 0 0 0 0 0 0 0 0 0 0 0 0 0 
0.376836 0 0 0 0 0 0 0 0 0 0 0 0 0 0 0 -1.90127 0.304888 0.304888 0 0.304888 0 0 0 0.304888 0 0 0 0 0 0 0 0 0 0 0 0 0 0 0 0 0 0 0 0 0 0 0 0.304888 0 0 0 0 0 0 0 0 0 0 0 0 0 0 0 
0 0.376836 0 0 0 0 0 0 0 0 0 0 0 0 0 0 0.376836 -3.19277 0 0.609775 0 0.609775 0 0 0 0.609775 0 0 0 0 0 0 0 0 0 0 0 0 0 0 0 0 0 0 0 0 0 0 0 0.609775 0 0 0 0 0 0 0 0 0 0 0 0 0 0 
0 0 0.376836 0 0 0 0 0 0 0 0 0 0 0 0 0 0.376836 0 -3.19277 0.609775 0 0 0.609775 0 0 0 0.609775 0 0 0 0 0 0 0 0 0 0 0 0 0 0 0 0 0 0 0 0 0 0 0 0.609775 0 0 0 0 0 0 0 0 0 0 0 0 0 
0 0 0 0.376836 0 0 0 0 0 0 0 0 0 0 0 0 0 0.376836 0.376836 -3.8745 0 0 0 0.914663 0 0 0 0.914663 0 0 0 0 0 0 0 0 0 0 0 0 0 0 0 0 0 0 0 0 0 0 0 0.914663 0 0 0 0 0 0 0 0 0 0 0 0 
0 0 0 0 0.376836 0 0 0 0 0 0 0 0 0 0 0 0.376836 0 0 0 -3.19277 0.609775 0.609775 0 0 0 0 0 0.609775 0 0 0 0 0 0 0 0 0 0 0 0 0 0 0 0 0 0 0 0 0 0 0 0.609775 0 0 0 0 0 0 0 0 0 0 0 
0 0 0 0 0 0.376836 0 0 0 0 0 0 0 0 0 0 0 0.376836 0 0 0.376836 -3.8745 0 0.914663 0 0 0 0 0 0.914663 0 0 0 0 0 0 0 0 0 0 0 0 0 0 0 0 0 0 0 0 0 0 0 0.914663 0 0 0 0 0 0 0 0 0 0 
0 0 0 0 0 0 0.376836 0 0 0 0 0 0 0 0 0 0 0 0.376836 0 0.376836 0 -3.8745 0.914663 0 0 0 0 0 0 0.914663 0 0 0 0 0 0 0 0 0 0 0 0 0 0 0 0 0 0 0 0 0 0 0 0.914663 0 0 0 0 0 0 0 0 0 
0 0 0 0 0 0 0 0.376836 0 0 0 0 0 0 0 0 0 0 0 0.376836 0 0.376836 0.376836 -3.94644 0 0 0 0 0 0 0 1.21955 0 0 0 0 0 0 0 0 0 0 0 0 0 0 0 0 0 0 0 0 0 0 0 1.21955 0 0 0 0 0 0 0 0 
0 0 0 0 0 0 0 0 0.376836 0 0 0 0 0 0 0 0.376836 0 0 0 0 0 0 0 -3.19277 0.609775 0.609775 0 0.609775 0 0 0 0 0 0 0 0 0 0 0 0 0 0 0 0 0 0 0 0 0 0 0 0 0 0 0 0.609775 0 0 0 0 0 0 0 
0 0 0 0 0 0 0 0 0 0.376836 0 0 0 0 0 0 0 0.376836 0 0 0 0 0 0 0.376836 -3.8745 0 0.914663 0 0.914663 0 0 0 0 0 0 0 0 0 0 0 0 0 0 0 0 0 0 0 0 0 0 0 0 0 0 0 0.914663 0 0 0 0 0 0 
0 0 0 0 0 0 0 0 0 0 0.376836 0 0 0 0 0 0 0 0.376836 0 0 0 0 0 0.376836 0 -3.8745 0.914663 0 0 0.914663 0 0 0 0 0 0 0 0 0 0 0 0 0 0 0 0 0 0 0 0 0 0 0 0 0 0 0 0.914663 0 0 0 0 0 
0 0 0 0 0 0 0 0 0 0 0 0.376836 0 0 0 0 0 0 0 0.376836 0 0 0 0 0 0.376836 0.376836 -3.94644 0 0 0 1.21955 0 0 0 0 0 0 0 0 0 0 0 0 0 0 0 0 0 0 0 0 0 0 0 0 0 0 0 1.21955 0 0 0 0 
0 0 0 0 0 0 0 0 0 0 0 0 0.376836 0 0 0 0 0 0 0 0.376836 0 0 0 0.376836 0 0 0 -3.8745 0.914663 0.914663 0 0 0 0 0 0 0 0 0 0 0 0 0 0 0 0 0 0 0 0 0 0 0 0 0 0 0 0 0 0.914663 0 0 0 
0 0 0 0 0 0 0 0 0 0 0 0 0 0.376836 0 0 0 0 0 0 0 0.376836 0 0 0 0.376836 0 0 0.376836 -3.94644 0 1.21955 0 0 0 0 0 0 0 0 0 0 0 0 0 0 0 0 0 0 0 0 0 0 0 0 0 0 0 0 0 1.21955 0 0 
0 0 0 0 0 0 0 0 0 0 0 0 0 0 0.376836 0 0 0 0 0 0 0 0.376836 0 0 0 0.376836 0 0.376836 0 -3.94644 1.21955 0 0 0 0 0 0 0 0 0 0 0 0 0 0 0 0 0 0 0 0 0 0 0 0 0 0 0 0 0 0 1.21955 0 
0 0 0 0 0 0 0 0 0 0 0 0 0 0 0 0.376836 0 0 0 0 0 0 0 0.376836 0 0 0 0.376836 0 0.376836 0.376836 -3.40862 0 0 0 0 0 0 0 0 0 0 0 0 0 0 0 0 0 0 0 0 0 0 0 0 0 0 0 0 0 0 0 1.52444 
0.376836 0 0 0 0 0 0 0 0 0 0 0 0 0 0 0 0 0 0 0 0 0 0 0 0 0 0 0 0 0 0 0 -1.90127 0.304888 0.304888 0 0.304888 0 0 0 0.304888 0 0 0 0 0 0 0 0.304888 0 0 0 0 0 0 0 0 0 0 0 0 0 0 0 
0 0.376836 0 0 0 0 0 0 0 0 0 0 0 0 0 0 0 0 0 0 0 0 0 0 0 0 0 0 0 0 0 0 0.376836 -3.19277 0 0.609775 0 0.609775 0 0 0 0.609775 0 0 0 0 0 0 0 0.609775 0 0 0 0 0 0 0 0 0 0 0 0 0 0 
0 0 0.376836 0 0 0 0 0 0 0 0 0 0 0 0 0 0 0 0 0 0 0 0 0 0 0 0 0 0 0 0 0 0.376836 0 -3.19277 0.609775 0 0 0.609775 0 0 0 0.609775 0 0 0 0 0 0 0 0.609775 0 0 0 0 0 0 0 0 0 0 0 0 0 
0 0 0 0.376836 0 0 0 0 0 0 0 0 0 0 0 0 0 0 0 0 0 0 0 0 0 0 0 0 0 0 0 0 0 0.376836 0.376836 -3.8745 0 0 0 0.914663 0 0 0 0.914663 0 0 0 0 0 0 0 0.914663 0 0 0 0 0 0 0 0 0 0 0 0 
0 0 0 0 0.376836 0 0 0 0 0 0 0 0 0 0 0 0 0 0 0 0 0 0 0 0 0 0 0 0 0 0 0 0.376836 0 0 0 -3.19277 0.609775 0.609775 0 0 0 0 0 0.609775 0 0 0 0 0 0 0 0.609775 0 0 0 0 0 0 0 0 0 0 0 
0 0 0 0 0 0.376836 0 0 0 0 0 0 0 0 0 0 0 0 0 0 0 0 0 0 0 0 0 0 0 0 0 0 0 0.376836 0 0 0.376836 -3.8745 0 0.914663 0 0 0 0 0 0.914663 0 0 0 0 0 0 0 0.914663 0 0 0 0 0 0 0 0 0 0 
0 0 0 0 0 0 0.376836 0 0 0 0 0 0 0 0 0 0 0 0 0 0 0 0 0 0 0 0 0 0 0 0 0 0 0 0.376836 0 0.376836 0 -3.8745 0.914663 0 0 0 0 0 0 0.914663 0 0 0 0 0 0 0 0.914663 0 0 0 0 0 0 0 0 0 
0 0 0 0 0 0 0 0.376836 0 0 0 0 0 0 0 0 0 0 0 0 0 0 0 0 0 0 0 0 0 0 0 0 0 0 0 0.376836 0 0.376836 0.376836 -3.94644 0 0 0 0 0 0 0 1.21955 0 0 0 0 0 0 0 1.21955 0 0 0 0 0 0 0 0 
0 0 0 0 0 0 0 0 0.376836 0 0 0 0 0 0 0 0 0 0 0 0 0 0 0 0 0 0 0 0 0 0 0 0.376836 0 0 0 0 0 0 0 -3.19277 0.609775 0.609775 0 0.609775 0 0 0 0 0 0 0 0 0 0 0 0.609775 0 0 0 0 0 0 0 
0 0 0 0 0 0 0 0 0 0.376836 0 0 0 0 0 0 0 0 0 0 0 0 0 0 0 0 0 0 0 0 0 0 0 0.376836 0 0 0 0 0 0 0.376836 -3.8745 0 0.914663 0 0.914663 0 0 0 0 0 0 0 0 0 0 0 0.914663 0 0 0 0 0 0 
0 0 0 0 0 0 0 0 0 0 0.376836 0 0 0 0 0 0 0 0 0 0 0 0 0 0 0 0 0 0 0 0 0 0 0 0.376836 0 0 0 0 0 0.376836 0 -3.8745 0.914663 0 0 0.914663 0 0 0 0 0 0 0 0 0 0 0 0.914663 0 0 0 0 0 
0 0 0 0 0 0 0 0 0 0 0 0.376836 0 0 0 0 0 0 0 0 0 0 0 0 0 0 0 0 0 0 0 0 0 0 0 0.376836 0 0 0 0 0 0.376836 0.376836 -3.94644 0 0 0 1.21955 0 0 0 0 0 0 0 0 0 0 0 1.21955 0 0 0 0 
0 0 0 0 0 0 0 0 0 0 0 0 0.376836 0 0 0 0 0 0 0 0 0 0 0 0 0 0 0 0 0 0 0 0 0 0 0 0.376836 0 0 0 0.376836 0 0 0 -3.8745 0.914663 0.914663 0 0 0 0 0 0 0 0 0 0 0 0 0 0.914663 0 0 0 
0 0 0 0 0 0 0 0 0 0 0 0 0 0.376836 0 0 0 0 0 0 0 0 0 0 0 0 0 0 0 0 0 0 0 0 0 0 0 0.376836 0 0 0 0.376836 0 0 0.376836 -3.94644 0 1.21955 0 0 0 0 0 0 0 0 0 0 0 0 0 1.21955 0 0 
0 0 0 0 0 0 0 0 0 0 0 0 0 0 0.376836 0 0 0 0 0 0 0 0 0 0 0 0 0 0 0 0 0 0 0 0 0 0 0 0.376836 0 0 0 0.376836 0 0.376836 0 -3.94644 1.21955 0 0 0 0 0 0 0 0 0 0 0 0 0 0 1.21955 0 
0 0 0 0 0 0 0 0 0 0 0 0 0 0 0 0.376836 0 0 0 0 0 0 0 0 0 0 0 0 0 0 0 0 0 0 0 0 0 0 0 0.376836 0 0 0 0.376836 0 0.376836 0.376836 -3.40862 0 0 0 0 0 0 0 0 0 0 0 0 0 0 0 1.52444 
0 0 0 0 0 0 0 0 0 0 0 0 0 0 0 0 0.376836 0 0 0 0 0 0 0 0 0 0 0 0 0 0 0 0.376836 0 0 0 0 0 0 0 0 0 0 0 0 0 0 0 -3.19277 0.609775 0.609775 0 0.609775 0 0 0 0.609775 0 0 0 0 0 0 0 
0 0 0 0 0 0 0 0 0 0 0 0 0 0 0 0 0 0.376836 0 0 0 0 0 0 0 0 0 0 0 0 0 0 0 0.376836 0 0 0 0 0 0 0 0 0 0 0 0 0 0 0.376836 -3.8745 0 0.914663 0 0.914663 0 0 0 0.914663 0 0 0 0 0 0 
0 0 0 0 0 0 0 0 0 0 0 0 0 0 0 0 0 0 0.376836 0 0 0 0 0 0 0 0 0 0 0 0 0 0 0 0.376836 0 0 0 0 0 0 0 0 0 0 0 0 0 0.376836 0 -3.8745 0.914663 0 0 0.914663 0 0 0 0.914663 0 0 0 0 0 
0 0 0 0 0 0 0 0 0 0 0 0 0 0 0 0 0 0 0 0.376836 0 0 0 0 0 0 0 0 0 0 0 0 0 0 0 0.376836 0 0 0 0 0 0 0 0 0 0 0 0 0 0.376836 0.376836 -3.94644 0 0 0 1.21955 0 0 0 1.21955 0 0 0 0 
0 0 0 0 0 0 0 0 0 0 0 0 0 0 0 0 0 0 0 0 0.376836 0 0 0 0 0 0 0 0 0 0 0 0 0 0 0 0.376836 0 0 0 0 0 0 0 0 0 0 0 0.376836 0 0 0 -3.8745 0.914663 0.914663 0 0 0 0 0 0.914663 0 0 0 
0 0 0 0 0 0 0 0 0 0 0 0 0 0 0 0 0 0 0 0 0 0.376836 0 0 0 0 0 0 0 0 0 0 0 0 0 0 0 0.376836 0 0 0 0 0 0 0 0 0 0 0 0.376836 0 0 0.376836 -3.94644 0 1.21955 0 0 0 0 0 1.21955 0 0 
0 0 0 0 0 0 0 0 0 0 0 0 0 0 0 0 0 0 0 0 0 0 0.376836 0 0 0 0 0 0 0 0 0 0 0 0 0 0 0 0.376836 0 0 0 0 0 0 0 0 0 0 0 0.376836 0 0.376836 0 -3.94644 1.21955 0 0 0 0 0 0 1.21955 0 
0 0 0 0 0 0 0 0 0 0 0 0 0 0 0 0 0 0 0 0 0 0 0 0.376836 0 0 0 0 0 0 0 0 0 0 0 0 0 0 0 0.376836 0 0 0 0 0 0 0 0 0 0 0 0.376836 0 0.376836 0.376836 -3.40862 0 0 0 0 0 0 0 1.52444 
0 0 0 0 0 0 0 0 0 0 0 0 0 0 0 0 0 0 0 0 0 0 0 0 0.376836 0 0 0 0 0 0 0 0 0 0 0 0 0 0 0 0.376836 0 0 0 0 0 0 0 0.376836 0 0 0 0 0 0 0 -3.8745 0.914663 0.914663 0 0.914663 0 0 0 
0 0 0 0 0 0 0 0 0 0 0 0 0 0 0 0 0 0 0 0 0 0 0 0 0 0.376836 0 0 0 0 0 0 0 0 0 0 0 0 0 0 0 0.376836 0 0 0 0 0 0 0 0.376836 0 0 0 0 0 0 0.376836 -3.94644 0 1.21955 0 1.21955 0 0 
0 0 0 0 0 0 0 0 0 0 0 0 0 0 0 0 0 0 0 0 0 0 0 0 0 0 0.376836 0 0 0 0 0 0 0 0 0 0 0 0 0 0 0 0.376836 0 0 0 0 0 0 0 0.376836 0 0 0 0 0 0.376836 0 -3.94644 1.21955 0 0 1.21955 0 
0 0 0 0 0 0 0 0 0 0 0 0 0 0 0 0 0 0 0 0 0 0 0 0 0 0 0 0.376836 0 0 0 0 0 0 0 0 0 0 0 0 0 0 0 0.376836 0 0 0 0 0 0 0 0.376836 0 0 0 0 0 0.376836 0.376836 -3.40862 0 0 0 1.52444 
0 0 0 0 0 0 0 0 0 0 0 0 0 0 0 0 0 0 0 0 0 0 0 0 0 0 0 0 0.376836 0 0 0 0 0 0 0 0 0 0 0 0 0 0 0 0.376836 0 0 0 0 0 0 0 0.376836 0 0 0 0.376836 0 0 0 -3.94644 1.21955 1.21955 0 
0 0 0 0 0 0 0 0 0 0 0 0 0 0 0 0 0 0 0 0 0 0 0 0 0 0 0 0 0 0.376836 0 0 0 0 0 0 0 0 0 0 0 0 0 0 0 0.376836 0 0 0 0 0 0 0 0.376836 0 0 0 0.376836 0 0 0.376836 -3.40862 0 1.52444 
0 0 0 0 0 0 0 0 0 0 0 0 0 0 0 0 0 0 0 0 0 0 0 0 0 0 0 0 0 0 0.376836 0 0 0 0 0 0 0 0 0 0 0 0 0 0 0 0.376836 0 0 0 0 0 0 0 0.376836 0 0 0 0.376836 0 0.376836 0 -3.40862 1.52444 
0 0 0 0 0 0 0 0 0 0 0 0 0 0 0 0 0 0 0 0 0 0 0 0 0 0 0 0 0 0 0 0.376836 0 0 0 0 0 0 0 0 0 0 0 0 0 0 0 0.376836 0 0 0 0 0 0 0 0.376836 0 0 0 0.376836 0 0.376836 0.376836 -2.26102 
