64
-0 0 0 0 0 0 0 0 0 0 0 0 0 0 0 0 0 0 0 0 0 0 0 0 0 0 0 0 0 0 0 0 0 0 0 0 0 0 0 0 0 0 0 0 0 0 0 0 0 0 0 0 0 0 0 0 0 0 0 0 0 0 0 0 
0.353999 -1.87747 0 0.304694 0 0.304694 0 0 0 0.304694 0 0 0 0 0 0 0 0.304694 0 0 0 0 0 0 0 0 0 0 0 0 0 0 0 0.304694 0 0 0 0 0 0 0 0 0 0 0 0 0 0 0 0 0 0 0 0 0 0 0 0 0 0 0 0 0 0 
0.353999 0 -1.87747 0.304694 0 0 0.304694 0 0 0 0.304694 0 0 0 0 0 0 0 0.304694 0 0 0 0 0 0 0 0 0 0 0 0 0 0 0 0.304694 0 0 0 0 0 0 0 0 0 0 0 0 0 0 0 0 0 0 0 0 0 0 0 0 0 0 0 0 0 
0 0.353999 0.353999 -3.14555 0 0 0 0.609387 0 0 0 0.609387 0 0 0 0 0 0 0 0.609387 0 0 0 0 0 0 0 0 0 0 0 0 0 0 0 0.609387 0 0 0 0 0 0 0 0 0 0 0 0 0 0 0 0 0 0 0 0 0 0 0 0 0 0 0 0 
0.353999 0 0 0 -1.87747 0.304694 0.304694 0 0 0 0 0 0.304694 0 0 0 0 0 0 0 0.304694 0 0 0 0 0 0 0 0 0 0 0 0 0 0 0 0.304694 0 0 0 0 0 0 0 0 0 0 0 0 0 0 0 0 0 0 0 0 0 0 0 0 0 0 0 
0 0.353999 0 0 0.353999 -3.14555 0 0.609387 0 0 0 0 0 0.609387 0 0 0 0 0 0 0 0.609387 0 0 0 0 0 0 0 0 0 0 0 0 0 0 0 0.609387 0 0 0 0 0 0 0 0 0 0 0 0 0 0 0 0 0 0 0 0 0 0 0 0 0 0 
0 0 0.353999 0 0.353999 0 -3.14555 0.609387 0 0 0 0 0 0 0.609387 0 0 0 0 0 0 0 0.609387 0 0 0 0 0 0 0 0 0 0 0 0 0 0 0 0.609387 0 0 0 0 0 0 0 0 0 0 0 0 0 0 0 0 0 0 0 0 0 0 0 0 0 
0 0 0 0.353999 0 0.353999 0.353999 -3.80424 0 0 0 0 0 0 0 0.914081 0 0 0 0 0 0 0 0.914081 0 0 0 0 0 0 0 0 0 0 0 0 0 0 0 0.914081 0 0 0 0 0 0 0 0 0 0 0 0 0 0 0 0 0 0 0 0 0 0 0 0 
0.353999 0 0 0 0 0 0 0 -1.87747 0.304694 0.304694 0 0.304694 0 0 0 0 0 0 0 0 0 0 0 0.304694 0 0 0 0 0 0 0 0 0 0 0 0 0 0 0 0.304694 0 0 0 0 0 0 0 0 0 0 0 0 0 0 0 0 0 0 0 0 0 0 0 
0 0.353999 0 0 0 0 0 0 0.353999 -3.14555 0 0.609387 0 0.609387 0 0 0 0 0 0 0 0 0 0 0 0.609387 0 0 0 0 0 0 0 0 0 0 0 0 0 0 0 0.609387 0 0 0 0 0 0 0 0 0 0 0 0 0 0 0 0 0 0 0 0 0 0 
0 0 0.353999 0 0 0 0 0 0.353999 0 -3.14555 0.609387 0 0 0.609387 0 0 0 0 0 0 0 0 0 0 0 0.609387 0 0 0 0 0 0 0 0 0 0 0 0 0 0 0 0.609387 0 0 0 0 0 0 0 0 0 0 0 0 0 0 0 0 0 0 0 0 0 
0 0 0 0.353999 0 0 0 0 0 0.353999 0.353999 -3.80424 0 0 0 0.914081 0 0 0 0 0 0 0 0 0 0 0 0.914081 0 0 0 0 0 0 0 0 0 0 0 0 0 0 0 0.914081 0 0 0 0 0 0 0 0 0 0 0 0 0 0 0 0 0 0 0 0 
0 0 0 0 0.353999 0 0 0 0.353999 0 0 0 -3.14555 0.609387 0.609387 0 0 0 0 0 0 0 0 0 0 0 0 0 0.609387 0 0 0 0 0 0 0 0 0 0 0 0 0 0 0 0.609387 0 0 0 0 0 0 0 0 0 0 0 0 0 0 0 0 0 0 0 
0 0 0 0 0 0.353999 0 0 0 0.353999 0 0 0.353999 -3.80424 0 0.914081 0 0 0 0 0 0 0 0 0 0 0 0 0 0.914081 0 0 0 0 0 0 0 0 0 0 0 0 0 0 0 0.914081 0 0 0 0 0 0 0 0 0 0 0 0 0 0 0 0 0 0 
0 0 0 0 0 0 0.353999 0 0 0 0.353999 0 0.353999 0 -3.80424 0.914081 0 0 0 0 0 0 0 0 0 0 0 0 0 0 0.914081 0 0 0 0 0 0 0 0 0 0 0 0 0 0 0 0.914081 0 0 0 0 0 0 0 0 0 0 0 0 0 0 0 0 0 
0 0 0 0 0 0 0 0.353999 0 0 0 0.353999 0 0.353999 0.353999 -3.85354 0 0 0 0 0 0 0 0 0 0 0 0 0 0 0 1.21877 0 0 0 0 0 0 0 0 0 0 0 0 0 0 0 1.21877 0 0 0 0 0 0 0 0 0 0 0 0 0 0 0 0 
0.353999 0 0 0 0 0 0 0 0 0 0 0 0 0 0 0 -1.87747 0.304694 0.304694 0 0.304694 0 0 0 0.304694 0 0 0 0 0 0 0 0 0 0 0 0 0 0 0 0 0 0 0 0 0 0 0 0.304694 0 0 0 0 0 0 0 0 0 0 0 0 0 0 0 
0 0.353999 0 0 0 0 0 0 0 0 0 0 0 0 0 0 0.353999 -3.14555 0 0.609387 0 0.609387 0 0 0 0.609387 0 0 0 0 0 0 0 0 0 0 0 0 0 0 0 0 0 0 0 0 0 0 0 0.609387 0 0 0 0 0 0 0 0 0 0 0 0 0 0 
0 0 0.353999 0 0 0 0 0 0 0 0 0 0 0 0 0 0.353999 0 -3.14555 0.609387 0 0 0.609387 0 0 0 0.609387 0 0 0 0 0 0 0 0 0 0 0 0 0 0 0 0 0 0 0 0 0 0 0 0.609387 0 0 0 0 0 0 0 0 0 0 0 0 0 
0 0 0 0.353999 0 0 0 0 0 0 0 0 0 0 0 0 0 0.353999 0.353999 -3.80424 0 0 0 0.914081 0 0 0 0.914081 0 0 0 0 0 0 0 0 0 0 0 0 0 0 0 0 0 0 0 0 0 0 0 0.914081 0 0 0 0 0 0 0 0 0 0 0 0 
0 0 0 0 0.353999 0 0 0 0 0 0 0 0 0 0 0 0.353999 0 0 0 -3.14555 0.609387 0.609387 0 0 0 0 0 0.609387 0 0 0 0 0 0 0 0 0 0 0 0 0 0 0 0 0 0 0 0 0 0 0 0.609387 0 0 0 0 0 0 0 0 0 0 0 
0 0 0 0 0 0.353999 0 0 0 0 0 0 0 0 0 0 0 0.353999 0 0 0.353999 -3.80424 0 0.914081 0 0 0 0 0 0.914081 0 0 0 0 0 0 0 0 0 0 0 0 0 0 0 0 0 0 0 0 0 0 0 0.914081 0 0 0 0 0 0 0 0 0 0 
0 0 0 0 0 0 0.353999 0 0 0 0 0 0 0 0 0 0 0 0.353999 0 0.353999 0 -3.80424 0.914081 0 0 0 0 0 0 0.914081 0 0 0 0 0 0 0 0 0 0 0 0 0 0 0 0 0 0 0 0 0 0 0 0.914081 0 0 0 0 0 0 0 0 0 
0 0 0 0 0 0 0 0.353999 0 0 0 0 0 0 0 0 0 0 0 0.353999 0 0.353999 0.353999 -3.85354 0 0 0 0 0 0 0 1.21877 0 0 0 0 0 0 0 0 0 0 0 0 0 0 0 0 0 0 0 0 0 0 0 1.21877 0 0 0 0 0 0 0 0 
0 0 0 0 0 0 0 0 0.353999 0 0 0 0 0 0 0 0.353999 0 0 0 0 0 0 0 -3.14555 0.609387 0.609387 0 0.609387 0 0 0 0 0 0 0 0 0 0 0 0 0 0 0 0 0 0 0 0 0 0 0 0 0 0 0 0.609387 0 0 0 0 0 0 0 
0 0 0 0 0 0 0 0 0 0.353999 0 0 0 0 0 0 0 0.353999 0 0 0 0 0 0 0.353999 -3.80424 0 0.914081 0 0.914081 0 0 0 0 0 0 0 0 0 0 0 0 0 0 0 0 0 0 0 0 0 0 0 0 0 0 0 0.914081 0 0 0 0 0 0 
0 0 0 0 0 0 0 0 0 0 0.353999 0 0 0 0 0 0 0 0.353999 0 0 0 0 0 0.353999 0 -3.80424 0.914081 0 0 0.914081 0 0 0 0 0 0 0 0 0 0 0 0 0 0 0 0 0 0 0 0 0 0 0 0 0 0 0 0.914081 0 0 0 0 0 
0 0 0 0 0 0 0 0 0 0 0 0.353999 0 0 0 0 0 0 0 0.353999 0 0 0 0 0 0.353999 0.353999 -3.85354 0 0 0 1.21877 0 0 0 0 0 0 0 0 0 0 0 0 0 0 0 0 0 0 0 0 0 0 0 0 0 0 0 1.21877 0 0 0 0 
0 0 0 0 0 0 0 0 0 0 0 0 0.353999 0 0 0 0 0 0 0 0.353999 0 0 0 0.353999 0 0 0 -3.80424 0.914081 0.914081 0 0 0 0 0 0 0 0 0 0 0 0 0 0 0 0 0 0 0 0 0 0 0 0 0 0 0 0 0 0.914081 0 0 0 
0 0 0 0 0 0 0 0 0 0 0 0 0 0.353999 0 0 0 0 0 0 0 0.353999 0 0 0 0.353999 0 0 0.353999 -3.85354 0 1.21877 0 0 0 0 0 0 0 0 0 0 0 0 0 0 0 0 0 0 0 0 0 0 0 0 0 0 0 0 0 1.21877 0 0 
0 0 0 0 0 0 0 0 0 0 0 0 0 0 0.353999 0 0 0 0 0 0 0 0.353999 0 0 0 0.353999 0 0.353999 0 -3.85354 1.21877 0 0 0 0 0 0 0 0 0 0 0 0 0 0 0 0 0 0 0 0 0 0 0 0 0 0 0 0 0 0 1.21877 0 
0 0 0 0 0 0 0 0 0 0 0 0 0 0 0 0.353999 0 0 0 0 0 0 0 0.353999 0 0 0 0.353999 0 0.353999 0.353999 -3.29346 0 0 0 0 0 0 0 0 0 0 0 0 0 0 0 0 0 0 0 0 0 0 0 0 0 0 0 0 0 0 0 1.52347 
0.353999 0 0 0 0 0 0 0 0 0 0 0 0 0 0 0 0 0 0 0 0 0 0 0 0 0 0 0 0 0 0 0 -1.87747 0.304694 0.304694 0 0.304694 0 0 0 0.304694 0 0 0 0 0 0 0 0.304694 0 0 0 0 0 0 0 0 0 0 0 0 0 0 0 
0 0.353999 0 0 0 0 0 0 0 0 0 0 0 0 0 0 0 0 0 0 0 0 0 0 0 0 0 0 0 0 0 0 0.353999 -3.14555 0 0.609387 0 0.609387 0 0 0 0.609387 0 0 0 0 0 0 0 0.609387 0 0 0 0 0 0 0 0 0 0 0 0 0 0 
0 0 0.353999 0 0 0 0 0 0 0 0 0 0 0 0 0 0 0 0 0 0 0 0 0 0 0 0 0 0 0 0 0 0.353999 0 -3.14555 0.609387 0 0 0.609387 0 0 0 0.609387 0 0 0 0 0 0 0 0.609387 0 0 0 0 0 0 0 0 0 0 0 0 0 
0 0 0 0.353999 0 0 0 0 0 0 0 0 0 0 0 0 0 0 0 0 0 0 0 0 0 0 0 0 0 0 0 0 0 0.353999 0.353999 -3.80424 0 0 0 0.914081 0 0 0 0.914081 0 0 0 0 0 0 0 0.914081 0 0 0 0 0 0 0 0 0 0 0 0 
0 0 0 0 0.353999 0 0 0 0 0 0 0 0 0 0 0 0 0 0 0 0 0 0 0 0 0 0 0 0 0 0 0 0.353999 0 0 0 -3.14555 0.609387 0.609387 0 0 0 0 0 0.609387 0 0 0 0 0 0 0 0.609387 0 0 0 0 0 0 0 0 0 0 0 
0 0 0 0 0 0.353999 0 0 0 0 0 0 0 0 0 0 0 0 0 0 0 0 0 0 0 0 0 0 0 0 0 0 0 0.353999 0 0 0.353999 -3.80424 0 0.914081 0 0 0 0 0 0.914081 0 0 0 0 0 0 0 0.914081 0 0 0 0 0 0 0 0 0 0 
0 0 0 0 0 0 0.353999 0 0 0 0 0 0 0 0 0 0 0 0 0 0 0 0 0 0 0 0 0 0 0 0 0 0 0 0.353999 0 0.353999 0 -3.80424 0.914081 0 0 0 0 0 0 0.914081 0 0 0 0 0 0 0 0.914081 0 0 0 0 0 0 0 0 0 
0 0 0 0 0 0 0 0.353999 0 0 0 0 0 0 0 0 0 0 0 0 0 0 0 0 0 0 0 0 0 0 0 0 0 0 0 0.353999 0 0.353999 0.353999 -3.85354 0 0 0 0 0 0 0 1.21877 0 0 0 0 0 0 0 1.21877 0 0 0 0 0 0 0 0 
0 0 0 0 0 0 0 0 0.353999 0 0 0 0 0 0 0 0 0 0 0 0 0 0 0 0 0 0 0 0 0 0 0 0.353999 0 0 0 0 0 0 0 -3.14555 0.609387 0.609387 0 0.609387 0 0 0 0 0 0 0 0 0 0 0 0.609387 0 0 0 0 0 0 0 
0 0 0 0 0 0 0 0 0 0.353999 0 0 0 0 0 0 0 0 0 0 0 0 0 0 0 0 0 0 0 0 0 0 0 0.353999 0 0 0 0 0 0 0.353999 -3.80424 0 0.914081 0 0.914081 0 0 0 0 0 0 0 0 0 0 0 0.914081 0 0 0 0 0 0 
0 0 0 0 0 0 0 0 0 0 0.353999 0 0 0 0 0 0 0 0 0 0 0 0 0 0 0 0 0 0 0 0 0 0 0 0.353999 0 0 0 0 0 0.353999 0 -3.80424 0.914081 0 0 0.914081 0 0 0 0 0 0 0 0 0 0 0 0.914081 0 0 0 0 0 
0 0 0 0 0 0 0 0 0 0 0 0.353999 0 0 0 0 0 0 0 0 0 0 0 0 0 0 0 0 0 0 0 0 0 0 0 0.353999 0 0 0 0 0 0.353999 0.353999 -3.85354 0 0 0 1.21877 0 0 0 0 0 0 0 0 0 0 0 1.21877 0 0 0 0 
0 0 0 0 0 0 0 0 0 0 0 0 0.353999 0 0 0 0 0 0 0 0 0 0 0 0 0 0 0 0 0 0 0 0 0 0 0 0.353999 0 0 0 0.353999 0 0 0 -3.80424 0.914081 0.914081 0 0 0 0 0 0 0 0 0 0 0 0 0 0.914081 0 0 0 
0 0 0 0 0 0 0 0 0 0 0 0 0 0.353999 0 0 0 0 0 0 0 0 0 0 0 0 0 0 0 0 0 0 0 0 0 0 0 0.353999 0 0 0 0.353999 0 0 0.353999 -3.85354 0 1.21877 0 0 0 0 0 0 0 0 0 0 0 0 0 1.21877 0 0 
0 0 0 0 0 0 0 0 0 0 0 0 0 0 0.353999 0 0 0 0 0 0 0 0 0 0 0 0 0 0 0 0 0 0 0 0 0 0 0 0.353999 0 0 0 0.353999 0 0.353999 0 -3.85354 1.21877 0 0 0 0 0 0 0 0 0 0 0 0 0 0 1.21877 0 
0 0 0 0 0 0 0 0 0 0 0 0 0 0 0 0.353999 0 0 0 0 0 0 0 0 0 0 0 0 0 0 0 0 0 0 0 0 0 0 0 0.353999 0 0 0 0.353999 0 0.353999 0.353999 -3.29346 0 0 0 0 0 0 0 0 0 0 0 0 0 0 0 1.52347 
0 0 0 0 0 0 0 0 0 0 0 0 0 0 0 0 0.353999 0 0 0 0 0 0 0 0 0 0 0 0 0 0 0 0.353999 0 0 0 0 0 0 0 0 0 0 0 0 0 0 0 -3.14555 0.609387 0.609387 0 0.609387 0 0 0 0.609387 0 0 0 0 0 0 0 
0 0 0 0 0 0 0 0 0 0 0 0 0 0 0 0 0 0.353999 0 0 0 0 0 0 0 0 0 0 0 0 0 0 0 0.353999 0 0 0 0 0 0 0 0 0 0 0 0 0 0 0.353999 -3.80424 0 0.914081 0 0.914081 0 0 0 0.914081 0 0 0 0 0 0 
0 0 0 0 0 0 0 0 0 0 0 0 0 0 0 0 0 0 0.353999 0 0 0 0 0 0 0 0 0 0 0 0 0 0 0 0.353999 0 0 0 0 0 0 0 0 0 0 0 0 0 0.353999 0 -3.80424 0.914081 0 0 0.914081 0 0 0 0.914081 0 0 0 0 0 
0 0 0 0 0 0 0 0 0 0 0 0 0 0 0 0 0 0 0 0.353999 0 0 0 0 0 0 0 0 0 0 0 0 0 0 0 0.353999 0 0 0 0 0 0 0 0 0 0 0 0 0 0.353999 0.353999 -3.85354 0 0 0 1.21877 0 0 0 1.21877 0 0 0 0 
0 0 0 0 0 0 0 0 0 0 0 0 0 0 0 0 0 0 0 0 0.353999 0 0 0 0 0 0 0 0 0 0 0 0 0 0 0 0.353999 0 0 0 0 0 0 0 0 0 0 0 0.353999 0 0 0 -3.80424 0.914081 0.914081 0 0 0 0 0 0.914081 0 0 0 
0 0 0 0 0 0 0 0 0 0 0 0 0 0 0 0 0 0 0 0 0 0.353999 0 0 0 0 0 0 0 0 0 0 0 0 0 0 0 0.353999 0 0 0 0 0 0 0 0 0 0 0 0.353999 0 0 0.353999 -3.85354 0 1.21877 0 0 0 0 0 1.21877 0 0 
0 0 0 0 0 0 0 0 0 0 0 0 0 0 0 0 0 0 0 0 0 0 0.353999 0 0 0 0 0 0 0 0 0 0 0 0 0 0 0 0.353999 0 0 0 0 0 0 0 0 0 0 0 0.353999 0 0.353999 0 -3.85354 1.21877 0 0 0 0 0 0 1.21877 0 
0 0 0 0 0 0 0 0 0 0 0 0 0 0 0 0 0 0 0 0 0 0 0 0.353999 0 0 0 0 0 0 0 0 0 0 0 0 0 0 0 0.353999 0 0 0 0 0 0 0 0 0 0 0 0.353999 0 0.353999 0.353999 -3.29346 0 0 0 0 0 0 0 1.52347 
0 0 0 0 0 0 0 0 0 0 0 0 0 0 0 0 0 0 0 0 0 0 0 0 0.353999 0 0 0 0 0 0 0 0 0 0 0 0 0 0 0 0.353999 0 0 0 0 0 0 0 0.353999 0 0 0 0 0 0 0 -3.80424 0.914081 0.914081 0 0.914081 0 0 0 
0 0 0 0 0 0 0 0 0 0 0 0 0 0 0 0 0 0 0 0 0 0 0 0 0 0.353999 0 0 0 0 0 0 0 0 0 0 0 0 0 0 0 0.353999 0 0 0 0 0 0 0 0.353999 0 0 0 0 0 0 0.353999 -3.85354 0 1.21877 0 1.21877 0 0 
0 0 0 0 0 0 0 0 0 0 0 0 0 0 0 0 0 0 0 0 0 0 0 0 0 0 0.353999 0 0 0 0 0 0 0 0 0 0 0 0 0 0 0 0.353999 0 0 0 0 0 0 0 0.353999 0 0 0 0 0 0.353999 0 -3.85354 1.21877 0 0 1.21877 0 
0 0 0 0 0 0 0 0 0 0 0 0 0 0 0 0 0 0 0 0 0 0 0 0 0 0 0 0.353999 0 0 0 0 0 0 0 0 0 0 0 0 0 0 0 0.353999 0 0 0 0 0 0 0 0.353999 0 0 0 0 0 0.353999 0.353999 -3.29346 0 0 0 1.52347 
0 0 0 0 0 0 0 0 0 0 0 0 0 0 0 0 0 0 0 0 0 0 0 0 0 0 0 0 0.353999 0 0 0 0 0 0 0 0 0 0 0 0 0 0 0 0.353999 0 0 0 0 0 0 0 0.353999 0 0 0 0.353999 0 0 0 -3.85354 1.21877 1.21877 0 
0 0 0 0 0 0 0 0 0 0 0 0 0 0 0 0 0 0 0 0 0 0 0 0 0 0 0 0 0 0.353999 0 0 0 0 0 0 0 0 0 0 0 0 0 0 0 0.353999 0 0 0 0 0 0 0 0.353999 0 0 0 0.353999 0 0 0.353999 -3.29346 0 1.52347 
0 0 0 0 0 0 0 0 0 0 0 0 0 0 0 0 0 0 0 0 0 0 0 0 0 0 0 0 0 0 0.353999 0 0 0 0 0 0 0 0 0 0 0 0 0 0 0 0.353999 0 0 0 0 0 0 0 0.353999 0 0 0 0.353999 0 0.353999 0 -3.29346 1.52347 
0 0 0 0 0 0 0 0 0 0 0 0 0 0 0 0 0 0 0 0 0 0 0 0 0 0 0 0 0 0 0 0.353999 0 0 0 0 0 0 0 0 0 0 0 0 0 0 0 0.353999 0 0 0 0 0 0 0 0.353999 0 0 0 0.353999 0 0.353999 0.353999 -2.12399 
