64
-0 0 0 0 0 0 0 0 0 0 0 0 0 0 0 0 0 0 0 0 0 0 0 0 0 0 0 0 0 0 0 0 0 0 0 0 0 0 0 0 0 0 0 0 0 0 0 0 0 0 0 0 0 0 0 0 0 0 0 0 0 0 0 0 
0.789736 -3.64263 0 0.570579 0 0.570579 0 0 0 0.570579 0 0 0 0 0 0 0 0.570579 0 0 0 0 0 0 0 0 0 0 0 0 0 0 0 0.570579 0 0 0 0 0 0 0 0 0 0 0 0 0 0 0 0 0 0 0 0 0 0 0 0 0 0 0 0 0 0 
0.789736 0 -3.64263 0.570579 0 0 0.570579 0 0 0 0.570579 0 0 0 0 0 0 0 0.570579 0 0 0 0 0 0 0 0 0 0 0 0 0 0 0 0.570579 0 0 0 0 0 0 0 0 0 0 0 0 0 0 0 0 0 0 0 0 0 0 0 0 0 0 0 0 0 
0 0.789736 0.789736 -6.1441 0 0 0 1.14116 0 0 0 1.14116 0 0 0 0 0 0 0 1.14116 0 0 0 0 0 0 0 0 0 0 0 0 0 0 0 1.14116 0 0 0 0 0 0 0 0 0 0 0 0 0 0 0 0 0 0 0 0 0 0 0 0 0 0 0 0 
0.789736 0 0 0 -3.64263 0.570579 0.570579 0 0 0 0 0 0.570579 0 0 0 0 0 0 0 0.570579 0 0 0 0 0 0 0 0 0 0 0 0 0 0 0 0.570579 0 0 0 0 0 0 0 0 0 0 0 0 0 0 0 0 0 0 0 0 0 0 0 0 0 0 0 
0 0.789736 0 0 0.789736 -6.1441 0 1.14116 0 0 0 0 0 1.14116 0 0 0 0 0 0 0 1.14116 0 0 0 0 0 0 0 0 0 0 0 0 0 0 0 1.14116 0 0 0 0 0 0 0 0 0 0 0 0 0 0 0 0 0 0 0 0 0 0 0 0 0 0 
0 0 0.789736 0 0.789736 0 -6.1441 1.14116 0 0 0 0 0 0 1.14116 0 0 0 0 0 0 0 1.14116 0 0 0 0 0 0 0 0 0 0 0 0 0 0 0 1.14116 0 0 0 0 0 0 0 0 0 0 0 0 0 0 0 0 0 0 0 0 0 0 0 0 0 
0 0 0 0.789736 0 0.789736 0.789736 -7.50442 0 0 0 0 0 0 0 1.71174 0 0 0 0 0 0 0 1.71174 0 0 0 0 0 0 0 0 0 0 0 0 0 0 0 1.71174 0 0 0 0 0 0 0 0 0 0 0 0 0 0 0 0 0 0 0 0 0 0 0 0 
0.789736 0 0 0 0 0 0 0 -3.64263 0.570579 0.570579 0 0.570579 0 0 0 0 0 0 0 0 0 0 0 0.570579 0 0 0 0 0 0 0 0 0 0 0 0 0 0 0 0.570579 0 0 0 0 0 0 0 0 0 0 0 0 0 0 0 0 0 0 0 0 0 0 0 
0 0.789736 0 0 0 0 0 0 0.789736 -6.1441 0 1.14116 0 1.14116 0 0 0 0 0 0 0 0 0 0 0 1.14116 0 0 0 0 0 0 0 0 0 0 0 0 0 0 0 1.14116 0 0 0 0 0 0 0 0 0 0 0 0 0 0 0 0 0 0 0 0 0 0 
0 0 0.789736 0 0 0 0 0 0.789736 0 -6.1441 1.14116 0 0 1.14116 0 0 0 0 0 0 0 0 0 0 0 1.14116 0 0 0 0 0 0 0 0 0 0 0 0 0 0 0 1.14116 0 0 0 0 0 0 0 0 0 0 0 0 0 0 0 0 0 0 0 0 0 
0 0 0 0.789736 0 0 0 0 0 0.789736 0.789736 -7.50442 0 0 0 1.71174 0 0 0 0 0 0 0 0 0 0 0 1.71174 0 0 0 0 0 0 0 0 0 0 0 0 0 0 0 1.71174 0 0 0 0 0 0 0 0 0 0 0 0 0 0 0 0 0 0 0 0 
0 0 0 0 0.789736 0 0 0 0.789736 0 0 0 -6.1441 1.14116 1.14116 0 0 0 0 0 0 0 0 0 0 0 0 0 1.14116 0 0 0 0 0 0 0 0 0 0 0 0 0 0 0 1.14116 0 0 0 0 0 0 0 0 0 0 0 0 0 0 0 0 0 0 0 
0 0 0 0 0 0.789736 0 0 0 0.789736 0 0 0.789736 -7.50442 0 1.71174 0 0 0 0 0 0 0 0 0 0 0 0 0 1.71174 0 0 0 0 0 0 0 0 0 0 0 0 0 0 0 1.71174 0 0 0 0 0 0 0 0 0 0 0 0 0 0 0 0 0 0 
0 0 0 0 0 0 0.789736 0 0 0 0.789736 0 0.789736 0 -7.50442 1.71174 0 0 0 0 0 0 0 0 0 0 0 0 0 0 1.71174 0 0 0 0 0 0 0 0 0 0 0 0 0 0 0 1.71174 0 0 0 0 0 0 0 0 0 0 0 0 0 0 0 0 0 
0 0 0 0 0 0 0 0.789736 0 0 0 0.789736 0 0.789736 0.789736 -7.72357 0 0 0 0 0 0 0 0 0 0 0 0 0 0 0 2.28231 0 0 0 0 0 0 0 0 0 0 0 0 0 0 0 2.28231 0 0 0 0 0 0 0 0 0 0 0 0 0 0 0 0 
0.789736 0 0 0 0 0 0 0 0 0 0 0 0 0 0 0 -3.64263 0.570579 0.570579 0 0.570579 0 0 0 0.570579 0 0 0 0 0 0 0 0 0 0 0 0 0 0 0 0 0 0 0 0 0 0 0 0.570579 0 0 0 0 0 0 0 0 0 0 0 0 0 0 0 
0 0.789736 0 0 0 0 0 0 0 0 0 0 0 0 0 0 0.789736 -6.1441 0 1.14116 0 1.14116 0 0 0 1.14116 0 0 0 0 0 0 0 0 0 0 0 0 0 0 0 0 0 0 0 0 0 0 0 1.14116 0 0 0 0 0 0 0 0 0 0 0 0 0 0 
0 0 0.789736 0 0 0 0 0 0 0 0 0 0 0 0 0 0.789736 0 -6.1441 1.14116 0 0 1.14116 0 0 0 1.14116 0 0 0 0 0 0 0 0 0 0 0 0 0 0 0 0 0 0 0 0 0 0 0 1.14116 0 0 0 0 0 0 0 0 0 0 0 0 0 
0 0 0 0.789736 0 0 0 0 0 0 0 0 0 0 0 0 0 0.789736 0.789736 -7.50442 0 0 0 1.71174 0 0 0 1.71174 0 0 0 0 0 0 0 0 0 0 0 0 0 0 0 0 0 0 0 0 0 0 0 1.71174 0 0 0 0 0 0 0 0 0 0 0 0 
0 0 0 0 0.789736 0 0 0 0 0 0 0 0 0 0 0 0.789736 0 0 0 -6.1441 1.14116 1.14116 0 0 0 0 0 1.14116 0 0 0 0 0 0 0 0 0 0 0 0 0 0 0 0 0 0 0 0 0 0 0 1.14116 0 0 0 0 0 0 0 0 0 0 0 
0 0 0 0 0 0.789736 0 0 0 0 0 0 0 0 0 0 0 0.789736 0 0 0.789736 -7.50442 0 1.71174 0 0 0 0 0 1.71174 0 0 0 0 0 0 0 0 0 0 0 0 0 0 0 0 0 0 0 0 0 0 0 1.71174 0 0 0 0 0 0 0 0 0 0 
0 0 0 0 0 0 0.789736 0 0 0 0 0 0 0 0 0 0 0 0.789736 0 0.789736 0 -7.50442 1.71174 0 0 0 0 0 0 1.71174 0 0 0 0 0 0 0 0 0 0 0 0 0 0 0 0 0 0 0 0 0 0 0 1.71174 0 0 0 0 0 0 0 0 0 
0 0 0 0 0 0 0 0.789736 0 0 0 0 0 0 0 0 0 0 0 0.789736 0 0.789736 0.789736 -7.72357 0 0 0 0 0 0 0 2.28231 0 0 0 0 0 0 0 0 0 0 0 0 0 0 0 0 0 0 0 0 0 0 0 2.28231 0 0 0 0 0 0 0 0 
0 0 0 0 0 0 0 0 0.789736 0 0 0 0 0 0 0 0.789736 0 0 0 0 0 0 0 -6.1441 1.14116 1.14116 0 1.14116 0 0 0 0 0 0 0 0 0 0 0 0 0 0 0 0 0 0 0 0 0 0 0 0 0 0 0 1.14116 0 0 0 0 0 0 0 
0 0 0 0 0 0 0 0 0 0.789736 0 0 0 0 0 0 0 0.789736 0 0 0 0 0 0 0.789736 -7.50442 0 1.71174 0 1.71174 0 0 0 0 0 0 0 0 0 0 0 0 0 0 0 0 0 0 0 0 0 0 0 0 0 0 0 1.71174 0 0 0 0 0 0 
0 0 0 0 0 0 0 0 0 0 0.789736 0 0 0 0 0 0 0 0.789736 0 0 0 0 0 0.789736 0 -7.50442 1.71174 0 0 1.71174 0 0 0 0 0 0 0 0 0 0 0 0 0 0 0 0 0 0 0 0 0 0 0 0 0 0 0 1.71174 0 0 0 0 0 
0 0 0 0 0 0 0 0 0 0 0 0.789736 0 0 0 0 0 0 0 0.789736 0 0 0 0 0 0.789736 0.789736 -7.72357 0 0 0 2.28231 0 0 0 0 0 0 0 0 0 0 0 0 0 0 0 0 0 0 0 0 0 0 0 0 0 0 0 2.28231 0 0 0 0 
0 0 0 0 0 0 0 0 0 0 0 0 0.789736 0 0 0 0 0 0 0 0.789736 0 0 0 0.789736 0 0 0 -7.50442 1.71174 1.71174 0 0 0 0 0 0 0 0 0 0 0 0 0 0 0 0 0 0 0 0 0 0 0 0 0 0 0 0 0 1.71174 0 0 0 
0 0 0 0 0 0 0 0 0 0 0 0 0 0.789736 0 0 0 0 0 0 0 0.789736 0 0 0 0.789736 0 0 0.789736 -7.72357 0 2.28231 0 0 0 0 0 0 0 0 0 0 0 0 0 0 0 0 0 0 0 0 0 0 0 0 0 0 0 0 0 2.28231 0 0 
0 0 0 0 0 0 0 0 0 0 0 0 0 0 0.789736 0 0 0 0 0 0 0 0.789736 0 0 0 0.789736 0 0.789736 0 -7.72357 2.28231 0 0 0 0 0 0 0 0 0 0 0 0 0 0 0 0 0 0 0 0 0 0 0 0 0 0 0 0 0 0 2.28231 0 
0 0 0 0 0 0 0 0 0 0 0 0 0 0 0 0.789736 0 0 0 0 0 0 0 0.789736 0 0 0 0.789736 0 0.789736 0.789736 -6.80157 0 0 0 0 0 0 0 0 0 0 0 0 0 0 0 0 0 0 0 0 0 0 0 0 0 0 0 0 0 0 0 2.85289 
0.789736 0 0 0 0 0 0 0 0 0 0 0 0 0 0 0 0 0 0 0 0 0 0 0 0 0 0 0 0 0 0 0 -3.64263 0.570579 0.570579 0 0.570579 0 0 0 0.570579 0 0 0 0 0 0 0 0.570579 0 0 0 0 0 0 0 0 0 0 0 0 0 0 0 
0 0.789736 0 0 0 0 0 0 0 0 0 0 0 0 0 0 0 0 0 0 0 0 0 0 0 0 0 0 0 0 0 0 0.789736 -6.1441 0 1.14116 0 1.14116 0 0 0 1.14116 0 0 0 0 0 0 0 1.14116 0 0 0 0 0 0 0 0 0 0 0 0 0 0 
0 0 0.789736 0 0 0 0 0 0 0 0 0 0 0 0 0 0 0 0 0 0 0 0 0 0 0 0 0 0 0 0 0 0.789736 0 -6.1441 1.14116 0 0 1.14116 0 0 0 1.14116 0 0 0 0 0 0 0 1.14116 0 0 0 0 0 0 0 0 0 0 0 0 0 
0 0 0 0.789736 0 0 0 0 0 0 0 0 0 0 0 0 0 0 0 0 0 0 0 0 0 0 0 0 0 0 0 0 0 0.789736 0.789736 -7.50442 0 0 0 1.71174 0 0 0 1.71174 0 0 0 0 0 0 0 1.71174 0 0 0 0 0 0 0 0 0 0 0 0 
0 0 0 0 0.789736 0 0 0 0 0 0 0 0 0 0 0 0 0 0 0 0 0 0 0 0 0 0 0 0 0 0 0 0.789736 0 0 0 -6.1441 1.14116 1.14116 0 0 0 0 0 1.14116 0 0 0 0 0 0 0 1.14116 0 0 0 0 0 0 0 0 0 0 0 
0 0 0 0 0 0.789736 0 0 0 0 0 0 0 0 0 0 0 0 0 0 0 0 0 0 0 0 0 0 0 0 0 0 0 0.789736 0 0 0.789736 -7.50442 0 1.71174 0 0 0 0 0 1.71174 0 0 0 0 0 0 0 1.71174 0 0 0 0 0 0 0 0 0 0 
0 0 0 0 0 0 0.789736 0 0 0 0 0 0 0 0 0 0 0 0 0 0 0 0 0 0 0 0 0 0 0 0 0 0 0 0.789736 0 0.789736 0 -7.50442 1.71174 0 0 0 0 0 0 1.71174 0 0 0 0 0 0 0 1.71174 0 0 0 0 0 0 0 0 0 
0 0 0 0 0 0 0 0.789736 0 0 0 0 0 0 0 0 0 0 0 0 0 0 0 0 0 0 0 0 0 0 0 0 0 0 0 0.789736 0 0.789736 0.789736 -7.72357 0 0 0 0 0 0 0 2.28231 0 0 0 0 0 0 0 2.28231 0 0 0 0 0 0 0 0 
0 0 0 0 0 0 0 0 0.789736 0 0 0 0 0 0 0 0 0 0 0 0 0 0 0 0 0 0 0 0 0 0 0 0.789736 0 0 0 0 0 0 0 -6.1441 1.14116 1.14116 0 1.14116 0 0 0 0 0 0 0 0 0 0 0 1.14116 0 0 0 0 0 0 0 
0 0 0 0 0 0 0 0 0 0.789736 0 0 0 0 0 0 0 0 0 0 0 0 0 0 0 0 0 0 0 0 0 0 0 0.789736 0 0 0 0 0 0 0.789736 -7.50442 0 1.71174 0 1.71174 0 0 0 0 0 0 0 0 0 0 0 1.71174 0 0 0 0 0 0 
0 0 0 0 0 0 0 0 0 0 0.789736 0 0 0 0 0 0 0 0 0 0 0 0 0 0 0 0 0 0 0 0 0 0 0 0.789736 0 0 0 0 0 0.789736 0 -7.50442 1.71174 0 0 1.71174 0 0 0 0 0 0 0 0 0 0 0 1.71174 0 0 0 0 0 
0 0 0 0 0 0 0 0 0 0 0 0.789736 0 0 0 0 0 0 0 0 0 0 0 0 0 0 0 0 0 0 0 0 0 0 0 0.789736 0 0 0 0 0 0.789736 0.789736 -7.72357 0 0 0 2.28231 0 0 0 0 0 0 0 0 0 0 0 2.28231 0 0 0 0 
0 0 0 0 0 0 0 0 0 0 0 0 0.789736 0 0 0 0 0 0 0 0 0 0 0 0 0 0 0 0 0 0 0 0 0 0 0 0.789736 0 0 0 0.789736 0 0 0 -7.50442 1.71174 1.71174 0 0 0 0 0 0 0 0 0 0 0 0 0 1.71174 0 0 0 
0 0 0 0 0 0 0 0 0 0 0 0 0 0.789736 0 0 0 0 0 0 0 0 0 0 0 0 0 0 0 0 0 0 0 0 0 0 0 0.789736 0 0 0 0.789736 0 0 0.789736 -7.72357 0 2.28231 0 0 0 0 0 0 0 0 0 0 0 0 0 2.28231 0 0 
0 0 0 0 0 0 0 0 0 0 0 0 0 0 0.789736 0 0 0 0 0 0 0 0 0 0 0 0 0 0 0 0 0 0 0 0 0 0 0 0.789736 0 0 0 0.789736 0 0.789736 0 -7.72357 2.28231 0 0 0 0 0 0 0 0 0 0 0 0 0 0 2.28231 0 
0 0 0 0 0 0 0 0 0 0 0 0 0 0 0 0.789736 0 0 0 0 0 0 0 0 0 0 0 0 0 0 0 0 0 0 0 0 0 0 0 0.789736 0 0 0 0.789736 0 0.789736 0.789736 -6.80157 0 0 0 0 0 0 0 0 0 0 0 0 0 0 0 2.85289 
0 0 0 0 0 0 0 0 0 0 0 0 0 0 0 0 0.789736 0 0 0 0 0 0 0 0 0 0 0 0 0 0 0 0.789736 0 0 0 0 0 0 0 0 0 0 0 0 0 0 0 -6.1441 1.14116 1.14116 0 1.14116 0 0 0 1.14116 0 0 0 0 0 0 0 
0 0 0 0 0 0 0 0 0 0 0 0 0 0 0 0 0 0.789736 0 0 0 0 0 0 0 0 0 0 0 0 0 0 0 0.789736 0 0 0 0 0 0 0 0 0 0 0 0 0 0 0.789736 -7.50442 0 1.71174 0 1.71174 0 0 0 1.71174 0 0 0 0 0 0 
0 0 0 0 0 0 0 0 0 0 0 0 0 0 0 0 0 0 0.789736 0 0 0 0 0 0 0 0 0 0 0 0 0 0 0 0.789736 0 0 0 0 0 0 0 0 0 0 0 0 0 0.789736 0 -7.50442 1.71174 0 0 1.71174 0 0 0 1.71174 0 0 0 0 0 
0 0 0 0 0 0 0 0 0 0 0 0 0 0 0 0 0 0 0 0.789736 0 0 0 0 0 0 0 0 0 0 0 0 0 0 0 0.789736 0 0 0 0 0 0 0 0 0 0 0 0 0 0.789736 0.789736 -7.72357 0 0 0 2.28231 0 0 0 2.28231 0 0 0 0 
0 0 0 0 0 0 0 0 0 0 0 0 0 0 0 0 0 0 0 0 0.789736 0 0 0 0 0 0 0 0 0 0 0 0 0 0 0 0.789736 0 0 0 0 0 0 0 0 0 0 0 0.789736 0 0 0 -7.50442 1.71174 1.71174 0 0 0 0 0 1.71174 0 0 0 
0 0 0 0 0 0 0 0 0 0 0 0 0 0 0 0 0 0 0 0 0 0.789736 0 0 0 0 0 0 0 0 0 0 0 0 0 0 0 0.789736 0 0 0 0 0 0 0 0 0 0 0 0.789736 0 0 0.789736 -7.72357 0 2.28231 0 0 0 0 0 2.28231 0 0 
0 0 0 0 0 0 0 0 0 0 0 0 0 0 0 0 0 0 0 0 0 0 0.789736 0 0 0 0 0 0 0 0 0 0 0 0 0 0 0 0.789736 0 0 0 0 0 0 0 0 0 0 0 0.789736 0 0.789736 0 -7.72357 2.28231 0 0 0 0 0 0 2.28231 0 
0 0 0 0 0 0 0 0 0 0 0 0 0 0 0 0 0 0 0 0 0 0 0 0.789736 0 0 0 0 0 0 0 0 0 0 0 0 0 0 0 0.789736 0 0 0 0 0 0 0 0 0 0 0 0.789736 0 0.789736 0.789736 -6.80157 0 0 0 0 0 0 0 2.85289 
0 0 0 0 0 0 0 0 0 0 0 0 0 0 0 0 0 0 0 0 0 0 0 0 0.789736 0 0 0 0 0 0 0 0 0 0 0 0 0 0 0 0.789736 0 0 0 0 0 0 0 0.789736 0 0 0 0 0 0 0 -7.50442 1.71174 1.71174 0 1.71174 0 0 0 
0 0 0 0 0 0 0 0 0 0 0 0 0 0 0 0 0 0 0 0 0 0 0 0 0 0.789736 0 0 0 0 0 0 0 0 0 0 0 0 0 0 0 0.789736 0 0 0 0 0 0 0 0.789736 0 0 0 0 0 0 0.789736 -7.72357 0 2.28231 0 2.28231 0 0 
0 0 0 0 0 0 0 0 0 0 0 0 0 0 0 0 0 0 0 0 0 0 0 0 0 0 0.789736 0 0 0 0 0 0 0 0 0 0 0 0 0 0 0 0.789736 0 0 0 0 0 0 0 0.789736 0 0 0 0 0 0.789736 0 -7.72357 2.28231 0 0 2.28231 0 
0 0 0 0 0 0 0 0 0 0 0 0 0 0 0 0 0 0 0 0 0 0 0 0 0 0 0 0.789736 0 0 0 0 0 0 0 0 0 0 0 0 0 0 0 0.789736 0 0 0 0 0 0 0 0.789736 0 0 0 0 0 0.789736 0.789736 -6.80157 0 0 0 2.85289 
0 0 0 0 0 0 0 0 0 0 0 0 0 0 0 0 0 0 0 0 0 0 0 0 0 0 0 0 0.789736 0 0 0 0 0 0 0 0 0 0 0 0 0 0 0 0.789736 0 0 0 0 0 0 0 0.789736 0 0 0 0.789736 0 0 0 -7.72357 2.28231 2.28231 0 
0 0 0 0 0 0 0 0 0 0 0 0 0 0 0 0 0 0 0 0 0 0 0 0 0 0 0 0 0 0.789736 0 0 0 0 0 0 0 0 0 0 0 0 0 0 0 0.789736 0 0 0 0 0 0 0 0.789736 0 0 0 0.789736 0 0 0.789736 -6.80157 0 2.85289 
0 0 0 0 0 0 0 0 0 0 0 0 0 0 0 0 0 0 0 0 0 0 0 0 0 0 0 0 0 0 0.789736 0 0 0 0 0 0 0 0 0 0 0 0 0 0 0 0.789736 0 0 0 0 0 0 0 0.789736 0 0 0 0.789736 0 0.789736 0 -6.80157 2.85289 
0 0 0 0 0 0 0 0 0 0 0 0 0 0 0 0 0 0 0 0 0 0 0 0 0 0 0 0 0 0 0 0.789736 0 0 0 0 0 0 0 0 0 0 0 0 0 0 0 0.789736 0 0 0 0 0 0 0 0.789736 0 0 0 0.789736 0 0.789736 0.789736 -4.73842 
