64
-0 0 0 0 0 0 0 0 0 0 0 0 0 0 0 0 0 0 0 0 0 0 0 0 0 0 0 0 0 0 0 0 0 0 0 0 0 0 0 0 0 0 0 0 0 0 0 0 0 0 0 0 0 0 0 0 0 0 0 0 0 0 0 0 
0.533628 -2.57474 0 0.408221 0 0.408221 0 0 0 0.408221 0 0 0 0 0 0 0 0.408221 0 0 0 0 0 0 0 0 0 0 0 0 0 0 0 0.408221 0 0 0 0 0 0 0 0 0 0 0 0 0 0 0 0 0 0 0 0 0 0 0 0 0 0 0 0 0 0 
0.533628 0 -2.57474 0.408221 0 0 0.408221 0 0 0 0.408221 0 0 0 0 0 0 0 0.408221 0 0 0 0 0 0 0 0 0 0 0 0 0 0 0 0.408221 0 0 0 0 0 0 0 0 0 0 0 0 0 0 0 0 0 0 0 0 0 0 0 0 0 0 0 0 0 
0 0.533628 0.533628 -4.33303 0 0 0 0.816443 0 0 0 0.816443 0 0 0 0 0 0 0 0.816443 0 0 0 0 0 0 0 0 0 0 0 0 0 0 0 0.816443 0 0 0 0 0 0 0 0 0 0 0 0 0 0 0 0 0 0 0 0 0 0 0 0 0 0 0 0 
0.533628 0 0 0 -2.57474 0.408221 0.408221 0 0 0 0 0 0.408221 0 0 0 0 0 0 0 0.408221 0 0 0 0 0 0 0 0 0 0 0 0 0 0 0 0.408221 0 0 0 0 0 0 0 0 0 0 0 0 0 0 0 0 0 0 0 0 0 0 0 0 0 0 0 
0 0.533628 0 0 0.533628 -4.33303 0 0.816443 0 0 0 0 0 0.816443 0 0 0 0 0 0 0 0.816443 0 0 0 0 0 0 0 0 0 0 0 0 0 0 0 0.816443 0 0 0 0 0 0 0 0 0 0 0 0 0 0 0 0 0 0 0 0 0 0 0 0 0 0 
0 0 0.533628 0 0.533628 0 -4.33303 0.816443 0 0 0 0 0 0 0.816443 0 0 0 0 0 0 0 0.816443 0 0 0 0 0 0 0 0 0 0 0 0 0 0 0 0.816443 0 0 0 0 0 0 0 0 0 0 0 0 0 0 0 0 0 0 0 0 0 0 0 0 0 
0 0 0 0.533628 0 0.533628 0.533628 -5.27488 0 0 0 0 0 0 0 1.22466 0 0 0 0 0 0 0 1.22466 0 0 0 0 0 0 0 0 0 0 0 0 0 0 0 1.22466 0 0 0 0 0 0 0 0 0 0 0 0 0 0 0 0 0 0 0 0 0 0 0 0 
0.533628 0 0 0 0 0 0 0 -2.57474 0.408221 0.408221 0 0.408221 0 0 0 0 0 0 0 0 0 0 0 0.408221 0 0 0 0 0 0 0 0 0 0 0 0 0 0 0 0.408221 0 0 0 0 0 0 0 0 0 0 0 0 0 0 0 0 0 0 0 0 0 0 0 
0 0.533628 0 0 0 0 0 0 0.533628 -4.33303 0 0.816443 0 0.816443 0 0 0 0 0 0 0 0 0 0 0 0.816443 0 0 0 0 0 0 0 0 0 0 0 0 0 0 0 0.816443 0 0 0 0 0 0 0 0 0 0 0 0 0 0 0 0 0 0 0 0 0 0 
0 0 0.533628 0 0 0 0 0 0.533628 0 -4.33303 0.816443 0 0 0.816443 0 0 0 0 0 0 0 0 0 0 0 0.816443 0 0 0 0 0 0 0 0 0 0 0 0 0 0 0 0.816443 0 0 0 0 0 0 0 0 0 0 0 0 0 0 0 0 0 0 0 0 0 
0 0 0 0.533628 0 0 0 0 0 0.533628 0.533628 -5.27488 0 0 0 1.22466 0 0 0 0 0 0 0 0 0 0 0 1.22466 0 0 0 0 0 0 0 0 0 0 0 0 0 0 0 1.22466 0 0 0 0 0 0 0 0 0 0 0 0 0 0 0 0 0 0 0 0 
0 0 0 0 0.533628 0 0 0 0.533628 0 0 0 -4.33303 0.816443 0.816443 0 0 0 0 0 0 0 0 0 0 0 0 0 0.816443 0 0 0 0 0 0 0 0 0 0 0 0 0 0 0 0.816443 0 0 0 0 0 0 0 0 0 0 0 0 0 0 0 0 0 0 0 
0 0 0 0 0 0.533628 0 0 0 0.533628 0 0 0.533628 -5.27488 0 1.22466 0 0 0 0 0 0 0 0 0 0 0 0 0 1.22466 0 0 0 0 0 0 0 0 0 0 0 0 0 0 0 1.22466 0 0 0 0 0 0 0 0 0 0 0 0 0 0 0 0 0 0 
0 0 0 0 0 0 0.533628 0 0 0 0.533628 0 0.533628 0 -5.27488 1.22466 0 0 0 0 0 0 0 0 0 0 0 0 0 0 1.22466 0 0 0 0 0 0 0 0 0 0 0 0 0 0 0 1.22466 0 0 0 0 0 0 0 0 0 0 0 0 0 0 0 0 0 
0 0 0 0 0 0 0 0.533628 0 0 0 0.533628 0 0.533628 0.533628 -5.40028 0 0 0 0 0 0 0 0 0 0 0 0 0 0 0 1.63289 0 0 0 0 0 0 0 0 0 0 0 0 0 0 0 1.63289 0 0 0 0 0 0 0 0 0 0 0 0 0 0 0 0 
0.533628 0 0 0 0 0 0 0 0 0 0 0 0 0 0 0 -2.57474 0.408221 0.408221 0 0.408221 0 0 0 0.408221 0 0 0 0 0 0 0 0 0 0 0 0 0 0 0 0 0 0 0 0 0 0 0 0.408221 0 0 0 0 0 0 0 0 0 0 0 0 0 0 0 
0 0.533628 0 0 0 0 0 0 0 0 0 0 0 0 0 0 0.533628 -4.33303 0 0.816443 0 0.816443 0 0 0 0.816443 0 0 0 0 0 0 0 0 0 0 0 0 0 0 0 0 0 0 0 0 0 0 0 0.816443 0 0 0 0 0 0 0 0 0 0 0 0 0 0 
0 0 0.533628 0 0 0 0 0 0 0 0 0 0 0 0 0 0.533628 0 -4.33303 0.816443 0 0 0.816443 0 0 0 0.816443 0 0 0 0 0 0 0 0 0 0 0 0 0 0 0 0 0 0 0 0 0 0 0 0.816443 0 0 0 0 0 0 0 0 0 0 0 0 0 
0 0 0 0.533628 0 0 0 0 0 0 0 0 0 0 0 0 0 0.533628 0.533628 -5.27488 0 0 0 1.22466 0 0 0 1.22466 0 0 0 0 0 0 0 0 0 0 0 0 0 0 0 0 0 0 0 0 0 0 0 1.22466 0 0 0 0 0 0 0 0 0 0 0 0 
0 0 0 0 0.533628 0 0 0 0 0 0 0 0 0 0 0 0.533628 0 0 0 -4.33303 0.816443 0.816443 0 0 0 0 0 0.816443 0 0 0 0 0 0 0 0 0 0 0 0 0 0 0 0 0 0 0 0 0 0 0 0.816443 0 0 0 0 0 0 0 0 0 0 0 
0 0 0 0 0 0.533628 0 0 0 0 0 0 0 0 0 0 0 0.533628 0 0 0.533628 -5.27488 0 1.22466 0 0 0 0 0 1.22466 0 0 0 0 0 0 0 0 0 0 0 0 0 0 0 0 0 0 0 0 0 0 0 1.22466 0 0 0 0 0 0 0 0 0 0 
0 0 0 0 0 0 0.533628 0 0 0 0 0 0 0 0 0 0 0 0.533628 0 0.533628 0 -5.27488 1.22466 0 0 0 0 0 0 1.22466 0 0 0 0 0 0 0 0 0 0 0 0 0 0 0 0 0 0 0 0 0 0 0 1.22466 0 0 0 0 0 0 0 0 0 
0 0 0 0 0 0 0 0.533628 0 0 0 0 0 0 0 0 0 0 0 0.533628 0 0.533628 0.533628 -5.40028 0 0 0 0 0 0 0 1.63289 0 0 0 0 0 0 0 0 0 0 0 0 0 0 0 0 0 0 0 0 0 0 0 1.63289 0 0 0 0 0 0 0 0 
0 0 0 0 0 0 0 0 0.533628 0 0 0 0 0 0 0 0.533628 0 0 0 0 0 0 0 -4.33303 0.816443 0.816443 0 0.816443 0 0 0 0 0 0 0 0 0 0 0 0 0 0 0 0 0 0 0 0 0 0 0 0 0 0 0 0.816443 0 0 0 0 0 0 0 
0 0 0 0 0 0 0 0 0 0.533628 0 0 0 0 0 0 0 0.533628 0 0 0 0 0 0 0.533628 -5.27488 0 1.22466 0 1.22466 0 0 0 0 0 0 0 0 0 0 0 0 0 0 0 0 0 0 0 0 0 0 0 0 0 0 0 1.22466 0 0 0 0 0 0 
0 0 0 0 0 0 0 0 0 0 0.533628 0 0 0 0 0 0 0 0.533628 0 0 0 0 0 0.533628 0 -5.27488 1.22466 0 0 1.22466 0 0 0 0 0 0 0 0 0 0 0 0 0 0 0 0 0 0 0 0 0 0 0 0 0 0 0 1.22466 0 0 0 0 0 
0 0 0 0 0 0 0 0 0 0 0 0.533628 0 0 0 0 0 0 0 0.533628 0 0 0 0 0 0.533628 0.533628 -5.40028 0 0 0 1.63289 0 0 0 0 0 0 0 0 0 0 0 0 0 0 0 0 0 0 0 0 0 0 0 0 0 0 0 1.63289 0 0 0 0 
0 0 0 0 0 0 0 0 0 0 0 0 0.533628 0 0 0 0 0 0 0 0.533628 0 0 0 0.533628 0 0 0 -5.27488 1.22466 1.22466 0 0 0 0 0 0 0 0 0 0 0 0 0 0 0 0 0 0 0 0 0 0 0 0 0 0 0 0 0 1.22466 0 0 0 
0 0 0 0 0 0 0 0 0 0 0 0 0 0.533628 0 0 0 0 0 0 0 0.533628 0 0 0 0.533628 0 0 0.533628 -5.40028 0 1.63289 0 0 0 0 0 0 0 0 0 0 0 0 0 0 0 0 0 0 0 0 0 0 0 0 0 0 0 0 0 1.63289 0 0 
0 0 0 0 0 0 0 0 0 0 0 0 0 0 0.533628 0 0 0 0 0 0 0 0.533628 0 0 0 0.533628 0 0.533628 0 -5.40028 1.63289 0 0 0 0 0 0 0 0 0 0 0 0 0 0 0 0 0 0 0 0 0 0 0 0 0 0 0 0 0 0 1.63289 0 
0 0 0 0 0 0 0 0 0 0 0 0 0 0 0 0.533628 0 0 0 0 0 0 0 0.533628 0 0 0 0.533628 0 0.533628 0.533628 -4.70925 0 0 0 0 0 0 0 0 0 0 0 0 0 0 0 0 0 0 0 0 0 0 0 0 0 0 0 0 0 0 0 2.04111 
0.533628 0 0 0 0 0 0 0 0 0 0 0 0 0 0 0 0 0 0 0 0 0 0 0 0 0 0 0 0 0 0 0 -2.57474 0.408221 0.408221 0 0.408221 0 0 0 0.408221 0 0 0 0 0 0 0 0.408221 0 0 0 0 0 0 0 0 0 0 0 0 0 0 0 
0 0.533628 0 0 0 0 0 0 0 0 0 0 0 0 0 0 0 0 0 0 0 0 0 0 0 0 0 0 0 0 0 0 0.533628 -4.33303 0 0.816443 0 0.816443 0 0 0 0.816443 0 0 0 0 0 0 0 0.816443 0 0 0 0 0 0 0 0 0 0 0 0 0 0 
0 0 0.533628 0 0 0 0 0 0 0 0 0 0 0 0 0 0 0 0 0 0 0 0 0 0 0 0 0 0 0 0 0 0.533628 0 -4.33303 0.816443 0 0 0.816443 0 0 0 0.816443 0 0 0 0 0 0 0 0.816443 0 0 0 0 0 0 0 0 0 0 0 0 0 
0 0 0 0.533628 0 0 0 0 0 0 0 0 0 0 0 0 0 0 0 0 0 0 0 0 0 0 0 0 0 0 0 0 0 0.533628 0.533628 -5.27488 0 0 0 1.22466 0 0 0 1.22466 0 0 0 0 0 0 0 1.22466 0 0 0 0 0 0 0 0 0 0 0 0 
0 0 0 0 0.533628 0 0 0 0 0 0 0 0 0 0 0 0 0 0 0 0 0 0 0 0 0 0 0 0 0 0 0 0.533628 0 0 0 -4.33303 0.816443 0.816443 0 0 0 0 0 0.816443 0 0 0 0 0 0 0 0.816443 0 0 0 0 0 0 0 0 0 0 0 
0 0 0 0 0 0.533628 0 0 0 0 0 0 0 0 0 0 0 0 0 0 0 0 0 0 0 0 0 0 0 0 0 0 0 0.533628 0 0 0.533628 -5.27488 0 1.22466 0 0 0 0 0 1.22466 0 0 0 0 0 0 0 1.22466 0 0 0 0 0 0 0 0 0 0 
0 0 0 0 0 0 0.533628 0 0 0 0 0 0 0 0 0 0 0 0 0 0 0 0 0 0 0 0 0 0 0 0 0 0 0 0.533628 0 0.533628 0 -5.27488 1.22466 0 0 0 0 0 0 1.22466 0 0 0 0 0 0 0 1.22466 0 0 0 0 0 0 0 0 0 
0 0 0 0 0 0 0 0.533628 0 0 0 0 0 0 0 0 0 0 0 0 0 0 0 0 0 0 0 0 0 0 0 0 0 0 0 0.533628 0 0.533628 0.533628 -5.40028 0 0 0 0 0 0 0 1.63289 0 0 0 0 0 0 0 1.63289 0 0 0 0 0 0 0 0 
0 0 0 0 0 0 0 0 0.533628 0 0 0 0 0 0 0 0 0 0 0 0 0 0 0 0 0 0 0 0 0 0 0 0.533628 0 0 0 0 0 0 0 -4.33303 0.816443 0.816443 0 0.816443 0 0 0 0 0 0 0 0 0 0 0 0.816443 0 0 0 0 0 0 0 
0 0 0 0 0 0 0 0 0 0.533628 0 0 0 0 0 0 0 0 0 0 0 0 0 0 0 0 0 0 0 0 0 0 0 0.533628 0 0 0 0 0 0 0.533628 -5.27488 0 1.22466 0 1.22466 0 0 0 0 0 0 0 0 0 0 0 1.22466 0 0 0 0 0 0 
0 0 0 0 0 0 0 0 0 0 0.533628 0 0 0 0 0 0 0 0 0 0 0 0 0 0 0 0 0 0 0 0 0 0 0 0.533628 0 0 0 0 0 0.533628 0 -5.27488 1.22466 0 0 1.22466 0 0 0 0 0 0 0 0 0 0 0 1.22466 0 0 0 0 0 
0 0 0 0 0 0 0 0 0 0 0 0.533628 0 0 0 0 0 0 0 0 0 0 0 0 0 0 0 0 0 0 0 0 0 0 0 0.533628 0 0 0 0 0 0.533628 0.533628 -5.40028 0 0 0 1.63289 0 0 0 0 0 0 0 0 0 0 0 1.63289 0 0 0 0 
0 0 0 0 0 0 0 0 0 0 0 0 0.533628 0 0 0 0 0 0 0 0 0 0 0 0 0 0 0 0 0 0 0 0 0 0 0 0.533628 0 0 0 0.533628 0 0 0 -5.27488 1.22466 1.22466 0 0 0 0 0 0 0 0 0 0 0 0 0 1.22466 0 0 0 
0 0 0 0 0 0 0 0 0 0 0 0 0 0.533628 0 0 0 0 0 0 0 0 0 0 0 0 0 0 0 0 0 0 0 0 0 0 0 0.533628 0 0 0 0.533628 0 0 0.533628 -5.40028 0 1.63289 0 0 0 0 0 0 0 0 0 0 0 0 0 1.63289 0 0 
0 0 0 0 0 0 0 0 0 0 0 0 0 0 0.533628 0 0 0 0 0 0 0 0 0 0 0 0 0 0 0 0 0 0 0 0 0 0 0 0.533628 0 0 0 0.533628 0 0.533628 0 -5.40028 1.63289 0 0 0 0 0 0 0 0 0 0 0 0 0 0 1.63289 0 
0 0 0 0 0 0 0 0 0 0 0 0 0 0 0 0.533628 0 0 0 0 0 0 0 0 0 0 0 0 0 0 0 0 0 0 0 0 0 0 0 0.533628 0 0 0 0.533628 0 0.533628 0.533628 -4.70925 0 0 0 0 0 0 0 0 0 0 0 0 0 0 0 2.04111 
0 0 0 0 0 0 0 0 0 0 0 0 0 0 0 0 0.533628 0 0 0 0 0 0 0 0 0 0 0 0 0 0 0 0.533628 0 0 0 0 0 0 0 0 0 0 0 0 0 0 0 -4.33303 0.816443 0.816443 0 0.816443 0 0 0 0.816443 0 0 0 0 0 0 0 
0 0 0 0 0 0 0 0 0 0 0 0 0 0 0 0 0 0.533628 0 0 0 0 0 0 0 0 0 0 0 0 0 0 0 0.533628 0 0 0 0 0 0 0 0 0 0 0 0 0 0 0.533628 -5.27488 0 1.22466 0 1.22466 0 0 0 1.22466 0 0 0 0 0 0 
0 0 0 0 0 0 0 0 0 0 0 0 0 0 0 0 0 0 0.533628 0 0 0 0 0 0 0 0 0 0 0 0 0 0 0 0.533628 0 0 0 0 0 0 0 0 0 0 0 0 0 0.533628 0 -5.27488 1.22466 0 0 1.22466 0 0 0 1.22466 0 0 0 0 0 
0 0 0 0 0 0 0 0 0 0 0 0 0 0 0 0 0 0 0 0.533628 0 0 0 0 0 0 0 0 0 0 0 0 0 0 0 0.533628 0 0 0 0 0 0 0 0 0 0 0 0 0 0.533628 0.533628 -5.40028 0 0 0 1.63289 0 0 0 1.63289 0 0 0 0 
0 0 0 0 0 0 0 0 0 0 0 0 0 0 0 0 0 0 0 0 0.533628 0 0 0 0 0 0 0 0 0 0 0 0 0 0 0 0.533628 0 0 0 0 0 0 0 0 0 0 0 0.533628 0 0 0 -5.27488 1.22466 1.22466 0 0 0 0 0 1.22466 0 0 0 
0 0 0 0 0 0 0 0 0 0 0 0 0 0 0 0 0 0 0 0 0 0.533628 0 0 0 0 0 0 0 0 0 0 0 0 0 0 0 0.533628 0 0 0 0 0 0 0 0 0 0 0 0.533628 0 0 0.533628 -5.40028 0 1.63289 0 0 0 0 0 1.63289 0 0 
0 0 0 0 0 0 0 0 0 0 0 0 0 0 0 0 0 0 0 0 0 0 0.533628 0 0 0 0 0 0 0 0 0 0 0 0 0 0 0 0.533628 0 0 0 0 0 0 0 0 0 0 0 0.533628 0 0.533628 0 -5.40028 1.63289 0 0 0 0 0 0 1.63289 0 
0 0 0 0 0 0 0 0 0 0 0 0 0 0 0 0 0 0 0 0 0 0 0 0.533628 0 0 0 0 0 0 0 0 0 0 0 0 0 0 0 0.533628 0 0 0 0 0 0 0 0 0 0 0 0.533628 0 0.533628 0.533628 -4.70925 0 0 0 0 0 0 0 2.04111 
0 0 0 0 0 0 0 0 0 0 0 0 0 0 0 0 0 0 0 0 0 0 0 0 0.533628 0 0 0 0 0 0 0 0 0 0 0 0 0 0 0 0.533628 0 0 0 0 0 0 0 0.533628 0 0 0 0 0 0 0 -5.27488 1.22466 1.22466 0 1.22466 0 0 0 
0 0 0 0 0 0 0 0 0 0 0 0 0 0 0 0 0 0 0 0 0 0 0 0 0 0.533628 0 0 0 0 0 0 0 0 0 0 0 0 0 0 0 0.533628 0 0 0 0 0 0 0 0.533628 0 0 0 0 0 0 0.533628 -5.40028 0 1.63289 0 1.63289 0 0 
0 0 0 0 0 0 0 0 0 0 0 0 0 0 0 0 0 0 0 0 0 0 0 0 0 0 0.533628 0 0 0 0 0 0 0 0 0 0 0 0 0 0 0 0.533628 0 0 0 0 0 0 0 0.533628 0 0 0 0 0 0.533628 0 -5.40028 1.63289 0 0 1.63289 0 
0 0 0 0 0 0 0 0 0 0 0 0 0 0 0 0 0 0 0 0 0 0 0 0 0 0 0 0.533628 0 0 0 0 0 0 0 0 0 0 0 0 0 0 0 0.533628 0 0 0 0 0 0 0 0.533628 0 0 0 0 0 0.533628 0.533628 -4.70925 0 0 0 2.04111 
0 0 0 0 0 0 0 0 0 0 0 0 0 0 0 0 0 0 0 0 0 0 0 0 0 0 0 0 0.533628 0 0 0 0 0 0 0 0 0 0 0 0 0 0 0 0.533628 0 0 0 0 0 0 0 0.533628 0 0 0 0.533628 0 0 0 -5.40028 1.63289 1.63289 0 
0 0 0 0 0 0 0 0 0 0 0 0 0 0 0 0 0 0 0 0 0 0 0 0 0 0 0 0 0 0.533628 0 0 0 0 0 0 0 0 0 0 0 0 0 0 0 0.533628 0 0 0 0 0 0 0 0.533628 0 0 0 0.533628 0 0 0.533628 -4.70925 0 2.04111 
0 0 0 0 0 0 0 0 0 0 0 0 0 0 0 0 0 0 0 0 0 0 0 0 0 0 0 0 0 0 0.533628 0 0 0 0 0 0 0 0 0 0 0 0 0 0 0 0.533628 0 0 0 0 0 0 0 0.533628 0 0 0 0.533628 0 0.533628 0 -4.70925 2.04111 
0 0 0 0 0 0 0 0 0 0 0 0 0 0 0 0 0 0 0 0 0 0 0 0 0 0 0 0 0 0 0 0.533628 0 0 0 0 0 0 0 0 0 0 0 0 0 0 0 0.533628 0 0 0 0 0 0 0 0.533628 0 0 0 0.533628 0 0.533628 0.533628 -3.20177 
