64
-0 0 0 0 0 0 0 0 0 0 0 0 0 0 0 0 0 0 0 0 0 0 0 0 0 0 0 0 0 0 0 0 0 0 0 0 0 0 0 0 0 0 0 0 0 0 0 0 0 0 0 0 0 0 0 0 0 0 0 0 0 0 0 0 
0.609485 -2.8901 0 0.456122 0 0.456122 0 0 0 0.456122 0 0 0 0 0 0 0 0.456122 0 0 0 0 0 0 0 0 0 0 0 0 0 0 0 0.456122 0 0 0 0 0 0 0 0 0 0 0 0 0 0 0 0 0 0 0 0 0 0 0 0 0 0 0 0 0 0 
0.609485 0 -2.8901 0.456122 0 0 0.456122 0 0 0 0.456122 0 0 0 0 0 0 0 0.456122 0 0 0 0 0 0 0 0 0 0 0 0 0 0 0 0.456122 0 0 0 0 0 0 0 0 0 0 0 0 0 0 0 0 0 0 0 0 0 0 0 0 0 0 0 0 0 
0 0.609485 0.609485 -4.86795 0 0 0 0.912244 0 0 0 0.912244 0 0 0 0 0 0 0 0.912244 0 0 0 0 0 0 0 0 0 0 0 0 0 0 0 0.912244 0 0 0 0 0 0 0 0 0 0 0 0 0 0 0 0 0 0 0 0 0 0 0 0 0 0 0 0 
0.609485 0 0 0 -2.8901 0.456122 0.456122 0 0 0 0 0 0.456122 0 0 0 0 0 0 0 0.456122 0 0 0 0 0 0 0 0 0 0 0 0 0 0 0 0.456122 0 0 0 0 0 0 0 0 0 0 0 0 0 0 0 0 0 0 0 0 0 0 0 0 0 0 0 
0 0.609485 0 0 0.609485 -4.86795 0 0.912244 0 0 0 0 0 0.912244 0 0 0 0 0 0 0 0.912244 0 0 0 0 0 0 0 0 0 0 0 0 0 0 0 0.912244 0 0 0 0 0 0 0 0 0 0 0 0 0 0 0 0 0 0 0 0 0 0 0 0 0 0 
0 0 0.609485 0 0.609485 0 -4.86795 0.912244 0 0 0 0 0 0 0.912244 0 0 0 0 0 0 0 0.912244 0 0 0 0 0 0 0 0 0 0 0 0 0 0 0 0.912244 0 0 0 0 0 0 0 0 0 0 0 0 0 0 0 0 0 0 0 0 0 0 0 0 0 
0 0 0 0.609485 0 0.609485 0.609485 -5.93356 0 0 0 0 0 0 0 1.36837 0 0 0 0 0 0 0 1.36837 0 0 0 0 0 0 0 0 0 0 0 0 0 0 0 1.36837 0 0 0 0 0 0 0 0 0 0 0 0 0 0 0 0 0 0 0 0 0 0 0 0 
0.609485 0 0 0 0 0 0 0 -2.8901 0.456122 0.456122 0 0.456122 0 0 0 0 0 0 0 0 0 0 0 0.456122 0 0 0 0 0 0 0 0 0 0 0 0 0 0 0 0.456122 0 0 0 0 0 0 0 0 0 0 0 0 0 0 0 0 0 0 0 0 0 0 0 
0 0.609485 0 0 0 0 0 0 0.609485 -4.86795 0 0.912244 0 0.912244 0 0 0 0 0 0 0 0 0 0 0 0.912244 0 0 0 0 0 0 0 0 0 0 0 0 0 0 0 0.912244 0 0 0 0 0 0 0 0 0 0 0 0 0 0 0 0 0 0 0 0 0 0 
0 0 0.609485 0 0 0 0 0 0.609485 0 -4.86795 0.912244 0 0 0.912244 0 0 0 0 0 0 0 0 0 0 0 0.912244 0 0 0 0 0 0 0 0 0 0 0 0 0 0 0 0.912244 0 0 0 0 0 0 0 0 0 0 0 0 0 0 0 0 0 0 0 0 0 
0 0 0 0.609485 0 0 0 0 0 0.609485 0.609485 -5.93356 0 0 0 1.36837 0 0 0 0 0 0 0 0 0 0 0 1.36837 0 0 0 0 0 0 0 0 0 0 0 0 0 0 0 1.36837 0 0 0 0 0 0 0 0 0 0 0 0 0 0 0 0 0 0 0 0 
0 0 0 0 0.609485 0 0 0 0.609485 0 0 0 -4.86795 0.912244 0.912244 0 0 0 0 0 0 0 0 0 0 0 0 0 0.912244 0 0 0 0 0 0 0 0 0 0 0 0 0 0 0 0.912244 0 0 0 0 0 0 0 0 0 0 0 0 0 0 0 0 0 0 0 
0 0 0 0 0 0.609485 0 0 0 0.609485 0 0 0.609485 -5.93356 0 1.36837 0 0 0 0 0 0 0 0 0 0 0 0 0 1.36837 0 0 0 0 0 0 0 0 0 0 0 0 0 0 0 1.36837 0 0 0 0 0 0 0 0 0 0 0 0 0 0 0 0 0 0 
0 0 0 0 0 0 0.609485 0 0 0 0.609485 0 0.609485 0 -5.93356 1.36837 0 0 0 0 0 0 0 0 0 0 0 0 0 0 1.36837 0 0 0 0 0 0 0 0 0 0 0 0 0 0 0 1.36837 0 0 0 0 0 0 0 0 0 0 0 0 0 0 0 0 0 
0 0 0 0 0 0 0 0.609485 0 0 0 0.609485 0 0.609485 0.609485 -6.08692 0 0 0 0 0 0 0 0 0 0 0 0 0 0 0 1.82449 0 0 0 0 0 0 0 0 0 0 0 0 0 0 0 1.82449 0 0 0 0 0 0 0 0 0 0 0 0 0 0 0 0 
0.609485 0 0 0 0 0 0 0 0 0 0 0 0 0 0 0 -2.8901 0.456122 0.456122 0 0.456122 0 0 0 0.456122 0 0 0 0 0 0 0 0 0 0 0 0 0 0 0 0 0 0 0 0 0 0 0 0.456122 0 0 0 0 0 0 0 0 0 0 0 0 0 0 0 
0 0.609485 0 0 0 0 0 0 0 0 0 0 0 0 0 0 0.609485 -4.86795 0 0.912244 0 0.912244 0 0 0 0.912244 0 0 0 0 0 0 0 0 0 0 0 0 0 0 0 0 0 0 0 0 0 0 0 0.912244 0 0 0 0 0 0 0 0 0 0 0 0 0 0 
0 0 0.609485 0 0 0 0 0 0 0 0 0 0 0 0 0 0.609485 0 -4.86795 0.912244 0 0 0.912244 0 0 0 0.912244 0 0 0 0 0 0 0 0 0 0 0 0 0 0 0 0 0 0 0 0 0 0 0 0.912244 0 0 0 0 0 0 0 0 0 0 0 0 0 
0 0 0 0.609485 0 0 0 0 0 0 0 0 0 0 0 0 0 0.609485 0.609485 -5.93356 0 0 0 1.36837 0 0 0 1.36837 0 0 0 0 0 0 0 0 0 0 0 0 0 0 0 0 0 0 0 0 0 0 0 1.36837 0 0 0 0 0 0 0 0 0 0 0 0 
0 0 0 0 0.609485 0 0 0 0 0 0 0 0 0 0 0 0.609485 0 0 0 -4.86795 0.912244 0.912244 0 0 0 0 0 0.912244 0 0 0 0 0 0 0 0 0 0 0 0 0 0 0 0 0 0 0 0 0 0 0 0.912244 0 0 0 0 0 0 0 0 0 0 0 
0 0 0 0 0 0.609485 0 0 0 0 0 0 0 0 0 0 0 0.609485 0 0 0.609485 -5.93356 0 1.36837 0 0 0 0 0 1.36837 0 0 0 0 0 0 0 0 0 0 0 0 0 0 0 0 0 0 0 0 0 0 0 1.36837 0 0 0 0 0 0 0 0 0 0 
0 0 0 0 0 0 0.609485 0 0 0 0 0 0 0 0 0 0 0 0.609485 0 0.609485 0 -5.93356 1.36837 0 0 0 0 0 0 1.36837 0 0 0 0 0 0 0 0 0 0 0 0 0 0 0 0 0 0 0 0 0 0 0 1.36837 0 0 0 0 0 0 0 0 0 
0 0 0 0 0 0 0 0.609485 0 0 0 0 0 0 0 0 0 0 0 0.609485 0 0.609485 0.609485 -6.08692 0 0 0 0 0 0 0 1.82449 0 0 0 0 0 0 0 0 0 0 0 0 0 0 0 0 0 0 0 0 0 0 0 1.82449 0 0 0 0 0 0 0 0 
0 0 0 0 0 0 0 0 0.609485 0 0 0 0 0 0 0 0.609485 0 0 0 0 0 0 0 -4.86795 0.912244 0.912244 0 0.912244 0 0 0 0 0 0 0 0 0 0 0 0 0 0 0 0 0 0 0 0 0 0 0 0 0 0 0 0.912244 0 0 0 0 0 0 0 
0 0 0 0 0 0 0 0 0 0.609485 0 0 0 0 0 0 0 0.609485 0 0 0 0 0 0 0.609485 -5.93356 0 1.36837 0 1.36837 0 0 0 0 0 0 0 0 0 0 0 0 0 0 0 0 0 0 0 0 0 0 0 0 0 0 0 1.36837 0 0 0 0 0 0 
0 0 0 0 0 0 0 0 0 0 0.609485 0 0 0 0 0 0 0 0.609485 0 0 0 0 0 0.609485 0 -5.93356 1.36837 0 0 1.36837 0 0 0 0 0 0 0 0 0 0 0 0 0 0 0 0 0 0 0 0 0 0 0 0 0 0 0 1.36837 0 0 0 0 0 
0 0 0 0 0 0 0 0 0 0 0 0.609485 0 0 0 0 0 0 0 0.609485 0 0 0 0 0 0.609485 0.609485 -6.08692 0 0 0 1.82449 0 0 0 0 0 0 0 0 0 0 0 0 0 0 0 0 0 0 0 0 0 0 0 0 0 0 0 1.82449 0 0 0 0 
0 0 0 0 0 0 0 0 0 0 0 0 0.609485 0 0 0 0 0 0 0 0.609485 0 0 0 0.609485 0 0 0 -5.93356 1.36837 1.36837 0 0 0 0 0 0 0 0 0 0 0 0 0 0 0 0 0 0 0 0 0 0 0 0 0 0 0 0 0 1.36837 0 0 0 
0 0 0 0 0 0 0 0 0 0 0 0 0 0.609485 0 0 0 0 0 0 0 0.609485 0 0 0 0.609485 0 0 0.609485 -6.08692 0 1.82449 0 0 0 0 0 0 0 0 0 0 0 0 0 0 0 0 0 0 0 0 0 0 0 0 0 0 0 0 0 1.82449 0 0 
0 0 0 0 0 0 0 0 0 0 0 0 0 0 0.609485 0 0 0 0 0 0 0 0.609485 0 0 0 0.609485 0 0.609485 0 -6.08692 1.82449 0 0 0 0 0 0 0 0 0 0 0 0 0 0 0 0 0 0 0 0 0 0 0 0 0 0 0 0 0 0 1.82449 0 
0 0 0 0 0 0 0 0 0 0 0 0 0 0 0 0.609485 0 0 0 0 0 0 0 0.609485 0 0 0 0.609485 0 0.609485 0.609485 -5.32804 0 0 0 0 0 0 0 0 0 0 0 0 0 0 0 0 0 0 0 0 0 0 0 0 0 0 0 0 0 0 0 2.28061 
0.609485 0 0 0 0 0 0 0 0 0 0 0 0 0 0 0 0 0 0 0 0 0 0 0 0 0 0 0 0 0 0 0 -2.8901 0.456122 0.456122 0 0.456122 0 0 0 0.456122 0 0 0 0 0 0 0 0.456122 0 0 0 0 0 0 0 0 0 0 0 0 0 0 0 
0 0.609485 0 0 0 0 0 0 0 0 0 0 0 0 0 0 0 0 0 0 0 0 0 0 0 0 0 0 0 0 0 0 0.609485 -4.86795 0 0.912244 0 0.912244 0 0 0 0.912244 0 0 0 0 0 0 0 0.912244 0 0 0 0 0 0 0 0 0 0 0 0 0 0 
0 0 0.609485 0 0 0 0 0 0 0 0 0 0 0 0 0 0 0 0 0 0 0 0 0 0 0 0 0 0 0 0 0 0.609485 0 -4.86795 0.912244 0 0 0.912244 0 0 0 0.912244 0 0 0 0 0 0 0 0.912244 0 0 0 0 0 0 0 0 0 0 0 0 0 
0 0 0 0.609485 0 0 0 0 0 0 0 0 0 0 0 0 0 0 0 0 0 0 0 0 0 0 0 0 0 0 0 0 0 0.609485 0.609485 -5.93356 0 0 0 1.36837 0 0 0 1.36837 0 0 0 0 0 0 0 1.36837 0 0 0 0 0 0 0 0 0 0 0 0 
0 0 0 0 0.609485 0 0 0 0 0 0 0 0 0 0 0 0 0 0 0 0 0 0 0 0 0 0 0 0 0 0 0 0.609485 0 0 0 -4.86795 0.912244 0.912244 0 0 0 0 0 0.912244 0 0 0 0 0 0 0 0.912244 0 0 0 0 0 0 0 0 0 0 0 
0 0 0 0 0 0.609485 0 0 0 0 0 0 0 0 0 0 0 0 0 0 0 0 0 0 0 0 0 0 0 0 0 0 0 0.609485 0 0 0.609485 -5.93356 0 1.36837 0 0 0 0 0 1.36837 0 0 0 0 0 0 0 1.36837 0 0 0 0 0 0 0 0 0 0 
0 0 0 0 0 0 0.609485 0 0 0 0 0 0 0 0 0 0 0 0 0 0 0 0 0 0 0 0 0 0 0 0 0 0 0 0.609485 0 0.609485 0 -5.93356 1.36837 0 0 0 0 0 0 1.36837 0 0 0 0 0 0 0 1.36837 0 0 0 0 0 0 0 0 0 
0 0 0 0 0 0 0 0.609485 0 0 0 0 0 0 0 0 0 0 0 0 0 0 0 0 0 0 0 0 0 0 0 0 0 0 0 0.609485 0 0.609485 0.609485 -6.08692 0 0 0 0 0 0 0 1.82449 0 0 0 0 0 0 0 1.82449 0 0 0 0 0 0 0 0 
0 0 0 0 0 0 0 0 0.609485 0 0 0 0 0 0 0 0 0 0 0 0 0 0 0 0 0 0 0 0 0 0 0 0.609485 0 0 0 0 0 0 0 -4.86795 0.912244 0.912244 0 0.912244 0 0 0 0 0 0 0 0 0 0 0 0.912244 0 0 0 0 0 0 0 
0 0 0 0 0 0 0 0 0 0.609485 0 0 0 0 0 0 0 0 0 0 0 0 0 0 0 0 0 0 0 0 0 0 0 0.609485 0 0 0 0 0 0 0.609485 -5.93356 0 1.36837 0 1.36837 0 0 0 0 0 0 0 0 0 0 0 1.36837 0 0 0 0 0 0 
0 0 0 0 0 0 0 0 0 0 0.609485 0 0 0 0 0 0 0 0 0 0 0 0 0 0 0 0 0 0 0 0 0 0 0 0.609485 0 0 0 0 0 0.609485 0 -5.93356 1.36837 0 0 1.36837 0 0 0 0 0 0 0 0 0 0 0 1.36837 0 0 0 0 0 
0 0 0 0 0 0 0 0 0 0 0 0.609485 0 0 0 0 0 0 0 0 0 0 0 0 0 0 0 0 0 0 0 0 0 0 0 0.609485 0 0 0 0 0 0.609485 0.609485 -6.08692 0 0 0 1.82449 0 0 0 0 0 0 0 0 0 0 0 1.82449 0 0 0 0 
0 0 0 0 0 0 0 0 0 0 0 0 0.609485 0 0 0 0 0 0 0 0 0 0 0 0 0 0 0 0 0 0 0 0 0 0 0 0.609485 0 0 0 0.609485 0 0 0 -5.93356 1.36837 1.36837 0 0 0 0 0 0 0 0 0 0 0 0 0 1.36837 0 0 0 
0 0 0 0 0 0 0 0 0 0 0 0 0 0.609485 0 0 0 0 0 0 0 0 0 0 0 0 0 0 0 0 0 0 0 0 0 0 0 0.609485 0 0 0 0.609485 0 0 0.609485 -6.08692 0 1.82449 0 0 0 0 0 0 0 0 0 0 0 0 0 1.82449 0 0 
0 0 0 0 0 0 0 0 0 0 0 0 0 0 0.609485 0 0 0 0 0 0 0 0 0 0 0 0 0 0 0 0 0 0 0 0 0 0 0 0.609485 0 0 0 0.609485 0 0.609485 0 -6.08692 1.82449 0 0 0 0 0 0 0 0 0 0 0 0 0 0 1.82449 0 
0 0 0 0 0 0 0 0 0 0 0 0 0 0 0 0.609485 0 0 0 0 0 0 0 0 0 0 0 0 0 0 0 0 0 0 0 0 0 0 0 0.609485 0 0 0 0.609485 0 0.609485 0.609485 -5.32804 0 0 0 0 0 0 0 0 0 0 0 0 0 0 0 2.28061 
0 0 0 0 0 0 0 0 0 0 0 0 0 0 0 0 0.609485 0 0 0 0 0 0 0 0 0 0 0 0 0 0 0 0.609485 0 0 0 0 0 0 0 0 0 0 0 0 0 0 0 -4.86795 0.912244 0.912244 0 0.912244 0 0 0 0.912244 0 0 0 0 0 0 0 
0 0 0 0 0 0 0 0 0 0 0 0 0 0 0 0 0 0.609485 0 0 0 0 0 0 0 0 0 0 0 0 0 0 0 0.609485 0 0 0 0 0 0 0 0 0 0 0 0 0 0 0.609485 -5.93356 0 1.36837 0 1.36837 0 0 0 1.36837 0 0 0 0 0 0 
0 0 0 0 0 0 0 0 0 0 0 0 0 0 0 0 0 0 0.609485 0 0 0 0 0 0 0 0 0 0 0 0 0 0 0 0.609485 0 0 0 0 0 0 0 0 0 0 0 0 0 0.609485 0 -5.93356 1.36837 0 0 1.36837 0 0 0 1.36837 0 0 0 0 0 
0 0 0 0 0 0 0 0 0 0 0 0 0 0 0 0 0 0 0 0.609485 0 0 0 0 0 0 0 0 0 0 0 0 0 0 0 0.609485 0 0 0 0 0 0 0 0 0 0 0 0 0 0.609485 0.609485 -6.08692 0 0 0 1.82449 0 0 0 1.82449 0 0 0 0 
0 0 0 0 0 0 0 0 0 0 0 0 0 0 0 0 0 0 0 0 0.609485 0 0 0 0 0 0 0 0 0 0 0 0 0 0 0 0.609485 0 0 0 0 0 0 0 0 0 0 0 0.609485 0 0 0 -5.93356 1.36837 1.36837 0 0 0 0 0 1.36837 0 0 0 
0 0 0 0 0 0 0 0 0 0 0 0 0 0 0 0 0 0 0 0 0 0.609485 0 0 0 0 0 0 0 0 0 0 0 0 0 0 0 0.609485 0 0 0 0 0 0 0 0 0 0 0 0.609485 0 0 0.609485 -6.08692 0 1.82449 0 0 0 0 0 1.82449 0 0 
0 0 0 0 0 0 0 0 0 0 0 0 0 0 0 0 0 0 0 0 0 0 0.609485 0 0 0 0 0 0 0 0 0 0 0 0 0 0 0 0.609485 0 0 0 0 0 0 0 0 0 0 0 0.609485 0 0.609485 0 -6.08692 1.82449 0 0 0 0 0 0 1.82449 0 
0 0 0 0 0 0 0 0 0 0 0 0 0 0 0 0 0 0 0 0 0 0 0 0.609485 0 0 0 0 0 0 0 0 0 0 0 0 0 0 0 0.609485 0 0 0 0 0 0 0 0 0 0 0 0.609485 0 0.609485 0.609485 -5.32804 0 0 0 0 0 0 0 2.28061 
0 0 0 0 0 0 0 0 0 0 0 0 0 0 0 0 0 0 0 0 0 0 0 0 0.609485 0 0 0 0 0 0 0 0 0 0 0 0 0 0 0 0.609485 0 0 0 0 0 0 0 0.609485 0 0 0 0 0 0 0 -5.93356 1.36837 1.36837 0 1.36837 0 0 0 
0 0 0 0 0 0 0 0 0 0 0 0 0 0 0 0 0 0 0 0 0 0 0 0 0 0.609485 0 0 0 0 0 0 0 0 0 0 0 0 0 0 0 0.609485 0 0 0 0 0 0 0 0.609485 0 0 0 0 0 0 0.609485 -6.08692 0 1.82449 0 1.82449 0 0 
0 0 0 0 0 0 0 0 0 0 0 0 0 0 0 0 0 0 0 0 0 0 0 0 0 0 0.609485 0 0 0 0 0 0 0 0 0 0 0 0 0 0 0 0.609485 0 0 0 0 0 0 0 0.609485 0 0 0 0 0 0.609485 0 -6.08692 1.82449 0 0 1.82449 0 
0 0 0 0 0 0 0 0 0 0 0 0 0 0 0 0 0 0 0 0 0 0 0 0 0 0 0 0.609485 0 0 0 0 0 0 0 0 0 0 0 0 0 0 0 0.609485 0 0 0 0 0 0 0 0.609485 0 0 0 0 0 0.609485 0.609485 -5.32804 0 0 0 2.28061 
0 0 0 0 0 0 0 0 0 0 0 0 0 0 0 0 0 0 0 0 0 0 0 0 0 0 0 0 0.609485 0 0 0 0 0 0 0 0 0 0 0 0 0 0 0 0.609485 0 0 0 0 0 0 0 0.609485 0 0 0 0.609485 0 0 0 -6.08692 1.82449 1.82449 0 
0 0 0 0 0 0 0 0 0 0 0 0 0 0 0 0 0 0 0 0 0 0 0 0 0 0 0 0 0 0.609485 0 0 0 0 0 0 0 0 0 0 0 0 0 0 0 0.609485 0 0 0 0 0 0 0 0.609485 0 0 0 0.609485 0 0 0.609485 -5.32804 0 2.28061 
0 0 0 0 0 0 0 0 0 0 0 0 0 0 0 0 0 0 0 0 0 0 0 0 0 0 0 0 0 0 0.609485 0 0 0 0 0 0 0 0 0 0 0 0 0 0 0 0.609485 0 0 0 0 0 0 0 0.609485 0 0 0 0.609485 0 0.609485 0 -5.32804 2.28061 
0 0 0 0 0 0 0 0 0 0 0 0 0 0 0 0 0 0 0 0 0 0 0 0 0 0 0 0 0 0 0 0.609485 0 0 0 0 0 0 0 0 0 0 0 0 0 0 0 0.609485 0 0 0 0 0 0 0 0.609485 0 0 0 0.609485 0 0.609485 0.609485 -3.65691 
