64
-0 0 0 0 0 0 0 0 0 0 0 0 0 0 0 0 0 0 0 0 0 0 0 0 0 0 0 0 0 0 0 0 0 0 0 0 0 0 0 0 0 0 0 0 0 0 0 0 0 0 0 0 0 0 0 0 0 0 0 0 0 0 0 0 
0.470181 -2.54446 0 0.414857 0 0.414857 0 0 0 0.414857 0 0 0 0 0 0 0 0.414857 0 0 0 0 0 0 0 0 0 0 0 0 0 0 0 0.414857 0 0 0 0 0 0 0 0 0 0 0 0 0 0 0 0 0 0 0 0 0 0 0 0 0 0 0 0 0 0 
0.470181 0 -2.54446 0.414857 0 0 0.414857 0 0 0 0.414857 0 0 0 0 0 0 0 0.414857 0 0 0 0 0 0 0 0 0 0 0 0 0 0 0 0.414857 0 0 0 0 0 0 0 0 0 0 0 0 0 0 0 0 0 0 0 0 0 0 0 0 0 0 0 0 0 
0 0.470181 0.470181 -4.25922 0 0 0 0.829714 0 0 0 0.829714 0 0 0 0 0 0 0 0.829714 0 0 0 0 0 0 0 0 0 0 0 0 0 0 0 0.829714 0 0 0 0 0 0 0 0 0 0 0 0 0 0 0 0 0 0 0 0 0 0 0 0 0 0 0 0 
0.470181 0 0 0 -2.54446 0.414857 0.414857 0 0 0 0 0 0.414857 0 0 0 0 0 0 0 0.414857 0 0 0 0 0 0 0 0 0 0 0 0 0 0 0 0.414857 0 0 0 0 0 0 0 0 0 0 0 0 0 0 0 0 0 0 0 0 0 0 0 0 0 0 0 
0 0.470181 0 0 0.470181 -4.25922 0 0.829714 0 0 0 0 0 0.829714 0 0 0 0 0 0 0 0.829714 0 0 0 0 0 0 0 0 0 0 0 0 0 0 0 0.829714 0 0 0 0 0 0 0 0 0 0 0 0 0 0 0 0 0 0 0 0 0 0 0 0 0 0 
0 0 0.470181 0 0.470181 0 -4.25922 0.829714 0 0 0 0 0 0 0.829714 0 0 0 0 0 0 0 0.829714 0 0 0 0 0 0 0 0 0 0 0 0 0 0 0 0.829714 0 0 0 0 0 0 0 0 0 0 0 0 0 0 0 0 0 0 0 0 0 0 0 0 0 
0 0 0 0.470181 0 0.470181 0.470181 -5.14425 0 0 0 0 0 0 0 1.24457 0 0 0 0 0 0 0 1.24457 0 0 0 0 0 0 0 0 0 0 0 0 0 0 0 1.24457 0 0 0 0 0 0 0 0 0 0 0 0 0 0 0 0 0 0 0 0 0 0 0 0 
0.470181 0 0 0 0 0 0 0 -2.54446 0.414857 0.414857 0 0.414857 0 0 0 0 0 0 0 0 0 0 0 0.414857 0 0 0 0 0 0 0 0 0 0 0 0 0 0 0 0.414857 0 0 0 0 0 0 0 0 0 0 0 0 0 0 0 0 0 0 0 0 0 0 0 
0 0.470181 0 0 0 0 0 0 0.470181 -4.25922 0 0.829714 0 0.829714 0 0 0 0 0 0 0 0 0 0 0 0.829714 0 0 0 0 0 0 0 0 0 0 0 0 0 0 0 0.829714 0 0 0 0 0 0 0 0 0 0 0 0 0 0 0 0 0 0 0 0 0 0 
0 0 0.470181 0 0 0 0 0 0.470181 0 -4.25922 0.829714 0 0 0.829714 0 0 0 0 0 0 0 0 0 0 0 0.829714 0 0 0 0 0 0 0 0 0 0 0 0 0 0 0 0.829714 0 0 0 0 0 0 0 0 0 0 0 0 0 0 0 0 0 0 0 0 0 
0 0 0 0.470181 0 0 0 0 0 0.470181 0.470181 -5.14425 0 0 0 1.24457 0 0 0 0 0 0 0 0 0 0 0 1.24457 0 0 0 0 0 0 0 0 0 0 0 0 0 0 0 1.24457 0 0 0 0 0 0 0 0 0 0 0 0 0 0 0 0 0 0 0 0 
0 0 0 0 0.470181 0 0 0 0.470181 0 0 0 -4.25922 0.829714 0.829714 0 0 0 0 0 0 0 0 0 0 0 0 0 0.829714 0 0 0 0 0 0 0 0 0 0 0 0 0 0 0 0.829714 0 0 0 0 0 0 0 0 0 0 0 0 0 0 0 0 0 0 0 
0 0 0 0 0 0.470181 0 0 0 0.470181 0 0 0.470181 -5.14425 0 1.24457 0 0 0 0 0 0 0 0 0 0 0 0 0 1.24457 0 0 0 0 0 0 0 0 0 0 0 0 0 0 0 1.24457 0 0 0 0 0 0 0 0 0 0 0 0 0 0 0 0 0 0 
0 0 0 0 0 0 0.470181 0 0 0 0.470181 0 0.470181 0 -5.14425 1.24457 0 0 0 0 0 0 0 0 0 0 0 0 0 0 1.24457 0 0 0 0 0 0 0 0 0 0 0 0 0 0 0 1.24457 0 0 0 0 0 0 0 0 0 0 0 0 0 0 0 0 0 
0 0 0 0 0 0 0 0.470181 0 0 0 0.470181 0 0.470181 0.470181 -5.19958 0 0 0 0 0 0 0 0 0 0 0 0 0 0 0 1.65943 0 0 0 0 0 0 0 0 0 0 0 0 0 0 0 1.65943 0 0 0 0 0 0 0 0 0 0 0 0 0 0 0 0 
0.470181 0 0 0 0 0 0 0 0 0 0 0 0 0 0 0 -2.54446 0.414857 0.414857 0 0.414857 0 0 0 0.414857 0 0 0 0 0 0 0 0 0 0 0 0 0 0 0 0 0 0 0 0 0 0 0 0.414857 0 0 0 0 0 0 0 0 0 0 0 0 0 0 0 
0 0.470181 0 0 0 0 0 0 0 0 0 0 0 0 0 0 0.470181 -4.25922 0 0.829714 0 0.829714 0 0 0 0.829714 0 0 0 0 0 0 0 0 0 0 0 0 0 0 0 0 0 0 0 0 0 0 0 0.829714 0 0 0 0 0 0 0 0 0 0 0 0 0 0 
0 0 0.470181 0 0 0 0 0 0 0 0 0 0 0 0 0 0.470181 0 -4.25922 0.829714 0 0 0.829714 0 0 0 0.829714 0 0 0 0 0 0 0 0 0 0 0 0 0 0 0 0 0 0 0 0 0 0 0 0.829714 0 0 0 0 0 0 0 0 0 0 0 0 0 
0 0 0 0.470181 0 0 0 0 0 0 0 0 0 0 0 0 0 0.470181 0.470181 -5.14425 0 0 0 1.24457 0 0 0 1.24457 0 0 0 0 0 0 0 0 0 0 0 0 0 0 0 0 0 0 0 0 0 0 0 1.24457 0 0 0 0 0 0 0 0 0 0 0 0 
0 0 0 0 0.470181 0 0 0 0 0 0 0 0 0 0 0 0.470181 0 0 0 -4.25922 0.829714 0.829714 0 0 0 0 0 0.829714 0 0 0 0 0 0 0 0 0 0 0 0 0 0 0 0 0 0 0 0 0 0 0 0.829714 0 0 0 0 0 0 0 0 0 0 0 
0 0 0 0 0 0.470181 0 0 0 0 0 0 0 0 0 0 0 0.470181 0 0 0.470181 -5.14425 0 1.24457 0 0 0 0 0 1.24457 0 0 0 0 0 0 0 0 0 0 0 0 0 0 0 0 0 0 0 0 0 0 0 1.24457 0 0 0 0 0 0 0 0 0 0 
0 0 0 0 0 0 0.470181 0 0 0 0 0 0 0 0 0 0 0 0.470181 0 0.470181 0 -5.14425 1.24457 0 0 0 0 0 0 1.24457 0 0 0 0 0 0 0 0 0 0 0 0 0 0 0 0 0 0 0 0 0 0 0 1.24457 0 0 0 0 0 0 0 0 0 
0 0 0 0 0 0 0 0.470181 0 0 0 0 0 0 0 0 0 0 0 0.470181 0 0.470181 0.470181 -5.19958 0 0 0 0 0 0 0 1.65943 0 0 0 0 0 0 0 0 0 0 0 0 0 0 0 0 0 0 0 0 0 0 0 1.65943 0 0 0 0 0 0 0 0 
0 0 0 0 0 0 0 0 0.470181 0 0 0 0 0 0 0 0.470181 0 0 0 0 0 0 0 -4.25922 0.829714 0.829714 0 0.829714 0 0 0 0 0 0 0 0 0 0 0 0 0 0 0 0 0 0 0 0 0 0 0 0 0 0 0 0.829714 0 0 0 0 0 0 0 
0 0 0 0 0 0 0 0 0 0.470181 0 0 0 0 0 0 0 0.470181 0 0 0 0 0 0 0.470181 -5.14425 0 1.24457 0 1.24457 0 0 0 0 0 0 0 0 0 0 0 0 0 0 0 0 0 0 0 0 0 0 0 0 0 0 0 1.24457 0 0 0 0 0 0 
0 0 0 0 0 0 0 0 0 0 0.470181 0 0 0 0 0 0 0 0.470181 0 0 0 0 0 0.470181 0 -5.14425 1.24457 0 0 1.24457 0 0 0 0 0 0 0 0 0 0 0 0 0 0 0 0 0 0 0 0 0 0 0 0 0 0 0 1.24457 0 0 0 0 0 
0 0 0 0 0 0 0 0 0 0 0 0.470181 0 0 0 0 0 0 0 0.470181 0 0 0 0 0 0.470181 0.470181 -5.19958 0 0 0 1.65943 0 0 0 0 0 0 0 0 0 0 0 0 0 0 0 0 0 0 0 0 0 0 0 0 0 0 0 1.65943 0 0 0 0 
0 0 0 0 0 0 0 0 0 0 0 0 0.470181 0 0 0 0 0 0 0 0.470181 0 0 0 0.470181 0 0 0 -5.14425 1.24457 1.24457 0 0 0 0 0 0 0 0 0 0 0 0 0 0 0 0 0 0 0 0 0 0 0 0 0 0 0 0 0 1.24457 0 0 0 
0 0 0 0 0 0 0 0 0 0 0 0 0 0.470181 0 0 0 0 0 0 0 0.470181 0 0 0 0.470181 0 0 0.470181 -5.19958 0 1.65943 0 0 0 0 0 0 0 0 0 0 0 0 0 0 0 0 0 0 0 0 0 0 0 0 0 0 0 0 0 1.65943 0 0 
0 0 0 0 0 0 0 0 0 0 0 0 0 0 0.470181 0 0 0 0 0 0 0 0.470181 0 0 0 0.470181 0 0.470181 0 -5.19958 1.65943 0 0 0 0 0 0 0 0 0 0 0 0 0 0 0 0 0 0 0 0 0 0 0 0 0 0 0 0 0 0 1.65943 0 
0 0 0 0 0 0 0 0 0 0 0 0 0 0 0 0.470181 0 0 0 0 0 0 0 0.470181 0 0 0 0.470181 0 0.470181 0.470181 -4.42519 0 0 0 0 0 0 0 0 0 0 0 0 0 0 0 0 0 0 0 0 0 0 0 0 0 0 0 0 0 0 0 2.07428 
0.470181 0 0 0 0 0 0 0 0 0 0 0 0 0 0 0 0 0 0 0 0 0 0 0 0 0 0 0 0 0 0 0 -2.54446 0.414857 0.414857 0 0.414857 0 0 0 0.414857 0 0 0 0 0 0 0 0.414857 0 0 0 0 0 0 0 0 0 0 0 0 0 0 0 
0 0.470181 0 0 0 0 0 0 0 0 0 0 0 0 0 0 0 0 0 0 0 0 0 0 0 0 0 0 0 0 0 0 0.470181 -4.25922 0 0.829714 0 0.829714 0 0 0 0.829714 0 0 0 0 0 0 0 0.829714 0 0 0 0 0 0 0 0 0 0 0 0 0 0 
0 0 0.470181 0 0 0 0 0 0 0 0 0 0 0 0 0 0 0 0 0 0 0 0 0 0 0 0 0 0 0 0 0 0.470181 0 -4.25922 0.829714 0 0 0.829714 0 0 0 0.829714 0 0 0 0 0 0 0 0.829714 0 0 0 0 0 0 0 0 0 0 0 0 0 
0 0 0 0.470181 0 0 0 0 0 0 0 0 0 0 0 0 0 0 0 0 0 0 0 0 0 0 0 0 0 0 0 0 0 0.470181 0.470181 -5.14425 0 0 0 1.24457 0 0 0 1.24457 0 0 0 0 0 0 0 1.24457 0 0 0 0 0 0 0 0 0 0 0 0 
0 0 0 0 0.470181 0 0 0 0 0 0 0 0 0 0 0 0 0 0 0 0 0 0 0 0 0 0 0 0 0 0 0 0.470181 0 0 0 -4.25922 0.829714 0.829714 0 0 0 0 0 0.829714 0 0 0 0 0 0 0 0.829714 0 0 0 0 0 0 0 0 0 0 0 
0 0 0 0 0 0.470181 0 0 0 0 0 0 0 0 0 0 0 0 0 0 0 0 0 0 0 0 0 0 0 0 0 0 0 0.470181 0 0 0.470181 -5.14425 0 1.24457 0 0 0 0 0 1.24457 0 0 0 0 0 0 0 1.24457 0 0 0 0 0 0 0 0 0 0 
0 0 0 0 0 0 0.470181 0 0 0 0 0 0 0 0 0 0 0 0 0 0 0 0 0 0 0 0 0 0 0 0 0 0 0 0.470181 0 0.470181 0 -5.14425 1.24457 0 0 0 0 0 0 1.24457 0 0 0 0 0 0 0 1.24457 0 0 0 0 0 0 0 0 0 
0 0 0 0 0 0 0 0.470181 0 0 0 0 0 0 0 0 0 0 0 0 0 0 0 0 0 0 0 0 0 0 0 0 0 0 0 0.470181 0 0.470181 0.470181 -5.19958 0 0 0 0 0 0 0 1.65943 0 0 0 0 0 0 0 1.65943 0 0 0 0 0 0 0 0 
0 0 0 0 0 0 0 0 0.470181 0 0 0 0 0 0 0 0 0 0 0 0 0 0 0 0 0 0 0 0 0 0 0 0.470181 0 0 0 0 0 0 0 -4.25922 0.829714 0.829714 0 0.829714 0 0 0 0 0 0 0 0 0 0 0 0.829714 0 0 0 0 0 0 0 
0 0 0 0 0 0 0 0 0 0.470181 0 0 0 0 0 0 0 0 0 0 0 0 0 0 0 0 0 0 0 0 0 0 0 0.470181 0 0 0 0 0 0 0.470181 -5.14425 0 1.24457 0 1.24457 0 0 0 0 0 0 0 0 0 0 0 1.24457 0 0 0 0 0 0 
0 0 0 0 0 0 0 0 0 0 0.470181 0 0 0 0 0 0 0 0 0 0 0 0 0 0 0 0 0 0 0 0 0 0 0 0.470181 0 0 0 0 0 0.470181 0 -5.14425 1.24457 0 0 1.24457 0 0 0 0 0 0 0 0 0 0 0 1.24457 0 0 0 0 0 
0 0 0 0 0 0 0 0 0 0 0 0.470181 0 0 0 0 0 0 0 0 0 0 0 0 0 0 0 0 0 0 0 0 0 0 0 0.470181 0 0 0 0 0 0.470181 0.470181 -5.19958 0 0 0 1.65943 0 0 0 0 0 0 0 0 0 0 0 1.65943 0 0 0 0 
0 0 0 0 0 0 0 0 0 0 0 0 0.470181 0 0 0 0 0 0 0 0 0 0 0 0 0 0 0 0 0 0 0 0 0 0 0 0.470181 0 0 0 0.470181 0 0 0 -5.14425 1.24457 1.24457 0 0 0 0 0 0 0 0 0 0 0 0 0 1.24457 0 0 0 
0 0 0 0 0 0 0 0 0 0 0 0 0 0.470181 0 0 0 0 0 0 0 0 0 0 0 0 0 0 0 0 0 0 0 0 0 0 0 0.470181 0 0 0 0.470181 0 0 0.470181 -5.19958 0 1.65943 0 0 0 0 0 0 0 0 0 0 0 0 0 1.65943 0 0 
0 0 0 0 0 0 0 0 0 0 0 0 0 0 0.470181 0 0 0 0 0 0 0 0 0 0 0 0 0 0 0 0 0 0 0 0 0 0 0 0.470181 0 0 0 0.470181 0 0.470181 0 -5.19958 1.65943 0 0 0 0 0 0 0 0 0 0 0 0 0 0 1.65943 0 
0 0 0 0 0 0 0 0 0 0 0 0 0 0 0 0.470181 0 0 0 0 0 0 0 0 0 0 0 0 0 0 0 0 0 0 0 0 0 0 0 0.470181 0 0 0 0.470181 0 0.470181 0.470181 -4.42519 0 0 0 0 0 0 0 0 0 0 0 0 0 0 0 2.07428 
0 0 0 0 0 0 0 0 0 0 0 0 0 0 0 0 0.470181 0 0 0 0 0 0 0 0 0 0 0 0 0 0 0 0.470181 0 0 0 0 0 0 0 0 0 0 0 0 0 0 0 -4.25922 0.829714 0.829714 0 0.829714 0 0 0 0.829714 0 0 0 0 0 0 0 
0 0 0 0 0 0 0 0 0 0 0 0 0 0 0 0 0 0.470181 0 0 0 0 0 0 0 0 0 0 0 0 0 0 0 0.470181 0 0 0 0 0 0 0 0 0 0 0 0 0 0 0.470181 -5.14425 0 1.24457 0 1.24457 0 0 0 1.24457 0 0 0 0 0 0 
0 0 0 0 0 0 0 0 0 0 0 0 0 0 0 0 0 0 0.470181 0 0 0 0 0 0 0 0 0 0 0 0 0 0 0 0.470181 0 0 0 0 0 0 0 0 0 0 0 0 0 0.470181 0 -5.14425 1.24457 0 0 1.24457 0 0 0 1.24457 0 0 0 0 0 
0 0 0 0 0 0 0 0 0 0 0 0 0 0 0 0 0 0 0 0.470181 0 0 0 0 0 0 0 0 0 0 0 0 0 0 0 0.470181 0 0 0 0 0 0 0 0 0 0 0 0 0 0.470181 0.470181 -5.19958 0 0 0 1.65943 0 0 0 1.65943 0 0 0 0 
0 0 0 0 0 0 0 0 0 0 0 0 0 0 0 0 0 0 0 0 0.470181 0 0 0 0 0 0 0 0 0 0 0 0 0 0 0 0.470181 0 0 0 0 0 0 0 0 0 0 0 0.470181 0 0 0 -5.14425 1.24457 1.24457 0 0 0 0 0 1.24457 0 0 0 
0 0 0 0 0 0 0 0 0 0 0 0 0 0 0 0 0 0 0 0 0 0.470181 0 0 0 0 0 0 0 0 0 0 0 0 0 0 0 0.470181 0 0 0 0 0 0 0 0 0 0 0 0.470181 0 0 0.470181 -5.19958 0 1.65943 0 0 0 0 0 1.65943 0 0 
0 0 0 0 0 0 0 0 0 0 0 0 0 0 0 0 0 0 0 0 0 0 0.470181 0 0 0 0 0 0 0 0 0 0 0 0 0 0 0 0.470181 0 0 0 0 0 0 0 0 0 0 0 0.470181 0 0.470181 0 -5.19958 1.65943 0 0 0 0 0 0 1.65943 0 
0 0 0 0 0 0 0 0 0 0 0 0 0 0 0 0 0 0 0 0 0 0 0 0.470181 0 0 0 0 0 0 0 0 0 0 0 0 0 0 0 0.470181 0 0 0 0 0 0 0 0 0 0 0 0.470181 0 0.470181 0.470181 -4.42519 0 0 0 0 0 0 0 2.07428 
0 0 0 0 0 0 0 0 0 0 0 0 0 0 0 0 0 0 0 0 0 0 0 0 0.470181 0 0 0 0 0 0 0 0 0 0 0 0 0 0 0 0.470181 0 0 0 0 0 0 0 0.470181 0 0 0 0 0 0 0 -5.14425 1.24457 1.24457 0 1.24457 0 0 0 
0 0 0 0 0 0 0 0 0 0 0 0 0 0 0 0 0 0 0 0 0 0 0 0 0 0.470181 0 0 0 0 0 0 0 0 0 0 0 0 0 0 0 0.470181 0 0 0 0 0 0 0 0.470181 0 0 0 0 0 0 0.470181 -5.19958 0 1.65943 0 1.65943 0 0 
0 0 0 0 0 0 0 0 0 0 0 0 0 0 0 0 0 0 0 0 0 0 0 0 0 0 0.470181 0 0 0 0 0 0 0 0 0 0 0 0 0 0 0 0.470181 0 0 0 0 0 0 0 0.470181 0 0 0 0 0 0.470181 0 -5.19958 1.65943 0 0 1.65943 0 
0 0 0 0 0 0 0 0 0 0 0 0 0 0 0 0 0 0 0 0 0 0 0 0 0 0 0 0.470181 0 0 0 0 0 0 0 0 0 0 0 0 0 0 0 0.470181 0 0 0 0 0 0 0 0.470181 0 0 0 0 0 0.470181 0.470181 -4.42519 0 0 0 2.07428 
0 0 0 0 0 0 0 0 0 0 0 0 0 0 0 0 0 0 0 0 0 0 0 0 0 0 0 0 0.470181 0 0 0 0 0 0 0 0 0 0 0 0 0 0 0 0.470181 0 0 0 0 0 0 0 0.470181 0 0 0 0.470181 0 0 0 -5.19958 1.65943 1.65943 0 
0 0 0 0 0 0 0 0 0 0 0 0 0 0 0 0 0 0 0 0 0 0 0 0 0 0 0 0 0 0.470181 0 0 0 0 0 0 0 0 0 0 0 0 0 0 0 0.470181 0 0 0 0 0 0 0 0.470181 0 0 0 0.470181 0 0 0.470181 -4.42519 0 2.07428 
0 0 0 0 0 0 0 0 0 0 0 0 0 0 0 0 0 0 0 0 0 0 0 0 0 0 0 0 0 0 0.470181 0 0 0 0 0 0 0 0 0 0 0 0 0 0 0 0.470181 0 0 0 0 0 0 0 0.470181 0 0 0 0.470181 0 0.470181 0 -4.42519 2.07428 
0 0 0 0 0 0 0 0 0 0 0 0 0 0 0 0 0 0 0 0 0 0 0 0 0 0 0 0 0 0 0 0.470181 0 0 0 0 0 0 0 0 0 0 0 0 0 0 0 0.470181 0 0 0 0 0 0 0 0.470181 0 0 0 0.470181 0 0.470181 0.470181 -2.82108 
