32
-0 0 0 0 0 0 0 0 0 0 0 0 0 0 0 0 0 0 0 0 0 0 0 0 0 0 0 0 0 0 0 0 
0.105885 -1.0699 0 0.241003 0 0.241003 0 0 0 0.241003 0 0 0 0 0 0 0 0.241003 0 0 0 0 0 0 0 0 0 0 0 0 0 0 
0.105885 0 -1.0699 0.241003 0 0 0.241003 0 0 0 0.241003 0 0 0 0 0 0 0 0.241003 0 0 0 0 0 0 0 0 0 0 0 0 0 
0 0.105885 0.105885 -1.65779 0 0 0 0.482006 0 0 0 0.482006 0 0 0 0 0 0 0 0.482006 0 0 0 0 0 0 0 0 0 0 0 0 
0.105885 0 0 0 -1.0699 0.241003 0.241003 0 0 0 0 0 0.241003 0 0 0 0 0 0 0 0.241003 0 0 0 0 0 0 0 0 0 0 0 
0 0.105885 0 0 0.105885 -1.65779 0 0.482006 0 0 0 0 0 0.482006 0 0 0 0 0 0 0 0.482006 0 0 0 0 0 0 0 0 0 0 
0 0 0.105885 0 0.105885 0 -1.65779 0.482006 0 0 0 0 0 0 0.482006 0 0 0 0 0 0 0 0.482006 0 0 0 0 0 0 0 0 0 
0 0 0 0.105885 0 0.105885 0.105885 -1.76367 0 0 0 0 0 0 0 0.72301 0 0 0 0 0 0 0 0.72301 0 0 0 0 0 0 0 0 
0.105885 0 0 0 0 0 0 0 -1.0699 0.241003 0.241003 0 0.241003 0 0 0 0 0 0 0 0 0 0 0 0.241003 0 0 0 0 0 0 0 
0 0.105885 0 0 0 0 0 0 0.105885 -1.65779 0 0.482006 0 0.482006 0 0 0 0 0 0 0 0 0 0 0 0.482006 0 0 0 0 0 0 
0 0 0.105885 0 0 0 0 0 0.105885 0 -1.65779 0.482006 0 0 0.482006 0 0 0 0 0 0 0 0 0 0 0 0.482006 0 0 0 0 0 
0 0 0 0.105885 0 0 0 0 0 0.105885 0.105885 -1.76367 0 0 0 0.72301 0 0 0 0 0 0 0 0 0 0 0 0.72301 0 0 0 0 
0 0 0 0 0.105885 0 0 0 0.105885 0 0 0 -1.65779 0.482006 0.482006 0 0 0 0 0 0 0 0 0 0 0 0 0 0.482006 0 0 0 
0 0 0 0 0 0.105885 0 0 0 0.105885 0 0 0.105885 -1.76367 0 0.72301 0 0 0 0 0 0 0 0 0 0 0 0 0 0.72301 0 0 
0 0 0 0 0 0 0.105885 0 0 0 0.105885 0 0.105885 0 -1.76367 0.72301 0 0 0 0 0 0 0 0 0 0 0 0 0 0 0.72301 0 
0 0 0 0 0 0 0 0.105885 0 0 0 0.105885 0 0.105885 0.105885 -1.38755 0 0 0 0 0 0 0 0 0 0 0 0 0 0 0 0.964013 
0.105885 0 0 0 0 0 0 0 0 0 0 0 0 0 0 0 -1.0699 0.241003 0.241003 0 0.241003 0 0 0 0.241003 0 0 0 0 0 0 0 
0 0.105885 0 0 0 0 0 0 0 0 0 0 0 0 0 0 0.105885 -1.65779 0 0.482006 0 0.482006 0 0 0 0.482006 0 0 0 0 0 0 
0 0 0.105885 0 0 0 0 0 0 0 0 0 0 0 0 0 0.105885 0 -1.65779 0.482006 0 0 0.482006 0 0 0 0.482006 0 0 0 0 0 
0 0 0 0.105885 0 0 0 0 0 0 0 0 0 0 0 0 0 0.105885 0.105885 -1.76367 0 0 0 0.72301 0 0 0 0.72301 0 0 0 0 
0 0 0 0 0.105885 0 0 0 0 0 0 0 0 0 0 0 0.105885 0 0 0 -1.65779 0.482006 0.482006 0 0 0 0 0 0.482006 0 0 0 
0 0 0 0 0 0.105885 0 0 0 0 0 0 0 0 0 0 0 0.105885 0 0 0.105885 -1.76367 0 0.72301 0 0 0 0 0 0.72301 0 0 
0 0 0 0 0 0 0.105885 0 0 0 0 0 0 0 0 0 0 0 0.105885 0 0.105885 0 -1.76367 0.72301 0 0 0 0 0 0 0.72301 0 
0 0 0 0 0 0 0 0.105885 0 0 0 0 0 0 0 0 0 0 0 0.105885 0 0.105885 0.105885 -1.38755 0 0 0 0 0 0 0 0.964013 
0 0 0 0 0 0 0 0 0.105885 0 0 0 0 0 0 0 0.105885 0 0 0 0 0 0 0 -1.65779 0.482006 0.482006 0 0.482006 0 0 0 
0 0 0 0 0 0 0 0 0 0.105885 0 0 0 0 0 0 0 0.105885 0 0 0 0 0 0 0.105885 -1.76367 0 0.72301 0 0.72301 0 0 
0 0 0 0 0 0 0 0 0 0 0.105885 0 0 0 0 0 0 0 0.105885 0 0 0 0 0 0.105885 0 -1.76367 0.72301 0 0 0.72301 0 
0 0 0 0 0 0 0 0 0 0 0 0.105885 0 0 0 0 0 0 0 0.105885 0 0 0 0 0 0.105885 0.105885 -1.38755 0 0 0 0.964013 
0 0 0 0 0 0 0 0 0 0 0 0 0.105885 0 0 0 0 0 0 0 0.105885 0 0 0 0.105885 0 0 0 -1.76367 0.72301 0.72301 0 
0 0 0 0 0 0 0 0 0 0 0 0 0 0.105885 0 0 0 0 0 0 0 0.105885 0 0 0 0.105885 0 0 0.105885 -1.38755 0 0.964013 
0 0 0 0 0 0 0 0 0 0 0 0 0 0 0.105885 0 0 0 0 0 0 0 0.105885 0 0 0 0.105885 0 0.105885 0 -1.38755 0.964013 
0 0 0 0 0 0 0 0 0 0 0 0 0 0 0 0.105885 0 0 0 0 0 0 0 0.105885 0 0 0 0.105885 0 0.105885 0.105885 -0.529423 
