64
-0 0 0 0 0 0 0 0 0 0 0 0 0 0 0 0 0 0 0 0 0 0 0 0 0 0 0 0 0 0 0 0 0 0 0 0 0 0 0 0 0 0 0 0 0 0 0 0 0 0 0 0 0 0 0 0 0 0 0 0 0 0 0 0 
0.558444 -2.94076 0 0.476464 0 0.476464 0 0 0 0.476464 0 0 0 0 0 0 0 0.476464 0 0 0 0 0 0 0 0 0 0 0 0 0 0 0 0.476464 0 0 0 0 0 0 0 0 0 0 0 0 0 0 0 0 0 0 0 0 0 0 0 0 0 0 0 0 0 0 
0.558444 0 -2.94076 0.476464 0 0 0.476464 0 0 0 0.476464 0 0 0 0 0 0 0 0.476464 0 0 0 0 0 0 0 0 0 0 0 0 0 0 0 0.476464 0 0 0 0 0 0 0 0 0 0 0 0 0 0 0 0 0 0 0 0 0 0 0 0 0 0 0 0 0 
0 0.558444 0.558444 -4.9286 0 0 0 0.952927 0 0 0 0.952927 0 0 0 0 0 0 0 0.952927 0 0 0 0 0 0 0 0 0 0 0 0 0 0 0 0.952927 0 0 0 0 0 0 0 0 0 0 0 0 0 0 0 0 0 0 0 0 0 0 0 0 0 0 0 0 
0.558444 0 0 0 -2.94076 0.476464 0.476464 0 0 0 0 0 0.476464 0 0 0 0 0 0 0 0.476464 0 0 0 0 0 0 0 0 0 0 0 0 0 0 0 0.476464 0 0 0 0 0 0 0 0 0 0 0 0 0 0 0 0 0 0 0 0 0 0 0 0 0 0 0 
0 0.558444 0 0 0.558444 -4.9286 0 0.952927 0 0 0 0 0 0.952927 0 0 0 0 0 0 0 0.952927 0 0 0 0 0 0 0 0 0 0 0 0 0 0 0 0.952927 0 0 0 0 0 0 0 0 0 0 0 0 0 0 0 0 0 0 0 0 0 0 0 0 0 0 
0 0 0.558444 0 0.558444 0 -4.9286 0.952927 0 0 0 0 0 0 0.952927 0 0 0 0 0 0 0 0.952927 0 0 0 0 0 0 0 0 0 0 0 0 0 0 0 0.952927 0 0 0 0 0 0 0 0 0 0 0 0 0 0 0 0 0 0 0 0 0 0 0 0 0 
0 0 0 0.558444 0 0.558444 0.558444 -5.9635 0 0 0 0 0 0 0 1.42939 0 0 0 0 0 0 0 1.42939 0 0 0 0 0 0 0 0 0 0 0 0 0 0 0 1.42939 0 0 0 0 0 0 0 0 0 0 0 0 0 0 0 0 0 0 0 0 0 0 0 0 
0.558444 0 0 0 0 0 0 0 -2.94076 0.476464 0.476464 0 0.476464 0 0 0 0 0 0 0 0 0 0 0 0.476464 0 0 0 0 0 0 0 0 0 0 0 0 0 0 0 0.476464 0 0 0 0 0 0 0 0 0 0 0 0 0 0 0 0 0 0 0 0 0 0 0 
0 0.558444 0 0 0 0 0 0 0.558444 -4.9286 0 0.952927 0 0.952927 0 0 0 0 0 0 0 0 0 0 0 0.952927 0 0 0 0 0 0 0 0 0 0 0 0 0 0 0 0.952927 0 0 0 0 0 0 0 0 0 0 0 0 0 0 0 0 0 0 0 0 0 0 
0 0 0.558444 0 0 0 0 0 0.558444 0 -4.9286 0.952927 0 0 0.952927 0 0 0 0 0 0 0 0 0 0 0 0.952927 0 0 0 0 0 0 0 0 0 0 0 0 0 0 0 0.952927 0 0 0 0 0 0 0 0 0 0 0 0 0 0 0 0 0 0 0 0 0 
0 0 0 0.558444 0 0 0 0 0 0.558444 0.558444 -5.9635 0 0 0 1.42939 0 0 0 0 0 0 0 0 0 0 0 1.42939 0 0 0 0 0 0 0 0 0 0 0 0 0 0 0 1.42939 0 0 0 0 0 0 0 0 0 0 0 0 0 0 0 0 0 0 0 0 
0 0 0 0 0.558444 0 0 0 0.558444 0 0 0 -4.9286 0.952927 0.952927 0 0 0 0 0 0 0 0 0 0 0 0 0 0.952927 0 0 0 0 0 0 0 0 0 0 0 0 0 0 0 0.952927 0 0 0 0 0 0 0 0 0 0 0 0 0 0 0 0 0 0 0 
0 0 0 0 0 0.558444 0 0 0 0.558444 0 0 0.558444 -5.9635 0 1.42939 0 0 0 0 0 0 0 0 0 0 0 0 0 1.42939 0 0 0 0 0 0 0 0 0 0 0 0 0 0 0 1.42939 0 0 0 0 0 0 0 0 0 0 0 0 0 0 0 0 0 0 
0 0 0 0 0 0 0.558444 0 0 0 0.558444 0 0.558444 0 -5.9635 1.42939 0 0 0 0 0 0 0 0 0 0 0 0 0 0 1.42939 0 0 0 0 0 0 0 0 0 0 0 0 0 0 0 1.42939 0 0 0 0 0 0 0 0 0 0 0 0 0 0 0 0 0 
0 0 0 0 0 0 0 0.558444 0 0 0 0.558444 0 0.558444 0.558444 -6.04548 0 0 0 0 0 0 0 0 0 0 0 0 0 0 0 1.90585 0 0 0 0 0 0 0 0 0 0 0 0 0 0 0 1.90585 0 0 0 0 0 0 0 0 0 0 0 0 0 0 0 0 
0.558444 0 0 0 0 0 0 0 0 0 0 0 0 0 0 0 -2.94076 0.476464 0.476464 0 0.476464 0 0 0 0.476464 0 0 0 0 0 0 0 0 0 0 0 0 0 0 0 0 0 0 0 0 0 0 0 0.476464 0 0 0 0 0 0 0 0 0 0 0 0 0 0 0 
0 0.558444 0 0 0 0 0 0 0 0 0 0 0 0 0 0 0.558444 -4.9286 0 0.952927 0 0.952927 0 0 0 0.952927 0 0 0 0 0 0 0 0 0 0 0 0 0 0 0 0 0 0 0 0 0 0 0 0.952927 0 0 0 0 0 0 0 0 0 0 0 0 0 0 
0 0 0.558444 0 0 0 0 0 0 0 0 0 0 0 0 0 0.558444 0 -4.9286 0.952927 0 0 0.952927 0 0 0 0.952927 0 0 0 0 0 0 0 0 0 0 0 0 0 0 0 0 0 0 0 0 0 0 0 0.952927 0 0 0 0 0 0 0 0 0 0 0 0 0 
0 0 0 0.558444 0 0 0 0 0 0 0 0 0 0 0 0 0 0.558444 0.558444 -5.9635 0 0 0 1.42939 0 0 0 1.42939 0 0 0 0 0 0 0 0 0 0 0 0 0 0 0 0 0 0 0 0 0 0 0 1.42939 0 0 0 0 0 0 0 0 0 0 0 0 
0 0 0 0 0.558444 0 0 0 0 0 0 0 0 0 0 0 0.558444 0 0 0 -4.9286 0.952927 0.952927 0 0 0 0 0 0.952927 0 0 0 0 0 0 0 0 0 0 0 0 0 0 0 0 0 0 0 0 0 0 0 0.952927 0 0 0 0 0 0 0 0 0 0 0 
0 0 0 0 0 0.558444 0 0 0 0 0 0 0 0 0 0 0 0.558444 0 0 0.558444 -5.9635 0 1.42939 0 0 0 0 0 1.42939 0 0 0 0 0 0 0 0 0 0 0 0 0 0 0 0 0 0 0 0 0 0 0 1.42939 0 0 0 0 0 0 0 0 0 0 
0 0 0 0 0 0 0.558444 0 0 0 0 0 0 0 0 0 0 0 0.558444 0 0.558444 0 -5.9635 1.42939 0 0 0 0 0 0 1.42939 0 0 0 0 0 0 0 0 0 0 0 0 0 0 0 0 0 0 0 0 0 0 0 1.42939 0 0 0 0 0 0 0 0 0 
0 0 0 0 0 0 0 0.558444 0 0 0 0 0 0 0 0 0 0 0 0.558444 0 0.558444 0.558444 -6.04548 0 0 0 0 0 0 0 1.90585 0 0 0 0 0 0 0 0 0 0 0 0 0 0 0 0 0 0 0 0 0 0 0 1.90585 0 0 0 0 0 0 0 0 
0 0 0 0 0 0 0 0 0.558444 0 0 0 0 0 0 0 0.558444 0 0 0 0 0 0 0 -4.9286 0.952927 0.952927 0 0.952927 0 0 0 0 0 0 0 0 0 0 0 0 0 0 0 0 0 0 0 0 0 0 0 0 0 0 0 0.952927 0 0 0 0 0 0 0 
0 0 0 0 0 0 0 0 0 0.558444 0 0 0 0 0 0 0 0.558444 0 0 0 0 0 0 0.558444 -5.9635 0 1.42939 0 1.42939 0 0 0 0 0 0 0 0 0 0 0 0 0 0 0 0 0 0 0 0 0 0 0 0 0 0 0 1.42939 0 0 0 0 0 0 
0 0 0 0 0 0 0 0 0 0 0.558444 0 0 0 0 0 0 0 0.558444 0 0 0 0 0 0.558444 0 -5.9635 1.42939 0 0 1.42939 0 0 0 0 0 0 0 0 0 0 0 0 0 0 0 0 0 0 0 0 0 0 0 0 0 0 0 1.42939 0 0 0 0 0 
0 0 0 0 0 0 0 0 0 0 0 0.558444 0 0 0 0 0 0 0 0.558444 0 0 0 0 0 0.558444 0.558444 -6.04548 0 0 0 1.90585 0 0 0 0 0 0 0 0 0 0 0 0 0 0 0 0 0 0 0 0 0 0 0 0 0 0 0 1.90585 0 0 0 0 
0 0 0 0 0 0 0 0 0 0 0 0 0.558444 0 0 0 0 0 0 0 0.558444 0 0 0 0.558444 0 0 0 -5.9635 1.42939 1.42939 0 0 0 0 0 0 0 0 0 0 0 0 0 0 0 0 0 0 0 0 0 0 0 0 0 0 0 0 0 1.42939 0 0 0 
0 0 0 0 0 0 0 0 0 0 0 0 0 0.558444 0 0 0 0 0 0 0 0.558444 0 0 0 0.558444 0 0 0.558444 -6.04548 0 1.90585 0 0 0 0 0 0 0 0 0 0 0 0 0 0 0 0 0 0 0 0 0 0 0 0 0 0 0 0 0 1.90585 0 0 
0 0 0 0 0 0 0 0 0 0 0 0 0 0 0.558444 0 0 0 0 0 0 0 0.558444 0 0 0 0.558444 0 0.558444 0 -6.04548 1.90585 0 0 0 0 0 0 0 0 0 0 0 0 0 0 0 0 0 0 0 0 0 0 0 0 0 0 0 0 0 0 1.90585 0 
0 0 0 0 0 0 0 0 0 0 0 0 0 0 0 0.558444 0 0 0 0 0 0 0 0.558444 0 0 0 0.558444 0 0.558444 0.558444 -5.17454 0 0 0 0 0 0 0 0 0 0 0 0 0 0 0 0 0 0 0 0 0 0 0 0 0 0 0 0 0 0 0 2.38232 
0.558444 0 0 0 0 0 0 0 0 0 0 0 0 0 0 0 0 0 0 0 0 0 0 0 0 0 0 0 0 0 0 0 -2.94076 0.476464 0.476464 0 0.476464 0 0 0 0.476464 0 0 0 0 0 0 0 0.476464 0 0 0 0 0 0 0 0 0 0 0 0 0 0 0 
0 0.558444 0 0 0 0 0 0 0 0 0 0 0 0 0 0 0 0 0 0 0 0 0 0 0 0 0 0 0 0 0 0 0.558444 -4.9286 0 0.952927 0 0.952927 0 0 0 0.952927 0 0 0 0 0 0 0 0.952927 0 0 0 0 0 0 0 0 0 0 0 0 0 0 
0 0 0.558444 0 0 0 0 0 0 0 0 0 0 0 0 0 0 0 0 0 0 0 0 0 0 0 0 0 0 0 0 0 0.558444 0 -4.9286 0.952927 0 0 0.952927 0 0 0 0.952927 0 0 0 0 0 0 0 0.952927 0 0 0 0 0 0 0 0 0 0 0 0 0 
0 0 0 0.558444 0 0 0 0 0 0 0 0 0 0 0 0 0 0 0 0 0 0 0 0 0 0 0 0 0 0 0 0 0 0.558444 0.558444 -5.9635 0 0 0 1.42939 0 0 0 1.42939 0 0 0 0 0 0 0 1.42939 0 0 0 0 0 0 0 0 0 0 0 0 
0 0 0 0 0.558444 0 0 0 0 0 0 0 0 0 0 0 0 0 0 0 0 0 0 0 0 0 0 0 0 0 0 0 0.558444 0 0 0 -4.9286 0.952927 0.952927 0 0 0 0 0 0.952927 0 0 0 0 0 0 0 0.952927 0 0 0 0 0 0 0 0 0 0 0 
0 0 0 0 0 0.558444 0 0 0 0 0 0 0 0 0 0 0 0 0 0 0 0 0 0 0 0 0 0 0 0 0 0 0 0.558444 0 0 0.558444 -5.9635 0 1.42939 0 0 0 0 0 1.42939 0 0 0 0 0 0 0 1.42939 0 0 0 0 0 0 0 0 0 0 
0 0 0 0 0 0 0.558444 0 0 0 0 0 0 0 0 0 0 0 0 0 0 0 0 0 0 0 0 0 0 0 0 0 0 0 0.558444 0 0.558444 0 -5.9635 1.42939 0 0 0 0 0 0 1.42939 0 0 0 0 0 0 0 1.42939 0 0 0 0 0 0 0 0 0 
0 0 0 0 0 0 0 0.558444 0 0 0 0 0 0 0 0 0 0 0 0 0 0 0 0 0 0 0 0 0 0 0 0 0 0 0 0.558444 0 0.558444 0.558444 -6.04548 0 0 0 0 0 0 0 1.90585 0 0 0 0 0 0 0 1.90585 0 0 0 0 0 0 0 0 
0 0 0 0 0 0 0 0 0.558444 0 0 0 0 0 0 0 0 0 0 0 0 0 0 0 0 0 0 0 0 0 0 0 0.558444 0 0 0 0 0 0 0 -4.9286 0.952927 0.952927 0 0.952927 0 0 0 0 0 0 0 0 0 0 0 0.952927 0 0 0 0 0 0 0 
0 0 0 0 0 0 0 0 0 0.558444 0 0 0 0 0 0 0 0 0 0 0 0 0 0 0 0 0 0 0 0 0 0 0 0.558444 0 0 0 0 0 0 0.558444 -5.9635 0 1.42939 0 1.42939 0 0 0 0 0 0 0 0 0 0 0 1.42939 0 0 0 0 0 0 
0 0 0 0 0 0 0 0 0 0 0.558444 0 0 0 0 0 0 0 0 0 0 0 0 0 0 0 0 0 0 0 0 0 0 0 0.558444 0 0 0 0 0 0.558444 0 -5.9635 1.42939 0 0 1.42939 0 0 0 0 0 0 0 0 0 0 0 1.42939 0 0 0 0 0 
0 0 0 0 0 0 0 0 0 0 0 0.558444 0 0 0 0 0 0 0 0 0 0 0 0 0 0 0 0 0 0 0 0 0 0 0 0.558444 0 0 0 0 0 0.558444 0.558444 -6.04548 0 0 0 1.90585 0 0 0 0 0 0 0 0 0 0 0 1.90585 0 0 0 0 
0 0 0 0 0 0 0 0 0 0 0 0 0.558444 0 0 0 0 0 0 0 0 0 0 0 0 0 0 0 0 0 0 0 0 0 0 0 0.558444 0 0 0 0.558444 0 0 0 -5.9635 1.42939 1.42939 0 0 0 0 0 0 0 0 0 0 0 0 0 1.42939 0 0 0 
0 0 0 0 0 0 0 0 0 0 0 0 0 0.558444 0 0 0 0 0 0 0 0 0 0 0 0 0 0 0 0 0 0 0 0 0 0 0 0.558444 0 0 0 0.558444 0 0 0.558444 -6.04548 0 1.90585 0 0 0 0 0 0 0 0 0 0 0 0 0 1.90585 0 0 
0 0 0 0 0 0 0 0 0 0 0 0 0 0 0.558444 0 0 0 0 0 0 0 0 0 0 0 0 0 0 0 0 0 0 0 0 0 0 0 0.558444 0 0 0 0.558444 0 0.558444 0 -6.04548 1.90585 0 0 0 0 0 0 0 0 0 0 0 0 0 0 1.90585 0 
0 0 0 0 0 0 0 0 0 0 0 0 0 0 0 0.558444 0 0 0 0 0 0 0 0 0 0 0 0 0 0 0 0 0 0 0 0 0 0 0 0.558444 0 0 0 0.558444 0 0.558444 0.558444 -5.17454 0 0 0 0 0 0 0 0 0 0 0 0 0 0 0 2.38232 
0 0 0 0 0 0 0 0 0 0 0 0 0 0 0 0 0.558444 0 0 0 0 0 0 0 0 0 0 0 0 0 0 0 0.558444 0 0 0 0 0 0 0 0 0 0 0 0 0 0 0 -4.9286 0.952927 0.952927 0 0.952927 0 0 0 0.952927 0 0 0 0 0 0 0 
0 0 0 0 0 0 0 0 0 0 0 0 0 0 0 0 0 0.558444 0 0 0 0 0 0 0 0 0 0 0 0 0 0 0 0.558444 0 0 0 0 0 0 0 0 0 0 0 0 0 0 0.558444 -5.9635 0 1.42939 0 1.42939 0 0 0 1.42939 0 0 0 0 0 0 
0 0 0 0 0 0 0 0 0 0 0 0 0 0 0 0 0 0 0.558444 0 0 0 0 0 0 0 0 0 0 0 0 0 0 0 0.558444 0 0 0 0 0 0 0 0 0 0 0 0 0 0.558444 0 -5.9635 1.42939 0 0 1.42939 0 0 0 1.42939 0 0 0 0 0 
0 0 0 0 0 0 0 0 0 0 0 0 0 0 0 0 0 0 0 0.558444 0 0 0 0 0 0 0 0 0 0 0 0 0 0 0 0.558444 0 0 0 0 0 0 0 0 0 0 0 0 0 0.558444 0.558444 -6.04548 0 0 0 1.90585 0 0 0 1.90585 0 0 0 0 
0 0 0 0 0 0 0 0 0 0 0 0 0 0 0 0 0 0 0 0 0.558444 0 0 0 0 0 0 0 0 0 0 0 0 0 0 0 0.558444 0 0 0 0 0 0 0 0 0 0 0 0.558444 0 0 0 -5.9635 1.42939 1.42939 0 0 0 0 0 1.42939 0 0 0 
0 0 0 0 0 0 0 0 0 0 0 0 0 0 0 0 0 0 0 0 0 0.558444 0 0 0 0 0 0 0 0 0 0 0 0 0 0 0 0.558444 0 0 0 0 0 0 0 0 0 0 0 0.558444 0 0 0.558444 -6.04548 0 1.90585 0 0 0 0 0 1.90585 0 0 
0 0 0 0 0 0 0 0 0 0 0 0 0 0 0 0 0 0 0 0 0 0 0.558444 0 0 0 0 0 0 0 0 0 0 0 0 0 0 0 0.558444 0 0 0 0 0 0 0 0 0 0 0 0.558444 0 0.558444 0 -6.04548 1.90585 0 0 0 0 0 0 1.90585 0 
0 0 0 0 0 0 0 0 0 0 0 0 0 0 0 0 0 0 0 0 0 0 0 0.558444 0 0 0 0 0 0 0 0 0 0 0 0 0 0 0 0.558444 0 0 0 0 0 0 0 0 0 0 0 0.558444 0 0.558444 0.558444 -5.17454 0 0 0 0 0 0 0 2.38232 
0 0 0 0 0 0 0 0 0 0 0 0 0 0 0 0 0 0 0 0 0 0 0 0 0.558444 0 0 0 0 0 0 0 0 0 0 0 0 0 0 0 0.558444 0 0 0 0 0 0 0 0.558444 0 0 0 0 0 0 0 -5.9635 1.42939 1.42939 0 1.42939 0 0 0 
0 0 0 0 0 0 0 0 0 0 0 0 0 0 0 0 0 0 0 0 0 0 0 0 0 0.558444 0 0 0 0 0 0 0 0 0 0 0 0 0 0 0 0.558444 0 0 0 0 0 0 0 0.558444 0 0 0 0 0 0 0.558444 -6.04548 0 1.90585 0 1.90585 0 0 
0 0 0 0 0 0 0 0 0 0 0 0 0 0 0 0 0 0 0 0 0 0 0 0 0 0 0.558444 0 0 0 0 0 0 0 0 0 0 0 0 0 0 0 0.558444 0 0 0 0 0 0 0 0.558444 0 0 0 0 0 0.558444 0 -6.04548 1.90585 0 0 1.90585 0 
0 0 0 0 0 0 0 0 0 0 0 0 0 0 0 0 0 0 0 0 0 0 0 0 0 0 0 0.558444 0 0 0 0 0 0 0 0 0 0 0 0 0 0 0 0.558444 0 0 0 0 0 0 0 0.558444 0 0 0 0 0 0.558444 0.558444 -5.17454 0 0 0 2.38232 
0 0 0 0 0 0 0 0 0 0 0 0 0 0 0 0 0 0 0 0 0 0 0 0 0 0 0 0 0.558444 0 0 0 0 0 0 0 0 0 0 0 0 0 0 0 0.558444 0 0 0 0 0 0 0 0.558444 0 0 0 0.558444 0 0 0 -6.04548 1.90585 1.90585 0 
0 0 0 0 0 0 0 0 0 0 0 0 0 0 0 0 0 0 0 0 0 0 0 0 0 0 0 0 0 0.558444 0 0 0 0 0 0 0 0 0 0 0 0 0 0 0 0.558444 0 0 0 0 0 0 0 0.558444 0 0 0 0.558444 0 0 0.558444 -5.17454 0 2.38232 
0 0 0 0 0 0 0 0 0 0 0 0 0 0 0 0 0 0 0 0 0 0 0 0 0 0 0 0 0 0 0.558444 0 0 0 0 0 0 0 0 0 0 0 0 0 0 0 0.558444 0 0 0 0 0 0 0 0.558444 0 0 0 0.558444 0 0.558444 0 -5.17454 2.38232 
0 0 0 0 0 0 0 0 0 0 0 0 0 0 0 0 0 0 0 0 0 0 0 0 0 0 0 0 0 0 0 0.558444 0 0 0 0 0 0 0 0 0 0 0 0 0 0 0 0.558444 0 0 0 0 0 0 0 0.558444 0 0 0 0.558444 0 0.558444 0.558444 -3.35066 
