64
-0 0 0 0 0 0 0 0 0 0 0 0 0 0 0 0 0 0 0 0 0 0 0 0 0 0 0 0 0 0 0 0 0 0 0 0 0 0 0 0 0 0 0 0 0 0 0 0 0 0 0 0 0 0 0 0 0 0 0 0 0 0 0 0 
0.619616 -3.2649 0 0.529056 0 0.529056 0 0 0 0.529056 0 0 0 0 0 0 0 0.529056 0 0 0 0 0 0 0 0 0 0 0 0 0 0 0 0.529056 0 0 0 0 0 0 0 0 0 0 0 0 0 0 0 0 0 0 0 0 0 0 0 0 0 0 0 0 0 0 
0.619616 0 -3.2649 0.529056 0 0 0.529056 0 0 0 0.529056 0 0 0 0 0 0 0 0.529056 0 0 0 0 0 0 0 0 0 0 0 0 0 0 0 0.529056 0 0 0 0 0 0 0 0 0 0 0 0 0 0 0 0 0 0 0 0 0 0 0 0 0 0 0 0 0 
0 0.619616 0.619616 -5.47168 0 0 0 1.05811 0 0 0 1.05811 0 0 0 0 0 0 0 1.05811 0 0 0 0 0 0 0 0 0 0 0 0 0 0 0 1.05811 0 0 0 0 0 0 0 0 0 0 0 0 0 0 0 0 0 0 0 0 0 0 0 0 0 0 0 0 
0.619616 0 0 0 -3.2649 0.529056 0.529056 0 0 0 0 0 0.529056 0 0 0 0 0 0 0 0.529056 0 0 0 0 0 0 0 0 0 0 0 0 0 0 0 0.529056 0 0 0 0 0 0 0 0 0 0 0 0 0 0 0 0 0 0 0 0 0 0 0 0 0 0 0 
0 0.619616 0 0 0.619616 -5.47168 0 1.05811 0 0 0 0 0 1.05811 0 0 0 0 0 0 0 1.05811 0 0 0 0 0 0 0 0 0 0 0 0 0 0 0 1.05811 0 0 0 0 0 0 0 0 0 0 0 0 0 0 0 0 0 0 0 0 0 0 0 0 0 0 
0 0 0.619616 0 0.619616 0 -5.47168 1.05811 0 0 0 0 0 0 1.05811 0 0 0 0 0 0 0 1.05811 0 0 0 0 0 0 0 0 0 0 0 0 0 0 0 1.05811 0 0 0 0 0 0 0 0 0 0 0 0 0 0 0 0 0 0 0 0 0 0 0 0 0 
0 0 0 0.619616 0 0.619616 0.619616 -6.62035 0 0 0 0 0 0 0 1.58717 0 0 0 0 0 0 0 1.58717 0 0 0 0 0 0 0 0 0 0 0 0 0 0 0 1.58717 0 0 0 0 0 0 0 0 0 0 0 0 0 0 0 0 0 0 0 0 0 0 0 0 
0.619616 0 0 0 0 0 0 0 -3.2649 0.529056 0.529056 0 0.529056 0 0 0 0 0 0 0 0 0 0 0 0.529056 0 0 0 0 0 0 0 0 0 0 0 0 0 0 0 0.529056 0 0 0 0 0 0 0 0 0 0 0 0 0 0 0 0 0 0 0 0 0 0 0 
0 0.619616 0 0 0 0 0 0 0.619616 -5.47168 0 1.05811 0 1.05811 0 0 0 0 0 0 0 0 0 0 0 1.05811 0 0 0 0 0 0 0 0 0 0 0 0 0 0 0 1.05811 0 0 0 0 0 0 0 0 0 0 0 0 0 0 0 0 0 0 0 0 0 0 
0 0 0.619616 0 0 0 0 0 0.619616 0 -5.47168 1.05811 0 0 1.05811 0 0 0 0 0 0 0 0 0 0 0 1.05811 0 0 0 0 0 0 0 0 0 0 0 0 0 0 0 1.05811 0 0 0 0 0 0 0 0 0 0 0 0 0 0 0 0 0 0 0 0 0 
0 0 0 0.619616 0 0 0 0 0 0.619616 0.619616 -6.62035 0 0 0 1.58717 0 0 0 0 0 0 0 0 0 0 0 1.58717 0 0 0 0 0 0 0 0 0 0 0 0 0 0 0 1.58717 0 0 0 0 0 0 0 0 0 0 0 0 0 0 0 0 0 0 0 0 
0 0 0 0 0.619616 0 0 0 0.619616 0 0 0 -5.47168 1.05811 1.05811 0 0 0 0 0 0 0 0 0 0 0 0 0 1.05811 0 0 0 0 0 0 0 0 0 0 0 0 0 0 0 1.05811 0 0 0 0 0 0 0 0 0 0 0 0 0 0 0 0 0 0 0 
0 0 0 0 0 0.619616 0 0 0 0.619616 0 0 0.619616 -6.62035 0 1.58717 0 0 0 0 0 0 0 0 0 0 0 0 0 1.58717 0 0 0 0 0 0 0 0 0 0 0 0 0 0 0 1.58717 0 0 0 0 0 0 0 0 0 0 0 0 0 0 0 0 0 0 
0 0 0 0 0 0 0.619616 0 0 0 0.619616 0 0.619616 0 -6.62035 1.58717 0 0 0 0 0 0 0 0 0 0 0 0 0 0 1.58717 0 0 0 0 0 0 0 0 0 0 0 0 0 0 0 1.58717 0 0 0 0 0 0 0 0 0 0 0 0 0 0 0 0 0 
0 0 0 0 0 0 0 0.619616 0 0 0 0.619616 0 0.619616 0.619616 -6.71091 0 0 0 0 0 0 0 0 0 0 0 0 0 0 0 2.11622 0 0 0 0 0 0 0 0 0 0 0 0 0 0 0 2.11622 0 0 0 0 0 0 0 0 0 0 0 0 0 0 0 0 
0.619616 0 0 0 0 0 0 0 0 0 0 0 0 0 0 0 -3.2649 0.529056 0.529056 0 0.529056 0 0 0 0.529056 0 0 0 0 0 0 0 0 0 0 0 0 0 0 0 0 0 0 0 0 0 0 0 0.529056 0 0 0 0 0 0 0 0 0 0 0 0 0 0 0 
0 0.619616 0 0 0 0 0 0 0 0 0 0 0 0 0 0 0.619616 -5.47168 0 1.05811 0 1.05811 0 0 0 1.05811 0 0 0 0 0 0 0 0 0 0 0 0 0 0 0 0 0 0 0 0 0 0 0 1.05811 0 0 0 0 0 0 0 0 0 0 0 0 0 0 
0 0 0.619616 0 0 0 0 0 0 0 0 0 0 0 0 0 0.619616 0 -5.47168 1.05811 0 0 1.05811 0 0 0 1.05811 0 0 0 0 0 0 0 0 0 0 0 0 0 0 0 0 0 0 0 0 0 0 0 1.05811 0 0 0 0 0 0 0 0 0 0 0 0 0 
0 0 0 0.619616 0 0 0 0 0 0 0 0 0 0 0 0 0 0.619616 0.619616 -6.62035 0 0 0 1.58717 0 0 0 1.58717 0 0 0 0 0 0 0 0 0 0 0 0 0 0 0 0 0 0 0 0 0 0 0 1.58717 0 0 0 0 0 0 0 0 0 0 0 0 
0 0 0 0 0.619616 0 0 0 0 0 0 0 0 0 0 0 0.619616 0 0 0 -5.47168 1.05811 1.05811 0 0 0 0 0 1.05811 0 0 0 0 0 0 0 0 0 0 0 0 0 0 0 0 0 0 0 0 0 0 0 1.05811 0 0 0 0 0 0 0 0 0 0 0 
0 0 0 0 0 0.619616 0 0 0 0 0 0 0 0 0 0 0 0.619616 0 0 0.619616 -6.62035 0 1.58717 0 0 0 0 0 1.58717 0 0 0 0 0 0 0 0 0 0 0 0 0 0 0 0 0 0 0 0 0 0 0 1.58717 0 0 0 0 0 0 0 0 0 0 
0 0 0 0 0 0 0.619616 0 0 0 0 0 0 0 0 0 0 0 0.619616 0 0.619616 0 -6.62035 1.58717 0 0 0 0 0 0 1.58717 0 0 0 0 0 0 0 0 0 0 0 0 0 0 0 0 0 0 0 0 0 0 0 1.58717 0 0 0 0 0 0 0 0 0 
0 0 0 0 0 0 0 0.619616 0 0 0 0 0 0 0 0 0 0 0 0.619616 0 0.619616 0.619616 -6.71091 0 0 0 0 0 0 0 2.11622 0 0 0 0 0 0 0 0 0 0 0 0 0 0 0 0 0 0 0 0 0 0 0 2.11622 0 0 0 0 0 0 0 0 
0 0 0 0 0 0 0 0 0.619616 0 0 0 0 0 0 0 0.619616 0 0 0 0 0 0 0 -5.47168 1.05811 1.05811 0 1.05811 0 0 0 0 0 0 0 0 0 0 0 0 0 0 0 0 0 0 0 0 0 0 0 0 0 0 0 1.05811 0 0 0 0 0 0 0 
0 0 0 0 0 0 0 0 0 0.619616 0 0 0 0 0 0 0 0.619616 0 0 0 0 0 0 0.619616 -6.62035 0 1.58717 0 1.58717 0 0 0 0 0 0 0 0 0 0 0 0 0 0 0 0 0 0 0 0 0 0 0 0 0 0 0 1.58717 0 0 0 0 0 0 
0 0 0 0 0 0 0 0 0 0 0.619616 0 0 0 0 0 0 0 0.619616 0 0 0 0 0 0.619616 0 -6.62035 1.58717 0 0 1.58717 0 0 0 0 0 0 0 0 0 0 0 0 0 0 0 0 0 0 0 0 0 0 0 0 0 0 0 1.58717 0 0 0 0 0 
0 0 0 0 0 0 0 0 0 0 0 0.619616 0 0 0 0 0 0 0 0.619616 0 0 0 0 0 0.619616 0.619616 -6.71091 0 0 0 2.11622 0 0 0 0 0 0 0 0 0 0 0 0 0 0 0 0 0 0 0 0 0 0 0 0 0 0 0 2.11622 0 0 0 0 
0 0 0 0 0 0 0 0 0 0 0 0 0.619616 0 0 0 0 0 0 0 0.619616 0 0 0 0.619616 0 0 0 -6.62035 1.58717 1.58717 0 0 0 0 0 0 0 0 0 0 0 0 0 0 0 0 0 0 0 0 0 0 0 0 0 0 0 0 0 1.58717 0 0 0 
0 0 0 0 0 0 0 0 0 0 0 0 0 0.619616 0 0 0 0 0 0 0 0.619616 0 0 0 0.619616 0 0 0.619616 -6.71091 0 2.11622 0 0 0 0 0 0 0 0 0 0 0 0 0 0 0 0 0 0 0 0 0 0 0 0 0 0 0 0 0 2.11622 0 0 
0 0 0 0 0 0 0 0 0 0 0 0 0 0 0.619616 0 0 0 0 0 0 0 0.619616 0 0 0 0.619616 0 0.619616 0 -6.71091 2.11622 0 0 0 0 0 0 0 0 0 0 0 0 0 0 0 0 0 0 0 0 0 0 0 0 0 0 0 0 0 0 2.11622 0 
0 0 0 0 0 0 0 0 0 0 0 0 0 0 0 0.619616 0 0 0 0 0 0 0 0.619616 0 0 0 0.619616 0 0.619616 0.619616 -5.74336 0 0 0 0 0 0 0 0 0 0 0 0 0 0 0 0 0 0 0 0 0 0 0 0 0 0 0 0 0 0 0 2.64528 
0.619616 0 0 0 0 0 0 0 0 0 0 0 0 0 0 0 0 0 0 0 0 0 0 0 0 0 0 0 0 0 0 0 -3.2649 0.529056 0.529056 0 0.529056 0 0 0 0.529056 0 0 0 0 0 0 0 0.529056 0 0 0 0 0 0 0 0 0 0 0 0 0 0 0 
0 0.619616 0 0 0 0 0 0 0 0 0 0 0 0 0 0 0 0 0 0 0 0 0 0 0 0 0 0 0 0 0 0 0.619616 -5.47168 0 1.05811 0 1.05811 0 0 0 1.05811 0 0 0 0 0 0 0 1.05811 0 0 0 0 0 0 0 0 0 0 0 0 0 0 
0 0 0.619616 0 0 0 0 0 0 0 0 0 0 0 0 0 0 0 0 0 0 0 0 0 0 0 0 0 0 0 0 0 0.619616 0 -5.47168 1.05811 0 0 1.05811 0 0 0 1.05811 0 0 0 0 0 0 0 1.05811 0 0 0 0 0 0 0 0 0 0 0 0 0 
0 0 0 0.619616 0 0 0 0 0 0 0 0 0 0 0 0 0 0 0 0 0 0 0 0 0 0 0 0 0 0 0 0 0 0.619616 0.619616 -6.62035 0 0 0 1.58717 0 0 0 1.58717 0 0 0 0 0 0 0 1.58717 0 0 0 0 0 0 0 0 0 0 0 0 
0 0 0 0 0.619616 0 0 0 0 0 0 0 0 0 0 0 0 0 0 0 0 0 0 0 0 0 0 0 0 0 0 0 0.619616 0 0 0 -5.47168 1.05811 1.05811 0 0 0 0 0 1.05811 0 0 0 0 0 0 0 1.05811 0 0 0 0 0 0 0 0 0 0 0 
0 0 0 0 0 0.619616 0 0 0 0 0 0 0 0 0 0 0 0 0 0 0 0 0 0 0 0 0 0 0 0 0 0 0 0.619616 0 0 0.619616 -6.62035 0 1.58717 0 0 0 0 0 1.58717 0 0 0 0 0 0 0 1.58717 0 0 0 0 0 0 0 0 0 0 
0 0 0 0 0 0 0.619616 0 0 0 0 0 0 0 0 0 0 0 0 0 0 0 0 0 0 0 0 0 0 0 0 0 0 0 0.619616 0 0.619616 0 -6.62035 1.58717 0 0 0 0 0 0 1.58717 0 0 0 0 0 0 0 1.58717 0 0 0 0 0 0 0 0 0 
0 0 0 0 0 0 0 0.619616 0 0 0 0 0 0 0 0 0 0 0 0 0 0 0 0 0 0 0 0 0 0 0 0 0 0 0 0.619616 0 0.619616 0.619616 -6.71091 0 0 0 0 0 0 0 2.11622 0 0 0 0 0 0 0 2.11622 0 0 0 0 0 0 0 0 
0 0 0 0 0 0 0 0 0.619616 0 0 0 0 0 0 0 0 0 0 0 0 0 0 0 0 0 0 0 0 0 0 0 0.619616 0 0 0 0 0 0 0 -5.47168 1.05811 1.05811 0 1.05811 0 0 0 0 0 0 0 0 0 0 0 1.05811 0 0 0 0 0 0 0 
0 0 0 0 0 0 0 0 0 0.619616 0 0 0 0 0 0 0 0 0 0 0 0 0 0 0 0 0 0 0 0 0 0 0 0.619616 0 0 0 0 0 0 0.619616 -6.62035 0 1.58717 0 1.58717 0 0 0 0 0 0 0 0 0 0 0 1.58717 0 0 0 0 0 0 
0 0 0 0 0 0 0 0 0 0 0.619616 0 0 0 0 0 0 0 0 0 0 0 0 0 0 0 0 0 0 0 0 0 0 0 0.619616 0 0 0 0 0 0.619616 0 -6.62035 1.58717 0 0 1.58717 0 0 0 0 0 0 0 0 0 0 0 1.58717 0 0 0 0 0 
0 0 0 0 0 0 0 0 0 0 0 0.619616 0 0 0 0 0 0 0 0 0 0 0 0 0 0 0 0 0 0 0 0 0 0 0 0.619616 0 0 0 0 0 0.619616 0.619616 -6.71091 0 0 0 2.11622 0 0 0 0 0 0 0 0 0 0 0 2.11622 0 0 0 0 
0 0 0 0 0 0 0 0 0 0 0 0 0.619616 0 0 0 0 0 0 0 0 0 0 0 0 0 0 0 0 0 0 0 0 0 0 0 0.619616 0 0 0 0.619616 0 0 0 -6.62035 1.58717 1.58717 0 0 0 0 0 0 0 0 0 0 0 0 0 1.58717 0 0 0 
0 0 0 0 0 0 0 0 0 0 0 0 0 0.619616 0 0 0 0 0 0 0 0 0 0 0 0 0 0 0 0 0 0 0 0 0 0 0 0.619616 0 0 0 0.619616 0 0 0.619616 -6.71091 0 2.11622 0 0 0 0 0 0 0 0 0 0 0 0 0 2.11622 0 0 
0 0 0 0 0 0 0 0 0 0 0 0 0 0 0.619616 0 0 0 0 0 0 0 0 0 0 0 0 0 0 0 0 0 0 0 0 0 0 0 0.619616 0 0 0 0.619616 0 0.619616 0 -6.71091 2.11622 0 0 0 0 0 0 0 0 0 0 0 0 0 0 2.11622 0 
0 0 0 0 0 0 0 0 0 0 0 0 0 0 0 0.619616 0 0 0 0 0 0 0 0 0 0 0 0 0 0 0 0 0 0 0 0 0 0 0 0.619616 0 0 0 0.619616 0 0.619616 0.619616 -5.74336 0 0 0 0 0 0 0 0 0 0 0 0 0 0 0 2.64528 
0 0 0 0 0 0 0 0 0 0 0 0 0 0 0 0 0.619616 0 0 0 0 0 0 0 0 0 0 0 0 0 0 0 0.619616 0 0 0 0 0 0 0 0 0 0 0 0 0 0 0 -5.47168 1.05811 1.05811 0 1.05811 0 0 0 1.05811 0 0 0 0 0 0 0 
0 0 0 0 0 0 0 0 0 0 0 0 0 0 0 0 0 0.619616 0 0 0 0 0 0 0 0 0 0 0 0 0 0 0 0.619616 0 0 0 0 0 0 0 0 0 0 0 0 0 0 0.619616 -6.62035 0 1.58717 0 1.58717 0 0 0 1.58717 0 0 0 0 0 0 
0 0 0 0 0 0 0 0 0 0 0 0 0 0 0 0 0 0 0.619616 0 0 0 0 0 0 0 0 0 0 0 0 0 0 0 0.619616 0 0 0 0 0 0 0 0 0 0 0 0 0 0.619616 0 -6.62035 1.58717 0 0 1.58717 0 0 0 1.58717 0 0 0 0 0 
0 0 0 0 0 0 0 0 0 0 0 0 0 0 0 0 0 0 0 0.619616 0 0 0 0 0 0 0 0 0 0 0 0 0 0 0 0.619616 0 0 0 0 0 0 0 0 0 0 0 0 0 0.619616 0.619616 -6.71091 0 0 0 2.11622 0 0 0 2.11622 0 0 0 0 
0 0 0 0 0 0 0 0 0 0 0 0 0 0 0 0 0 0 0 0 0.619616 0 0 0 0 0 0 0 0 0 0 0 0 0 0 0 0.619616 0 0 0 0 0 0 0 0 0 0 0 0.619616 0 0 0 -6.62035 1.58717 1.58717 0 0 0 0 0 1.58717 0 0 0 
0 0 0 0 0 0 0 0 0 0 0 0 0 0 0 0 0 0 0 0 0 0.619616 0 0 0 0 0 0 0 0 0 0 0 0 0 0 0 0.619616 0 0 0 0 0 0 0 0 0 0 0 0.619616 0 0 0.619616 -6.71091 0 2.11622 0 0 0 0 0 2.11622 0 0 
0 0 0 0 0 0 0 0 0 0 0 0 0 0 0 0 0 0 0 0 0 0 0.619616 0 0 0 0 0 0 0 0 0 0 0 0 0 0 0 0.619616 0 0 0 0 0 0 0 0 0 0 0 0.619616 0 0.619616 0 -6.71091 2.11622 0 0 0 0 0 0 2.11622 0 
0 0 0 0 0 0 0 0 0 0 0 0 0 0 0 0 0 0 0 0 0 0 0 0.619616 0 0 0 0 0 0 0 0 0 0 0 0 0 0 0 0.619616 0 0 0 0 0 0 0 0 0 0 0 0.619616 0 0.619616 0.619616 -5.74336 0 0 0 0 0 0 0 2.64528 
0 0 0 0 0 0 0 0 0 0 0 0 0 0 0 0 0 0 0 0 0 0 0 0 0.619616 0 0 0 0 0 0 0 0 0 0 0 0 0 0 0 0.619616 0 0 0 0 0 0 0 0.619616 0 0 0 0 0 0 0 -6.62035 1.58717 1.58717 0 1.58717 0 0 0 
0 0 0 0 0 0 0 0 0 0 0 0 0 0 0 0 0 0 0 0 0 0 0 0 0 0.619616 0 0 0 0 0 0 0 0 0 0 0 0 0 0 0 0.619616 0 0 0 0 0 0 0 0.619616 0 0 0 0 0 0 0.619616 -6.71091 0 2.11622 0 2.11622 0 0 
0 0 0 0 0 0 0 0 0 0 0 0 0 0 0 0 0 0 0 0 0 0 0 0 0 0 0.619616 0 0 0 0 0 0 0 0 0 0 0 0 0 0 0 0.619616 0 0 0 0 0 0 0 0.619616 0 0 0 0 0 0.619616 0 -6.71091 2.11622 0 0 2.11622 0 
0 0 0 0 0 0 0 0 0 0 0 0 0 0 0 0 0 0 0 0 0 0 0 0 0 0 0 0.619616 0 0 0 0 0 0 0 0 0 0 0 0 0 0 0 0.619616 0 0 0 0 0 0 0 0.619616 0 0 0 0 0 0.619616 0.619616 -5.74336 0 0 0 2.64528 
0 0 0 0 0 0 0 0 0 0 0 0 0 0 0 0 0 0 0 0 0 0 0 0 0 0 0 0 0.619616 0 0 0 0 0 0 0 0 0 0 0 0 0 0 0 0.619616 0 0 0 0 0 0 0 0.619616 0 0 0 0.619616 0 0 0 -6.71091 2.11622 2.11622 0 
0 0 0 0 0 0 0 0 0 0 0 0 0 0 0 0 0 0 0 0 0 0 0 0 0 0 0 0 0 0.619616 0 0 0 0 0 0 0 0 0 0 0 0 0 0 0 0.619616 0 0 0 0 0 0 0 0.619616 0 0 0 0.619616 0 0 0.619616 -5.74336 0 2.64528 
0 0 0 0 0 0 0 0 0 0 0 0 0 0 0 0 0 0 0 0 0 0 0 0 0 0 0 0 0 0 0.619616 0 0 0 0 0 0 0 0 0 0 0 0 0 0 0 0.619616 0 0 0 0 0 0 0 0.619616 0 0 0 0.619616 0 0.619616 0 -5.74336 2.64528 
0 0 0 0 0 0 0 0 0 0 0 0 0 0 0 0 0 0 0 0 0 0 0 0 0 0 0 0 0 0 0 0.619616 0 0 0 0 0 0 0 0 0 0 0 0 0 0 0 0.619616 0 0 0 0 0 0 0 0.619616 0 0 0 0.619616 0 0.619616 0.619616 -3.7177 
