32
-0 0 0 0 0 0 0 0 0 0 0 0 0 0 0 0 0 0 0 0 0 0 0 0 0 0 0 0 0 0 0 0 
0.228928 -1.21476 0 0.246458 0 0.246458 0 0 0 0.246458 0 0 0 0 0 0 0 0.246458 0 0 0 0 0 0 0 0 0 0 0 0 0 0 
0.228928 0 -1.21476 0.246458 0 0 0.246458 0 0 0 0.246458 0 0 0 0 0 0 0 0.246458 0 0 0 0 0 0 0 0 0 0 0 0 0 
0 0.228928 0.228928 -1.93661 0 0 0 0.492917 0 0 0 0.492917 0 0 0 0 0 0 0 0.492917 0 0 0 0 0 0 0 0 0 0 0 0 
0.228928 0 0 0 -1.21476 0.246458 0.246458 0 0 0 0 0 0.246458 0 0 0 0 0 0 0 0.246458 0 0 0 0 0 0 0 0 0 0 0 
0 0.228928 0 0 0.228928 -1.93661 0 0.492917 0 0 0 0 0 0.492917 0 0 0 0 0 0 0 0.492917 0 0 0 0 0 0 0 0 0 0 
0 0 0.228928 0 0.228928 0 -1.93661 0.492917 0 0 0 0 0 0 0.492917 0 0 0 0 0 0 0 0.492917 0 0 0 0 0 0 0 0 0 
0 0 0 0.228928 0 0.228928 0.228928 -2.16554 0 0 0 0 0 0 0 0.739375 0 0 0 0 0 0 0 0.739375 0 0 0 0 0 0 0 0 
0.228928 0 0 0 0 0 0 0 -1.21476 0.246458 0.246458 0 0.246458 0 0 0 0 0 0 0 0 0 0 0 0.246458 0 0 0 0 0 0 0 
0 0.228928 0 0 0 0 0 0 0.228928 -1.93661 0 0.492917 0 0.492917 0 0 0 0 0 0 0 0 0 0 0 0.492917 0 0 0 0 0 0 
0 0 0.228928 0 0 0 0 0 0.228928 0 -1.93661 0.492917 0 0 0.492917 0 0 0 0 0 0 0 0 0 0 0 0.492917 0 0 0 0 0 
0 0 0 0.228928 0 0 0 0 0 0.228928 0.228928 -2.16554 0 0 0 0.739375 0 0 0 0 0 0 0 0 0 0 0 0.739375 0 0 0 0 
0 0 0 0 0.228928 0 0 0 0.228928 0 0 0 -1.93661 0.492917 0.492917 0 0 0 0 0 0 0 0 0 0 0 0 0 0.492917 0 0 0 
0 0 0 0 0 0.228928 0 0 0 0.228928 0 0 0.228928 -2.16554 0 0.739375 0 0 0 0 0 0 0 0 0 0 0 0 0 0.739375 0 0 
0 0 0 0 0 0 0.228928 0 0 0 0.228928 0 0.228928 0 -2.16554 0.739375 0 0 0 0 0 0 0 0 0 0 0 0 0 0 0.739375 0 
0 0 0 0 0 0 0 0.228928 0 0 0 0.228928 0 0.228928 0.228928 -1.90155 0 0 0 0 0 0 0 0 0 0 0 0 0 0 0 0.985834 
0.228928 0 0 0 0 0 0 0 0 0 0 0 0 0 0 0 -1.21476 0.246458 0.246458 0 0.246458 0 0 0 0.246458 0 0 0 0 0 0 0 
0 0.228928 0 0 0 0 0 0 0 0 0 0 0 0 0 0 0.228928 -1.93661 0 0.492917 0 0.492917 0 0 0 0.492917 0 0 0 0 0 0 
0 0 0.228928 0 0 0 0 0 0 0 0 0 0 0 0 0 0.228928 0 -1.93661 0.492917 0 0 0.492917 0 0 0 0.492917 0 0 0 0 0 
0 0 0 0.228928 0 0 0 0 0 0 0 0 0 0 0 0 0 0.228928 0.228928 -2.16554 0 0 0 0.739375 0 0 0 0.739375 0 0 0 0 
0 0 0 0 0.228928 0 0 0 0 0 0 0 0 0 0 0 0.228928 0 0 0 -1.93661 0.492917 0.492917 0 0 0 0 0 0.492917 0 0 0 
0 0 0 0 0 0.228928 0 0 0 0 0 0 0 0 0 0 0 0.228928 0 0 0.228928 -2.16554 0 0.739375 0 0 0 0 0 0.739375 0 0 
0 0 0 0 0 0 0.228928 0 0 0 0 0 0 0 0 0 0 0 0.228928 0 0.228928 0 -2.16554 0.739375 0 0 0 0 0 0 0.739375 0 
0 0 0 0 0 0 0 0.228928 0 0 0 0 0 0 0 0 0 0 0 0.228928 0 0.228928 0.228928 -1.90155 0 0 0 0 0 0 0 0.985834 
0 0 0 0 0 0 0 0 0.228928 0 0 0 0 0 0 0 0.228928 0 0 0 0 0 0 0 -1.93661 0.492917 0.492917 0 0.492917 0 0 0 
0 0 0 0 0 0 0 0 0 0.228928 0 0 0 0 0 0 0 0.228928 0 0 0 0 0 0 0.228928 -2.16554 0 0.739375 0 0.739375 0 0 
0 0 0 0 0 0 0 0 0 0 0.228928 0 0 0 0 0 0 0 0.228928 0 0 0 0 0 0.228928 0 -2.16554 0.739375 0 0 0.739375 0 
0 0 0 0 0 0 0 0 0 0 0 0.228928 0 0 0 0 0 0 0 0.228928 0 0 0 0 0 0.228928 0.228928 -1.90155 0 0 0 0.985834 
0 0 0 0 0 0 0 0 0 0 0 0 0.228928 0 0 0 0 0 0 0 0.228928 0 0 0 0.228928 0 0 0 -2.16554 0.739375 0.739375 0 
0 0 0 0 0 0 0 0 0 0 0 0 0 0.228928 0 0 0 0 0 0 0 0.228928 0 0 0 0.228928 0 0 0.228928 -1.90155 0 0.985834 
0 0 0 0 0 0 0 0 0 0 0 0 0 0 0.228928 0 0 0 0 0 0 0 0.228928 0 0 0 0.228928 0 0.228928 0 -1.90155 0.985834 
0 0 0 0 0 0 0 0 0 0 0 0 0 0 0 0.228928 0 0 0 0 0 0 0 0.228928 0 0 0 0.228928 0 0.228928 0.228928 -1.14464 
