64
-0 0 0 0 0 0 0 0 0 0 0 0 0 0 0 0 0 0 0 0 0 0 0 0 0 0 0 0 0 0 0 0 0 0 0 0 0 0 0 0 0 0 0 0 0 0 0 0 0 0 0 0 0 0 0 0 0 0 0 0 0 0 0 0 
0.374258 -1.9223 0 0.309608 0 0.309608 0 0 0 0.309608 0 0 0 0 0 0 0 0.309608 0 0 0 0 0 0 0 0 0 0 0 0 0 0 0 0.309608 0 0 0 0 0 0 0 0 0 0 0 0 0 0 0 0 0 0 0 0 0 0 0 0 0 0 0 0 0 0 
0.374258 0 -1.9223 0.309608 0 0 0.309608 0 0 0 0.309608 0 0 0 0 0 0 0 0.309608 0 0 0 0 0 0 0 0 0 0 0 0 0 0 0 0.309608 0 0 0 0 0 0 0 0 0 0 0 0 0 0 0 0 0 0 0 0 0 0 0 0 0 0 0 0 0 
0 0.374258 0.374258 -3.22538 0 0 0 0.619217 0 0 0 0.619217 0 0 0 0 0 0 0 0.619217 0 0 0 0 0 0 0 0 0 0 0 0 0 0 0 0.619217 0 0 0 0 0 0 0 0 0 0 0 0 0 0 0 0 0 0 0 0 0 0 0 0 0 0 0 0 
0.374258 0 0 0 -1.9223 0.309608 0.309608 0 0 0 0 0 0.309608 0 0 0 0 0 0 0 0.309608 0 0 0 0 0 0 0 0 0 0 0 0 0 0 0 0.309608 0 0 0 0 0 0 0 0 0 0 0 0 0 0 0 0 0 0 0 0 0 0 0 0 0 0 0 
0 0.374258 0 0 0.374258 -3.22538 0 0.619217 0 0 0 0 0 0.619217 0 0 0 0 0 0 0 0.619217 0 0 0 0 0 0 0 0 0 0 0 0 0 0 0 0.619217 0 0 0 0 0 0 0 0 0 0 0 0 0 0 0 0 0 0 0 0 0 0 0 0 0 0 
0 0 0.374258 0 0.374258 0 -3.22538 0.619217 0 0 0 0 0 0 0.619217 0 0 0 0 0 0 0 0.619217 0 0 0 0 0 0 0 0 0 0 0 0 0 0 0 0.619217 0 0 0 0 0 0 0 0 0 0 0 0 0 0 0 0 0 0 0 0 0 0 0 0 0 
0 0 0 0.374258 0 0.374258 0.374258 -3.90925 0 0 0 0 0 0 0 0.928825 0 0 0 0 0 0 0 0.928825 0 0 0 0 0 0 0 0 0 0 0 0 0 0 0 0.928825 0 0 0 0 0 0 0 0 0 0 0 0 0 0 0 0 0 0 0 0 0 0 0 0 
0.374258 0 0 0 0 0 0 0 -1.9223 0.309608 0.309608 0 0.309608 0 0 0 0 0 0 0 0 0 0 0 0.309608 0 0 0 0 0 0 0 0 0 0 0 0 0 0 0 0.309608 0 0 0 0 0 0 0 0 0 0 0 0 0 0 0 0 0 0 0 0 0 0 0 
0 0.374258 0 0 0 0 0 0 0.374258 -3.22538 0 0.619217 0 0.619217 0 0 0 0 0 0 0 0 0 0 0 0.619217 0 0 0 0 0 0 0 0 0 0 0 0 0 0 0 0.619217 0 0 0 0 0 0 0 0 0 0 0 0 0 0 0 0 0 0 0 0 0 0 
0 0 0.374258 0 0 0 0 0 0.374258 0 -3.22538 0.619217 0 0 0.619217 0 0 0 0 0 0 0 0 0 0 0 0.619217 0 0 0 0 0 0 0 0 0 0 0 0 0 0 0 0.619217 0 0 0 0 0 0 0 0 0 0 0 0 0 0 0 0 0 0 0 0 0 
0 0 0 0.374258 0 0 0 0 0 0.374258 0.374258 -3.90925 0 0 0 0.928825 0 0 0 0 0 0 0 0 0 0 0 0.928825 0 0 0 0 0 0 0 0 0 0 0 0 0 0 0 0.928825 0 0 0 0 0 0 0 0 0 0 0 0 0 0 0 0 0 0 0 0 
0 0 0 0 0.374258 0 0 0 0.374258 0 0 0 -3.22538 0.619217 0.619217 0 0 0 0 0 0 0 0 0 0 0 0 0 0.619217 0 0 0 0 0 0 0 0 0 0 0 0 0 0 0 0.619217 0 0 0 0 0 0 0 0 0 0 0 0 0 0 0 0 0 0 0 
0 0 0 0 0 0.374258 0 0 0 0.374258 0 0 0.374258 -3.90925 0 0.928825 0 0 0 0 0 0 0 0 0 0 0 0 0 0.928825 0 0 0 0 0 0 0 0 0 0 0 0 0 0 0 0.928825 0 0 0 0 0 0 0 0 0 0 0 0 0 0 0 0 0 0 
0 0 0 0 0 0 0.374258 0 0 0 0.374258 0 0.374258 0 -3.90925 0.928825 0 0 0 0 0 0 0 0 0 0 0 0 0 0 0.928825 0 0 0 0 0 0 0 0 0 0 0 0 0 0 0 0.928825 0 0 0 0 0 0 0 0 0 0 0 0 0 0 0 0 0 
0 0 0 0 0 0 0 0.374258 0 0 0 0.374258 0 0.374258 0.374258 -3.9739 0 0 0 0 0 0 0 0 0 0 0 0 0 0 0 1.23843 0 0 0 0 0 0 0 0 0 0 0 0 0 0 0 1.23843 0 0 0 0 0 0 0 0 0 0 0 0 0 0 0 0 
0.374258 0 0 0 0 0 0 0 0 0 0 0 0 0 0 0 -1.9223 0.309608 0.309608 0 0.309608 0 0 0 0.309608 0 0 0 0 0 0 0 0 0 0 0 0 0 0 0 0 0 0 0 0 0 0 0 0.309608 0 0 0 0 0 0 0 0 0 0 0 0 0 0 0 
0 0.374258 0 0 0 0 0 0 0 0 0 0 0 0 0 0 0.374258 -3.22538 0 0.619217 0 0.619217 0 0 0 0.619217 0 0 0 0 0 0 0 0 0 0 0 0 0 0 0 0 0 0 0 0 0 0 0 0.619217 0 0 0 0 0 0 0 0 0 0 0 0 0 0 
0 0 0.374258 0 0 0 0 0 0 0 0 0 0 0 0 0 0.374258 0 -3.22538 0.619217 0 0 0.619217 0 0 0 0.619217 0 0 0 0 0 0 0 0 0 0 0 0 0 0 0 0 0 0 0 0 0 0 0 0.619217 0 0 0 0 0 0 0 0 0 0 0 0 0 
0 0 0 0.374258 0 0 0 0 0 0 0 0 0 0 0 0 0 0.374258 0.374258 -3.90925 0 0 0 0.928825 0 0 0 0.928825 0 0 0 0 0 0 0 0 0 0 0 0 0 0 0 0 0 0 0 0 0 0 0 0.928825 0 0 0 0 0 0 0 0 0 0 0 0 
0 0 0 0 0.374258 0 0 0 0 0 0 0 0 0 0 0 0.374258 0 0 0 -3.22538 0.619217 0.619217 0 0 0 0 0 0.619217 0 0 0 0 0 0 0 0 0 0 0 0 0 0 0 0 0 0 0 0 0 0 0 0.619217 0 0 0 0 0 0 0 0 0 0 0 
0 0 0 0 0 0.374258 0 0 0 0 0 0 0 0 0 0 0 0.374258 0 0 0.374258 -3.90925 0 0.928825 0 0 0 0 0 0.928825 0 0 0 0 0 0 0 0 0 0 0 0 0 0 0 0 0 0 0 0 0 0 0 0.928825 0 0 0 0 0 0 0 0 0 0 
0 0 0 0 0 0 0.374258 0 0 0 0 0 0 0 0 0 0 0 0.374258 0 0.374258 0 -3.90925 0.928825 0 0 0 0 0 0 0.928825 0 0 0 0 0 0 0 0 0 0 0 0 0 0 0 0 0 0 0 0 0 0 0 0.928825 0 0 0 0 0 0 0 0 0 
0 0 0 0 0 0 0 0.374258 0 0 0 0 0 0 0 0 0 0 0 0.374258 0 0.374258 0.374258 -3.9739 0 0 0 0 0 0 0 1.23843 0 0 0 0 0 0 0 0 0 0 0 0 0 0 0 0 0 0 0 0 0 0 0 1.23843 0 0 0 0 0 0 0 0 
0 0 0 0 0 0 0 0 0.374258 0 0 0 0 0 0 0 0.374258 0 0 0 0 0 0 0 -3.22538 0.619217 0.619217 0 0.619217 0 0 0 0 0 0 0 0 0 0 0 0 0 0 0 0 0 0 0 0 0 0 0 0 0 0 0 0.619217 0 0 0 0 0 0 0 
0 0 0 0 0 0 0 0 0 0.374258 0 0 0 0 0 0 0 0.374258 0 0 0 0 0 0 0.374258 -3.90925 0 0.928825 0 0.928825 0 0 0 0 0 0 0 0 0 0 0 0 0 0 0 0 0 0 0 0 0 0 0 0 0 0 0 0.928825 0 0 0 0 0 0 
0 0 0 0 0 0 0 0 0 0 0.374258 0 0 0 0 0 0 0 0.374258 0 0 0 0 0 0.374258 0 -3.90925 0.928825 0 0 0.928825 0 0 0 0 0 0 0 0 0 0 0 0 0 0 0 0 0 0 0 0 0 0 0 0 0 0 0 0.928825 0 0 0 0 0 
0 0 0 0 0 0 0 0 0 0 0 0.374258 0 0 0 0 0 0 0 0.374258 0 0 0 0 0 0.374258 0.374258 -3.9739 0 0 0 1.23843 0 0 0 0 0 0 0 0 0 0 0 0 0 0 0 0 0 0 0 0 0 0 0 0 0 0 0 1.23843 0 0 0 0 
0 0 0 0 0 0 0 0 0 0 0 0 0.374258 0 0 0 0 0 0 0 0.374258 0 0 0 0.374258 0 0 0 -3.90925 0.928825 0.928825 0 0 0 0 0 0 0 0 0 0 0 0 0 0 0 0 0 0 0 0 0 0 0 0 0 0 0 0 0 0.928825 0 0 0 
0 0 0 0 0 0 0 0 0 0 0 0 0 0.374258 0 0 0 0 0 0 0 0.374258 0 0 0 0.374258 0 0 0.374258 -3.9739 0 1.23843 0 0 0 0 0 0 0 0 0 0 0 0 0 0 0 0 0 0 0 0 0 0 0 0 0 0 0 0 0 1.23843 0 0 
0 0 0 0 0 0 0 0 0 0 0 0 0 0 0.374258 0 0 0 0 0 0 0 0.374258 0 0 0 0.374258 0 0.374258 0 -3.9739 1.23843 0 0 0 0 0 0 0 0 0 0 0 0 0 0 0 0 0 0 0 0 0 0 0 0 0 0 0 0 0 0 1.23843 0 
0 0 0 0 0 0 0 0 0 0 0 0 0 0 0 0.374258 0 0 0 0 0 0 0 0.374258 0 0 0 0.374258 0 0.374258 0.374258 -3.41933 0 0 0 0 0 0 0 0 0 0 0 0 0 0 0 0 0 0 0 0 0 0 0 0 0 0 0 0 0 0 0 1.54804 
0.374258 0 0 0 0 0 0 0 0 0 0 0 0 0 0 0 0 0 0 0 0 0 0 0 0 0 0 0 0 0 0 0 -1.9223 0.309608 0.309608 0 0.309608 0 0 0 0.309608 0 0 0 0 0 0 0 0.309608 0 0 0 0 0 0 0 0 0 0 0 0 0 0 0 
0 0.374258 0 0 0 0 0 0 0 0 0 0 0 0 0 0 0 0 0 0 0 0 0 0 0 0 0 0 0 0 0 0 0.374258 -3.22538 0 0.619217 0 0.619217 0 0 0 0.619217 0 0 0 0 0 0 0 0.619217 0 0 0 0 0 0 0 0 0 0 0 0 0 0 
0 0 0.374258 0 0 0 0 0 0 0 0 0 0 0 0 0 0 0 0 0 0 0 0 0 0 0 0 0 0 0 0 0 0.374258 0 -3.22538 0.619217 0 0 0.619217 0 0 0 0.619217 0 0 0 0 0 0 0 0.619217 0 0 0 0 0 0 0 0 0 0 0 0 0 
0 0 0 0.374258 0 0 0 0 0 0 0 0 0 0 0 0 0 0 0 0 0 0 0 0 0 0 0 0 0 0 0 0 0 0.374258 0.374258 -3.90925 0 0 0 0.928825 0 0 0 0.928825 0 0 0 0 0 0 0 0.928825 0 0 0 0 0 0 0 0 0 0 0 0 
0 0 0 0 0.374258 0 0 0 0 0 0 0 0 0 0 0 0 0 0 0 0 0 0 0 0 0 0 0 0 0 0 0 0.374258 0 0 0 -3.22538 0.619217 0.619217 0 0 0 0 0 0.619217 0 0 0 0 0 0 0 0.619217 0 0 0 0 0 0 0 0 0 0 0 
0 0 0 0 0 0.374258 0 0 0 0 0 0 0 0 0 0 0 0 0 0 0 0 0 0 0 0 0 0 0 0 0 0 0 0.374258 0 0 0.374258 -3.90925 0 0.928825 0 0 0 0 0 0.928825 0 0 0 0 0 0 0 0.928825 0 0 0 0 0 0 0 0 0 0 
0 0 0 0 0 0 0.374258 0 0 0 0 0 0 0 0 0 0 0 0 0 0 0 0 0 0 0 0 0 0 0 0 0 0 0 0.374258 0 0.374258 0 -3.90925 0.928825 0 0 0 0 0 0 0.928825 0 0 0 0 0 0 0 0.928825 0 0 0 0 0 0 0 0 0 
0 0 0 0 0 0 0 0.374258 0 0 0 0 0 0 0 0 0 0 0 0 0 0 0 0 0 0 0 0 0 0 0 0 0 0 0 0.374258 0 0.374258 0.374258 -3.9739 0 0 0 0 0 0 0 1.23843 0 0 0 0 0 0 0 1.23843 0 0 0 0 0 0 0 0 
0 0 0 0 0 0 0 0 0.374258 0 0 0 0 0 0 0 0 0 0 0 0 0 0 0 0 0 0 0 0 0 0 0 0.374258 0 0 0 0 0 0 0 -3.22538 0.619217 0.619217 0 0.619217 0 0 0 0 0 0 0 0 0 0 0 0.619217 0 0 0 0 0 0 0 
0 0 0 0 0 0 0 0 0 0.374258 0 0 0 0 0 0 0 0 0 0 0 0 0 0 0 0 0 0 0 0 0 0 0 0.374258 0 0 0 0 0 0 0.374258 -3.90925 0 0.928825 0 0.928825 0 0 0 0 0 0 0 0 0 0 0 0.928825 0 0 0 0 0 0 
0 0 0 0 0 0 0 0 0 0 0.374258 0 0 0 0 0 0 0 0 0 0 0 0 0 0 0 0 0 0 0 0 0 0 0 0.374258 0 0 0 0 0 0.374258 0 -3.90925 0.928825 0 0 0.928825 0 0 0 0 0 0 0 0 0 0 0 0.928825 0 0 0 0 0 
0 0 0 0 0 0 0 0 0 0 0 0.374258 0 0 0 0 0 0 0 0 0 0 0 0 0 0 0 0 0 0 0 0 0 0 0 0.374258 0 0 0 0 0 0.374258 0.374258 -3.9739 0 0 0 1.23843 0 0 0 0 0 0 0 0 0 0 0 1.23843 0 0 0 0 
0 0 0 0 0 0 0 0 0 0 0 0 0.374258 0 0 0 0 0 0 0 0 0 0 0 0 0 0 0 0 0 0 0 0 0 0 0 0.374258 0 0 0 0.374258 0 0 0 -3.90925 0.928825 0.928825 0 0 0 0 0 0 0 0 0 0 0 0 0 0.928825 0 0 0 
0 0 0 0 0 0 0 0 0 0 0 0 0 0.374258 0 0 0 0 0 0 0 0 0 0 0 0 0 0 0 0 0 0 0 0 0 0 0 0.374258 0 0 0 0.374258 0 0 0.374258 -3.9739 0 1.23843 0 0 0 0 0 0 0 0 0 0 0 0 0 1.23843 0 0 
0 0 0 0 0 0 0 0 0 0 0 0 0 0 0.374258 0 0 0 0 0 0 0 0 0 0 0 0 0 0 0 0 0 0 0 0 0 0 0 0.374258 0 0 0 0.374258 0 0.374258 0 -3.9739 1.23843 0 0 0 0 0 0 0 0 0 0 0 0 0 0 1.23843 0 
0 0 0 0 0 0 0 0 0 0 0 0 0 0 0 0.374258 0 0 0 0 0 0 0 0 0 0 0 0 0 0 0 0 0 0 0 0 0 0 0 0.374258 0 0 0 0.374258 0 0.374258 0.374258 -3.41933 0 0 0 0 0 0 0 0 0 0 0 0 0 0 0 1.54804 
0 0 0 0 0 0 0 0 0 0 0 0 0 0 0 0 0.374258 0 0 0 0 0 0 0 0 0 0 0 0 0 0 0 0.374258 0 0 0 0 0 0 0 0 0 0 0 0 0 0 0 -3.22538 0.619217 0.619217 0 0.619217 0 0 0 0.619217 0 0 0 0 0 0 0 
0 0 0 0 0 0 0 0 0 0 0 0 0 0 0 0 0 0.374258 0 0 0 0 0 0 0 0 0 0 0 0 0 0 0 0.374258 0 0 0 0 0 0 0 0 0 0 0 0 0 0 0.374258 -3.90925 0 0.928825 0 0.928825 0 0 0 0.928825 0 0 0 0 0 0 
0 0 0 0 0 0 0 0 0 0 0 0 0 0 0 0 0 0 0.374258 0 0 0 0 0 0 0 0 0 0 0 0 0 0 0 0.374258 0 0 0 0 0 0 0 0 0 0 0 0 0 0.374258 0 -3.90925 0.928825 0 0 0.928825 0 0 0 0.928825 0 0 0 0 0 
0 0 0 0 0 0 0 0 0 0 0 0 0 0 0 0 0 0 0 0.374258 0 0 0 0 0 0 0 0 0 0 0 0 0 0 0 0.374258 0 0 0 0 0 0 0 0 0 0 0 0 0 0.374258 0.374258 -3.9739 0 0 0 1.23843 0 0 0 1.23843 0 0 0 0 
0 0 0 0 0 0 0 0 0 0 0 0 0 0 0 0 0 0 0 0 0.374258 0 0 0 0 0 0 0 0 0 0 0 0 0 0 0 0.374258 0 0 0 0 0 0 0 0 0 0 0 0.374258 0 0 0 -3.90925 0.928825 0.928825 0 0 0 0 0 0.928825 0 0 0 
0 0 0 0 0 0 0 0 0 0 0 0 0 0 0 0 0 0 0 0 0 0.374258 0 0 0 0 0 0 0 0 0 0 0 0 0 0 0 0.374258 0 0 0 0 0 0 0 0 0 0 0 0.374258 0 0 0.374258 -3.9739 0 1.23843 0 0 0 0 0 1.23843 0 0 
0 0 0 0 0 0 0 0 0 0 0 0 0 0 0 0 0 0 0 0 0 0 0.374258 0 0 0 0 0 0 0 0 0 0 0 0 0 0 0 0.374258 0 0 0 0 0 0 0 0 0 0 0 0.374258 0 0.374258 0 -3.9739 1.23843 0 0 0 0 0 0 1.23843 0 
0 0 0 0 0 0 0 0 0 0 0 0 0 0 0 0 0 0 0 0 0 0 0 0.374258 0 0 0 0 0 0 0 0 0 0 0 0 0 0 0 0.374258 0 0 0 0 0 0 0 0 0 0 0 0.374258 0 0.374258 0.374258 -3.41933 0 0 0 0 0 0 0 1.54804 
0 0 0 0 0 0 0 0 0 0 0 0 0 0 0 0 0 0 0 0 0 0 0 0 0.374258 0 0 0 0 0 0 0 0 0 0 0 0 0 0 0 0.374258 0 0 0 0 0 0 0 0.374258 0 0 0 0 0 0 0 -3.90925 0.928825 0.928825 0 0.928825 0 0 0 
0 0 0 0 0 0 0 0 0 0 0 0 0 0 0 0 0 0 0 0 0 0 0 0 0 0.374258 0 0 0 0 0 0 0 0 0 0 0 0 0 0 0 0.374258 0 0 0 0 0 0 0 0.374258 0 0 0 0 0 0 0.374258 -3.9739 0 1.23843 0 1.23843 0 0 
0 0 0 0 0 0 0 0 0 0 0 0 0 0 0 0 0 0 0 0 0 0 0 0 0 0 0.374258 0 0 0 0 0 0 0 0 0 0 0 0 0 0 0 0.374258 0 0 0 0 0 0 0 0.374258 0 0 0 0 0 0.374258 0 -3.9739 1.23843 0 0 1.23843 0 
0 0 0 0 0 0 0 0 0 0 0 0 0 0 0 0 0 0 0 0 0 0 0 0 0 0 0 0.374258 0 0 0 0 0 0 0 0 0 0 0 0 0 0 0 0.374258 0 0 0 0 0 0 0 0.374258 0 0 0 0 0 0.374258 0.374258 -3.41933 0 0 0 1.54804 
0 0 0 0 0 0 0 0 0 0 0 0 0 0 0 0 0 0 0 0 0 0 0 0 0 0 0 0 0.374258 0 0 0 0 0 0 0 0 0 0 0 0 0 0 0 0.374258 0 0 0 0 0 0 0 0.374258 0 0 0 0.374258 0 0 0 -3.9739 1.23843 1.23843 0 
0 0 0 0 0 0 0 0 0 0 0 0 0 0 0 0 0 0 0 0 0 0 0 0 0 0 0 0 0 0.374258 0 0 0 0 0 0 0 0 0 0 0 0 0 0 0 0.374258 0 0 0 0 0 0 0 0.374258 0 0 0 0.374258 0 0 0.374258 -3.41933 0 1.54804 
0 0 0 0 0 0 0 0 0 0 0 0 0 0 0 0 0 0 0 0 0 0 0 0 0 0 0 0 0 0 0.374258 0 0 0 0 0 0 0 0 0 0 0 0 0 0 0 0.374258 0 0 0 0 0 0 0 0.374258 0 0 0 0.374258 0 0.374258 0 -3.41933 1.54804 
0 0 0 0 0 0 0 0 0 0 0 0 0 0 0 0 0 0 0 0 0 0 0 0 0 0 0 0 0 0 0 0.374258 0 0 0 0 0 0 0 0 0 0 0 0 0 0 0 0.374258 0 0 0 0 0 0 0 0.374258 0 0 0 0.374258 0 0.374258 0.374258 -2.24555 
