64
-0 0 0 0 0 0 0 0 0 0 0 0 0 0 0 0 0 0 0 0 0 0 0 0 0 0 0 0 0 0 0 0 0 0 0 0 0 0 0 0 0 0 0 0 0 0 0 0 0 0 0 0 0 0 0 0 0 0 0 0 0 0 0 0 
0.564418 -2.9437 0 0.475856 0 0.475856 0 0 0 0.475856 0 0 0 0 0 0 0 0.475856 0 0 0 0 0 0 0 0 0 0 0 0 0 0 0 0.475856 0 0 0 0 0 0 0 0 0 0 0 0 0 0 0 0 0 0 0 0 0 0 0 0 0 0 0 0 0 0 
0.564418 0 -2.9437 0.475856 0 0 0.475856 0 0 0 0.475856 0 0 0 0 0 0 0 0.475856 0 0 0 0 0 0 0 0 0 0 0 0 0 0 0 0.475856 0 0 0 0 0 0 0 0 0 0 0 0 0 0 0 0 0 0 0 0 0 0 0 0 0 0 0 0 0 
0 0.564418 0.564418 -4.93569 0 0 0 0.951713 0 0 0 0.951713 0 0 0 0 0 0 0 0.951713 0 0 0 0 0 0 0 0 0 0 0 0 0 0 0 0.951713 0 0 0 0 0 0 0 0 0 0 0 0 0 0 0 0 0 0 0 0 0 0 0 0 0 0 0 0 
0.564418 0 0 0 -2.9437 0.475856 0.475856 0 0 0 0 0 0.475856 0 0 0 0 0 0 0 0.475856 0 0 0 0 0 0 0 0 0 0 0 0 0 0 0 0.475856 0 0 0 0 0 0 0 0 0 0 0 0 0 0 0 0 0 0 0 0 0 0 0 0 0 0 0 
0 0.564418 0 0 0.564418 -4.93569 0 0.951713 0 0 0 0 0 0.951713 0 0 0 0 0 0 0 0.951713 0 0 0 0 0 0 0 0 0 0 0 0 0 0 0 0.951713 0 0 0 0 0 0 0 0 0 0 0 0 0 0 0 0 0 0 0 0 0 0 0 0 0 0 
0 0 0.564418 0 0.564418 0 -4.93569 0.951713 0 0 0 0 0 0 0.951713 0 0 0 0 0 0 0 0.951713 0 0 0 0 0 0 0 0 0 0 0 0 0 0 0 0.951713 0 0 0 0 0 0 0 0 0 0 0 0 0 0 0 0 0 0 0 0 0 0 0 0 0 
0 0 0 0.564418 0 0.564418 0.564418 -5.97596 0 0 0 0 0 0 0 1.42757 0 0 0 0 0 0 0 1.42757 0 0 0 0 0 0 0 0 0 0 0 0 0 0 0 1.42757 0 0 0 0 0 0 0 0 0 0 0 0 0 0 0 0 0 0 0 0 0 0 0 0 
0.564418 0 0 0 0 0 0 0 -2.9437 0.475856 0.475856 0 0.475856 0 0 0 0 0 0 0 0 0 0 0 0.475856 0 0 0 0 0 0 0 0 0 0 0 0 0 0 0 0.475856 0 0 0 0 0 0 0 0 0 0 0 0 0 0 0 0 0 0 0 0 0 0 0 
0 0.564418 0 0 0 0 0 0 0.564418 -4.93569 0 0.951713 0 0.951713 0 0 0 0 0 0 0 0 0 0 0 0.951713 0 0 0 0 0 0 0 0 0 0 0 0 0 0 0 0.951713 0 0 0 0 0 0 0 0 0 0 0 0 0 0 0 0 0 0 0 0 0 0 
0 0 0.564418 0 0 0 0 0 0.564418 0 -4.93569 0.951713 0 0 0.951713 0 0 0 0 0 0 0 0 0 0 0 0.951713 0 0 0 0 0 0 0 0 0 0 0 0 0 0 0 0.951713 0 0 0 0 0 0 0 0 0 0 0 0 0 0 0 0 0 0 0 0 0 
0 0 0 0.564418 0 0 0 0 0 0.564418 0.564418 -5.97596 0 0 0 1.42757 0 0 0 0 0 0 0 0 0 0 0 1.42757 0 0 0 0 0 0 0 0 0 0 0 0 0 0 0 1.42757 0 0 0 0 0 0 0 0 0 0 0 0 0 0 0 0 0 0 0 0 
0 0 0 0 0.564418 0 0 0 0.564418 0 0 0 -4.93569 0.951713 0.951713 0 0 0 0 0 0 0 0 0 0 0 0 0 0.951713 0 0 0 0 0 0 0 0 0 0 0 0 0 0 0 0.951713 0 0 0 0 0 0 0 0 0 0 0 0 0 0 0 0 0 0 0 
0 0 0 0 0 0.564418 0 0 0 0.564418 0 0 0.564418 -5.97596 0 1.42757 0 0 0 0 0 0 0 0 0 0 0 0 0 1.42757 0 0 0 0 0 0 0 0 0 0 0 0 0 0 0 1.42757 0 0 0 0 0 0 0 0 0 0 0 0 0 0 0 0 0 0 
0 0 0 0 0 0 0.564418 0 0 0 0.564418 0 0.564418 0 -5.97596 1.42757 0 0 0 0 0 0 0 0 0 0 0 0 0 0 1.42757 0 0 0 0 0 0 0 0 0 0 0 0 0 0 0 1.42757 0 0 0 0 0 0 0 0 0 0 0 0 0 0 0 0 0 
0 0 0 0 0 0 0 0.564418 0 0 0 0.564418 0 0.564418 0.564418 -6.06452 0 0 0 0 0 0 0 0 0 0 0 0 0 0 0 1.90343 0 0 0 0 0 0 0 0 0 0 0 0 0 0 0 1.90343 0 0 0 0 0 0 0 0 0 0 0 0 0 0 0 0 
0.564418 0 0 0 0 0 0 0 0 0 0 0 0 0 0 0 -2.9437 0.475856 0.475856 0 0.475856 0 0 0 0.475856 0 0 0 0 0 0 0 0 0 0 0 0 0 0 0 0 0 0 0 0 0 0 0 0.475856 0 0 0 0 0 0 0 0 0 0 0 0 0 0 0 
0 0.564418 0 0 0 0 0 0 0 0 0 0 0 0 0 0 0.564418 -4.93569 0 0.951713 0 0.951713 0 0 0 0.951713 0 0 0 0 0 0 0 0 0 0 0 0 0 0 0 0 0 0 0 0 0 0 0 0.951713 0 0 0 0 0 0 0 0 0 0 0 0 0 0 
0 0 0.564418 0 0 0 0 0 0 0 0 0 0 0 0 0 0.564418 0 -4.93569 0.951713 0 0 0.951713 0 0 0 0.951713 0 0 0 0 0 0 0 0 0 0 0 0 0 0 0 0 0 0 0 0 0 0 0 0.951713 0 0 0 0 0 0 0 0 0 0 0 0 0 
0 0 0 0.564418 0 0 0 0 0 0 0 0 0 0 0 0 0 0.564418 0.564418 -5.97596 0 0 0 1.42757 0 0 0 1.42757 0 0 0 0 0 0 0 0 0 0 0 0 0 0 0 0 0 0 0 0 0 0 0 1.42757 0 0 0 0 0 0 0 0 0 0 0 0 
0 0 0 0 0.564418 0 0 0 0 0 0 0 0 0 0 0 0.564418 0 0 0 -4.93569 0.951713 0.951713 0 0 0 0 0 0.951713 0 0 0 0 0 0 0 0 0 0 0 0 0 0 0 0 0 0 0 0 0 0 0 0.951713 0 0 0 0 0 0 0 0 0 0 0 
0 0 0 0 0 0.564418 0 0 0 0 0 0 0 0 0 0 0 0.564418 0 0 0.564418 -5.97596 0 1.42757 0 0 0 0 0 1.42757 0 0 0 0 0 0 0 0 0 0 0 0 0 0 0 0 0 0 0 0 0 0 0 1.42757 0 0 0 0 0 0 0 0 0 0 
0 0 0 0 0 0 0.564418 0 0 0 0 0 0 0 0 0 0 0 0.564418 0 0.564418 0 -5.97596 1.42757 0 0 0 0 0 0 1.42757 0 0 0 0 0 0 0 0 0 0 0 0 0 0 0 0 0 0 0 0 0 0 0 1.42757 0 0 0 0 0 0 0 0 0 
0 0 0 0 0 0 0 0.564418 0 0 0 0 0 0 0 0 0 0 0 0.564418 0 0.564418 0.564418 -6.06452 0 0 0 0 0 0 0 1.90343 0 0 0 0 0 0 0 0 0 0 0 0 0 0 0 0 0 0 0 0 0 0 0 1.90343 0 0 0 0 0 0 0 0 
0 0 0 0 0 0 0 0 0.564418 0 0 0 0 0 0 0 0.564418 0 0 0 0 0 0 0 -4.93569 0.951713 0.951713 0 0.951713 0 0 0 0 0 0 0 0 0 0 0 0 0 0 0 0 0 0 0 0 0 0 0 0 0 0 0 0.951713 0 0 0 0 0 0 0 
0 0 0 0 0 0 0 0 0 0.564418 0 0 0 0 0 0 0 0.564418 0 0 0 0 0 0 0.564418 -5.97596 0 1.42757 0 1.42757 0 0 0 0 0 0 0 0 0 0 0 0 0 0 0 0 0 0 0 0 0 0 0 0 0 0 0 1.42757 0 0 0 0 0 0 
0 0 0 0 0 0 0 0 0 0 0.564418 0 0 0 0 0 0 0 0.564418 0 0 0 0 0 0.564418 0 -5.97596 1.42757 0 0 1.42757 0 0 0 0 0 0 0 0 0 0 0 0 0 0 0 0 0 0 0 0 0 0 0 0 0 0 0 1.42757 0 0 0 0 0 
0 0 0 0 0 0 0 0 0 0 0 0.564418 0 0 0 0 0 0 0 0.564418 0 0 0 0 0 0.564418 0.564418 -6.06452 0 0 0 1.90343 0 0 0 0 0 0 0 0 0 0 0 0 0 0 0 0 0 0 0 0 0 0 0 0 0 0 0 1.90343 0 0 0 0 
0 0 0 0 0 0 0 0 0 0 0 0 0.564418 0 0 0 0 0 0 0 0.564418 0 0 0 0.564418 0 0 0 -5.97596 1.42757 1.42757 0 0 0 0 0 0 0 0 0 0 0 0 0 0 0 0 0 0 0 0 0 0 0 0 0 0 0 0 0 1.42757 0 0 0 
0 0 0 0 0 0 0 0 0 0 0 0 0 0.564418 0 0 0 0 0 0 0 0.564418 0 0 0 0.564418 0 0 0.564418 -6.06452 0 1.90343 0 0 0 0 0 0 0 0 0 0 0 0 0 0 0 0 0 0 0 0 0 0 0 0 0 0 0 0 0 1.90343 0 0 
0 0 0 0 0 0 0 0 0 0 0 0 0 0 0.564418 0 0 0 0 0 0 0 0.564418 0 0 0 0.564418 0 0.564418 0 -6.06452 1.90343 0 0 0 0 0 0 0 0 0 0 0 0 0 0 0 0 0 0 0 0 0 0 0 0 0 0 0 0 0 0 1.90343 0 
0 0 0 0 0 0 0 0 0 0 0 0 0 0 0 0.564418 0 0 0 0 0 0 0 0.564418 0 0 0 0.564418 0 0.564418 0.564418 -5.20137 0 0 0 0 0 0 0 0 0 0 0 0 0 0 0 0 0 0 0 0 0 0 0 0 0 0 0 0 0 0 0 2.37928 
0.564418 0 0 0 0 0 0 0 0 0 0 0 0 0 0 0 0 0 0 0 0 0 0 0 0 0 0 0 0 0 0 0 -2.9437 0.475856 0.475856 0 0.475856 0 0 0 0.475856 0 0 0 0 0 0 0 0.475856 0 0 0 0 0 0 0 0 0 0 0 0 0 0 0 
0 0.564418 0 0 0 0 0 0 0 0 0 0 0 0 0 0 0 0 0 0 0 0 0 0 0 0 0 0 0 0 0 0 0.564418 -4.93569 0 0.951713 0 0.951713 0 0 0 0.951713 0 0 0 0 0 0 0 0.951713 0 0 0 0 0 0 0 0 0 0 0 0 0 0 
0 0 0.564418 0 0 0 0 0 0 0 0 0 0 0 0 0 0 0 0 0 0 0 0 0 0 0 0 0 0 0 0 0 0.564418 0 -4.93569 0.951713 0 0 0.951713 0 0 0 0.951713 0 0 0 0 0 0 0 0.951713 0 0 0 0 0 0 0 0 0 0 0 0 0 
0 0 0 0.564418 0 0 0 0 0 0 0 0 0 0 0 0 0 0 0 0 0 0 0 0 0 0 0 0 0 0 0 0 0 0.564418 0.564418 -5.97596 0 0 0 1.42757 0 0 0 1.42757 0 0 0 0 0 0 0 1.42757 0 0 0 0 0 0 0 0 0 0 0 0 
0 0 0 0 0.564418 0 0 0 0 0 0 0 0 0 0 0 0 0 0 0 0 0 0 0 0 0 0 0 0 0 0 0 0.564418 0 0 0 -4.93569 0.951713 0.951713 0 0 0 0 0 0.951713 0 0 0 0 0 0 0 0.951713 0 0 0 0 0 0 0 0 0 0 0 
0 0 0 0 0 0.564418 0 0 0 0 0 0 0 0 0 0 0 0 0 0 0 0 0 0 0 0 0 0 0 0 0 0 0 0.564418 0 0 0.564418 -5.97596 0 1.42757 0 0 0 0 0 1.42757 0 0 0 0 0 0 0 1.42757 0 0 0 0 0 0 0 0 0 0 
0 0 0 0 0 0 0.564418 0 0 0 0 0 0 0 0 0 0 0 0 0 0 0 0 0 0 0 0 0 0 0 0 0 0 0 0.564418 0 0.564418 0 -5.97596 1.42757 0 0 0 0 0 0 1.42757 0 0 0 0 0 0 0 1.42757 0 0 0 0 0 0 0 0 0 
0 0 0 0 0 0 0 0.564418 0 0 0 0 0 0 0 0 0 0 0 0 0 0 0 0 0 0 0 0 0 0 0 0 0 0 0 0.564418 0 0.564418 0.564418 -6.06452 0 0 0 0 0 0 0 1.90343 0 0 0 0 0 0 0 1.90343 0 0 0 0 0 0 0 0 
0 0 0 0 0 0 0 0 0.564418 0 0 0 0 0 0 0 0 0 0 0 0 0 0 0 0 0 0 0 0 0 0 0 0.564418 0 0 0 0 0 0 0 -4.93569 0.951713 0.951713 0 0.951713 0 0 0 0 0 0 0 0 0 0 0 0.951713 0 0 0 0 0 0 0 
0 0 0 0 0 0 0 0 0 0.564418 0 0 0 0 0 0 0 0 0 0 0 0 0 0 0 0 0 0 0 0 0 0 0 0.564418 0 0 0 0 0 0 0.564418 -5.97596 0 1.42757 0 1.42757 0 0 0 0 0 0 0 0 0 0 0 1.42757 0 0 0 0 0 0 
0 0 0 0 0 0 0 0 0 0 0.564418 0 0 0 0 0 0 0 0 0 0 0 0 0 0 0 0 0 0 0 0 0 0 0 0.564418 0 0 0 0 0 0.564418 0 -5.97596 1.42757 0 0 1.42757 0 0 0 0 0 0 0 0 0 0 0 1.42757 0 0 0 0 0 
0 0 0 0 0 0 0 0 0 0 0 0.564418 0 0 0 0 0 0 0 0 0 0 0 0 0 0 0 0 0 0 0 0 0 0 0 0.564418 0 0 0 0 0 0.564418 0.564418 -6.06452 0 0 0 1.90343 0 0 0 0 0 0 0 0 0 0 0 1.90343 0 0 0 0 
0 0 0 0 0 0 0 0 0 0 0 0 0.564418 0 0 0 0 0 0 0 0 0 0 0 0 0 0 0 0 0 0 0 0 0 0 0 0.564418 0 0 0 0.564418 0 0 0 -5.97596 1.42757 1.42757 0 0 0 0 0 0 0 0 0 0 0 0 0 1.42757 0 0 0 
0 0 0 0 0 0 0 0 0 0 0 0 0 0.564418 0 0 0 0 0 0 0 0 0 0 0 0 0 0 0 0 0 0 0 0 0 0 0 0.564418 0 0 0 0.564418 0 0 0.564418 -6.06452 0 1.90343 0 0 0 0 0 0 0 0 0 0 0 0 0 1.90343 0 0 
0 0 0 0 0 0 0 0 0 0 0 0 0 0 0.564418 0 0 0 0 0 0 0 0 0 0 0 0 0 0 0 0 0 0 0 0 0 0 0 0.564418 0 0 0 0.564418 0 0.564418 0 -6.06452 1.90343 0 0 0 0 0 0 0 0 0 0 0 0 0 0 1.90343 0 
0 0 0 0 0 0 0 0 0 0 0 0 0 0 0 0.564418 0 0 0 0 0 0 0 0 0 0 0 0 0 0 0 0 0 0 0 0 0 0 0 0.564418 0 0 0 0.564418 0 0.564418 0.564418 -5.20137 0 0 0 0 0 0 0 0 0 0 0 0 0 0 0 2.37928 
0 0 0 0 0 0 0 0 0 0 0 0 0 0 0 0 0.564418 0 0 0 0 0 0 0 0 0 0 0 0 0 0 0 0.564418 0 0 0 0 0 0 0 0 0 0 0 0 0 0 0 -4.93569 0.951713 0.951713 0 0.951713 0 0 0 0.951713 0 0 0 0 0 0 0 
0 0 0 0 0 0 0 0 0 0 0 0 0 0 0 0 0 0.564418 0 0 0 0 0 0 0 0 0 0 0 0 0 0 0 0.564418 0 0 0 0 0 0 0 0 0 0 0 0 0 0 0.564418 -5.97596 0 1.42757 0 1.42757 0 0 0 1.42757 0 0 0 0 0 0 
0 0 0 0 0 0 0 0 0 0 0 0 0 0 0 0 0 0 0.564418 0 0 0 0 0 0 0 0 0 0 0 0 0 0 0 0.564418 0 0 0 0 0 0 0 0 0 0 0 0 0 0.564418 0 -5.97596 1.42757 0 0 1.42757 0 0 0 1.42757 0 0 0 0 0 
0 0 0 0 0 0 0 0 0 0 0 0 0 0 0 0 0 0 0 0.564418 0 0 0 0 0 0 0 0 0 0 0 0 0 0 0 0.564418 0 0 0 0 0 0 0 0 0 0 0 0 0 0.564418 0.564418 -6.06452 0 0 0 1.90343 0 0 0 1.90343 0 0 0 0 
0 0 0 0 0 0 0 0 0 0 0 0 0 0 0 0 0 0 0 0 0.564418 0 0 0 0 0 0 0 0 0 0 0 0 0 0 0 0.564418 0 0 0 0 0 0 0 0 0 0 0 0.564418 0 0 0 -5.97596 1.42757 1.42757 0 0 0 0 0 1.42757 0 0 0 
0 0 0 0 0 0 0 0 0 0 0 0 0 0 0 0 0 0 0 0 0 0.564418 0 0 0 0 0 0 0 0 0 0 0 0 0 0 0 0.564418 0 0 0 0 0 0 0 0 0 0 0 0.564418 0 0 0.564418 -6.06452 0 1.90343 0 0 0 0 0 1.90343 0 0 
0 0 0 0 0 0 0 0 0 0 0 0 0 0 0 0 0 0 0 0 0 0 0.564418 0 0 0 0 0 0 0 0 0 0 0 0 0 0 0 0.564418 0 0 0 0 0 0 0 0 0 0 0 0.564418 0 0.564418 0 -6.06452 1.90343 0 0 0 0 0 0 1.90343 0 
0 0 0 0 0 0 0 0 0 0 0 0 0 0 0 0 0 0 0 0 0 0 0 0.564418 0 0 0 0 0 0 0 0 0 0 0 0 0 0 0 0.564418 0 0 0 0 0 0 0 0 0 0 0 0.564418 0 0.564418 0.564418 -5.20137 0 0 0 0 0 0 0 2.37928 
0 0 0 0 0 0 0 0 0 0 0 0 0 0 0 0 0 0 0 0 0 0 0 0 0.564418 0 0 0 0 0 0 0 0 0 0 0 0 0 0 0 0.564418 0 0 0 0 0 0 0 0.564418 0 0 0 0 0 0 0 -5.97596 1.42757 1.42757 0 1.42757 0 0 0 
0 0 0 0 0 0 0 0 0 0 0 0 0 0 0 0 0 0 0 0 0 0 0 0 0 0.564418 0 0 0 0 0 0 0 0 0 0 0 0 0 0 0 0.564418 0 0 0 0 0 0 0 0.564418 0 0 0 0 0 0 0.564418 -6.06452 0 1.90343 0 1.90343 0 0 
0 0 0 0 0 0 0 0 0 0 0 0 0 0 0 0 0 0 0 0 0 0 0 0 0 0 0.564418 0 0 0 0 0 0 0 0 0 0 0 0 0 0 0 0.564418 0 0 0 0 0 0 0 0.564418 0 0 0 0 0 0.564418 0 -6.06452 1.90343 0 0 1.90343 0 
0 0 0 0 0 0 0 0 0 0 0 0 0 0 0 0 0 0 0 0 0 0 0 0 0 0 0 0.564418 0 0 0 0 0 0 0 0 0 0 0 0 0 0 0 0.564418 0 0 0 0 0 0 0 0.564418 0 0 0 0 0 0.564418 0.564418 -5.20137 0 0 0 2.37928 
0 0 0 0 0 0 0 0 0 0 0 0 0 0 0 0 0 0 0 0 0 0 0 0 0 0 0 0 0.564418 0 0 0 0 0 0 0 0 0 0 0 0 0 0 0 0.564418 0 0 0 0 0 0 0 0.564418 0 0 0 0.564418 0 0 0 -6.06452 1.90343 1.90343 0 
0 0 0 0 0 0 0 0 0 0 0 0 0 0 0 0 0 0 0 0 0 0 0 0 0 0 0 0 0 0.564418 0 0 0 0 0 0 0 0 0 0 0 0 0 0 0 0.564418 0 0 0 0 0 0 0 0.564418 0 0 0 0.564418 0 0 0.564418 -5.20137 0 2.37928 
0 0 0 0 0 0 0 0 0 0 0 0 0 0 0 0 0 0 0 0 0 0 0 0 0 0 0 0 0 0 0.564418 0 0 0 0 0 0 0 0 0 0 0 0 0 0 0 0.564418 0 0 0 0 0 0 0 0.564418 0 0 0 0.564418 0 0.564418 0 -5.20137 2.37928 
0 0 0 0 0 0 0 0 0 0 0 0 0 0 0 0 0 0 0 0 0 0 0 0 0 0 0 0 0 0 0 0.564418 0 0 0 0 0 0 0 0 0 0 0 0 0 0 0 0.564418 0 0 0 0 0 0 0 0.564418 0 0 0 0.564418 0 0.564418 0.564418 -3.38651 
