64
-0 0 0 0 0 0 0 0 0 0 0 0 0 0 0 0 0 0 0 0 0 0 0 0 0 0 0 0 0 0 0 0 0 0 0 0 0 0 0 0 0 0 0 0 0 0 0 0 0 0 0 0 0 0 0 0 0 0 0 0 0 0 0 0 
1.86811 -8.9554 0 1.41746 0 1.41746 0 0 0 1.41746 0 0 0 0 0 0 0 1.41746 0 0 0 0 0 0 0 0 0 0 0 0 0 0 0 1.41746 0 0 0 0 0 0 0 0 0 0 0 0 0 0 0 0 0 0 0 0 0 0 0 0 0 0 0 0 0 0 
1.86811 0 -8.9554 1.41746 0 0 1.41746 0 0 0 1.41746 0 0 0 0 0 0 0 1.41746 0 0 0 0 0 0 0 0 0 0 0 0 0 0 0 1.41746 0 0 0 0 0 0 0 0 0 0 0 0 0 0 0 0 0 0 0 0 0 0 0 0 0 0 0 0 0 
0 1.86811 1.86811 -15.0759 0 0 0 2.83492 0 0 0 2.83492 0 0 0 0 0 0 0 2.83492 0 0 0 0 0 0 0 0 0 0 0 0 0 0 0 2.83492 0 0 0 0 0 0 0 0 0 0 0 0 0 0 0 0 0 0 0 0 0 0 0 0 0 0 0 0 
1.86811 0 0 0 -8.9554 1.41746 1.41746 0 0 0 0 0 1.41746 0 0 0 0 0 0 0 1.41746 0 0 0 0 0 0 0 0 0 0 0 0 0 0 0 1.41746 0 0 0 0 0 0 0 0 0 0 0 0 0 0 0 0 0 0 0 0 0 0 0 0 0 0 0 
0 1.86811 0 0 1.86811 -15.0759 0 2.83492 0 0 0 0 0 2.83492 0 0 0 0 0 0 0 2.83492 0 0 0 0 0 0 0 0 0 0 0 0 0 0 0 2.83492 0 0 0 0 0 0 0 0 0 0 0 0 0 0 0 0 0 0 0 0 0 0 0 0 0 0 
0 0 1.86811 0 1.86811 0 -15.0759 2.83492 0 0 0 0 0 0 2.83492 0 0 0 0 0 0 0 2.83492 0 0 0 0 0 0 0 0 0 0 0 0 0 0 0 2.83492 0 0 0 0 0 0 0 0 0 0 0 0 0 0 0 0 0 0 0 0 0 0 0 0 0 
0 0 0 1.86811 0 1.86811 1.86811 -18.3615 0 0 0 0 0 0 0 4.25237 0 0 0 0 0 0 0 4.25237 0 0 0 0 0 0 0 0 0 0 0 0 0 0 0 4.25237 0 0 0 0 0 0 0 0 0 0 0 0 0 0 0 0 0 0 0 0 0 0 0 0 
1.86811 0 0 0 0 0 0 0 -8.9554 1.41746 1.41746 0 1.41746 0 0 0 0 0 0 0 0 0 0 0 1.41746 0 0 0 0 0 0 0 0 0 0 0 0 0 0 0 1.41746 0 0 0 0 0 0 0 0 0 0 0 0 0 0 0 0 0 0 0 0 0 0 0 
0 1.86811 0 0 0 0 0 0 1.86811 -15.0759 0 2.83492 0 2.83492 0 0 0 0 0 0 0 0 0 0 0 2.83492 0 0 0 0 0 0 0 0 0 0 0 0 0 0 0 2.83492 0 0 0 0 0 0 0 0 0 0 0 0 0 0 0 0 0 0 0 0 0 0 
0 0 1.86811 0 0 0 0 0 1.86811 0 -15.0759 2.83492 0 0 2.83492 0 0 0 0 0 0 0 0 0 0 0 2.83492 0 0 0 0 0 0 0 0 0 0 0 0 0 0 0 2.83492 0 0 0 0 0 0 0 0 0 0 0 0 0 0 0 0 0 0 0 0 0 
0 0 0 1.86811 0 0 0 0 0 1.86811 1.86811 -18.3615 0 0 0 4.25237 0 0 0 0 0 0 0 0 0 0 0 4.25237 0 0 0 0 0 0 0 0 0 0 0 0 0 0 0 4.25237 0 0 0 0 0 0 0 0 0 0 0 0 0 0 0 0 0 0 0 0 
0 0 0 0 1.86811 0 0 0 1.86811 0 0 0 -15.0759 2.83492 2.83492 0 0 0 0 0 0 0 0 0 0 0 0 0 2.83492 0 0 0 0 0 0 0 0 0 0 0 0 0 0 0 2.83492 0 0 0 0 0 0 0 0 0 0 0 0 0 0 0 0 0 0 0 
0 0 0 0 0 1.86811 0 0 0 1.86811 0 0 1.86811 -18.3615 0 4.25237 0 0 0 0 0 0 0 0 0 0 0 0 0 4.25237 0 0 0 0 0 0 0 0 0 0 0 0 0 0 0 4.25237 0 0 0 0 0 0 0 0 0 0 0 0 0 0 0 0 0 0 
0 0 0 0 0 0 1.86811 0 0 0 1.86811 0 1.86811 0 -18.3615 4.25237 0 0 0 0 0 0 0 0 0 0 0 0 0 0 4.25237 0 0 0 0 0 0 0 0 0 0 0 0 0 0 0 4.25237 0 0 0 0 0 0 0 0 0 0 0 0 0 0 0 0 0 
0 0 0 0 0 0 0 1.86811 0 0 0 1.86811 0 1.86811 1.86811 -18.8121 0 0 0 0 0 0 0 0 0 0 0 0 0 0 0 5.66983 0 0 0 0 0 0 0 0 0 0 0 0 0 0 0 5.66983 0 0 0 0 0 0 0 0 0 0 0 0 0 0 0 0 
1.86811 0 0 0 0 0 0 0 0 0 0 0 0 0 0 0 -8.9554 1.41746 1.41746 0 1.41746 0 0 0 1.41746 0 0 0 0 0 0 0 0 0 0 0 0 0 0 0 0 0 0 0 0 0 0 0 1.41746 0 0 0 0 0 0 0 0 0 0 0 0 0 0 0 
0 1.86811 0 0 0 0 0 0 0 0 0 0 0 0 0 0 1.86811 -15.0759 0 2.83492 0 2.83492 0 0 0 2.83492 0 0 0 0 0 0 0 0 0 0 0 0 0 0 0 0 0 0 0 0 0 0 0 2.83492 0 0 0 0 0 0 0 0 0 0 0 0 0 0 
0 0 1.86811 0 0 0 0 0 0 0 0 0 0 0 0 0 1.86811 0 -15.0759 2.83492 0 0 2.83492 0 0 0 2.83492 0 0 0 0 0 0 0 0 0 0 0 0 0 0 0 0 0 0 0 0 0 0 0 2.83492 0 0 0 0 0 0 0 0 0 0 0 0 0 
0 0 0 1.86811 0 0 0 0 0 0 0 0 0 0 0 0 0 1.86811 1.86811 -18.3615 0 0 0 4.25237 0 0 0 4.25237 0 0 0 0 0 0 0 0 0 0 0 0 0 0 0 0 0 0 0 0 0 0 0 4.25237 0 0 0 0 0 0 0 0 0 0 0 0 
0 0 0 0 1.86811 0 0 0 0 0 0 0 0 0 0 0 1.86811 0 0 0 -15.0759 2.83492 2.83492 0 0 0 0 0 2.83492 0 0 0 0 0 0 0 0 0 0 0 0 0 0 0 0 0 0 0 0 0 0 0 2.83492 0 0 0 0 0 0 0 0 0 0 0 
0 0 0 0 0 1.86811 0 0 0 0 0 0 0 0 0 0 0 1.86811 0 0 1.86811 -18.3615 0 4.25237 0 0 0 0 0 4.25237 0 0 0 0 0 0 0 0 0 0 0 0 0 0 0 0 0 0 0 0 0 0 0 4.25237 0 0 0 0 0 0 0 0 0 0 
0 0 0 0 0 0 1.86811 0 0 0 0 0 0 0 0 0 0 0 1.86811 0 1.86811 0 -18.3615 4.25237 0 0 0 0 0 0 4.25237 0 0 0 0 0 0 0 0 0 0 0 0 0 0 0 0 0 0 0 0 0 0 0 4.25237 0 0 0 0 0 0 0 0 0 
0 0 0 0 0 0 0 1.86811 0 0 0 0 0 0 0 0 0 0 0 1.86811 0 1.86811 1.86811 -18.8121 0 0 0 0 0 0 0 5.66983 0 0 0 0 0 0 0 0 0 0 0 0 0 0 0 0 0 0 0 0 0 0 0 5.66983 0 0 0 0 0 0 0 0 
0 0 0 0 0 0 0 0 1.86811 0 0 0 0 0 0 0 1.86811 0 0 0 0 0 0 0 -15.0759 2.83492 2.83492 0 2.83492 0 0 0 0 0 0 0 0 0 0 0 0 0 0 0 0 0 0 0 0 0 0 0 0 0 0 0 2.83492 0 0 0 0 0 0 0 
0 0 0 0 0 0 0 0 0 1.86811 0 0 0 0 0 0 0 1.86811 0 0 0 0 0 0 1.86811 -18.3615 0 4.25237 0 4.25237 0 0 0 0 0 0 0 0 0 0 0 0 0 0 0 0 0 0 0 0 0 0 0 0 0 0 0 4.25237 0 0 0 0 0 0 
0 0 0 0 0 0 0 0 0 0 1.86811 0 0 0 0 0 0 0 1.86811 0 0 0 0 0 1.86811 0 -18.3615 4.25237 0 0 4.25237 0 0 0 0 0 0 0 0 0 0 0 0 0 0 0 0 0 0 0 0 0 0 0 0 0 0 0 4.25237 0 0 0 0 0 
0 0 0 0 0 0 0 0 0 0 0 1.86811 0 0 0 0 0 0 0 1.86811 0 0 0 0 0 1.86811 1.86811 -18.8121 0 0 0 5.66983 0 0 0 0 0 0 0 0 0 0 0 0 0 0 0 0 0 0 0 0 0 0 0 0 0 0 0 5.66983 0 0 0 0 
0 0 0 0 0 0 0 0 0 0 0 0 1.86811 0 0 0 0 0 0 0 1.86811 0 0 0 1.86811 0 0 0 -18.3615 4.25237 4.25237 0 0 0 0 0 0 0 0 0 0 0 0 0 0 0 0 0 0 0 0 0 0 0 0 0 0 0 0 0 4.25237 0 0 0 
0 0 0 0 0 0 0 0 0 0 0 0 0 1.86811 0 0 0 0 0 0 0 1.86811 0 0 0 1.86811 0 0 1.86811 -18.8121 0 5.66983 0 0 0 0 0 0 0 0 0 0 0 0 0 0 0 0 0 0 0 0 0 0 0 0 0 0 0 0 0 5.66983 0 0 
0 0 0 0 0 0 0 0 0 0 0 0 0 0 1.86811 0 0 0 0 0 0 0 1.86811 0 0 0 1.86811 0 1.86811 0 -18.8121 5.66983 0 0 0 0 0 0 0 0 0 0 0 0 0 0 0 0 0 0 0 0 0 0 0 0 0 0 0 0 0 0 5.66983 0 
0 0 0 0 0 0 0 0 0 0 0 0 0 0 0 1.86811 0 0 0 0 0 0 0 1.86811 0 0 0 1.86811 0 1.86811 1.86811 -16.4279 0 0 0 0 0 0 0 0 0 0 0 0 0 0 0 0 0 0 0 0 0 0 0 0 0 0 0 0 0 0 0 7.08729 
1.86811 0 0 0 0 0 0 0 0 0 0 0 0 0 0 0 0 0 0 0 0 0 0 0 0 0 0 0 0 0 0 0 -8.9554 1.41746 1.41746 0 1.41746 0 0 0 1.41746 0 0 0 0 0 0 0 1.41746 0 0 0 0 0 0 0 0 0 0 0 0 0 0 0 
0 1.86811 0 0 0 0 0 0 0 0 0 0 0 0 0 0 0 0 0 0 0 0 0 0 0 0 0 0 0 0 0 0 1.86811 -15.0759 0 2.83492 0 2.83492 0 0 0 2.83492 0 0 0 0 0 0 0 2.83492 0 0 0 0 0 0 0 0 0 0 0 0 0 0 
0 0 1.86811 0 0 0 0 0 0 0 0 0 0 0 0 0 0 0 0 0 0 0 0 0 0 0 0 0 0 0 0 0 1.86811 0 -15.0759 2.83492 0 0 2.83492 0 0 0 2.83492 0 0 0 0 0 0 0 2.83492 0 0 0 0 0 0 0 0 0 0 0 0 0 
0 0 0 1.86811 0 0 0 0 0 0 0 0 0 0 0 0 0 0 0 0 0 0 0 0 0 0 0 0 0 0 0 0 0 1.86811 1.86811 -18.3615 0 0 0 4.25237 0 0 0 4.25237 0 0 0 0 0 0 0 4.25237 0 0 0 0 0 0 0 0 0 0 0 0 
0 0 0 0 1.86811 0 0 0 0 0 0 0 0 0 0 0 0 0 0 0 0 0 0 0 0 0 0 0 0 0 0 0 1.86811 0 0 0 -15.0759 2.83492 2.83492 0 0 0 0 0 2.83492 0 0 0 0 0 0 0 2.83492 0 0 0 0 0 0 0 0 0 0 0 
0 0 0 0 0 1.86811 0 0 0 0 0 0 0 0 0 0 0 0 0 0 0 0 0 0 0 0 0 0 0 0 0 0 0 1.86811 0 0 1.86811 -18.3615 0 4.25237 0 0 0 0 0 4.25237 0 0 0 0 0 0 0 4.25237 0 0 0 0 0 0 0 0 0 0 
0 0 0 0 0 0 1.86811 0 0 0 0 0 0 0 0 0 0 0 0 0 0 0 0 0 0 0 0 0 0 0 0 0 0 0 1.86811 0 1.86811 0 -18.3615 4.25237 0 0 0 0 0 0 4.25237 0 0 0 0 0 0 0 4.25237 0 0 0 0 0 0 0 0 0 
0 0 0 0 0 0 0 1.86811 0 0 0 0 0 0 0 0 0 0 0 0 0 0 0 0 0 0 0 0 0 0 0 0 0 0 0 1.86811 0 1.86811 1.86811 -18.8121 0 0 0 0 0 0 0 5.66983 0 0 0 0 0 0 0 5.66983 0 0 0 0 0 0 0 0 
0 0 0 0 0 0 0 0 1.86811 0 0 0 0 0 0 0 0 0 0 0 0 0 0 0 0 0 0 0 0 0 0 0 1.86811 0 0 0 0 0 0 0 -15.0759 2.83492 2.83492 0 2.83492 0 0 0 0 0 0 0 0 0 0 0 2.83492 0 0 0 0 0 0 0 
0 0 0 0 0 0 0 0 0 1.86811 0 0 0 0 0 0 0 0 0 0 0 0 0 0 0 0 0 0 0 0 0 0 0 1.86811 0 0 0 0 0 0 1.86811 -18.3615 0 4.25237 0 4.25237 0 0 0 0 0 0 0 0 0 0 0 4.25237 0 0 0 0 0 0 
0 0 0 0 0 0 0 0 0 0 1.86811 0 0 0 0 0 0 0 0 0 0 0 0 0 0 0 0 0 0 0 0 0 0 0 1.86811 0 0 0 0 0 1.86811 0 -18.3615 4.25237 0 0 4.25237 0 0 0 0 0 0 0 0 0 0 0 4.25237 0 0 0 0 0 
0 0 0 0 0 0 0 0 0 0 0 1.86811 0 0 0 0 0 0 0 0 0 0 0 0 0 0 0 0 0 0 0 0 0 0 0 1.86811 0 0 0 0 0 1.86811 1.86811 -18.8121 0 0 0 5.66983 0 0 0 0 0 0 0 0 0 0 0 5.66983 0 0 0 0 
0 0 0 0 0 0 0 0 0 0 0 0 1.86811 0 0 0 0 0 0 0 0 0 0 0 0 0 0 0 0 0 0 0 0 0 0 0 1.86811 0 0 0 1.86811 0 0 0 -18.3615 4.25237 4.25237 0 0 0 0 0 0 0 0 0 0 0 0 0 4.25237 0 0 0 
0 0 0 0 0 0 0 0 0 0 0 0 0 1.86811 0 0 0 0 0 0 0 0 0 0 0 0 0 0 0 0 0 0 0 0 0 0 0 1.86811 0 0 0 1.86811 0 0 1.86811 -18.8121 0 5.66983 0 0 0 0 0 0 0 0 0 0 0 0 0 5.66983 0 0 
0 0 0 0 0 0 0 0 0 0 0 0 0 0 1.86811 0 0 0 0 0 0 0 0 0 0 0 0 0 0 0 0 0 0 0 0 0 0 0 1.86811 0 0 0 1.86811 0 1.86811 0 -18.8121 5.66983 0 0 0 0 0 0 0 0 0 0 0 0 0 0 5.66983 0 
0 0 0 0 0 0 0 0 0 0 0 0 0 0 0 1.86811 0 0 0 0 0 0 0 0 0 0 0 0 0 0 0 0 0 0 0 0 0 0 0 1.86811 0 0 0 1.86811 0 1.86811 1.86811 -16.4279 0 0 0 0 0 0 0 0 0 0 0 0 0 0 0 7.08729 
0 0 0 0 0 0 0 0 0 0 0 0 0 0 0 0 1.86811 0 0 0 0 0 0 0 0 0 0 0 0 0 0 0 1.86811 0 0 0 0 0 0 0 0 0 0 0 0 0 0 0 -15.0759 2.83492 2.83492 0 2.83492 0 0 0 2.83492 0 0 0 0 0 0 0 
0 0 0 0 0 0 0 0 0 0 0 0 0 0 0 0 0 1.86811 0 0 0 0 0 0 0 0 0 0 0 0 0 0 0 1.86811 0 0 0 0 0 0 0 0 0 0 0 0 0 0 1.86811 -18.3615 0 4.25237 0 4.25237 0 0 0 4.25237 0 0 0 0 0 0 
0 0 0 0 0 0 0 0 0 0 0 0 0 0 0 0 0 0 1.86811 0 0 0 0 0 0 0 0 0 0 0 0 0 0 0 1.86811 0 0 0 0 0 0 0 0 0 0 0 0 0 1.86811 0 -18.3615 4.25237 0 0 4.25237 0 0 0 4.25237 0 0 0 0 0 
0 0 0 0 0 0 0 0 0 0 0 0 0 0 0 0 0 0 0 1.86811 0 0 0 0 0 0 0 0 0 0 0 0 0 0 0 1.86811 0 0 0 0 0 0 0 0 0 0 0 0 0 1.86811 1.86811 -18.8121 0 0 0 5.66983 0 0 0 5.66983 0 0 0 0 
0 0 0 0 0 0 0 0 0 0 0 0 0 0 0 0 0 0 0 0 1.86811 0 0 0 0 0 0 0 0 0 0 0 0 0 0 0 1.86811 0 0 0 0 0 0 0 0 0 0 0 1.86811 0 0 0 -18.3615 4.25237 4.25237 0 0 0 0 0 4.25237 0 0 0 
0 0 0 0 0 0 0 0 0 0 0 0 0 0 0 0 0 0 0 0 0 1.86811 0 0 0 0 0 0 0 0 0 0 0 0 0 0 0 1.86811 0 0 0 0 0 0 0 0 0 0 0 1.86811 0 0 1.86811 -18.8121 0 5.66983 0 0 0 0 0 5.66983 0 0 
0 0 0 0 0 0 0 0 0 0 0 0 0 0 0 0 0 0 0 0 0 0 1.86811 0 0 0 0 0 0 0 0 0 0 0 0 0 0 0 1.86811 0 0 0 0 0 0 0 0 0 0 0 1.86811 0 1.86811 0 -18.8121 5.66983 0 0 0 0 0 0 5.66983 0 
0 0 0 0 0 0 0 0 0 0 0 0 0 0 0 0 0 0 0 0 0 0 0 1.86811 0 0 0 0 0 0 0 0 0 0 0 0 0 0 0 1.86811 0 0 0 0 0 0 0 0 0 0 0 1.86811 0 1.86811 1.86811 -16.4279 0 0 0 0 0 0 0 7.08729 
0 0 0 0 0 0 0 0 0 0 0 0 0 0 0 0 0 0 0 0 0 0 0 0 1.86811 0 0 0 0 0 0 0 0 0 0 0 0 0 0 0 1.86811 0 0 0 0 0 0 0 1.86811 0 0 0 0 0 0 0 -18.3615 4.25237 4.25237 0 4.25237 0 0 0 
0 0 0 0 0 0 0 0 0 0 0 0 0 0 0 0 0 0 0 0 0 0 0 0 0 1.86811 0 0 0 0 0 0 0 0 0 0 0 0 0 0 0 1.86811 0 0 0 0 0 0 0 1.86811 0 0 0 0 0 0 1.86811 -18.8121 0 5.66983 0 5.66983 0 0 
0 0 0 0 0 0 0 0 0 0 0 0 0 0 0 0 0 0 0 0 0 0 0 0 0 0 1.86811 0 0 0 0 0 0 0 0 0 0 0 0 0 0 0 1.86811 0 0 0 0 0 0 0 1.86811 0 0 0 0 0 1.86811 0 -18.8121 5.66983 0 0 5.66983 0 
0 0 0 0 0 0 0 0 0 0 0 0 0 0 0 0 0 0 0 0 0 0 0 0 0 0 0 1.86811 0 0 0 0 0 0 0 0 0 0 0 0 0 0 0 1.86811 0 0 0 0 0 0 0 1.86811 0 0 0 0 0 1.86811 1.86811 -16.4279 0 0 0 7.08729 
0 0 0 0 0 0 0 0 0 0 0 0 0 0 0 0 0 0 0 0 0 0 0 0 0 0 0 0 1.86811 0 0 0 0 0 0 0 0 0 0 0 0 0 0 0 1.86811 0 0 0 0 0 0 0 1.86811 0 0 0 1.86811 0 0 0 -18.8121 5.66983 5.66983 0 
0 0 0 0 0 0 0 0 0 0 0 0 0 0 0 0 0 0 0 0 0 0 0 0 0 0 0 0 0 1.86811 0 0 0 0 0 0 0 0 0 0 0 0 0 0 0 1.86811 0 0 0 0 0 0 0 1.86811 0 0 0 1.86811 0 0 1.86811 -16.4279 0 7.08729 
0 0 0 0 0 0 0 0 0 0 0 0 0 0 0 0 0 0 0 0 0 0 0 0 0 0 0 0 0 0 1.86811 0 0 0 0 0 0 0 0 0 0 0 0 0 0 0 1.86811 0 0 0 0 0 0 0 1.86811 0 0 0 1.86811 0 1.86811 0 -16.4279 7.08729 
0 0 0 0 0 0 0 0 0 0 0 0 0 0 0 0 0 0 0 0 0 0 0 0 0 0 0 0 0 0 0 1.86811 0 0 0 0 0 0 0 0 0 0 0 0 0 0 0 1.86811 0 0 0 0 0 0 0 1.86811 0 0 0 1.86811 0 1.86811 1.86811 -11.2087 
