64
-0 0 0 0 0 0 0 0 0 0 0 0 0 0 0 0 0 0 0 0 0 0 0 0 0 0 0 0 0 0 0 0 0 0 0 0 0 0 0 0 0 0 0 0 0 0 0 0 0 0 0 0 0 0 0 0 0 0 0 0 0 0 0 0 
0.381307 -1.8947 0 0.302678 0 0.302678 0 0 0 0.302678 0 0 0 0 0 0 0 0.302678 0 0 0 0 0 0 0 0 0 0 0 0 0 0 0 0.302678 0 0 0 0 0 0 0 0 0 0 0 0 0 0 0 0 0 0 0 0 0 0 0 0 0 0 0 0 0 0 
0.381307 0 -1.8947 0.302678 0 0 0.302678 0 0 0 0.302678 0 0 0 0 0 0 0 0.302678 0 0 0 0 0 0 0 0 0 0 0 0 0 0 0 0.302678 0 0 0 0 0 0 0 0 0 0 0 0 0 0 0 0 0 0 0 0 0 0 0 0 0 0 0 0 0 
0 0.381307 0.381307 -3.18403 0 0 0 0.605355 0 0 0 0.605355 0 0 0 0 0 0 0 0.605355 0 0 0 0 0 0 0 0 0 0 0 0 0 0 0 0.605355 0 0 0 0 0 0 0 0 0 0 0 0 0 0 0 0 0 0 0 0 0 0 0 0 0 0 0 0 
0.381307 0 0 0 -1.8947 0.302678 0.302678 0 0 0 0 0 0.302678 0 0 0 0 0 0 0 0.302678 0 0 0 0 0 0 0 0 0 0 0 0 0 0 0 0.302678 0 0 0 0 0 0 0 0 0 0 0 0 0 0 0 0 0 0 0 0 0 0 0 0 0 0 0 
0 0.381307 0 0 0.381307 -3.18403 0 0.605355 0 0 0 0 0 0.605355 0 0 0 0 0 0 0 0.605355 0 0 0 0 0 0 0 0 0 0 0 0 0 0 0 0.605355 0 0 0 0 0 0 0 0 0 0 0 0 0 0 0 0 0 0 0 0 0 0 0 0 0 0 
0 0 0.381307 0 0.381307 0 -3.18403 0.605355 0 0 0 0 0 0 0.605355 0 0 0 0 0 0 0 0.605355 0 0 0 0 0 0 0 0 0 0 0 0 0 0 0 0.605355 0 0 0 0 0 0 0 0 0 0 0 0 0 0 0 0 0 0 0 0 0 0 0 0 0 
0 0 0 0.381307 0 0.381307 0.381307 -3.86802 0 0 0 0 0 0 0 0.908033 0 0 0 0 0 0 0 0.908033 0 0 0 0 0 0 0 0 0 0 0 0 0 0 0 0.908033 0 0 0 0 0 0 0 0 0 0 0 0 0 0 0 0 0 0 0 0 0 0 0 0 
0.381307 0 0 0 0 0 0 0 -1.8947 0.302678 0.302678 0 0.302678 0 0 0 0 0 0 0 0 0 0 0 0.302678 0 0 0 0 0 0 0 0 0 0 0 0 0 0 0 0.302678 0 0 0 0 0 0 0 0 0 0 0 0 0 0 0 0 0 0 0 0 0 0 0 
0 0.381307 0 0 0 0 0 0 0.381307 -3.18403 0 0.605355 0 0.605355 0 0 0 0 0 0 0 0 0 0 0 0.605355 0 0 0 0 0 0 0 0 0 0 0 0 0 0 0 0.605355 0 0 0 0 0 0 0 0 0 0 0 0 0 0 0 0 0 0 0 0 0 0 
0 0 0.381307 0 0 0 0 0 0.381307 0 -3.18403 0.605355 0 0 0.605355 0 0 0 0 0 0 0 0 0 0 0 0.605355 0 0 0 0 0 0 0 0 0 0 0 0 0 0 0 0.605355 0 0 0 0 0 0 0 0 0 0 0 0 0 0 0 0 0 0 0 0 0 
0 0 0 0.381307 0 0 0 0 0 0.381307 0.381307 -3.86802 0 0 0 0.908033 0 0 0 0 0 0 0 0 0 0 0 0.908033 0 0 0 0 0 0 0 0 0 0 0 0 0 0 0 0.908033 0 0 0 0 0 0 0 0 0 0 0 0 0 0 0 0 0 0 0 0 
0 0 0 0 0.381307 0 0 0 0.381307 0 0 0 -3.18403 0.605355 0.605355 0 0 0 0 0 0 0 0 0 0 0 0 0 0.605355 0 0 0 0 0 0 0 0 0 0 0 0 0 0 0 0.605355 0 0 0 0 0 0 0 0 0 0 0 0 0 0 0 0 0 0 0 
0 0 0 0 0 0.381307 0 0 0 0.381307 0 0 0.381307 -3.86802 0 0.908033 0 0 0 0 0 0 0 0 0 0 0 0 0 0.908033 0 0 0 0 0 0 0 0 0 0 0 0 0 0 0 0.908033 0 0 0 0 0 0 0 0 0 0 0 0 0 0 0 0 0 0 
0 0 0 0 0 0 0.381307 0 0 0 0.381307 0 0.381307 0 -3.86802 0.908033 0 0 0 0 0 0 0 0 0 0 0 0 0 0 0.908033 0 0 0 0 0 0 0 0 0 0 0 0 0 0 0 0.908033 0 0 0 0 0 0 0 0 0 0 0 0 0 0 0 0 0 
0 0 0 0 0 0 0 0.381307 0 0 0 0.381307 0 0.381307 0.381307 -3.94665 0 0 0 0 0 0 0 0 0 0 0 0 0 0 0 1.21071 0 0 0 0 0 0 0 0 0 0 0 0 0 0 0 1.21071 0 0 0 0 0 0 0 0 0 0 0 0 0 0 0 0 
0.381307 0 0 0 0 0 0 0 0 0 0 0 0 0 0 0 -1.8947 0.302678 0.302678 0 0.302678 0 0 0 0.302678 0 0 0 0 0 0 0 0 0 0 0 0 0 0 0 0 0 0 0 0 0 0 0 0.302678 0 0 0 0 0 0 0 0 0 0 0 0 0 0 0 
0 0.381307 0 0 0 0 0 0 0 0 0 0 0 0 0 0 0.381307 -3.18403 0 0.605355 0 0.605355 0 0 0 0.605355 0 0 0 0 0 0 0 0 0 0 0 0 0 0 0 0 0 0 0 0 0 0 0 0.605355 0 0 0 0 0 0 0 0 0 0 0 0 0 0 
0 0 0.381307 0 0 0 0 0 0 0 0 0 0 0 0 0 0.381307 0 -3.18403 0.605355 0 0 0.605355 0 0 0 0.605355 0 0 0 0 0 0 0 0 0 0 0 0 0 0 0 0 0 0 0 0 0 0 0 0.605355 0 0 0 0 0 0 0 0 0 0 0 0 0 
0 0 0 0.381307 0 0 0 0 0 0 0 0 0 0 0 0 0 0.381307 0.381307 -3.86802 0 0 0 0.908033 0 0 0 0.908033 0 0 0 0 0 0 0 0 0 0 0 0 0 0 0 0 0 0 0 0 0 0 0 0.908033 0 0 0 0 0 0 0 0 0 0 0 0 
0 0 0 0 0.381307 0 0 0 0 0 0 0 0 0 0 0 0.381307 0 0 0 -3.18403 0.605355 0.605355 0 0 0 0 0 0.605355 0 0 0 0 0 0 0 0 0 0 0 0 0 0 0 0 0 0 0 0 0 0 0 0.605355 0 0 0 0 0 0 0 0 0 0 0 
0 0 0 0 0 0.381307 0 0 0 0 0 0 0 0 0 0 0 0.381307 0 0 0.381307 -3.86802 0 0.908033 0 0 0 0 0 0.908033 0 0 0 0 0 0 0 0 0 0 0 0 0 0 0 0 0 0 0 0 0 0 0 0.908033 0 0 0 0 0 0 0 0 0 0 
0 0 0 0 0 0 0.381307 0 0 0 0 0 0 0 0 0 0 0 0.381307 0 0.381307 0 -3.86802 0.908033 0 0 0 0 0 0 0.908033 0 0 0 0 0 0 0 0 0 0 0 0 0 0 0 0 0 0 0 0 0 0 0 0.908033 0 0 0 0 0 0 0 0 0 
0 0 0 0 0 0 0 0.381307 0 0 0 0 0 0 0 0 0 0 0 0.381307 0 0.381307 0.381307 -3.94665 0 0 0 0 0 0 0 1.21071 0 0 0 0 0 0 0 0 0 0 0 0 0 0 0 0 0 0 0 0 0 0 0 1.21071 0 0 0 0 0 0 0 0 
0 0 0 0 0 0 0 0 0.381307 0 0 0 0 0 0 0 0.381307 0 0 0 0 0 0 0 -3.18403 0.605355 0.605355 0 0.605355 0 0 0 0 0 0 0 0 0 0 0 0 0 0 0 0 0 0 0 0 0 0 0 0 0 0 0 0.605355 0 0 0 0 0 0 0 
0 0 0 0 0 0 0 0 0 0.381307 0 0 0 0 0 0 0 0.381307 0 0 0 0 0 0 0.381307 -3.86802 0 0.908033 0 0.908033 0 0 0 0 0 0 0 0 0 0 0 0 0 0 0 0 0 0 0 0 0 0 0 0 0 0 0 0.908033 0 0 0 0 0 0 
0 0 0 0 0 0 0 0 0 0 0.381307 0 0 0 0 0 0 0 0.381307 0 0 0 0 0 0.381307 0 -3.86802 0.908033 0 0 0.908033 0 0 0 0 0 0 0 0 0 0 0 0 0 0 0 0 0 0 0 0 0 0 0 0 0 0 0 0.908033 0 0 0 0 0 
0 0 0 0 0 0 0 0 0 0 0 0.381307 0 0 0 0 0 0 0 0.381307 0 0 0 0 0 0.381307 0.381307 -3.94665 0 0 0 1.21071 0 0 0 0 0 0 0 0 0 0 0 0 0 0 0 0 0 0 0 0 0 0 0 0 0 0 0 1.21071 0 0 0 0 
0 0 0 0 0 0 0 0 0 0 0 0 0.381307 0 0 0 0 0 0 0 0.381307 0 0 0 0.381307 0 0 0 -3.86802 0.908033 0.908033 0 0 0 0 0 0 0 0 0 0 0 0 0 0 0 0 0 0 0 0 0 0 0 0 0 0 0 0 0 0.908033 0 0 0 
0 0 0 0 0 0 0 0 0 0 0 0 0 0.381307 0 0 0 0 0 0 0 0.381307 0 0 0 0.381307 0 0 0.381307 -3.94665 0 1.21071 0 0 0 0 0 0 0 0 0 0 0 0 0 0 0 0 0 0 0 0 0 0 0 0 0 0 0 0 0 1.21071 0 0 
0 0 0 0 0 0 0 0 0 0 0 0 0 0 0.381307 0 0 0 0 0 0 0 0.381307 0 0 0 0.381307 0 0.381307 0 -3.94665 1.21071 0 0 0 0 0 0 0 0 0 0 0 0 0 0 0 0 0 0 0 0 0 0 0 0 0 0 0 0 0 0 1.21071 0 
0 0 0 0 0 0 0 0 0 0 0 0 0 0 0 0.381307 0 0 0 0 0 0 0 0.381307 0 0 0 0.381307 0 0.381307 0.381307 -3.41992 0 0 0 0 0 0 0 0 0 0 0 0 0 0 0 0 0 0 0 0 0 0 0 0 0 0 0 0 0 0 0 1.51339 
0.381307 0 0 0 0 0 0 0 0 0 0 0 0 0 0 0 0 0 0 0 0 0 0 0 0 0 0 0 0 0 0 0 -1.8947 0.302678 0.302678 0 0.302678 0 0 0 0.302678 0 0 0 0 0 0 0 0.302678 0 0 0 0 0 0 0 0 0 0 0 0 0 0 0 
0 0.381307 0 0 0 0 0 0 0 0 0 0 0 0 0 0 0 0 0 0 0 0 0 0 0 0 0 0 0 0 0 0 0.381307 -3.18403 0 0.605355 0 0.605355 0 0 0 0.605355 0 0 0 0 0 0 0 0.605355 0 0 0 0 0 0 0 0 0 0 0 0 0 0 
0 0 0.381307 0 0 0 0 0 0 0 0 0 0 0 0 0 0 0 0 0 0 0 0 0 0 0 0 0 0 0 0 0 0.381307 0 -3.18403 0.605355 0 0 0.605355 0 0 0 0.605355 0 0 0 0 0 0 0 0.605355 0 0 0 0 0 0 0 0 0 0 0 0 0 
0 0 0 0.381307 0 0 0 0 0 0 0 0 0 0 0 0 0 0 0 0 0 0 0 0 0 0 0 0 0 0 0 0 0 0.381307 0.381307 -3.86802 0 0 0 0.908033 0 0 0 0.908033 0 0 0 0 0 0 0 0.908033 0 0 0 0 0 0 0 0 0 0 0 0 
0 0 0 0 0.381307 0 0 0 0 0 0 0 0 0 0 0 0 0 0 0 0 0 0 0 0 0 0 0 0 0 0 0 0.381307 0 0 0 -3.18403 0.605355 0.605355 0 0 0 0 0 0.605355 0 0 0 0 0 0 0 0.605355 0 0 0 0 0 0 0 0 0 0 0 
0 0 0 0 0 0.381307 0 0 0 0 0 0 0 0 0 0 0 0 0 0 0 0 0 0 0 0 0 0 0 0 0 0 0 0.381307 0 0 0.381307 -3.86802 0 0.908033 0 0 0 0 0 0.908033 0 0 0 0 0 0 0 0.908033 0 0 0 0 0 0 0 0 0 0 
0 0 0 0 0 0 0.381307 0 0 0 0 0 0 0 0 0 0 0 0 0 0 0 0 0 0 0 0 0 0 0 0 0 0 0 0.381307 0 0.381307 0 -3.86802 0.908033 0 0 0 0 0 0 0.908033 0 0 0 0 0 0 0 0.908033 0 0 0 0 0 0 0 0 0 
0 0 0 0 0 0 0 0.381307 0 0 0 0 0 0 0 0 0 0 0 0 0 0 0 0 0 0 0 0 0 0 0 0 0 0 0 0.381307 0 0.381307 0.381307 -3.94665 0 0 0 0 0 0 0 1.21071 0 0 0 0 0 0 0 1.21071 0 0 0 0 0 0 0 0 
0 0 0 0 0 0 0 0 0.381307 0 0 0 0 0 0 0 0 0 0 0 0 0 0 0 0 0 0 0 0 0 0 0 0.381307 0 0 0 0 0 0 0 -3.18403 0.605355 0.605355 0 0.605355 0 0 0 0 0 0 0 0 0 0 0 0.605355 0 0 0 0 0 0 0 
0 0 0 0 0 0 0 0 0 0.381307 0 0 0 0 0 0 0 0 0 0 0 0 0 0 0 0 0 0 0 0 0 0 0 0.381307 0 0 0 0 0 0 0.381307 -3.86802 0 0.908033 0 0.908033 0 0 0 0 0 0 0 0 0 0 0 0.908033 0 0 0 0 0 0 
0 0 0 0 0 0 0 0 0 0 0.381307 0 0 0 0 0 0 0 0 0 0 0 0 0 0 0 0 0 0 0 0 0 0 0 0.381307 0 0 0 0 0 0.381307 0 -3.86802 0.908033 0 0 0.908033 0 0 0 0 0 0 0 0 0 0 0 0.908033 0 0 0 0 0 
0 0 0 0 0 0 0 0 0 0 0 0.381307 0 0 0 0 0 0 0 0 0 0 0 0 0 0 0 0 0 0 0 0 0 0 0 0.381307 0 0 0 0 0 0.381307 0.381307 -3.94665 0 0 0 1.21071 0 0 0 0 0 0 0 0 0 0 0 1.21071 0 0 0 0 
0 0 0 0 0 0 0 0 0 0 0 0 0.381307 0 0 0 0 0 0 0 0 0 0 0 0 0 0 0 0 0 0 0 0 0 0 0 0.381307 0 0 0 0.381307 0 0 0 -3.86802 0.908033 0.908033 0 0 0 0 0 0 0 0 0 0 0 0 0 0.908033 0 0 0 
0 0 0 0 0 0 0 0 0 0 0 0 0 0.381307 0 0 0 0 0 0 0 0 0 0 0 0 0 0 0 0 0 0 0 0 0 0 0 0.381307 0 0 0 0.381307 0 0 0.381307 -3.94665 0 1.21071 0 0 0 0 0 0 0 0 0 0 0 0 0 1.21071 0 0 
0 0 0 0 0 0 0 0 0 0 0 0 0 0 0.381307 0 0 0 0 0 0 0 0 0 0 0 0 0 0 0 0 0 0 0 0 0 0 0 0.381307 0 0 0 0.381307 0 0.381307 0 -3.94665 1.21071 0 0 0 0 0 0 0 0 0 0 0 0 0 0 1.21071 0 
0 0 0 0 0 0 0 0 0 0 0 0 0 0 0 0.381307 0 0 0 0 0 0 0 0 0 0 0 0 0 0 0 0 0 0 0 0 0 0 0 0.381307 0 0 0 0.381307 0 0.381307 0.381307 -3.41992 0 0 0 0 0 0 0 0 0 0 0 0 0 0 0 1.51339 
0 0 0 0 0 0 0 0 0 0 0 0 0 0 0 0 0.381307 0 0 0 0 0 0 0 0 0 0 0 0 0 0 0 0.381307 0 0 0 0 0 0 0 0 0 0 0 0 0 0 0 -3.18403 0.605355 0.605355 0 0.605355 0 0 0 0.605355 0 0 0 0 0 0 0 
0 0 0 0 0 0 0 0 0 0 0 0 0 0 0 0 0 0.381307 0 0 0 0 0 0 0 0 0 0 0 0 0 0 0 0.381307 0 0 0 0 0 0 0 0 0 0 0 0 0 0 0.381307 -3.86802 0 0.908033 0 0.908033 0 0 0 0.908033 0 0 0 0 0 0 
0 0 0 0 0 0 0 0 0 0 0 0 0 0 0 0 0 0 0.381307 0 0 0 0 0 0 0 0 0 0 0 0 0 0 0 0.381307 0 0 0 0 0 0 0 0 0 0 0 0 0 0.381307 0 -3.86802 0.908033 0 0 0.908033 0 0 0 0.908033 0 0 0 0 0 
0 0 0 0 0 0 0 0 0 0 0 0 0 0 0 0 0 0 0 0.381307 0 0 0 0 0 0 0 0 0 0 0 0 0 0 0 0.381307 0 0 0 0 0 0 0 0 0 0 0 0 0 0.381307 0.381307 -3.94665 0 0 0 1.21071 0 0 0 1.21071 0 0 0 0 
0 0 0 0 0 0 0 0 0 0 0 0 0 0 0 0 0 0 0 0 0.381307 0 0 0 0 0 0 0 0 0 0 0 0 0 0 0 0.381307 0 0 0 0 0 0 0 0 0 0 0 0.381307 0 0 0 -3.86802 0.908033 0.908033 0 0 0 0 0 0.908033 0 0 0 
0 0 0 0 0 0 0 0 0 0 0 0 0 0 0 0 0 0 0 0 0 0.381307 0 0 0 0 0 0 0 0 0 0 0 0 0 0 0 0.381307 0 0 0 0 0 0 0 0 0 0 0 0.381307 0 0 0.381307 -3.94665 0 1.21071 0 0 0 0 0 1.21071 0 0 
0 0 0 0 0 0 0 0 0 0 0 0 0 0 0 0 0 0 0 0 0 0 0.381307 0 0 0 0 0 0 0 0 0 0 0 0 0 0 0 0.381307 0 0 0 0 0 0 0 0 0 0 0 0.381307 0 0.381307 0 -3.94665 1.21071 0 0 0 0 0 0 1.21071 0 
0 0 0 0 0 0 0 0 0 0 0 0 0 0 0 0 0 0 0 0 0 0 0 0.381307 0 0 0 0 0 0 0 0 0 0 0 0 0 0 0 0.381307 0 0 0 0 0 0 0 0 0 0 0 0.381307 0 0.381307 0.381307 -3.41992 0 0 0 0 0 0 0 1.51339 
0 0 0 0 0 0 0 0 0 0 0 0 0 0 0 0 0 0 0 0 0 0 0 0 0.381307 0 0 0 0 0 0 0 0 0 0 0 0 0 0 0 0.381307 0 0 0 0 0 0 0 0.381307 0 0 0 0 0 0 0 -3.86802 0.908033 0.908033 0 0.908033 0 0 0 
0 0 0 0 0 0 0 0 0 0 0 0 0 0 0 0 0 0 0 0 0 0 0 0 0 0.381307 0 0 0 0 0 0 0 0 0 0 0 0 0 0 0 0.381307 0 0 0 0 0 0 0 0.381307 0 0 0 0 0 0 0.381307 -3.94665 0 1.21071 0 1.21071 0 0 
0 0 0 0 0 0 0 0 0 0 0 0 0 0 0 0 0 0 0 0 0 0 0 0 0 0 0.381307 0 0 0 0 0 0 0 0 0 0 0 0 0 0 0 0.381307 0 0 0 0 0 0 0 0.381307 0 0 0 0 0 0.381307 0 -3.94665 1.21071 0 0 1.21071 0 
0 0 0 0 0 0 0 0 0 0 0 0 0 0 0 0 0 0 0 0 0 0 0 0 0 0 0 0.381307 0 0 0 0 0 0 0 0 0 0 0 0 0 0 0 0.381307 0 0 0 0 0 0 0 0.381307 0 0 0 0 0 0.381307 0.381307 -3.41992 0 0 0 1.51339 
0 0 0 0 0 0 0 0 0 0 0 0 0 0 0 0 0 0 0 0 0 0 0 0 0 0 0 0 0.381307 0 0 0 0 0 0 0 0 0 0 0 0 0 0 0 0.381307 0 0 0 0 0 0 0 0.381307 0 0 0 0.381307 0 0 0 -3.94665 1.21071 1.21071 0 
0 0 0 0 0 0 0 0 0 0 0 0 0 0 0 0 0 0 0 0 0 0 0 0 0 0 0 0 0 0.381307 0 0 0 0 0 0 0 0 0 0 0 0 0 0 0 0.381307 0 0 0 0 0 0 0 0.381307 0 0 0 0.381307 0 0 0.381307 -3.41992 0 1.51339 
0 0 0 0 0 0 0 0 0 0 0 0 0 0 0 0 0 0 0 0 0 0 0 0 0 0 0 0 0 0 0.381307 0 0 0 0 0 0 0 0 0 0 0 0 0 0 0 0.381307 0 0 0 0 0 0 0 0.381307 0 0 0 0.381307 0 0.381307 0 -3.41992 1.51339 
0 0 0 0 0 0 0 0 0 0 0 0 0 0 0 0 0 0 0 0 0 0 0 0 0 0 0 0 0 0 0 0.381307 0 0 0 0 0 0 0 0 0 0 0 0 0 0 0 0.381307 0 0 0 0 0 0 0 0.381307 0 0 0 0.381307 0 0.381307 0.381307 -2.28784 
