32
-0 0 0 0 0 0 0 0 0 0 0 0 0 0 0 0 0 0 0 0 0 0 0 0 0 0 0 0 0 0 0 0 
0.468248 -2.25106 0 0.445703 0 0.445703 0 0 0 0.445703 0 0 0 0 0 0 0 0.445703 0 0 0 0 0 0 0 0 0 0 0 0 0 0 
0.468248 0 -2.25106 0.445703 0 0 0.445703 0 0 0 0.445703 0 0 0 0 0 0 0 0.445703 0 0 0 0 0 0 0 0 0 0 0 0 0 
0 0.468248 0.468248 -3.61071 0 0 0 0.891406 0 0 0 0.891406 0 0 0 0 0 0 0 0.891406 0 0 0 0 0 0 0 0 0 0 0 0 
0.468248 0 0 0 -2.25106 0.445703 0.445703 0 0 0 0 0 0.445703 0 0 0 0 0 0 0 0.445703 0 0 0 0 0 0 0 0 0 0 0 
0 0.468248 0 0 0.468248 -3.61071 0 0.891406 0 0 0 0 0 0.891406 0 0 0 0 0 0 0 0.891406 0 0 0 0 0 0 0 0 0 0 
0 0 0.468248 0 0.468248 0 -3.61071 0.891406 0 0 0 0 0 0 0.891406 0 0 0 0 0 0 0 0.891406 0 0 0 0 0 0 0 0 0 
0 0 0 0.468248 0 0.468248 0.468248 -4.07896 0 0 0 0 0 0 0 1.33711 0 0 0 0 0 0 0 1.33711 0 0 0 0 0 0 0 0 
0.468248 0 0 0 0 0 0 0 -2.25106 0.445703 0.445703 0 0.445703 0 0 0 0 0 0 0 0 0 0 0 0.445703 0 0 0 0 0 0 0 
0 0.468248 0 0 0 0 0 0 0.468248 -3.61071 0 0.891406 0 0.891406 0 0 0 0 0 0 0 0 0 0 0 0.891406 0 0 0 0 0 0 
0 0 0.468248 0 0 0 0 0 0.468248 0 -3.61071 0.891406 0 0 0.891406 0 0 0 0 0 0 0 0 0 0 0 0.891406 0 0 0 0 0 
0 0 0 0.468248 0 0 0 0 0 0.468248 0.468248 -4.07896 0 0 0 1.33711 0 0 0 0 0 0 0 0 0 0 0 1.33711 0 0 0 0 
0 0 0 0 0.468248 0 0 0 0.468248 0 0 0 -3.61071 0.891406 0.891406 0 0 0 0 0 0 0 0 0 0 0 0 0 0.891406 0 0 0 
0 0 0 0 0 0.468248 0 0 0 0.468248 0 0 0.468248 -4.07896 0 1.33711 0 0 0 0 0 0 0 0 0 0 0 0 0 1.33711 0 0 
0 0 0 0 0 0 0.468248 0 0 0 0.468248 0 0.468248 0 -4.07896 1.33711 0 0 0 0 0 0 0 0 0 0 0 0 0 0 1.33711 0 
0 0 0 0 0 0 0 0.468248 0 0 0 0.468248 0 0.468248 0.468248 -3.65581 0 0 0 0 0 0 0 0 0 0 0 0 0 0 0 1.78281 
0.468248 0 0 0 0 0 0 0 0 0 0 0 0 0 0 0 -2.25106 0.445703 0.445703 0 0.445703 0 0 0 0.445703 0 0 0 0 0 0 0 
0 0.468248 0 0 0 0 0 0 0 0 0 0 0 0 0 0 0.468248 -3.61071 0 0.891406 0 0.891406 0 0 0 0.891406 0 0 0 0 0 0 
0 0 0.468248 0 0 0 0 0 0 0 0 0 0 0 0 0 0.468248 0 -3.61071 0.891406 0 0 0.891406 0 0 0 0.891406 0 0 0 0 0 
0 0 0 0.468248 0 0 0 0 0 0 0 0 0 0 0 0 0 0.468248 0.468248 -4.07896 0 0 0 1.33711 0 0 0 1.33711 0 0 0 0 
0 0 0 0 0.468248 0 0 0 0 0 0 0 0 0 0 0 0.468248 0 0 0 -3.61071 0.891406 0.891406 0 0 0 0 0 0.891406 0 0 0 
0 0 0 0 0 0.468248 0 0 0 0 0 0 0 0 0 0 0 0.468248 0 0 0.468248 -4.07896 0 1.33711 0 0 0 0 0 1.33711 0 0 
0 0 0 0 0 0 0.468248 0 0 0 0 0 0 0 0 0 0 0 0.468248 0 0.468248 0 -4.07896 1.33711 0 0 0 0 0 0 1.33711 0 
0 0 0 0 0 0 0 0.468248 0 0 0 0 0 0 0 0 0 0 0 0.468248 0 0.468248 0.468248 -3.65581 0 0 0 0 0 0 0 1.78281 
0 0 0 0 0 0 0 0 0.468248 0 0 0 0 0 0 0 0.468248 0 0 0 0 0 0 0 -3.61071 0.891406 0.891406 0 0.891406 0 0 0 
0 0 0 0 0 0 0 0 0 0.468248 0 0 0 0 0 0 0 0.468248 0 0 0 0 0 0 0.468248 -4.07896 0 1.33711 0 1.33711 0 0 
0 0 0 0 0 0 0 0 0 0 0.468248 0 0 0 0 0 0 0 0.468248 0 0 0 0 0 0.468248 0 -4.07896 1.33711 0 0 1.33711 0 
0 0 0 0 0 0 0 0 0 0 0 0.468248 0 0 0 0 0 0 0 0.468248 0 0 0 0 0 0.468248 0.468248 -3.65581 0 0 0 1.78281 
0 0 0 0 0 0 0 0 0 0 0 0 0.468248 0 0 0 0 0 0 0 0.468248 0 0 0 0.468248 0 0 0 -4.07896 1.33711 1.33711 0 
0 0 0 0 0 0 0 0 0 0 0 0 0 0.468248 0 0 0 0 0 0 0 0.468248 0 0 0 0.468248 0 0 0.468248 -3.65581 0 1.78281 
0 0 0 0 0 0 0 0 0 0 0 0 0 0 0.468248 0 0 0 0 0 0 0 0.468248 0 0 0 0.468248 0 0.468248 0 -3.65581 1.78281 
0 0 0 0 0 0 0 0 0 0 0 0 0 0 0 0.468248 0 0 0 0 0 0 0 0.468248 0 0 0 0.468248 0 0.468248 0.468248 -2.34124 
