64
-0 0 0 0 0 0 0 0 0 0 0 0 0 0 0 0 0 0 0 0 0 0 0 0 0 0 0 0 0 0 0 0 0 0 0 0 0 0 0 0 0 0 0 0 0 0 0 0 0 0 0 0 0 0 0 0 0 0 0 0 0 0 0 0 
0.346595 -1.70855 0 0.272392 0 0.272392 0 0 0 0.272392 0 0 0 0 0 0 0 0.272392 0 0 0 0 0 0 0 0 0 0 0 0 0 0 0 0.272392 0 0 0 0 0 0 0 0 0 0 0 0 0 0 0 0 0 0 0 0 0 0 0 0 0 0 0 0 0 0 
0.346595 0 -1.70855 0.272392 0 0 0.272392 0 0 0 0.272392 0 0 0 0 0 0 0 0.272392 0 0 0 0 0 0 0 0 0 0 0 0 0 0 0 0.272392 0 0 0 0 0 0 0 0 0 0 0 0 0 0 0 0 0 0 0 0 0 0 0 0 0 0 0 0 0 
0 0.346595 0.346595 -2.87232 0 0 0 0.544783 0 0 0 0.544783 0 0 0 0 0 0 0 0.544783 0 0 0 0 0 0 0 0 0 0 0 0 0 0 0 0.544783 0 0 0 0 0 0 0 0 0 0 0 0 0 0 0 0 0 0 0 0 0 0 0 0 0 0 0 0 
0.346595 0 0 0 -1.70855 0.272392 0.272392 0 0 0 0 0 0.272392 0 0 0 0 0 0 0 0.272392 0 0 0 0 0 0 0 0 0 0 0 0 0 0 0 0.272392 0 0 0 0 0 0 0 0 0 0 0 0 0 0 0 0 0 0 0 0 0 0 0 0 0 0 0 
0 0.346595 0 0 0.346595 -2.87232 0 0.544783 0 0 0 0 0 0.544783 0 0 0 0 0 0 0 0.544783 0 0 0 0 0 0 0 0 0 0 0 0 0 0 0 0.544783 0 0 0 0 0 0 0 0 0 0 0 0 0 0 0 0 0 0 0 0 0 0 0 0 0 0 
0 0 0.346595 0 0.346595 0 -2.87232 0.544783 0 0 0 0 0 0 0.544783 0 0 0 0 0 0 0 0.544783 0 0 0 0 0 0 0 0 0 0 0 0 0 0 0 0.544783 0 0 0 0 0 0 0 0 0 0 0 0 0 0 0 0 0 0 0 0 0 0 0 0 0 
0 0 0 0.346595 0 0.346595 0.346595 -3.49131 0 0 0 0 0 0 0 0.817175 0 0 0 0 0 0 0 0.817175 0 0 0 0 0 0 0 0 0 0 0 0 0 0 0 0.817175 0 0 0 0 0 0 0 0 0 0 0 0 0 0 0 0 0 0 0 0 0 0 0 0 
0.346595 0 0 0 0 0 0 0 -1.70855 0.272392 0.272392 0 0.272392 0 0 0 0 0 0 0 0 0 0 0 0.272392 0 0 0 0 0 0 0 0 0 0 0 0 0 0 0 0.272392 0 0 0 0 0 0 0 0 0 0 0 0 0 0 0 0 0 0 0 0 0 0 0 
0 0.346595 0 0 0 0 0 0 0.346595 -2.87232 0 0.544783 0 0.544783 0 0 0 0 0 0 0 0 0 0 0 0.544783 0 0 0 0 0 0 0 0 0 0 0 0 0 0 0 0.544783 0 0 0 0 0 0 0 0 0 0 0 0 0 0 0 0 0 0 0 0 0 0 
0 0 0.346595 0 0 0 0 0 0.346595 0 -2.87232 0.544783 0 0 0.544783 0 0 0 0 0 0 0 0 0 0 0 0.544783 0 0 0 0 0 0 0 0 0 0 0 0 0 0 0 0.544783 0 0 0 0 0 0 0 0 0 0 0 0 0 0 0 0 0 0 0 0 0 
0 0 0 0.346595 0 0 0 0 0 0.346595 0.346595 -3.49131 0 0 0 0.817175 0 0 0 0 0 0 0 0 0 0 0 0.817175 0 0 0 0 0 0 0 0 0 0 0 0 0 0 0 0.817175 0 0 0 0 0 0 0 0 0 0 0 0 0 0 0 0 0 0 0 0 
0 0 0 0 0.346595 0 0 0 0.346595 0 0 0 -2.87232 0.544783 0.544783 0 0 0 0 0 0 0 0 0 0 0 0 0 0.544783 0 0 0 0 0 0 0 0 0 0 0 0 0 0 0 0.544783 0 0 0 0 0 0 0 0 0 0 0 0 0 0 0 0 0 0 0 
0 0 0 0 0 0.346595 0 0 0 0.346595 0 0 0.346595 -3.49131 0 0.817175 0 0 0 0 0 0 0 0 0 0 0 0 0 0.817175 0 0 0 0 0 0 0 0 0 0 0 0 0 0 0 0.817175 0 0 0 0 0 0 0 0 0 0 0 0 0 0 0 0 0 0 
0 0 0 0 0 0 0.346595 0 0 0 0.346595 0 0.346595 0 -3.49131 0.817175 0 0 0 0 0 0 0 0 0 0 0 0 0 0 0.817175 0 0 0 0 0 0 0 0 0 0 0 0 0 0 0 0.817175 0 0 0 0 0 0 0 0 0 0 0 0 0 0 0 0 0 
0 0 0 0 0 0 0 0.346595 0 0 0 0.346595 0 0.346595 0.346595 -3.56551 0 0 0 0 0 0 0 0 0 0 0 0 0 0 0 1.08957 0 0 0 0 0 0 0 0 0 0 0 0 0 0 0 1.08957 0 0 0 0 0 0 0 0 0 0 0 0 0 0 0 0 
0.346595 0 0 0 0 0 0 0 0 0 0 0 0 0 0 0 -1.70855 0.272392 0.272392 0 0.272392 0 0 0 0.272392 0 0 0 0 0 0 0 0 0 0 0 0 0 0 0 0 0 0 0 0 0 0 0 0.272392 0 0 0 0 0 0 0 0 0 0 0 0 0 0 0 
0 0.346595 0 0 0 0 0 0 0 0 0 0 0 0 0 0 0.346595 -2.87232 0 0.544783 0 0.544783 0 0 0 0.544783 0 0 0 0 0 0 0 0 0 0 0 0 0 0 0 0 0 0 0 0 0 0 0 0.544783 0 0 0 0 0 0 0 0 0 0 0 0 0 0 
0 0 0.346595 0 0 0 0 0 0 0 0 0 0 0 0 0 0.346595 0 -2.87232 0.544783 0 0 0.544783 0 0 0 0.544783 0 0 0 0 0 0 0 0 0 0 0 0 0 0 0 0 0 0 0 0 0 0 0 0.544783 0 0 0 0 0 0 0 0 0 0 0 0 0 
0 0 0 0.346595 0 0 0 0 0 0 0 0 0 0 0 0 0 0.346595 0.346595 -3.49131 0 0 0 0.817175 0 0 0 0.817175 0 0 0 0 0 0 0 0 0 0 0 0 0 0 0 0 0 0 0 0 0 0 0 0.817175 0 0 0 0 0 0 0 0 0 0 0 0 
0 0 0 0 0.346595 0 0 0 0 0 0 0 0 0 0 0 0.346595 0 0 0 -2.87232 0.544783 0.544783 0 0 0 0 0 0.544783 0 0 0 0 0 0 0 0 0 0 0 0 0 0 0 0 0 0 0 0 0 0 0 0.544783 0 0 0 0 0 0 0 0 0 0 0 
0 0 0 0 0 0.346595 0 0 0 0 0 0 0 0 0 0 0 0.346595 0 0 0.346595 -3.49131 0 0.817175 0 0 0 0 0 0.817175 0 0 0 0 0 0 0 0 0 0 0 0 0 0 0 0 0 0 0 0 0 0 0 0.817175 0 0 0 0 0 0 0 0 0 0 
0 0 0 0 0 0 0.346595 0 0 0 0 0 0 0 0 0 0 0 0.346595 0 0.346595 0 -3.49131 0.817175 0 0 0 0 0 0 0.817175 0 0 0 0 0 0 0 0 0 0 0 0 0 0 0 0 0 0 0 0 0 0 0 0.817175 0 0 0 0 0 0 0 0 0 
0 0 0 0 0 0 0 0.346595 0 0 0 0 0 0 0 0 0 0 0 0.346595 0 0.346595 0.346595 -3.56551 0 0 0 0 0 0 0 1.08957 0 0 0 0 0 0 0 0 0 0 0 0 0 0 0 0 0 0 0 0 0 0 0 1.08957 0 0 0 0 0 0 0 0 
0 0 0 0 0 0 0 0 0.346595 0 0 0 0 0 0 0 0.346595 0 0 0 0 0 0 0 -2.87232 0.544783 0.544783 0 0.544783 0 0 0 0 0 0 0 0 0 0 0 0 0 0 0 0 0 0 0 0 0 0 0 0 0 0 0 0.544783 0 0 0 0 0 0 0 
0 0 0 0 0 0 0 0 0 0.346595 0 0 0 0 0 0 0 0.346595 0 0 0 0 0 0 0.346595 -3.49131 0 0.817175 0 0.817175 0 0 0 0 0 0 0 0 0 0 0 0 0 0 0 0 0 0 0 0 0 0 0 0 0 0 0 0.817175 0 0 0 0 0 0 
0 0 0 0 0 0 0 0 0 0 0.346595 0 0 0 0 0 0 0 0.346595 0 0 0 0 0 0.346595 0 -3.49131 0.817175 0 0 0.817175 0 0 0 0 0 0 0 0 0 0 0 0 0 0 0 0 0 0 0 0 0 0 0 0 0 0 0 0.817175 0 0 0 0 0 
0 0 0 0 0 0 0 0 0 0 0 0.346595 0 0 0 0 0 0 0 0.346595 0 0 0 0 0 0.346595 0.346595 -3.56551 0 0 0 1.08957 0 0 0 0 0 0 0 0 0 0 0 0 0 0 0 0 0 0 0 0 0 0 0 0 0 0 0 1.08957 0 0 0 0 
0 0 0 0 0 0 0 0 0 0 0 0 0.346595 0 0 0 0 0 0 0 0.346595 0 0 0 0.346595 0 0 0 -3.49131 0.817175 0.817175 0 0 0 0 0 0 0 0 0 0 0 0 0 0 0 0 0 0 0 0 0 0 0 0 0 0 0 0 0 0.817175 0 0 0 
0 0 0 0 0 0 0 0 0 0 0 0 0 0.346595 0 0 0 0 0 0 0 0.346595 0 0 0 0.346595 0 0 0.346595 -3.56551 0 1.08957 0 0 0 0 0 0 0 0 0 0 0 0 0 0 0 0 0 0 0 0 0 0 0 0 0 0 0 0 0 1.08957 0 0 
0 0 0 0 0 0 0 0 0 0 0 0 0 0 0.346595 0 0 0 0 0 0 0 0.346595 0 0 0 0.346595 0 0.346595 0 -3.56551 1.08957 0 0 0 0 0 0 0 0 0 0 0 0 0 0 0 0 0 0 0 0 0 0 0 0 0 0 0 0 0 0 1.08957 0 
0 0 0 0 0 0 0 0 0 0 0 0 0 0 0 0.346595 0 0 0 0 0 0 0 0.346595 0 0 0 0.346595 0 0.346595 0.346595 -3.09493 0 0 0 0 0 0 0 0 0 0 0 0 0 0 0 0 0 0 0 0 0 0 0 0 0 0 0 0 0 0 0 1.36196 
0.346595 0 0 0 0 0 0 0 0 0 0 0 0 0 0 0 0 0 0 0 0 0 0 0 0 0 0 0 0 0 0 0 -1.70855 0.272392 0.272392 0 0.272392 0 0 0 0.272392 0 0 0 0 0 0 0 0.272392 0 0 0 0 0 0 0 0 0 0 0 0 0 0 0 
0 0.346595 0 0 0 0 0 0 0 0 0 0 0 0 0 0 0 0 0 0 0 0 0 0 0 0 0 0 0 0 0 0 0.346595 -2.87232 0 0.544783 0 0.544783 0 0 0 0.544783 0 0 0 0 0 0 0 0.544783 0 0 0 0 0 0 0 0 0 0 0 0 0 0 
0 0 0.346595 0 0 0 0 0 0 0 0 0 0 0 0 0 0 0 0 0 0 0 0 0 0 0 0 0 0 0 0 0 0.346595 0 -2.87232 0.544783 0 0 0.544783 0 0 0 0.544783 0 0 0 0 0 0 0 0.544783 0 0 0 0 0 0 0 0 0 0 0 0 0 
0 0 0 0.346595 0 0 0 0 0 0 0 0 0 0 0 0 0 0 0 0 0 0 0 0 0 0 0 0 0 0 0 0 0 0.346595 0.346595 -3.49131 0 0 0 0.817175 0 0 0 0.817175 0 0 0 0 0 0 0 0.817175 0 0 0 0 0 0 0 0 0 0 0 0 
0 0 0 0 0.346595 0 0 0 0 0 0 0 0 0 0 0 0 0 0 0 0 0 0 0 0 0 0 0 0 0 0 0 0.346595 0 0 0 -2.87232 0.544783 0.544783 0 0 0 0 0 0.544783 0 0 0 0 0 0 0 0.544783 0 0 0 0 0 0 0 0 0 0 0 
0 0 0 0 0 0.346595 0 0 0 0 0 0 0 0 0 0 0 0 0 0 0 0 0 0 0 0 0 0 0 0 0 0 0 0.346595 0 0 0.346595 -3.49131 0 0.817175 0 0 0 0 0 0.817175 0 0 0 0 0 0 0 0.817175 0 0 0 0 0 0 0 0 0 0 
0 0 0 0 0 0 0.346595 0 0 0 0 0 0 0 0 0 0 0 0 0 0 0 0 0 0 0 0 0 0 0 0 0 0 0 0.346595 0 0.346595 0 -3.49131 0.817175 0 0 0 0 0 0 0.817175 0 0 0 0 0 0 0 0.817175 0 0 0 0 0 0 0 0 0 
0 0 0 0 0 0 0 0.346595 0 0 0 0 0 0 0 0 0 0 0 0 0 0 0 0 0 0 0 0 0 0 0 0 0 0 0 0.346595 0 0.346595 0.346595 -3.56551 0 0 0 0 0 0 0 1.08957 0 0 0 0 0 0 0 1.08957 0 0 0 0 0 0 0 0 
0 0 0 0 0 0 0 0 0.346595 0 0 0 0 0 0 0 0 0 0 0 0 0 0 0 0 0 0 0 0 0 0 0 0.346595 0 0 0 0 0 0 0 -2.87232 0.544783 0.544783 0 0.544783 0 0 0 0 0 0 0 0 0 0 0 0.544783 0 0 0 0 0 0 0 
0 0 0 0 0 0 0 0 0 0.346595 0 0 0 0 0 0 0 0 0 0 0 0 0 0 0 0 0 0 0 0 0 0 0 0.346595 0 0 0 0 0 0 0.346595 -3.49131 0 0.817175 0 0.817175 0 0 0 0 0 0 0 0 0 0 0 0.817175 0 0 0 0 0 0 
0 0 0 0 0 0 0 0 0 0 0.346595 0 0 0 0 0 0 0 0 0 0 0 0 0 0 0 0 0 0 0 0 0 0 0 0.346595 0 0 0 0 0 0.346595 0 -3.49131 0.817175 0 0 0.817175 0 0 0 0 0 0 0 0 0 0 0 0.817175 0 0 0 0 0 
0 0 0 0 0 0 0 0 0 0 0 0.346595 0 0 0 0 0 0 0 0 0 0 0 0 0 0 0 0 0 0 0 0 0 0 0 0.346595 0 0 0 0 0 0.346595 0.346595 -3.56551 0 0 0 1.08957 0 0 0 0 0 0 0 0 0 0 0 1.08957 0 0 0 0 
0 0 0 0 0 0 0 0 0 0 0 0 0.346595 0 0 0 0 0 0 0 0 0 0 0 0 0 0 0 0 0 0 0 0 0 0 0 0.346595 0 0 0 0.346595 0 0 0 -3.49131 0.817175 0.817175 0 0 0 0 0 0 0 0 0 0 0 0 0 0.817175 0 0 0 
0 0 0 0 0 0 0 0 0 0 0 0 0 0.346595 0 0 0 0 0 0 0 0 0 0 0 0 0 0 0 0 0 0 0 0 0 0 0 0.346595 0 0 0 0.346595 0 0 0.346595 -3.56551 0 1.08957 0 0 0 0 0 0 0 0 0 0 0 0 0 1.08957 0 0 
0 0 0 0 0 0 0 0 0 0 0 0 0 0 0.346595 0 0 0 0 0 0 0 0 0 0 0 0 0 0 0 0 0 0 0 0 0 0 0 0.346595 0 0 0 0.346595 0 0.346595 0 -3.56551 1.08957 0 0 0 0 0 0 0 0 0 0 0 0 0 0 1.08957 0 
0 0 0 0 0 0 0 0 0 0 0 0 0 0 0 0.346595 0 0 0 0 0 0 0 0 0 0 0 0 0 0 0 0 0 0 0 0 0 0 0 0.346595 0 0 0 0.346595 0 0.346595 0.346595 -3.09493 0 0 0 0 0 0 0 0 0 0 0 0 0 0 0 1.36196 
0 0 0 0 0 0 0 0 0 0 0 0 0 0 0 0 0.346595 0 0 0 0 0 0 0 0 0 0 0 0 0 0 0 0.346595 0 0 0 0 0 0 0 0 0 0 0 0 0 0 0 -2.87232 0.544783 0.544783 0 0.544783 0 0 0 0.544783 0 0 0 0 0 0 0 
0 0 0 0 0 0 0 0 0 0 0 0 0 0 0 0 0 0.346595 0 0 0 0 0 0 0 0 0 0 0 0 0 0 0 0.346595 0 0 0 0 0 0 0 0 0 0 0 0 0 0 0.346595 -3.49131 0 0.817175 0 0.817175 0 0 0 0.817175 0 0 0 0 0 0 
0 0 0 0 0 0 0 0 0 0 0 0 0 0 0 0 0 0 0.346595 0 0 0 0 0 0 0 0 0 0 0 0 0 0 0 0.346595 0 0 0 0 0 0 0 0 0 0 0 0 0 0.346595 0 -3.49131 0.817175 0 0 0.817175 0 0 0 0.817175 0 0 0 0 0 
0 0 0 0 0 0 0 0 0 0 0 0 0 0 0 0 0 0 0 0.346595 0 0 0 0 0 0 0 0 0 0 0 0 0 0 0 0.346595 0 0 0 0 0 0 0 0 0 0 0 0 0 0.346595 0.346595 -3.56551 0 0 0 1.08957 0 0 0 1.08957 0 0 0 0 
0 0 0 0 0 0 0 0 0 0 0 0 0 0 0 0 0 0 0 0 0.346595 0 0 0 0 0 0 0 0 0 0 0 0 0 0 0 0.346595 0 0 0 0 0 0 0 0 0 0 0 0.346595 0 0 0 -3.49131 0.817175 0.817175 0 0 0 0 0 0.817175 0 0 0 
0 0 0 0 0 0 0 0 0 0 0 0 0 0 0 0 0 0 0 0 0 0.346595 0 0 0 0 0 0 0 0 0 0 0 0 0 0 0 0.346595 0 0 0 0 0 0 0 0 0 0 0 0.346595 0 0 0.346595 -3.56551 0 1.08957 0 0 0 0 0 1.08957 0 0 
0 0 0 0 0 0 0 0 0 0 0 0 0 0 0 0 0 0 0 0 0 0 0.346595 0 0 0 0 0 0 0 0 0 0 0 0 0 0 0 0.346595 0 0 0 0 0 0 0 0 0 0 0 0.346595 0 0.346595 0 -3.56551 1.08957 0 0 0 0 0 0 1.08957 0 
0 0 0 0 0 0 0 0 0 0 0 0 0 0 0 0 0 0 0 0 0 0 0 0.346595 0 0 0 0 0 0 0 0 0 0 0 0 0 0 0 0.346595 0 0 0 0 0 0 0 0 0 0 0 0.346595 0 0.346595 0.346595 -3.09493 0 0 0 0 0 0 0 1.36196 
0 0 0 0 0 0 0 0 0 0 0 0 0 0 0 0 0 0 0 0 0 0 0 0 0.346595 0 0 0 0 0 0 0 0 0 0 0 0 0 0 0 0.346595 0 0 0 0 0 0 0 0.346595 0 0 0 0 0 0 0 -3.49131 0.817175 0.817175 0 0.817175 0 0 0 
0 0 0 0 0 0 0 0 0 0 0 0 0 0 0 0 0 0 0 0 0 0 0 0 0 0.346595 0 0 0 0 0 0 0 0 0 0 0 0 0 0 0 0.346595 0 0 0 0 0 0 0 0.346595 0 0 0 0 0 0 0.346595 -3.56551 0 1.08957 0 1.08957 0 0 
0 0 0 0 0 0 0 0 0 0 0 0 0 0 0 0 0 0 0 0 0 0 0 0 0 0 0.346595 0 0 0 0 0 0 0 0 0 0 0 0 0 0 0 0.346595 0 0 0 0 0 0 0 0.346595 0 0 0 0 0 0.346595 0 -3.56551 1.08957 0 0 1.08957 0 
0 0 0 0 0 0 0 0 0 0 0 0 0 0 0 0 0 0 0 0 0 0 0 0 0 0 0 0.346595 0 0 0 0 0 0 0 0 0 0 0 0 0 0 0 0.346595 0 0 0 0 0 0 0 0.346595 0 0 0 0 0 0.346595 0.346595 -3.09493 0 0 0 1.36196 
0 0 0 0 0 0 0 0 0 0 0 0 0 0 0 0 0 0 0 0 0 0 0 0 0 0 0 0 0.346595 0 0 0 0 0 0 0 0 0 0 0 0 0 0 0 0.346595 0 0 0 0 0 0 0 0.346595 0 0 0 0.346595 0 0 0 -3.56551 1.08957 1.08957 0 
0 0 0 0 0 0 0 0 0 0 0 0 0 0 0 0 0 0 0 0 0 0 0 0 0 0 0 0 0 0.346595 0 0 0 0 0 0 0 0 0 0 0 0 0 0 0 0.346595 0 0 0 0 0 0 0 0.346595 0 0 0 0.346595 0 0 0.346595 -3.09493 0 1.36196 
0 0 0 0 0 0 0 0 0 0 0 0 0 0 0 0 0 0 0 0 0 0 0 0 0 0 0 0 0 0 0.346595 0 0 0 0 0 0 0 0 0 0 0 0 0 0 0 0.346595 0 0 0 0 0 0 0 0.346595 0 0 0 0.346595 0 0.346595 0 -3.09493 1.36196 
0 0 0 0 0 0 0 0 0 0 0 0 0 0 0 0 0 0 0 0 0 0 0 0 0 0 0 0 0 0 0 0.346595 0 0 0 0 0 0 0 0 0 0 0 0 0 0 0 0.346595 0 0 0 0 0 0 0 0.346595 0 0 0 0.346595 0 0.346595 0.346595 -2.07957 
