32
-0 0 0 0 0 0 0 0 0 0 0 0 0 0 0 0 0 0 0 0 0 0 0 0 0 0 0 0 0 0 0 0 
0.281696 -1.51288 0 0.307797 0 0.307797 0 0 0 0.307797 0 0 0 0 0 0 0 0.307797 0 0 0 0 0 0 0 0 0 0 0 0 0 0 
0.281696 0 -1.51288 0.307797 0 0 0.307797 0 0 0 0.307797 0 0 0 0 0 0 0 0.307797 0 0 0 0 0 0 0 0 0 0 0 0 0 
0 0.281696 0.281696 -2.41017 0 0 0 0.615594 0 0 0 0.615594 0 0 0 0 0 0 0 0.615594 0 0 0 0 0 0 0 0 0 0 0 0 
0.281696 0 0 0 -1.51288 0.307797 0.307797 0 0 0 0 0 0.307797 0 0 0 0 0 0 0 0.307797 0 0 0 0 0 0 0 0 0 0 0 
0 0.281696 0 0 0.281696 -2.41017 0 0.615594 0 0 0 0 0 0.615594 0 0 0 0 0 0 0 0.615594 0 0 0 0 0 0 0 0 0 0 
0 0 0.281696 0 0.281696 0 -2.41017 0.615594 0 0 0 0 0 0 0.615594 0 0 0 0 0 0 0 0.615594 0 0 0 0 0 0 0 0 0 
0 0 0 0.281696 0 0.281696 0.281696 -2.69187 0 0 0 0 0 0 0 0.923391 0 0 0 0 0 0 0 0.923391 0 0 0 0 0 0 0 0 
0.281696 0 0 0 0 0 0 0 -1.51288 0.307797 0.307797 0 0.307797 0 0 0 0 0 0 0 0 0 0 0 0.307797 0 0 0 0 0 0 0 
0 0.281696 0 0 0 0 0 0 0.281696 -2.41017 0 0.615594 0 0.615594 0 0 0 0 0 0 0 0 0 0 0 0.615594 0 0 0 0 0 0 
0 0 0.281696 0 0 0 0 0 0.281696 0 -2.41017 0.615594 0 0 0.615594 0 0 0 0 0 0 0 0 0 0 0 0.615594 0 0 0 0 0 
0 0 0 0.281696 0 0 0 0 0 0.281696 0.281696 -2.69187 0 0 0 0.923391 0 0 0 0 0 0 0 0 0 0 0 0.923391 0 0 0 0 
0 0 0 0 0.281696 0 0 0 0.281696 0 0 0 -2.41017 0.615594 0.615594 0 0 0 0 0 0 0 0 0 0 0 0 0 0.615594 0 0 0 
0 0 0 0 0 0.281696 0 0 0 0.281696 0 0 0.281696 -2.69187 0 0.923391 0 0 0 0 0 0 0 0 0 0 0 0 0 0.923391 0 0 
0 0 0 0 0 0 0.281696 0 0 0 0.281696 0 0.281696 0 -2.69187 0.923391 0 0 0 0 0 0 0 0 0 0 0 0 0 0 0.923391 0 
0 0 0 0 0 0 0 0.281696 0 0 0 0.281696 0 0.281696 0.281696 -2.35797 0 0 0 0 0 0 0 0 0 0 0 0 0 0 0 1.23119 
0.281696 0 0 0 0 0 0 0 0 0 0 0 0 0 0 0 -1.51288 0.307797 0.307797 0 0.307797 0 0 0 0.307797 0 0 0 0 0 0 0 
0 0.281696 0 0 0 0 0 0 0 0 0 0 0 0 0 0 0.281696 -2.41017 0 0.615594 0 0.615594 0 0 0 0.615594 0 0 0 0 0 0 
0 0 0.281696 0 0 0 0 0 0 0 0 0 0 0 0 0 0.281696 0 -2.41017 0.615594 0 0 0.615594 0 0 0 0.615594 0 0 0 0 0 
0 0 0 0.281696 0 0 0 0 0 0 0 0 0 0 0 0 0 0.281696 0.281696 -2.69187 0 0 0 0.923391 0 0 0 0.923391 0 0 0 0 
0 0 0 0 0.281696 0 0 0 0 0 0 0 0 0 0 0 0.281696 0 0 0 -2.41017 0.615594 0.615594 0 0 0 0 0 0.615594 0 0 0 
0 0 0 0 0 0.281696 0 0 0 0 0 0 0 0 0 0 0 0.281696 0 0 0.281696 -2.69187 0 0.923391 0 0 0 0 0 0.923391 0 0 
0 0 0 0 0 0 0.281696 0 0 0 0 0 0 0 0 0 0 0 0.281696 0 0.281696 0 -2.69187 0.923391 0 0 0 0 0 0 0.923391 0 
0 0 0 0 0 0 0 0.281696 0 0 0 0 0 0 0 0 0 0 0 0.281696 0 0.281696 0.281696 -2.35797 0 0 0 0 0 0 0 1.23119 
0 0 0 0 0 0 0 0 0.281696 0 0 0 0 0 0 0 0.281696 0 0 0 0 0 0 0 -2.41017 0.615594 0.615594 0 0.615594 0 0 0 
0 0 0 0 0 0 0 0 0 0.281696 0 0 0 0 0 0 0 0.281696 0 0 0 0 0 0 0.281696 -2.69187 0 0.923391 0 0.923391 0 0 
0 0 0 0 0 0 0 0 0 0 0.281696 0 0 0 0 0 0 0 0.281696 0 0 0 0 0 0.281696 0 -2.69187 0.923391 0 0 0.923391 0 
0 0 0 0 0 0 0 0 0 0 0 0.281696 0 0 0 0 0 0 0 0.281696 0 0 0 0 0 0.281696 0.281696 -2.35797 0 0 0 1.23119 
0 0 0 0 0 0 0 0 0 0 0 0 0.281696 0 0 0 0 0 0 0 0.281696 0 0 0 0.281696 0 0 0 -2.69187 0.923391 0.923391 0 
0 0 0 0 0 0 0 0 0 0 0 0 0 0.281696 0 0 0 0 0 0 0 0.281696 0 0 0 0.281696 0 0 0.281696 -2.35797 0 1.23119 
0 0 0 0 0 0 0 0 0 0 0 0 0 0 0.281696 0 0 0 0 0 0 0 0.281696 0 0 0 0.281696 0 0.281696 0 -2.35797 1.23119 
0 0 0 0 0 0 0 0 0 0 0 0 0 0 0 0.281696 0 0 0 0 0 0 0 0.281696 0 0 0 0.281696 0 0.281696 0.281696 -1.40848 
