32
-0 0 0 0 0 0 0 0 0 0 0 0 0 0 0 0 0 0 0 0 0 0 0 0 0 0 0 0 0 0 0 0 
0.127853 -1.22586 0 0.274502 0 0.274502 0 0 0 0.274502 0 0 0 0 0 0 0 0.274502 0 0 0 0 0 0 0 0 0 0 0 0 0 0 
0.127853 0 -1.22586 0.274502 0 0 0.274502 0 0 0 0.274502 0 0 0 0 0 0 0 0.274502 0 0 0 0 0 0 0 0 0 0 0 0 0 
0 0.127853 0.127853 -1.90272 0 0 0 0.549005 0 0 0 0.549005 0 0 0 0 0 0 0 0.549005 0 0 0 0 0 0 0 0 0 0 0 0 
0.127853 0 0 0 -1.22586 0.274502 0.274502 0 0 0 0 0 0.274502 0 0 0 0 0 0 0 0.274502 0 0 0 0 0 0 0 0 0 0 0 
0 0.127853 0 0 0.127853 -1.90272 0 0.549005 0 0 0 0 0 0.549005 0 0 0 0 0 0 0 0.549005 0 0 0 0 0 0 0 0 0 0 
0 0 0.127853 0 0.127853 0 -1.90272 0.549005 0 0 0 0 0 0 0.549005 0 0 0 0 0 0 0 0.549005 0 0 0 0 0 0 0 0 0 
0 0 0 0.127853 0 0.127853 0.127853 -2.03057 0 0 0 0 0 0 0 0.823507 0 0 0 0 0 0 0 0.823507 0 0 0 0 0 0 0 0 
0.127853 0 0 0 0 0 0 0 -1.22586 0.274502 0.274502 0 0.274502 0 0 0 0 0 0 0 0 0 0 0 0.274502 0 0 0 0 0 0 0 
0 0.127853 0 0 0 0 0 0 0.127853 -1.90272 0 0.549005 0 0.549005 0 0 0 0 0 0 0 0 0 0 0 0.549005 0 0 0 0 0 0 
0 0 0.127853 0 0 0 0 0 0.127853 0 -1.90272 0.549005 0 0 0.549005 0 0 0 0 0 0 0 0 0 0 0 0.549005 0 0 0 0 0 
0 0 0 0.127853 0 0 0 0 0 0.127853 0.127853 -2.03057 0 0 0 0.823507 0 0 0 0 0 0 0 0 0 0 0 0.823507 0 0 0 0 
0 0 0 0 0.127853 0 0 0 0.127853 0 0 0 -1.90272 0.549005 0.549005 0 0 0 0 0 0 0 0 0 0 0 0 0 0.549005 0 0 0 
0 0 0 0 0 0.127853 0 0 0 0.127853 0 0 0.127853 -2.03057 0 0.823507 0 0 0 0 0 0 0 0 0 0 0 0 0 0.823507 0 0 
0 0 0 0 0 0 0.127853 0 0 0 0.127853 0 0.127853 0 -2.03057 0.823507 0 0 0 0 0 0 0 0 0 0 0 0 0 0 0.823507 0 
0 0 0 0 0 0 0 0.127853 0 0 0 0.127853 0 0.127853 0.127853 -1.60942 0 0 0 0 0 0 0 0 0 0 0 0 0 0 0 1.09801 
0.127853 0 0 0 0 0 0 0 0 0 0 0 0 0 0 0 -1.22586 0.274502 0.274502 0 0.274502 0 0 0 0.274502 0 0 0 0 0 0 0 
0 0.127853 0 0 0 0 0 0 0 0 0 0 0 0 0 0 0.127853 -1.90272 0 0.549005 0 0.549005 0 0 0 0.549005 0 0 0 0 0 0 
0 0 0.127853 0 0 0 0 0 0 0 0 0 0 0 0 0 0.127853 0 -1.90272 0.549005 0 0 0.549005 0 0 0 0.549005 0 0 0 0 0 
0 0 0 0.127853 0 0 0 0 0 0 0 0 0 0 0 0 0 0.127853 0.127853 -2.03057 0 0 0 0.823507 0 0 0 0.823507 0 0 0 0 
0 0 0 0 0.127853 0 0 0 0 0 0 0 0 0 0 0 0.127853 0 0 0 -1.90272 0.549005 0.549005 0 0 0 0 0 0.549005 0 0 0 
0 0 0 0 0 0.127853 0 0 0 0 0 0 0 0 0 0 0 0.127853 0 0 0.127853 -2.03057 0 0.823507 0 0 0 0 0 0.823507 0 0 
0 0 0 0 0 0 0.127853 0 0 0 0 0 0 0 0 0 0 0 0.127853 0 0.127853 0 -2.03057 0.823507 0 0 0 0 0 0 0.823507 0 
0 0 0 0 0 0 0 0.127853 0 0 0 0 0 0 0 0 0 0 0 0.127853 0 0.127853 0.127853 -1.60942 0 0 0 0 0 0 0 1.09801 
0 0 0 0 0 0 0 0 0.127853 0 0 0 0 0 0 0 0.127853 0 0 0 0 0 0 0 -1.90272 0.549005 0.549005 0 0.549005 0 0 0 
0 0 0 0 0 0 0 0 0 0.127853 0 0 0 0 0 0 0 0.127853 0 0 0 0 0 0 0.127853 -2.03057 0 0.823507 0 0.823507 0 0 
0 0 0 0 0 0 0 0 0 0 0.127853 0 0 0 0 0 0 0 0.127853 0 0 0 0 0 0.127853 0 -2.03057 0.823507 0 0 0.823507 0 
0 0 0 0 0 0 0 0 0 0 0 0.127853 0 0 0 0 0 0 0 0.127853 0 0 0 0 0 0.127853 0.127853 -1.60942 0 0 0 1.09801 
0 0 0 0 0 0 0 0 0 0 0 0 0.127853 0 0 0 0 0 0 0 0.127853 0 0 0 0.127853 0 0 0 -2.03057 0.823507 0.823507 0 
0 0 0 0 0 0 0 0 0 0 0 0 0 0.127853 0 0 0 0 0 0 0 0.127853 0 0 0 0.127853 0 0 0.127853 -1.60942 0 1.09801 
0 0 0 0 0 0 0 0 0 0 0 0 0 0 0.127853 0 0 0 0 0 0 0 0.127853 0 0 0 0.127853 0 0.127853 0 -1.60942 1.09801 
0 0 0 0 0 0 0 0 0 0 0 0 0 0 0 0.127853 0 0 0 0 0 0 0 0.127853 0 0 0 0.127853 0 0.127853 0.127853 -0.639267 
