32
-0 0 0 0 0 0 0 0 0 0 0 0 0 0 0 0 0 0 0 0 0 0 0 0 0 0 0 0 0 0 0 0 
0.262225 -1.35069 0 0.272115 0 0.272115 0 0 0 0.272115 0 0 0 0 0 0 0 0.272115 0 0 0 0 0 0 0 0 0 0 0 0 0 0 
0.262225 0 -1.35069 0.272115 0 0 0.272115 0 0 0 0.272115 0 0 0 0 0 0 0 0.272115 0 0 0 0 0 0 0 0 0 0 0 0 0 
0 0.262225 0.262225 -2.15714 0 0 0 0.54423 0 0 0 0.54423 0 0 0 0 0 0 0 0.54423 0 0 0 0 0 0 0 0 0 0 0 0 
0.262225 0 0 0 -1.35069 0.272115 0.272115 0 0 0 0 0 0.272115 0 0 0 0 0 0 0 0.272115 0 0 0 0 0 0 0 0 0 0 0 
0 0.262225 0 0 0.262225 -2.15714 0 0.54423 0 0 0 0 0 0.54423 0 0 0 0 0 0 0 0.54423 0 0 0 0 0 0 0 0 0 0 
0 0 0.262225 0 0.262225 0 -2.15714 0.54423 0 0 0 0 0 0 0.54423 0 0 0 0 0 0 0 0.54423 0 0 0 0 0 0 0 0 0 
0 0 0 0.262225 0 0.262225 0.262225 -2.41937 0 0 0 0 0 0 0 0.816345 0 0 0 0 0 0 0 0.816345 0 0 0 0 0 0 0 0 
0.262225 0 0 0 0 0 0 0 -1.35069 0.272115 0.272115 0 0.272115 0 0 0 0 0 0 0 0 0 0 0 0.272115 0 0 0 0 0 0 0 
0 0.262225 0 0 0 0 0 0 0.262225 -2.15714 0 0.54423 0 0.54423 0 0 0 0 0 0 0 0 0 0 0 0.54423 0 0 0 0 0 0 
0 0 0.262225 0 0 0 0 0 0.262225 0 -2.15714 0.54423 0 0 0.54423 0 0 0 0 0 0 0 0 0 0 0 0.54423 0 0 0 0 0 
0 0 0 0.262225 0 0 0 0 0 0.262225 0.262225 -2.41937 0 0 0 0.816345 0 0 0 0 0 0 0 0 0 0 0 0.816345 0 0 0 0 
0 0 0 0 0.262225 0 0 0 0.262225 0 0 0 -2.15714 0.54423 0.54423 0 0 0 0 0 0 0 0 0 0 0 0 0 0.54423 0 0 0 
0 0 0 0 0 0.262225 0 0 0 0.262225 0 0 0.262225 -2.41937 0 0.816345 0 0 0 0 0 0 0 0 0 0 0 0 0 0.816345 0 0 
0 0 0 0 0 0 0.262225 0 0 0 0.262225 0 0.262225 0 -2.41937 0.816345 0 0 0 0 0 0 0 0 0 0 0 0 0 0 0.816345 0 
0 0 0 0 0 0 0 0.262225 0 0 0 0.262225 0 0.262225 0.262225 -2.13736 0 0 0 0 0 0 0 0 0 0 0 0 0 0 0 1.08846 
0.262225 0 0 0 0 0 0 0 0 0 0 0 0 0 0 0 -1.35069 0.272115 0.272115 0 0.272115 0 0 0 0.272115 0 0 0 0 0 0 0 
0 0.262225 0 0 0 0 0 0 0 0 0 0 0 0 0 0 0.262225 -2.15714 0 0.54423 0 0.54423 0 0 0 0.54423 0 0 0 0 0 0 
0 0 0.262225 0 0 0 0 0 0 0 0 0 0 0 0 0 0.262225 0 -2.15714 0.54423 0 0 0.54423 0 0 0 0.54423 0 0 0 0 0 
0 0 0 0.262225 0 0 0 0 0 0 0 0 0 0 0 0 0 0.262225 0.262225 -2.41937 0 0 0 0.816345 0 0 0 0.816345 0 0 0 0 
0 0 0 0 0.262225 0 0 0 0 0 0 0 0 0 0 0 0.262225 0 0 0 -2.15714 0.54423 0.54423 0 0 0 0 0 0.54423 0 0 0 
0 0 0 0 0 0.262225 0 0 0 0 0 0 0 0 0 0 0 0.262225 0 0 0.262225 -2.41937 0 0.816345 0 0 0 0 0 0.816345 0 0 
0 0 0 0 0 0 0.262225 0 0 0 0 0 0 0 0 0 0 0 0.262225 0 0.262225 0 -2.41937 0.816345 0 0 0 0 0 0 0.816345 0 
0 0 0 0 0 0 0 0.262225 0 0 0 0 0 0 0 0 0 0 0 0.262225 0 0.262225 0.262225 -2.13736 0 0 0 0 0 0 0 1.08846 
0 0 0 0 0 0 0 0 0.262225 0 0 0 0 0 0 0 0.262225 0 0 0 0 0 0 0 -2.15714 0.54423 0.54423 0 0.54423 0 0 0 
0 0 0 0 0 0 0 0 0 0.262225 0 0 0 0 0 0 0 0.262225 0 0 0 0 0 0 0.262225 -2.41937 0 0.816345 0 0.816345 0 0 
0 0 0 0 0 0 0 0 0 0 0.262225 0 0 0 0 0 0 0 0.262225 0 0 0 0 0 0.262225 0 -2.41937 0.816345 0 0 0.816345 0 
0 0 0 0 0 0 0 0 0 0 0 0.262225 0 0 0 0 0 0 0 0.262225 0 0 0 0 0 0.262225 0.262225 -2.13736 0 0 0 1.08846 
0 0 0 0 0 0 0 0 0 0 0 0 0.262225 0 0 0 0 0 0 0 0.262225 0 0 0 0.262225 0 0 0 -2.41937 0.816345 0.816345 0 
0 0 0 0 0 0 0 0 0 0 0 0 0 0.262225 0 0 0 0 0 0 0 0.262225 0 0 0 0.262225 0 0 0.262225 -2.13736 0 1.08846 
0 0 0 0 0 0 0 0 0 0 0 0 0 0 0.262225 0 0 0 0 0 0 0 0.262225 0 0 0 0.262225 0 0.262225 0 -2.13736 1.08846 
0 0 0 0 0 0 0 0 0 0 0 0 0 0 0 0.262225 0 0 0 0 0 0 0 0.262225 0 0 0 0.262225 0 0.262225 0.262225 -1.31113 
