32
-0 0 0 0 0 0 0 0 0 0 0 0 0 0 0 0 0 0 0 0 0 0 0 0 0 0 0 0 0 0 0 0 
0.342794 -1.95837 0 0.403894 0 0.403894 0 0 0 0.403894 0 0 0 0 0 0 0 0.403894 0 0 0 0 0 0 0 0 0 0 0 0 0 0 
0.342794 0 -1.95837 0.403894 0 0 0.403894 0 0 0 0.403894 0 0 0 0 0 0 0 0.403894 0 0 0 0 0 0 0 0 0 0 0 0 0 
0 0.342794 0.342794 -3.10895 0 0 0 0.807787 0 0 0 0.807787 0 0 0 0 0 0 0 0.807787 0 0 0 0 0 0 0 0 0 0 0 0 
0.342794 0 0 0 -1.95837 0.403894 0.403894 0 0 0 0 0 0.403894 0 0 0 0 0 0 0 0.403894 0 0 0 0 0 0 0 0 0 0 0 
0 0.342794 0 0 0.342794 -3.10895 0 0.807787 0 0 0 0 0 0.807787 0 0 0 0 0 0 0 0.807787 0 0 0 0 0 0 0 0 0 0 
0 0 0.342794 0 0.342794 0 -3.10895 0.807787 0 0 0 0 0 0 0.807787 0 0 0 0 0 0 0 0.807787 0 0 0 0 0 0 0 0 0 
0 0 0 0.342794 0 0.342794 0.342794 -3.45174 0 0 0 0 0 0 0 1.21168 0 0 0 0 0 0 0 1.21168 0 0 0 0 0 0 0 0 
0.342794 0 0 0 0 0 0 0 -1.95837 0.403894 0.403894 0 0.403894 0 0 0 0 0 0 0 0 0 0 0 0.403894 0 0 0 0 0 0 0 
0 0.342794 0 0 0 0 0 0 0.342794 -3.10895 0 0.807787 0 0.807787 0 0 0 0 0 0 0 0 0 0 0 0.807787 0 0 0 0 0 0 
0 0 0.342794 0 0 0 0 0 0.342794 0 -3.10895 0.807787 0 0 0.807787 0 0 0 0 0 0 0 0 0 0 0 0.807787 0 0 0 0 0 
0 0 0 0.342794 0 0 0 0 0 0.342794 0.342794 -3.45174 0 0 0 1.21168 0 0 0 0 0 0 0 0 0 0 0 1.21168 0 0 0 0 
0 0 0 0 0.342794 0 0 0 0.342794 0 0 0 -3.10895 0.807787 0.807787 0 0 0 0 0 0 0 0 0 0 0 0 0 0.807787 0 0 0 
0 0 0 0 0 0.342794 0 0 0 0.342794 0 0 0.342794 -3.45174 0 1.21168 0 0 0 0 0 0 0 0 0 0 0 0 0 1.21168 0 0 
0 0 0 0 0 0 0.342794 0 0 0 0.342794 0 0.342794 0 -3.45174 1.21168 0 0 0 0 0 0 0 0 0 0 0 0 0 0 1.21168 0 
0 0 0 0 0 0 0 0.342794 0 0 0 0.342794 0 0.342794 0.342794 -2.98675 0 0 0 0 0 0 0 0 0 0 0 0 0 0 0 1.61557 
0.342794 0 0 0 0 0 0 0 0 0 0 0 0 0 0 0 -1.95837 0.403894 0.403894 0 0.403894 0 0 0 0.403894 0 0 0 0 0 0 0 
0 0.342794 0 0 0 0 0 0 0 0 0 0 0 0 0 0 0.342794 -3.10895 0 0.807787 0 0.807787 0 0 0 0.807787 0 0 0 0 0 0 
0 0 0.342794 0 0 0 0 0 0 0 0 0 0 0 0 0 0.342794 0 -3.10895 0.807787 0 0 0.807787 0 0 0 0.807787 0 0 0 0 0 
0 0 0 0.342794 0 0 0 0 0 0 0 0 0 0 0 0 0 0.342794 0.342794 -3.45174 0 0 0 1.21168 0 0 0 1.21168 0 0 0 0 
0 0 0 0 0.342794 0 0 0 0 0 0 0 0 0 0 0 0.342794 0 0 0 -3.10895 0.807787 0.807787 0 0 0 0 0 0.807787 0 0 0 
0 0 0 0 0 0.342794 0 0 0 0 0 0 0 0 0 0 0 0.342794 0 0 0.342794 -3.45174 0 1.21168 0 0 0 0 0 1.21168 0 0 
0 0 0 0 0 0 0.342794 0 0 0 0 0 0 0 0 0 0 0 0.342794 0 0.342794 0 -3.45174 1.21168 0 0 0 0 0 0 1.21168 0 
0 0 0 0 0 0 0 0.342794 0 0 0 0 0 0 0 0 0 0 0 0.342794 0 0.342794 0.342794 -2.98675 0 0 0 0 0 0 0 1.61557 
0 0 0 0 0 0 0 0 0.342794 0 0 0 0 0 0 0 0.342794 0 0 0 0 0 0 0 -3.10895 0.807787 0.807787 0 0.807787 0 0 0 
0 0 0 0 0 0 0 0 0 0.342794 0 0 0 0 0 0 0 0.342794 0 0 0 0 0 0 0.342794 -3.45174 0 1.21168 0 1.21168 0 0 
0 0 0 0 0 0 0 0 0 0 0.342794 0 0 0 0 0 0 0 0.342794 0 0 0 0 0 0.342794 0 -3.45174 1.21168 0 0 1.21168 0 
0 0 0 0 0 0 0 0 0 0 0 0.342794 0 0 0 0 0 0 0 0.342794 0 0 0 0 0 0.342794 0.342794 -2.98675 0 0 0 1.61557 
0 0 0 0 0 0 0 0 0 0 0 0 0.342794 0 0 0 0 0 0 0 0.342794 0 0 0 0.342794 0 0 0 -3.45174 1.21168 1.21168 0 
0 0 0 0 0 0 0 0 0 0 0 0 0 0.342794 0 0 0 0 0 0 0 0.342794 0 0 0 0.342794 0 0 0.342794 -2.98675 0 1.61557 
0 0 0 0 0 0 0 0 0 0 0 0 0 0 0.342794 0 0 0 0 0 0 0 0.342794 0 0 0 0.342794 0 0.342794 0 -2.98675 1.61557 
0 0 0 0 0 0 0 0 0 0 0 0 0 0 0 0.342794 0 0 0 0 0 0 0 0.342794 0 0 0 0.342794 0 0.342794 0.342794 -1.71397 
