64
-0 0 0 0 0 0 0 0 0 0 0 0 0 0 0 0 0 0 0 0 0 0 0 0 0 0 0 0 0 0 0 0 0 0 0 0 0 0 0 0 0 0 0 0 0 0 0 0 0 0 0 0 0 0 0 0 0 0 0 0 0 0 0 0 
0.619343 -3.16923 0 0.509978 0 0.509978 0 0 0 0.509978 0 0 0 0 0 0 0 0.509978 0 0 0 0 0 0 0 0 0 0 0 0 0 0 0 0.509978 0 0 0 0 0 0 0 0 0 0 0 0 0 0 0 0 0 0 0 0 0 0 0 0 0 0 0 0 0 0 
0.619343 0 -3.16923 0.509978 0 0 0.509978 0 0 0 0.509978 0 0 0 0 0 0 0 0.509978 0 0 0 0 0 0 0 0 0 0 0 0 0 0 0 0.509978 0 0 0 0 0 0 0 0 0 0 0 0 0 0 0 0 0 0 0 0 0 0 0 0 0 0 0 0 0 
0 0.619343 0.619343 -5.31851 0 0 0 1.01996 0 0 0 1.01996 0 0 0 0 0 0 0 1.01996 0 0 0 0 0 0 0 0 0 0 0 0 0 0 0 1.01996 0 0 0 0 0 0 0 0 0 0 0 0 0 0 0 0 0 0 0 0 0 0 0 0 0 0 0 0 
0.619343 0 0 0 -3.16923 0.509978 0.509978 0 0 0 0 0 0.509978 0 0 0 0 0 0 0 0.509978 0 0 0 0 0 0 0 0 0 0 0 0 0 0 0 0.509978 0 0 0 0 0 0 0 0 0 0 0 0 0 0 0 0 0 0 0 0 0 0 0 0 0 0 0 
0 0.619343 0 0 0.619343 -5.31851 0 1.01996 0 0 0 0 0 1.01996 0 0 0 0 0 0 0 1.01996 0 0 0 0 0 0 0 0 0 0 0 0 0 0 0 1.01996 0 0 0 0 0 0 0 0 0 0 0 0 0 0 0 0 0 0 0 0 0 0 0 0 0 0 
0 0 0.619343 0 0.619343 0 -5.31851 1.01996 0 0 0 0 0 0 1.01996 0 0 0 0 0 0 0 1.01996 0 0 0 0 0 0 0 0 0 0 0 0 0 0 0 1.01996 0 0 0 0 0 0 0 0 0 0 0 0 0 0 0 0 0 0 0 0 0 0 0 0 0 
0 0 0 0.619343 0 0.619343 0.619343 -6.44783 0 0 0 0 0 0 0 1.52993 0 0 0 0 0 0 0 1.52993 0 0 0 0 0 0 0 0 0 0 0 0 0 0 0 1.52993 0 0 0 0 0 0 0 0 0 0 0 0 0 0 0 0 0 0 0 0 0 0 0 0 
0.619343 0 0 0 0 0 0 0 -3.16923 0.509978 0.509978 0 0.509978 0 0 0 0 0 0 0 0 0 0 0 0.509978 0 0 0 0 0 0 0 0 0 0 0 0 0 0 0 0.509978 0 0 0 0 0 0 0 0 0 0 0 0 0 0 0 0 0 0 0 0 0 0 0 
0 0.619343 0 0 0 0 0 0 0.619343 -5.31851 0 1.01996 0 1.01996 0 0 0 0 0 0 0 0 0 0 0 1.01996 0 0 0 0 0 0 0 0 0 0 0 0 0 0 0 1.01996 0 0 0 0 0 0 0 0 0 0 0 0 0 0 0 0 0 0 0 0 0 0 
0 0 0.619343 0 0 0 0 0 0.619343 0 -5.31851 1.01996 0 0 1.01996 0 0 0 0 0 0 0 0 0 0 0 1.01996 0 0 0 0 0 0 0 0 0 0 0 0 0 0 0 1.01996 0 0 0 0 0 0 0 0 0 0 0 0 0 0 0 0 0 0 0 0 0 
0 0 0 0.619343 0 0 0 0 0 0.619343 0.619343 -6.44783 0 0 0 1.52993 0 0 0 0 0 0 0 0 0 0 0 1.52993 0 0 0 0 0 0 0 0 0 0 0 0 0 0 0 1.52993 0 0 0 0 0 0 0 0 0 0 0 0 0 0 0 0 0 0 0 0 
0 0 0 0 0.619343 0 0 0 0.619343 0 0 0 -5.31851 1.01996 1.01996 0 0 0 0 0 0 0 0 0 0 0 0 0 1.01996 0 0 0 0 0 0 0 0 0 0 0 0 0 0 0 1.01996 0 0 0 0 0 0 0 0 0 0 0 0 0 0 0 0 0 0 0 
0 0 0 0 0 0.619343 0 0 0 0.619343 0 0 0.619343 -6.44783 0 1.52993 0 0 0 0 0 0 0 0 0 0 0 0 0 1.52993 0 0 0 0 0 0 0 0 0 0 0 0 0 0 0 1.52993 0 0 0 0 0 0 0 0 0 0 0 0 0 0 0 0 0 0 
0 0 0 0 0 0 0.619343 0 0 0 0.619343 0 0.619343 0 -6.44783 1.52993 0 0 0 0 0 0 0 0 0 0 0 0 0 0 1.52993 0 0 0 0 0 0 0 0 0 0 0 0 0 0 0 1.52993 0 0 0 0 0 0 0 0 0 0 0 0 0 0 0 0 0 
0 0 0 0 0 0 0 0.619343 0 0 0 0.619343 0 0.619343 0.619343 -6.5572 0 0 0 0 0 0 0 0 0 0 0 0 0 0 0 2.03991 0 0 0 0 0 0 0 0 0 0 0 0 0 0 0 2.03991 0 0 0 0 0 0 0 0 0 0 0 0 0 0 0 0 
0.619343 0 0 0 0 0 0 0 0 0 0 0 0 0 0 0 -3.16923 0.509978 0.509978 0 0.509978 0 0 0 0.509978 0 0 0 0 0 0 0 0 0 0 0 0 0 0 0 0 0 0 0 0 0 0 0 0.509978 0 0 0 0 0 0 0 0 0 0 0 0 0 0 0 
0 0.619343 0 0 0 0 0 0 0 0 0 0 0 0 0 0 0.619343 -5.31851 0 1.01996 0 1.01996 0 0 0 1.01996 0 0 0 0 0 0 0 0 0 0 0 0 0 0 0 0 0 0 0 0 0 0 0 1.01996 0 0 0 0 0 0 0 0 0 0 0 0 0 0 
0 0 0.619343 0 0 0 0 0 0 0 0 0 0 0 0 0 0.619343 0 -5.31851 1.01996 0 0 1.01996 0 0 0 1.01996 0 0 0 0 0 0 0 0 0 0 0 0 0 0 0 0 0 0 0 0 0 0 0 1.01996 0 0 0 0 0 0 0 0 0 0 0 0 0 
0 0 0 0.619343 0 0 0 0 0 0 0 0 0 0 0 0 0 0.619343 0.619343 -6.44783 0 0 0 1.52993 0 0 0 1.52993 0 0 0 0 0 0 0 0 0 0 0 0 0 0 0 0 0 0 0 0 0 0 0 1.52993 0 0 0 0 0 0 0 0 0 0 0 0 
0 0 0 0 0.619343 0 0 0 0 0 0 0 0 0 0 0 0.619343 0 0 0 -5.31851 1.01996 1.01996 0 0 0 0 0 1.01996 0 0 0 0 0 0 0 0 0 0 0 0 0 0 0 0 0 0 0 0 0 0 0 1.01996 0 0 0 0 0 0 0 0 0 0 0 
0 0 0 0 0 0.619343 0 0 0 0 0 0 0 0 0 0 0 0.619343 0 0 0.619343 -6.44783 0 1.52993 0 0 0 0 0 1.52993 0 0 0 0 0 0 0 0 0 0 0 0 0 0 0 0 0 0 0 0 0 0 0 1.52993 0 0 0 0 0 0 0 0 0 0 
0 0 0 0 0 0 0.619343 0 0 0 0 0 0 0 0 0 0 0 0.619343 0 0.619343 0 -6.44783 1.52993 0 0 0 0 0 0 1.52993 0 0 0 0 0 0 0 0 0 0 0 0 0 0 0 0 0 0 0 0 0 0 0 1.52993 0 0 0 0 0 0 0 0 0 
0 0 0 0 0 0 0 0.619343 0 0 0 0 0 0 0 0 0 0 0 0.619343 0 0.619343 0.619343 -6.5572 0 0 0 0 0 0 0 2.03991 0 0 0 0 0 0 0 0 0 0 0 0 0 0 0 0 0 0 0 0 0 0 0 2.03991 0 0 0 0 0 0 0 0 
0 0 0 0 0 0 0 0 0.619343 0 0 0 0 0 0 0 0.619343 0 0 0 0 0 0 0 -5.31851 1.01996 1.01996 0 1.01996 0 0 0 0 0 0 0 0 0 0 0 0 0 0 0 0 0 0 0 0 0 0 0 0 0 0 0 1.01996 0 0 0 0 0 0 0 
0 0 0 0 0 0 0 0 0 0.619343 0 0 0 0 0 0 0 0.619343 0 0 0 0 0 0 0.619343 -6.44783 0 1.52993 0 1.52993 0 0 0 0 0 0 0 0 0 0 0 0 0 0 0 0 0 0 0 0 0 0 0 0 0 0 0 1.52993 0 0 0 0 0 0 
0 0 0 0 0 0 0 0 0 0 0.619343 0 0 0 0 0 0 0 0.619343 0 0 0 0 0 0.619343 0 -6.44783 1.52993 0 0 1.52993 0 0 0 0 0 0 0 0 0 0 0 0 0 0 0 0 0 0 0 0 0 0 0 0 0 0 0 1.52993 0 0 0 0 0 
0 0 0 0 0 0 0 0 0 0 0 0.619343 0 0 0 0 0 0 0 0.619343 0 0 0 0 0 0.619343 0.619343 -6.5572 0 0 0 2.03991 0 0 0 0 0 0 0 0 0 0 0 0 0 0 0 0 0 0 0 0 0 0 0 0 0 0 0 2.03991 0 0 0 0 
0 0 0 0 0 0 0 0 0 0 0 0 0.619343 0 0 0 0 0 0 0 0.619343 0 0 0 0.619343 0 0 0 -6.44783 1.52993 1.52993 0 0 0 0 0 0 0 0 0 0 0 0 0 0 0 0 0 0 0 0 0 0 0 0 0 0 0 0 0 1.52993 0 0 0 
0 0 0 0 0 0 0 0 0 0 0 0 0 0.619343 0 0 0 0 0 0 0 0.619343 0 0 0 0.619343 0 0 0.619343 -6.5572 0 2.03991 0 0 0 0 0 0 0 0 0 0 0 0 0 0 0 0 0 0 0 0 0 0 0 0 0 0 0 0 0 2.03991 0 0 
0 0 0 0 0 0 0 0 0 0 0 0 0 0 0.619343 0 0 0 0 0 0 0 0.619343 0 0 0 0.619343 0 0.619343 0 -6.5572 2.03991 0 0 0 0 0 0 0 0 0 0 0 0 0 0 0 0 0 0 0 0 0 0 0 0 0 0 0 0 0 0 2.03991 0 
0 0 0 0 0 0 0 0 0 0 0 0 0 0 0 0.619343 0 0 0 0 0 0 0 0.619343 0 0 0 0.619343 0 0.619343 0.619343 -5.64661 0 0 0 0 0 0 0 0 0 0 0 0 0 0 0 0 0 0 0 0 0 0 0 0 0 0 0 0 0 0 0 2.54989 
0.619343 0 0 0 0 0 0 0 0 0 0 0 0 0 0 0 0 0 0 0 0 0 0 0 0 0 0 0 0 0 0 0 -3.16923 0.509978 0.509978 0 0.509978 0 0 0 0.509978 0 0 0 0 0 0 0 0.509978 0 0 0 0 0 0 0 0 0 0 0 0 0 0 0 
0 0.619343 0 0 0 0 0 0 0 0 0 0 0 0 0 0 0 0 0 0 0 0 0 0 0 0 0 0 0 0 0 0 0.619343 -5.31851 0 1.01996 0 1.01996 0 0 0 1.01996 0 0 0 0 0 0 0 1.01996 0 0 0 0 0 0 0 0 0 0 0 0 0 0 
0 0 0.619343 0 0 0 0 0 0 0 0 0 0 0 0 0 0 0 0 0 0 0 0 0 0 0 0 0 0 0 0 0 0.619343 0 -5.31851 1.01996 0 0 1.01996 0 0 0 1.01996 0 0 0 0 0 0 0 1.01996 0 0 0 0 0 0 0 0 0 0 0 0 0 
0 0 0 0.619343 0 0 0 0 0 0 0 0 0 0 0 0 0 0 0 0 0 0 0 0 0 0 0 0 0 0 0 0 0 0.619343 0.619343 -6.44783 0 0 0 1.52993 0 0 0 1.52993 0 0 0 0 0 0 0 1.52993 0 0 0 0 0 0 0 0 0 0 0 0 
0 0 0 0 0.619343 0 0 0 0 0 0 0 0 0 0 0 0 0 0 0 0 0 0 0 0 0 0 0 0 0 0 0 0.619343 0 0 0 -5.31851 1.01996 1.01996 0 0 0 0 0 1.01996 0 0 0 0 0 0 0 1.01996 0 0 0 0 0 0 0 0 0 0 0 
0 0 0 0 0 0.619343 0 0 0 0 0 0 0 0 0 0 0 0 0 0 0 0 0 0 0 0 0 0 0 0 0 0 0 0.619343 0 0 0.619343 -6.44783 0 1.52993 0 0 0 0 0 1.52993 0 0 0 0 0 0 0 1.52993 0 0 0 0 0 0 0 0 0 0 
0 0 0 0 0 0 0.619343 0 0 0 0 0 0 0 0 0 0 0 0 0 0 0 0 0 0 0 0 0 0 0 0 0 0 0 0.619343 0 0.619343 0 -6.44783 1.52993 0 0 0 0 0 0 1.52993 0 0 0 0 0 0 0 1.52993 0 0 0 0 0 0 0 0 0 
0 0 0 0 0 0 0 0.619343 0 0 0 0 0 0 0 0 0 0 0 0 0 0 0 0 0 0 0 0 0 0 0 0 0 0 0 0.619343 0 0.619343 0.619343 -6.5572 0 0 0 0 0 0 0 2.03991 0 0 0 0 0 0 0 2.03991 0 0 0 0 0 0 0 0 
0 0 0 0 0 0 0 0 0.619343 0 0 0 0 0 0 0 0 0 0 0 0 0 0 0 0 0 0 0 0 0 0 0 0.619343 0 0 0 0 0 0 0 -5.31851 1.01996 1.01996 0 1.01996 0 0 0 0 0 0 0 0 0 0 0 1.01996 0 0 0 0 0 0 0 
0 0 0 0 0 0 0 0 0 0.619343 0 0 0 0 0 0 0 0 0 0 0 0 0 0 0 0 0 0 0 0 0 0 0 0.619343 0 0 0 0 0 0 0.619343 -6.44783 0 1.52993 0 1.52993 0 0 0 0 0 0 0 0 0 0 0 1.52993 0 0 0 0 0 0 
0 0 0 0 0 0 0 0 0 0 0.619343 0 0 0 0 0 0 0 0 0 0 0 0 0 0 0 0 0 0 0 0 0 0 0 0.619343 0 0 0 0 0 0.619343 0 -6.44783 1.52993 0 0 1.52993 0 0 0 0 0 0 0 0 0 0 0 1.52993 0 0 0 0 0 
0 0 0 0 0 0 0 0 0 0 0 0.619343 0 0 0 0 0 0 0 0 0 0 0 0 0 0 0 0 0 0 0 0 0 0 0 0.619343 0 0 0 0 0 0.619343 0.619343 -6.5572 0 0 0 2.03991 0 0 0 0 0 0 0 0 0 0 0 2.03991 0 0 0 0 
0 0 0 0 0 0 0 0 0 0 0 0 0.619343 0 0 0 0 0 0 0 0 0 0 0 0 0 0 0 0 0 0 0 0 0 0 0 0.619343 0 0 0 0.619343 0 0 0 -6.44783 1.52993 1.52993 0 0 0 0 0 0 0 0 0 0 0 0 0 1.52993 0 0 0 
0 0 0 0 0 0 0 0 0 0 0 0 0 0.619343 0 0 0 0 0 0 0 0 0 0 0 0 0 0 0 0 0 0 0 0 0 0 0 0.619343 0 0 0 0.619343 0 0 0.619343 -6.5572 0 2.03991 0 0 0 0 0 0 0 0 0 0 0 0 0 2.03991 0 0 
0 0 0 0 0 0 0 0 0 0 0 0 0 0 0.619343 0 0 0 0 0 0 0 0 0 0 0 0 0 0 0 0 0 0 0 0 0 0 0 0.619343 0 0 0 0.619343 0 0.619343 0 -6.5572 2.03991 0 0 0 0 0 0 0 0 0 0 0 0 0 0 2.03991 0 
0 0 0 0 0 0 0 0 0 0 0 0 0 0 0 0.619343 0 0 0 0 0 0 0 0 0 0 0 0 0 0 0 0 0 0 0 0 0 0 0 0.619343 0 0 0 0.619343 0 0.619343 0.619343 -5.64661 0 0 0 0 0 0 0 0 0 0 0 0 0 0 0 2.54989 
0 0 0 0 0 0 0 0 0 0 0 0 0 0 0 0 0.619343 0 0 0 0 0 0 0 0 0 0 0 0 0 0 0 0.619343 0 0 0 0 0 0 0 0 0 0 0 0 0 0 0 -5.31851 1.01996 1.01996 0 1.01996 0 0 0 1.01996 0 0 0 0 0 0 0 
0 0 0 0 0 0 0 0 0 0 0 0 0 0 0 0 0 0.619343 0 0 0 0 0 0 0 0 0 0 0 0 0 0 0 0.619343 0 0 0 0 0 0 0 0 0 0 0 0 0 0 0.619343 -6.44783 0 1.52993 0 1.52993 0 0 0 1.52993 0 0 0 0 0 0 
0 0 0 0 0 0 0 0 0 0 0 0 0 0 0 0 0 0 0.619343 0 0 0 0 0 0 0 0 0 0 0 0 0 0 0 0.619343 0 0 0 0 0 0 0 0 0 0 0 0 0 0.619343 0 -6.44783 1.52993 0 0 1.52993 0 0 0 1.52993 0 0 0 0 0 
0 0 0 0 0 0 0 0 0 0 0 0 0 0 0 0 0 0 0 0.619343 0 0 0 0 0 0 0 0 0 0 0 0 0 0 0 0.619343 0 0 0 0 0 0 0 0 0 0 0 0 0 0.619343 0.619343 -6.5572 0 0 0 2.03991 0 0 0 2.03991 0 0 0 0 
0 0 0 0 0 0 0 0 0 0 0 0 0 0 0 0 0 0 0 0 0.619343 0 0 0 0 0 0 0 0 0 0 0 0 0 0 0 0.619343 0 0 0 0 0 0 0 0 0 0 0 0.619343 0 0 0 -6.44783 1.52993 1.52993 0 0 0 0 0 1.52993 0 0 0 
0 0 0 0 0 0 0 0 0 0 0 0 0 0 0 0 0 0 0 0 0 0.619343 0 0 0 0 0 0 0 0 0 0 0 0 0 0 0 0.619343 0 0 0 0 0 0 0 0 0 0 0 0.619343 0 0 0.619343 -6.5572 0 2.03991 0 0 0 0 0 2.03991 0 0 
0 0 0 0 0 0 0 0 0 0 0 0 0 0 0 0 0 0 0 0 0 0 0.619343 0 0 0 0 0 0 0 0 0 0 0 0 0 0 0 0.619343 0 0 0 0 0 0 0 0 0 0 0 0.619343 0 0.619343 0 -6.5572 2.03991 0 0 0 0 0 0 2.03991 0 
0 0 0 0 0 0 0 0 0 0 0 0 0 0 0 0 0 0 0 0 0 0 0 0.619343 0 0 0 0 0 0 0 0 0 0 0 0 0 0 0 0.619343 0 0 0 0 0 0 0 0 0 0 0 0.619343 0 0.619343 0.619343 -5.64661 0 0 0 0 0 0 0 2.54989 
0 0 0 0 0 0 0 0 0 0 0 0 0 0 0 0 0 0 0 0 0 0 0 0 0.619343 0 0 0 0 0 0 0 0 0 0 0 0 0 0 0 0.619343 0 0 0 0 0 0 0 0.619343 0 0 0 0 0 0 0 -6.44783 1.52993 1.52993 0 1.52993 0 0 0 
0 0 0 0 0 0 0 0 0 0 0 0 0 0 0 0 0 0 0 0 0 0 0 0 0 0.619343 0 0 0 0 0 0 0 0 0 0 0 0 0 0 0 0.619343 0 0 0 0 0 0 0 0.619343 0 0 0 0 0 0 0.619343 -6.5572 0 2.03991 0 2.03991 0 0 
0 0 0 0 0 0 0 0 0 0 0 0 0 0 0 0 0 0 0 0 0 0 0 0 0 0 0.619343 0 0 0 0 0 0 0 0 0 0 0 0 0 0 0 0.619343 0 0 0 0 0 0 0 0.619343 0 0 0 0 0 0.619343 0 -6.5572 2.03991 0 0 2.03991 0 
0 0 0 0 0 0 0 0 0 0 0 0 0 0 0 0 0 0 0 0 0 0 0 0 0 0 0 0.619343 0 0 0 0 0 0 0 0 0 0 0 0 0 0 0 0.619343 0 0 0 0 0 0 0 0.619343 0 0 0 0 0 0.619343 0.619343 -5.64661 0 0 0 2.54989 
0 0 0 0 0 0 0 0 0 0 0 0 0 0 0 0 0 0 0 0 0 0 0 0 0 0 0 0 0.619343 0 0 0 0 0 0 0 0 0 0 0 0 0 0 0 0.619343 0 0 0 0 0 0 0 0.619343 0 0 0 0.619343 0 0 0 -6.5572 2.03991 2.03991 0 
0 0 0 0 0 0 0 0 0 0 0 0 0 0 0 0 0 0 0 0 0 0 0 0 0 0 0 0 0 0.619343 0 0 0 0 0 0 0 0 0 0 0 0 0 0 0 0.619343 0 0 0 0 0 0 0 0.619343 0 0 0 0.619343 0 0 0.619343 -5.64661 0 2.54989 
0 0 0 0 0 0 0 0 0 0 0 0 0 0 0 0 0 0 0 0 0 0 0 0 0 0 0 0 0 0 0.619343 0 0 0 0 0 0 0 0 0 0 0 0 0 0 0 0.619343 0 0 0 0 0 0 0 0.619343 0 0 0 0.619343 0 0.619343 0 -5.64661 2.54989 
0 0 0 0 0 0 0 0 0 0 0 0 0 0 0 0 0 0 0 0 0 0 0 0 0 0 0 0 0 0 0 0.619343 0 0 0 0 0 0 0 0 0 0 0 0 0 0 0 0.619343 0 0 0 0 0 0 0 0.619343 0 0 0 0.619343 0 0.619343 0.619343 -3.71606 
