64
-0 0 0 0 0 0 0 0 0 0 0 0 0 0 0 0 0 0 0 0 0 0 0 0 0 0 0 0 0 0 0 0 0 0 0 0 0 0 0 0 0 0 0 0 0 0 0 0 0 0 0 0 0 0 0 0 0 0 0 0 0 0 0 0 
0.728779 -3.75206 0 0.604656 0 0.604656 0 0 0 0.604656 0 0 0 0 0 0 0 0.604656 0 0 0 0 0 0 0 0 0 0 0 0 0 0 0 0.604656 0 0 0 0 0 0 0 0 0 0 0 0 0 0 0 0 0 0 0 0 0 0 0 0 0 0 0 0 0 0 
0.728779 0 -3.75206 0.604656 0 0 0.604656 0 0 0 0.604656 0 0 0 0 0 0 0 0.604656 0 0 0 0 0 0 0 0 0 0 0 0 0 0 0 0.604656 0 0 0 0 0 0 0 0 0 0 0 0 0 0 0 0 0 0 0 0 0 0 0 0 0 0 0 0 0 
0 0.728779 0.728779 -6.2948 0 0 0 1.20931 0 0 0 1.20931 0 0 0 0 0 0 0 1.20931 0 0 0 0 0 0 0 0 0 0 0 0 0 0 0 1.20931 0 0 0 0 0 0 0 0 0 0 0 0 0 0 0 0 0 0 0 0 0 0 0 0 0 0 0 0 
0.728779 0 0 0 -3.75206 0.604656 0.604656 0 0 0 0 0 0.604656 0 0 0 0 0 0 0 0.604656 0 0 0 0 0 0 0 0 0 0 0 0 0 0 0 0.604656 0 0 0 0 0 0 0 0 0 0 0 0 0 0 0 0 0 0 0 0 0 0 0 0 0 0 0 
0 0.728779 0 0 0.728779 -6.2948 0 1.20931 0 0 0 0 0 1.20931 0 0 0 0 0 0 0 1.20931 0 0 0 0 0 0 0 0 0 0 0 0 0 0 0 1.20931 0 0 0 0 0 0 0 0 0 0 0 0 0 0 0 0 0 0 0 0 0 0 0 0 0 0 
0 0 0.728779 0 0.728779 0 -6.2948 1.20931 0 0 0 0 0 0 1.20931 0 0 0 0 0 0 0 1.20931 0 0 0 0 0 0 0 0 0 0 0 0 0 0 0 1.20931 0 0 0 0 0 0 0 0 0 0 0 0 0 0 0 0 0 0 0 0 0 0 0 0 0 
0 0 0 0.728779 0 0.728779 0.728779 -7.62824 0 0 0 0 0 0 0 1.81397 0 0 0 0 0 0 0 1.81397 0 0 0 0 0 0 0 0 0 0 0 0 0 0 0 1.81397 0 0 0 0 0 0 0 0 0 0 0 0 0 0 0 0 0 0 0 0 0 0 0 0 
0.728779 0 0 0 0 0 0 0 -3.75206 0.604656 0.604656 0 0.604656 0 0 0 0 0 0 0 0 0 0 0 0.604656 0 0 0 0 0 0 0 0 0 0 0 0 0 0 0 0.604656 0 0 0 0 0 0 0 0 0 0 0 0 0 0 0 0 0 0 0 0 0 0 0 
0 0.728779 0 0 0 0 0 0 0.728779 -6.2948 0 1.20931 0 1.20931 0 0 0 0 0 0 0 0 0 0 0 1.20931 0 0 0 0 0 0 0 0 0 0 0 0 0 0 0 1.20931 0 0 0 0 0 0 0 0 0 0 0 0 0 0 0 0 0 0 0 0 0 0 
0 0 0.728779 0 0 0 0 0 0.728779 0 -6.2948 1.20931 0 0 1.20931 0 0 0 0 0 0 0 0 0 0 0 1.20931 0 0 0 0 0 0 0 0 0 0 0 0 0 0 0 1.20931 0 0 0 0 0 0 0 0 0 0 0 0 0 0 0 0 0 0 0 0 0 
0 0 0 0.728779 0 0 0 0 0 0.728779 0.728779 -7.62824 0 0 0 1.81397 0 0 0 0 0 0 0 0 0 0 0 1.81397 0 0 0 0 0 0 0 0 0 0 0 0 0 0 0 1.81397 0 0 0 0 0 0 0 0 0 0 0 0 0 0 0 0 0 0 0 0 
0 0 0 0 0.728779 0 0 0 0.728779 0 0 0 -6.2948 1.20931 1.20931 0 0 0 0 0 0 0 0 0 0 0 0 0 1.20931 0 0 0 0 0 0 0 0 0 0 0 0 0 0 0 1.20931 0 0 0 0 0 0 0 0 0 0 0 0 0 0 0 0 0 0 0 
0 0 0 0 0 0.728779 0 0 0 0.728779 0 0 0.728779 -7.62824 0 1.81397 0 0 0 0 0 0 0 0 0 0 0 0 0 1.81397 0 0 0 0 0 0 0 0 0 0 0 0 0 0 0 1.81397 0 0 0 0 0 0 0 0 0 0 0 0 0 0 0 0 0 0 
0 0 0 0 0 0 0.728779 0 0 0 0.728779 0 0.728779 0 -7.62824 1.81397 0 0 0 0 0 0 0 0 0 0 0 0 0 0 1.81397 0 0 0 0 0 0 0 0 0 0 0 0 0 0 0 1.81397 0 0 0 0 0 0 0 0 0 0 0 0 0 0 0 0 0 
0 0 0 0 0 0 0 0.728779 0 0 0 0.728779 0 0.728779 0.728779 -7.75236 0 0 0 0 0 0 0 0 0 0 0 0 0 0 0 2.41862 0 0 0 0 0 0 0 0 0 0 0 0 0 0 0 2.41862 0 0 0 0 0 0 0 0 0 0 0 0 0 0 0 0 
0.728779 0 0 0 0 0 0 0 0 0 0 0 0 0 0 0 -3.75206 0.604656 0.604656 0 0.604656 0 0 0 0.604656 0 0 0 0 0 0 0 0 0 0 0 0 0 0 0 0 0 0 0 0 0 0 0 0.604656 0 0 0 0 0 0 0 0 0 0 0 0 0 0 0 
0 0.728779 0 0 0 0 0 0 0 0 0 0 0 0 0 0 0.728779 -6.2948 0 1.20931 0 1.20931 0 0 0 1.20931 0 0 0 0 0 0 0 0 0 0 0 0 0 0 0 0 0 0 0 0 0 0 0 1.20931 0 0 0 0 0 0 0 0 0 0 0 0 0 0 
0 0 0.728779 0 0 0 0 0 0 0 0 0 0 0 0 0 0.728779 0 -6.2948 1.20931 0 0 1.20931 0 0 0 1.20931 0 0 0 0 0 0 0 0 0 0 0 0 0 0 0 0 0 0 0 0 0 0 0 1.20931 0 0 0 0 0 0 0 0 0 0 0 0 0 
0 0 0 0.728779 0 0 0 0 0 0 0 0 0 0 0 0 0 0.728779 0.728779 -7.62824 0 0 0 1.81397 0 0 0 1.81397 0 0 0 0 0 0 0 0 0 0 0 0 0 0 0 0 0 0 0 0 0 0 0 1.81397 0 0 0 0 0 0 0 0 0 0 0 0 
0 0 0 0 0.728779 0 0 0 0 0 0 0 0 0 0 0 0.728779 0 0 0 -6.2948 1.20931 1.20931 0 0 0 0 0 1.20931 0 0 0 0 0 0 0 0 0 0 0 0 0 0 0 0 0 0 0 0 0 0 0 1.20931 0 0 0 0 0 0 0 0 0 0 0 
0 0 0 0 0 0.728779 0 0 0 0 0 0 0 0 0 0 0 0.728779 0 0 0.728779 -7.62824 0 1.81397 0 0 0 0 0 1.81397 0 0 0 0 0 0 0 0 0 0 0 0 0 0 0 0 0 0 0 0 0 0 0 1.81397 0 0 0 0 0 0 0 0 0 0 
0 0 0 0 0 0 0.728779 0 0 0 0 0 0 0 0 0 0 0 0.728779 0 0.728779 0 -7.62824 1.81397 0 0 0 0 0 0 1.81397 0 0 0 0 0 0 0 0 0 0 0 0 0 0 0 0 0 0 0 0 0 0 0 1.81397 0 0 0 0 0 0 0 0 0 
0 0 0 0 0 0 0 0.728779 0 0 0 0 0 0 0 0 0 0 0 0.728779 0 0.728779 0.728779 -7.75236 0 0 0 0 0 0 0 2.41862 0 0 0 0 0 0 0 0 0 0 0 0 0 0 0 0 0 0 0 0 0 0 0 2.41862 0 0 0 0 0 0 0 0 
0 0 0 0 0 0 0 0 0.728779 0 0 0 0 0 0 0 0.728779 0 0 0 0 0 0 0 -6.2948 1.20931 1.20931 0 1.20931 0 0 0 0 0 0 0 0 0 0 0 0 0 0 0 0 0 0 0 0 0 0 0 0 0 0 0 1.20931 0 0 0 0 0 0 0 
0 0 0 0 0 0 0 0 0 0.728779 0 0 0 0 0 0 0 0.728779 0 0 0 0 0 0 0.728779 -7.62824 0 1.81397 0 1.81397 0 0 0 0 0 0 0 0 0 0 0 0 0 0 0 0 0 0 0 0 0 0 0 0 0 0 0 1.81397 0 0 0 0 0 0 
0 0 0 0 0 0 0 0 0 0 0.728779 0 0 0 0 0 0 0 0.728779 0 0 0 0 0 0.728779 0 -7.62824 1.81397 0 0 1.81397 0 0 0 0 0 0 0 0 0 0 0 0 0 0 0 0 0 0 0 0 0 0 0 0 0 0 0 1.81397 0 0 0 0 0 
0 0 0 0 0 0 0 0 0 0 0 0.728779 0 0 0 0 0 0 0 0.728779 0 0 0 0 0 0.728779 0.728779 -7.75236 0 0 0 2.41862 0 0 0 0 0 0 0 0 0 0 0 0 0 0 0 0 0 0 0 0 0 0 0 0 0 0 0 2.41862 0 0 0 0 
0 0 0 0 0 0 0 0 0 0 0 0 0.728779 0 0 0 0 0 0 0 0.728779 0 0 0 0.728779 0 0 0 -7.62824 1.81397 1.81397 0 0 0 0 0 0 0 0 0 0 0 0 0 0 0 0 0 0 0 0 0 0 0 0 0 0 0 0 0 1.81397 0 0 0 
0 0 0 0 0 0 0 0 0 0 0 0 0 0.728779 0 0 0 0 0 0 0 0.728779 0 0 0 0.728779 0 0 0.728779 -7.75236 0 2.41862 0 0 0 0 0 0 0 0 0 0 0 0 0 0 0 0 0 0 0 0 0 0 0 0 0 0 0 0 0 2.41862 0 0 
0 0 0 0 0 0 0 0 0 0 0 0 0 0 0.728779 0 0 0 0 0 0 0 0.728779 0 0 0 0.728779 0 0.728779 0 -7.75236 2.41862 0 0 0 0 0 0 0 0 0 0 0 0 0 0 0 0 0 0 0 0 0 0 0 0 0 0 0 0 0 0 2.41862 0 
0 0 0 0 0 0 0 0 0 0 0 0 0 0 0 0.728779 0 0 0 0 0 0 0 0.728779 0 0 0 0.728779 0 0.728779 0.728779 -6.66717 0 0 0 0 0 0 0 0 0 0 0 0 0 0 0 0 0 0 0 0 0 0 0 0 0 0 0 0 0 0 0 3.02328 
0.728779 0 0 0 0 0 0 0 0 0 0 0 0 0 0 0 0 0 0 0 0 0 0 0 0 0 0 0 0 0 0 0 -3.75206 0.604656 0.604656 0 0.604656 0 0 0 0.604656 0 0 0 0 0 0 0 0.604656 0 0 0 0 0 0 0 0 0 0 0 0 0 0 0 
0 0.728779 0 0 0 0 0 0 0 0 0 0 0 0 0 0 0 0 0 0 0 0 0 0 0 0 0 0 0 0 0 0 0.728779 -6.2948 0 1.20931 0 1.20931 0 0 0 1.20931 0 0 0 0 0 0 0 1.20931 0 0 0 0 0 0 0 0 0 0 0 0 0 0 
0 0 0.728779 0 0 0 0 0 0 0 0 0 0 0 0 0 0 0 0 0 0 0 0 0 0 0 0 0 0 0 0 0 0.728779 0 -6.2948 1.20931 0 0 1.20931 0 0 0 1.20931 0 0 0 0 0 0 0 1.20931 0 0 0 0 0 0 0 0 0 0 0 0 0 
0 0 0 0.728779 0 0 0 0 0 0 0 0 0 0 0 0 0 0 0 0 0 0 0 0 0 0 0 0 0 0 0 0 0 0.728779 0.728779 -7.62824 0 0 0 1.81397 0 0 0 1.81397 0 0 0 0 0 0 0 1.81397 0 0 0 0 0 0 0 0 0 0 0 0 
0 0 0 0 0.728779 0 0 0 0 0 0 0 0 0 0 0 0 0 0 0 0 0 0 0 0 0 0 0 0 0 0 0 0.728779 0 0 0 -6.2948 1.20931 1.20931 0 0 0 0 0 1.20931 0 0 0 0 0 0 0 1.20931 0 0 0 0 0 0 0 0 0 0 0 
0 0 0 0 0 0.728779 0 0 0 0 0 0 0 0 0 0 0 0 0 0 0 0 0 0 0 0 0 0 0 0 0 0 0 0.728779 0 0 0.728779 -7.62824 0 1.81397 0 0 0 0 0 1.81397 0 0 0 0 0 0 0 1.81397 0 0 0 0 0 0 0 0 0 0 
0 0 0 0 0 0 0.728779 0 0 0 0 0 0 0 0 0 0 0 0 0 0 0 0 0 0 0 0 0 0 0 0 0 0 0 0.728779 0 0.728779 0 -7.62824 1.81397 0 0 0 0 0 0 1.81397 0 0 0 0 0 0 0 1.81397 0 0 0 0 0 0 0 0 0 
0 0 0 0 0 0 0 0.728779 0 0 0 0 0 0 0 0 0 0 0 0 0 0 0 0 0 0 0 0 0 0 0 0 0 0 0 0.728779 0 0.728779 0.728779 -7.75236 0 0 0 0 0 0 0 2.41862 0 0 0 0 0 0 0 2.41862 0 0 0 0 0 0 0 0 
0 0 0 0 0 0 0 0 0.728779 0 0 0 0 0 0 0 0 0 0 0 0 0 0 0 0 0 0 0 0 0 0 0 0.728779 0 0 0 0 0 0 0 -6.2948 1.20931 1.20931 0 1.20931 0 0 0 0 0 0 0 0 0 0 0 1.20931 0 0 0 0 0 0 0 
0 0 0 0 0 0 0 0 0 0.728779 0 0 0 0 0 0 0 0 0 0 0 0 0 0 0 0 0 0 0 0 0 0 0 0.728779 0 0 0 0 0 0 0.728779 -7.62824 0 1.81397 0 1.81397 0 0 0 0 0 0 0 0 0 0 0 1.81397 0 0 0 0 0 0 
0 0 0 0 0 0 0 0 0 0 0.728779 0 0 0 0 0 0 0 0 0 0 0 0 0 0 0 0 0 0 0 0 0 0 0 0.728779 0 0 0 0 0 0.728779 0 -7.62824 1.81397 0 0 1.81397 0 0 0 0 0 0 0 0 0 0 0 1.81397 0 0 0 0 0 
0 0 0 0 0 0 0 0 0 0 0 0.728779 0 0 0 0 0 0 0 0 0 0 0 0 0 0 0 0 0 0 0 0 0 0 0 0.728779 0 0 0 0 0 0.728779 0.728779 -7.75236 0 0 0 2.41862 0 0 0 0 0 0 0 0 0 0 0 2.41862 0 0 0 0 
0 0 0 0 0 0 0 0 0 0 0 0 0.728779 0 0 0 0 0 0 0 0 0 0 0 0 0 0 0 0 0 0 0 0 0 0 0 0.728779 0 0 0 0.728779 0 0 0 -7.62824 1.81397 1.81397 0 0 0 0 0 0 0 0 0 0 0 0 0 1.81397 0 0 0 
0 0 0 0 0 0 0 0 0 0 0 0 0 0.728779 0 0 0 0 0 0 0 0 0 0 0 0 0 0 0 0 0 0 0 0 0 0 0 0.728779 0 0 0 0.728779 0 0 0.728779 -7.75236 0 2.41862 0 0 0 0 0 0 0 0 0 0 0 0 0 2.41862 0 0 
0 0 0 0 0 0 0 0 0 0 0 0 0 0 0.728779 0 0 0 0 0 0 0 0 0 0 0 0 0 0 0 0 0 0 0 0 0 0 0 0.728779 0 0 0 0.728779 0 0.728779 0 -7.75236 2.41862 0 0 0 0 0 0 0 0 0 0 0 0 0 0 2.41862 0 
0 0 0 0 0 0 0 0 0 0 0 0 0 0 0 0.728779 0 0 0 0 0 0 0 0 0 0 0 0 0 0 0 0 0 0 0 0 0 0 0 0.728779 0 0 0 0.728779 0 0.728779 0.728779 -6.66717 0 0 0 0 0 0 0 0 0 0 0 0 0 0 0 3.02328 
0 0 0 0 0 0 0 0 0 0 0 0 0 0 0 0 0.728779 0 0 0 0 0 0 0 0 0 0 0 0 0 0 0 0.728779 0 0 0 0 0 0 0 0 0 0 0 0 0 0 0 -6.2948 1.20931 1.20931 0 1.20931 0 0 0 1.20931 0 0 0 0 0 0 0 
0 0 0 0 0 0 0 0 0 0 0 0 0 0 0 0 0 0.728779 0 0 0 0 0 0 0 0 0 0 0 0 0 0 0 0.728779 0 0 0 0 0 0 0 0 0 0 0 0 0 0 0.728779 -7.62824 0 1.81397 0 1.81397 0 0 0 1.81397 0 0 0 0 0 0 
0 0 0 0 0 0 0 0 0 0 0 0 0 0 0 0 0 0 0.728779 0 0 0 0 0 0 0 0 0 0 0 0 0 0 0 0.728779 0 0 0 0 0 0 0 0 0 0 0 0 0 0.728779 0 -7.62824 1.81397 0 0 1.81397 0 0 0 1.81397 0 0 0 0 0 
0 0 0 0 0 0 0 0 0 0 0 0 0 0 0 0 0 0 0 0.728779 0 0 0 0 0 0 0 0 0 0 0 0 0 0 0 0.728779 0 0 0 0 0 0 0 0 0 0 0 0 0 0.728779 0.728779 -7.75236 0 0 0 2.41862 0 0 0 2.41862 0 0 0 0 
0 0 0 0 0 0 0 0 0 0 0 0 0 0 0 0 0 0 0 0 0.728779 0 0 0 0 0 0 0 0 0 0 0 0 0 0 0 0.728779 0 0 0 0 0 0 0 0 0 0 0 0.728779 0 0 0 -7.62824 1.81397 1.81397 0 0 0 0 0 1.81397 0 0 0 
0 0 0 0 0 0 0 0 0 0 0 0 0 0 0 0 0 0 0 0 0 0.728779 0 0 0 0 0 0 0 0 0 0 0 0 0 0 0 0.728779 0 0 0 0 0 0 0 0 0 0 0 0.728779 0 0 0.728779 -7.75236 0 2.41862 0 0 0 0 0 2.41862 0 0 
0 0 0 0 0 0 0 0 0 0 0 0 0 0 0 0 0 0 0 0 0 0 0.728779 0 0 0 0 0 0 0 0 0 0 0 0 0 0 0 0.728779 0 0 0 0 0 0 0 0 0 0 0 0.728779 0 0.728779 0 -7.75236 2.41862 0 0 0 0 0 0 2.41862 0 
0 0 0 0 0 0 0 0 0 0 0 0 0 0 0 0 0 0 0 0 0 0 0 0.728779 0 0 0 0 0 0 0 0 0 0 0 0 0 0 0 0.728779 0 0 0 0 0 0 0 0 0 0 0 0.728779 0 0.728779 0.728779 -6.66717 0 0 0 0 0 0 0 3.02328 
0 0 0 0 0 0 0 0 0 0 0 0 0 0 0 0 0 0 0 0 0 0 0 0 0.728779 0 0 0 0 0 0 0 0 0 0 0 0 0 0 0 0.728779 0 0 0 0 0 0 0 0.728779 0 0 0 0 0 0 0 -7.62824 1.81397 1.81397 0 1.81397 0 0 0 
0 0 0 0 0 0 0 0 0 0 0 0 0 0 0 0 0 0 0 0 0 0 0 0 0 0.728779 0 0 0 0 0 0 0 0 0 0 0 0 0 0 0 0.728779 0 0 0 0 0 0 0 0.728779 0 0 0 0 0 0 0.728779 -7.75236 0 2.41862 0 2.41862 0 0 
0 0 0 0 0 0 0 0 0 0 0 0 0 0 0 0 0 0 0 0 0 0 0 0 0 0 0.728779 0 0 0 0 0 0 0 0 0 0 0 0 0 0 0 0.728779 0 0 0 0 0 0 0 0.728779 0 0 0 0 0 0.728779 0 -7.75236 2.41862 0 0 2.41862 0 
0 0 0 0 0 0 0 0 0 0 0 0 0 0 0 0 0 0 0 0 0 0 0 0 0 0 0 0.728779 0 0 0 0 0 0 0 0 0 0 0 0 0 0 0 0.728779 0 0 0 0 0 0 0 0.728779 0 0 0 0 0 0.728779 0.728779 -6.66717 0 0 0 3.02328 
0 0 0 0 0 0 0 0 0 0 0 0 0 0 0 0 0 0 0 0 0 0 0 0 0 0 0 0 0.728779 0 0 0 0 0 0 0 0 0 0 0 0 0 0 0 0.728779 0 0 0 0 0 0 0 0.728779 0 0 0 0.728779 0 0 0 -7.75236 2.41862 2.41862 0 
0 0 0 0 0 0 0 0 0 0 0 0 0 0 0 0 0 0 0 0 0 0 0 0 0 0 0 0 0 0.728779 0 0 0 0 0 0 0 0 0 0 0 0 0 0 0 0.728779 0 0 0 0 0 0 0 0.728779 0 0 0 0.728779 0 0 0.728779 -6.66717 0 3.02328 
0 0 0 0 0 0 0 0 0 0 0 0 0 0 0 0 0 0 0 0 0 0 0 0 0 0 0 0 0 0 0.728779 0 0 0 0 0 0 0 0 0 0 0 0 0 0 0 0.728779 0 0 0 0 0 0 0 0.728779 0 0 0 0.728779 0 0.728779 0 -6.66717 3.02328 
0 0 0 0 0 0 0 0 0 0 0 0 0 0 0 0 0 0 0 0 0 0 0 0 0 0 0 0 0 0 0 0.728779 0 0 0 0 0 0 0 0 0 0 0 0 0 0 0 0.728779 0 0 0 0 0 0 0 0.728779 0 0 0 0.728779 0 0.728779 0.728779 -4.37267 
