32
-0 0 0 0 0 0 0 0 0 0 0 0 0 0 0 0 0 0 0 0 0 0 0 0 0 0 0 0 0 0 0 0 
0.243626 -1.48924 0 0.311404 0 0.311404 0 0 0 0.311404 0 0 0 0 0 0 0 0.311404 0 0 0 0 0 0 0 0 0 0 0 0 0 0 
0.243626 0 -1.48924 0.311404 0 0 0.311404 0 0 0 0.311404 0 0 0 0 0 0 0 0.311404 0 0 0 0 0 0 0 0 0 0 0 0 0 
0 0.243626 0.243626 -2.35567 0 0 0 0.622807 0 0 0 0.622807 0 0 0 0 0 0 0 0.622807 0 0 0 0 0 0 0 0 0 0 0 0 
0.243626 0 0 0 -1.48924 0.311404 0.311404 0 0 0 0 0 0.311404 0 0 0 0 0 0 0 0.311404 0 0 0 0 0 0 0 0 0 0 0 
0 0.243626 0 0 0.243626 -2.35567 0 0.622807 0 0 0 0 0 0.622807 0 0 0 0 0 0 0 0.622807 0 0 0 0 0 0 0 0 0 0 
0 0 0.243626 0 0.243626 0 -2.35567 0.622807 0 0 0 0 0 0 0.622807 0 0 0 0 0 0 0 0.622807 0 0 0 0 0 0 0 0 0 
0 0 0 0.243626 0 0.243626 0.243626 -2.5993 0 0 0 0 0 0 0 0.934211 0 0 0 0 0 0 0 0.934211 0 0 0 0 0 0 0 0 
0.243626 0 0 0 0 0 0 0 -1.48924 0.311404 0.311404 0 0.311404 0 0 0 0 0 0 0 0 0 0 0 0.311404 0 0 0 0 0 0 0 
0 0.243626 0 0 0 0 0 0 0.243626 -2.35567 0 0.622807 0 0.622807 0 0 0 0 0 0 0 0 0 0 0 0.622807 0 0 0 0 0 0 
0 0 0.243626 0 0 0 0 0 0.243626 0 -2.35567 0.622807 0 0 0.622807 0 0 0 0 0 0 0 0 0 0 0 0.622807 0 0 0 0 0 
0 0 0 0.243626 0 0 0 0 0 0.243626 0.243626 -2.5993 0 0 0 0.934211 0 0 0 0 0 0 0 0 0 0 0 0.934211 0 0 0 0 
0 0 0 0 0.243626 0 0 0 0.243626 0 0 0 -2.35567 0.622807 0.622807 0 0 0 0 0 0 0 0 0 0 0 0 0 0.622807 0 0 0 
0 0 0 0 0 0.243626 0 0 0 0.243626 0 0 0.243626 -2.5993 0 0.934211 0 0 0 0 0 0 0 0 0 0 0 0 0 0.934211 0 0 
0 0 0 0 0 0 0.243626 0 0 0 0.243626 0 0.243626 0 -2.5993 0.934211 0 0 0 0 0 0 0 0 0 0 0 0 0 0 0.934211 0 
0 0 0 0 0 0 0 0.243626 0 0 0 0.243626 0 0.243626 0.243626 -2.22012 0 0 0 0 0 0 0 0 0 0 0 0 0 0 0 1.24561 
0.243626 0 0 0 0 0 0 0 0 0 0 0 0 0 0 0 -1.48924 0.311404 0.311404 0 0.311404 0 0 0 0.311404 0 0 0 0 0 0 0 
0 0.243626 0 0 0 0 0 0 0 0 0 0 0 0 0 0 0.243626 -2.35567 0 0.622807 0 0.622807 0 0 0 0.622807 0 0 0 0 0 0 
0 0 0.243626 0 0 0 0 0 0 0 0 0 0 0 0 0 0.243626 0 -2.35567 0.622807 0 0 0.622807 0 0 0 0.622807 0 0 0 0 0 
0 0 0 0.243626 0 0 0 0 0 0 0 0 0 0 0 0 0 0.243626 0.243626 -2.5993 0 0 0 0.934211 0 0 0 0.934211 0 0 0 0 
0 0 0 0 0.243626 0 0 0 0 0 0 0 0 0 0 0 0.243626 0 0 0 -2.35567 0.622807 0.622807 0 0 0 0 0 0.622807 0 0 0 
0 0 0 0 0 0.243626 0 0 0 0 0 0 0 0 0 0 0 0.243626 0 0 0.243626 -2.5993 0 0.934211 0 0 0 0 0 0.934211 0 0 
0 0 0 0 0 0 0.243626 0 0 0 0 0 0 0 0 0 0 0 0.243626 0 0.243626 0 -2.5993 0.934211 0 0 0 0 0 0 0.934211 0 
0 0 0 0 0 0 0 0.243626 0 0 0 0 0 0 0 0 0 0 0 0.243626 0 0.243626 0.243626 -2.22012 0 0 0 0 0 0 0 1.24561 
0 0 0 0 0 0 0 0 0.243626 0 0 0 0 0 0 0 0.243626 0 0 0 0 0 0 0 -2.35567 0.622807 0.622807 0 0.622807 0 0 0 
0 0 0 0 0 0 0 0 0 0.243626 0 0 0 0 0 0 0 0.243626 0 0 0 0 0 0 0.243626 -2.5993 0 0.934211 0 0.934211 0 0 
0 0 0 0 0 0 0 0 0 0 0.243626 0 0 0 0 0 0 0 0.243626 0 0 0 0 0 0.243626 0 -2.5993 0.934211 0 0 0.934211 0 
0 0 0 0 0 0 0 0 0 0 0 0.243626 0 0 0 0 0 0 0 0.243626 0 0 0 0 0 0.243626 0.243626 -2.22012 0 0 0 1.24561 
0 0 0 0 0 0 0 0 0 0 0 0 0.243626 0 0 0 0 0 0 0 0.243626 0 0 0 0.243626 0 0 0 -2.5993 0.934211 0.934211 0 
0 0 0 0 0 0 0 0 0 0 0 0 0 0.243626 0 0 0 0 0 0 0 0.243626 0 0 0 0.243626 0 0 0.243626 -2.22012 0 1.24561 
0 0 0 0 0 0 0 0 0 0 0 0 0 0 0.243626 0 0 0 0 0 0 0 0.243626 0 0 0 0.243626 0 0.243626 0 -2.22012 1.24561 
0 0 0 0 0 0 0 0 0 0 0 0 0 0 0 0.243626 0 0 0 0 0 0 0 0.243626 0 0 0 0.243626 0 0.243626 0.243626 -1.21813 
