32
-0 0 0 0 0 0 0 0 0 0 0 0 0 0 0 0 0 0 0 0 0 0 0 0 0 0 0 0 0 0 0 0 
0.289868 -1.71345 0 0.355895 0 0.355895 0 0 0 0.355895 0 0 0 0 0 0 0 0.355895 0 0 0 0 0 0 0 0 0 0 0 0 0 0 
0.289868 0 -1.71345 0.355895 0 0 0.355895 0 0 0 0.355895 0 0 0 0 0 0 0 0.355895 0 0 0 0 0 0 0 0 0 0 0 0 0 
0 0.289868 0.289868 -2.7151 0 0 0 0.71179 0 0 0 0.71179 0 0 0 0 0 0 0 0.71179 0 0 0 0 0 0 0 0 0 0 0 0 
0.289868 0 0 0 -1.71345 0.355895 0.355895 0 0 0 0 0 0.355895 0 0 0 0 0 0 0 0.355895 0 0 0 0 0 0 0 0 0 0 0 
0 0.289868 0 0 0.289868 -2.7151 0 0.71179 0 0 0 0 0 0.71179 0 0 0 0 0 0 0 0.71179 0 0 0 0 0 0 0 0 0 0 
0 0 0.289868 0 0.289868 0 -2.7151 0.71179 0 0 0 0 0 0 0.71179 0 0 0 0 0 0 0 0.71179 0 0 0 0 0 0 0 0 0 
0 0 0 0.289868 0 0.289868 0.289868 -3.00497 0 0 0 0 0 0 0 1.06768 0 0 0 0 0 0 0 1.06768 0 0 0 0 0 0 0 0 
0.289868 0 0 0 0 0 0 0 -1.71345 0.355895 0.355895 0 0.355895 0 0 0 0 0 0 0 0 0 0 0 0.355895 0 0 0 0 0 0 0 
0 0.289868 0 0 0 0 0 0 0.289868 -2.7151 0 0.71179 0 0.71179 0 0 0 0 0 0 0 0 0 0 0 0.71179 0 0 0 0 0 0 
0 0 0.289868 0 0 0 0 0 0.289868 0 -2.7151 0.71179 0 0 0.71179 0 0 0 0 0 0 0 0 0 0 0 0.71179 0 0 0 0 0 
0 0 0 0.289868 0 0 0 0 0 0.289868 0.289868 -3.00497 0 0 0 1.06768 0 0 0 0 0 0 0 0 0 0 0 1.06768 0 0 0 0 
0 0 0 0 0.289868 0 0 0 0.289868 0 0 0 -2.7151 0.71179 0.71179 0 0 0 0 0 0 0 0 0 0 0 0 0 0.71179 0 0 0 
0 0 0 0 0 0.289868 0 0 0 0.289868 0 0 0.289868 -3.00497 0 1.06768 0 0 0 0 0 0 0 0 0 0 0 0 0 1.06768 0 0 
0 0 0 0 0 0 0.289868 0 0 0 0.289868 0 0.289868 0 -3.00497 1.06768 0 0 0 0 0 0 0 0 0 0 0 0 0 0 1.06768 0 
0 0 0 0 0 0 0 0.289868 0 0 0 0.289868 0 0.289868 0.289868 -2.58305 0 0 0 0 0 0 0 0 0 0 0 0 0 0 0 1.42358 
0.289868 0 0 0 0 0 0 0 0 0 0 0 0 0 0 0 -1.71345 0.355895 0.355895 0 0.355895 0 0 0 0.355895 0 0 0 0 0 0 0 
0 0.289868 0 0 0 0 0 0 0 0 0 0 0 0 0 0 0.289868 -2.7151 0 0.71179 0 0.71179 0 0 0 0.71179 0 0 0 0 0 0 
0 0 0.289868 0 0 0 0 0 0 0 0 0 0 0 0 0 0.289868 0 -2.7151 0.71179 0 0 0.71179 0 0 0 0.71179 0 0 0 0 0 
0 0 0 0.289868 0 0 0 0 0 0 0 0 0 0 0 0 0 0.289868 0.289868 -3.00497 0 0 0 1.06768 0 0 0 1.06768 0 0 0 0 
0 0 0 0 0.289868 0 0 0 0 0 0 0 0 0 0 0 0.289868 0 0 0 -2.7151 0.71179 0.71179 0 0 0 0 0 0.71179 0 0 0 
0 0 0 0 0 0.289868 0 0 0 0 0 0 0 0 0 0 0 0.289868 0 0 0.289868 -3.00497 0 1.06768 0 0 0 0 0 1.06768 0 0 
0 0 0 0 0 0 0.289868 0 0 0 0 0 0 0 0 0 0 0 0.289868 0 0.289868 0 -3.00497 1.06768 0 0 0 0 0 0 1.06768 0 
0 0 0 0 0 0 0 0.289868 0 0 0 0 0 0 0 0 0 0 0 0.289868 0 0.289868 0.289868 -2.58305 0 0 0 0 0 0 0 1.42358 
0 0 0 0 0 0 0 0 0.289868 0 0 0 0 0 0 0 0.289868 0 0 0 0 0 0 0 -2.7151 0.71179 0.71179 0 0.71179 0 0 0 
0 0 0 0 0 0 0 0 0 0.289868 0 0 0 0 0 0 0 0.289868 0 0 0 0 0 0 0.289868 -3.00497 0 1.06768 0 1.06768 0 0 
0 0 0 0 0 0 0 0 0 0 0.289868 0 0 0 0 0 0 0 0.289868 0 0 0 0 0 0.289868 0 -3.00497 1.06768 0 0 1.06768 0 
0 0 0 0 0 0 0 0 0 0 0 0.289868 0 0 0 0 0 0 0 0.289868 0 0 0 0 0 0.289868 0.289868 -2.58305 0 0 0 1.42358 
0 0 0 0 0 0 0 0 0 0 0 0 0.289868 0 0 0 0 0 0 0 0.289868 0 0 0 0.289868 0 0 0 -3.00497 1.06768 1.06768 0 
0 0 0 0 0 0 0 0 0 0 0 0 0 0.289868 0 0 0 0 0 0 0 0.289868 0 0 0 0.289868 0 0 0.289868 -2.58305 0 1.42358 
0 0 0 0 0 0 0 0 0 0 0 0 0 0 0.289868 0 0 0 0 0 0 0 0.289868 0 0 0 0.289868 0 0.289868 0 -2.58305 1.42358 
0 0 0 0 0 0 0 0 0 0 0 0 0 0 0 0.289868 0 0 0 0 0 0 0 0.289868 0 0 0 0.289868 0 0.289868 0.289868 -1.44934 
