64
-0 0 0 0 0 0 0 0 0 0 0 0 0 0 0 0 0 0 0 0 0 0 0 0 0 0 0 0 0 0 0 0 0 0 0 0 0 0 0 0 0 0 0 0 0 0 0 0 0 0 0 0 0 0 0 0 0 0 0 0 0 0 0 0 
0.524657 -2.96984 0 0.489036 0 0.489036 0 0 0 0.489036 0 0 0 0 0 0 0 0.489036 0 0 0 0 0 0 0 0 0 0 0 0 0 0 0 0.489036 0 0 0 0 0 0 0 0 0 0 0 0 0 0 0 0 0 0 0 0 0 0 0 0 0 0 0 0 0 0 
0.524657 0 -2.96984 0.489036 0 0 0.489036 0 0 0 0.489036 0 0 0 0 0 0 0 0.489036 0 0 0 0 0 0 0 0 0 0 0 0 0 0 0 0.489036 0 0 0 0 0 0 0 0 0 0 0 0 0 0 0 0 0 0 0 0 0 0 0 0 0 0 0 0 0 
0 0.524657 0.524657 -4.9616 0 0 0 0.978072 0 0 0 0.978072 0 0 0 0 0 0 0 0.978072 0 0 0 0 0 0 0 0 0 0 0 0 0 0 0 0.978072 0 0 0 0 0 0 0 0 0 0 0 0 0 0 0 0 0 0 0 0 0 0 0 0 0 0 0 0 
0.524657 0 0 0 -2.96984 0.489036 0.489036 0 0 0 0 0 0.489036 0 0 0 0 0 0 0 0.489036 0 0 0 0 0 0 0 0 0 0 0 0 0 0 0 0.489036 0 0 0 0 0 0 0 0 0 0 0 0 0 0 0 0 0 0 0 0 0 0 0 0 0 0 0 
0 0.524657 0 0 0.524657 -4.9616 0 0.978072 0 0 0 0 0 0.978072 0 0 0 0 0 0 0 0.978072 0 0 0 0 0 0 0 0 0 0 0 0 0 0 0 0.978072 0 0 0 0 0 0 0 0 0 0 0 0 0 0 0 0 0 0 0 0 0 0 0 0 0 0 
0 0 0.524657 0 0.524657 0 -4.9616 0.978072 0 0 0 0 0 0 0.978072 0 0 0 0 0 0 0 0.978072 0 0 0 0 0 0 0 0 0 0 0 0 0 0 0 0.978072 0 0 0 0 0 0 0 0 0 0 0 0 0 0 0 0 0 0 0 0 0 0 0 0 0 
0 0 0 0.524657 0 0.524657 0.524657 -5.97529 0 0 0 0 0 0 0 1.46711 0 0 0 0 0 0 0 1.46711 0 0 0 0 0 0 0 0 0 0 0 0 0 0 0 1.46711 0 0 0 0 0 0 0 0 0 0 0 0 0 0 0 0 0 0 0 0 0 0 0 0 
0.524657 0 0 0 0 0 0 0 -2.96984 0.489036 0.489036 0 0.489036 0 0 0 0 0 0 0 0 0 0 0 0.489036 0 0 0 0 0 0 0 0 0 0 0 0 0 0 0 0.489036 0 0 0 0 0 0 0 0 0 0 0 0 0 0 0 0 0 0 0 0 0 0 0 
0 0.524657 0 0 0 0 0 0 0.524657 -4.9616 0 0.978072 0 0.978072 0 0 0 0 0 0 0 0 0 0 0 0.978072 0 0 0 0 0 0 0 0 0 0 0 0 0 0 0 0.978072 0 0 0 0 0 0 0 0 0 0 0 0 0 0 0 0 0 0 0 0 0 0 
0 0 0.524657 0 0 0 0 0 0.524657 0 -4.9616 0.978072 0 0 0.978072 0 0 0 0 0 0 0 0 0 0 0 0.978072 0 0 0 0 0 0 0 0 0 0 0 0 0 0 0 0.978072 0 0 0 0 0 0 0 0 0 0 0 0 0 0 0 0 0 0 0 0 0 
0 0 0 0.524657 0 0 0 0 0 0.524657 0.524657 -5.97529 0 0 0 1.46711 0 0 0 0 0 0 0 0 0 0 0 1.46711 0 0 0 0 0 0 0 0 0 0 0 0 0 0 0 1.46711 0 0 0 0 0 0 0 0 0 0 0 0 0 0 0 0 0 0 0 0 
0 0 0 0 0.524657 0 0 0 0.524657 0 0 0 -4.9616 0.978072 0.978072 0 0 0 0 0 0 0 0 0 0 0 0 0 0.978072 0 0 0 0 0 0 0 0 0 0 0 0 0 0 0 0.978072 0 0 0 0 0 0 0 0 0 0 0 0 0 0 0 0 0 0 0 
0 0 0 0 0 0.524657 0 0 0 0.524657 0 0 0.524657 -5.97529 0 1.46711 0 0 0 0 0 0 0 0 0 0 0 0 0 1.46711 0 0 0 0 0 0 0 0 0 0 0 0 0 0 0 1.46711 0 0 0 0 0 0 0 0 0 0 0 0 0 0 0 0 0 0 
0 0 0 0 0 0 0.524657 0 0 0 0.524657 0 0.524657 0 -5.97529 1.46711 0 0 0 0 0 0 0 0 0 0 0 0 0 0 1.46711 0 0 0 0 0 0 0 0 0 0 0 0 0 0 0 1.46711 0 0 0 0 0 0 0 0 0 0 0 0 0 0 0 0 0 
0 0 0 0 0 0 0 0.524657 0 0 0 0.524657 0 0.524657 0.524657 -6.01091 0 0 0 0 0 0 0 0 0 0 0 0 0 0 0 1.95614 0 0 0 0 0 0 0 0 0 0 0 0 0 0 0 1.95614 0 0 0 0 0 0 0 0 0 0 0 0 0 0 0 0 
0.524657 0 0 0 0 0 0 0 0 0 0 0 0 0 0 0 -2.96984 0.489036 0.489036 0 0.489036 0 0 0 0.489036 0 0 0 0 0 0 0 0 0 0 0 0 0 0 0 0 0 0 0 0 0 0 0 0.489036 0 0 0 0 0 0 0 0 0 0 0 0 0 0 0 
0 0.524657 0 0 0 0 0 0 0 0 0 0 0 0 0 0 0.524657 -4.9616 0 0.978072 0 0.978072 0 0 0 0.978072 0 0 0 0 0 0 0 0 0 0 0 0 0 0 0 0 0 0 0 0 0 0 0 0.978072 0 0 0 0 0 0 0 0 0 0 0 0 0 0 
0 0 0.524657 0 0 0 0 0 0 0 0 0 0 0 0 0 0.524657 0 -4.9616 0.978072 0 0 0.978072 0 0 0 0.978072 0 0 0 0 0 0 0 0 0 0 0 0 0 0 0 0 0 0 0 0 0 0 0 0.978072 0 0 0 0 0 0 0 0 0 0 0 0 0 
0 0 0 0.524657 0 0 0 0 0 0 0 0 0 0 0 0 0 0.524657 0.524657 -5.97529 0 0 0 1.46711 0 0 0 1.46711 0 0 0 0 0 0 0 0 0 0 0 0 0 0 0 0 0 0 0 0 0 0 0 1.46711 0 0 0 0 0 0 0 0 0 0 0 0 
0 0 0 0 0.524657 0 0 0 0 0 0 0 0 0 0 0 0.524657 0 0 0 -4.9616 0.978072 0.978072 0 0 0 0 0 0.978072 0 0 0 0 0 0 0 0 0 0 0 0 0 0 0 0 0 0 0 0 0 0 0 0.978072 0 0 0 0 0 0 0 0 0 0 0 
0 0 0 0 0 0.524657 0 0 0 0 0 0 0 0 0 0 0 0.524657 0 0 0.524657 -5.97529 0 1.46711 0 0 0 0 0 1.46711 0 0 0 0 0 0 0 0 0 0 0 0 0 0 0 0 0 0 0 0 0 0 0 1.46711 0 0 0 0 0 0 0 0 0 0 
0 0 0 0 0 0 0.524657 0 0 0 0 0 0 0 0 0 0 0 0.524657 0 0.524657 0 -5.97529 1.46711 0 0 0 0 0 0 1.46711 0 0 0 0 0 0 0 0 0 0 0 0 0 0 0 0 0 0 0 0 0 0 0 1.46711 0 0 0 0 0 0 0 0 0 
0 0 0 0 0 0 0 0.524657 0 0 0 0 0 0 0 0 0 0 0 0.524657 0 0.524657 0.524657 -6.01091 0 0 0 0 0 0 0 1.95614 0 0 0 0 0 0 0 0 0 0 0 0 0 0 0 0 0 0 0 0 0 0 0 1.95614 0 0 0 0 0 0 0 0 
0 0 0 0 0 0 0 0 0.524657 0 0 0 0 0 0 0 0.524657 0 0 0 0 0 0 0 -4.9616 0.978072 0.978072 0 0.978072 0 0 0 0 0 0 0 0 0 0 0 0 0 0 0 0 0 0 0 0 0 0 0 0 0 0 0 0.978072 0 0 0 0 0 0 0 
0 0 0 0 0 0 0 0 0 0.524657 0 0 0 0 0 0 0 0.524657 0 0 0 0 0 0 0.524657 -5.97529 0 1.46711 0 1.46711 0 0 0 0 0 0 0 0 0 0 0 0 0 0 0 0 0 0 0 0 0 0 0 0 0 0 0 1.46711 0 0 0 0 0 0 
0 0 0 0 0 0 0 0 0 0 0.524657 0 0 0 0 0 0 0 0.524657 0 0 0 0 0 0.524657 0 -5.97529 1.46711 0 0 1.46711 0 0 0 0 0 0 0 0 0 0 0 0 0 0 0 0 0 0 0 0 0 0 0 0 0 0 0 1.46711 0 0 0 0 0 
0 0 0 0 0 0 0 0 0 0 0 0.524657 0 0 0 0 0 0 0 0.524657 0 0 0 0 0 0.524657 0.524657 -6.01091 0 0 0 1.95614 0 0 0 0 0 0 0 0 0 0 0 0 0 0 0 0 0 0 0 0 0 0 0 0 0 0 0 1.95614 0 0 0 0 
0 0 0 0 0 0 0 0 0 0 0 0 0.524657 0 0 0 0 0 0 0 0.524657 0 0 0 0.524657 0 0 0 -5.97529 1.46711 1.46711 0 0 0 0 0 0 0 0 0 0 0 0 0 0 0 0 0 0 0 0 0 0 0 0 0 0 0 0 0 1.46711 0 0 0 
0 0 0 0 0 0 0 0 0 0 0 0 0 0.524657 0 0 0 0 0 0 0 0.524657 0 0 0 0.524657 0 0 0.524657 -6.01091 0 1.95614 0 0 0 0 0 0 0 0 0 0 0 0 0 0 0 0 0 0 0 0 0 0 0 0 0 0 0 0 0 1.95614 0 0 
0 0 0 0 0 0 0 0 0 0 0 0 0 0 0.524657 0 0 0 0 0 0 0 0.524657 0 0 0 0.524657 0 0.524657 0 -6.01091 1.95614 0 0 0 0 0 0 0 0 0 0 0 0 0 0 0 0 0 0 0 0 0 0 0 0 0 0 0 0 0 0 1.95614 0 
0 0 0 0 0 0 0 0 0 0 0 0 0 0 0 0.524657 0 0 0 0 0 0 0 0.524657 0 0 0 0.524657 0 0.524657 0.524657 -5.06846 0 0 0 0 0 0 0 0 0 0 0 0 0 0 0 0 0 0 0 0 0 0 0 0 0 0 0 0 0 0 0 2.44518 
0.524657 0 0 0 0 0 0 0 0 0 0 0 0 0 0 0 0 0 0 0 0 0 0 0 0 0 0 0 0 0 0 0 -2.96984 0.489036 0.489036 0 0.489036 0 0 0 0.489036 0 0 0 0 0 0 0 0.489036 0 0 0 0 0 0 0 0 0 0 0 0 0 0 0 
0 0.524657 0 0 0 0 0 0 0 0 0 0 0 0 0 0 0 0 0 0 0 0 0 0 0 0 0 0 0 0 0 0 0.524657 -4.9616 0 0.978072 0 0.978072 0 0 0 0.978072 0 0 0 0 0 0 0 0.978072 0 0 0 0 0 0 0 0 0 0 0 0 0 0 
0 0 0.524657 0 0 0 0 0 0 0 0 0 0 0 0 0 0 0 0 0 0 0 0 0 0 0 0 0 0 0 0 0 0.524657 0 -4.9616 0.978072 0 0 0.978072 0 0 0 0.978072 0 0 0 0 0 0 0 0.978072 0 0 0 0 0 0 0 0 0 0 0 0 0 
0 0 0 0.524657 0 0 0 0 0 0 0 0 0 0 0 0 0 0 0 0 0 0 0 0 0 0 0 0 0 0 0 0 0 0.524657 0.524657 -5.97529 0 0 0 1.46711 0 0 0 1.46711 0 0 0 0 0 0 0 1.46711 0 0 0 0 0 0 0 0 0 0 0 0 
0 0 0 0 0.524657 0 0 0 0 0 0 0 0 0 0 0 0 0 0 0 0 0 0 0 0 0 0 0 0 0 0 0 0.524657 0 0 0 -4.9616 0.978072 0.978072 0 0 0 0 0 0.978072 0 0 0 0 0 0 0 0.978072 0 0 0 0 0 0 0 0 0 0 0 
0 0 0 0 0 0.524657 0 0 0 0 0 0 0 0 0 0 0 0 0 0 0 0 0 0 0 0 0 0 0 0 0 0 0 0.524657 0 0 0.524657 -5.97529 0 1.46711 0 0 0 0 0 1.46711 0 0 0 0 0 0 0 1.46711 0 0 0 0 0 0 0 0 0 0 
0 0 0 0 0 0 0.524657 0 0 0 0 0 0 0 0 0 0 0 0 0 0 0 0 0 0 0 0 0 0 0 0 0 0 0 0.524657 0 0.524657 0 -5.97529 1.46711 0 0 0 0 0 0 1.46711 0 0 0 0 0 0 0 1.46711 0 0 0 0 0 0 0 0 0 
0 0 0 0 0 0 0 0.524657 0 0 0 0 0 0 0 0 0 0 0 0 0 0 0 0 0 0 0 0 0 0 0 0 0 0 0 0.524657 0 0.524657 0.524657 -6.01091 0 0 0 0 0 0 0 1.95614 0 0 0 0 0 0 0 1.95614 0 0 0 0 0 0 0 0 
0 0 0 0 0 0 0 0 0.524657 0 0 0 0 0 0 0 0 0 0 0 0 0 0 0 0 0 0 0 0 0 0 0 0.524657 0 0 0 0 0 0 0 -4.9616 0.978072 0.978072 0 0.978072 0 0 0 0 0 0 0 0 0 0 0 0.978072 0 0 0 0 0 0 0 
0 0 0 0 0 0 0 0 0 0.524657 0 0 0 0 0 0 0 0 0 0 0 0 0 0 0 0 0 0 0 0 0 0 0 0.524657 0 0 0 0 0 0 0.524657 -5.97529 0 1.46711 0 1.46711 0 0 0 0 0 0 0 0 0 0 0 1.46711 0 0 0 0 0 0 
0 0 0 0 0 0 0 0 0 0 0.524657 0 0 0 0 0 0 0 0 0 0 0 0 0 0 0 0 0 0 0 0 0 0 0 0.524657 0 0 0 0 0 0.524657 0 -5.97529 1.46711 0 0 1.46711 0 0 0 0 0 0 0 0 0 0 0 1.46711 0 0 0 0 0 
0 0 0 0 0 0 0 0 0 0 0 0.524657 0 0 0 0 0 0 0 0 0 0 0 0 0 0 0 0 0 0 0 0 0 0 0 0.524657 0 0 0 0 0 0.524657 0.524657 -6.01091 0 0 0 1.95614 0 0 0 0 0 0 0 0 0 0 0 1.95614 0 0 0 0 
0 0 0 0 0 0 0 0 0 0 0 0 0.524657 0 0 0 0 0 0 0 0 0 0 0 0 0 0 0 0 0 0 0 0 0 0 0 0.524657 0 0 0 0.524657 0 0 0 -5.97529 1.46711 1.46711 0 0 0 0 0 0 0 0 0 0 0 0 0 1.46711 0 0 0 
0 0 0 0 0 0 0 0 0 0 0 0 0 0.524657 0 0 0 0 0 0 0 0 0 0 0 0 0 0 0 0 0 0 0 0 0 0 0 0.524657 0 0 0 0.524657 0 0 0.524657 -6.01091 0 1.95614 0 0 0 0 0 0 0 0 0 0 0 0 0 1.95614 0 0 
0 0 0 0 0 0 0 0 0 0 0 0 0 0 0.524657 0 0 0 0 0 0 0 0 0 0 0 0 0 0 0 0 0 0 0 0 0 0 0 0.524657 0 0 0 0.524657 0 0.524657 0 -6.01091 1.95614 0 0 0 0 0 0 0 0 0 0 0 0 0 0 1.95614 0 
0 0 0 0 0 0 0 0 0 0 0 0 0 0 0 0.524657 0 0 0 0 0 0 0 0 0 0 0 0 0 0 0 0 0 0 0 0 0 0 0 0.524657 0 0 0 0.524657 0 0.524657 0.524657 -5.06846 0 0 0 0 0 0 0 0 0 0 0 0 0 0 0 2.44518 
0 0 0 0 0 0 0 0 0 0 0 0 0 0 0 0 0.524657 0 0 0 0 0 0 0 0 0 0 0 0 0 0 0 0.524657 0 0 0 0 0 0 0 0 0 0 0 0 0 0 0 -4.9616 0.978072 0.978072 0 0.978072 0 0 0 0.978072 0 0 0 0 0 0 0 
0 0 0 0 0 0 0 0 0 0 0 0 0 0 0 0 0 0.524657 0 0 0 0 0 0 0 0 0 0 0 0 0 0 0 0.524657 0 0 0 0 0 0 0 0 0 0 0 0 0 0 0.524657 -5.97529 0 1.46711 0 1.46711 0 0 0 1.46711 0 0 0 0 0 0 
0 0 0 0 0 0 0 0 0 0 0 0 0 0 0 0 0 0 0.524657 0 0 0 0 0 0 0 0 0 0 0 0 0 0 0 0.524657 0 0 0 0 0 0 0 0 0 0 0 0 0 0.524657 0 -5.97529 1.46711 0 0 1.46711 0 0 0 1.46711 0 0 0 0 0 
0 0 0 0 0 0 0 0 0 0 0 0 0 0 0 0 0 0 0 0.524657 0 0 0 0 0 0 0 0 0 0 0 0 0 0 0 0.524657 0 0 0 0 0 0 0 0 0 0 0 0 0 0.524657 0.524657 -6.01091 0 0 0 1.95614 0 0 0 1.95614 0 0 0 0 
0 0 0 0 0 0 0 0 0 0 0 0 0 0 0 0 0 0 0 0 0.524657 0 0 0 0 0 0 0 0 0 0 0 0 0 0 0 0.524657 0 0 0 0 0 0 0 0 0 0 0 0.524657 0 0 0 -5.97529 1.46711 1.46711 0 0 0 0 0 1.46711 0 0 0 
0 0 0 0 0 0 0 0 0 0 0 0 0 0 0 0 0 0 0 0 0 0.524657 0 0 0 0 0 0 0 0 0 0 0 0 0 0 0 0.524657 0 0 0 0 0 0 0 0 0 0 0 0.524657 0 0 0.524657 -6.01091 0 1.95614 0 0 0 0 0 1.95614 0 0 
0 0 0 0 0 0 0 0 0 0 0 0 0 0 0 0 0 0 0 0 0 0 0.524657 0 0 0 0 0 0 0 0 0 0 0 0 0 0 0 0.524657 0 0 0 0 0 0 0 0 0 0 0 0.524657 0 0.524657 0 -6.01091 1.95614 0 0 0 0 0 0 1.95614 0 
0 0 0 0 0 0 0 0 0 0 0 0 0 0 0 0 0 0 0 0 0 0 0 0.524657 0 0 0 0 0 0 0 0 0 0 0 0 0 0 0 0.524657 0 0 0 0 0 0 0 0 0 0 0 0.524657 0 0.524657 0.524657 -5.06846 0 0 0 0 0 0 0 2.44518 
0 0 0 0 0 0 0 0 0 0 0 0 0 0 0 0 0 0 0 0 0 0 0 0 0.524657 0 0 0 0 0 0 0 0 0 0 0 0 0 0 0 0.524657 0 0 0 0 0 0 0 0.524657 0 0 0 0 0 0 0 -5.97529 1.46711 1.46711 0 1.46711 0 0 0 
0 0 0 0 0 0 0 0 0 0 0 0 0 0 0 0 0 0 0 0 0 0 0 0 0 0.524657 0 0 0 0 0 0 0 0 0 0 0 0 0 0 0 0.524657 0 0 0 0 0 0 0 0.524657 0 0 0 0 0 0 0.524657 -6.01091 0 1.95614 0 1.95614 0 0 
0 0 0 0 0 0 0 0 0 0 0 0 0 0 0 0 0 0 0 0 0 0 0 0 0 0 0.524657 0 0 0 0 0 0 0 0 0 0 0 0 0 0 0 0.524657 0 0 0 0 0 0 0 0.524657 0 0 0 0 0 0.524657 0 -6.01091 1.95614 0 0 1.95614 0 
0 0 0 0 0 0 0 0 0 0 0 0 0 0 0 0 0 0 0 0 0 0 0 0 0 0 0 0.524657 0 0 0 0 0 0 0 0 0 0 0 0 0 0 0 0.524657 0 0 0 0 0 0 0 0.524657 0 0 0 0 0 0.524657 0.524657 -5.06846 0 0 0 2.44518 
0 0 0 0 0 0 0 0 0 0 0 0 0 0 0 0 0 0 0 0 0 0 0 0 0 0 0 0 0.524657 0 0 0 0 0 0 0 0 0 0 0 0 0 0 0 0.524657 0 0 0 0 0 0 0 0.524657 0 0 0 0.524657 0 0 0 -6.01091 1.95614 1.95614 0 
0 0 0 0 0 0 0 0 0 0 0 0 0 0 0 0 0 0 0 0 0 0 0 0 0 0 0 0 0 0.524657 0 0 0 0 0 0 0 0 0 0 0 0 0 0 0 0.524657 0 0 0 0 0 0 0 0.524657 0 0 0 0.524657 0 0 0.524657 -5.06846 0 2.44518 
0 0 0 0 0 0 0 0 0 0 0 0 0 0 0 0 0 0 0 0 0 0 0 0 0 0 0 0 0 0 0.524657 0 0 0 0 0 0 0 0 0 0 0 0 0 0 0 0.524657 0 0 0 0 0 0 0 0.524657 0 0 0 0.524657 0 0.524657 0 -5.06846 2.44518 
0 0 0 0 0 0 0 0 0 0 0 0 0 0 0 0 0 0 0 0 0 0 0 0 0 0 0 0 0 0 0 0.524657 0 0 0 0 0 0 0 0 0 0 0 0 0 0 0 0.524657 0 0 0 0 0 0 0 0.524657 0 0 0 0.524657 0 0.524657 0.524657 -3.14794 
