64
-0 0 0 0 0 0 0 0 0 0 0 0 0 0 0 0 0 0 0 0 0 0 0 0 0 0 0 0 0 0 0 0 0 0 0 0 0 0 0 0 0 0 0 0 0 0 0 0 0 0 0 0 0 0 0 0 0 0 0 0 0 0 0 0 
1.01862 -5.00718 0 0.797713 0 0.797713 0 0 0 0.797713 0 0 0 0 0 0 0 0.797713 0 0 0 0 0 0 0 0 0 0 0 0 0 0 0 0.797713 0 0 0 0 0 0 0 0 0 0 0 0 0 0 0 0 0 0 0 0 0 0 0 0 0 0 0 0 0 0 
1.01862 0 -5.00718 0.797713 0 0 0.797713 0 0 0 0.797713 0 0 0 0 0 0 0 0.797713 0 0 0 0 0 0 0 0 0 0 0 0 0 0 0 0.797713 0 0 0 0 0 0 0 0 0 0 0 0 0 0 0 0 0 0 0 0 0 0 0 0 0 0 0 0 0 
0 1.01862 1.01862 -8.41893 0 0 0 1.59543 0 0 0 1.59543 0 0 0 0 0 0 0 1.59543 0 0 0 0 0 0 0 0 0 0 0 0 0 0 0 1.59543 0 0 0 0 0 0 0 0 0 0 0 0 0 0 0 0 0 0 0 0 0 0 0 0 0 0 0 0 
1.01862 0 0 0 -5.00718 0.797713 0.797713 0 0 0 0 0 0.797713 0 0 0 0 0 0 0 0.797713 0 0 0 0 0 0 0 0 0 0 0 0 0 0 0 0.797713 0 0 0 0 0 0 0 0 0 0 0 0 0 0 0 0 0 0 0 0 0 0 0 0 0 0 0 
0 1.01862 0 0 1.01862 -8.41893 0 1.59543 0 0 0 0 0 1.59543 0 0 0 0 0 0 0 1.59543 0 0 0 0 0 0 0 0 0 0 0 0 0 0 0 1.59543 0 0 0 0 0 0 0 0 0 0 0 0 0 0 0 0 0 0 0 0 0 0 0 0 0 0 
0 0 1.01862 0 1.01862 0 -8.41893 1.59543 0 0 0 0 0 0 1.59543 0 0 0 0 0 0 0 1.59543 0 0 0 0 0 0 0 0 0 0 0 0 0 0 0 1.59543 0 0 0 0 0 0 0 0 0 0 0 0 0 0 0 0 0 0 0 0 0 0 0 0 0 
0 0 0 1.01862 0 1.01862 1.01862 -10.2353 0 0 0 0 0 0 0 2.39314 0 0 0 0 0 0 0 2.39314 0 0 0 0 0 0 0 0 0 0 0 0 0 0 0 2.39314 0 0 0 0 0 0 0 0 0 0 0 0 0 0 0 0 0 0 0 0 0 0 0 0 
1.01862 0 0 0 0 0 0 0 -5.00718 0.797713 0.797713 0 0.797713 0 0 0 0 0 0 0 0 0 0 0 0.797713 0 0 0 0 0 0 0 0 0 0 0 0 0 0 0 0.797713 0 0 0 0 0 0 0 0 0 0 0 0 0 0 0 0 0 0 0 0 0 0 0 
0 1.01862 0 0 0 0 0 0 1.01862 -8.41893 0 1.59543 0 1.59543 0 0 0 0 0 0 0 0 0 0 0 1.59543 0 0 0 0 0 0 0 0 0 0 0 0 0 0 0 1.59543 0 0 0 0 0 0 0 0 0 0 0 0 0 0 0 0 0 0 0 0 0 0 
0 0 1.01862 0 0 0 0 0 1.01862 0 -8.41893 1.59543 0 0 1.59543 0 0 0 0 0 0 0 0 0 0 0 1.59543 0 0 0 0 0 0 0 0 0 0 0 0 0 0 0 1.59543 0 0 0 0 0 0 0 0 0 0 0 0 0 0 0 0 0 0 0 0 0 
0 0 0 1.01862 0 0 0 0 0 1.01862 1.01862 -10.2353 0 0 0 2.39314 0 0 0 0 0 0 0 0 0 0 0 2.39314 0 0 0 0 0 0 0 0 0 0 0 0 0 0 0 2.39314 0 0 0 0 0 0 0 0 0 0 0 0 0 0 0 0 0 0 0 0 
0 0 0 0 1.01862 0 0 0 1.01862 0 0 0 -8.41893 1.59543 1.59543 0 0 0 0 0 0 0 0 0 0 0 0 0 1.59543 0 0 0 0 0 0 0 0 0 0 0 0 0 0 0 1.59543 0 0 0 0 0 0 0 0 0 0 0 0 0 0 0 0 0 0 0 
0 0 0 0 0 1.01862 0 0 0 1.01862 0 0 1.01862 -10.2353 0 2.39314 0 0 0 0 0 0 0 0 0 0 0 0 0 2.39314 0 0 0 0 0 0 0 0 0 0 0 0 0 0 0 2.39314 0 0 0 0 0 0 0 0 0 0 0 0 0 0 0 0 0 0 
0 0 0 0 0 0 1.01862 0 0 0 1.01862 0 1.01862 0 -10.2353 2.39314 0 0 0 0 0 0 0 0 0 0 0 0 0 0 2.39314 0 0 0 0 0 0 0 0 0 0 0 0 0 0 0 2.39314 0 0 0 0 0 0 0 0 0 0 0 0 0 0 0 0 0 
0 0 0 0 0 0 0 1.01862 0 0 0 1.01862 0 1.01862 1.01862 -10.4562 0 0 0 0 0 0 0 0 0 0 0 0 0 0 0 3.19085 0 0 0 0 0 0 0 0 0 0 0 0 0 0 0 3.19085 0 0 0 0 0 0 0 0 0 0 0 0 0 0 0 0 
1.01862 0 0 0 0 0 0 0 0 0 0 0 0 0 0 0 -5.00718 0.797713 0.797713 0 0.797713 0 0 0 0.797713 0 0 0 0 0 0 0 0 0 0 0 0 0 0 0 0 0 0 0 0 0 0 0 0.797713 0 0 0 0 0 0 0 0 0 0 0 0 0 0 0 
0 1.01862 0 0 0 0 0 0 0 0 0 0 0 0 0 0 1.01862 -8.41893 0 1.59543 0 1.59543 0 0 0 1.59543 0 0 0 0 0 0 0 0 0 0 0 0 0 0 0 0 0 0 0 0 0 0 0 1.59543 0 0 0 0 0 0 0 0 0 0 0 0 0 0 
0 0 1.01862 0 0 0 0 0 0 0 0 0 0 0 0 0 1.01862 0 -8.41893 1.59543 0 0 1.59543 0 0 0 1.59543 0 0 0 0 0 0 0 0 0 0 0 0 0 0 0 0 0 0 0 0 0 0 0 1.59543 0 0 0 0 0 0 0 0 0 0 0 0 0 
0 0 0 1.01862 0 0 0 0 0 0 0 0 0 0 0 0 0 1.01862 1.01862 -10.2353 0 0 0 2.39314 0 0 0 2.39314 0 0 0 0 0 0 0 0 0 0 0 0 0 0 0 0 0 0 0 0 0 0 0 2.39314 0 0 0 0 0 0 0 0 0 0 0 0 
0 0 0 0 1.01862 0 0 0 0 0 0 0 0 0 0 0 1.01862 0 0 0 -8.41893 1.59543 1.59543 0 0 0 0 0 1.59543 0 0 0 0 0 0 0 0 0 0 0 0 0 0 0 0 0 0 0 0 0 0 0 1.59543 0 0 0 0 0 0 0 0 0 0 0 
0 0 0 0 0 1.01862 0 0 0 0 0 0 0 0 0 0 0 1.01862 0 0 1.01862 -10.2353 0 2.39314 0 0 0 0 0 2.39314 0 0 0 0 0 0 0 0 0 0 0 0 0 0 0 0 0 0 0 0 0 0 0 2.39314 0 0 0 0 0 0 0 0 0 0 
0 0 0 0 0 0 1.01862 0 0 0 0 0 0 0 0 0 0 0 1.01862 0 1.01862 0 -10.2353 2.39314 0 0 0 0 0 0 2.39314 0 0 0 0 0 0 0 0 0 0 0 0 0 0 0 0 0 0 0 0 0 0 0 2.39314 0 0 0 0 0 0 0 0 0 
0 0 0 0 0 0 0 1.01862 0 0 0 0 0 0 0 0 0 0 0 1.01862 0 1.01862 1.01862 -10.4562 0 0 0 0 0 0 0 3.19085 0 0 0 0 0 0 0 0 0 0 0 0 0 0 0 0 0 0 0 0 0 0 0 3.19085 0 0 0 0 0 0 0 0 
0 0 0 0 0 0 0 0 1.01862 0 0 0 0 0 0 0 1.01862 0 0 0 0 0 0 0 -8.41893 1.59543 1.59543 0 1.59543 0 0 0 0 0 0 0 0 0 0 0 0 0 0 0 0 0 0 0 0 0 0 0 0 0 0 0 1.59543 0 0 0 0 0 0 0 
0 0 0 0 0 0 0 0 0 1.01862 0 0 0 0 0 0 0 1.01862 0 0 0 0 0 0 1.01862 -10.2353 0 2.39314 0 2.39314 0 0 0 0 0 0 0 0 0 0 0 0 0 0 0 0 0 0 0 0 0 0 0 0 0 0 0 2.39314 0 0 0 0 0 0 
0 0 0 0 0 0 0 0 0 0 1.01862 0 0 0 0 0 0 0 1.01862 0 0 0 0 0 1.01862 0 -10.2353 2.39314 0 0 2.39314 0 0 0 0 0 0 0 0 0 0 0 0 0 0 0 0 0 0 0 0 0 0 0 0 0 0 0 2.39314 0 0 0 0 0 
0 0 0 0 0 0 0 0 0 0 0 1.01862 0 0 0 0 0 0 0 1.01862 0 0 0 0 0 1.01862 1.01862 -10.4562 0 0 0 3.19085 0 0 0 0 0 0 0 0 0 0 0 0 0 0 0 0 0 0 0 0 0 0 0 0 0 0 0 3.19085 0 0 0 0 
0 0 0 0 0 0 0 0 0 0 0 0 1.01862 0 0 0 0 0 0 0 1.01862 0 0 0 1.01862 0 0 0 -10.2353 2.39314 2.39314 0 0 0 0 0 0 0 0 0 0 0 0 0 0 0 0 0 0 0 0 0 0 0 0 0 0 0 0 0 2.39314 0 0 0 
0 0 0 0 0 0 0 0 0 0 0 0 0 1.01862 0 0 0 0 0 0 0 1.01862 0 0 0 1.01862 0 0 1.01862 -10.4562 0 3.19085 0 0 0 0 0 0 0 0 0 0 0 0 0 0 0 0 0 0 0 0 0 0 0 0 0 0 0 0 0 3.19085 0 0 
0 0 0 0 0 0 0 0 0 0 0 0 0 0 1.01862 0 0 0 0 0 0 0 1.01862 0 0 0 1.01862 0 1.01862 0 -10.4562 3.19085 0 0 0 0 0 0 0 0 0 0 0 0 0 0 0 0 0 0 0 0 0 0 0 0 0 0 0 0 0 0 3.19085 0 
0 0 0 0 0 0 0 0 0 0 0 0 0 0 0 1.01862 0 0 0 0 0 0 0 1.01862 0 0 0 1.01862 0 1.01862 1.01862 -9.08164 0 0 0 0 0 0 0 0 0 0 0 0 0 0 0 0 0 0 0 0 0 0 0 0 0 0 0 0 0 0 0 3.98856 
1.01862 0 0 0 0 0 0 0 0 0 0 0 0 0 0 0 0 0 0 0 0 0 0 0 0 0 0 0 0 0 0 0 -5.00718 0.797713 0.797713 0 0.797713 0 0 0 0.797713 0 0 0 0 0 0 0 0.797713 0 0 0 0 0 0 0 0 0 0 0 0 0 0 0 
0 1.01862 0 0 0 0 0 0 0 0 0 0 0 0 0 0 0 0 0 0 0 0 0 0 0 0 0 0 0 0 0 0 1.01862 -8.41893 0 1.59543 0 1.59543 0 0 0 1.59543 0 0 0 0 0 0 0 1.59543 0 0 0 0 0 0 0 0 0 0 0 0 0 0 
0 0 1.01862 0 0 0 0 0 0 0 0 0 0 0 0 0 0 0 0 0 0 0 0 0 0 0 0 0 0 0 0 0 1.01862 0 -8.41893 1.59543 0 0 1.59543 0 0 0 1.59543 0 0 0 0 0 0 0 1.59543 0 0 0 0 0 0 0 0 0 0 0 0 0 
0 0 0 1.01862 0 0 0 0 0 0 0 0 0 0 0 0 0 0 0 0 0 0 0 0 0 0 0 0 0 0 0 0 0 1.01862 1.01862 -10.2353 0 0 0 2.39314 0 0 0 2.39314 0 0 0 0 0 0 0 2.39314 0 0 0 0 0 0 0 0 0 0 0 0 
0 0 0 0 1.01862 0 0 0 0 0 0 0 0 0 0 0 0 0 0 0 0 0 0 0 0 0 0 0 0 0 0 0 1.01862 0 0 0 -8.41893 1.59543 1.59543 0 0 0 0 0 1.59543 0 0 0 0 0 0 0 1.59543 0 0 0 0 0 0 0 0 0 0 0 
0 0 0 0 0 1.01862 0 0 0 0 0 0 0 0 0 0 0 0 0 0 0 0 0 0 0 0 0 0 0 0 0 0 0 1.01862 0 0 1.01862 -10.2353 0 2.39314 0 0 0 0 0 2.39314 0 0 0 0 0 0 0 2.39314 0 0 0 0 0 0 0 0 0 0 
0 0 0 0 0 0 1.01862 0 0 0 0 0 0 0 0 0 0 0 0 0 0 0 0 0 0 0 0 0 0 0 0 0 0 0 1.01862 0 1.01862 0 -10.2353 2.39314 0 0 0 0 0 0 2.39314 0 0 0 0 0 0 0 2.39314 0 0 0 0 0 0 0 0 0 
0 0 0 0 0 0 0 1.01862 0 0 0 0 0 0 0 0 0 0 0 0 0 0 0 0 0 0 0 0 0 0 0 0 0 0 0 1.01862 0 1.01862 1.01862 -10.4562 0 0 0 0 0 0 0 3.19085 0 0 0 0 0 0 0 3.19085 0 0 0 0 0 0 0 0 
0 0 0 0 0 0 0 0 1.01862 0 0 0 0 0 0 0 0 0 0 0 0 0 0 0 0 0 0 0 0 0 0 0 1.01862 0 0 0 0 0 0 0 -8.41893 1.59543 1.59543 0 1.59543 0 0 0 0 0 0 0 0 0 0 0 1.59543 0 0 0 0 0 0 0 
0 0 0 0 0 0 0 0 0 1.01862 0 0 0 0 0 0 0 0 0 0 0 0 0 0 0 0 0 0 0 0 0 0 0 1.01862 0 0 0 0 0 0 1.01862 -10.2353 0 2.39314 0 2.39314 0 0 0 0 0 0 0 0 0 0 0 2.39314 0 0 0 0 0 0 
0 0 0 0 0 0 0 0 0 0 1.01862 0 0 0 0 0 0 0 0 0 0 0 0 0 0 0 0 0 0 0 0 0 0 0 1.01862 0 0 0 0 0 1.01862 0 -10.2353 2.39314 0 0 2.39314 0 0 0 0 0 0 0 0 0 0 0 2.39314 0 0 0 0 0 
0 0 0 0 0 0 0 0 0 0 0 1.01862 0 0 0 0 0 0 0 0 0 0 0 0 0 0 0 0 0 0 0 0 0 0 0 1.01862 0 0 0 0 0 1.01862 1.01862 -10.4562 0 0 0 3.19085 0 0 0 0 0 0 0 0 0 0 0 3.19085 0 0 0 0 
0 0 0 0 0 0 0 0 0 0 0 0 1.01862 0 0 0 0 0 0 0 0 0 0 0 0 0 0 0 0 0 0 0 0 0 0 0 1.01862 0 0 0 1.01862 0 0 0 -10.2353 2.39314 2.39314 0 0 0 0 0 0 0 0 0 0 0 0 0 2.39314 0 0 0 
0 0 0 0 0 0 0 0 0 0 0 0 0 1.01862 0 0 0 0 0 0 0 0 0 0 0 0 0 0 0 0 0 0 0 0 0 0 0 1.01862 0 0 0 1.01862 0 0 1.01862 -10.4562 0 3.19085 0 0 0 0 0 0 0 0 0 0 0 0 0 3.19085 0 0 
0 0 0 0 0 0 0 0 0 0 0 0 0 0 1.01862 0 0 0 0 0 0 0 0 0 0 0 0 0 0 0 0 0 0 0 0 0 0 0 1.01862 0 0 0 1.01862 0 1.01862 0 -10.4562 3.19085 0 0 0 0 0 0 0 0 0 0 0 0 0 0 3.19085 0 
0 0 0 0 0 0 0 0 0 0 0 0 0 0 0 1.01862 0 0 0 0 0 0 0 0 0 0 0 0 0 0 0 0 0 0 0 0 0 0 0 1.01862 0 0 0 1.01862 0 1.01862 1.01862 -9.08164 0 0 0 0 0 0 0 0 0 0 0 0 0 0 0 3.98856 
0 0 0 0 0 0 0 0 0 0 0 0 0 0 0 0 1.01862 0 0 0 0 0 0 0 0 0 0 0 0 0 0 0 1.01862 0 0 0 0 0 0 0 0 0 0 0 0 0 0 0 -8.41893 1.59543 1.59543 0 1.59543 0 0 0 1.59543 0 0 0 0 0 0 0 
0 0 0 0 0 0 0 0 0 0 0 0 0 0 0 0 0 1.01862 0 0 0 0 0 0 0 0 0 0 0 0 0 0 0 1.01862 0 0 0 0 0 0 0 0 0 0 0 0 0 0 1.01862 -10.2353 0 2.39314 0 2.39314 0 0 0 2.39314 0 0 0 0 0 0 
0 0 0 0 0 0 0 0 0 0 0 0 0 0 0 0 0 0 1.01862 0 0 0 0 0 0 0 0 0 0 0 0 0 0 0 1.01862 0 0 0 0 0 0 0 0 0 0 0 0 0 1.01862 0 -10.2353 2.39314 0 0 2.39314 0 0 0 2.39314 0 0 0 0 0 
0 0 0 0 0 0 0 0 0 0 0 0 0 0 0 0 0 0 0 1.01862 0 0 0 0 0 0 0 0 0 0 0 0 0 0 0 1.01862 0 0 0 0 0 0 0 0 0 0 0 0 0 1.01862 1.01862 -10.4562 0 0 0 3.19085 0 0 0 3.19085 0 0 0 0 
0 0 0 0 0 0 0 0 0 0 0 0 0 0 0 0 0 0 0 0 1.01862 0 0 0 0 0 0 0 0 0 0 0 0 0 0 0 1.01862 0 0 0 0 0 0 0 0 0 0 0 1.01862 0 0 0 -10.2353 2.39314 2.39314 0 0 0 0 0 2.39314 0 0 0 
0 0 0 0 0 0 0 0 0 0 0 0 0 0 0 0 0 0 0 0 0 1.01862 0 0 0 0 0 0 0 0 0 0 0 0 0 0 0 1.01862 0 0 0 0 0 0 0 0 0 0 0 1.01862 0 0 1.01862 -10.4562 0 3.19085 0 0 0 0 0 3.19085 0 0 
0 0 0 0 0 0 0 0 0 0 0 0 0 0 0 0 0 0 0 0 0 0 1.01862 0 0 0 0 0 0 0 0 0 0 0 0 0 0 0 1.01862 0 0 0 0 0 0 0 0 0 0 0 1.01862 0 1.01862 0 -10.4562 3.19085 0 0 0 0 0 0 3.19085 0 
0 0 0 0 0 0 0 0 0 0 0 0 0 0 0 0 0 0 0 0 0 0 0 1.01862 0 0 0 0 0 0 0 0 0 0 0 0 0 0 0 1.01862 0 0 0 0 0 0 0 0 0 0 0 1.01862 0 1.01862 1.01862 -9.08164 0 0 0 0 0 0 0 3.98856 
0 0 0 0 0 0 0 0 0 0 0 0 0 0 0 0 0 0 0 0 0 0 0 0 1.01862 0 0 0 0 0 0 0 0 0 0 0 0 0 0 0 1.01862 0 0 0 0 0 0 0 1.01862 0 0 0 0 0 0 0 -10.2353 2.39314 2.39314 0 2.39314 0 0 0 
0 0 0 0 0 0 0 0 0 0 0 0 0 0 0 0 0 0 0 0 0 0 0 0 0 1.01862 0 0 0 0 0 0 0 0 0 0 0 0 0 0 0 1.01862 0 0 0 0 0 0 0 1.01862 0 0 0 0 0 0 1.01862 -10.4562 0 3.19085 0 3.19085 0 0 
0 0 0 0 0 0 0 0 0 0 0 0 0 0 0 0 0 0 0 0 0 0 0 0 0 0 1.01862 0 0 0 0 0 0 0 0 0 0 0 0 0 0 0 1.01862 0 0 0 0 0 0 0 1.01862 0 0 0 0 0 1.01862 0 -10.4562 3.19085 0 0 3.19085 0 
0 0 0 0 0 0 0 0 0 0 0 0 0 0 0 0 0 0 0 0 0 0 0 0 0 0 0 1.01862 0 0 0 0 0 0 0 0 0 0 0 0 0 0 0 1.01862 0 0 0 0 0 0 0 1.01862 0 0 0 0 0 1.01862 1.01862 -9.08164 0 0 0 3.98856 
0 0 0 0 0 0 0 0 0 0 0 0 0 0 0 0 0 0 0 0 0 0 0 0 0 0 0 0 1.01862 0 0 0 0 0 0 0 0 0 0 0 0 0 0 0 1.01862 0 0 0 0 0 0 0 1.01862 0 0 0 1.01862 0 0 0 -10.4562 3.19085 3.19085 0 
0 0 0 0 0 0 0 0 0 0 0 0 0 0 0 0 0 0 0 0 0 0 0 0 0 0 0 0 0 1.01862 0 0 0 0 0 0 0 0 0 0 0 0 0 0 0 1.01862 0 0 0 0 0 0 0 1.01862 0 0 0 1.01862 0 0 1.01862 -9.08164 0 3.98856 
0 0 0 0 0 0 0 0 0 0 0 0 0 0 0 0 0 0 0 0 0 0 0 0 0 0 0 0 0 0 1.01862 0 0 0 0 0 0 0 0 0 0 0 0 0 0 0 1.01862 0 0 0 0 0 0 0 1.01862 0 0 0 1.01862 0 1.01862 0 -9.08164 3.98856 
0 0 0 0 0 0 0 0 0 0 0 0 0 0 0 0 0 0 0 0 0 0 0 0 0 0 0 0 0 0 0 1.01862 0 0 0 0 0 0 0 0 0 0 0 0 0 0 0 1.01862 0 0 0 0 0 0 0 1.01862 0 0 0 1.01862 0 1.01862 1.01862 -6.11169 
