32
-0 0 0 0 0 0 0 0 0 0 0 0 0 0 0 0 0 0 0 0 0 0 0 0 0 0 0 0 0 0 0 0 
0.23231 -1.35304 0 0.280182 0 0.280182 0 0 0 0.280182 0 0 0 0 0 0 0 0.280182 0 0 0 0 0 0 0 0 0 0 0 0 0 0 
0.23231 0 -1.35304 0.280182 0 0 0.280182 0 0 0 0.280182 0 0 0 0 0 0 0 0.280182 0 0 0 0 0 0 0 0 0 0 0 0 0 
0 0.23231 0.23231 -2.14571 0 0 0 0.560363 0 0 0 0.560363 0 0 0 0 0 0 0 0.560363 0 0 0 0 0 0 0 0 0 0 0 0 
0.23231 0 0 0 -1.35304 0.280182 0.280182 0 0 0 0 0 0.280182 0 0 0 0 0 0 0 0.280182 0 0 0 0 0 0 0 0 0 0 0 
0 0.23231 0 0 0.23231 -2.14571 0 0.560363 0 0 0 0 0 0.560363 0 0 0 0 0 0 0 0.560363 0 0 0 0 0 0 0 0 0 0 
0 0 0.23231 0 0.23231 0 -2.14571 0.560363 0 0 0 0 0 0 0.560363 0 0 0 0 0 0 0 0.560363 0 0 0 0 0 0 0 0 0 
0 0 0 0.23231 0 0.23231 0.23231 -2.37802 0 0 0 0 0 0 0 0.840545 0 0 0 0 0 0 0 0.840545 0 0 0 0 0 0 0 0 
0.23231 0 0 0 0 0 0 0 -1.35304 0.280182 0.280182 0 0.280182 0 0 0 0 0 0 0 0 0 0 0 0.280182 0 0 0 0 0 0 0 
0 0.23231 0 0 0 0 0 0 0.23231 -2.14571 0 0.560363 0 0.560363 0 0 0 0 0 0 0 0 0 0 0 0.560363 0 0 0 0 0 0 
0 0 0.23231 0 0 0 0 0 0.23231 0 -2.14571 0.560363 0 0 0.560363 0 0 0 0 0 0 0 0 0 0 0 0.560363 0 0 0 0 0 
0 0 0 0.23231 0 0 0 0 0 0.23231 0.23231 -2.37802 0 0 0 0.840545 0 0 0 0 0 0 0 0 0 0 0 0.840545 0 0 0 0 
0 0 0 0 0.23231 0 0 0 0.23231 0 0 0 -2.14571 0.560363 0.560363 0 0 0 0 0 0 0 0 0 0 0 0 0 0.560363 0 0 0 
0 0 0 0 0 0.23231 0 0 0 0.23231 0 0 0.23231 -2.37802 0 0.840545 0 0 0 0 0 0 0 0 0 0 0 0 0 0.840545 0 0 
0 0 0 0 0 0 0.23231 0 0 0 0.23231 0 0.23231 0 -2.37802 0.840545 0 0 0 0 0 0 0 0 0 0 0 0 0 0 0.840545 0 
0 0 0 0 0 0 0 0.23231 0 0 0 0.23231 0 0.23231 0.23231 -2.04996 0 0 0 0 0 0 0 0 0 0 0 0 0 0 0 1.12073 
0.23231 0 0 0 0 0 0 0 0 0 0 0 0 0 0 0 -1.35304 0.280182 0.280182 0 0.280182 0 0 0 0.280182 0 0 0 0 0 0 0 
0 0.23231 0 0 0 0 0 0 0 0 0 0 0 0 0 0 0.23231 -2.14571 0 0.560363 0 0.560363 0 0 0 0.560363 0 0 0 0 0 0 
0 0 0.23231 0 0 0 0 0 0 0 0 0 0 0 0 0 0.23231 0 -2.14571 0.560363 0 0 0.560363 0 0 0 0.560363 0 0 0 0 0 
0 0 0 0.23231 0 0 0 0 0 0 0 0 0 0 0 0 0 0.23231 0.23231 -2.37802 0 0 0 0.840545 0 0 0 0.840545 0 0 0 0 
0 0 0 0 0.23231 0 0 0 0 0 0 0 0 0 0 0 0.23231 0 0 0 -2.14571 0.560363 0.560363 0 0 0 0 0 0.560363 0 0 0 
0 0 0 0 0 0.23231 0 0 0 0 0 0 0 0 0 0 0 0.23231 0 0 0.23231 -2.37802 0 0.840545 0 0 0 0 0 0.840545 0 0 
0 0 0 0 0 0 0.23231 0 0 0 0 0 0 0 0 0 0 0 0.23231 0 0.23231 0 -2.37802 0.840545 0 0 0 0 0 0 0.840545 0 
0 0 0 0 0 0 0 0.23231 0 0 0 0 0 0 0 0 0 0 0 0.23231 0 0.23231 0.23231 -2.04996 0 0 0 0 0 0 0 1.12073 
0 0 0 0 0 0 0 0 0.23231 0 0 0 0 0 0 0 0.23231 0 0 0 0 0 0 0 -2.14571 0.560363 0.560363 0 0.560363 0 0 0 
0 0 0 0 0 0 0 0 0 0.23231 0 0 0 0 0 0 0 0.23231 0 0 0 0 0 0 0.23231 -2.37802 0 0.840545 0 0.840545 0 0 
0 0 0 0 0 0 0 0 0 0 0.23231 0 0 0 0 0 0 0 0.23231 0 0 0 0 0 0.23231 0 -2.37802 0.840545 0 0 0.840545 0 
0 0 0 0 0 0 0 0 0 0 0 0.23231 0 0 0 0 0 0 0 0.23231 0 0 0 0 0 0.23231 0.23231 -2.04996 0 0 0 1.12073 
0 0 0 0 0 0 0 0 0 0 0 0 0.23231 0 0 0 0 0 0 0 0.23231 0 0 0 0.23231 0 0 0 -2.37802 0.840545 0.840545 0 
0 0 0 0 0 0 0 0 0 0 0 0 0 0.23231 0 0 0 0 0 0 0 0.23231 0 0 0 0.23231 0 0 0.23231 -2.04996 0 1.12073 
0 0 0 0 0 0 0 0 0 0 0 0 0 0 0.23231 0 0 0 0 0 0 0 0.23231 0 0 0 0.23231 0 0.23231 0 -2.04996 1.12073 
0 0 0 0 0 0 0 0 0 0 0 0 0 0 0 0.23231 0 0 0 0 0 0 0 0.23231 0 0 0 0.23231 0 0.23231 0.23231 -1.16155 
