32
-0 0 0 0 0 0 0 0 0 0 0 0 0 0 0 0 0 0 0 0 0 0 0 0 0 0 0 0 0 0 0 0 
0.212492 -1.28651 0 0.268504 0 0.268504 0 0 0 0.268504 0 0 0 0 0 0 0 0.268504 0 0 0 0 0 0 0 0 0 0 0 0 0 0 
0.212492 0 -1.28651 0.268504 0 0 0.268504 0 0 0 0.268504 0 0 0 0 0 0 0 0.268504 0 0 0 0 0 0 0 0 0 0 0 0 0 
0 0.212492 0.212492 -2.03601 0 0 0 0.537009 0 0 0 0.537009 0 0 0 0 0 0 0 0.537009 0 0 0 0 0 0 0 0 0 0 0 0 
0.212492 0 0 0 -1.28651 0.268504 0.268504 0 0 0 0 0 0.268504 0 0 0 0 0 0 0 0.268504 0 0 0 0 0 0 0 0 0 0 0 
0 0.212492 0 0 0.212492 -2.03601 0 0.537009 0 0 0 0 0 0.537009 0 0 0 0 0 0 0 0.537009 0 0 0 0 0 0 0 0 0 0 
0 0 0.212492 0 0.212492 0 -2.03601 0.537009 0 0 0 0 0 0 0.537009 0 0 0 0 0 0 0 0.537009 0 0 0 0 0 0 0 0 0 
0 0 0 0.212492 0 0.212492 0.212492 -2.2485 0 0 0 0 0 0 0 0.805513 0 0 0 0 0 0 0 0.805513 0 0 0 0 0 0 0 0 
0.212492 0 0 0 0 0 0 0 -1.28651 0.268504 0.268504 0 0.268504 0 0 0 0 0 0 0 0 0 0 0 0.268504 0 0 0 0 0 0 0 
0 0.212492 0 0 0 0 0 0 0.212492 -2.03601 0 0.537009 0 0.537009 0 0 0 0 0 0 0 0 0 0 0 0.537009 0 0 0 0 0 0 
0 0 0.212492 0 0 0 0 0 0.212492 0 -2.03601 0.537009 0 0 0.537009 0 0 0 0 0 0 0 0 0 0 0 0.537009 0 0 0 0 0 
0 0 0 0.212492 0 0 0 0 0 0.212492 0.212492 -2.2485 0 0 0 0.805513 0 0 0 0 0 0 0 0 0 0 0 0.805513 0 0 0 0 
0 0 0 0 0.212492 0 0 0 0.212492 0 0 0 -2.03601 0.537009 0.537009 0 0 0 0 0 0 0 0 0 0 0 0 0 0.537009 0 0 0 
0 0 0 0 0 0.212492 0 0 0 0.212492 0 0 0.212492 -2.2485 0 0.805513 0 0 0 0 0 0 0 0 0 0 0 0 0 0.805513 0 0 
0 0 0 0 0 0 0.212492 0 0 0 0.212492 0 0.212492 0 -2.2485 0.805513 0 0 0 0 0 0 0 0 0 0 0 0 0 0 0.805513 0 
0 0 0 0 0 0 0 0.212492 0 0 0 0.212492 0 0.212492 0.212492 -1.92398 0 0 0 0 0 0 0 0 0 0 0 0 0 0 0 1.07402 
0.212492 0 0 0 0 0 0 0 0 0 0 0 0 0 0 0 -1.28651 0.268504 0.268504 0 0.268504 0 0 0 0.268504 0 0 0 0 0 0 0 
0 0.212492 0 0 0 0 0 0 0 0 0 0 0 0 0 0 0.212492 -2.03601 0 0.537009 0 0.537009 0 0 0 0.537009 0 0 0 0 0 0 
0 0 0.212492 0 0 0 0 0 0 0 0 0 0 0 0 0 0.212492 0 -2.03601 0.537009 0 0 0.537009 0 0 0 0.537009 0 0 0 0 0 
0 0 0 0.212492 0 0 0 0 0 0 0 0 0 0 0 0 0 0.212492 0.212492 -2.2485 0 0 0 0.805513 0 0 0 0.805513 0 0 0 0 
0 0 0 0 0.212492 0 0 0 0 0 0 0 0 0 0 0 0.212492 0 0 0 -2.03601 0.537009 0.537009 0 0 0 0 0 0.537009 0 0 0 
0 0 0 0 0 0.212492 0 0 0 0 0 0 0 0 0 0 0 0.212492 0 0 0.212492 -2.2485 0 0.805513 0 0 0 0 0 0.805513 0 0 
0 0 0 0 0 0 0.212492 0 0 0 0 0 0 0 0 0 0 0 0.212492 0 0.212492 0 -2.2485 0.805513 0 0 0 0 0 0 0.805513 0 
0 0 0 0 0 0 0 0.212492 0 0 0 0 0 0 0 0 0 0 0 0.212492 0 0.212492 0.212492 -1.92398 0 0 0 0 0 0 0 1.07402 
0 0 0 0 0 0 0 0 0.212492 0 0 0 0 0 0 0 0.212492 0 0 0 0 0 0 0 -2.03601 0.537009 0.537009 0 0.537009 0 0 0 
0 0 0 0 0 0 0 0 0 0.212492 0 0 0 0 0 0 0 0.212492 0 0 0 0 0 0 0.212492 -2.2485 0 0.805513 0 0.805513 0 0 
0 0 0 0 0 0 0 0 0 0 0.212492 0 0 0 0 0 0 0 0.212492 0 0 0 0 0 0.212492 0 -2.2485 0.805513 0 0 0.805513 0 
0 0 0 0 0 0 0 0 0 0 0 0.212492 0 0 0 0 0 0 0 0.212492 0 0 0 0 0 0.212492 0.212492 -1.92398 0 0 0 1.07402 
0 0 0 0 0 0 0 0 0 0 0 0 0.212492 0 0 0 0 0 0 0 0.212492 0 0 0 0.212492 0 0 0 -2.2485 0.805513 0.805513 0 
0 0 0 0 0 0 0 0 0 0 0 0 0 0.212492 0 0 0 0 0 0 0 0.212492 0 0 0 0.212492 0 0 0.212492 -1.92398 0 1.07402 
0 0 0 0 0 0 0 0 0 0 0 0 0 0 0.212492 0 0 0 0 0 0 0 0.212492 0 0 0 0.212492 0 0.212492 0 -1.92398 1.07402 
0 0 0 0 0 0 0 0 0 0 0 0 0 0 0 0.212492 0 0 0 0 0 0 0 0.212492 0 0 0 0.212492 0 0.212492 0.212492 -1.06246 
