32
-0 0 0 0 0 0 0 0 0 0 0 0 0 0 0 0 0 0 0 0 0 0 0 0 0 0 0 0 0 0 0 0 
0.604973 -3.26464 0 0.664916 0 0.664916 0 0 0 0.664916 0 0 0 0 0 0 0 0.664916 0 0 0 0 0 0 0 0 0 0 0 0 0 0 
0.604973 0 -3.26464 0.664916 0 0 0.664916 0 0 0 0.664916 0 0 0 0 0 0 0 0.664916 0 0 0 0 0 0 0 0 0 0 0 0 0 
0 0.604973 0.604973 -5.19944 0 0 0 1.32983 0 0 0 1.32983 0 0 0 0 0 0 0 1.32983 0 0 0 0 0 0 0 0 0 0 0 0 
0.604973 0 0 0 -3.26464 0.664916 0.664916 0 0 0 0 0 0.664916 0 0 0 0 0 0 0 0.664916 0 0 0 0 0 0 0 0 0 0 0 
0 0.604973 0 0 0.604973 -5.19944 0 1.32983 0 0 0 0 0 1.32983 0 0 0 0 0 0 0 1.32983 0 0 0 0 0 0 0 0 0 0 
0 0 0.604973 0 0.604973 0 -5.19944 1.32983 0 0 0 0 0 0 1.32983 0 0 0 0 0 0 0 1.32983 0 0 0 0 0 0 0 0 0 
0 0 0 0.604973 0 0.604973 0.604973 -5.80441 0 0 0 0 0 0 0 1.99475 0 0 0 0 0 0 0 1.99475 0 0 0 0 0 0 0 0 
0.604973 0 0 0 0 0 0 0 -3.26464 0.664916 0.664916 0 0.664916 0 0 0 0 0 0 0 0 0 0 0 0.664916 0 0 0 0 0 0 0 
0 0.604973 0 0 0 0 0 0 0.604973 -5.19944 0 1.32983 0 1.32983 0 0 0 0 0 0 0 0 0 0 0 1.32983 0 0 0 0 0 0 
0 0 0.604973 0 0 0 0 0 0.604973 0 -5.19944 1.32983 0 0 1.32983 0 0 0 0 0 0 0 0 0 0 0 1.32983 0 0 0 0 0 
0 0 0 0.604973 0 0 0 0 0 0.604973 0.604973 -5.80441 0 0 0 1.99475 0 0 0 0 0 0 0 0 0 0 0 1.99475 0 0 0 0 
0 0 0 0 0.604973 0 0 0 0.604973 0 0 0 -5.19944 1.32983 1.32983 0 0 0 0 0 0 0 0 0 0 0 0 0 1.32983 0 0 0 
0 0 0 0 0 0.604973 0 0 0 0.604973 0 0 0.604973 -5.80441 0 1.99475 0 0 0 0 0 0 0 0 0 0 0 0 0 1.99475 0 0 
0 0 0 0 0 0 0.604973 0 0 0 0.604973 0 0.604973 0 -5.80441 1.99475 0 0 0 0 0 0 0 0 0 0 0 0 0 0 1.99475 0 
0 0 0 0 0 0 0 0.604973 0 0 0 0.604973 0 0.604973 0.604973 -5.07956 0 0 0 0 0 0 0 0 0 0 0 0 0 0 0 2.65966 
0.604973 0 0 0 0 0 0 0 0 0 0 0 0 0 0 0 -3.26464 0.664916 0.664916 0 0.664916 0 0 0 0.664916 0 0 0 0 0 0 0 
0 0.604973 0 0 0 0 0 0 0 0 0 0 0 0 0 0 0.604973 -5.19944 0 1.32983 0 1.32983 0 0 0 1.32983 0 0 0 0 0 0 
0 0 0.604973 0 0 0 0 0 0 0 0 0 0 0 0 0 0.604973 0 -5.19944 1.32983 0 0 1.32983 0 0 0 1.32983 0 0 0 0 0 
0 0 0 0.604973 0 0 0 0 0 0 0 0 0 0 0 0 0 0.604973 0.604973 -5.80441 0 0 0 1.99475 0 0 0 1.99475 0 0 0 0 
0 0 0 0 0.604973 0 0 0 0 0 0 0 0 0 0 0 0.604973 0 0 0 -5.19944 1.32983 1.32983 0 0 0 0 0 1.32983 0 0 0 
0 0 0 0 0 0.604973 0 0 0 0 0 0 0 0 0 0 0 0.604973 0 0 0.604973 -5.80441 0 1.99475 0 0 0 0 0 1.99475 0 0 
0 0 0 0 0 0 0.604973 0 0 0 0 0 0 0 0 0 0 0 0.604973 0 0.604973 0 -5.80441 1.99475 0 0 0 0 0 0 1.99475 0 
0 0 0 0 0 0 0 0.604973 0 0 0 0 0 0 0 0 0 0 0 0.604973 0 0.604973 0.604973 -5.07956 0 0 0 0 0 0 0 2.65966 
0 0 0 0 0 0 0 0 0.604973 0 0 0 0 0 0 0 0.604973 0 0 0 0 0 0 0 -5.19944 1.32983 1.32983 0 1.32983 0 0 0 
0 0 0 0 0 0 0 0 0 0.604973 0 0 0 0 0 0 0 0.604973 0 0 0 0 0 0 0.604973 -5.80441 0 1.99475 0 1.99475 0 0 
0 0 0 0 0 0 0 0 0 0 0.604973 0 0 0 0 0 0 0 0.604973 0 0 0 0 0 0.604973 0 -5.80441 1.99475 0 0 1.99475 0 
0 0 0 0 0 0 0 0 0 0 0 0.604973 0 0 0 0 0 0 0 0.604973 0 0 0 0 0 0.604973 0.604973 -5.07956 0 0 0 2.65966 
0 0 0 0 0 0 0 0 0 0 0 0 0.604973 0 0 0 0 0 0 0 0.604973 0 0 0 0.604973 0 0 0 -5.80441 1.99475 1.99475 0 
0 0 0 0 0 0 0 0 0 0 0 0 0 0.604973 0 0 0 0 0 0 0 0.604973 0 0 0 0.604973 0 0 0.604973 -5.07956 0 2.65966 
0 0 0 0 0 0 0 0 0 0 0 0 0 0 0.604973 0 0 0 0 0 0 0 0.604973 0 0 0 0.604973 0 0.604973 0 -5.07956 2.65966 
0 0 0 0 0 0 0 0 0 0 0 0 0 0 0 0.604973 0 0 0 0 0 0 0 0.604973 0 0 0 0.604973 0 0.604973 0.604973 -3.02487 
