64
-0 0 0 0 0 0 0 0 0 0 0 0 0 0 0 0 0 0 0 0 0 0 0 0 0 0 0 0 0 0 0 0 0 0 0 0 0 0 0 0 0 0 0 0 0 0 0 0 0 0 0 0 0 0 0 0 0 0 0 0 0 0 0 0 
0.639493 -2.84944 0 0.44199 0 0.44199 0 0 0 0.44199 0 0 0 0 0 0 0 0.44199 0 0 0 0 0 0 0 0 0 0 0 0 0 0 0 0.44199 0 0 0 0 0 0 0 0 0 0 0 0 0 0 0 0 0 0 0 0 0 0 0 0 0 0 0 0 0 0 
0.639493 0 -2.84944 0.44199 0 0 0.44199 0 0 0 0.44199 0 0 0 0 0 0 0 0.44199 0 0 0 0 0 0 0 0 0 0 0 0 0 0 0 0.44199 0 0 0 0 0 0 0 0 0 0 0 0 0 0 0 0 0 0 0 0 0 0 0 0 0 0 0 0 0 
0 0.639493 0.639493 -4.81491 0 0 0 0.88398 0 0 0 0.88398 0 0 0 0 0 0 0 0.88398 0 0 0 0 0 0 0 0 0 0 0 0 0 0 0 0.88398 0 0 0 0 0 0 0 0 0 0 0 0 0 0 0 0 0 0 0 0 0 0 0 0 0 0 0 0 
0.639493 0 0 0 -2.84944 0.44199 0.44199 0 0 0 0 0 0.44199 0 0 0 0 0 0 0 0.44199 0 0 0 0 0 0 0 0 0 0 0 0 0 0 0 0.44199 0 0 0 0 0 0 0 0 0 0 0 0 0 0 0 0 0 0 0 0 0 0 0 0 0 0 0 
0 0.639493 0 0 0.639493 -4.81491 0 0.88398 0 0 0 0 0 0.88398 0 0 0 0 0 0 0 0.88398 0 0 0 0 0 0 0 0 0 0 0 0 0 0 0 0.88398 0 0 0 0 0 0 0 0 0 0 0 0 0 0 0 0 0 0 0 0 0 0 0 0 0 0 
0 0 0.639493 0 0.639493 0 -4.81491 0.88398 0 0 0 0 0 0 0.88398 0 0 0 0 0 0 0 0.88398 0 0 0 0 0 0 0 0 0 0 0 0 0 0 0 0.88398 0 0 0 0 0 0 0 0 0 0 0 0 0 0 0 0 0 0 0 0 0 0 0 0 0 
0 0 0 0.639493 0 0.639493 0.639493 -5.89639 0 0 0 0 0 0 0 1.32597 0 0 0 0 0 0 0 1.32597 0 0 0 0 0 0 0 0 0 0 0 0 0 0 0 1.32597 0 0 0 0 0 0 0 0 0 0 0 0 0 0 0 0 0 0 0 0 0 0 0 0 
0.639493 0 0 0 0 0 0 0 -2.84944 0.44199 0.44199 0 0.44199 0 0 0 0 0 0 0 0 0 0 0 0.44199 0 0 0 0 0 0 0 0 0 0 0 0 0 0 0 0.44199 0 0 0 0 0 0 0 0 0 0 0 0 0 0 0 0 0 0 0 0 0 0 0 
0 0.639493 0 0 0 0 0 0 0.639493 -4.81491 0 0.88398 0 0.88398 0 0 0 0 0 0 0 0 0 0 0 0.88398 0 0 0 0 0 0 0 0 0 0 0 0 0 0 0 0.88398 0 0 0 0 0 0 0 0 0 0 0 0 0 0 0 0 0 0 0 0 0 0 
0 0 0.639493 0 0 0 0 0 0.639493 0 -4.81491 0.88398 0 0 0.88398 0 0 0 0 0 0 0 0 0 0 0 0.88398 0 0 0 0 0 0 0 0 0 0 0 0 0 0 0 0.88398 0 0 0 0 0 0 0 0 0 0 0 0 0 0 0 0 0 0 0 0 0 
0 0 0 0.639493 0 0 0 0 0 0.639493 0.639493 -5.89639 0 0 0 1.32597 0 0 0 0 0 0 0 0 0 0 0 1.32597 0 0 0 0 0 0 0 0 0 0 0 0 0 0 0 1.32597 0 0 0 0 0 0 0 0 0 0 0 0 0 0 0 0 0 0 0 0 
0 0 0 0 0.639493 0 0 0 0.639493 0 0 0 -4.81491 0.88398 0.88398 0 0 0 0 0 0 0 0 0 0 0 0 0 0.88398 0 0 0 0 0 0 0 0 0 0 0 0 0 0 0 0.88398 0 0 0 0 0 0 0 0 0 0 0 0 0 0 0 0 0 0 0 
0 0 0 0 0 0.639493 0 0 0 0.639493 0 0 0.639493 -5.89639 0 1.32597 0 0 0 0 0 0 0 0 0 0 0 0 0 1.32597 0 0 0 0 0 0 0 0 0 0 0 0 0 0 0 1.32597 0 0 0 0 0 0 0 0 0 0 0 0 0 0 0 0 0 0 
0 0 0 0 0 0 0.639493 0 0 0 0.639493 0 0.639493 0 -5.89639 1.32597 0 0 0 0 0 0 0 0 0 0 0 0 0 0 1.32597 0 0 0 0 0 0 0 0 0 0 0 0 0 0 0 1.32597 0 0 0 0 0 0 0 0 0 0 0 0 0 0 0 0 0 
0 0 0 0 0 0 0 0.639493 0 0 0 0.639493 0 0.639493 0.639493 -6.09389 0 0 0 0 0 0 0 0 0 0 0 0 0 0 0 1.76796 0 0 0 0 0 0 0 0 0 0 0 0 0 0 0 1.76796 0 0 0 0 0 0 0 0 0 0 0 0 0 0 0 0 
0.639493 0 0 0 0 0 0 0 0 0 0 0 0 0 0 0 -2.84944 0.44199 0.44199 0 0.44199 0 0 0 0.44199 0 0 0 0 0 0 0 0 0 0 0 0 0 0 0 0 0 0 0 0 0 0 0 0.44199 0 0 0 0 0 0 0 0 0 0 0 0 0 0 0 
0 0.639493 0 0 0 0 0 0 0 0 0 0 0 0 0 0 0.639493 -4.81491 0 0.88398 0 0.88398 0 0 0 0.88398 0 0 0 0 0 0 0 0 0 0 0 0 0 0 0 0 0 0 0 0 0 0 0 0.88398 0 0 0 0 0 0 0 0 0 0 0 0 0 0 
0 0 0.639493 0 0 0 0 0 0 0 0 0 0 0 0 0 0.639493 0 -4.81491 0.88398 0 0 0.88398 0 0 0 0.88398 0 0 0 0 0 0 0 0 0 0 0 0 0 0 0 0 0 0 0 0 0 0 0 0.88398 0 0 0 0 0 0 0 0 0 0 0 0 0 
0 0 0 0.639493 0 0 0 0 0 0 0 0 0 0 0 0 0 0.639493 0.639493 -5.89639 0 0 0 1.32597 0 0 0 1.32597 0 0 0 0 0 0 0 0 0 0 0 0 0 0 0 0 0 0 0 0 0 0 0 1.32597 0 0 0 0 0 0 0 0 0 0 0 0 
0 0 0 0 0.639493 0 0 0 0 0 0 0 0 0 0 0 0.639493 0 0 0 -4.81491 0.88398 0.88398 0 0 0 0 0 0.88398 0 0 0 0 0 0 0 0 0 0 0 0 0 0 0 0 0 0 0 0 0 0 0 0.88398 0 0 0 0 0 0 0 0 0 0 0 
0 0 0 0 0 0.639493 0 0 0 0 0 0 0 0 0 0 0 0.639493 0 0 0.639493 -5.89639 0 1.32597 0 0 0 0 0 1.32597 0 0 0 0 0 0 0 0 0 0 0 0 0 0 0 0 0 0 0 0 0 0 0 1.32597 0 0 0 0 0 0 0 0 0 0 
0 0 0 0 0 0 0.639493 0 0 0 0 0 0 0 0 0 0 0 0.639493 0 0.639493 0 -5.89639 1.32597 0 0 0 0 0 0 1.32597 0 0 0 0 0 0 0 0 0 0 0 0 0 0 0 0 0 0 0 0 0 0 0 1.32597 0 0 0 0 0 0 0 0 0 
0 0 0 0 0 0 0 0.639493 0 0 0 0 0 0 0 0 0 0 0 0.639493 0 0.639493 0.639493 -6.09389 0 0 0 0 0 0 0 1.76796 0 0 0 0 0 0 0 0 0 0 0 0 0 0 0 0 0 0 0 0 0 0 0 1.76796 0 0 0 0 0 0 0 0 
0 0 0 0 0 0 0 0 0.639493 0 0 0 0 0 0 0 0.639493 0 0 0 0 0 0 0 -4.81491 0.88398 0.88398 0 0.88398 0 0 0 0 0 0 0 0 0 0 0 0 0 0 0 0 0 0 0 0 0 0 0 0 0 0 0 0.88398 0 0 0 0 0 0 0 
0 0 0 0 0 0 0 0 0 0.639493 0 0 0 0 0 0 0 0.639493 0 0 0 0 0 0 0.639493 -5.89639 0 1.32597 0 1.32597 0 0 0 0 0 0 0 0 0 0 0 0 0 0 0 0 0 0 0 0 0 0 0 0 0 0 0 1.32597 0 0 0 0 0 0 
0 0 0 0 0 0 0 0 0 0 0.639493 0 0 0 0 0 0 0 0.639493 0 0 0 0 0 0.639493 0 -5.89639 1.32597 0 0 1.32597 0 0 0 0 0 0 0 0 0 0 0 0 0 0 0 0 0 0 0 0 0 0 0 0 0 0 0 1.32597 0 0 0 0 0 
0 0 0 0 0 0 0 0 0 0 0 0.639493 0 0 0 0 0 0 0 0.639493 0 0 0 0 0 0.639493 0.639493 -6.09389 0 0 0 1.76796 0 0 0 0 0 0 0 0 0 0 0 0 0 0 0 0 0 0 0 0 0 0 0 0 0 0 0 1.76796 0 0 0 0 
0 0 0 0 0 0 0 0 0 0 0 0 0.639493 0 0 0 0 0 0 0 0.639493 0 0 0 0.639493 0 0 0 -5.89639 1.32597 1.32597 0 0 0 0 0 0 0 0 0 0 0 0 0 0 0 0 0 0 0 0 0 0 0 0 0 0 0 0 0 1.32597 0 0 0 
0 0 0 0 0 0 0 0 0 0 0 0 0 0.639493 0 0 0 0 0 0 0 0.639493 0 0 0 0.639493 0 0 0.639493 -6.09389 0 1.76796 0 0 0 0 0 0 0 0 0 0 0 0 0 0 0 0 0 0 0 0 0 0 0 0 0 0 0 0 0 1.76796 0 0 
0 0 0 0 0 0 0 0 0 0 0 0 0 0 0.639493 0 0 0 0 0 0 0 0.639493 0 0 0 0.639493 0 0.639493 0 -6.09389 1.76796 0 0 0 0 0 0 0 0 0 0 0 0 0 0 0 0 0 0 0 0 0 0 0 0 0 0 0 0 0 0 1.76796 0 
0 0 0 0 0 0 0 0 0 0 0 0 0 0 0 0.639493 0 0 0 0 0 0 0 0.639493 0 0 0 0.639493 0 0.639493 0.639493 -5.40741 0 0 0 0 0 0 0 0 0 0 0 0 0 0 0 0 0 0 0 0 0 0 0 0 0 0 0 0 0 0 0 2.20995 
0.639493 0 0 0 0 0 0 0 0 0 0 0 0 0 0 0 0 0 0 0 0 0 0 0 0 0 0 0 0 0 0 0 -2.84944 0.44199 0.44199 0 0.44199 0 0 0 0.44199 0 0 0 0 0 0 0 0.44199 0 0 0 0 0 0 0 0 0 0 0 0 0 0 0 
0 0.639493 0 0 0 0 0 0 0 0 0 0 0 0 0 0 0 0 0 0 0 0 0 0 0 0 0 0 0 0 0 0 0.639493 -4.81491 0 0.88398 0 0.88398 0 0 0 0.88398 0 0 0 0 0 0 0 0.88398 0 0 0 0 0 0 0 0 0 0 0 0 0 0 
0 0 0.639493 0 0 0 0 0 0 0 0 0 0 0 0 0 0 0 0 0 0 0 0 0 0 0 0 0 0 0 0 0 0.639493 0 -4.81491 0.88398 0 0 0.88398 0 0 0 0.88398 0 0 0 0 0 0 0 0.88398 0 0 0 0 0 0 0 0 0 0 0 0 0 
0 0 0 0.639493 0 0 0 0 0 0 0 0 0 0 0 0 0 0 0 0 0 0 0 0 0 0 0 0 0 0 0 0 0 0.639493 0.639493 -5.89639 0 0 0 1.32597 0 0 0 1.32597 0 0 0 0 0 0 0 1.32597 0 0 0 0 0 0 0 0 0 0 0 0 
0 0 0 0 0.639493 0 0 0 0 0 0 0 0 0 0 0 0 0 0 0 0 0 0 0 0 0 0 0 0 0 0 0 0.639493 0 0 0 -4.81491 0.88398 0.88398 0 0 0 0 0 0.88398 0 0 0 0 0 0 0 0.88398 0 0 0 0 0 0 0 0 0 0 0 
0 0 0 0 0 0.639493 0 0 0 0 0 0 0 0 0 0 0 0 0 0 0 0 0 0 0 0 0 0 0 0 0 0 0 0.639493 0 0 0.639493 -5.89639 0 1.32597 0 0 0 0 0 1.32597 0 0 0 0 0 0 0 1.32597 0 0 0 0 0 0 0 0 0 0 
0 0 0 0 0 0 0.639493 0 0 0 0 0 0 0 0 0 0 0 0 0 0 0 0 0 0 0 0 0 0 0 0 0 0 0 0.639493 0 0.639493 0 -5.89639 1.32597 0 0 0 0 0 0 1.32597 0 0 0 0 0 0 0 1.32597 0 0 0 0 0 0 0 0 0 
0 0 0 0 0 0 0 0.639493 0 0 0 0 0 0 0 0 0 0 0 0 0 0 0 0 0 0 0 0 0 0 0 0 0 0 0 0.639493 0 0.639493 0.639493 -6.09389 0 0 0 0 0 0 0 1.76796 0 0 0 0 0 0 0 1.76796 0 0 0 0 0 0 0 0 
0 0 0 0 0 0 0 0 0.639493 0 0 0 0 0 0 0 0 0 0 0 0 0 0 0 0 0 0 0 0 0 0 0 0.639493 0 0 0 0 0 0 0 -4.81491 0.88398 0.88398 0 0.88398 0 0 0 0 0 0 0 0 0 0 0 0.88398 0 0 0 0 0 0 0 
0 0 0 0 0 0 0 0 0 0.639493 0 0 0 0 0 0 0 0 0 0 0 0 0 0 0 0 0 0 0 0 0 0 0 0.639493 0 0 0 0 0 0 0.639493 -5.89639 0 1.32597 0 1.32597 0 0 0 0 0 0 0 0 0 0 0 1.32597 0 0 0 0 0 0 
0 0 0 0 0 0 0 0 0 0 0.639493 0 0 0 0 0 0 0 0 0 0 0 0 0 0 0 0 0 0 0 0 0 0 0 0.639493 0 0 0 0 0 0.639493 0 -5.89639 1.32597 0 0 1.32597 0 0 0 0 0 0 0 0 0 0 0 1.32597 0 0 0 0 0 
0 0 0 0 0 0 0 0 0 0 0 0.639493 0 0 0 0 0 0 0 0 0 0 0 0 0 0 0 0 0 0 0 0 0 0 0 0.639493 0 0 0 0 0 0.639493 0.639493 -6.09389 0 0 0 1.76796 0 0 0 0 0 0 0 0 0 0 0 1.76796 0 0 0 0 
0 0 0 0 0 0 0 0 0 0 0 0 0.639493 0 0 0 0 0 0 0 0 0 0 0 0 0 0 0 0 0 0 0 0 0 0 0 0.639493 0 0 0 0.639493 0 0 0 -5.89639 1.32597 1.32597 0 0 0 0 0 0 0 0 0 0 0 0 0 1.32597 0 0 0 
0 0 0 0 0 0 0 0 0 0 0 0 0 0.639493 0 0 0 0 0 0 0 0 0 0 0 0 0 0 0 0 0 0 0 0 0 0 0 0.639493 0 0 0 0.639493 0 0 0.639493 -6.09389 0 1.76796 0 0 0 0 0 0 0 0 0 0 0 0 0 1.76796 0 0 
0 0 0 0 0 0 0 0 0 0 0 0 0 0 0.639493 0 0 0 0 0 0 0 0 0 0 0 0 0 0 0 0 0 0 0 0 0 0 0 0.639493 0 0 0 0.639493 0 0.639493 0 -6.09389 1.76796 0 0 0 0 0 0 0 0 0 0 0 0 0 0 1.76796 0 
0 0 0 0 0 0 0 0 0 0 0 0 0 0 0 0.639493 0 0 0 0 0 0 0 0 0 0 0 0 0 0 0 0 0 0 0 0 0 0 0 0.639493 0 0 0 0.639493 0 0.639493 0.639493 -5.40741 0 0 0 0 0 0 0 0 0 0 0 0 0 0 0 2.20995 
0 0 0 0 0 0 0 0 0 0 0 0 0 0 0 0 0.639493 0 0 0 0 0 0 0 0 0 0 0 0 0 0 0 0.639493 0 0 0 0 0 0 0 0 0 0 0 0 0 0 0 -4.81491 0.88398 0.88398 0 0.88398 0 0 0 0.88398 0 0 0 0 0 0 0 
0 0 0 0 0 0 0 0 0 0 0 0 0 0 0 0 0 0.639493 0 0 0 0 0 0 0 0 0 0 0 0 0 0 0 0.639493 0 0 0 0 0 0 0 0 0 0 0 0 0 0 0.639493 -5.89639 0 1.32597 0 1.32597 0 0 0 1.32597 0 0 0 0 0 0 
0 0 0 0 0 0 0 0 0 0 0 0 0 0 0 0 0 0 0.639493 0 0 0 0 0 0 0 0 0 0 0 0 0 0 0 0.639493 0 0 0 0 0 0 0 0 0 0 0 0 0 0.639493 0 -5.89639 1.32597 0 0 1.32597 0 0 0 1.32597 0 0 0 0 0 
0 0 0 0 0 0 0 0 0 0 0 0 0 0 0 0 0 0 0 0.639493 0 0 0 0 0 0 0 0 0 0 0 0 0 0 0 0.639493 0 0 0 0 0 0 0 0 0 0 0 0 0 0.639493 0.639493 -6.09389 0 0 0 1.76796 0 0 0 1.76796 0 0 0 0 
0 0 0 0 0 0 0 0 0 0 0 0 0 0 0 0 0 0 0 0 0.639493 0 0 0 0 0 0 0 0 0 0 0 0 0 0 0 0.639493 0 0 0 0 0 0 0 0 0 0 0 0.639493 0 0 0 -5.89639 1.32597 1.32597 0 0 0 0 0 1.32597 0 0 0 
0 0 0 0 0 0 0 0 0 0 0 0 0 0 0 0 0 0 0 0 0 0.639493 0 0 0 0 0 0 0 0 0 0 0 0 0 0 0 0.639493 0 0 0 0 0 0 0 0 0 0 0 0.639493 0 0 0.639493 -6.09389 0 1.76796 0 0 0 0 0 1.76796 0 0 
0 0 0 0 0 0 0 0 0 0 0 0 0 0 0 0 0 0 0 0 0 0 0.639493 0 0 0 0 0 0 0 0 0 0 0 0 0 0 0 0.639493 0 0 0 0 0 0 0 0 0 0 0 0.639493 0 0.639493 0 -6.09389 1.76796 0 0 0 0 0 0 1.76796 0 
0 0 0 0 0 0 0 0 0 0 0 0 0 0 0 0 0 0 0 0 0 0 0 0.639493 0 0 0 0 0 0 0 0 0 0 0 0 0 0 0 0.639493 0 0 0 0 0 0 0 0 0 0 0 0.639493 0 0.639493 0.639493 -5.40741 0 0 0 0 0 0 0 2.20995 
0 0 0 0 0 0 0 0 0 0 0 0 0 0 0 0 0 0 0 0 0 0 0 0 0.639493 0 0 0 0 0 0 0 0 0 0 0 0 0 0 0 0.639493 0 0 0 0 0 0 0 0.639493 0 0 0 0 0 0 0 -5.89639 1.32597 1.32597 0 1.32597 0 0 0 
0 0 0 0 0 0 0 0 0 0 0 0 0 0 0 0 0 0 0 0 0 0 0 0 0 0.639493 0 0 0 0 0 0 0 0 0 0 0 0 0 0 0 0.639493 0 0 0 0 0 0 0 0.639493 0 0 0 0 0 0 0.639493 -6.09389 0 1.76796 0 1.76796 0 0 
0 0 0 0 0 0 0 0 0 0 0 0 0 0 0 0 0 0 0 0 0 0 0 0 0 0 0.639493 0 0 0 0 0 0 0 0 0 0 0 0 0 0 0 0.639493 0 0 0 0 0 0 0 0.639493 0 0 0 0 0 0.639493 0 -6.09389 1.76796 0 0 1.76796 0 
0 0 0 0 0 0 0 0 0 0 0 0 0 0 0 0 0 0 0 0 0 0 0 0 0 0 0 0.639493 0 0 0 0 0 0 0 0 0 0 0 0 0 0 0 0.639493 0 0 0 0 0 0 0 0.639493 0 0 0 0 0 0.639493 0.639493 -5.40741 0 0 0 2.20995 
0 0 0 0 0 0 0 0 0 0 0 0 0 0 0 0 0 0 0 0 0 0 0 0 0 0 0 0 0.639493 0 0 0 0 0 0 0 0 0 0 0 0 0 0 0 0.639493 0 0 0 0 0 0 0 0.639493 0 0 0 0.639493 0 0 0 -6.09389 1.76796 1.76796 0 
0 0 0 0 0 0 0 0 0 0 0 0 0 0 0 0 0 0 0 0 0 0 0 0 0 0 0 0 0 0.639493 0 0 0 0 0 0 0 0 0 0 0 0 0 0 0 0.639493 0 0 0 0 0 0 0 0.639493 0 0 0 0.639493 0 0 0.639493 -5.40741 0 2.20995 
0 0 0 0 0 0 0 0 0 0 0 0 0 0 0 0 0 0 0 0 0 0 0 0 0 0 0 0 0 0 0.639493 0 0 0 0 0 0 0 0 0 0 0 0 0 0 0 0.639493 0 0 0 0 0 0 0 0.639493 0 0 0 0.639493 0 0.639493 0 -5.40741 2.20995 
0 0 0 0 0 0 0 0 0 0 0 0 0 0 0 0 0 0 0 0 0 0 0 0 0 0 0 0 0 0 0 0.639493 0 0 0 0 0 0 0 0 0 0 0 0 0 0 0 0.639493 0 0 0 0 0 0 0 0.639493 0 0 0 0.639493 0 0.639493 0.639493 -3.83696 
