64
-0 0 0 0 0 0 0 0 0 0 0 0 0 0 0 0 0 0 0 0 0 0 0 0 0 0 0 0 0 0 0 0 0 0 0 0 0 0 0 0 0 0 0 0 0 0 0 0 0 0 0 0 0 0 0 0 0 0 0 0 0 0 0 0 
0.858376 -4.21416 0 0.671157 0 0.671157 0 0 0 0.671157 0 0 0 0 0 0 0 0.671157 0 0 0 0 0 0 0 0 0 0 0 0 0 0 0 0.671157 0 0 0 0 0 0 0 0 0 0 0 0 0 0 0 0 0 0 0 0 0 0 0 0 0 0 0 0 0 0 
0.858376 0 -4.21416 0.671157 0 0 0.671157 0 0 0 0.671157 0 0 0 0 0 0 0 0.671157 0 0 0 0 0 0 0 0 0 0 0 0 0 0 0 0.671157 0 0 0 0 0 0 0 0 0 0 0 0 0 0 0 0 0 0 0 0 0 0 0 0 0 0 0 0 0 
0 0.858376 0.858376 -7.08601 0 0 0 1.34231 0 0 0 1.34231 0 0 0 0 0 0 0 1.34231 0 0 0 0 0 0 0 0 0 0 0 0 0 0 0 1.34231 0 0 0 0 0 0 0 0 0 0 0 0 0 0 0 0 0 0 0 0 0 0 0 0 0 0 0 0 
0.858376 0 0 0 -4.21416 0.671157 0.671157 0 0 0 0 0 0.671157 0 0 0 0 0 0 0 0.671157 0 0 0 0 0 0 0 0 0 0 0 0 0 0 0 0.671157 0 0 0 0 0 0 0 0 0 0 0 0 0 0 0 0 0 0 0 0 0 0 0 0 0 0 0 
0 0.858376 0 0 0.858376 -7.08601 0 1.34231 0 0 0 0 0 1.34231 0 0 0 0 0 0 0 1.34231 0 0 0 0 0 0 0 0 0 0 0 0 0 0 0 1.34231 0 0 0 0 0 0 0 0 0 0 0 0 0 0 0 0 0 0 0 0 0 0 0 0 0 0 
0 0 0.858376 0 0.858376 0 -7.08601 1.34231 0 0 0 0 0 0 1.34231 0 0 0 0 0 0 0 1.34231 0 0 0 0 0 0 0 0 0 0 0 0 0 0 0 1.34231 0 0 0 0 0 0 0 0 0 0 0 0 0 0 0 0 0 0 0 0 0 0 0 0 0 
0 0 0 0.858376 0 0.858376 0.858376 -8.61554 0 0 0 0 0 0 0 2.01347 0 0 0 0 0 0 0 2.01347 0 0 0 0 0 0 0 0 0 0 0 0 0 0 0 2.01347 0 0 0 0 0 0 0 0 0 0 0 0 0 0 0 0 0 0 0 0 0 0 0 0 
0.858376 0 0 0 0 0 0 0 -4.21416 0.671157 0.671157 0 0.671157 0 0 0 0 0 0 0 0 0 0 0 0.671157 0 0 0 0 0 0 0 0 0 0 0 0 0 0 0 0.671157 0 0 0 0 0 0 0 0 0 0 0 0 0 0 0 0 0 0 0 0 0 0 0 
0 0.858376 0 0 0 0 0 0 0.858376 -7.08601 0 1.34231 0 1.34231 0 0 0 0 0 0 0 0 0 0 0 1.34231 0 0 0 0 0 0 0 0 0 0 0 0 0 0 0 1.34231 0 0 0 0 0 0 0 0 0 0 0 0 0 0 0 0 0 0 0 0 0 0 
0 0 0.858376 0 0 0 0 0 0.858376 0 -7.08601 1.34231 0 0 1.34231 0 0 0 0 0 0 0 0 0 0 0 1.34231 0 0 0 0 0 0 0 0 0 0 0 0 0 0 0 1.34231 0 0 0 0 0 0 0 0 0 0 0 0 0 0 0 0 0 0 0 0 0 
0 0 0 0.858376 0 0 0 0 0 0.858376 0.858376 -8.61554 0 0 0 2.01347 0 0 0 0 0 0 0 0 0 0 0 2.01347 0 0 0 0 0 0 0 0 0 0 0 0 0 0 0 2.01347 0 0 0 0 0 0 0 0 0 0 0 0 0 0 0 0 0 0 0 0 
0 0 0 0 0.858376 0 0 0 0.858376 0 0 0 -7.08601 1.34231 1.34231 0 0 0 0 0 0 0 0 0 0 0 0 0 1.34231 0 0 0 0 0 0 0 0 0 0 0 0 0 0 0 1.34231 0 0 0 0 0 0 0 0 0 0 0 0 0 0 0 0 0 0 0 
0 0 0 0 0 0.858376 0 0 0 0.858376 0 0 0.858376 -8.61554 0 2.01347 0 0 0 0 0 0 0 0 0 0 0 0 0 2.01347 0 0 0 0 0 0 0 0 0 0 0 0 0 0 0 2.01347 0 0 0 0 0 0 0 0 0 0 0 0 0 0 0 0 0 0 
0 0 0 0 0 0 0.858376 0 0 0 0.858376 0 0.858376 0 -8.61554 2.01347 0 0 0 0 0 0 0 0 0 0 0 0 0 0 2.01347 0 0 0 0 0 0 0 0 0 0 0 0 0 0 0 2.01347 0 0 0 0 0 0 0 0 0 0 0 0 0 0 0 0 0 
0 0 0 0 0 0 0 0.858376 0 0 0 0.858376 0 0.858376 0.858376 -8.80276 0 0 0 0 0 0 0 0 0 0 0 0 0 0 0 2.68463 0 0 0 0 0 0 0 0 0 0 0 0 0 0 0 2.68463 0 0 0 0 0 0 0 0 0 0 0 0 0 0 0 0 
0.858376 0 0 0 0 0 0 0 0 0 0 0 0 0 0 0 -4.21416 0.671157 0.671157 0 0.671157 0 0 0 0.671157 0 0 0 0 0 0 0 0 0 0 0 0 0 0 0 0 0 0 0 0 0 0 0 0.671157 0 0 0 0 0 0 0 0 0 0 0 0 0 0 0 
0 0.858376 0 0 0 0 0 0 0 0 0 0 0 0 0 0 0.858376 -7.08601 0 1.34231 0 1.34231 0 0 0 1.34231 0 0 0 0 0 0 0 0 0 0 0 0 0 0 0 0 0 0 0 0 0 0 0 1.34231 0 0 0 0 0 0 0 0 0 0 0 0 0 0 
0 0 0.858376 0 0 0 0 0 0 0 0 0 0 0 0 0 0.858376 0 -7.08601 1.34231 0 0 1.34231 0 0 0 1.34231 0 0 0 0 0 0 0 0 0 0 0 0 0 0 0 0 0 0 0 0 0 0 0 1.34231 0 0 0 0 0 0 0 0 0 0 0 0 0 
0 0 0 0.858376 0 0 0 0 0 0 0 0 0 0 0 0 0 0.858376 0.858376 -8.61554 0 0 0 2.01347 0 0 0 2.01347 0 0 0 0 0 0 0 0 0 0 0 0 0 0 0 0 0 0 0 0 0 0 0 2.01347 0 0 0 0 0 0 0 0 0 0 0 0 
0 0 0 0 0.858376 0 0 0 0 0 0 0 0 0 0 0 0.858376 0 0 0 -7.08601 1.34231 1.34231 0 0 0 0 0 1.34231 0 0 0 0 0 0 0 0 0 0 0 0 0 0 0 0 0 0 0 0 0 0 0 1.34231 0 0 0 0 0 0 0 0 0 0 0 
0 0 0 0 0 0.858376 0 0 0 0 0 0 0 0 0 0 0 0.858376 0 0 0.858376 -8.61554 0 2.01347 0 0 0 0 0 2.01347 0 0 0 0 0 0 0 0 0 0 0 0 0 0 0 0 0 0 0 0 0 0 0 2.01347 0 0 0 0 0 0 0 0 0 0 
0 0 0 0 0 0 0.858376 0 0 0 0 0 0 0 0 0 0 0 0.858376 0 0.858376 0 -8.61554 2.01347 0 0 0 0 0 0 2.01347 0 0 0 0 0 0 0 0 0 0 0 0 0 0 0 0 0 0 0 0 0 0 0 2.01347 0 0 0 0 0 0 0 0 0 
0 0 0 0 0 0 0 0.858376 0 0 0 0 0 0 0 0 0 0 0 0.858376 0 0.858376 0.858376 -8.80276 0 0 0 0 0 0 0 2.68463 0 0 0 0 0 0 0 0 0 0 0 0 0 0 0 0 0 0 0 0 0 0 0 2.68463 0 0 0 0 0 0 0 0 
0 0 0 0 0 0 0 0 0.858376 0 0 0 0 0 0 0 0.858376 0 0 0 0 0 0 0 -7.08601 1.34231 1.34231 0 1.34231 0 0 0 0 0 0 0 0 0 0 0 0 0 0 0 0 0 0 0 0 0 0 0 0 0 0 0 1.34231 0 0 0 0 0 0 0 
0 0 0 0 0 0 0 0 0 0.858376 0 0 0 0 0 0 0 0.858376 0 0 0 0 0 0 0.858376 -8.61554 0 2.01347 0 2.01347 0 0 0 0 0 0 0 0 0 0 0 0 0 0 0 0 0 0 0 0 0 0 0 0 0 0 0 2.01347 0 0 0 0 0 0 
0 0 0 0 0 0 0 0 0 0 0.858376 0 0 0 0 0 0 0 0.858376 0 0 0 0 0 0.858376 0 -8.61554 2.01347 0 0 2.01347 0 0 0 0 0 0 0 0 0 0 0 0 0 0 0 0 0 0 0 0 0 0 0 0 0 0 0 2.01347 0 0 0 0 0 
0 0 0 0 0 0 0 0 0 0 0 0.858376 0 0 0 0 0 0 0 0.858376 0 0 0 0 0 0.858376 0.858376 -8.80276 0 0 0 2.68463 0 0 0 0 0 0 0 0 0 0 0 0 0 0 0 0 0 0 0 0 0 0 0 0 0 0 0 2.68463 0 0 0 0 
0 0 0 0 0 0 0 0 0 0 0 0 0.858376 0 0 0 0 0 0 0 0.858376 0 0 0 0.858376 0 0 0 -8.61554 2.01347 2.01347 0 0 0 0 0 0 0 0 0 0 0 0 0 0 0 0 0 0 0 0 0 0 0 0 0 0 0 0 0 2.01347 0 0 0 
0 0 0 0 0 0 0 0 0 0 0 0 0 0.858376 0 0 0 0 0 0 0 0.858376 0 0 0 0.858376 0 0 0.858376 -8.80276 0 2.68463 0 0 0 0 0 0 0 0 0 0 0 0 0 0 0 0 0 0 0 0 0 0 0 0 0 0 0 0 0 2.68463 0 0 
0 0 0 0 0 0 0 0 0 0 0 0 0 0 0.858376 0 0 0 0 0 0 0 0.858376 0 0 0 0.858376 0 0.858376 0 -8.80276 2.68463 0 0 0 0 0 0 0 0 0 0 0 0 0 0 0 0 0 0 0 0 0 0 0 0 0 0 0 0 0 0 2.68463 0 
0 0 0 0 0 0 0 0 0 0 0 0 0 0 0 0.858376 0 0 0 0 0 0 0 0.858376 0 0 0 0.858376 0 0.858376 0.858376 -7.64766 0 0 0 0 0 0 0 0 0 0 0 0 0 0 0 0 0 0 0 0 0 0 0 0 0 0 0 0 0 0 0 3.35579 
0.858376 0 0 0 0 0 0 0 0 0 0 0 0 0 0 0 0 0 0 0 0 0 0 0 0 0 0 0 0 0 0 0 -4.21416 0.671157 0.671157 0 0.671157 0 0 0 0.671157 0 0 0 0 0 0 0 0.671157 0 0 0 0 0 0 0 0 0 0 0 0 0 0 0 
0 0.858376 0 0 0 0 0 0 0 0 0 0 0 0 0 0 0 0 0 0 0 0 0 0 0 0 0 0 0 0 0 0 0.858376 -7.08601 0 1.34231 0 1.34231 0 0 0 1.34231 0 0 0 0 0 0 0 1.34231 0 0 0 0 0 0 0 0 0 0 0 0 0 0 
0 0 0.858376 0 0 0 0 0 0 0 0 0 0 0 0 0 0 0 0 0 0 0 0 0 0 0 0 0 0 0 0 0 0.858376 0 -7.08601 1.34231 0 0 1.34231 0 0 0 1.34231 0 0 0 0 0 0 0 1.34231 0 0 0 0 0 0 0 0 0 0 0 0 0 
0 0 0 0.858376 0 0 0 0 0 0 0 0 0 0 0 0 0 0 0 0 0 0 0 0 0 0 0 0 0 0 0 0 0 0.858376 0.858376 -8.61554 0 0 0 2.01347 0 0 0 2.01347 0 0 0 0 0 0 0 2.01347 0 0 0 0 0 0 0 0 0 0 0 0 
0 0 0 0 0.858376 0 0 0 0 0 0 0 0 0 0 0 0 0 0 0 0 0 0 0 0 0 0 0 0 0 0 0 0.858376 0 0 0 -7.08601 1.34231 1.34231 0 0 0 0 0 1.34231 0 0 0 0 0 0 0 1.34231 0 0 0 0 0 0 0 0 0 0 0 
0 0 0 0 0 0.858376 0 0 0 0 0 0 0 0 0 0 0 0 0 0 0 0 0 0 0 0 0 0 0 0 0 0 0 0.858376 0 0 0.858376 -8.61554 0 2.01347 0 0 0 0 0 2.01347 0 0 0 0 0 0 0 2.01347 0 0 0 0 0 0 0 0 0 0 
0 0 0 0 0 0 0.858376 0 0 0 0 0 0 0 0 0 0 0 0 0 0 0 0 0 0 0 0 0 0 0 0 0 0 0 0.858376 0 0.858376 0 -8.61554 2.01347 0 0 0 0 0 0 2.01347 0 0 0 0 0 0 0 2.01347 0 0 0 0 0 0 0 0 0 
0 0 0 0 0 0 0 0.858376 0 0 0 0 0 0 0 0 0 0 0 0 0 0 0 0 0 0 0 0 0 0 0 0 0 0 0 0.858376 0 0.858376 0.858376 -8.80276 0 0 0 0 0 0 0 2.68463 0 0 0 0 0 0 0 2.68463 0 0 0 0 0 0 0 0 
0 0 0 0 0 0 0 0 0.858376 0 0 0 0 0 0 0 0 0 0 0 0 0 0 0 0 0 0 0 0 0 0 0 0.858376 0 0 0 0 0 0 0 -7.08601 1.34231 1.34231 0 1.34231 0 0 0 0 0 0 0 0 0 0 0 1.34231 0 0 0 0 0 0 0 
0 0 0 0 0 0 0 0 0 0.858376 0 0 0 0 0 0 0 0 0 0 0 0 0 0 0 0 0 0 0 0 0 0 0 0.858376 0 0 0 0 0 0 0.858376 -8.61554 0 2.01347 0 2.01347 0 0 0 0 0 0 0 0 0 0 0 2.01347 0 0 0 0 0 0 
0 0 0 0 0 0 0 0 0 0 0.858376 0 0 0 0 0 0 0 0 0 0 0 0 0 0 0 0 0 0 0 0 0 0 0 0.858376 0 0 0 0 0 0.858376 0 -8.61554 2.01347 0 0 2.01347 0 0 0 0 0 0 0 0 0 0 0 2.01347 0 0 0 0 0 
0 0 0 0 0 0 0 0 0 0 0 0.858376 0 0 0 0 0 0 0 0 0 0 0 0 0 0 0 0 0 0 0 0 0 0 0 0.858376 0 0 0 0 0 0.858376 0.858376 -8.80276 0 0 0 2.68463 0 0 0 0 0 0 0 0 0 0 0 2.68463 0 0 0 0 
0 0 0 0 0 0 0 0 0 0 0 0 0.858376 0 0 0 0 0 0 0 0 0 0 0 0 0 0 0 0 0 0 0 0 0 0 0 0.858376 0 0 0 0.858376 0 0 0 -8.61554 2.01347 2.01347 0 0 0 0 0 0 0 0 0 0 0 0 0 2.01347 0 0 0 
0 0 0 0 0 0 0 0 0 0 0 0 0 0.858376 0 0 0 0 0 0 0 0 0 0 0 0 0 0 0 0 0 0 0 0 0 0 0 0.858376 0 0 0 0.858376 0 0 0.858376 -8.80276 0 2.68463 0 0 0 0 0 0 0 0 0 0 0 0 0 2.68463 0 0 
0 0 0 0 0 0 0 0 0 0 0 0 0 0 0.858376 0 0 0 0 0 0 0 0 0 0 0 0 0 0 0 0 0 0 0 0 0 0 0 0.858376 0 0 0 0.858376 0 0.858376 0 -8.80276 2.68463 0 0 0 0 0 0 0 0 0 0 0 0 0 0 2.68463 0 
0 0 0 0 0 0 0 0 0 0 0 0 0 0 0 0.858376 0 0 0 0 0 0 0 0 0 0 0 0 0 0 0 0 0 0 0 0 0 0 0 0.858376 0 0 0 0.858376 0 0.858376 0.858376 -7.64766 0 0 0 0 0 0 0 0 0 0 0 0 0 0 0 3.35579 
0 0 0 0 0 0 0 0 0 0 0 0 0 0 0 0 0.858376 0 0 0 0 0 0 0 0 0 0 0 0 0 0 0 0.858376 0 0 0 0 0 0 0 0 0 0 0 0 0 0 0 -7.08601 1.34231 1.34231 0 1.34231 0 0 0 1.34231 0 0 0 0 0 0 0 
0 0 0 0 0 0 0 0 0 0 0 0 0 0 0 0 0 0.858376 0 0 0 0 0 0 0 0 0 0 0 0 0 0 0 0.858376 0 0 0 0 0 0 0 0 0 0 0 0 0 0 0.858376 -8.61554 0 2.01347 0 2.01347 0 0 0 2.01347 0 0 0 0 0 0 
0 0 0 0 0 0 0 0 0 0 0 0 0 0 0 0 0 0 0.858376 0 0 0 0 0 0 0 0 0 0 0 0 0 0 0 0.858376 0 0 0 0 0 0 0 0 0 0 0 0 0 0.858376 0 -8.61554 2.01347 0 0 2.01347 0 0 0 2.01347 0 0 0 0 0 
0 0 0 0 0 0 0 0 0 0 0 0 0 0 0 0 0 0 0 0.858376 0 0 0 0 0 0 0 0 0 0 0 0 0 0 0 0.858376 0 0 0 0 0 0 0 0 0 0 0 0 0 0.858376 0.858376 -8.80276 0 0 0 2.68463 0 0 0 2.68463 0 0 0 0 
0 0 0 0 0 0 0 0 0 0 0 0 0 0 0 0 0 0 0 0 0.858376 0 0 0 0 0 0 0 0 0 0 0 0 0 0 0 0.858376 0 0 0 0 0 0 0 0 0 0 0 0.858376 0 0 0 -8.61554 2.01347 2.01347 0 0 0 0 0 2.01347 0 0 0 
0 0 0 0 0 0 0 0 0 0 0 0 0 0 0 0 0 0 0 0 0 0.858376 0 0 0 0 0 0 0 0 0 0 0 0 0 0 0 0.858376 0 0 0 0 0 0 0 0 0 0 0 0.858376 0 0 0.858376 -8.80276 0 2.68463 0 0 0 0 0 2.68463 0 0 
0 0 0 0 0 0 0 0 0 0 0 0 0 0 0 0 0 0 0 0 0 0 0.858376 0 0 0 0 0 0 0 0 0 0 0 0 0 0 0 0.858376 0 0 0 0 0 0 0 0 0 0 0 0.858376 0 0.858376 0 -8.80276 2.68463 0 0 0 0 0 0 2.68463 0 
0 0 0 0 0 0 0 0 0 0 0 0 0 0 0 0 0 0 0 0 0 0 0 0.858376 0 0 0 0 0 0 0 0 0 0 0 0 0 0 0 0.858376 0 0 0 0 0 0 0 0 0 0 0 0.858376 0 0.858376 0.858376 -7.64766 0 0 0 0 0 0 0 3.35579 
0 0 0 0 0 0 0 0 0 0 0 0 0 0 0 0 0 0 0 0 0 0 0 0 0.858376 0 0 0 0 0 0 0 0 0 0 0 0 0 0 0 0.858376 0 0 0 0 0 0 0 0.858376 0 0 0 0 0 0 0 -8.61554 2.01347 2.01347 0 2.01347 0 0 0 
0 0 0 0 0 0 0 0 0 0 0 0 0 0 0 0 0 0 0 0 0 0 0 0 0 0.858376 0 0 0 0 0 0 0 0 0 0 0 0 0 0 0 0.858376 0 0 0 0 0 0 0 0.858376 0 0 0 0 0 0 0.858376 -8.80276 0 2.68463 0 2.68463 0 0 
0 0 0 0 0 0 0 0 0 0 0 0 0 0 0 0 0 0 0 0 0 0 0 0 0 0 0.858376 0 0 0 0 0 0 0 0 0 0 0 0 0 0 0 0.858376 0 0 0 0 0 0 0 0.858376 0 0 0 0 0 0.858376 0 -8.80276 2.68463 0 0 2.68463 0 
0 0 0 0 0 0 0 0 0 0 0 0 0 0 0 0 0 0 0 0 0 0 0 0 0 0 0 0.858376 0 0 0 0 0 0 0 0 0 0 0 0 0 0 0 0.858376 0 0 0 0 0 0 0 0.858376 0 0 0 0 0 0.858376 0.858376 -7.64766 0 0 0 3.35579 
0 0 0 0 0 0 0 0 0 0 0 0 0 0 0 0 0 0 0 0 0 0 0 0 0 0 0 0 0.858376 0 0 0 0 0 0 0 0 0 0 0 0 0 0 0 0.858376 0 0 0 0 0 0 0 0.858376 0 0 0 0.858376 0 0 0 -8.80276 2.68463 2.68463 0 
0 0 0 0 0 0 0 0 0 0 0 0 0 0 0 0 0 0 0 0 0 0 0 0 0 0 0 0 0 0.858376 0 0 0 0 0 0 0 0 0 0 0 0 0 0 0 0.858376 0 0 0 0 0 0 0 0.858376 0 0 0 0.858376 0 0 0.858376 -7.64766 0 3.35579 
0 0 0 0 0 0 0 0 0 0 0 0 0 0 0 0 0 0 0 0 0 0 0 0 0 0 0 0 0 0 0.858376 0 0 0 0 0 0 0 0 0 0 0 0 0 0 0 0.858376 0 0 0 0 0 0 0 0.858376 0 0 0 0.858376 0 0.858376 0 -7.64766 3.35579 
0 0 0 0 0 0 0 0 0 0 0 0 0 0 0 0 0 0 0 0 0 0 0 0 0 0 0 0 0 0 0 0.858376 0 0 0 0 0 0 0 0 0 0 0 0 0 0 0 0.858376 0 0 0 0 0 0 0 0.858376 0 0 0 0.858376 0 0.858376 0.858376 -5.15025 
