64
-0 0 0 0 0 0 0 0 0 0 0 0 0 0 0 0 0 0 0 0 0 0 0 0 0 0 0 0 0 0 0 0 0 0 0 0 0 0 0 0 0 0 0 0 0 0 0 0 0 0 0 0 0 0 0 0 0 0 0 0 0 0 0 0 
0.364249 -1.912 0 0.309549 0 0.309549 0 0 0 0.309549 0 0 0 0 0 0 0 0.309549 0 0 0 0 0 0 0 0 0 0 0 0 0 0 0 0.309549 0 0 0 0 0 0 0 0 0 0 0 0 0 0 0 0 0 0 0 0 0 0 0 0 0 0 0 0 0 0 
0.364249 0 -1.912 0.309549 0 0 0.309549 0 0 0 0.309549 0 0 0 0 0 0 0 0.309549 0 0 0 0 0 0 0 0 0 0 0 0 0 0 0 0.309549 0 0 0 0 0 0 0 0 0 0 0 0 0 0 0 0 0 0 0 0 0 0 0 0 0 0 0 0 0 
0 0.364249 0.364249 -3.20489 0 0 0 0.619099 0 0 0 0.619099 0 0 0 0 0 0 0 0.619099 0 0 0 0 0 0 0 0 0 0 0 0 0 0 0 0.619099 0 0 0 0 0 0 0 0 0 0 0 0 0 0 0 0 0 0 0 0 0 0 0 0 0 0 0 0 
0.364249 0 0 0 -1.912 0.309549 0.309549 0 0 0 0 0 0.309549 0 0 0 0 0 0 0 0.309549 0 0 0 0 0 0 0 0 0 0 0 0 0 0 0 0.309549 0 0 0 0 0 0 0 0 0 0 0 0 0 0 0 0 0 0 0 0 0 0 0 0 0 0 0 
0 0.364249 0 0 0.364249 -3.20489 0 0.619099 0 0 0 0 0 0.619099 0 0 0 0 0 0 0 0.619099 0 0 0 0 0 0 0 0 0 0 0 0 0 0 0 0.619099 0 0 0 0 0 0 0 0 0 0 0 0 0 0 0 0 0 0 0 0 0 0 0 0 0 0 
0 0 0.364249 0 0.364249 0 -3.20489 0.619099 0 0 0 0 0 0 0.619099 0 0 0 0 0 0 0 0.619099 0 0 0 0 0 0 0 0 0 0 0 0 0 0 0 0.619099 0 0 0 0 0 0 0 0 0 0 0 0 0 0 0 0 0 0 0 0 0 0 0 0 0 
0 0 0 0.364249 0 0.364249 0.364249 -3.87869 0 0 0 0 0 0 0 0.928648 0 0 0 0 0 0 0 0.928648 0 0 0 0 0 0 0 0 0 0 0 0 0 0 0 0.928648 0 0 0 0 0 0 0 0 0 0 0 0 0 0 0 0 0 0 0 0 0 0 0 0 
0.364249 0 0 0 0 0 0 0 -1.912 0.309549 0.309549 0 0.309549 0 0 0 0 0 0 0 0 0 0 0 0.309549 0 0 0 0 0 0 0 0 0 0 0 0 0 0 0 0.309549 0 0 0 0 0 0 0 0 0 0 0 0 0 0 0 0 0 0 0 0 0 0 0 
0 0.364249 0 0 0 0 0 0 0.364249 -3.20489 0 0.619099 0 0.619099 0 0 0 0 0 0 0 0 0 0 0 0.619099 0 0 0 0 0 0 0 0 0 0 0 0 0 0 0 0.619099 0 0 0 0 0 0 0 0 0 0 0 0 0 0 0 0 0 0 0 0 0 0 
0 0 0.364249 0 0 0 0 0 0.364249 0 -3.20489 0.619099 0 0 0.619099 0 0 0 0 0 0 0 0 0 0 0 0.619099 0 0 0 0 0 0 0 0 0 0 0 0 0 0 0 0.619099 0 0 0 0 0 0 0 0 0 0 0 0 0 0 0 0 0 0 0 0 0 
0 0 0 0.364249 0 0 0 0 0 0.364249 0.364249 -3.87869 0 0 0 0.928648 0 0 0 0 0 0 0 0 0 0 0 0.928648 0 0 0 0 0 0 0 0 0 0 0 0 0 0 0 0.928648 0 0 0 0 0 0 0 0 0 0 0 0 0 0 0 0 0 0 0 0 
0 0 0 0 0.364249 0 0 0 0.364249 0 0 0 -3.20489 0.619099 0.619099 0 0 0 0 0 0 0 0 0 0 0 0 0 0.619099 0 0 0 0 0 0 0 0 0 0 0 0 0 0 0 0.619099 0 0 0 0 0 0 0 0 0 0 0 0 0 0 0 0 0 0 0 
0 0 0 0 0 0.364249 0 0 0 0.364249 0 0 0.364249 -3.87869 0 0.928648 0 0 0 0 0 0 0 0 0 0 0 0 0 0.928648 0 0 0 0 0 0 0 0 0 0 0 0 0 0 0 0.928648 0 0 0 0 0 0 0 0 0 0 0 0 0 0 0 0 0 0 
0 0 0 0 0 0 0.364249 0 0 0 0.364249 0 0.364249 0 -3.87869 0.928648 0 0 0 0 0 0 0 0 0 0 0 0 0 0 0.928648 0 0 0 0 0 0 0 0 0 0 0 0 0 0 0 0.928648 0 0 0 0 0 0 0 0 0 0 0 0 0 0 0 0 0 
0 0 0 0 0 0 0 0.364249 0 0 0 0.364249 0 0.364249 0.364249 -3.93339 0 0 0 0 0 0 0 0 0 0 0 0 0 0 0 1.2382 0 0 0 0 0 0 0 0 0 0 0 0 0 0 0 1.2382 0 0 0 0 0 0 0 0 0 0 0 0 0 0 0 0 
0.364249 0 0 0 0 0 0 0 0 0 0 0 0 0 0 0 -1.912 0.309549 0.309549 0 0.309549 0 0 0 0.309549 0 0 0 0 0 0 0 0 0 0 0 0 0 0 0 0 0 0 0 0 0 0 0 0.309549 0 0 0 0 0 0 0 0 0 0 0 0 0 0 0 
0 0.364249 0 0 0 0 0 0 0 0 0 0 0 0 0 0 0.364249 -3.20489 0 0.619099 0 0.619099 0 0 0 0.619099 0 0 0 0 0 0 0 0 0 0 0 0 0 0 0 0 0 0 0 0 0 0 0 0.619099 0 0 0 0 0 0 0 0 0 0 0 0 0 0 
0 0 0.364249 0 0 0 0 0 0 0 0 0 0 0 0 0 0.364249 0 -3.20489 0.619099 0 0 0.619099 0 0 0 0.619099 0 0 0 0 0 0 0 0 0 0 0 0 0 0 0 0 0 0 0 0 0 0 0 0.619099 0 0 0 0 0 0 0 0 0 0 0 0 0 
0 0 0 0.364249 0 0 0 0 0 0 0 0 0 0 0 0 0 0.364249 0.364249 -3.87869 0 0 0 0.928648 0 0 0 0.928648 0 0 0 0 0 0 0 0 0 0 0 0 0 0 0 0 0 0 0 0 0 0 0 0.928648 0 0 0 0 0 0 0 0 0 0 0 0 
0 0 0 0 0.364249 0 0 0 0 0 0 0 0 0 0 0 0.364249 0 0 0 -3.20489 0.619099 0.619099 0 0 0 0 0 0.619099 0 0 0 0 0 0 0 0 0 0 0 0 0 0 0 0 0 0 0 0 0 0 0 0.619099 0 0 0 0 0 0 0 0 0 0 0 
0 0 0 0 0 0.364249 0 0 0 0 0 0 0 0 0 0 0 0.364249 0 0 0.364249 -3.87869 0 0.928648 0 0 0 0 0 0.928648 0 0 0 0 0 0 0 0 0 0 0 0 0 0 0 0 0 0 0 0 0 0 0 0.928648 0 0 0 0 0 0 0 0 0 0 
0 0 0 0 0 0 0.364249 0 0 0 0 0 0 0 0 0 0 0 0.364249 0 0.364249 0 -3.87869 0.928648 0 0 0 0 0 0 0.928648 0 0 0 0 0 0 0 0 0 0 0 0 0 0 0 0 0 0 0 0 0 0 0 0.928648 0 0 0 0 0 0 0 0 0 
0 0 0 0 0 0 0 0.364249 0 0 0 0 0 0 0 0 0 0 0 0.364249 0 0.364249 0.364249 -3.93339 0 0 0 0 0 0 0 1.2382 0 0 0 0 0 0 0 0 0 0 0 0 0 0 0 0 0 0 0 0 0 0 0 1.2382 0 0 0 0 0 0 0 0 
0 0 0 0 0 0 0 0 0.364249 0 0 0 0 0 0 0 0.364249 0 0 0 0 0 0 0 -3.20489 0.619099 0.619099 0 0.619099 0 0 0 0 0 0 0 0 0 0 0 0 0 0 0 0 0 0 0 0 0 0 0 0 0 0 0 0.619099 0 0 0 0 0 0 0 
0 0 0 0 0 0 0 0 0 0.364249 0 0 0 0 0 0 0 0.364249 0 0 0 0 0 0 0.364249 -3.87869 0 0.928648 0 0.928648 0 0 0 0 0 0 0 0 0 0 0 0 0 0 0 0 0 0 0 0 0 0 0 0 0 0 0 0.928648 0 0 0 0 0 0 
0 0 0 0 0 0 0 0 0 0 0.364249 0 0 0 0 0 0 0 0.364249 0 0 0 0 0 0.364249 0 -3.87869 0.928648 0 0 0.928648 0 0 0 0 0 0 0 0 0 0 0 0 0 0 0 0 0 0 0 0 0 0 0 0 0 0 0 0.928648 0 0 0 0 0 
0 0 0 0 0 0 0 0 0 0 0 0.364249 0 0 0 0 0 0 0 0.364249 0 0 0 0 0 0.364249 0.364249 -3.93339 0 0 0 1.2382 0 0 0 0 0 0 0 0 0 0 0 0 0 0 0 0 0 0 0 0 0 0 0 0 0 0 0 1.2382 0 0 0 0 
0 0 0 0 0 0 0 0 0 0 0 0 0.364249 0 0 0 0 0 0 0 0.364249 0 0 0 0.364249 0 0 0 -3.87869 0.928648 0.928648 0 0 0 0 0 0 0 0 0 0 0 0 0 0 0 0 0 0 0 0 0 0 0 0 0 0 0 0 0 0.928648 0 0 0 
0 0 0 0 0 0 0 0 0 0 0 0 0 0.364249 0 0 0 0 0 0 0 0.364249 0 0 0 0.364249 0 0 0.364249 -3.93339 0 1.2382 0 0 0 0 0 0 0 0 0 0 0 0 0 0 0 0 0 0 0 0 0 0 0 0 0 0 0 0 0 1.2382 0 0 
0 0 0 0 0 0 0 0 0 0 0 0 0 0 0.364249 0 0 0 0 0 0 0 0.364249 0 0 0 0.364249 0 0.364249 0 -3.93339 1.2382 0 0 0 0 0 0 0 0 0 0 0 0 0 0 0 0 0 0 0 0 0 0 0 0 0 0 0 0 0 0 1.2382 0 
0 0 0 0 0 0 0 0 0 0 0 0 0 0 0 0.364249 0 0 0 0 0 0 0 0.364249 0 0 0 0.364249 0 0.364249 0.364249 -3.36899 0 0 0 0 0 0 0 0 0 0 0 0 0 0 0 0 0 0 0 0 0 0 0 0 0 0 0 0 0 0 0 1.54775 
0.364249 0 0 0 0 0 0 0 0 0 0 0 0 0 0 0 0 0 0 0 0 0 0 0 0 0 0 0 0 0 0 0 -1.912 0.309549 0.309549 0 0.309549 0 0 0 0.309549 0 0 0 0 0 0 0 0.309549 0 0 0 0 0 0 0 0 0 0 0 0 0 0 0 
0 0.364249 0 0 0 0 0 0 0 0 0 0 0 0 0 0 0 0 0 0 0 0 0 0 0 0 0 0 0 0 0 0 0.364249 -3.20489 0 0.619099 0 0.619099 0 0 0 0.619099 0 0 0 0 0 0 0 0.619099 0 0 0 0 0 0 0 0 0 0 0 0 0 0 
0 0 0.364249 0 0 0 0 0 0 0 0 0 0 0 0 0 0 0 0 0 0 0 0 0 0 0 0 0 0 0 0 0 0.364249 0 -3.20489 0.619099 0 0 0.619099 0 0 0 0.619099 0 0 0 0 0 0 0 0.619099 0 0 0 0 0 0 0 0 0 0 0 0 0 
0 0 0 0.364249 0 0 0 0 0 0 0 0 0 0 0 0 0 0 0 0 0 0 0 0 0 0 0 0 0 0 0 0 0 0.364249 0.364249 -3.87869 0 0 0 0.928648 0 0 0 0.928648 0 0 0 0 0 0 0 0.928648 0 0 0 0 0 0 0 0 0 0 0 0 
0 0 0 0 0.364249 0 0 0 0 0 0 0 0 0 0 0 0 0 0 0 0 0 0 0 0 0 0 0 0 0 0 0 0.364249 0 0 0 -3.20489 0.619099 0.619099 0 0 0 0 0 0.619099 0 0 0 0 0 0 0 0.619099 0 0 0 0 0 0 0 0 0 0 0 
0 0 0 0 0 0.364249 0 0 0 0 0 0 0 0 0 0 0 0 0 0 0 0 0 0 0 0 0 0 0 0 0 0 0 0.364249 0 0 0.364249 -3.87869 0 0.928648 0 0 0 0 0 0.928648 0 0 0 0 0 0 0 0.928648 0 0 0 0 0 0 0 0 0 0 
0 0 0 0 0 0 0.364249 0 0 0 0 0 0 0 0 0 0 0 0 0 0 0 0 0 0 0 0 0 0 0 0 0 0 0 0.364249 0 0.364249 0 -3.87869 0.928648 0 0 0 0 0 0 0.928648 0 0 0 0 0 0 0 0.928648 0 0 0 0 0 0 0 0 0 
0 0 0 0 0 0 0 0.364249 0 0 0 0 0 0 0 0 0 0 0 0 0 0 0 0 0 0 0 0 0 0 0 0 0 0 0 0.364249 0 0.364249 0.364249 -3.93339 0 0 0 0 0 0 0 1.2382 0 0 0 0 0 0 0 1.2382 0 0 0 0 0 0 0 0 
0 0 0 0 0 0 0 0 0.364249 0 0 0 0 0 0 0 0 0 0 0 0 0 0 0 0 0 0 0 0 0 0 0 0.364249 0 0 0 0 0 0 0 -3.20489 0.619099 0.619099 0 0.619099 0 0 0 0 0 0 0 0 0 0 0 0.619099 0 0 0 0 0 0 0 
0 0 0 0 0 0 0 0 0 0.364249 0 0 0 0 0 0 0 0 0 0 0 0 0 0 0 0 0 0 0 0 0 0 0 0.364249 0 0 0 0 0 0 0.364249 -3.87869 0 0.928648 0 0.928648 0 0 0 0 0 0 0 0 0 0 0 0.928648 0 0 0 0 0 0 
0 0 0 0 0 0 0 0 0 0 0.364249 0 0 0 0 0 0 0 0 0 0 0 0 0 0 0 0 0 0 0 0 0 0 0 0.364249 0 0 0 0 0 0.364249 0 -3.87869 0.928648 0 0 0.928648 0 0 0 0 0 0 0 0 0 0 0 0.928648 0 0 0 0 0 
0 0 0 0 0 0 0 0 0 0 0 0.364249 0 0 0 0 0 0 0 0 0 0 0 0 0 0 0 0 0 0 0 0 0 0 0 0.364249 0 0 0 0 0 0.364249 0.364249 -3.93339 0 0 0 1.2382 0 0 0 0 0 0 0 0 0 0 0 1.2382 0 0 0 0 
0 0 0 0 0 0 0 0 0 0 0 0 0.364249 0 0 0 0 0 0 0 0 0 0 0 0 0 0 0 0 0 0 0 0 0 0 0 0.364249 0 0 0 0.364249 0 0 0 -3.87869 0.928648 0.928648 0 0 0 0 0 0 0 0 0 0 0 0 0 0.928648 0 0 0 
0 0 0 0 0 0 0 0 0 0 0 0 0 0.364249 0 0 0 0 0 0 0 0 0 0 0 0 0 0 0 0 0 0 0 0 0 0 0 0.364249 0 0 0 0.364249 0 0 0.364249 -3.93339 0 1.2382 0 0 0 0 0 0 0 0 0 0 0 0 0 1.2382 0 0 
0 0 0 0 0 0 0 0 0 0 0 0 0 0 0.364249 0 0 0 0 0 0 0 0 0 0 0 0 0 0 0 0 0 0 0 0 0 0 0 0.364249 0 0 0 0.364249 0 0.364249 0 -3.93339 1.2382 0 0 0 0 0 0 0 0 0 0 0 0 0 0 1.2382 0 
0 0 0 0 0 0 0 0 0 0 0 0 0 0 0 0.364249 0 0 0 0 0 0 0 0 0 0 0 0 0 0 0 0 0 0 0 0 0 0 0 0.364249 0 0 0 0.364249 0 0.364249 0.364249 -3.36899 0 0 0 0 0 0 0 0 0 0 0 0 0 0 0 1.54775 
0 0 0 0 0 0 0 0 0 0 0 0 0 0 0 0 0.364249 0 0 0 0 0 0 0 0 0 0 0 0 0 0 0 0.364249 0 0 0 0 0 0 0 0 0 0 0 0 0 0 0 -3.20489 0.619099 0.619099 0 0.619099 0 0 0 0.619099 0 0 0 0 0 0 0 
0 0 0 0 0 0 0 0 0 0 0 0 0 0 0 0 0 0.364249 0 0 0 0 0 0 0 0 0 0 0 0 0 0 0 0.364249 0 0 0 0 0 0 0 0 0 0 0 0 0 0 0.364249 -3.87869 0 0.928648 0 0.928648 0 0 0 0.928648 0 0 0 0 0 0 
0 0 0 0 0 0 0 0 0 0 0 0 0 0 0 0 0 0 0.364249 0 0 0 0 0 0 0 0 0 0 0 0 0 0 0 0.364249 0 0 0 0 0 0 0 0 0 0 0 0 0 0.364249 0 -3.87869 0.928648 0 0 0.928648 0 0 0 0.928648 0 0 0 0 0 
0 0 0 0 0 0 0 0 0 0 0 0 0 0 0 0 0 0 0 0.364249 0 0 0 0 0 0 0 0 0 0 0 0 0 0 0 0.364249 0 0 0 0 0 0 0 0 0 0 0 0 0 0.364249 0.364249 -3.93339 0 0 0 1.2382 0 0 0 1.2382 0 0 0 0 
0 0 0 0 0 0 0 0 0 0 0 0 0 0 0 0 0 0 0 0 0.364249 0 0 0 0 0 0 0 0 0 0 0 0 0 0 0 0.364249 0 0 0 0 0 0 0 0 0 0 0 0.364249 0 0 0 -3.87869 0.928648 0.928648 0 0 0 0 0 0.928648 0 0 0 
0 0 0 0 0 0 0 0 0 0 0 0 0 0 0 0 0 0 0 0 0 0.364249 0 0 0 0 0 0 0 0 0 0 0 0 0 0 0 0.364249 0 0 0 0 0 0 0 0 0 0 0 0.364249 0 0 0.364249 -3.93339 0 1.2382 0 0 0 0 0 1.2382 0 0 
0 0 0 0 0 0 0 0 0 0 0 0 0 0 0 0 0 0 0 0 0 0 0.364249 0 0 0 0 0 0 0 0 0 0 0 0 0 0 0 0.364249 0 0 0 0 0 0 0 0 0 0 0 0.364249 0 0.364249 0 -3.93339 1.2382 0 0 0 0 0 0 1.2382 0 
0 0 0 0 0 0 0 0 0 0 0 0 0 0 0 0 0 0 0 0 0 0 0 0.364249 0 0 0 0 0 0 0 0 0 0 0 0 0 0 0 0.364249 0 0 0 0 0 0 0 0 0 0 0 0.364249 0 0.364249 0.364249 -3.36899 0 0 0 0 0 0 0 1.54775 
0 0 0 0 0 0 0 0 0 0 0 0 0 0 0 0 0 0 0 0 0 0 0 0 0.364249 0 0 0 0 0 0 0 0 0 0 0 0 0 0 0 0.364249 0 0 0 0 0 0 0 0.364249 0 0 0 0 0 0 0 -3.87869 0.928648 0.928648 0 0.928648 0 0 0 
0 0 0 0 0 0 0 0 0 0 0 0 0 0 0 0 0 0 0 0 0 0 0 0 0 0.364249 0 0 0 0 0 0 0 0 0 0 0 0 0 0 0 0.364249 0 0 0 0 0 0 0 0.364249 0 0 0 0 0 0 0.364249 -3.93339 0 1.2382 0 1.2382 0 0 
0 0 0 0 0 0 0 0 0 0 0 0 0 0 0 0 0 0 0 0 0 0 0 0 0 0 0.364249 0 0 0 0 0 0 0 0 0 0 0 0 0 0 0 0.364249 0 0 0 0 0 0 0 0.364249 0 0 0 0 0 0.364249 0 -3.93339 1.2382 0 0 1.2382 0 
0 0 0 0 0 0 0 0 0 0 0 0 0 0 0 0 0 0 0 0 0 0 0 0 0 0 0 0.364249 0 0 0 0 0 0 0 0 0 0 0 0 0 0 0 0.364249 0 0 0 0 0 0 0 0.364249 0 0 0 0 0 0.364249 0.364249 -3.36899 0 0 0 1.54775 
0 0 0 0 0 0 0 0 0 0 0 0 0 0 0 0 0 0 0 0 0 0 0 0 0 0 0 0 0.364249 0 0 0 0 0 0 0 0 0 0 0 0 0 0 0 0.364249 0 0 0 0 0 0 0 0.364249 0 0 0 0.364249 0 0 0 -3.93339 1.2382 1.2382 0 
0 0 0 0 0 0 0 0 0 0 0 0 0 0 0 0 0 0 0 0 0 0 0 0 0 0 0 0 0 0.364249 0 0 0 0 0 0 0 0 0 0 0 0 0 0 0 0.364249 0 0 0 0 0 0 0 0.364249 0 0 0 0.364249 0 0 0.364249 -3.36899 0 1.54775 
0 0 0 0 0 0 0 0 0 0 0 0 0 0 0 0 0 0 0 0 0 0 0 0 0 0 0 0 0 0 0.364249 0 0 0 0 0 0 0 0 0 0 0 0 0 0 0 0.364249 0 0 0 0 0 0 0 0.364249 0 0 0 0.364249 0 0.364249 0 -3.36899 1.54775 
0 0 0 0 0 0 0 0 0 0 0 0 0 0 0 0 0 0 0 0 0 0 0 0 0 0 0 0 0 0 0 0.364249 0 0 0 0 0 0 0 0 0 0 0 0 0 0 0 0.364249 0 0 0 0 0 0 0 0.364249 0 0 0 0.364249 0 0.364249 0.364249 -2.18549 
