64
-0 0 0 0 0 0 0 0 0 0 0 0 0 0 0 0 0 0 0 0 0 0 0 0 0 0 0 0 0 0 0 0 0 0 0 0 0 0 0 0 0 0 0 0 0 0 0 0 0 0 0 0 0 0 0 0 0 0 0 0 0 0 0 0 
1.06622 -4.89278 0 0.765312 0 0.765312 0 0 0 0.765312 0 0 0 0 0 0 0 0.765312 0 0 0 0 0 0 0 0 0 0 0 0 0 0 0 0.765312 0 0 0 0 0 0 0 0 0 0 0 0 0 0 0 0 0 0 0 0 0 0 0 0 0 0 0 0 0 0 
1.06622 0 -4.89278 0.765312 0 0 0.765312 0 0 0 0.765312 0 0 0 0 0 0 0 0.765312 0 0 0 0 0 0 0 0 0 0 0 0 0 0 0 0.765312 0 0 0 0 0 0 0 0 0 0 0 0 0 0 0 0 0 0 0 0 0 0 0 0 0 0 0 0 0 
0 1.06622 1.06622 -8.25494 0 0 0 1.53062 0 0 0 1.53062 0 0 0 0 0 0 0 1.53062 0 0 0 0 0 0 0 0 0 0 0 0 0 0 0 1.53062 0 0 0 0 0 0 0 0 0 0 0 0 0 0 0 0 0 0 0 0 0 0 0 0 0 0 0 0 
1.06622 0 0 0 -4.89278 0.765312 0.765312 0 0 0 0 0 0.765312 0 0 0 0 0 0 0 0.765312 0 0 0 0 0 0 0 0 0 0 0 0 0 0 0 0.765312 0 0 0 0 0 0 0 0 0 0 0 0 0 0 0 0 0 0 0 0 0 0 0 0 0 0 0 
0 1.06622 0 0 1.06622 -8.25494 0 1.53062 0 0 0 0 0 1.53062 0 0 0 0 0 0 0 1.53062 0 0 0 0 0 0 0 0 0 0 0 0 0 0 0 1.53062 0 0 0 0 0 0 0 0 0 0 0 0 0 0 0 0 0 0 0 0 0 0 0 0 0 0 
0 0 1.06622 0 1.06622 0 -8.25494 1.53062 0 0 0 0 0 0 1.53062 0 0 0 0 0 0 0 1.53062 0 0 0 0 0 0 0 0 0 0 0 0 0 0 0 1.53062 0 0 0 0 0 0 0 0 0 0 0 0 0 0 0 0 0 0 0 0 0 0 0 0 0 
0 0 0 1.06622 0 1.06622 1.06622 -10.0865 0 0 0 0 0 0 0 2.29594 0 0 0 0 0 0 0 2.29594 0 0 0 0 0 0 0 0 0 0 0 0 0 0 0 2.29594 0 0 0 0 0 0 0 0 0 0 0 0 0 0 0 0 0 0 0 0 0 0 0 0 
1.06622 0 0 0 0 0 0 0 -4.89278 0.765312 0.765312 0 0.765312 0 0 0 0 0 0 0 0 0 0 0 0.765312 0 0 0 0 0 0 0 0 0 0 0 0 0 0 0 0.765312 0 0 0 0 0 0 0 0 0 0 0 0 0 0 0 0 0 0 0 0 0 0 0 
0 1.06622 0 0 0 0 0 0 1.06622 -8.25494 0 1.53062 0 1.53062 0 0 0 0 0 0 0 0 0 0 0 1.53062 0 0 0 0 0 0 0 0 0 0 0 0 0 0 0 1.53062 0 0 0 0 0 0 0 0 0 0 0 0 0 0 0 0 0 0 0 0 0 0 
0 0 1.06622 0 0 0 0 0 1.06622 0 -8.25494 1.53062 0 0 1.53062 0 0 0 0 0 0 0 0 0 0 0 1.53062 0 0 0 0 0 0 0 0 0 0 0 0 0 0 0 1.53062 0 0 0 0 0 0 0 0 0 0 0 0 0 0 0 0 0 0 0 0 0 
0 0 0 1.06622 0 0 0 0 0 1.06622 1.06622 -10.0865 0 0 0 2.29594 0 0 0 0 0 0 0 0 0 0 0 2.29594 0 0 0 0 0 0 0 0 0 0 0 0 0 0 0 2.29594 0 0 0 0 0 0 0 0 0 0 0 0 0 0 0 0 0 0 0 0 
0 0 0 0 1.06622 0 0 0 1.06622 0 0 0 -8.25494 1.53062 1.53062 0 0 0 0 0 0 0 0 0 0 0 0 0 1.53062 0 0 0 0 0 0 0 0 0 0 0 0 0 0 0 1.53062 0 0 0 0 0 0 0 0 0 0 0 0 0 0 0 0 0 0 0 
0 0 0 0 0 1.06622 0 0 0 1.06622 0 0 1.06622 -10.0865 0 2.29594 0 0 0 0 0 0 0 0 0 0 0 0 0 2.29594 0 0 0 0 0 0 0 0 0 0 0 0 0 0 0 2.29594 0 0 0 0 0 0 0 0 0 0 0 0 0 0 0 0 0 0 
0 0 0 0 0 0 1.06622 0 0 0 1.06622 0 1.06622 0 -10.0865 2.29594 0 0 0 0 0 0 0 0 0 0 0 0 0 0 2.29594 0 0 0 0 0 0 0 0 0 0 0 0 0 0 0 2.29594 0 0 0 0 0 0 0 0 0 0 0 0 0 0 0 0 0 
0 0 0 0 0 0 0 1.06622 0 0 0 1.06622 0 1.06622 1.06622 -10.3874 0 0 0 0 0 0 0 0 0 0 0 0 0 0 0 3.06125 0 0 0 0 0 0 0 0 0 0 0 0 0 0 0 3.06125 0 0 0 0 0 0 0 0 0 0 0 0 0 0 0 0 
1.06622 0 0 0 0 0 0 0 0 0 0 0 0 0 0 0 -4.89278 0.765312 0.765312 0 0.765312 0 0 0 0.765312 0 0 0 0 0 0 0 0 0 0 0 0 0 0 0 0 0 0 0 0 0 0 0 0.765312 0 0 0 0 0 0 0 0 0 0 0 0 0 0 0 
0 1.06622 0 0 0 0 0 0 0 0 0 0 0 0 0 0 1.06622 -8.25494 0 1.53062 0 1.53062 0 0 0 1.53062 0 0 0 0 0 0 0 0 0 0 0 0 0 0 0 0 0 0 0 0 0 0 0 1.53062 0 0 0 0 0 0 0 0 0 0 0 0 0 0 
0 0 1.06622 0 0 0 0 0 0 0 0 0 0 0 0 0 1.06622 0 -8.25494 1.53062 0 0 1.53062 0 0 0 1.53062 0 0 0 0 0 0 0 0 0 0 0 0 0 0 0 0 0 0 0 0 0 0 0 1.53062 0 0 0 0 0 0 0 0 0 0 0 0 0 
0 0 0 1.06622 0 0 0 0 0 0 0 0 0 0 0 0 0 1.06622 1.06622 -10.0865 0 0 0 2.29594 0 0 0 2.29594 0 0 0 0 0 0 0 0 0 0 0 0 0 0 0 0 0 0 0 0 0 0 0 2.29594 0 0 0 0 0 0 0 0 0 0 0 0 
0 0 0 0 1.06622 0 0 0 0 0 0 0 0 0 0 0 1.06622 0 0 0 -8.25494 1.53062 1.53062 0 0 0 0 0 1.53062 0 0 0 0 0 0 0 0 0 0 0 0 0 0 0 0 0 0 0 0 0 0 0 1.53062 0 0 0 0 0 0 0 0 0 0 0 
0 0 0 0 0 1.06622 0 0 0 0 0 0 0 0 0 0 0 1.06622 0 0 1.06622 -10.0865 0 2.29594 0 0 0 0 0 2.29594 0 0 0 0 0 0 0 0 0 0 0 0 0 0 0 0 0 0 0 0 0 0 0 2.29594 0 0 0 0 0 0 0 0 0 0 
0 0 0 0 0 0 1.06622 0 0 0 0 0 0 0 0 0 0 0 1.06622 0 1.06622 0 -10.0865 2.29594 0 0 0 0 0 0 2.29594 0 0 0 0 0 0 0 0 0 0 0 0 0 0 0 0 0 0 0 0 0 0 0 2.29594 0 0 0 0 0 0 0 0 0 
0 0 0 0 0 0 0 1.06622 0 0 0 0 0 0 0 0 0 0 0 1.06622 0 1.06622 1.06622 -10.3874 0 0 0 0 0 0 0 3.06125 0 0 0 0 0 0 0 0 0 0 0 0 0 0 0 0 0 0 0 0 0 0 0 3.06125 0 0 0 0 0 0 0 0 
0 0 0 0 0 0 0 0 1.06622 0 0 0 0 0 0 0 1.06622 0 0 0 0 0 0 0 -8.25494 1.53062 1.53062 0 1.53062 0 0 0 0 0 0 0 0 0 0 0 0 0 0 0 0 0 0 0 0 0 0 0 0 0 0 0 1.53062 0 0 0 0 0 0 0 
0 0 0 0 0 0 0 0 0 1.06622 0 0 0 0 0 0 0 1.06622 0 0 0 0 0 0 1.06622 -10.0865 0 2.29594 0 2.29594 0 0 0 0 0 0 0 0 0 0 0 0 0 0 0 0 0 0 0 0 0 0 0 0 0 0 0 2.29594 0 0 0 0 0 0 
0 0 0 0 0 0 0 0 0 0 1.06622 0 0 0 0 0 0 0 1.06622 0 0 0 0 0 1.06622 0 -10.0865 2.29594 0 0 2.29594 0 0 0 0 0 0 0 0 0 0 0 0 0 0 0 0 0 0 0 0 0 0 0 0 0 0 0 2.29594 0 0 0 0 0 
0 0 0 0 0 0 0 0 0 0 0 1.06622 0 0 0 0 0 0 0 1.06622 0 0 0 0 0 1.06622 1.06622 -10.3874 0 0 0 3.06125 0 0 0 0 0 0 0 0 0 0 0 0 0 0 0 0 0 0 0 0 0 0 0 0 0 0 0 3.06125 0 0 0 0 
0 0 0 0 0 0 0 0 0 0 0 0 1.06622 0 0 0 0 0 0 0 1.06622 0 0 0 1.06622 0 0 0 -10.0865 2.29594 2.29594 0 0 0 0 0 0 0 0 0 0 0 0 0 0 0 0 0 0 0 0 0 0 0 0 0 0 0 0 0 2.29594 0 0 0 
0 0 0 0 0 0 0 0 0 0 0 0 0 1.06622 0 0 0 0 0 0 0 1.06622 0 0 0 1.06622 0 0 1.06622 -10.3874 0 3.06125 0 0 0 0 0 0 0 0 0 0 0 0 0 0 0 0 0 0 0 0 0 0 0 0 0 0 0 0 0 3.06125 0 0 
0 0 0 0 0 0 0 0 0 0 0 0 0 0 1.06622 0 0 0 0 0 0 0 1.06622 0 0 0 1.06622 0 1.06622 0 -10.3874 3.06125 0 0 0 0 0 0 0 0 0 0 0 0 0 0 0 0 0 0 0 0 0 0 0 0 0 0 0 0 0 0 3.06125 0 
0 0 0 0 0 0 0 0 0 0 0 0 0 0 0 1.06622 0 0 0 0 0 0 0 1.06622 0 0 0 1.06622 0 1.06622 1.06622 -9.15768 0 0 0 0 0 0 0 0 0 0 0 0 0 0 0 0 0 0 0 0 0 0 0 0 0 0 0 0 0 0 0 3.82656 
1.06622 0 0 0 0 0 0 0 0 0 0 0 0 0 0 0 0 0 0 0 0 0 0 0 0 0 0 0 0 0 0 0 -4.89278 0.765312 0.765312 0 0.765312 0 0 0 0.765312 0 0 0 0 0 0 0 0.765312 0 0 0 0 0 0 0 0 0 0 0 0 0 0 0 
0 1.06622 0 0 0 0 0 0 0 0 0 0 0 0 0 0 0 0 0 0 0 0 0 0 0 0 0 0 0 0 0 0 1.06622 -8.25494 0 1.53062 0 1.53062 0 0 0 1.53062 0 0 0 0 0 0 0 1.53062 0 0 0 0 0 0 0 0 0 0 0 0 0 0 
0 0 1.06622 0 0 0 0 0 0 0 0 0 0 0 0 0 0 0 0 0 0 0 0 0 0 0 0 0 0 0 0 0 1.06622 0 -8.25494 1.53062 0 0 1.53062 0 0 0 1.53062 0 0 0 0 0 0 0 1.53062 0 0 0 0 0 0 0 0 0 0 0 0 0 
0 0 0 1.06622 0 0 0 0 0 0 0 0 0 0 0 0 0 0 0 0 0 0 0 0 0 0 0 0 0 0 0 0 0 1.06622 1.06622 -10.0865 0 0 0 2.29594 0 0 0 2.29594 0 0 0 0 0 0 0 2.29594 0 0 0 0 0 0 0 0 0 0 0 0 
0 0 0 0 1.06622 0 0 0 0 0 0 0 0 0 0 0 0 0 0 0 0 0 0 0 0 0 0 0 0 0 0 0 1.06622 0 0 0 -8.25494 1.53062 1.53062 0 0 0 0 0 1.53062 0 0 0 0 0 0 0 1.53062 0 0 0 0 0 0 0 0 0 0 0 
0 0 0 0 0 1.06622 0 0 0 0 0 0 0 0 0 0 0 0 0 0 0 0 0 0 0 0 0 0 0 0 0 0 0 1.06622 0 0 1.06622 -10.0865 0 2.29594 0 0 0 0 0 2.29594 0 0 0 0 0 0 0 2.29594 0 0 0 0 0 0 0 0 0 0 
0 0 0 0 0 0 1.06622 0 0 0 0 0 0 0 0 0 0 0 0 0 0 0 0 0 0 0 0 0 0 0 0 0 0 0 1.06622 0 1.06622 0 -10.0865 2.29594 0 0 0 0 0 0 2.29594 0 0 0 0 0 0 0 2.29594 0 0 0 0 0 0 0 0 0 
0 0 0 0 0 0 0 1.06622 0 0 0 0 0 0 0 0 0 0 0 0 0 0 0 0 0 0 0 0 0 0 0 0 0 0 0 1.06622 0 1.06622 1.06622 -10.3874 0 0 0 0 0 0 0 3.06125 0 0 0 0 0 0 0 3.06125 0 0 0 0 0 0 0 0 
0 0 0 0 0 0 0 0 1.06622 0 0 0 0 0 0 0 0 0 0 0 0 0 0 0 0 0 0 0 0 0 0 0 1.06622 0 0 0 0 0 0 0 -8.25494 1.53062 1.53062 0 1.53062 0 0 0 0 0 0 0 0 0 0 0 1.53062 0 0 0 0 0 0 0 
0 0 0 0 0 0 0 0 0 1.06622 0 0 0 0 0 0 0 0 0 0 0 0 0 0 0 0 0 0 0 0 0 0 0 1.06622 0 0 0 0 0 0 1.06622 -10.0865 0 2.29594 0 2.29594 0 0 0 0 0 0 0 0 0 0 0 2.29594 0 0 0 0 0 0 
0 0 0 0 0 0 0 0 0 0 1.06622 0 0 0 0 0 0 0 0 0 0 0 0 0 0 0 0 0 0 0 0 0 0 0 1.06622 0 0 0 0 0 1.06622 0 -10.0865 2.29594 0 0 2.29594 0 0 0 0 0 0 0 0 0 0 0 2.29594 0 0 0 0 0 
0 0 0 0 0 0 0 0 0 0 0 1.06622 0 0 0 0 0 0 0 0 0 0 0 0 0 0 0 0 0 0 0 0 0 0 0 1.06622 0 0 0 0 0 1.06622 1.06622 -10.3874 0 0 0 3.06125 0 0 0 0 0 0 0 0 0 0 0 3.06125 0 0 0 0 
0 0 0 0 0 0 0 0 0 0 0 0 1.06622 0 0 0 0 0 0 0 0 0 0 0 0 0 0 0 0 0 0 0 0 0 0 0 1.06622 0 0 0 1.06622 0 0 0 -10.0865 2.29594 2.29594 0 0 0 0 0 0 0 0 0 0 0 0 0 2.29594 0 0 0 
0 0 0 0 0 0 0 0 0 0 0 0 0 1.06622 0 0 0 0 0 0 0 0 0 0 0 0 0 0 0 0 0 0 0 0 0 0 0 1.06622 0 0 0 1.06622 0 0 1.06622 -10.3874 0 3.06125 0 0 0 0 0 0 0 0 0 0 0 0 0 3.06125 0 0 
0 0 0 0 0 0 0 0 0 0 0 0 0 0 1.06622 0 0 0 0 0 0 0 0 0 0 0 0 0 0 0 0 0 0 0 0 0 0 0 1.06622 0 0 0 1.06622 0 1.06622 0 -10.3874 3.06125 0 0 0 0 0 0 0 0 0 0 0 0 0 0 3.06125 0 
0 0 0 0 0 0 0 0 0 0 0 0 0 0 0 1.06622 0 0 0 0 0 0 0 0 0 0 0 0 0 0 0 0 0 0 0 0 0 0 0 1.06622 0 0 0 1.06622 0 1.06622 1.06622 -9.15768 0 0 0 0 0 0 0 0 0 0 0 0 0 0 0 3.82656 
0 0 0 0 0 0 0 0 0 0 0 0 0 0 0 0 1.06622 0 0 0 0 0 0 0 0 0 0 0 0 0 0 0 1.06622 0 0 0 0 0 0 0 0 0 0 0 0 0 0 0 -8.25494 1.53062 1.53062 0 1.53062 0 0 0 1.53062 0 0 0 0 0 0 0 
0 0 0 0 0 0 0 0 0 0 0 0 0 0 0 0 0 1.06622 0 0 0 0 0 0 0 0 0 0 0 0 0 0 0 1.06622 0 0 0 0 0 0 0 0 0 0 0 0 0 0 1.06622 -10.0865 0 2.29594 0 2.29594 0 0 0 2.29594 0 0 0 0 0 0 
0 0 0 0 0 0 0 0 0 0 0 0 0 0 0 0 0 0 1.06622 0 0 0 0 0 0 0 0 0 0 0 0 0 0 0 1.06622 0 0 0 0 0 0 0 0 0 0 0 0 0 1.06622 0 -10.0865 2.29594 0 0 2.29594 0 0 0 2.29594 0 0 0 0 0 
0 0 0 0 0 0 0 0 0 0 0 0 0 0 0 0 0 0 0 1.06622 0 0 0 0 0 0 0 0 0 0 0 0 0 0 0 1.06622 0 0 0 0 0 0 0 0 0 0 0 0 0 1.06622 1.06622 -10.3874 0 0 0 3.06125 0 0 0 3.06125 0 0 0 0 
0 0 0 0 0 0 0 0 0 0 0 0 0 0 0 0 0 0 0 0 1.06622 0 0 0 0 0 0 0 0 0 0 0 0 0 0 0 1.06622 0 0 0 0 0 0 0 0 0 0 0 1.06622 0 0 0 -10.0865 2.29594 2.29594 0 0 0 0 0 2.29594 0 0 0 
0 0 0 0 0 0 0 0 0 0 0 0 0 0 0 0 0 0 0 0 0 1.06622 0 0 0 0 0 0 0 0 0 0 0 0 0 0 0 1.06622 0 0 0 0 0 0 0 0 0 0 0 1.06622 0 0 1.06622 -10.3874 0 3.06125 0 0 0 0 0 3.06125 0 0 
0 0 0 0 0 0 0 0 0 0 0 0 0 0 0 0 0 0 0 0 0 0 1.06622 0 0 0 0 0 0 0 0 0 0 0 0 0 0 0 1.06622 0 0 0 0 0 0 0 0 0 0 0 1.06622 0 1.06622 0 -10.3874 3.06125 0 0 0 0 0 0 3.06125 0 
0 0 0 0 0 0 0 0 0 0 0 0 0 0 0 0 0 0 0 0 0 0 0 1.06622 0 0 0 0 0 0 0 0 0 0 0 0 0 0 0 1.06622 0 0 0 0 0 0 0 0 0 0 0 1.06622 0 1.06622 1.06622 -9.15768 0 0 0 0 0 0 0 3.82656 
0 0 0 0 0 0 0 0 0 0 0 0 0 0 0 0 0 0 0 0 0 0 0 0 1.06622 0 0 0 0 0 0 0 0 0 0 0 0 0 0 0 1.06622 0 0 0 0 0 0 0 1.06622 0 0 0 0 0 0 0 -10.0865 2.29594 2.29594 0 2.29594 0 0 0 
0 0 0 0 0 0 0 0 0 0 0 0 0 0 0 0 0 0 0 0 0 0 0 0 0 1.06622 0 0 0 0 0 0 0 0 0 0 0 0 0 0 0 1.06622 0 0 0 0 0 0 0 1.06622 0 0 0 0 0 0 1.06622 -10.3874 0 3.06125 0 3.06125 0 0 
0 0 0 0 0 0 0 0 0 0 0 0 0 0 0 0 0 0 0 0 0 0 0 0 0 0 1.06622 0 0 0 0 0 0 0 0 0 0 0 0 0 0 0 1.06622 0 0 0 0 0 0 0 1.06622 0 0 0 0 0 1.06622 0 -10.3874 3.06125 0 0 3.06125 0 
0 0 0 0 0 0 0 0 0 0 0 0 0 0 0 0 0 0 0 0 0 0 0 0 0 0 0 1.06622 0 0 0 0 0 0 0 0 0 0 0 0 0 0 0 1.06622 0 0 0 0 0 0 0 1.06622 0 0 0 0 0 1.06622 1.06622 -9.15768 0 0 0 3.82656 
0 0 0 0 0 0 0 0 0 0 0 0 0 0 0 0 0 0 0 0 0 0 0 0 0 0 0 0 1.06622 0 0 0 0 0 0 0 0 0 0 0 0 0 0 0 1.06622 0 0 0 0 0 0 0 1.06622 0 0 0 1.06622 0 0 0 -10.3874 3.06125 3.06125 0 
0 0 0 0 0 0 0 0 0 0 0 0 0 0 0 0 0 0 0 0 0 0 0 0 0 0 0 0 0 1.06622 0 0 0 0 0 0 0 0 0 0 0 0 0 0 0 1.06622 0 0 0 0 0 0 0 1.06622 0 0 0 1.06622 0 0 1.06622 -9.15768 0 3.82656 
0 0 0 0 0 0 0 0 0 0 0 0 0 0 0 0 0 0 0 0 0 0 0 0 0 0 0 0 0 0 1.06622 0 0 0 0 0 0 0 0 0 0 0 0 0 0 0 1.06622 0 0 0 0 0 0 0 1.06622 0 0 0 1.06622 0 1.06622 0 -9.15768 3.82656 
0 0 0 0 0 0 0 0 0 0 0 0 0 0 0 0 0 0 0 0 0 0 0 0 0 0 0 0 0 0 0 1.06622 0 0 0 0 0 0 0 0 0 0 0 0 0 0 0 1.06622 0 0 0 0 0 0 0 1.06622 0 0 0 1.06622 0 1.06622 1.06622 -6.39735 
