32
-0 0 0 0 0 0 0 0 0 0 0 0 0 0 0 0 0 0 0 0 0 0 0 0 0 0 0 0 0 0 0 0 
0.261282 -1.51039 0 0.312277 0 0.312277 0 0 0 0.312277 0 0 0 0 0 0 0 0.312277 0 0 0 0 0 0 0 0 0 0 0 0 0 0 
0.261282 0 -1.51039 0.312277 0 0 0.312277 0 0 0 0.312277 0 0 0 0 0 0 0 0.312277 0 0 0 0 0 0 0 0 0 0 0 0 0 
0 0.261282 0.261282 -2.39623 0 0 0 0.624554 0 0 0 0.624554 0 0 0 0 0 0 0 0.624554 0 0 0 0 0 0 0 0 0 0 0 0 
0.261282 0 0 0 -1.51039 0.312277 0.312277 0 0 0 0 0 0.312277 0 0 0 0 0 0 0 0.312277 0 0 0 0 0 0 0 0 0 0 0 
0 0.261282 0 0 0.261282 -2.39623 0 0.624554 0 0 0 0 0 0.624554 0 0 0 0 0 0 0 0.624554 0 0 0 0 0 0 0 0 0 0 
0 0 0.261282 0 0.261282 0 -2.39623 0.624554 0 0 0 0 0 0 0.624554 0 0 0 0 0 0 0 0.624554 0 0 0 0 0 0 0 0 0 
0 0 0 0.261282 0 0.261282 0.261282 -2.65751 0 0 0 0 0 0 0 0.936831 0 0 0 0 0 0 0 0.936831 0 0 0 0 0 0 0 0 
0.261282 0 0 0 0 0 0 0 -1.51039 0.312277 0.312277 0 0.312277 0 0 0 0 0 0 0 0 0 0 0 0.312277 0 0 0 0 0 0 0 
0 0.261282 0 0 0 0 0 0 0.261282 -2.39623 0 0.624554 0 0.624554 0 0 0 0 0 0 0 0 0 0 0 0.624554 0 0 0 0 0 0 
0 0 0.261282 0 0 0 0 0 0.261282 0 -2.39623 0.624554 0 0 0.624554 0 0 0 0 0 0 0 0 0 0 0 0.624554 0 0 0 0 0 
0 0 0 0.261282 0 0 0 0 0 0.261282 0.261282 -2.65751 0 0 0 0.936831 0 0 0 0 0 0 0 0 0 0 0 0.936831 0 0 0 0 
0 0 0 0 0.261282 0 0 0 0.261282 0 0 0 -2.39623 0.624554 0.624554 0 0 0 0 0 0 0 0 0 0 0 0 0 0.624554 0 0 0 
0 0 0 0 0 0.261282 0 0 0 0.261282 0 0 0.261282 -2.65751 0 0.936831 0 0 0 0 0 0 0 0 0 0 0 0 0 0.936831 0 0 
0 0 0 0 0 0 0.261282 0 0 0 0.261282 0 0.261282 0 -2.65751 0.936831 0 0 0 0 0 0 0 0 0 0 0 0 0 0 0.936831 0 
0 0 0 0 0 0 0 0.261282 0 0 0 0.261282 0 0.261282 0.261282 -2.29424 0 0 0 0 0 0 0 0 0 0 0 0 0 0 0 1.24911 
0.261282 0 0 0 0 0 0 0 0 0 0 0 0 0 0 0 -1.51039 0.312277 0.312277 0 0.312277 0 0 0 0.312277 0 0 0 0 0 0 0 
0 0.261282 0 0 0 0 0 0 0 0 0 0 0 0 0 0 0.261282 -2.39623 0 0.624554 0 0.624554 0 0 0 0.624554 0 0 0 0 0 0 
0 0 0.261282 0 0 0 0 0 0 0 0 0 0 0 0 0 0.261282 0 -2.39623 0.624554 0 0 0.624554 0 0 0 0.624554 0 0 0 0 0 
0 0 0 0.261282 0 0 0 0 0 0 0 0 0 0 0 0 0 0.261282 0.261282 -2.65751 0 0 0 0.936831 0 0 0 0.936831 0 0 0 0 
0 0 0 0 0.261282 0 0 0 0 0 0 0 0 0 0 0 0.261282 0 0 0 -2.39623 0.624554 0.624554 0 0 0 0 0 0.624554 0 0 0 
0 0 0 0 0 0.261282 0 0 0 0 0 0 0 0 0 0 0 0.261282 0 0 0.261282 -2.65751 0 0.936831 0 0 0 0 0 0.936831 0 0 
0 0 0 0 0 0 0.261282 0 0 0 0 0 0 0 0 0 0 0 0.261282 0 0.261282 0 -2.65751 0.936831 0 0 0 0 0 0 0.936831 0 
0 0 0 0 0 0 0 0.261282 0 0 0 0 0 0 0 0 0 0 0 0.261282 0 0.261282 0.261282 -2.29424 0 0 0 0 0 0 0 1.24911 
0 0 0 0 0 0 0 0 0.261282 0 0 0 0 0 0 0 0.261282 0 0 0 0 0 0 0 -2.39623 0.624554 0.624554 0 0.624554 0 0 0 
0 0 0 0 0 0 0 0 0 0.261282 0 0 0 0 0 0 0 0.261282 0 0 0 0 0 0 0.261282 -2.65751 0 0.936831 0 0.936831 0 0 
0 0 0 0 0 0 0 0 0 0 0.261282 0 0 0 0 0 0 0 0.261282 0 0 0 0 0 0.261282 0 -2.65751 0.936831 0 0 0.936831 0 
0 0 0 0 0 0 0 0 0 0 0 0.261282 0 0 0 0 0 0 0 0.261282 0 0 0 0 0 0.261282 0.261282 -2.29424 0 0 0 1.24911 
0 0 0 0 0 0 0 0 0 0 0 0 0.261282 0 0 0 0 0 0 0 0.261282 0 0 0 0.261282 0 0 0 -2.65751 0.936831 0.936831 0 
0 0 0 0 0 0 0 0 0 0 0 0 0 0.261282 0 0 0 0 0 0 0 0.261282 0 0 0 0.261282 0 0 0.261282 -2.29424 0 1.24911 
0 0 0 0 0 0 0 0 0 0 0 0 0 0 0.261282 0 0 0 0 0 0 0 0.261282 0 0 0 0.261282 0 0.261282 0 -2.29424 1.24911 
0 0 0 0 0 0 0 0 0 0 0 0 0 0 0 0.261282 0 0 0 0 0 0 0 0.261282 0 0 0 0.261282 0 0.261282 0.261282 -1.30641 
