32
-0 0 0 0 0 0 0 0 0 0 0 0 0 0 0 0 0 0 0 0 0 0 0 0 0 0 0 0 0 0 0 0 
0.46263 -2.32732 0 0.466173 0 0.466173 0 0 0 0.466173 0 0 0 0 0 0 0 0.466173 0 0 0 0 0 0 0 0 0 0 0 0 0 0 
0.46263 0 -2.32732 0.466173 0 0 0.466173 0 0 0 0.466173 0 0 0 0 0 0 0 0.466173 0 0 0 0 0 0 0 0 0 0 0 0 0 
0 0.46263 0.46263 -3.7223 0 0 0 0.932347 0 0 0 0.932347 0 0 0 0 0 0 0 0.932347 0 0 0 0 0 0 0 0 0 0 0 0 
0.46263 0 0 0 -2.32732 0.466173 0.466173 0 0 0 0 0 0.466173 0 0 0 0 0 0 0 0.466173 0 0 0 0 0 0 0 0 0 0 0 
0 0.46263 0 0 0.46263 -3.7223 0 0.932347 0 0 0 0 0 0.932347 0 0 0 0 0 0 0 0.932347 0 0 0 0 0 0 0 0 0 0 
0 0 0.46263 0 0.46263 0 -3.7223 0.932347 0 0 0 0 0 0 0.932347 0 0 0 0 0 0 0 0.932347 0 0 0 0 0 0 0 0 0 
0 0 0 0.46263 0 0.46263 0.46263 -4.18493 0 0 0 0 0 0 0 1.39852 0 0 0 0 0 0 0 1.39852 0 0 0 0 0 0 0 0 
0.46263 0 0 0 0 0 0 0 -2.32732 0.466173 0.466173 0 0.466173 0 0 0 0 0 0 0 0 0 0 0 0.466173 0 0 0 0 0 0 0 
0 0.46263 0 0 0 0 0 0 0.46263 -3.7223 0 0.932347 0 0.932347 0 0 0 0 0 0 0 0 0 0 0 0.932347 0 0 0 0 0 0 
0 0 0.46263 0 0 0 0 0 0.46263 0 -3.7223 0.932347 0 0 0.932347 0 0 0 0 0 0 0 0 0 0 0 0.932347 0 0 0 0 0 
0 0 0 0.46263 0 0 0 0 0 0.46263 0.46263 -4.18493 0 0 0 1.39852 0 0 0 0 0 0 0 0 0 0 0 1.39852 0 0 0 0 
0 0 0 0 0.46263 0 0 0 0.46263 0 0 0 -3.7223 0.932347 0.932347 0 0 0 0 0 0 0 0 0 0 0 0 0 0.932347 0 0 0 
0 0 0 0 0 0.46263 0 0 0 0.46263 0 0 0.46263 -4.18493 0 1.39852 0 0 0 0 0 0 0 0 0 0 0 0 0 1.39852 0 0 
0 0 0 0 0 0 0.46263 0 0 0 0.46263 0 0.46263 0 -4.18493 1.39852 0 0 0 0 0 0 0 0 0 0 0 0 0 0 1.39852 0 
0 0 0 0 0 0 0 0.46263 0 0 0 0.46263 0 0.46263 0.46263 -3.71521 0 0 0 0 0 0 0 0 0 0 0 0 0 0 0 1.86469 
0.46263 0 0 0 0 0 0 0 0 0 0 0 0 0 0 0 -2.32732 0.466173 0.466173 0 0.466173 0 0 0 0.466173 0 0 0 0 0 0 0 
0 0.46263 0 0 0 0 0 0 0 0 0 0 0 0 0 0 0.46263 -3.7223 0 0.932347 0 0.932347 0 0 0 0.932347 0 0 0 0 0 0 
0 0 0.46263 0 0 0 0 0 0 0 0 0 0 0 0 0 0.46263 0 -3.7223 0.932347 0 0 0.932347 0 0 0 0.932347 0 0 0 0 0 
0 0 0 0.46263 0 0 0 0 0 0 0 0 0 0 0 0 0 0.46263 0.46263 -4.18493 0 0 0 1.39852 0 0 0 1.39852 0 0 0 0 
0 0 0 0 0.46263 0 0 0 0 0 0 0 0 0 0 0 0.46263 0 0 0 -3.7223 0.932347 0.932347 0 0 0 0 0 0.932347 0 0 0 
0 0 0 0 0 0.46263 0 0 0 0 0 0 0 0 0 0 0 0.46263 0 0 0.46263 -4.18493 0 1.39852 0 0 0 0 0 1.39852 0 0 
0 0 0 0 0 0 0.46263 0 0 0 0 0 0 0 0 0 0 0 0.46263 0 0.46263 0 -4.18493 1.39852 0 0 0 0 0 0 1.39852 0 
0 0 0 0 0 0 0 0.46263 0 0 0 0 0 0 0 0 0 0 0 0.46263 0 0.46263 0.46263 -3.71521 0 0 0 0 0 0 0 1.86469 
0 0 0 0 0 0 0 0 0.46263 0 0 0 0 0 0 0 0.46263 0 0 0 0 0 0 0 -3.7223 0.932347 0.932347 0 0.932347 0 0 0 
0 0 0 0 0 0 0 0 0 0.46263 0 0 0 0 0 0 0 0.46263 0 0 0 0 0 0 0.46263 -4.18493 0 1.39852 0 1.39852 0 0 
0 0 0 0 0 0 0 0 0 0 0.46263 0 0 0 0 0 0 0 0.46263 0 0 0 0 0 0.46263 0 -4.18493 1.39852 0 0 1.39852 0 
0 0 0 0 0 0 0 0 0 0 0 0.46263 0 0 0 0 0 0 0 0.46263 0 0 0 0 0 0.46263 0.46263 -3.71521 0 0 0 1.86469 
0 0 0 0 0 0 0 0 0 0 0 0 0.46263 0 0 0 0 0 0 0 0.46263 0 0 0 0.46263 0 0 0 -4.18493 1.39852 1.39852 0 
0 0 0 0 0 0 0 0 0 0 0 0 0 0.46263 0 0 0 0 0 0 0 0.46263 0 0 0 0.46263 0 0 0.46263 -3.71521 0 1.86469 
0 0 0 0 0 0 0 0 0 0 0 0 0 0 0.46263 0 0 0 0 0 0 0 0.46263 0 0 0 0.46263 0 0.46263 0 -3.71521 1.86469 
0 0 0 0 0 0 0 0 0 0 0 0 0 0 0 0.46263 0 0 0 0 0 0 0 0.46263 0 0 0 0.46263 0 0.46263 0.46263 -2.31315 
