64
-0 0 0 0 0 0 0 0 0 0 0 0 0 0 0 0 0 0 0 0 0 0 0 0 0 0 0 0 0 0 0 0 0 0 0 0 0 0 0 0 0 0 0 0 0 0 0 0 0 0 0 0 0 0 0 0 0 0 0 0 0 0 0 0 
0.290221 -1.5324 0 0.248436 0 0.248436 0 0 0 0.248436 0 0 0 0 0 0 0 0.248436 0 0 0 0 0 0 0 0 0 0 0 0 0 0 0 0.248436 0 0 0 0 0 0 0 0 0 0 0 0 0 0 0 0 0 0 0 0 0 0 0 0 0 0 0 0 0 0 
0.290221 0 -1.5324 0.248436 0 0 0.248436 0 0 0 0.248436 0 0 0 0 0 0 0 0.248436 0 0 0 0 0 0 0 0 0 0 0 0 0 0 0 0.248436 0 0 0 0 0 0 0 0 0 0 0 0 0 0 0 0 0 0 0 0 0 0 0 0 0 0 0 0 0 
0 0.290221 0.290221 -2.56793 0 0 0 0.496873 0 0 0 0.496873 0 0 0 0 0 0 0 0.496873 0 0 0 0 0 0 0 0 0 0 0 0 0 0 0 0.496873 0 0 0 0 0 0 0 0 0 0 0 0 0 0 0 0 0 0 0 0 0 0 0 0 0 0 0 0 
0.290221 0 0 0 -1.5324 0.248436 0.248436 0 0 0 0 0 0.248436 0 0 0 0 0 0 0 0.248436 0 0 0 0 0 0 0 0 0 0 0 0 0 0 0 0.248436 0 0 0 0 0 0 0 0 0 0 0 0 0 0 0 0 0 0 0 0 0 0 0 0 0 0 0 
0 0.290221 0 0 0.290221 -2.56793 0 0.496873 0 0 0 0 0 0.496873 0 0 0 0 0 0 0 0.496873 0 0 0 0 0 0 0 0 0 0 0 0 0 0 0 0.496873 0 0 0 0 0 0 0 0 0 0 0 0 0 0 0 0 0 0 0 0 0 0 0 0 0 0 
0 0 0.290221 0 0.290221 0 -2.56793 0.496873 0 0 0 0 0 0 0.496873 0 0 0 0 0 0 0 0.496873 0 0 0 0 0 0 0 0 0 0 0 0 0 0 0 0.496873 0 0 0 0 0 0 0 0 0 0 0 0 0 0 0 0 0 0 0 0 0 0 0 0 0 
0 0 0 0.290221 0 0.290221 0.290221 -3.10659 0 0 0 0 0 0 0 0.745309 0 0 0 0 0 0 0 0.745309 0 0 0 0 0 0 0 0 0 0 0 0 0 0 0 0.745309 0 0 0 0 0 0 0 0 0 0 0 0 0 0 0 0 0 0 0 0 0 0 0 0 
0.290221 0 0 0 0 0 0 0 -1.5324 0.248436 0.248436 0 0.248436 0 0 0 0 0 0 0 0 0 0 0 0.248436 0 0 0 0 0 0 0 0 0 0 0 0 0 0 0 0.248436 0 0 0 0 0 0 0 0 0 0 0 0 0 0 0 0 0 0 0 0 0 0 0 
0 0.290221 0 0 0 0 0 0 0.290221 -2.56793 0 0.496873 0 0.496873 0 0 0 0 0 0 0 0 0 0 0 0.496873 0 0 0 0 0 0 0 0 0 0 0 0 0 0 0 0.496873 0 0 0 0 0 0 0 0 0 0 0 0 0 0 0 0 0 0 0 0 0 0 
0 0 0.290221 0 0 0 0 0 0.290221 0 -2.56793 0.496873 0 0 0.496873 0 0 0 0 0 0 0 0 0 0 0 0.496873 0 0 0 0 0 0 0 0 0 0 0 0 0 0 0 0.496873 0 0 0 0 0 0 0 0 0 0 0 0 0 0 0 0 0 0 0 0 0 
0 0 0 0.290221 0 0 0 0 0 0.290221 0.290221 -3.10659 0 0 0 0.745309 0 0 0 0 0 0 0 0 0 0 0 0.745309 0 0 0 0 0 0 0 0 0 0 0 0 0 0 0 0.745309 0 0 0 0 0 0 0 0 0 0 0 0 0 0 0 0 0 0 0 0 
0 0 0 0 0.290221 0 0 0 0.290221 0 0 0 -2.56793 0.496873 0.496873 0 0 0 0 0 0 0 0 0 0 0 0 0 0.496873 0 0 0 0 0 0 0 0 0 0 0 0 0 0 0 0.496873 0 0 0 0 0 0 0 0 0 0 0 0 0 0 0 0 0 0 0 
0 0 0 0 0 0.290221 0 0 0 0.290221 0 0 0.290221 -3.10659 0 0.745309 0 0 0 0 0 0 0 0 0 0 0 0 0 0.745309 0 0 0 0 0 0 0 0 0 0 0 0 0 0 0 0.745309 0 0 0 0 0 0 0 0 0 0 0 0 0 0 0 0 0 0 
0 0 0 0 0 0 0.290221 0 0 0 0.290221 0 0.290221 0 -3.10659 0.745309 0 0 0 0 0 0 0 0 0 0 0 0 0 0 0.745309 0 0 0 0 0 0 0 0 0 0 0 0 0 0 0 0.745309 0 0 0 0 0 0 0 0 0 0 0 0 0 0 0 0 0 
0 0 0 0 0 0 0 0.290221 0 0 0 0.290221 0 0.290221 0.290221 -3.14837 0 0 0 0 0 0 0 0 0 0 0 0 0 0 0 0.993745 0 0 0 0 0 0 0 0 0 0 0 0 0 0 0 0.993745 0 0 0 0 0 0 0 0 0 0 0 0 0 0 0 0 
0.290221 0 0 0 0 0 0 0 0 0 0 0 0 0 0 0 -1.5324 0.248436 0.248436 0 0.248436 0 0 0 0.248436 0 0 0 0 0 0 0 0 0 0 0 0 0 0 0 0 0 0 0 0 0 0 0 0.248436 0 0 0 0 0 0 0 0 0 0 0 0 0 0 0 
0 0.290221 0 0 0 0 0 0 0 0 0 0 0 0 0 0 0.290221 -2.56793 0 0.496873 0 0.496873 0 0 0 0.496873 0 0 0 0 0 0 0 0 0 0 0 0 0 0 0 0 0 0 0 0 0 0 0 0.496873 0 0 0 0 0 0 0 0 0 0 0 0 0 0 
0 0 0.290221 0 0 0 0 0 0 0 0 0 0 0 0 0 0.290221 0 -2.56793 0.496873 0 0 0.496873 0 0 0 0.496873 0 0 0 0 0 0 0 0 0 0 0 0 0 0 0 0 0 0 0 0 0 0 0 0.496873 0 0 0 0 0 0 0 0 0 0 0 0 0 
0 0 0 0.290221 0 0 0 0 0 0 0 0 0 0 0 0 0 0.290221 0.290221 -3.10659 0 0 0 0.745309 0 0 0 0.745309 0 0 0 0 0 0 0 0 0 0 0 0 0 0 0 0 0 0 0 0 0 0 0 0.745309 0 0 0 0 0 0 0 0 0 0 0 0 
0 0 0 0 0.290221 0 0 0 0 0 0 0 0 0 0 0 0.290221 0 0 0 -2.56793 0.496873 0.496873 0 0 0 0 0 0.496873 0 0 0 0 0 0 0 0 0 0 0 0 0 0 0 0 0 0 0 0 0 0 0 0.496873 0 0 0 0 0 0 0 0 0 0 0 
0 0 0 0 0 0.290221 0 0 0 0 0 0 0 0 0 0 0 0.290221 0 0 0.290221 -3.10659 0 0.745309 0 0 0 0 0 0.745309 0 0 0 0 0 0 0 0 0 0 0 0 0 0 0 0 0 0 0 0 0 0 0 0.745309 0 0 0 0 0 0 0 0 0 0 
0 0 0 0 0 0 0.290221 0 0 0 0 0 0 0 0 0 0 0 0.290221 0 0.290221 0 -3.10659 0.745309 0 0 0 0 0 0 0.745309 0 0 0 0 0 0 0 0 0 0 0 0 0 0 0 0 0 0 0 0 0 0 0 0.745309 0 0 0 0 0 0 0 0 0 
0 0 0 0 0 0 0 0.290221 0 0 0 0 0 0 0 0 0 0 0 0.290221 0 0.290221 0.290221 -3.14837 0 0 0 0 0 0 0 0.993745 0 0 0 0 0 0 0 0 0 0 0 0 0 0 0 0 0 0 0 0 0 0 0 0.993745 0 0 0 0 0 0 0 0 
0 0 0 0 0 0 0 0 0.290221 0 0 0 0 0 0 0 0.290221 0 0 0 0 0 0 0 -2.56793 0.496873 0.496873 0 0.496873 0 0 0 0 0 0 0 0 0 0 0 0 0 0 0 0 0 0 0 0 0 0 0 0 0 0 0 0.496873 0 0 0 0 0 0 0 
0 0 0 0 0 0 0 0 0 0.290221 0 0 0 0 0 0 0 0.290221 0 0 0 0 0 0 0.290221 -3.10659 0 0.745309 0 0.745309 0 0 0 0 0 0 0 0 0 0 0 0 0 0 0 0 0 0 0 0 0 0 0 0 0 0 0 0.745309 0 0 0 0 0 0 
0 0 0 0 0 0 0 0 0 0 0.290221 0 0 0 0 0 0 0 0.290221 0 0 0 0 0 0.290221 0 -3.10659 0.745309 0 0 0.745309 0 0 0 0 0 0 0 0 0 0 0 0 0 0 0 0 0 0 0 0 0 0 0 0 0 0 0 0.745309 0 0 0 0 0 
0 0 0 0 0 0 0 0 0 0 0 0.290221 0 0 0 0 0 0 0 0.290221 0 0 0 0 0 0.290221 0.290221 -3.14837 0 0 0 0.993745 0 0 0 0 0 0 0 0 0 0 0 0 0 0 0 0 0 0 0 0 0 0 0 0 0 0 0 0.993745 0 0 0 0 
0 0 0 0 0 0 0 0 0 0 0 0 0.290221 0 0 0 0 0 0 0 0.290221 0 0 0 0.290221 0 0 0 -3.10659 0.745309 0.745309 0 0 0 0 0 0 0 0 0 0 0 0 0 0 0 0 0 0 0 0 0 0 0 0 0 0 0 0 0 0.745309 0 0 0 
0 0 0 0 0 0 0 0 0 0 0 0 0 0.290221 0 0 0 0 0 0 0 0.290221 0 0 0 0.290221 0 0 0.290221 -3.14837 0 0.993745 0 0 0 0 0 0 0 0 0 0 0 0 0 0 0 0 0 0 0 0 0 0 0 0 0 0 0 0 0 0.993745 0 0 
0 0 0 0 0 0 0 0 0 0 0 0 0 0 0.290221 0 0 0 0 0 0 0 0.290221 0 0 0 0.290221 0 0.290221 0 -3.14837 0.993745 0 0 0 0 0 0 0 0 0 0 0 0 0 0 0 0 0 0 0 0 0 0 0 0 0 0 0 0 0 0 0.993745 0 
0 0 0 0 0 0 0 0 0 0 0 0 0 0 0 0.290221 0 0 0 0 0 0 0 0.290221 0 0 0 0.290221 0 0.290221 0.290221 -2.69328 0 0 0 0 0 0 0 0 0 0 0 0 0 0 0 0 0 0 0 0 0 0 0 0 0 0 0 0 0 0 0 1.24218 
0.290221 0 0 0 0 0 0 0 0 0 0 0 0 0 0 0 0 0 0 0 0 0 0 0 0 0 0 0 0 0 0 0 -1.5324 0.248436 0.248436 0 0.248436 0 0 0 0.248436 0 0 0 0 0 0 0 0.248436 0 0 0 0 0 0 0 0 0 0 0 0 0 0 0 
0 0.290221 0 0 0 0 0 0 0 0 0 0 0 0 0 0 0 0 0 0 0 0 0 0 0 0 0 0 0 0 0 0 0.290221 -2.56793 0 0.496873 0 0.496873 0 0 0 0.496873 0 0 0 0 0 0 0 0.496873 0 0 0 0 0 0 0 0 0 0 0 0 0 0 
0 0 0.290221 0 0 0 0 0 0 0 0 0 0 0 0 0 0 0 0 0 0 0 0 0 0 0 0 0 0 0 0 0 0.290221 0 -2.56793 0.496873 0 0 0.496873 0 0 0 0.496873 0 0 0 0 0 0 0 0.496873 0 0 0 0 0 0 0 0 0 0 0 0 0 
0 0 0 0.290221 0 0 0 0 0 0 0 0 0 0 0 0 0 0 0 0 0 0 0 0 0 0 0 0 0 0 0 0 0 0.290221 0.290221 -3.10659 0 0 0 0.745309 0 0 0 0.745309 0 0 0 0 0 0 0 0.745309 0 0 0 0 0 0 0 0 0 0 0 0 
0 0 0 0 0.290221 0 0 0 0 0 0 0 0 0 0 0 0 0 0 0 0 0 0 0 0 0 0 0 0 0 0 0 0.290221 0 0 0 -2.56793 0.496873 0.496873 0 0 0 0 0 0.496873 0 0 0 0 0 0 0 0.496873 0 0 0 0 0 0 0 0 0 0 0 
0 0 0 0 0 0.290221 0 0 0 0 0 0 0 0 0 0 0 0 0 0 0 0 0 0 0 0 0 0 0 0 0 0 0 0.290221 0 0 0.290221 -3.10659 0 0.745309 0 0 0 0 0 0.745309 0 0 0 0 0 0 0 0.745309 0 0 0 0 0 0 0 0 0 0 
0 0 0 0 0 0 0.290221 0 0 0 0 0 0 0 0 0 0 0 0 0 0 0 0 0 0 0 0 0 0 0 0 0 0 0 0.290221 0 0.290221 0 -3.10659 0.745309 0 0 0 0 0 0 0.745309 0 0 0 0 0 0 0 0.745309 0 0 0 0 0 0 0 0 0 
0 0 0 0 0 0 0 0.290221 0 0 0 0 0 0 0 0 0 0 0 0 0 0 0 0 0 0 0 0 0 0 0 0 0 0 0 0.290221 0 0.290221 0.290221 -3.14837 0 0 0 0 0 0 0 0.993745 0 0 0 0 0 0 0 0.993745 0 0 0 0 0 0 0 0 
0 0 0 0 0 0 0 0 0.290221 0 0 0 0 0 0 0 0 0 0 0 0 0 0 0 0 0 0 0 0 0 0 0 0.290221 0 0 0 0 0 0 0 -2.56793 0.496873 0.496873 0 0.496873 0 0 0 0 0 0 0 0 0 0 0 0.496873 0 0 0 0 0 0 0 
0 0 0 0 0 0 0 0 0 0.290221 0 0 0 0 0 0 0 0 0 0 0 0 0 0 0 0 0 0 0 0 0 0 0 0.290221 0 0 0 0 0 0 0.290221 -3.10659 0 0.745309 0 0.745309 0 0 0 0 0 0 0 0 0 0 0 0.745309 0 0 0 0 0 0 
0 0 0 0 0 0 0 0 0 0 0.290221 0 0 0 0 0 0 0 0 0 0 0 0 0 0 0 0 0 0 0 0 0 0 0 0.290221 0 0 0 0 0 0.290221 0 -3.10659 0.745309 0 0 0.745309 0 0 0 0 0 0 0 0 0 0 0 0.745309 0 0 0 0 0 
0 0 0 0 0 0 0 0 0 0 0 0.290221 0 0 0 0 0 0 0 0 0 0 0 0 0 0 0 0 0 0 0 0 0 0 0 0.290221 0 0 0 0 0 0.290221 0.290221 -3.14837 0 0 0 0.993745 0 0 0 0 0 0 0 0 0 0 0 0.993745 0 0 0 0 
0 0 0 0 0 0 0 0 0 0 0 0 0.290221 0 0 0 0 0 0 0 0 0 0 0 0 0 0 0 0 0 0 0 0 0 0 0 0.290221 0 0 0 0.290221 0 0 0 -3.10659 0.745309 0.745309 0 0 0 0 0 0 0 0 0 0 0 0 0 0.745309 0 0 0 
0 0 0 0 0 0 0 0 0 0 0 0 0 0.290221 0 0 0 0 0 0 0 0 0 0 0 0 0 0 0 0 0 0 0 0 0 0 0 0.290221 0 0 0 0.290221 0 0 0.290221 -3.14837 0 0.993745 0 0 0 0 0 0 0 0 0 0 0 0 0 0.993745 0 0 
0 0 0 0 0 0 0 0 0 0 0 0 0 0 0.290221 0 0 0 0 0 0 0 0 0 0 0 0 0 0 0 0 0 0 0 0 0 0 0 0.290221 0 0 0 0.290221 0 0.290221 0 -3.14837 0.993745 0 0 0 0 0 0 0 0 0 0 0 0 0 0 0.993745 0 
0 0 0 0 0 0 0 0 0 0 0 0 0 0 0 0.290221 0 0 0 0 0 0 0 0 0 0 0 0 0 0 0 0 0 0 0 0 0 0 0 0.290221 0 0 0 0.290221 0 0.290221 0.290221 -2.69328 0 0 0 0 0 0 0 0 0 0 0 0 0 0 0 1.24218 
0 0 0 0 0 0 0 0 0 0 0 0 0 0 0 0 0.290221 0 0 0 0 0 0 0 0 0 0 0 0 0 0 0 0.290221 0 0 0 0 0 0 0 0 0 0 0 0 0 0 0 -2.56793 0.496873 0.496873 0 0.496873 0 0 0 0.496873 0 0 0 0 0 0 0 
0 0 0 0 0 0 0 0 0 0 0 0 0 0 0 0 0 0.290221 0 0 0 0 0 0 0 0 0 0 0 0 0 0 0 0.290221 0 0 0 0 0 0 0 0 0 0 0 0 0 0 0.290221 -3.10659 0 0.745309 0 0.745309 0 0 0 0.745309 0 0 0 0 0 0 
0 0 0 0 0 0 0 0 0 0 0 0 0 0 0 0 0 0 0.290221 0 0 0 0 0 0 0 0 0 0 0 0 0 0 0 0.290221 0 0 0 0 0 0 0 0 0 0 0 0 0 0.290221 0 -3.10659 0.745309 0 0 0.745309 0 0 0 0.745309 0 0 0 0 0 
0 0 0 0 0 0 0 0 0 0 0 0 0 0 0 0 0 0 0 0.290221 0 0 0 0 0 0 0 0 0 0 0 0 0 0 0 0.290221 0 0 0 0 0 0 0 0 0 0 0 0 0 0.290221 0.290221 -3.14837 0 0 0 0.993745 0 0 0 0.993745 0 0 0 0 
0 0 0 0 0 0 0 0 0 0 0 0 0 0 0 0 0 0 0 0 0.290221 0 0 0 0 0 0 0 0 0 0 0 0 0 0 0 0.290221 0 0 0 0 0 0 0 0 0 0 0 0.290221 0 0 0 -3.10659 0.745309 0.745309 0 0 0 0 0 0.745309 0 0 0 
0 0 0 0 0 0 0 0 0 0 0 0 0 0 0 0 0 0 0 0 0 0.290221 0 0 0 0 0 0 0 0 0 0 0 0 0 0 0 0.290221 0 0 0 0 0 0 0 0 0 0 0 0.290221 0 0 0.290221 -3.14837 0 0.993745 0 0 0 0 0 0.993745 0 0 
0 0 0 0 0 0 0 0 0 0 0 0 0 0 0 0 0 0 0 0 0 0 0.290221 0 0 0 0 0 0 0 0 0 0 0 0 0 0 0 0.290221 0 0 0 0 0 0 0 0 0 0 0 0.290221 0 0.290221 0 -3.14837 0.993745 0 0 0 0 0 0 0.993745 0 
0 0 0 0 0 0 0 0 0 0 0 0 0 0 0 0 0 0 0 0 0 0 0 0.290221 0 0 0 0 0 0 0 0 0 0 0 0 0 0 0 0.290221 0 0 0 0 0 0 0 0 0 0 0 0.290221 0 0.290221 0.290221 -2.69328 0 0 0 0 0 0 0 1.24218 
0 0 0 0 0 0 0 0 0 0 0 0 0 0 0 0 0 0 0 0 0 0 0 0 0.290221 0 0 0 0 0 0 0 0 0 0 0 0 0 0 0 0.290221 0 0 0 0 0 0 0 0.290221 0 0 0 0 0 0 0 -3.10659 0.745309 0.745309 0 0.745309 0 0 0 
0 0 0 0 0 0 0 0 0 0 0 0 0 0 0 0 0 0 0 0 0 0 0 0 0 0.290221 0 0 0 0 0 0 0 0 0 0 0 0 0 0 0 0.290221 0 0 0 0 0 0 0 0.290221 0 0 0 0 0 0 0.290221 -3.14837 0 0.993745 0 0.993745 0 0 
0 0 0 0 0 0 0 0 0 0 0 0 0 0 0 0 0 0 0 0 0 0 0 0 0 0 0.290221 0 0 0 0 0 0 0 0 0 0 0 0 0 0 0 0.290221 0 0 0 0 0 0 0 0.290221 0 0 0 0 0 0.290221 0 -3.14837 0.993745 0 0 0.993745 0 
0 0 0 0 0 0 0 0 0 0 0 0 0 0 0 0 0 0 0 0 0 0 0 0 0 0 0 0.290221 0 0 0 0 0 0 0 0 0 0 0 0 0 0 0 0.290221 0 0 0 0 0 0 0 0.290221 0 0 0 0 0 0.290221 0.290221 -2.69328 0 0 0 1.24218 
0 0 0 0 0 0 0 0 0 0 0 0 0 0 0 0 0 0 0 0 0 0 0 0 0 0 0 0 0.290221 0 0 0 0 0 0 0 0 0 0 0 0 0 0 0 0.290221 0 0 0 0 0 0 0 0.290221 0 0 0 0.290221 0 0 0 -3.14837 0.993745 0.993745 0 
0 0 0 0 0 0 0 0 0 0 0 0 0 0 0 0 0 0 0 0 0 0 0 0 0 0 0 0 0 0.290221 0 0 0 0 0 0 0 0 0 0 0 0 0 0 0 0.290221 0 0 0 0 0 0 0 0.290221 0 0 0 0.290221 0 0 0.290221 -2.69328 0 1.24218 
0 0 0 0 0 0 0 0 0 0 0 0 0 0 0 0 0 0 0 0 0 0 0 0 0 0 0 0 0 0 0.290221 0 0 0 0 0 0 0 0 0 0 0 0 0 0 0 0.290221 0 0 0 0 0 0 0 0.290221 0 0 0 0.290221 0 0.290221 0 -2.69328 1.24218 
0 0 0 0 0 0 0 0 0 0 0 0 0 0 0 0 0 0 0 0 0 0 0 0 0 0 0 0 0 0 0 0.290221 0 0 0 0 0 0 0 0 0 0 0 0 0 0 0 0.290221 0 0 0 0 0 0 0 0.290221 0 0 0 0.290221 0 0.290221 0.290221 -1.74132 
