64
-0 0 0 0 0 0 0 0 0 0 0 0 0 0 0 0 0 0 0 0 0 0 0 0 0 0 0 0 0 0 0 0 0 0 0 0 0 0 0 0 0 0 0 0 0 0 0 0 0 0 0 0 0 0 0 0 0 0 0 0 0 0 0 0 
0.470197 -2.5183 0 0.40962 0 0.40962 0 0 0 0.40962 0 0 0 0 0 0 0 0.40962 0 0 0 0 0 0 0 0 0 0 0 0 0 0 0 0.40962 0 0 0 0 0 0 0 0 0 0 0 0 0 0 0 0 0 0 0 0 0 0 0 0 0 0 0 0 0 0 
0.470197 0 -2.5183 0.40962 0 0 0.40962 0 0 0 0.40962 0 0 0 0 0 0 0 0.40962 0 0 0 0 0 0 0 0 0 0 0 0 0 0 0 0.40962 0 0 0 0 0 0 0 0 0 0 0 0 0 0 0 0 0 0 0 0 0 0 0 0 0 0 0 0 0 
0 0.470197 0.470197 -4.21736 0 0 0 0.819241 0 0 0 0.819241 0 0 0 0 0 0 0 0.819241 0 0 0 0 0 0 0 0 0 0 0 0 0 0 0 0.819241 0 0 0 0 0 0 0 0 0 0 0 0 0 0 0 0 0 0 0 0 0 0 0 0 0 0 0 0 
0.470197 0 0 0 -2.5183 0.40962 0.40962 0 0 0 0 0 0.40962 0 0 0 0 0 0 0 0.40962 0 0 0 0 0 0 0 0 0 0 0 0 0 0 0 0.40962 0 0 0 0 0 0 0 0 0 0 0 0 0 0 0 0 0 0 0 0 0 0 0 0 0 0 0 
0 0.470197 0 0 0.470197 -4.21736 0 0.819241 0 0 0 0 0 0.819241 0 0 0 0 0 0 0 0.819241 0 0 0 0 0 0 0 0 0 0 0 0 0 0 0 0.819241 0 0 0 0 0 0 0 0 0 0 0 0 0 0 0 0 0 0 0 0 0 0 0 0 0 0 
0 0 0.470197 0 0.470197 0 -4.21736 0.819241 0 0 0 0 0 0 0.819241 0 0 0 0 0 0 0 0.819241 0 0 0 0 0 0 0 0 0 0 0 0 0 0 0 0.819241 0 0 0 0 0 0 0 0 0 0 0 0 0 0 0 0 0 0 0 0 0 0 0 0 0 
0 0 0 0.470197 0 0.470197 0.470197 -5.09717 0 0 0 0 0 0 0 1.22886 0 0 0 0 0 0 0 1.22886 0 0 0 0 0 0 0 0 0 0 0 0 0 0 0 1.22886 0 0 0 0 0 0 0 0 0 0 0 0 0 0 0 0 0 0 0 0 0 0 0 0 
0.470197 0 0 0 0 0 0 0 -2.5183 0.40962 0.40962 0 0.40962 0 0 0 0 0 0 0 0 0 0 0 0.40962 0 0 0 0 0 0 0 0 0 0 0 0 0 0 0 0.40962 0 0 0 0 0 0 0 0 0 0 0 0 0 0 0 0 0 0 0 0 0 0 0 
0 0.470197 0 0 0 0 0 0 0.470197 -4.21736 0 0.819241 0 0.819241 0 0 0 0 0 0 0 0 0 0 0 0.819241 0 0 0 0 0 0 0 0 0 0 0 0 0 0 0 0.819241 0 0 0 0 0 0 0 0 0 0 0 0 0 0 0 0 0 0 0 0 0 0 
0 0 0.470197 0 0 0 0 0 0.470197 0 -4.21736 0.819241 0 0 0.819241 0 0 0 0 0 0 0 0 0 0 0 0.819241 0 0 0 0 0 0 0 0 0 0 0 0 0 0 0 0.819241 0 0 0 0 0 0 0 0 0 0 0 0 0 0 0 0 0 0 0 0 0 
0 0 0 0.470197 0 0 0 0 0 0.470197 0.470197 -5.09717 0 0 0 1.22886 0 0 0 0 0 0 0 0 0 0 0 1.22886 0 0 0 0 0 0 0 0 0 0 0 0 0 0 0 1.22886 0 0 0 0 0 0 0 0 0 0 0 0 0 0 0 0 0 0 0 0 
0 0 0 0 0.470197 0 0 0 0.470197 0 0 0 -4.21736 0.819241 0.819241 0 0 0 0 0 0 0 0 0 0 0 0 0 0.819241 0 0 0 0 0 0 0 0 0 0 0 0 0 0 0 0.819241 0 0 0 0 0 0 0 0 0 0 0 0 0 0 0 0 0 0 0 
0 0 0 0 0 0.470197 0 0 0 0.470197 0 0 0.470197 -5.09717 0 1.22886 0 0 0 0 0 0 0 0 0 0 0 0 0 1.22886 0 0 0 0 0 0 0 0 0 0 0 0 0 0 0 1.22886 0 0 0 0 0 0 0 0 0 0 0 0 0 0 0 0 0 0 
0 0 0 0 0 0 0.470197 0 0 0 0.470197 0 0.470197 0 -5.09717 1.22886 0 0 0 0 0 0 0 0 0 0 0 0 0 0 1.22886 0 0 0 0 0 0 0 0 0 0 0 0 0 0 0 1.22886 0 0 0 0 0 0 0 0 0 0 0 0 0 0 0 0 0 
0 0 0 0 0 0 0 0.470197 0 0 0 0.470197 0 0.470197 0.470197 -5.15775 0 0 0 0 0 0 0 0 0 0 0 0 0 0 0 1.63848 0 0 0 0 0 0 0 0 0 0 0 0 0 0 0 1.63848 0 0 0 0 0 0 0 0 0 0 0 0 0 0 0 0 
0.470197 0 0 0 0 0 0 0 0 0 0 0 0 0 0 0 -2.5183 0.40962 0.40962 0 0.40962 0 0 0 0.40962 0 0 0 0 0 0 0 0 0 0 0 0 0 0 0 0 0 0 0 0 0 0 0 0.40962 0 0 0 0 0 0 0 0 0 0 0 0 0 0 0 
0 0.470197 0 0 0 0 0 0 0 0 0 0 0 0 0 0 0.470197 -4.21736 0 0.819241 0 0.819241 0 0 0 0.819241 0 0 0 0 0 0 0 0 0 0 0 0 0 0 0 0 0 0 0 0 0 0 0 0.819241 0 0 0 0 0 0 0 0 0 0 0 0 0 0 
0 0 0.470197 0 0 0 0 0 0 0 0 0 0 0 0 0 0.470197 0 -4.21736 0.819241 0 0 0.819241 0 0 0 0.819241 0 0 0 0 0 0 0 0 0 0 0 0 0 0 0 0 0 0 0 0 0 0 0 0.819241 0 0 0 0 0 0 0 0 0 0 0 0 0 
0 0 0 0.470197 0 0 0 0 0 0 0 0 0 0 0 0 0 0.470197 0.470197 -5.09717 0 0 0 1.22886 0 0 0 1.22886 0 0 0 0 0 0 0 0 0 0 0 0 0 0 0 0 0 0 0 0 0 0 0 1.22886 0 0 0 0 0 0 0 0 0 0 0 0 
0 0 0 0 0.470197 0 0 0 0 0 0 0 0 0 0 0 0.470197 0 0 0 -4.21736 0.819241 0.819241 0 0 0 0 0 0.819241 0 0 0 0 0 0 0 0 0 0 0 0 0 0 0 0 0 0 0 0 0 0 0 0.819241 0 0 0 0 0 0 0 0 0 0 0 
0 0 0 0 0 0.470197 0 0 0 0 0 0 0 0 0 0 0 0.470197 0 0 0.470197 -5.09717 0 1.22886 0 0 0 0 0 1.22886 0 0 0 0 0 0 0 0 0 0 0 0 0 0 0 0 0 0 0 0 0 0 0 1.22886 0 0 0 0 0 0 0 0 0 0 
0 0 0 0 0 0 0.470197 0 0 0 0 0 0 0 0 0 0 0 0.470197 0 0.470197 0 -5.09717 1.22886 0 0 0 0 0 0 1.22886 0 0 0 0 0 0 0 0 0 0 0 0 0 0 0 0 0 0 0 0 0 0 0 1.22886 0 0 0 0 0 0 0 0 0 
0 0 0 0 0 0 0 0.470197 0 0 0 0 0 0 0 0 0 0 0 0.470197 0 0.470197 0.470197 -5.15775 0 0 0 0 0 0 0 1.63848 0 0 0 0 0 0 0 0 0 0 0 0 0 0 0 0 0 0 0 0 0 0 0 1.63848 0 0 0 0 0 0 0 0 
0 0 0 0 0 0 0 0 0.470197 0 0 0 0 0 0 0 0.470197 0 0 0 0 0 0 0 -4.21736 0.819241 0.819241 0 0.819241 0 0 0 0 0 0 0 0 0 0 0 0 0 0 0 0 0 0 0 0 0 0 0 0 0 0 0 0.819241 0 0 0 0 0 0 0 
0 0 0 0 0 0 0 0 0 0.470197 0 0 0 0 0 0 0 0.470197 0 0 0 0 0 0 0.470197 -5.09717 0 1.22886 0 1.22886 0 0 0 0 0 0 0 0 0 0 0 0 0 0 0 0 0 0 0 0 0 0 0 0 0 0 0 1.22886 0 0 0 0 0 0 
0 0 0 0 0 0 0 0 0 0 0.470197 0 0 0 0 0 0 0 0.470197 0 0 0 0 0 0.470197 0 -5.09717 1.22886 0 0 1.22886 0 0 0 0 0 0 0 0 0 0 0 0 0 0 0 0 0 0 0 0 0 0 0 0 0 0 0 1.22886 0 0 0 0 0 
0 0 0 0 0 0 0 0 0 0 0 0.470197 0 0 0 0 0 0 0 0.470197 0 0 0 0 0 0.470197 0.470197 -5.15775 0 0 0 1.63848 0 0 0 0 0 0 0 0 0 0 0 0 0 0 0 0 0 0 0 0 0 0 0 0 0 0 0 1.63848 0 0 0 0 
0 0 0 0 0 0 0 0 0 0 0 0 0.470197 0 0 0 0 0 0 0 0.470197 0 0 0 0.470197 0 0 0 -5.09717 1.22886 1.22886 0 0 0 0 0 0 0 0 0 0 0 0 0 0 0 0 0 0 0 0 0 0 0 0 0 0 0 0 0 1.22886 0 0 0 
0 0 0 0 0 0 0 0 0 0 0 0 0 0.470197 0 0 0 0 0 0 0 0.470197 0 0 0 0.470197 0 0 0.470197 -5.15775 0 1.63848 0 0 0 0 0 0 0 0 0 0 0 0 0 0 0 0 0 0 0 0 0 0 0 0 0 0 0 0 0 1.63848 0 0 
0 0 0 0 0 0 0 0 0 0 0 0 0 0 0.470197 0 0 0 0 0 0 0 0.470197 0 0 0 0.470197 0 0.470197 0 -5.15775 1.63848 0 0 0 0 0 0 0 0 0 0 0 0 0 0 0 0 0 0 0 0 0 0 0 0 0 0 0 0 0 0 1.63848 0 
0 0 0 0 0 0 0 0 0 0 0 0 0 0 0 0.470197 0 0 0 0 0 0 0 0.470197 0 0 0 0.470197 0 0.470197 0.470197 -4.39909 0 0 0 0 0 0 0 0 0 0 0 0 0 0 0 0 0 0 0 0 0 0 0 0 0 0 0 0 0 0 0 2.0481 
0.470197 0 0 0 0 0 0 0 0 0 0 0 0 0 0 0 0 0 0 0 0 0 0 0 0 0 0 0 0 0 0 0 -2.5183 0.40962 0.40962 0 0.40962 0 0 0 0.40962 0 0 0 0 0 0 0 0.40962 0 0 0 0 0 0 0 0 0 0 0 0 0 0 0 
0 0.470197 0 0 0 0 0 0 0 0 0 0 0 0 0 0 0 0 0 0 0 0 0 0 0 0 0 0 0 0 0 0 0.470197 -4.21736 0 0.819241 0 0.819241 0 0 0 0.819241 0 0 0 0 0 0 0 0.819241 0 0 0 0 0 0 0 0 0 0 0 0 0 0 
0 0 0.470197 0 0 0 0 0 0 0 0 0 0 0 0 0 0 0 0 0 0 0 0 0 0 0 0 0 0 0 0 0 0.470197 0 -4.21736 0.819241 0 0 0.819241 0 0 0 0.819241 0 0 0 0 0 0 0 0.819241 0 0 0 0 0 0 0 0 0 0 0 0 0 
0 0 0 0.470197 0 0 0 0 0 0 0 0 0 0 0 0 0 0 0 0 0 0 0 0 0 0 0 0 0 0 0 0 0 0.470197 0.470197 -5.09717 0 0 0 1.22886 0 0 0 1.22886 0 0 0 0 0 0 0 1.22886 0 0 0 0 0 0 0 0 0 0 0 0 
0 0 0 0 0.470197 0 0 0 0 0 0 0 0 0 0 0 0 0 0 0 0 0 0 0 0 0 0 0 0 0 0 0 0.470197 0 0 0 -4.21736 0.819241 0.819241 0 0 0 0 0 0.819241 0 0 0 0 0 0 0 0.819241 0 0 0 0 0 0 0 0 0 0 0 
0 0 0 0 0 0.470197 0 0 0 0 0 0 0 0 0 0 0 0 0 0 0 0 0 0 0 0 0 0 0 0 0 0 0 0.470197 0 0 0.470197 -5.09717 0 1.22886 0 0 0 0 0 1.22886 0 0 0 0 0 0 0 1.22886 0 0 0 0 0 0 0 0 0 0 
0 0 0 0 0 0 0.470197 0 0 0 0 0 0 0 0 0 0 0 0 0 0 0 0 0 0 0 0 0 0 0 0 0 0 0 0.470197 0 0.470197 0 -5.09717 1.22886 0 0 0 0 0 0 1.22886 0 0 0 0 0 0 0 1.22886 0 0 0 0 0 0 0 0 0 
0 0 0 0 0 0 0 0.470197 0 0 0 0 0 0 0 0 0 0 0 0 0 0 0 0 0 0 0 0 0 0 0 0 0 0 0 0.470197 0 0.470197 0.470197 -5.15775 0 0 0 0 0 0 0 1.63848 0 0 0 0 0 0 0 1.63848 0 0 0 0 0 0 0 0 
0 0 0 0 0 0 0 0 0.470197 0 0 0 0 0 0 0 0 0 0 0 0 0 0 0 0 0 0 0 0 0 0 0 0.470197 0 0 0 0 0 0 0 -4.21736 0.819241 0.819241 0 0.819241 0 0 0 0 0 0 0 0 0 0 0 0.819241 0 0 0 0 0 0 0 
0 0 0 0 0 0 0 0 0 0.470197 0 0 0 0 0 0 0 0 0 0 0 0 0 0 0 0 0 0 0 0 0 0 0 0.470197 0 0 0 0 0 0 0.470197 -5.09717 0 1.22886 0 1.22886 0 0 0 0 0 0 0 0 0 0 0 1.22886 0 0 0 0 0 0 
0 0 0 0 0 0 0 0 0 0 0.470197 0 0 0 0 0 0 0 0 0 0 0 0 0 0 0 0 0 0 0 0 0 0 0 0.470197 0 0 0 0 0 0.470197 0 -5.09717 1.22886 0 0 1.22886 0 0 0 0 0 0 0 0 0 0 0 1.22886 0 0 0 0 0 
0 0 0 0 0 0 0 0 0 0 0 0.470197 0 0 0 0 0 0 0 0 0 0 0 0 0 0 0 0 0 0 0 0 0 0 0 0.470197 0 0 0 0 0 0.470197 0.470197 -5.15775 0 0 0 1.63848 0 0 0 0 0 0 0 0 0 0 0 1.63848 0 0 0 0 
0 0 0 0 0 0 0 0 0 0 0 0 0.470197 0 0 0 0 0 0 0 0 0 0 0 0 0 0 0 0 0 0 0 0 0 0 0 0.470197 0 0 0 0.470197 0 0 0 -5.09717 1.22886 1.22886 0 0 0 0 0 0 0 0 0 0 0 0 0 1.22886 0 0 0 
0 0 0 0 0 0 0 0 0 0 0 0 0 0.470197 0 0 0 0 0 0 0 0 0 0 0 0 0 0 0 0 0 0 0 0 0 0 0 0.470197 0 0 0 0.470197 0 0 0.470197 -5.15775 0 1.63848 0 0 0 0 0 0 0 0 0 0 0 0 0 1.63848 0 0 
0 0 0 0 0 0 0 0 0 0 0 0 0 0 0.470197 0 0 0 0 0 0 0 0 0 0 0 0 0 0 0 0 0 0 0 0 0 0 0 0.470197 0 0 0 0.470197 0 0.470197 0 -5.15775 1.63848 0 0 0 0 0 0 0 0 0 0 0 0 0 0 1.63848 0 
0 0 0 0 0 0 0 0 0 0 0 0 0 0 0 0.470197 0 0 0 0 0 0 0 0 0 0 0 0 0 0 0 0 0 0 0 0 0 0 0 0.470197 0 0 0 0.470197 0 0.470197 0.470197 -4.39909 0 0 0 0 0 0 0 0 0 0 0 0 0 0 0 2.0481 
0 0 0 0 0 0 0 0 0 0 0 0 0 0 0 0 0.470197 0 0 0 0 0 0 0 0 0 0 0 0 0 0 0 0.470197 0 0 0 0 0 0 0 0 0 0 0 0 0 0 0 -4.21736 0.819241 0.819241 0 0.819241 0 0 0 0.819241 0 0 0 0 0 0 0 
0 0 0 0 0 0 0 0 0 0 0 0 0 0 0 0 0 0.470197 0 0 0 0 0 0 0 0 0 0 0 0 0 0 0 0.470197 0 0 0 0 0 0 0 0 0 0 0 0 0 0 0.470197 -5.09717 0 1.22886 0 1.22886 0 0 0 1.22886 0 0 0 0 0 0 
0 0 0 0 0 0 0 0 0 0 0 0 0 0 0 0 0 0 0.470197 0 0 0 0 0 0 0 0 0 0 0 0 0 0 0 0.470197 0 0 0 0 0 0 0 0 0 0 0 0 0 0.470197 0 -5.09717 1.22886 0 0 1.22886 0 0 0 1.22886 0 0 0 0 0 
0 0 0 0 0 0 0 0 0 0 0 0 0 0 0 0 0 0 0 0.470197 0 0 0 0 0 0 0 0 0 0 0 0 0 0 0 0.470197 0 0 0 0 0 0 0 0 0 0 0 0 0 0.470197 0.470197 -5.15775 0 0 0 1.63848 0 0 0 1.63848 0 0 0 0 
0 0 0 0 0 0 0 0 0 0 0 0 0 0 0 0 0 0 0 0 0.470197 0 0 0 0 0 0 0 0 0 0 0 0 0 0 0 0.470197 0 0 0 0 0 0 0 0 0 0 0 0.470197 0 0 0 -5.09717 1.22886 1.22886 0 0 0 0 0 1.22886 0 0 0 
0 0 0 0 0 0 0 0 0 0 0 0 0 0 0 0 0 0 0 0 0 0.470197 0 0 0 0 0 0 0 0 0 0 0 0 0 0 0 0.470197 0 0 0 0 0 0 0 0 0 0 0 0.470197 0 0 0.470197 -5.15775 0 1.63848 0 0 0 0 0 1.63848 0 0 
0 0 0 0 0 0 0 0 0 0 0 0 0 0 0 0 0 0 0 0 0 0 0.470197 0 0 0 0 0 0 0 0 0 0 0 0 0 0 0 0.470197 0 0 0 0 0 0 0 0 0 0 0 0.470197 0 0.470197 0 -5.15775 1.63848 0 0 0 0 0 0 1.63848 0 
0 0 0 0 0 0 0 0 0 0 0 0 0 0 0 0 0 0 0 0 0 0 0 0.470197 0 0 0 0 0 0 0 0 0 0 0 0 0 0 0 0.470197 0 0 0 0 0 0 0 0 0 0 0 0.470197 0 0.470197 0.470197 -4.39909 0 0 0 0 0 0 0 2.0481 
0 0 0 0 0 0 0 0 0 0 0 0 0 0 0 0 0 0 0 0 0 0 0 0 0.470197 0 0 0 0 0 0 0 0 0 0 0 0 0 0 0 0.470197 0 0 0 0 0 0 0 0.470197 0 0 0 0 0 0 0 -5.09717 1.22886 1.22886 0 1.22886 0 0 0 
0 0 0 0 0 0 0 0 0 0 0 0 0 0 0 0 0 0 0 0 0 0 0 0 0 0.470197 0 0 0 0 0 0 0 0 0 0 0 0 0 0 0 0.470197 0 0 0 0 0 0 0 0.470197 0 0 0 0 0 0 0.470197 -5.15775 0 1.63848 0 1.63848 0 0 
0 0 0 0 0 0 0 0 0 0 0 0 0 0 0 0 0 0 0 0 0 0 0 0 0 0 0.470197 0 0 0 0 0 0 0 0 0 0 0 0 0 0 0 0.470197 0 0 0 0 0 0 0 0.470197 0 0 0 0 0 0.470197 0 -5.15775 1.63848 0 0 1.63848 0 
0 0 0 0 0 0 0 0 0 0 0 0 0 0 0 0 0 0 0 0 0 0 0 0 0 0 0 0.470197 0 0 0 0 0 0 0 0 0 0 0 0 0 0 0 0.470197 0 0 0 0 0 0 0 0.470197 0 0 0 0 0 0.470197 0.470197 -4.39909 0 0 0 2.0481 
0 0 0 0 0 0 0 0 0 0 0 0 0 0 0 0 0 0 0 0 0 0 0 0 0 0 0 0 0.470197 0 0 0 0 0 0 0 0 0 0 0 0 0 0 0 0.470197 0 0 0 0 0 0 0 0.470197 0 0 0 0.470197 0 0 0 -5.15775 1.63848 1.63848 0 
0 0 0 0 0 0 0 0 0 0 0 0 0 0 0 0 0 0 0 0 0 0 0 0 0 0 0 0 0 0.470197 0 0 0 0 0 0 0 0 0 0 0 0 0 0 0 0.470197 0 0 0 0 0 0 0 0.470197 0 0 0 0.470197 0 0 0.470197 -4.39909 0 2.0481 
0 0 0 0 0 0 0 0 0 0 0 0 0 0 0 0 0 0 0 0 0 0 0 0 0 0 0 0 0 0 0.470197 0 0 0 0 0 0 0 0 0 0 0 0 0 0 0 0.470197 0 0 0 0 0 0 0 0.470197 0 0 0 0.470197 0 0.470197 0 -4.39909 2.0481 
0 0 0 0 0 0 0 0 0 0 0 0 0 0 0 0 0 0 0 0 0 0 0 0 0 0 0 0 0 0 0 0.470197 0 0 0 0 0 0 0 0 0 0 0 0 0 0 0 0.470197 0 0 0 0 0 0 0 0.470197 0 0 0 0.470197 0 0.470197 0.470197 -2.82118 
