32
-0 0 0 0 0 0 0 0 0 0 0 0 0 0 0 0 0 0 0 0 0 0 0 0 0 0 0 0 0 0 0 0 
0.282324 -1.89613 0 0.403451 0 0.403451 0 0 0 0.403451 0 0 0 0 0 0 0 0.403451 0 0 0 0 0 0 0 0 0 0 0 0 0 0 
0.282324 0 -1.89613 0.403451 0 0 0.403451 0 0 0 0.403451 0 0 0 0 0 0 0 0.403451 0 0 0 0 0 0 0 0 0 0 0 0 0 
0 0.282324 0.282324 -2.98535 0 0 0 0.806902 0 0 0 0.806902 0 0 0 0 0 0 0 0.806902 0 0 0 0 0 0 0 0 0 0 0 0 
0.282324 0 0 0 -1.89613 0.403451 0.403451 0 0 0 0 0 0.403451 0 0 0 0 0 0 0 0.403451 0 0 0 0 0 0 0 0 0 0 0 
0 0.282324 0 0 0.282324 -2.98535 0 0.806902 0 0 0 0 0 0.806902 0 0 0 0 0 0 0 0.806902 0 0 0 0 0 0 0 0 0 0 
0 0 0.282324 0 0.282324 0 -2.98535 0.806902 0 0 0 0 0 0 0.806902 0 0 0 0 0 0 0 0.806902 0 0 0 0 0 0 0 0 0 
0 0 0 0.282324 0 0.282324 0.282324 -3.26768 0 0 0 0 0 0 0 1.21035 0 0 0 0 0 0 0 1.21035 0 0 0 0 0 0 0 0 
0.282324 0 0 0 0 0 0 0 -1.89613 0.403451 0.403451 0 0.403451 0 0 0 0 0 0 0 0 0 0 0 0.403451 0 0 0 0 0 0 0 
0 0.282324 0 0 0 0 0 0 0.282324 -2.98535 0 0.806902 0 0.806902 0 0 0 0 0 0 0 0 0 0 0 0.806902 0 0 0 0 0 0 
0 0 0.282324 0 0 0 0 0 0.282324 0 -2.98535 0.806902 0 0 0.806902 0 0 0 0 0 0 0 0 0 0 0 0.806902 0 0 0 0 0 
0 0 0 0.282324 0 0 0 0 0 0.282324 0.282324 -3.26768 0 0 0 1.21035 0 0 0 0 0 0 0 0 0 0 0 1.21035 0 0 0 0 
0 0 0 0 0.282324 0 0 0 0.282324 0 0 0 -2.98535 0.806902 0.806902 0 0 0 0 0 0 0 0 0 0 0 0 0 0.806902 0 0 0 
0 0 0 0 0 0.282324 0 0 0 0.282324 0 0 0.282324 -3.26768 0 1.21035 0 0 0 0 0 0 0 0 0 0 0 0 0 1.21035 0 0 
0 0 0 0 0 0 0.282324 0 0 0 0.282324 0 0.282324 0 -3.26768 1.21035 0 0 0 0 0 0 0 0 0 0 0 0 0 0 1.21035 0 
0 0 0 0 0 0 0 0.282324 0 0 0 0.282324 0 0.282324 0.282324 -2.7431 0 0 0 0 0 0 0 0 0 0 0 0 0 0 0 1.6138 
0.282324 0 0 0 0 0 0 0 0 0 0 0 0 0 0 0 -1.89613 0.403451 0.403451 0 0.403451 0 0 0 0.403451 0 0 0 0 0 0 0 
0 0.282324 0 0 0 0 0 0 0 0 0 0 0 0 0 0 0.282324 -2.98535 0 0.806902 0 0.806902 0 0 0 0.806902 0 0 0 0 0 0 
0 0 0.282324 0 0 0 0 0 0 0 0 0 0 0 0 0 0.282324 0 -2.98535 0.806902 0 0 0.806902 0 0 0 0.806902 0 0 0 0 0 
0 0 0 0.282324 0 0 0 0 0 0 0 0 0 0 0 0 0 0.282324 0.282324 -3.26768 0 0 0 1.21035 0 0 0 1.21035 0 0 0 0 
0 0 0 0 0.282324 0 0 0 0 0 0 0 0 0 0 0 0.282324 0 0 0 -2.98535 0.806902 0.806902 0 0 0 0 0 0.806902 0 0 0 
0 0 0 0 0 0.282324 0 0 0 0 0 0 0 0 0 0 0 0.282324 0 0 0.282324 -3.26768 0 1.21035 0 0 0 0 0 1.21035 0 0 
0 0 0 0 0 0 0.282324 0 0 0 0 0 0 0 0 0 0 0 0.282324 0 0.282324 0 -3.26768 1.21035 0 0 0 0 0 0 1.21035 0 
0 0 0 0 0 0 0 0.282324 0 0 0 0 0 0 0 0 0 0 0 0.282324 0 0.282324 0.282324 -2.7431 0 0 0 0 0 0 0 1.6138 
0 0 0 0 0 0 0 0 0.282324 0 0 0 0 0 0 0 0.282324 0 0 0 0 0 0 0 -2.98535 0.806902 0.806902 0 0.806902 0 0 0 
0 0 0 0 0 0 0 0 0 0.282324 0 0 0 0 0 0 0 0.282324 0 0 0 0 0 0 0.282324 -3.26768 0 1.21035 0 1.21035 0 0 
0 0 0 0 0 0 0 0 0 0 0.282324 0 0 0 0 0 0 0 0.282324 0 0 0 0 0 0.282324 0 -3.26768 1.21035 0 0 1.21035 0 
0 0 0 0 0 0 0 0 0 0 0 0.282324 0 0 0 0 0 0 0 0.282324 0 0 0 0 0 0.282324 0.282324 -2.7431 0 0 0 1.6138 
0 0 0 0 0 0 0 0 0 0 0 0 0.282324 0 0 0 0 0 0 0 0.282324 0 0 0 0.282324 0 0 0 -3.26768 1.21035 1.21035 0 
0 0 0 0 0 0 0 0 0 0 0 0 0 0.282324 0 0 0 0 0 0 0 0.282324 0 0 0 0.282324 0 0 0.282324 -2.7431 0 1.6138 
0 0 0 0 0 0 0 0 0 0 0 0 0 0 0.282324 0 0 0 0 0 0 0 0.282324 0 0 0 0.282324 0 0.282324 0 -2.7431 1.6138 
0 0 0 0 0 0 0 0 0 0 0 0 0 0 0 0.282324 0 0 0 0 0 0 0 0.282324 0 0 0 0.282324 0 0.282324 0.282324 -1.41162 
