64
-0 0 0 0 0 0 0 0 0 0 0 0 0 0 0 0 0 0 0 0 0 0 0 0 0 0 0 0 0 0 0 0 0 0 0 0 0 0 0 0 0 0 0 0 0 0 0 0 0 0 0 0 0 0 0 0 0 0 0 0 0 0 0 0 
0.384281 -2.25298 0 0.37374 0 0.37374 0 0 0 0.37374 0 0 0 0 0 0 0 0.37374 0 0 0 0 0 0 0 0 0 0 0 0 0 0 0 0.37374 0 0 0 0 0 0 0 0 0 0 0 0 0 0 0 0 0 0 0 0 0 0 0 0 0 0 0 0 0 0 
0.384281 0 -2.25298 0.37374 0 0 0.37374 0 0 0 0.37374 0 0 0 0 0 0 0 0.37374 0 0 0 0 0 0 0 0 0 0 0 0 0 0 0 0.37374 0 0 0 0 0 0 0 0 0 0 0 0 0 0 0 0 0 0 0 0 0 0 0 0 0 0 0 0 0 
0 0.384281 0.384281 -3.75848 0 0 0 0.74748 0 0 0 0.74748 0 0 0 0 0 0 0 0.74748 0 0 0 0 0 0 0 0 0 0 0 0 0 0 0 0.74748 0 0 0 0 0 0 0 0 0 0 0 0 0 0 0 0 0 0 0 0 0 0 0 0 0 0 0 0 
0.384281 0 0 0 -2.25298 0.37374 0.37374 0 0 0 0 0 0.37374 0 0 0 0 0 0 0 0.37374 0 0 0 0 0 0 0 0 0 0 0 0 0 0 0 0.37374 0 0 0 0 0 0 0 0 0 0 0 0 0 0 0 0 0 0 0 0 0 0 0 0 0 0 0 
0 0.384281 0 0 0.384281 -3.75848 0 0.74748 0 0 0 0 0 0.74748 0 0 0 0 0 0 0 0.74748 0 0 0 0 0 0 0 0 0 0 0 0 0 0 0 0.74748 0 0 0 0 0 0 0 0 0 0 0 0 0 0 0 0 0 0 0 0 0 0 0 0 0 0 
0 0 0.384281 0 0.384281 0 -3.75848 0.74748 0 0 0 0 0 0 0.74748 0 0 0 0 0 0 0 0.74748 0 0 0 0 0 0 0 0 0 0 0 0 0 0 0 0.74748 0 0 0 0 0 0 0 0 0 0 0 0 0 0 0 0 0 0 0 0 0 0 0 0 0 
0 0 0 0.384281 0 0.384281 0.384281 -4.5165 0 0 0 0 0 0 0 1.12122 0 0 0 0 0 0 0 1.12122 0 0 0 0 0 0 0 0 0 0 0 0 0 0 0 1.12122 0 0 0 0 0 0 0 0 0 0 0 0 0 0 0 0 0 0 0 0 0 0 0 0 
0.384281 0 0 0 0 0 0 0 -2.25298 0.37374 0.37374 0 0.37374 0 0 0 0 0 0 0 0 0 0 0 0.37374 0 0 0 0 0 0 0 0 0 0 0 0 0 0 0 0.37374 0 0 0 0 0 0 0 0 0 0 0 0 0 0 0 0 0 0 0 0 0 0 0 
0 0.384281 0 0 0 0 0 0 0.384281 -3.75848 0 0.74748 0 0.74748 0 0 0 0 0 0 0 0 0 0 0 0.74748 0 0 0 0 0 0 0 0 0 0 0 0 0 0 0 0.74748 0 0 0 0 0 0 0 0 0 0 0 0 0 0 0 0 0 0 0 0 0 0 
0 0 0.384281 0 0 0 0 0 0.384281 0 -3.75848 0.74748 0 0 0.74748 0 0 0 0 0 0 0 0 0 0 0 0.74748 0 0 0 0 0 0 0 0 0 0 0 0 0 0 0 0.74748 0 0 0 0 0 0 0 0 0 0 0 0 0 0 0 0 0 0 0 0 0 
0 0 0 0.384281 0 0 0 0 0 0.384281 0.384281 -4.5165 0 0 0 1.12122 0 0 0 0 0 0 0 0 0 0 0 1.12122 0 0 0 0 0 0 0 0 0 0 0 0 0 0 0 1.12122 0 0 0 0 0 0 0 0 0 0 0 0 0 0 0 0 0 0 0 0 
0 0 0 0 0.384281 0 0 0 0.384281 0 0 0 -3.75848 0.74748 0.74748 0 0 0 0 0 0 0 0 0 0 0 0 0 0.74748 0 0 0 0 0 0 0 0 0 0 0 0 0 0 0 0.74748 0 0 0 0 0 0 0 0 0 0 0 0 0 0 0 0 0 0 0 
0 0 0 0 0 0.384281 0 0 0 0.384281 0 0 0.384281 -4.5165 0 1.12122 0 0 0 0 0 0 0 0 0 0 0 0 0 1.12122 0 0 0 0 0 0 0 0 0 0 0 0 0 0 0 1.12122 0 0 0 0 0 0 0 0 0 0 0 0 0 0 0 0 0 0 
0 0 0 0 0 0 0.384281 0 0 0 0.384281 0 0.384281 0 -4.5165 1.12122 0 0 0 0 0 0 0 0 0 0 0 0 0 0 1.12122 0 0 0 0 0 0 0 0 0 0 0 0 0 0 0 1.12122 0 0 0 0 0 0 0 0 0 0 0 0 0 0 0 0 0 
0 0 0 0 0 0 0 0.384281 0 0 0 0.384281 0 0.384281 0.384281 -4.52704 0 0 0 0 0 0 0 0 0 0 0 0 0 0 0 1.49496 0 0 0 0 0 0 0 0 0 0 0 0 0 0 0 1.49496 0 0 0 0 0 0 0 0 0 0 0 0 0 0 0 0 
0.384281 0 0 0 0 0 0 0 0 0 0 0 0 0 0 0 -2.25298 0.37374 0.37374 0 0.37374 0 0 0 0.37374 0 0 0 0 0 0 0 0 0 0 0 0 0 0 0 0 0 0 0 0 0 0 0 0.37374 0 0 0 0 0 0 0 0 0 0 0 0 0 0 0 
0 0.384281 0 0 0 0 0 0 0 0 0 0 0 0 0 0 0.384281 -3.75848 0 0.74748 0 0.74748 0 0 0 0.74748 0 0 0 0 0 0 0 0 0 0 0 0 0 0 0 0 0 0 0 0 0 0 0 0.74748 0 0 0 0 0 0 0 0 0 0 0 0 0 0 
0 0 0.384281 0 0 0 0 0 0 0 0 0 0 0 0 0 0.384281 0 -3.75848 0.74748 0 0 0.74748 0 0 0 0.74748 0 0 0 0 0 0 0 0 0 0 0 0 0 0 0 0 0 0 0 0 0 0 0 0.74748 0 0 0 0 0 0 0 0 0 0 0 0 0 
0 0 0 0.384281 0 0 0 0 0 0 0 0 0 0 0 0 0 0.384281 0.384281 -4.5165 0 0 0 1.12122 0 0 0 1.12122 0 0 0 0 0 0 0 0 0 0 0 0 0 0 0 0 0 0 0 0 0 0 0 1.12122 0 0 0 0 0 0 0 0 0 0 0 0 
0 0 0 0 0.384281 0 0 0 0 0 0 0 0 0 0 0 0.384281 0 0 0 -3.75848 0.74748 0.74748 0 0 0 0 0 0.74748 0 0 0 0 0 0 0 0 0 0 0 0 0 0 0 0 0 0 0 0 0 0 0 0.74748 0 0 0 0 0 0 0 0 0 0 0 
0 0 0 0 0 0.384281 0 0 0 0 0 0 0 0 0 0 0 0.384281 0 0 0.384281 -4.5165 0 1.12122 0 0 0 0 0 1.12122 0 0 0 0 0 0 0 0 0 0 0 0 0 0 0 0 0 0 0 0 0 0 0 1.12122 0 0 0 0 0 0 0 0 0 0 
0 0 0 0 0 0 0.384281 0 0 0 0 0 0 0 0 0 0 0 0.384281 0 0.384281 0 -4.5165 1.12122 0 0 0 0 0 0 1.12122 0 0 0 0 0 0 0 0 0 0 0 0 0 0 0 0 0 0 0 0 0 0 0 1.12122 0 0 0 0 0 0 0 0 0 
0 0 0 0 0 0 0 0.384281 0 0 0 0 0 0 0 0 0 0 0 0.384281 0 0.384281 0.384281 -4.52704 0 0 0 0 0 0 0 1.49496 0 0 0 0 0 0 0 0 0 0 0 0 0 0 0 0 0 0 0 0 0 0 0 1.49496 0 0 0 0 0 0 0 0 
0 0 0 0 0 0 0 0 0.384281 0 0 0 0 0 0 0 0.384281 0 0 0 0 0 0 0 -3.75848 0.74748 0.74748 0 0.74748 0 0 0 0 0 0 0 0 0 0 0 0 0 0 0 0 0 0 0 0 0 0 0 0 0 0 0 0.74748 0 0 0 0 0 0 0 
0 0 0 0 0 0 0 0 0 0.384281 0 0 0 0 0 0 0 0.384281 0 0 0 0 0 0 0.384281 -4.5165 0 1.12122 0 1.12122 0 0 0 0 0 0 0 0 0 0 0 0 0 0 0 0 0 0 0 0 0 0 0 0 0 0 0 1.12122 0 0 0 0 0 0 
0 0 0 0 0 0 0 0 0 0 0.384281 0 0 0 0 0 0 0 0.384281 0 0 0 0 0 0.384281 0 -4.5165 1.12122 0 0 1.12122 0 0 0 0 0 0 0 0 0 0 0 0 0 0 0 0 0 0 0 0 0 0 0 0 0 0 0 1.12122 0 0 0 0 0 
0 0 0 0 0 0 0 0 0 0 0 0.384281 0 0 0 0 0 0 0 0.384281 0 0 0 0 0 0.384281 0.384281 -4.52704 0 0 0 1.49496 0 0 0 0 0 0 0 0 0 0 0 0 0 0 0 0 0 0 0 0 0 0 0 0 0 0 0 1.49496 0 0 0 0 
0 0 0 0 0 0 0 0 0 0 0 0 0.384281 0 0 0 0 0 0 0 0.384281 0 0 0 0.384281 0 0 0 -4.5165 1.12122 1.12122 0 0 0 0 0 0 0 0 0 0 0 0 0 0 0 0 0 0 0 0 0 0 0 0 0 0 0 0 0 1.12122 0 0 0 
0 0 0 0 0 0 0 0 0 0 0 0 0 0.384281 0 0 0 0 0 0 0 0.384281 0 0 0 0.384281 0 0 0.384281 -4.52704 0 1.49496 0 0 0 0 0 0 0 0 0 0 0 0 0 0 0 0 0 0 0 0 0 0 0 0 0 0 0 0 0 1.49496 0 0 
0 0 0 0 0 0 0 0 0 0 0 0 0 0 0.384281 0 0 0 0 0 0 0 0.384281 0 0 0 0.384281 0 0.384281 0 -4.52704 1.49496 0 0 0 0 0 0 0 0 0 0 0 0 0 0 0 0 0 0 0 0 0 0 0 0 0 0 0 0 0 0 1.49496 0 
0 0 0 0 0 0 0 0 0 0 0 0 0 0 0 0.384281 0 0 0 0 0 0 0 0.384281 0 0 0 0.384281 0 0.384281 0.384281 -3.79011 0 0 0 0 0 0 0 0 0 0 0 0 0 0 0 0 0 0 0 0 0 0 0 0 0 0 0 0 0 0 0 1.8687 
0.384281 0 0 0 0 0 0 0 0 0 0 0 0 0 0 0 0 0 0 0 0 0 0 0 0 0 0 0 0 0 0 0 -2.25298 0.37374 0.37374 0 0.37374 0 0 0 0.37374 0 0 0 0 0 0 0 0.37374 0 0 0 0 0 0 0 0 0 0 0 0 0 0 0 
0 0.384281 0 0 0 0 0 0 0 0 0 0 0 0 0 0 0 0 0 0 0 0 0 0 0 0 0 0 0 0 0 0 0.384281 -3.75848 0 0.74748 0 0.74748 0 0 0 0.74748 0 0 0 0 0 0 0 0.74748 0 0 0 0 0 0 0 0 0 0 0 0 0 0 
0 0 0.384281 0 0 0 0 0 0 0 0 0 0 0 0 0 0 0 0 0 0 0 0 0 0 0 0 0 0 0 0 0 0.384281 0 -3.75848 0.74748 0 0 0.74748 0 0 0 0.74748 0 0 0 0 0 0 0 0.74748 0 0 0 0 0 0 0 0 0 0 0 0 0 
0 0 0 0.384281 0 0 0 0 0 0 0 0 0 0 0 0 0 0 0 0 0 0 0 0 0 0 0 0 0 0 0 0 0 0.384281 0.384281 -4.5165 0 0 0 1.12122 0 0 0 1.12122 0 0 0 0 0 0 0 1.12122 0 0 0 0 0 0 0 0 0 0 0 0 
0 0 0 0 0.384281 0 0 0 0 0 0 0 0 0 0 0 0 0 0 0 0 0 0 0 0 0 0 0 0 0 0 0 0.384281 0 0 0 -3.75848 0.74748 0.74748 0 0 0 0 0 0.74748 0 0 0 0 0 0 0 0.74748 0 0 0 0 0 0 0 0 0 0 0 
0 0 0 0 0 0.384281 0 0 0 0 0 0 0 0 0 0 0 0 0 0 0 0 0 0 0 0 0 0 0 0 0 0 0 0.384281 0 0 0.384281 -4.5165 0 1.12122 0 0 0 0 0 1.12122 0 0 0 0 0 0 0 1.12122 0 0 0 0 0 0 0 0 0 0 
0 0 0 0 0 0 0.384281 0 0 0 0 0 0 0 0 0 0 0 0 0 0 0 0 0 0 0 0 0 0 0 0 0 0 0 0.384281 0 0.384281 0 -4.5165 1.12122 0 0 0 0 0 0 1.12122 0 0 0 0 0 0 0 1.12122 0 0 0 0 0 0 0 0 0 
0 0 0 0 0 0 0 0.384281 0 0 0 0 0 0 0 0 0 0 0 0 0 0 0 0 0 0 0 0 0 0 0 0 0 0 0 0.384281 0 0.384281 0.384281 -4.52704 0 0 0 0 0 0 0 1.49496 0 0 0 0 0 0 0 1.49496 0 0 0 0 0 0 0 0 
0 0 0 0 0 0 0 0 0.384281 0 0 0 0 0 0 0 0 0 0 0 0 0 0 0 0 0 0 0 0 0 0 0 0.384281 0 0 0 0 0 0 0 -3.75848 0.74748 0.74748 0 0.74748 0 0 0 0 0 0 0 0 0 0 0 0.74748 0 0 0 0 0 0 0 
0 0 0 0 0 0 0 0 0 0.384281 0 0 0 0 0 0 0 0 0 0 0 0 0 0 0 0 0 0 0 0 0 0 0 0.384281 0 0 0 0 0 0 0.384281 -4.5165 0 1.12122 0 1.12122 0 0 0 0 0 0 0 0 0 0 0 1.12122 0 0 0 0 0 0 
0 0 0 0 0 0 0 0 0 0 0.384281 0 0 0 0 0 0 0 0 0 0 0 0 0 0 0 0 0 0 0 0 0 0 0 0.384281 0 0 0 0 0 0.384281 0 -4.5165 1.12122 0 0 1.12122 0 0 0 0 0 0 0 0 0 0 0 1.12122 0 0 0 0 0 
0 0 0 0 0 0 0 0 0 0 0 0.384281 0 0 0 0 0 0 0 0 0 0 0 0 0 0 0 0 0 0 0 0 0 0 0 0.384281 0 0 0 0 0 0.384281 0.384281 -4.52704 0 0 0 1.49496 0 0 0 0 0 0 0 0 0 0 0 1.49496 0 0 0 0 
0 0 0 0 0 0 0 0 0 0 0 0 0.384281 0 0 0 0 0 0 0 0 0 0 0 0 0 0 0 0 0 0 0 0 0 0 0 0.384281 0 0 0 0.384281 0 0 0 -4.5165 1.12122 1.12122 0 0 0 0 0 0 0 0 0 0 0 0 0 1.12122 0 0 0 
0 0 0 0 0 0 0 0 0 0 0 0 0 0.384281 0 0 0 0 0 0 0 0 0 0 0 0 0 0 0 0 0 0 0 0 0 0 0 0.384281 0 0 0 0.384281 0 0 0.384281 -4.52704 0 1.49496 0 0 0 0 0 0 0 0 0 0 0 0 0 1.49496 0 0 
0 0 0 0 0 0 0 0 0 0 0 0 0 0 0.384281 0 0 0 0 0 0 0 0 0 0 0 0 0 0 0 0 0 0 0 0 0 0 0 0.384281 0 0 0 0.384281 0 0.384281 0 -4.52704 1.49496 0 0 0 0 0 0 0 0 0 0 0 0 0 0 1.49496 0 
0 0 0 0 0 0 0 0 0 0 0 0 0 0 0 0.384281 0 0 0 0 0 0 0 0 0 0 0 0 0 0 0 0 0 0 0 0 0 0 0 0.384281 0 0 0 0.384281 0 0.384281 0.384281 -3.79011 0 0 0 0 0 0 0 0 0 0 0 0 0 0 0 1.8687 
0 0 0 0 0 0 0 0 0 0 0 0 0 0 0 0 0.384281 0 0 0 0 0 0 0 0 0 0 0 0 0 0 0 0.384281 0 0 0 0 0 0 0 0 0 0 0 0 0 0 0 -3.75848 0.74748 0.74748 0 0.74748 0 0 0 0.74748 0 0 0 0 0 0 0 
0 0 0 0 0 0 0 0 0 0 0 0 0 0 0 0 0 0.384281 0 0 0 0 0 0 0 0 0 0 0 0 0 0 0 0.384281 0 0 0 0 0 0 0 0 0 0 0 0 0 0 0.384281 -4.5165 0 1.12122 0 1.12122 0 0 0 1.12122 0 0 0 0 0 0 
0 0 0 0 0 0 0 0 0 0 0 0 0 0 0 0 0 0 0.384281 0 0 0 0 0 0 0 0 0 0 0 0 0 0 0 0.384281 0 0 0 0 0 0 0 0 0 0 0 0 0 0.384281 0 -4.5165 1.12122 0 0 1.12122 0 0 0 1.12122 0 0 0 0 0 
0 0 0 0 0 0 0 0 0 0 0 0 0 0 0 0 0 0 0 0.384281 0 0 0 0 0 0 0 0 0 0 0 0 0 0 0 0.384281 0 0 0 0 0 0 0 0 0 0 0 0 0 0.384281 0.384281 -4.52704 0 0 0 1.49496 0 0 0 1.49496 0 0 0 0 
0 0 0 0 0 0 0 0 0 0 0 0 0 0 0 0 0 0 0 0 0.384281 0 0 0 0 0 0 0 0 0 0 0 0 0 0 0 0.384281 0 0 0 0 0 0 0 0 0 0 0 0.384281 0 0 0 -4.5165 1.12122 1.12122 0 0 0 0 0 1.12122 0 0 0 
0 0 0 0 0 0 0 0 0 0 0 0 0 0 0 0 0 0 0 0 0 0.384281 0 0 0 0 0 0 0 0 0 0 0 0 0 0 0 0.384281 0 0 0 0 0 0 0 0 0 0 0 0.384281 0 0 0.384281 -4.52704 0 1.49496 0 0 0 0 0 1.49496 0 0 
0 0 0 0 0 0 0 0 0 0 0 0 0 0 0 0 0 0 0 0 0 0 0.384281 0 0 0 0 0 0 0 0 0 0 0 0 0 0 0 0.384281 0 0 0 0 0 0 0 0 0 0 0 0.384281 0 0.384281 0 -4.52704 1.49496 0 0 0 0 0 0 1.49496 0 
0 0 0 0 0 0 0 0 0 0 0 0 0 0 0 0 0 0 0 0 0 0 0 0.384281 0 0 0 0 0 0 0 0 0 0 0 0 0 0 0 0.384281 0 0 0 0 0 0 0 0 0 0 0 0.384281 0 0.384281 0.384281 -3.79011 0 0 0 0 0 0 0 1.8687 
0 0 0 0 0 0 0 0 0 0 0 0 0 0 0 0 0 0 0 0 0 0 0 0 0.384281 0 0 0 0 0 0 0 0 0 0 0 0 0 0 0 0.384281 0 0 0 0 0 0 0 0.384281 0 0 0 0 0 0 0 -4.5165 1.12122 1.12122 0 1.12122 0 0 0 
0 0 0 0 0 0 0 0 0 0 0 0 0 0 0 0 0 0 0 0 0 0 0 0 0 0.384281 0 0 0 0 0 0 0 0 0 0 0 0 0 0 0 0.384281 0 0 0 0 0 0 0 0.384281 0 0 0 0 0 0 0.384281 -4.52704 0 1.49496 0 1.49496 0 0 
0 0 0 0 0 0 0 0 0 0 0 0 0 0 0 0 0 0 0 0 0 0 0 0 0 0 0.384281 0 0 0 0 0 0 0 0 0 0 0 0 0 0 0 0.384281 0 0 0 0 0 0 0 0.384281 0 0 0 0 0 0.384281 0 -4.52704 1.49496 0 0 1.49496 0 
0 0 0 0 0 0 0 0 0 0 0 0 0 0 0 0 0 0 0 0 0 0 0 0 0 0 0 0.384281 0 0 0 0 0 0 0 0 0 0 0 0 0 0 0 0.384281 0 0 0 0 0 0 0 0.384281 0 0 0 0 0 0.384281 0.384281 -3.79011 0 0 0 1.8687 
0 0 0 0 0 0 0 0 0 0 0 0 0 0 0 0 0 0 0 0 0 0 0 0 0 0 0 0 0.384281 0 0 0 0 0 0 0 0 0 0 0 0 0 0 0 0.384281 0 0 0 0 0 0 0 0.384281 0 0 0 0.384281 0 0 0 -4.52704 1.49496 1.49496 0 
0 0 0 0 0 0 0 0 0 0 0 0 0 0 0 0 0 0 0 0 0 0 0 0 0 0 0 0 0 0.384281 0 0 0 0 0 0 0 0 0 0 0 0 0 0 0 0.384281 0 0 0 0 0 0 0 0.384281 0 0 0 0.384281 0 0 0.384281 -3.79011 0 1.8687 
0 0 0 0 0 0 0 0 0 0 0 0 0 0 0 0 0 0 0 0 0 0 0 0 0 0 0 0 0 0 0.384281 0 0 0 0 0 0 0 0 0 0 0 0 0 0 0 0.384281 0 0 0 0 0 0 0 0.384281 0 0 0 0.384281 0 0.384281 0 -3.79011 1.8687 
0 0 0 0 0 0 0 0 0 0 0 0 0 0 0 0 0 0 0 0 0 0 0 0 0 0 0 0 0 0 0 0.384281 0 0 0 0 0 0 0 0 0 0 0 0 0 0 0 0.384281 0 0 0 0 0 0 0 0.384281 0 0 0 0.384281 0 0.384281 0.384281 -2.30569 
