64
-0 0 0 0 0 0 0 0 0 0 0 0 0 0 0 0 0 0 0 0 0 0 0 0 0 0 0 0 0 0 0 0 0 0 0 0 0 0 0 0 0 0 0 0 0 0 0 0 0 0 0 0 0 0 0 0 0 0 0 0 0 0 0 0 
0.423931 -2.1057 0 0.336355 0 0.336355 0 0 0 0.336355 0 0 0 0 0 0 0 0.336355 0 0 0 0 0 0 0 0 0 0 0 0 0 0 0 0.336355 0 0 0 0 0 0 0 0 0 0 0 0 0 0 0 0 0 0 0 0 0 0 0 0 0 0 0 0 0 0 
0.423931 0 -2.1057 0.336355 0 0 0.336355 0 0 0 0.336355 0 0 0 0 0 0 0 0.336355 0 0 0 0 0 0 0 0 0 0 0 0 0 0 0 0.336355 0 0 0 0 0 0 0 0 0 0 0 0 0 0 0 0 0 0 0 0 0 0 0 0 0 0 0 0 0 
0 0.423931 0.423931 -3.5387 0 0 0 0.672709 0 0 0 0.672709 0 0 0 0 0 0 0 0.672709 0 0 0 0 0 0 0 0 0 0 0 0 0 0 0 0.672709 0 0 0 0 0 0 0 0 0 0 0 0 0 0 0 0 0 0 0 0 0 0 0 0 0 0 0 0 
0.423931 0 0 0 -2.1057 0.336355 0.336355 0 0 0 0 0 0.336355 0 0 0 0 0 0 0 0.336355 0 0 0 0 0 0 0 0 0 0 0 0 0 0 0 0.336355 0 0 0 0 0 0 0 0 0 0 0 0 0 0 0 0 0 0 0 0 0 0 0 0 0 0 0 
0 0.423931 0 0 0.423931 -3.5387 0 0.672709 0 0 0 0 0 0.672709 0 0 0 0 0 0 0 0.672709 0 0 0 0 0 0 0 0 0 0 0 0 0 0 0 0.672709 0 0 0 0 0 0 0 0 0 0 0 0 0 0 0 0 0 0 0 0 0 0 0 0 0 0 
0 0 0.423931 0 0.423931 0 -3.5387 0.672709 0 0 0 0 0 0 0.672709 0 0 0 0 0 0 0 0.672709 0 0 0 0 0 0 0 0 0 0 0 0 0 0 0 0.672709 0 0 0 0 0 0 0 0 0 0 0 0 0 0 0 0 0 0 0 0 0 0 0 0 0 
0 0 0 0.423931 0 0.423931 0.423931 -4.29899 0 0 0 0 0 0 0 1.00906 0 0 0 0 0 0 0 1.00906 0 0 0 0 0 0 0 0 0 0 0 0 0 0 0 1.00906 0 0 0 0 0 0 0 0 0 0 0 0 0 0 0 0 0 0 0 0 0 0 0 0 
0.423931 0 0 0 0 0 0 0 -2.1057 0.336355 0.336355 0 0.336355 0 0 0 0 0 0 0 0 0 0 0 0.336355 0 0 0 0 0 0 0 0 0 0 0 0 0 0 0 0.336355 0 0 0 0 0 0 0 0 0 0 0 0 0 0 0 0 0 0 0 0 0 0 0 
0 0.423931 0 0 0 0 0 0 0.423931 -3.5387 0 0.672709 0 0.672709 0 0 0 0 0 0 0 0 0 0 0 0.672709 0 0 0 0 0 0 0 0 0 0 0 0 0 0 0 0.672709 0 0 0 0 0 0 0 0 0 0 0 0 0 0 0 0 0 0 0 0 0 0 
0 0 0.423931 0 0 0 0 0 0.423931 0 -3.5387 0.672709 0 0 0.672709 0 0 0 0 0 0 0 0 0 0 0 0.672709 0 0 0 0 0 0 0 0 0 0 0 0 0 0 0 0.672709 0 0 0 0 0 0 0 0 0 0 0 0 0 0 0 0 0 0 0 0 0 
0 0 0 0.423931 0 0 0 0 0 0.423931 0.423931 -4.29899 0 0 0 1.00906 0 0 0 0 0 0 0 0 0 0 0 1.00906 0 0 0 0 0 0 0 0 0 0 0 0 0 0 0 1.00906 0 0 0 0 0 0 0 0 0 0 0 0 0 0 0 0 0 0 0 0 
0 0 0 0 0.423931 0 0 0 0.423931 0 0 0 -3.5387 0.672709 0.672709 0 0 0 0 0 0 0 0 0 0 0 0 0 0.672709 0 0 0 0 0 0 0 0 0 0 0 0 0 0 0 0.672709 0 0 0 0 0 0 0 0 0 0 0 0 0 0 0 0 0 0 0 
0 0 0 0 0 0.423931 0 0 0 0.423931 0 0 0.423931 -4.29899 0 1.00906 0 0 0 0 0 0 0 0 0 0 0 0 0 1.00906 0 0 0 0 0 0 0 0 0 0 0 0 0 0 0 1.00906 0 0 0 0 0 0 0 0 0 0 0 0 0 0 0 0 0 0 
0 0 0 0 0 0 0.423931 0 0 0 0.423931 0 0.423931 0 -4.29899 1.00906 0 0 0 0 0 0 0 0 0 0 0 0 0 0 1.00906 0 0 0 0 0 0 0 0 0 0 0 0 0 0 0 1.00906 0 0 0 0 0 0 0 0 0 0 0 0 0 0 0 0 0 
0 0 0 0 0 0 0 0.423931 0 0 0 0.423931 0 0.423931 0.423931 -4.38656 0 0 0 0 0 0 0 0 0 0 0 0 0 0 0 1.34542 0 0 0 0 0 0 0 0 0 0 0 0 0 0 0 1.34542 0 0 0 0 0 0 0 0 0 0 0 0 0 0 0 0 
0.423931 0 0 0 0 0 0 0 0 0 0 0 0 0 0 0 -2.1057 0.336355 0.336355 0 0.336355 0 0 0 0.336355 0 0 0 0 0 0 0 0 0 0 0 0 0 0 0 0 0 0 0 0 0 0 0 0.336355 0 0 0 0 0 0 0 0 0 0 0 0 0 0 0 
0 0.423931 0 0 0 0 0 0 0 0 0 0 0 0 0 0 0.423931 -3.5387 0 0.672709 0 0.672709 0 0 0 0.672709 0 0 0 0 0 0 0 0 0 0 0 0 0 0 0 0 0 0 0 0 0 0 0 0.672709 0 0 0 0 0 0 0 0 0 0 0 0 0 0 
0 0 0.423931 0 0 0 0 0 0 0 0 0 0 0 0 0 0.423931 0 -3.5387 0.672709 0 0 0.672709 0 0 0 0.672709 0 0 0 0 0 0 0 0 0 0 0 0 0 0 0 0 0 0 0 0 0 0 0 0.672709 0 0 0 0 0 0 0 0 0 0 0 0 0 
0 0 0 0.423931 0 0 0 0 0 0 0 0 0 0 0 0 0 0.423931 0.423931 -4.29899 0 0 0 1.00906 0 0 0 1.00906 0 0 0 0 0 0 0 0 0 0 0 0 0 0 0 0 0 0 0 0 0 0 0 1.00906 0 0 0 0 0 0 0 0 0 0 0 0 
0 0 0 0 0.423931 0 0 0 0 0 0 0 0 0 0 0 0.423931 0 0 0 -3.5387 0.672709 0.672709 0 0 0 0 0 0.672709 0 0 0 0 0 0 0 0 0 0 0 0 0 0 0 0 0 0 0 0 0 0 0 0.672709 0 0 0 0 0 0 0 0 0 0 0 
0 0 0 0 0 0.423931 0 0 0 0 0 0 0 0 0 0 0 0.423931 0 0 0.423931 -4.29899 0 1.00906 0 0 0 0 0 1.00906 0 0 0 0 0 0 0 0 0 0 0 0 0 0 0 0 0 0 0 0 0 0 0 1.00906 0 0 0 0 0 0 0 0 0 0 
0 0 0 0 0 0 0.423931 0 0 0 0 0 0 0 0 0 0 0 0.423931 0 0.423931 0 -4.29899 1.00906 0 0 0 0 0 0 1.00906 0 0 0 0 0 0 0 0 0 0 0 0 0 0 0 0 0 0 0 0 0 0 0 1.00906 0 0 0 0 0 0 0 0 0 
0 0 0 0 0 0 0 0.423931 0 0 0 0 0 0 0 0 0 0 0 0.423931 0 0.423931 0.423931 -4.38656 0 0 0 0 0 0 0 1.34542 0 0 0 0 0 0 0 0 0 0 0 0 0 0 0 0 0 0 0 0 0 0 0 1.34542 0 0 0 0 0 0 0 0 
0 0 0 0 0 0 0 0 0.423931 0 0 0 0 0 0 0 0.423931 0 0 0 0 0 0 0 -3.5387 0.672709 0.672709 0 0.672709 0 0 0 0 0 0 0 0 0 0 0 0 0 0 0 0 0 0 0 0 0 0 0 0 0 0 0 0.672709 0 0 0 0 0 0 0 
0 0 0 0 0 0 0 0 0 0.423931 0 0 0 0 0 0 0 0.423931 0 0 0 0 0 0 0.423931 -4.29899 0 1.00906 0 1.00906 0 0 0 0 0 0 0 0 0 0 0 0 0 0 0 0 0 0 0 0 0 0 0 0 0 0 0 1.00906 0 0 0 0 0 0 
0 0 0 0 0 0 0 0 0 0 0.423931 0 0 0 0 0 0 0 0.423931 0 0 0 0 0 0.423931 0 -4.29899 1.00906 0 0 1.00906 0 0 0 0 0 0 0 0 0 0 0 0 0 0 0 0 0 0 0 0 0 0 0 0 0 0 0 1.00906 0 0 0 0 0 
0 0 0 0 0 0 0 0 0 0 0 0.423931 0 0 0 0 0 0 0 0.423931 0 0 0 0 0 0.423931 0.423931 -4.38656 0 0 0 1.34542 0 0 0 0 0 0 0 0 0 0 0 0 0 0 0 0 0 0 0 0 0 0 0 0 0 0 0 1.34542 0 0 0 0 
0 0 0 0 0 0 0 0 0 0 0 0 0.423931 0 0 0 0 0 0 0 0.423931 0 0 0 0.423931 0 0 0 -4.29899 1.00906 1.00906 0 0 0 0 0 0 0 0 0 0 0 0 0 0 0 0 0 0 0 0 0 0 0 0 0 0 0 0 0 1.00906 0 0 0 
0 0 0 0 0 0 0 0 0 0 0 0 0 0.423931 0 0 0 0 0 0 0 0.423931 0 0 0 0.423931 0 0 0.423931 -4.38656 0 1.34542 0 0 0 0 0 0 0 0 0 0 0 0 0 0 0 0 0 0 0 0 0 0 0 0 0 0 0 0 0 1.34542 0 0 
0 0 0 0 0 0 0 0 0 0 0 0 0 0 0.423931 0 0 0 0 0 0 0 0.423931 0 0 0 0.423931 0 0.423931 0 -4.38656 1.34542 0 0 0 0 0 0 0 0 0 0 0 0 0 0 0 0 0 0 0 0 0 0 0 0 0 0 0 0 0 0 1.34542 0 
0 0 0 0 0 0 0 0 0 0 0 0 0 0 0 0.423931 0 0 0 0 0 0 0 0.423931 0 0 0 0.423931 0 0.423931 0.423931 -3.80143 0 0 0 0 0 0 0 0 0 0 0 0 0 0 0 0 0 0 0 0 0 0 0 0 0 0 0 0 0 0 0 1.68177 
0.423931 0 0 0 0 0 0 0 0 0 0 0 0 0 0 0 0 0 0 0 0 0 0 0 0 0 0 0 0 0 0 0 -2.1057 0.336355 0.336355 0 0.336355 0 0 0 0.336355 0 0 0 0 0 0 0 0.336355 0 0 0 0 0 0 0 0 0 0 0 0 0 0 0 
0 0.423931 0 0 0 0 0 0 0 0 0 0 0 0 0 0 0 0 0 0 0 0 0 0 0 0 0 0 0 0 0 0 0.423931 -3.5387 0 0.672709 0 0.672709 0 0 0 0.672709 0 0 0 0 0 0 0 0.672709 0 0 0 0 0 0 0 0 0 0 0 0 0 0 
0 0 0.423931 0 0 0 0 0 0 0 0 0 0 0 0 0 0 0 0 0 0 0 0 0 0 0 0 0 0 0 0 0 0.423931 0 -3.5387 0.672709 0 0 0.672709 0 0 0 0.672709 0 0 0 0 0 0 0 0.672709 0 0 0 0 0 0 0 0 0 0 0 0 0 
0 0 0 0.423931 0 0 0 0 0 0 0 0 0 0 0 0 0 0 0 0 0 0 0 0 0 0 0 0 0 0 0 0 0 0.423931 0.423931 -4.29899 0 0 0 1.00906 0 0 0 1.00906 0 0 0 0 0 0 0 1.00906 0 0 0 0 0 0 0 0 0 0 0 0 
0 0 0 0 0.423931 0 0 0 0 0 0 0 0 0 0 0 0 0 0 0 0 0 0 0 0 0 0 0 0 0 0 0 0.423931 0 0 0 -3.5387 0.672709 0.672709 0 0 0 0 0 0.672709 0 0 0 0 0 0 0 0.672709 0 0 0 0 0 0 0 0 0 0 0 
0 0 0 0 0 0.423931 0 0 0 0 0 0 0 0 0 0 0 0 0 0 0 0 0 0 0 0 0 0 0 0 0 0 0 0.423931 0 0 0.423931 -4.29899 0 1.00906 0 0 0 0 0 1.00906 0 0 0 0 0 0 0 1.00906 0 0 0 0 0 0 0 0 0 0 
0 0 0 0 0 0 0.423931 0 0 0 0 0 0 0 0 0 0 0 0 0 0 0 0 0 0 0 0 0 0 0 0 0 0 0 0.423931 0 0.423931 0 -4.29899 1.00906 0 0 0 0 0 0 1.00906 0 0 0 0 0 0 0 1.00906 0 0 0 0 0 0 0 0 0 
0 0 0 0 0 0 0 0.423931 0 0 0 0 0 0 0 0 0 0 0 0 0 0 0 0 0 0 0 0 0 0 0 0 0 0 0 0.423931 0 0.423931 0.423931 -4.38656 0 0 0 0 0 0 0 1.34542 0 0 0 0 0 0 0 1.34542 0 0 0 0 0 0 0 0 
0 0 0 0 0 0 0 0 0.423931 0 0 0 0 0 0 0 0 0 0 0 0 0 0 0 0 0 0 0 0 0 0 0 0.423931 0 0 0 0 0 0 0 -3.5387 0.672709 0.672709 0 0.672709 0 0 0 0 0 0 0 0 0 0 0 0.672709 0 0 0 0 0 0 0 
0 0 0 0 0 0 0 0 0 0.423931 0 0 0 0 0 0 0 0 0 0 0 0 0 0 0 0 0 0 0 0 0 0 0 0.423931 0 0 0 0 0 0 0.423931 -4.29899 0 1.00906 0 1.00906 0 0 0 0 0 0 0 0 0 0 0 1.00906 0 0 0 0 0 0 
0 0 0 0 0 0 0 0 0 0 0.423931 0 0 0 0 0 0 0 0 0 0 0 0 0 0 0 0 0 0 0 0 0 0 0 0.423931 0 0 0 0 0 0.423931 0 -4.29899 1.00906 0 0 1.00906 0 0 0 0 0 0 0 0 0 0 0 1.00906 0 0 0 0 0 
0 0 0 0 0 0 0 0 0 0 0 0.423931 0 0 0 0 0 0 0 0 0 0 0 0 0 0 0 0 0 0 0 0 0 0 0 0.423931 0 0 0 0 0 0.423931 0.423931 -4.38656 0 0 0 1.34542 0 0 0 0 0 0 0 0 0 0 0 1.34542 0 0 0 0 
0 0 0 0 0 0 0 0 0 0 0 0 0.423931 0 0 0 0 0 0 0 0 0 0 0 0 0 0 0 0 0 0 0 0 0 0 0 0.423931 0 0 0 0.423931 0 0 0 -4.29899 1.00906 1.00906 0 0 0 0 0 0 0 0 0 0 0 0 0 1.00906 0 0 0 
0 0 0 0 0 0 0 0 0 0 0 0 0 0.423931 0 0 0 0 0 0 0 0 0 0 0 0 0 0 0 0 0 0 0 0 0 0 0 0.423931 0 0 0 0.423931 0 0 0.423931 -4.38656 0 1.34542 0 0 0 0 0 0 0 0 0 0 0 0 0 1.34542 0 0 
0 0 0 0 0 0 0 0 0 0 0 0 0 0 0.423931 0 0 0 0 0 0 0 0 0 0 0 0 0 0 0 0 0 0 0 0 0 0 0 0.423931 0 0 0 0.423931 0 0.423931 0 -4.38656 1.34542 0 0 0 0 0 0 0 0 0 0 0 0 0 0 1.34542 0 
0 0 0 0 0 0 0 0 0 0 0 0 0 0 0 0.423931 0 0 0 0 0 0 0 0 0 0 0 0 0 0 0 0 0 0 0 0 0 0 0 0.423931 0 0 0 0.423931 0 0.423931 0.423931 -3.80143 0 0 0 0 0 0 0 0 0 0 0 0 0 0 0 1.68177 
0 0 0 0 0 0 0 0 0 0 0 0 0 0 0 0 0.423931 0 0 0 0 0 0 0 0 0 0 0 0 0 0 0 0.423931 0 0 0 0 0 0 0 0 0 0 0 0 0 0 0 -3.5387 0.672709 0.672709 0 0.672709 0 0 0 0.672709 0 0 0 0 0 0 0 
0 0 0 0 0 0 0 0 0 0 0 0 0 0 0 0 0 0.423931 0 0 0 0 0 0 0 0 0 0 0 0 0 0 0 0.423931 0 0 0 0 0 0 0 0 0 0 0 0 0 0 0.423931 -4.29899 0 1.00906 0 1.00906 0 0 0 1.00906 0 0 0 0 0 0 
0 0 0 0 0 0 0 0 0 0 0 0 0 0 0 0 0 0 0.423931 0 0 0 0 0 0 0 0 0 0 0 0 0 0 0 0.423931 0 0 0 0 0 0 0 0 0 0 0 0 0 0.423931 0 -4.29899 1.00906 0 0 1.00906 0 0 0 1.00906 0 0 0 0 0 
0 0 0 0 0 0 0 0 0 0 0 0 0 0 0 0 0 0 0 0.423931 0 0 0 0 0 0 0 0 0 0 0 0 0 0 0 0.423931 0 0 0 0 0 0 0 0 0 0 0 0 0 0.423931 0.423931 -4.38656 0 0 0 1.34542 0 0 0 1.34542 0 0 0 0 
0 0 0 0 0 0 0 0 0 0 0 0 0 0 0 0 0 0 0 0 0.423931 0 0 0 0 0 0 0 0 0 0 0 0 0 0 0 0.423931 0 0 0 0 0 0 0 0 0 0 0 0.423931 0 0 0 -4.29899 1.00906 1.00906 0 0 0 0 0 1.00906 0 0 0 
0 0 0 0 0 0 0 0 0 0 0 0 0 0 0 0 0 0 0 0 0 0.423931 0 0 0 0 0 0 0 0 0 0 0 0 0 0 0 0.423931 0 0 0 0 0 0 0 0 0 0 0 0.423931 0 0 0.423931 -4.38656 0 1.34542 0 0 0 0 0 1.34542 0 0 
0 0 0 0 0 0 0 0 0 0 0 0 0 0 0 0 0 0 0 0 0 0 0.423931 0 0 0 0 0 0 0 0 0 0 0 0 0 0 0 0.423931 0 0 0 0 0 0 0 0 0 0 0 0.423931 0 0.423931 0 -4.38656 1.34542 0 0 0 0 0 0 1.34542 0 
0 0 0 0 0 0 0 0 0 0 0 0 0 0 0 0 0 0 0 0 0 0 0 0.423931 0 0 0 0 0 0 0 0 0 0 0 0 0 0 0 0.423931 0 0 0 0 0 0 0 0 0 0 0 0.423931 0 0.423931 0.423931 -3.80143 0 0 0 0 0 0 0 1.68177 
0 0 0 0 0 0 0 0 0 0 0 0 0 0 0 0 0 0 0 0 0 0 0 0 0.423931 0 0 0 0 0 0 0 0 0 0 0 0 0 0 0 0.423931 0 0 0 0 0 0 0 0.423931 0 0 0 0 0 0 0 -4.29899 1.00906 1.00906 0 1.00906 0 0 0 
0 0 0 0 0 0 0 0 0 0 0 0 0 0 0 0 0 0 0 0 0 0 0 0 0 0.423931 0 0 0 0 0 0 0 0 0 0 0 0 0 0 0 0.423931 0 0 0 0 0 0 0 0.423931 0 0 0 0 0 0 0.423931 -4.38656 0 1.34542 0 1.34542 0 0 
0 0 0 0 0 0 0 0 0 0 0 0 0 0 0 0 0 0 0 0 0 0 0 0 0 0 0.423931 0 0 0 0 0 0 0 0 0 0 0 0 0 0 0 0.423931 0 0 0 0 0 0 0 0.423931 0 0 0 0 0 0.423931 0 -4.38656 1.34542 0 0 1.34542 0 
0 0 0 0 0 0 0 0 0 0 0 0 0 0 0 0 0 0 0 0 0 0 0 0 0 0 0 0.423931 0 0 0 0 0 0 0 0 0 0 0 0 0 0 0 0.423931 0 0 0 0 0 0 0 0.423931 0 0 0 0 0 0.423931 0.423931 -3.80143 0 0 0 1.68177 
0 0 0 0 0 0 0 0 0 0 0 0 0 0 0 0 0 0 0 0 0 0 0 0 0 0 0 0 0.423931 0 0 0 0 0 0 0 0 0 0 0 0 0 0 0 0.423931 0 0 0 0 0 0 0 0.423931 0 0 0 0.423931 0 0 0 -4.38656 1.34542 1.34542 0 
0 0 0 0 0 0 0 0 0 0 0 0 0 0 0 0 0 0 0 0 0 0 0 0 0 0 0 0 0 0.423931 0 0 0 0 0 0 0 0 0 0 0 0 0 0 0 0.423931 0 0 0 0 0 0 0 0.423931 0 0 0 0.423931 0 0 0.423931 -3.80143 0 1.68177 
0 0 0 0 0 0 0 0 0 0 0 0 0 0 0 0 0 0 0 0 0 0 0 0 0 0 0 0 0 0 0.423931 0 0 0 0 0 0 0 0 0 0 0 0 0 0 0 0.423931 0 0 0 0 0 0 0 0.423931 0 0 0 0.423931 0 0.423931 0 -3.80143 1.68177 
0 0 0 0 0 0 0 0 0 0 0 0 0 0 0 0 0 0 0 0 0 0 0 0 0 0 0 0 0 0 0 0.423931 0 0 0 0 0 0 0 0 0 0 0 0 0 0 0 0.423931 0 0 0 0 0 0 0 0.423931 0 0 0 0.423931 0 0.423931 0.423931 -2.54359 
