64
-0 0 0 0 0 0 0 0 0 0 0 0 0 0 0 0 0 0 0 0 0 0 0 0 0 0 0 0 0 0 0 0 0 0 0 0 0 0 0 0 0 0 0 0 0 0 0 0 0 0 0 0 0 0 0 0 0 0 0 0 0 0 0 0 
0.529219 -2.70717 0 0.435591 0 0.435591 0 0 0 0.435591 0 0 0 0 0 0 0 0.435591 0 0 0 0 0 0 0 0 0 0 0 0 0 0 0 0.435591 0 0 0 0 0 0 0 0 0 0 0 0 0 0 0 0 0 0 0 0 0 0 0 0 0 0 0 0 0 0 
0.529219 0 -2.70717 0.435591 0 0 0.435591 0 0 0 0.435591 0 0 0 0 0 0 0 0.435591 0 0 0 0 0 0 0 0 0 0 0 0 0 0 0 0.435591 0 0 0 0 0 0 0 0 0 0 0 0 0 0 0 0 0 0 0 0 0 0 0 0 0 0 0 0 0 
0 0.529219 0.529219 -4.54316 0 0 0 0.871182 0 0 0 0.871182 0 0 0 0 0 0 0 0.871182 0 0 0 0 0 0 0 0 0 0 0 0 0 0 0 0.871182 0 0 0 0 0 0 0 0 0 0 0 0 0 0 0 0 0 0 0 0 0 0 0 0 0 0 0 0 
0.529219 0 0 0 -2.70717 0.435591 0.435591 0 0 0 0 0 0.435591 0 0 0 0 0 0 0 0.435591 0 0 0 0 0 0 0 0 0 0 0 0 0 0 0 0.435591 0 0 0 0 0 0 0 0 0 0 0 0 0 0 0 0 0 0 0 0 0 0 0 0 0 0 0 
0 0.529219 0 0 0.529219 -4.54316 0 0.871182 0 0 0 0 0 0.871182 0 0 0 0 0 0 0 0.871182 0 0 0 0 0 0 0 0 0 0 0 0 0 0 0 0.871182 0 0 0 0 0 0 0 0 0 0 0 0 0 0 0 0 0 0 0 0 0 0 0 0 0 0 
0 0 0.529219 0 0.529219 0 -4.54316 0.871182 0 0 0 0 0 0 0.871182 0 0 0 0 0 0 0 0.871182 0 0 0 0 0 0 0 0 0 0 0 0 0 0 0 0.871182 0 0 0 0 0 0 0 0 0 0 0 0 0 0 0 0 0 0 0 0 0 0 0 0 0 
0 0 0 0.529219 0 0.529219 0.529219 -5.50797 0 0 0 0 0 0 0 1.30677 0 0 0 0 0 0 0 1.30677 0 0 0 0 0 0 0 0 0 0 0 0 0 0 0 1.30677 0 0 0 0 0 0 0 0 0 0 0 0 0 0 0 0 0 0 0 0 0 0 0 0 
0.529219 0 0 0 0 0 0 0 -2.70717 0.435591 0.435591 0 0.435591 0 0 0 0 0 0 0 0 0 0 0 0.435591 0 0 0 0 0 0 0 0 0 0 0 0 0 0 0 0.435591 0 0 0 0 0 0 0 0 0 0 0 0 0 0 0 0 0 0 0 0 0 0 0 
0 0.529219 0 0 0 0 0 0 0.529219 -4.54316 0 0.871182 0 0.871182 0 0 0 0 0 0 0 0 0 0 0 0.871182 0 0 0 0 0 0 0 0 0 0 0 0 0 0 0 0.871182 0 0 0 0 0 0 0 0 0 0 0 0 0 0 0 0 0 0 0 0 0 0 
0 0 0.529219 0 0 0 0 0 0.529219 0 -4.54316 0.871182 0 0 0.871182 0 0 0 0 0 0 0 0 0 0 0 0.871182 0 0 0 0 0 0 0 0 0 0 0 0 0 0 0 0.871182 0 0 0 0 0 0 0 0 0 0 0 0 0 0 0 0 0 0 0 0 0 
0 0 0 0.529219 0 0 0 0 0 0.529219 0.529219 -5.50797 0 0 0 1.30677 0 0 0 0 0 0 0 0 0 0 0 1.30677 0 0 0 0 0 0 0 0 0 0 0 0 0 0 0 1.30677 0 0 0 0 0 0 0 0 0 0 0 0 0 0 0 0 0 0 0 0 
0 0 0 0 0.529219 0 0 0 0.529219 0 0 0 -4.54316 0.871182 0.871182 0 0 0 0 0 0 0 0 0 0 0 0 0 0.871182 0 0 0 0 0 0 0 0 0 0 0 0 0 0 0 0.871182 0 0 0 0 0 0 0 0 0 0 0 0 0 0 0 0 0 0 0 
0 0 0 0 0 0.529219 0 0 0 0.529219 0 0 0.529219 -5.50797 0 1.30677 0 0 0 0 0 0 0 0 0 0 0 0 0 1.30677 0 0 0 0 0 0 0 0 0 0 0 0 0 0 0 1.30677 0 0 0 0 0 0 0 0 0 0 0 0 0 0 0 0 0 0 
0 0 0 0 0 0 0.529219 0 0 0 0.529219 0 0.529219 0 -5.50797 1.30677 0 0 0 0 0 0 0 0 0 0 0 0 0 0 1.30677 0 0 0 0 0 0 0 0 0 0 0 0 0 0 0 1.30677 0 0 0 0 0 0 0 0 0 0 0 0 0 0 0 0 0 
0 0 0 0 0 0 0 0.529219 0 0 0 0.529219 0 0.529219 0.529219 -5.6016 0 0 0 0 0 0 0 0 0 0 0 0 0 0 0 1.74236 0 0 0 0 0 0 0 0 0 0 0 0 0 0 0 1.74236 0 0 0 0 0 0 0 0 0 0 0 0 0 0 0 0 
0.529219 0 0 0 0 0 0 0 0 0 0 0 0 0 0 0 -2.70717 0.435591 0.435591 0 0.435591 0 0 0 0.435591 0 0 0 0 0 0 0 0 0 0 0 0 0 0 0 0 0 0 0 0 0 0 0 0.435591 0 0 0 0 0 0 0 0 0 0 0 0 0 0 0 
0 0.529219 0 0 0 0 0 0 0 0 0 0 0 0 0 0 0.529219 -4.54316 0 0.871182 0 0.871182 0 0 0 0.871182 0 0 0 0 0 0 0 0 0 0 0 0 0 0 0 0 0 0 0 0 0 0 0 0.871182 0 0 0 0 0 0 0 0 0 0 0 0 0 0 
0 0 0.529219 0 0 0 0 0 0 0 0 0 0 0 0 0 0.529219 0 -4.54316 0.871182 0 0 0.871182 0 0 0 0.871182 0 0 0 0 0 0 0 0 0 0 0 0 0 0 0 0 0 0 0 0 0 0 0 0.871182 0 0 0 0 0 0 0 0 0 0 0 0 0 
0 0 0 0.529219 0 0 0 0 0 0 0 0 0 0 0 0 0 0.529219 0.529219 -5.50797 0 0 0 1.30677 0 0 0 1.30677 0 0 0 0 0 0 0 0 0 0 0 0 0 0 0 0 0 0 0 0 0 0 0 1.30677 0 0 0 0 0 0 0 0 0 0 0 0 
0 0 0 0 0.529219 0 0 0 0 0 0 0 0 0 0 0 0.529219 0 0 0 -4.54316 0.871182 0.871182 0 0 0 0 0 0.871182 0 0 0 0 0 0 0 0 0 0 0 0 0 0 0 0 0 0 0 0 0 0 0 0.871182 0 0 0 0 0 0 0 0 0 0 0 
0 0 0 0 0 0.529219 0 0 0 0 0 0 0 0 0 0 0 0.529219 0 0 0.529219 -5.50797 0 1.30677 0 0 0 0 0 1.30677 0 0 0 0 0 0 0 0 0 0 0 0 0 0 0 0 0 0 0 0 0 0 0 1.30677 0 0 0 0 0 0 0 0 0 0 
0 0 0 0 0 0 0.529219 0 0 0 0 0 0 0 0 0 0 0 0.529219 0 0.529219 0 -5.50797 1.30677 0 0 0 0 0 0 1.30677 0 0 0 0 0 0 0 0 0 0 0 0 0 0 0 0 0 0 0 0 0 0 0 1.30677 0 0 0 0 0 0 0 0 0 
0 0 0 0 0 0 0 0.529219 0 0 0 0 0 0 0 0 0 0 0 0.529219 0 0.529219 0.529219 -5.6016 0 0 0 0 0 0 0 1.74236 0 0 0 0 0 0 0 0 0 0 0 0 0 0 0 0 0 0 0 0 0 0 0 1.74236 0 0 0 0 0 0 0 0 
0 0 0 0 0 0 0 0 0.529219 0 0 0 0 0 0 0 0.529219 0 0 0 0 0 0 0 -4.54316 0.871182 0.871182 0 0.871182 0 0 0 0 0 0 0 0 0 0 0 0 0 0 0 0 0 0 0 0 0 0 0 0 0 0 0 0.871182 0 0 0 0 0 0 0 
0 0 0 0 0 0 0 0 0 0.529219 0 0 0 0 0 0 0 0.529219 0 0 0 0 0 0 0.529219 -5.50797 0 1.30677 0 1.30677 0 0 0 0 0 0 0 0 0 0 0 0 0 0 0 0 0 0 0 0 0 0 0 0 0 0 0 1.30677 0 0 0 0 0 0 
0 0 0 0 0 0 0 0 0 0 0.529219 0 0 0 0 0 0 0 0.529219 0 0 0 0 0 0.529219 0 -5.50797 1.30677 0 0 1.30677 0 0 0 0 0 0 0 0 0 0 0 0 0 0 0 0 0 0 0 0 0 0 0 0 0 0 0 1.30677 0 0 0 0 0 
0 0 0 0 0 0 0 0 0 0 0 0.529219 0 0 0 0 0 0 0 0.529219 0 0 0 0 0 0.529219 0.529219 -5.6016 0 0 0 1.74236 0 0 0 0 0 0 0 0 0 0 0 0 0 0 0 0 0 0 0 0 0 0 0 0 0 0 0 1.74236 0 0 0 0 
0 0 0 0 0 0 0 0 0 0 0 0 0.529219 0 0 0 0 0 0 0 0.529219 0 0 0 0.529219 0 0 0 -5.50797 1.30677 1.30677 0 0 0 0 0 0 0 0 0 0 0 0 0 0 0 0 0 0 0 0 0 0 0 0 0 0 0 0 0 1.30677 0 0 0 
0 0 0 0 0 0 0 0 0 0 0 0 0 0.529219 0 0 0 0 0 0 0 0.529219 0 0 0 0.529219 0 0 0.529219 -5.6016 0 1.74236 0 0 0 0 0 0 0 0 0 0 0 0 0 0 0 0 0 0 0 0 0 0 0 0 0 0 0 0 0 1.74236 0 0 
0 0 0 0 0 0 0 0 0 0 0 0 0 0 0.529219 0 0 0 0 0 0 0 0.529219 0 0 0 0.529219 0 0.529219 0 -5.6016 1.74236 0 0 0 0 0 0 0 0 0 0 0 0 0 0 0 0 0 0 0 0 0 0 0 0 0 0 0 0 0 0 1.74236 0 
0 0 0 0 0 0 0 0 0 0 0 0 0 0 0 0.529219 0 0 0 0 0 0 0 0.529219 0 0 0 0.529219 0 0.529219 0.529219 -4.82405 0 0 0 0 0 0 0 0 0 0 0 0 0 0 0 0 0 0 0 0 0 0 0 0 0 0 0 0 0 0 0 2.17795 
0.529219 0 0 0 0 0 0 0 0 0 0 0 0 0 0 0 0 0 0 0 0 0 0 0 0 0 0 0 0 0 0 0 -2.70717 0.435591 0.435591 0 0.435591 0 0 0 0.435591 0 0 0 0 0 0 0 0.435591 0 0 0 0 0 0 0 0 0 0 0 0 0 0 0 
0 0.529219 0 0 0 0 0 0 0 0 0 0 0 0 0 0 0 0 0 0 0 0 0 0 0 0 0 0 0 0 0 0 0.529219 -4.54316 0 0.871182 0 0.871182 0 0 0 0.871182 0 0 0 0 0 0 0 0.871182 0 0 0 0 0 0 0 0 0 0 0 0 0 0 
0 0 0.529219 0 0 0 0 0 0 0 0 0 0 0 0 0 0 0 0 0 0 0 0 0 0 0 0 0 0 0 0 0 0.529219 0 -4.54316 0.871182 0 0 0.871182 0 0 0 0.871182 0 0 0 0 0 0 0 0.871182 0 0 0 0 0 0 0 0 0 0 0 0 0 
0 0 0 0.529219 0 0 0 0 0 0 0 0 0 0 0 0 0 0 0 0 0 0 0 0 0 0 0 0 0 0 0 0 0 0.529219 0.529219 -5.50797 0 0 0 1.30677 0 0 0 1.30677 0 0 0 0 0 0 0 1.30677 0 0 0 0 0 0 0 0 0 0 0 0 
0 0 0 0 0.529219 0 0 0 0 0 0 0 0 0 0 0 0 0 0 0 0 0 0 0 0 0 0 0 0 0 0 0 0.529219 0 0 0 -4.54316 0.871182 0.871182 0 0 0 0 0 0.871182 0 0 0 0 0 0 0 0.871182 0 0 0 0 0 0 0 0 0 0 0 
0 0 0 0 0 0.529219 0 0 0 0 0 0 0 0 0 0 0 0 0 0 0 0 0 0 0 0 0 0 0 0 0 0 0 0.529219 0 0 0.529219 -5.50797 0 1.30677 0 0 0 0 0 1.30677 0 0 0 0 0 0 0 1.30677 0 0 0 0 0 0 0 0 0 0 
0 0 0 0 0 0 0.529219 0 0 0 0 0 0 0 0 0 0 0 0 0 0 0 0 0 0 0 0 0 0 0 0 0 0 0 0.529219 0 0.529219 0 -5.50797 1.30677 0 0 0 0 0 0 1.30677 0 0 0 0 0 0 0 1.30677 0 0 0 0 0 0 0 0 0 
0 0 0 0 0 0 0 0.529219 0 0 0 0 0 0 0 0 0 0 0 0 0 0 0 0 0 0 0 0 0 0 0 0 0 0 0 0.529219 0 0.529219 0.529219 -5.6016 0 0 0 0 0 0 0 1.74236 0 0 0 0 0 0 0 1.74236 0 0 0 0 0 0 0 0 
0 0 0 0 0 0 0 0 0.529219 0 0 0 0 0 0 0 0 0 0 0 0 0 0 0 0 0 0 0 0 0 0 0 0.529219 0 0 0 0 0 0 0 -4.54316 0.871182 0.871182 0 0.871182 0 0 0 0 0 0 0 0 0 0 0 0.871182 0 0 0 0 0 0 0 
0 0 0 0 0 0 0 0 0 0.529219 0 0 0 0 0 0 0 0 0 0 0 0 0 0 0 0 0 0 0 0 0 0 0 0.529219 0 0 0 0 0 0 0.529219 -5.50797 0 1.30677 0 1.30677 0 0 0 0 0 0 0 0 0 0 0 1.30677 0 0 0 0 0 0 
0 0 0 0 0 0 0 0 0 0 0.529219 0 0 0 0 0 0 0 0 0 0 0 0 0 0 0 0 0 0 0 0 0 0 0 0.529219 0 0 0 0 0 0.529219 0 -5.50797 1.30677 0 0 1.30677 0 0 0 0 0 0 0 0 0 0 0 1.30677 0 0 0 0 0 
0 0 0 0 0 0 0 0 0 0 0 0.529219 0 0 0 0 0 0 0 0 0 0 0 0 0 0 0 0 0 0 0 0 0 0 0 0.529219 0 0 0 0 0 0.529219 0.529219 -5.6016 0 0 0 1.74236 0 0 0 0 0 0 0 0 0 0 0 1.74236 0 0 0 0 
0 0 0 0 0 0 0 0 0 0 0 0 0.529219 0 0 0 0 0 0 0 0 0 0 0 0 0 0 0 0 0 0 0 0 0 0 0 0.529219 0 0 0 0.529219 0 0 0 -5.50797 1.30677 1.30677 0 0 0 0 0 0 0 0 0 0 0 0 0 1.30677 0 0 0 
0 0 0 0 0 0 0 0 0 0 0 0 0 0.529219 0 0 0 0 0 0 0 0 0 0 0 0 0 0 0 0 0 0 0 0 0 0 0 0.529219 0 0 0 0.529219 0 0 0.529219 -5.6016 0 1.74236 0 0 0 0 0 0 0 0 0 0 0 0 0 1.74236 0 0 
0 0 0 0 0 0 0 0 0 0 0 0 0 0 0.529219 0 0 0 0 0 0 0 0 0 0 0 0 0 0 0 0 0 0 0 0 0 0 0 0.529219 0 0 0 0.529219 0 0.529219 0 -5.6016 1.74236 0 0 0 0 0 0 0 0 0 0 0 0 0 0 1.74236 0 
0 0 0 0 0 0 0 0 0 0 0 0 0 0 0 0.529219 0 0 0 0 0 0 0 0 0 0 0 0 0 0 0 0 0 0 0 0 0 0 0 0.529219 0 0 0 0.529219 0 0.529219 0.529219 -4.82405 0 0 0 0 0 0 0 0 0 0 0 0 0 0 0 2.17795 
0 0 0 0 0 0 0 0 0 0 0 0 0 0 0 0 0.529219 0 0 0 0 0 0 0 0 0 0 0 0 0 0 0 0.529219 0 0 0 0 0 0 0 0 0 0 0 0 0 0 0 -4.54316 0.871182 0.871182 0 0.871182 0 0 0 0.871182 0 0 0 0 0 0 0 
0 0 0 0 0 0 0 0 0 0 0 0 0 0 0 0 0 0.529219 0 0 0 0 0 0 0 0 0 0 0 0 0 0 0 0.529219 0 0 0 0 0 0 0 0 0 0 0 0 0 0 0.529219 -5.50797 0 1.30677 0 1.30677 0 0 0 1.30677 0 0 0 0 0 0 
0 0 0 0 0 0 0 0 0 0 0 0 0 0 0 0 0 0 0.529219 0 0 0 0 0 0 0 0 0 0 0 0 0 0 0 0.529219 0 0 0 0 0 0 0 0 0 0 0 0 0 0.529219 0 -5.50797 1.30677 0 0 1.30677 0 0 0 1.30677 0 0 0 0 0 
0 0 0 0 0 0 0 0 0 0 0 0 0 0 0 0 0 0 0 0.529219 0 0 0 0 0 0 0 0 0 0 0 0 0 0 0 0.529219 0 0 0 0 0 0 0 0 0 0 0 0 0 0.529219 0.529219 -5.6016 0 0 0 1.74236 0 0 0 1.74236 0 0 0 0 
0 0 0 0 0 0 0 0 0 0 0 0 0 0 0 0 0 0 0 0 0.529219 0 0 0 0 0 0 0 0 0 0 0 0 0 0 0 0.529219 0 0 0 0 0 0 0 0 0 0 0 0.529219 0 0 0 -5.50797 1.30677 1.30677 0 0 0 0 0 1.30677 0 0 0 
0 0 0 0 0 0 0 0 0 0 0 0 0 0 0 0 0 0 0 0 0 0.529219 0 0 0 0 0 0 0 0 0 0 0 0 0 0 0 0.529219 0 0 0 0 0 0 0 0 0 0 0 0.529219 0 0 0.529219 -5.6016 0 1.74236 0 0 0 0 0 1.74236 0 0 
0 0 0 0 0 0 0 0 0 0 0 0 0 0 0 0 0 0 0 0 0 0 0.529219 0 0 0 0 0 0 0 0 0 0 0 0 0 0 0 0.529219 0 0 0 0 0 0 0 0 0 0 0 0.529219 0 0.529219 0 -5.6016 1.74236 0 0 0 0 0 0 1.74236 0 
0 0 0 0 0 0 0 0 0 0 0 0 0 0 0 0 0 0 0 0 0 0 0 0.529219 0 0 0 0 0 0 0 0 0 0 0 0 0 0 0 0.529219 0 0 0 0 0 0 0 0 0 0 0 0.529219 0 0.529219 0.529219 -4.82405 0 0 0 0 0 0 0 2.17795 
0 0 0 0 0 0 0 0 0 0 0 0 0 0 0 0 0 0 0 0 0 0 0 0 0.529219 0 0 0 0 0 0 0 0 0 0 0 0 0 0 0 0.529219 0 0 0 0 0 0 0 0.529219 0 0 0 0 0 0 0 -5.50797 1.30677 1.30677 0 1.30677 0 0 0 
0 0 0 0 0 0 0 0 0 0 0 0 0 0 0 0 0 0 0 0 0 0 0 0 0 0.529219 0 0 0 0 0 0 0 0 0 0 0 0 0 0 0 0.529219 0 0 0 0 0 0 0 0.529219 0 0 0 0 0 0 0.529219 -5.6016 0 1.74236 0 1.74236 0 0 
0 0 0 0 0 0 0 0 0 0 0 0 0 0 0 0 0 0 0 0 0 0 0 0 0 0 0.529219 0 0 0 0 0 0 0 0 0 0 0 0 0 0 0 0.529219 0 0 0 0 0 0 0 0.529219 0 0 0 0 0 0.529219 0 -5.6016 1.74236 0 0 1.74236 0 
0 0 0 0 0 0 0 0 0 0 0 0 0 0 0 0 0 0 0 0 0 0 0 0 0 0 0 0.529219 0 0 0 0 0 0 0 0 0 0 0 0 0 0 0 0.529219 0 0 0 0 0 0 0 0.529219 0 0 0 0 0 0.529219 0.529219 -4.82405 0 0 0 2.17795 
0 0 0 0 0 0 0 0 0 0 0 0 0 0 0 0 0 0 0 0 0 0 0 0 0 0 0 0 0.529219 0 0 0 0 0 0 0 0 0 0 0 0 0 0 0 0.529219 0 0 0 0 0 0 0 0.529219 0 0 0 0.529219 0 0 0 -5.6016 1.74236 1.74236 0 
0 0 0 0 0 0 0 0 0 0 0 0 0 0 0 0 0 0 0 0 0 0 0 0 0 0 0 0 0 0.529219 0 0 0 0 0 0 0 0 0 0 0 0 0 0 0 0.529219 0 0 0 0 0 0 0 0.529219 0 0 0 0.529219 0 0 0.529219 -4.82405 0 2.17795 
0 0 0 0 0 0 0 0 0 0 0 0 0 0 0 0 0 0 0 0 0 0 0 0 0 0 0 0 0 0 0.529219 0 0 0 0 0 0 0 0 0 0 0 0 0 0 0 0.529219 0 0 0 0 0 0 0 0.529219 0 0 0 0.529219 0 0.529219 0 -4.82405 2.17795 
0 0 0 0 0 0 0 0 0 0 0 0 0 0 0 0 0 0 0 0 0 0 0 0 0 0 0 0 0 0 0 0.529219 0 0 0 0 0 0 0 0 0 0 0 0 0 0 0 0.529219 0 0 0 0 0 0 0 0.529219 0 0 0 0.529219 0 0.529219 0.529219 -3.17531 
