32
-0 0 0 0 0 0 0 0 0 0 0 0 0 0 0 0 0 0 0 0 0 0 0 0 0 0 0 0 0 0 0 0 
0.547457 -2.72811 0 0.545163 0 0.545163 0 0 0 0.545163 0 0 0 0 0 0 0 0.545163 0 0 0 0 0 0 0 0 0 0 0 0 0 0 
0.547457 0 -2.72811 0.545163 0 0 0.545163 0 0 0 0.545163 0 0 0 0 0 0 0 0.545163 0 0 0 0 0 0 0 0 0 0 0 0 0 
0 0.547457 0.547457 -4.36589 0 0 0 1.09033 0 0 0 1.09033 0 0 0 0 0 0 0 1.09033 0 0 0 0 0 0 0 0 0 0 0 0 
0.547457 0 0 0 -2.72811 0.545163 0.545163 0 0 0 0 0 0.545163 0 0 0 0 0 0 0 0.545163 0 0 0 0 0 0 0 0 0 0 0 
0 0.547457 0 0 0.547457 -4.36589 0 1.09033 0 0 0 0 0 1.09033 0 0 0 0 0 0 0 1.09033 0 0 0 0 0 0 0 0 0 0 
0 0 0.547457 0 0.547457 0 -4.36589 1.09033 0 0 0 0 0 0 1.09033 0 0 0 0 0 0 0 1.09033 0 0 0 0 0 0 0 0 0 
0 0 0 0.547457 0 0.547457 0.547457 -4.91335 0 0 0 0 0 0 0 1.63549 0 0 0 0 0 0 0 1.63549 0 0 0 0 0 0 0 0 
0.547457 0 0 0 0 0 0 0 -2.72811 0.545163 0.545163 0 0.545163 0 0 0 0 0 0 0 0 0 0 0 0.545163 0 0 0 0 0 0 0 
0 0.547457 0 0 0 0 0 0 0.547457 -4.36589 0 1.09033 0 1.09033 0 0 0 0 0 0 0 0 0 0 0 1.09033 0 0 0 0 0 0 
0 0 0.547457 0 0 0 0 0 0.547457 0 -4.36589 1.09033 0 0 1.09033 0 0 0 0 0 0 0 0 0 0 0 1.09033 0 0 0 0 0 
0 0 0 0.547457 0 0 0 0 0 0.547457 0.547457 -4.91335 0 0 0 1.63549 0 0 0 0 0 0 0 0 0 0 0 1.63549 0 0 0 0 
0 0 0 0 0.547457 0 0 0 0.547457 0 0 0 -4.36589 1.09033 1.09033 0 0 0 0 0 0 0 0 0 0 0 0 0 1.09033 0 0 0 
0 0 0 0 0 0.547457 0 0 0 0.547457 0 0 0.547457 -4.91335 0 1.63549 0 0 0 0 0 0 0 0 0 0 0 0 0 1.63549 0 0 
0 0 0 0 0 0 0.547457 0 0 0 0.547457 0 0.547457 0 -4.91335 1.63549 0 0 0 0 0 0 0 0 0 0 0 0 0 0 1.63549 0 
0 0 0 0 0 0 0 0.547457 0 0 0 0.547457 0 0.547457 0.547457 -4.37048 0 0 0 0 0 0 0 0 0 0 0 0 0 0 0 2.18065 
0.547457 0 0 0 0 0 0 0 0 0 0 0 0 0 0 0 -2.72811 0.545163 0.545163 0 0.545163 0 0 0 0.545163 0 0 0 0 0 0 0 
0 0.547457 0 0 0 0 0 0 0 0 0 0 0 0 0 0 0.547457 -4.36589 0 1.09033 0 1.09033 0 0 0 1.09033 0 0 0 0 0 0 
0 0 0.547457 0 0 0 0 0 0 0 0 0 0 0 0 0 0.547457 0 -4.36589 1.09033 0 0 1.09033 0 0 0 1.09033 0 0 0 0 0 
0 0 0 0.547457 0 0 0 0 0 0 0 0 0 0 0 0 0 0.547457 0.547457 -4.91335 0 0 0 1.63549 0 0 0 1.63549 0 0 0 0 
0 0 0 0 0.547457 0 0 0 0 0 0 0 0 0 0 0 0.547457 0 0 0 -4.36589 1.09033 1.09033 0 0 0 0 0 1.09033 0 0 0 
0 0 0 0 0 0.547457 0 0 0 0 0 0 0 0 0 0 0 0.547457 0 0 0.547457 -4.91335 0 1.63549 0 0 0 0 0 1.63549 0 0 
0 0 0 0 0 0 0.547457 0 0 0 0 0 0 0 0 0 0 0 0.547457 0 0.547457 0 -4.91335 1.63549 0 0 0 0 0 0 1.63549 0 
0 0 0 0 0 0 0 0.547457 0 0 0 0 0 0 0 0 0 0 0 0.547457 0 0.547457 0.547457 -4.37048 0 0 0 0 0 0 0 2.18065 
0 0 0 0 0 0 0 0 0.547457 0 0 0 0 0 0 0 0.547457 0 0 0 0 0 0 0 -4.36589 1.09033 1.09033 0 1.09033 0 0 0 
0 0 0 0 0 0 0 0 0 0.547457 0 0 0 0 0 0 0 0.547457 0 0 0 0 0 0 0.547457 -4.91335 0 1.63549 0 1.63549 0 0 
0 0 0 0 0 0 0 0 0 0 0.547457 0 0 0 0 0 0 0 0.547457 0 0 0 0 0 0.547457 0 -4.91335 1.63549 0 0 1.63549 0 
0 0 0 0 0 0 0 0 0 0 0 0.547457 0 0 0 0 0 0 0 0.547457 0 0 0 0 0 0.547457 0.547457 -4.37048 0 0 0 2.18065 
0 0 0 0 0 0 0 0 0 0 0 0 0.547457 0 0 0 0 0 0 0 0.547457 0 0 0 0.547457 0 0 0 -4.91335 1.63549 1.63549 0 
0 0 0 0 0 0 0 0 0 0 0 0 0 0.547457 0 0 0 0 0 0 0 0.547457 0 0 0 0.547457 0 0 0.547457 -4.37048 0 2.18065 
0 0 0 0 0 0 0 0 0 0 0 0 0 0 0.547457 0 0 0 0 0 0 0 0.547457 0 0 0 0.547457 0 0.547457 0 -4.37048 2.18065 
0 0 0 0 0 0 0 0 0 0 0 0 0 0 0 0.547457 0 0 0 0 0 0 0 0.547457 0 0 0 0.547457 0 0.547457 0.547457 -2.73728 
