32
-0 0 0 0 0 0 0 0 0 0 0 0 0 0 0 0 0 0 0 0 0 0 0 0 0 0 0 0 0 0 0 0 
0.266515 -1.56092 0 0.3236 0 0.3236 0 0 0 0.3236 0 0 0 0 0 0 0 0.3236 0 0 0 0 0 0 0 0 0 0 0 0 0 0 
0.266515 0 -1.56092 0.3236 0 0 0.3236 0 0 0 0.3236 0 0 0 0 0 0 0 0.3236 0 0 0 0 0 0 0 0 0 0 0 0 0 
0 0.266515 0.266515 -2.47463 0 0 0 0.647201 0 0 0 0.647201 0 0 0 0 0 0 0 0.647201 0 0 0 0 0 0 0 0 0 0 0 0 
0.266515 0 0 0 -1.56092 0.3236 0.3236 0 0 0 0 0 0.3236 0 0 0 0 0 0 0 0.3236 0 0 0 0 0 0 0 0 0 0 0 
0 0.266515 0 0 0.266515 -2.47463 0 0.647201 0 0 0 0 0 0.647201 0 0 0 0 0 0 0 0.647201 0 0 0 0 0 0 0 0 0 0 
0 0 0.266515 0 0.266515 0 -2.47463 0.647201 0 0 0 0 0 0 0.647201 0 0 0 0 0 0 0 0.647201 0 0 0 0 0 0 0 0 0 
0 0 0 0.266515 0 0.266515 0.266515 -2.74115 0 0 0 0 0 0 0 0.970801 0 0 0 0 0 0 0 0.970801 0 0 0 0 0 0 0 0 
0.266515 0 0 0 0 0 0 0 -1.56092 0.3236 0.3236 0 0.3236 0 0 0 0 0 0 0 0 0 0 0 0.3236 0 0 0 0 0 0 0 
0 0.266515 0 0 0 0 0 0 0.266515 -2.47463 0 0.647201 0 0.647201 0 0 0 0 0 0 0 0 0 0 0 0.647201 0 0 0 0 0 0 
0 0 0.266515 0 0 0 0 0 0.266515 0 -2.47463 0.647201 0 0 0.647201 0 0 0 0 0 0 0 0 0 0 0 0.647201 0 0 0 0 0 
0 0 0 0.266515 0 0 0 0 0 0.266515 0.266515 -2.74115 0 0 0 0.970801 0 0 0 0 0 0 0 0 0 0 0 0.970801 0 0 0 0 
0 0 0 0 0.266515 0 0 0 0.266515 0 0 0 -2.47463 0.647201 0.647201 0 0 0 0 0 0 0 0 0 0 0 0 0 0.647201 0 0 0 
0 0 0 0 0 0.266515 0 0 0 0.266515 0 0 0.266515 -2.74115 0 0.970801 0 0 0 0 0 0 0 0 0 0 0 0 0 0.970801 0 0 
0 0 0 0 0 0 0.266515 0 0 0 0.266515 0 0.266515 0 -2.74115 0.970801 0 0 0 0 0 0 0 0 0 0 0 0 0 0 0.970801 0 
0 0 0 0 0 0 0 0.266515 0 0 0 0.266515 0 0.266515 0.266515 -2.36046 0 0 0 0 0 0 0 0 0 0 0 0 0 0 0 1.2944 
0.266515 0 0 0 0 0 0 0 0 0 0 0 0 0 0 0 -1.56092 0.3236 0.3236 0 0.3236 0 0 0 0.3236 0 0 0 0 0 0 0 
0 0.266515 0 0 0 0 0 0 0 0 0 0 0 0 0 0 0.266515 -2.47463 0 0.647201 0 0.647201 0 0 0 0.647201 0 0 0 0 0 0 
0 0 0.266515 0 0 0 0 0 0 0 0 0 0 0 0 0 0.266515 0 -2.47463 0.647201 0 0 0.647201 0 0 0 0.647201 0 0 0 0 0 
0 0 0 0.266515 0 0 0 0 0 0 0 0 0 0 0 0 0 0.266515 0.266515 -2.74115 0 0 0 0.970801 0 0 0 0.970801 0 0 0 0 
0 0 0 0 0.266515 0 0 0 0 0 0 0 0 0 0 0 0.266515 0 0 0 -2.47463 0.647201 0.647201 0 0 0 0 0 0.647201 0 0 0 
0 0 0 0 0 0.266515 0 0 0 0 0 0 0 0 0 0 0 0.266515 0 0 0.266515 -2.74115 0 0.970801 0 0 0 0 0 0.970801 0 0 
0 0 0 0 0 0 0.266515 0 0 0 0 0 0 0 0 0 0 0 0.266515 0 0.266515 0 -2.74115 0.970801 0 0 0 0 0 0 0.970801 0 
0 0 0 0 0 0 0 0.266515 0 0 0 0 0 0 0 0 0 0 0 0.266515 0 0.266515 0.266515 -2.36046 0 0 0 0 0 0 0 1.2944 
0 0 0 0 0 0 0 0 0.266515 0 0 0 0 0 0 0 0.266515 0 0 0 0 0 0 0 -2.47463 0.647201 0.647201 0 0.647201 0 0 0 
0 0 0 0 0 0 0 0 0 0.266515 0 0 0 0 0 0 0 0.266515 0 0 0 0 0 0 0.266515 -2.74115 0 0.970801 0 0.970801 0 0 
0 0 0 0 0 0 0 0 0 0 0.266515 0 0 0 0 0 0 0 0.266515 0 0 0 0 0 0.266515 0 -2.74115 0.970801 0 0 0.970801 0 
0 0 0 0 0 0 0 0 0 0 0 0.266515 0 0 0 0 0 0 0 0.266515 0 0 0 0 0 0.266515 0.266515 -2.36046 0 0 0 1.2944 
0 0 0 0 0 0 0 0 0 0 0 0 0.266515 0 0 0 0 0 0 0 0.266515 0 0 0 0.266515 0 0 0 -2.74115 0.970801 0.970801 0 
0 0 0 0 0 0 0 0 0 0 0 0 0 0.266515 0 0 0 0 0 0 0 0.266515 0 0 0 0.266515 0 0 0.266515 -2.36046 0 1.2944 
0 0 0 0 0 0 0 0 0 0 0 0 0 0 0.266515 0 0 0 0 0 0 0 0.266515 0 0 0 0.266515 0 0.266515 0 -2.36046 1.2944 
0 0 0 0 0 0 0 0 0 0 0 0 0 0 0 0.266515 0 0 0 0 0 0 0 0.266515 0 0 0 0.266515 0 0.266515 0.266515 -1.33258 
