64
-0 0 0 0 0 0 0 0 0 0 0 0 0 0 0 0 0 0 0 0 0 0 0 0 0 0 0 0 0 0 0 0 0 0 0 0 0 0 0 0 0 0 0 0 0 0 0 0 0 0 0 0 0 0 0 0 0 0 0 0 0 0 0 0 
0.696398 -3.10961 0 0.482643 0 0.482643 0 0 0 0.482643 0 0 0 0 0 0 0 0.482643 0 0 0 0 0 0 0 0 0 0 0 0 0 0 0 0.482643 0 0 0 0 0 0 0 0 0 0 0 0 0 0 0 0 0 0 0 0 0 0 0 0 0 0 0 0 0 0 
0.696398 0 -3.10961 0.482643 0 0 0.482643 0 0 0 0.482643 0 0 0 0 0 0 0 0.482643 0 0 0 0 0 0 0 0 0 0 0 0 0 0 0 0.482643 0 0 0 0 0 0 0 0 0 0 0 0 0 0 0 0 0 0 0 0 0 0 0 0 0 0 0 0 0 
0 0.696398 0.696398 -5.25394 0 0 0 0.965285 0 0 0 0.965285 0 0 0 0 0 0 0 0.965285 0 0 0 0 0 0 0 0 0 0 0 0 0 0 0 0.965285 0 0 0 0 0 0 0 0 0 0 0 0 0 0 0 0 0 0 0 0 0 0 0 0 0 0 0 0 
0.696398 0 0 0 -3.10961 0.482643 0.482643 0 0 0 0 0 0.482643 0 0 0 0 0 0 0 0.482643 0 0 0 0 0 0 0 0 0 0 0 0 0 0 0 0.482643 0 0 0 0 0 0 0 0 0 0 0 0 0 0 0 0 0 0 0 0 0 0 0 0 0 0 0 
0 0.696398 0 0 0.696398 -5.25394 0 0.965285 0 0 0 0 0 0.965285 0 0 0 0 0 0 0 0.965285 0 0 0 0 0 0 0 0 0 0 0 0 0 0 0 0.965285 0 0 0 0 0 0 0 0 0 0 0 0 0 0 0 0 0 0 0 0 0 0 0 0 0 0 
0 0 0.696398 0 0.696398 0 -5.25394 0.965285 0 0 0 0 0 0 0.965285 0 0 0 0 0 0 0 0.965285 0 0 0 0 0 0 0 0 0 0 0 0 0 0 0 0.965285 0 0 0 0 0 0 0 0 0 0 0 0 0 0 0 0 0 0 0 0 0 0 0 0 0 
0 0 0 0.696398 0 0.696398 0.696398 -6.43298 0 0 0 0 0 0 0 1.44793 0 0 0 0 0 0 0 1.44793 0 0 0 0 0 0 0 0 0 0 0 0 0 0 0 1.44793 0 0 0 0 0 0 0 0 0 0 0 0 0 0 0 0 0 0 0 0 0 0 0 0 
0.696398 0 0 0 0 0 0 0 -3.10961 0.482643 0.482643 0 0.482643 0 0 0 0 0 0 0 0 0 0 0 0.482643 0 0 0 0 0 0 0 0 0 0 0 0 0 0 0 0.482643 0 0 0 0 0 0 0 0 0 0 0 0 0 0 0 0 0 0 0 0 0 0 0 
0 0.696398 0 0 0 0 0 0 0.696398 -5.25394 0 0.965285 0 0.965285 0 0 0 0 0 0 0 0 0 0 0 0.965285 0 0 0 0 0 0 0 0 0 0 0 0 0 0 0 0.965285 0 0 0 0 0 0 0 0 0 0 0 0 0 0 0 0 0 0 0 0 0 0 
0 0 0.696398 0 0 0 0 0 0.696398 0 -5.25394 0.965285 0 0 0.965285 0 0 0 0 0 0 0 0 0 0 0 0.965285 0 0 0 0 0 0 0 0 0 0 0 0 0 0 0 0.965285 0 0 0 0 0 0 0 0 0 0 0 0 0 0 0 0 0 0 0 0 0 
0 0 0 0.696398 0 0 0 0 0 0.696398 0.696398 -6.43298 0 0 0 1.44793 0 0 0 0 0 0 0 0 0 0 0 1.44793 0 0 0 0 0 0 0 0 0 0 0 0 0 0 0 1.44793 0 0 0 0 0 0 0 0 0 0 0 0 0 0 0 0 0 0 0 0 
0 0 0 0 0.696398 0 0 0 0.696398 0 0 0 -5.25394 0.965285 0.965285 0 0 0 0 0 0 0 0 0 0 0 0 0 0.965285 0 0 0 0 0 0 0 0 0 0 0 0 0 0 0 0.965285 0 0 0 0 0 0 0 0 0 0 0 0 0 0 0 0 0 0 0 
0 0 0 0 0 0.696398 0 0 0 0.696398 0 0 0.696398 -6.43298 0 1.44793 0 0 0 0 0 0 0 0 0 0 0 0 0 1.44793 0 0 0 0 0 0 0 0 0 0 0 0 0 0 0 1.44793 0 0 0 0 0 0 0 0 0 0 0 0 0 0 0 0 0 0 
0 0 0 0 0 0 0.696398 0 0 0 0.696398 0 0.696398 0 -6.43298 1.44793 0 0 0 0 0 0 0 0 0 0 0 0 0 0 1.44793 0 0 0 0 0 0 0 0 0 0 0 0 0 0 0 1.44793 0 0 0 0 0 0 0 0 0 0 0 0 0 0 0 0 0 
0 0 0 0 0 0 0 0.696398 0 0 0 0.696398 0 0.696398 0.696398 -6.64673 0 0 0 0 0 0 0 0 0 0 0 0 0 0 0 1.93057 0 0 0 0 0 0 0 0 0 0 0 0 0 0 0 1.93057 0 0 0 0 0 0 0 0 0 0 0 0 0 0 0 0 
0.696398 0 0 0 0 0 0 0 0 0 0 0 0 0 0 0 -3.10961 0.482643 0.482643 0 0.482643 0 0 0 0.482643 0 0 0 0 0 0 0 0 0 0 0 0 0 0 0 0 0 0 0 0 0 0 0 0.482643 0 0 0 0 0 0 0 0 0 0 0 0 0 0 0 
0 0.696398 0 0 0 0 0 0 0 0 0 0 0 0 0 0 0.696398 -5.25394 0 0.965285 0 0.965285 0 0 0 0.965285 0 0 0 0 0 0 0 0 0 0 0 0 0 0 0 0 0 0 0 0 0 0 0 0.965285 0 0 0 0 0 0 0 0 0 0 0 0 0 0 
0 0 0.696398 0 0 0 0 0 0 0 0 0 0 0 0 0 0.696398 0 -5.25394 0.965285 0 0 0.965285 0 0 0 0.965285 0 0 0 0 0 0 0 0 0 0 0 0 0 0 0 0 0 0 0 0 0 0 0 0.965285 0 0 0 0 0 0 0 0 0 0 0 0 0 
0 0 0 0.696398 0 0 0 0 0 0 0 0 0 0 0 0 0 0.696398 0.696398 -6.43298 0 0 0 1.44793 0 0 0 1.44793 0 0 0 0 0 0 0 0 0 0 0 0 0 0 0 0 0 0 0 0 0 0 0 1.44793 0 0 0 0 0 0 0 0 0 0 0 0 
0 0 0 0 0.696398 0 0 0 0 0 0 0 0 0 0 0 0.696398 0 0 0 -5.25394 0.965285 0.965285 0 0 0 0 0 0.965285 0 0 0 0 0 0 0 0 0 0 0 0 0 0 0 0 0 0 0 0 0 0 0 0.965285 0 0 0 0 0 0 0 0 0 0 0 
0 0 0 0 0 0.696398 0 0 0 0 0 0 0 0 0 0 0 0.696398 0 0 0.696398 -6.43298 0 1.44793 0 0 0 0 0 1.44793 0 0 0 0 0 0 0 0 0 0 0 0 0 0 0 0 0 0 0 0 0 0 0 1.44793 0 0 0 0 0 0 0 0 0 0 
0 0 0 0 0 0 0.696398 0 0 0 0 0 0 0 0 0 0 0 0.696398 0 0.696398 0 -6.43298 1.44793 0 0 0 0 0 0 1.44793 0 0 0 0 0 0 0 0 0 0 0 0 0 0 0 0 0 0 0 0 0 0 0 1.44793 0 0 0 0 0 0 0 0 0 
0 0 0 0 0 0 0 0.696398 0 0 0 0 0 0 0 0 0 0 0 0.696398 0 0.696398 0.696398 -6.64673 0 0 0 0 0 0 0 1.93057 0 0 0 0 0 0 0 0 0 0 0 0 0 0 0 0 0 0 0 0 0 0 0 1.93057 0 0 0 0 0 0 0 0 
0 0 0 0 0 0 0 0 0.696398 0 0 0 0 0 0 0 0.696398 0 0 0 0 0 0 0 -5.25394 0.965285 0.965285 0 0.965285 0 0 0 0 0 0 0 0 0 0 0 0 0 0 0 0 0 0 0 0 0 0 0 0 0 0 0 0.965285 0 0 0 0 0 0 0 
0 0 0 0 0 0 0 0 0 0.696398 0 0 0 0 0 0 0 0.696398 0 0 0 0 0 0 0.696398 -6.43298 0 1.44793 0 1.44793 0 0 0 0 0 0 0 0 0 0 0 0 0 0 0 0 0 0 0 0 0 0 0 0 0 0 0 1.44793 0 0 0 0 0 0 
0 0 0 0 0 0 0 0 0 0 0.696398 0 0 0 0 0 0 0 0.696398 0 0 0 0 0 0.696398 0 -6.43298 1.44793 0 0 1.44793 0 0 0 0 0 0 0 0 0 0 0 0 0 0 0 0 0 0 0 0 0 0 0 0 0 0 0 1.44793 0 0 0 0 0 
0 0 0 0 0 0 0 0 0 0 0 0.696398 0 0 0 0 0 0 0 0.696398 0 0 0 0 0 0.696398 0.696398 -6.64673 0 0 0 1.93057 0 0 0 0 0 0 0 0 0 0 0 0 0 0 0 0 0 0 0 0 0 0 0 0 0 0 0 1.93057 0 0 0 0 
0 0 0 0 0 0 0 0 0 0 0 0 0.696398 0 0 0 0 0 0 0 0.696398 0 0 0 0.696398 0 0 0 -6.43298 1.44793 1.44793 0 0 0 0 0 0 0 0 0 0 0 0 0 0 0 0 0 0 0 0 0 0 0 0 0 0 0 0 0 1.44793 0 0 0 
0 0 0 0 0 0 0 0 0 0 0 0 0 0.696398 0 0 0 0 0 0 0 0.696398 0 0 0 0.696398 0 0 0.696398 -6.64673 0 1.93057 0 0 0 0 0 0 0 0 0 0 0 0 0 0 0 0 0 0 0 0 0 0 0 0 0 0 0 0 0 1.93057 0 0 
0 0 0 0 0 0 0 0 0 0 0 0 0 0 0.696398 0 0 0 0 0 0 0 0.696398 0 0 0 0.696398 0 0.696398 0 -6.64673 1.93057 0 0 0 0 0 0 0 0 0 0 0 0 0 0 0 0 0 0 0 0 0 0 0 0 0 0 0 0 0 0 1.93057 0 
0 0 0 0 0 0 0 0 0 0 0 0 0 0 0 0.696398 0 0 0 0 0 0 0 0.696398 0 0 0 0.696398 0 0.696398 0.696398 -5.8952 0 0 0 0 0 0 0 0 0 0 0 0 0 0 0 0 0 0 0 0 0 0 0 0 0 0 0 0 0 0 0 2.41321 
0.696398 0 0 0 0 0 0 0 0 0 0 0 0 0 0 0 0 0 0 0 0 0 0 0 0 0 0 0 0 0 0 0 -3.10961 0.482643 0.482643 0 0.482643 0 0 0 0.482643 0 0 0 0 0 0 0 0.482643 0 0 0 0 0 0 0 0 0 0 0 0 0 0 0 
0 0.696398 0 0 0 0 0 0 0 0 0 0 0 0 0 0 0 0 0 0 0 0 0 0 0 0 0 0 0 0 0 0 0.696398 -5.25394 0 0.965285 0 0.965285 0 0 0 0.965285 0 0 0 0 0 0 0 0.965285 0 0 0 0 0 0 0 0 0 0 0 0 0 0 
0 0 0.696398 0 0 0 0 0 0 0 0 0 0 0 0 0 0 0 0 0 0 0 0 0 0 0 0 0 0 0 0 0 0.696398 0 -5.25394 0.965285 0 0 0.965285 0 0 0 0.965285 0 0 0 0 0 0 0 0.965285 0 0 0 0 0 0 0 0 0 0 0 0 0 
0 0 0 0.696398 0 0 0 0 0 0 0 0 0 0 0 0 0 0 0 0 0 0 0 0 0 0 0 0 0 0 0 0 0 0.696398 0.696398 -6.43298 0 0 0 1.44793 0 0 0 1.44793 0 0 0 0 0 0 0 1.44793 0 0 0 0 0 0 0 0 0 0 0 0 
0 0 0 0 0.696398 0 0 0 0 0 0 0 0 0 0 0 0 0 0 0 0 0 0 0 0 0 0 0 0 0 0 0 0.696398 0 0 0 -5.25394 0.965285 0.965285 0 0 0 0 0 0.965285 0 0 0 0 0 0 0 0.965285 0 0 0 0 0 0 0 0 0 0 0 
0 0 0 0 0 0.696398 0 0 0 0 0 0 0 0 0 0 0 0 0 0 0 0 0 0 0 0 0 0 0 0 0 0 0 0.696398 0 0 0.696398 -6.43298 0 1.44793 0 0 0 0 0 1.44793 0 0 0 0 0 0 0 1.44793 0 0 0 0 0 0 0 0 0 0 
0 0 0 0 0 0 0.696398 0 0 0 0 0 0 0 0 0 0 0 0 0 0 0 0 0 0 0 0 0 0 0 0 0 0 0 0.696398 0 0.696398 0 -6.43298 1.44793 0 0 0 0 0 0 1.44793 0 0 0 0 0 0 0 1.44793 0 0 0 0 0 0 0 0 0 
0 0 0 0 0 0 0 0.696398 0 0 0 0 0 0 0 0 0 0 0 0 0 0 0 0 0 0 0 0 0 0 0 0 0 0 0 0.696398 0 0.696398 0.696398 -6.64673 0 0 0 0 0 0 0 1.93057 0 0 0 0 0 0 0 1.93057 0 0 0 0 0 0 0 0 
0 0 0 0 0 0 0 0 0.696398 0 0 0 0 0 0 0 0 0 0 0 0 0 0 0 0 0 0 0 0 0 0 0 0.696398 0 0 0 0 0 0 0 -5.25394 0.965285 0.965285 0 0.965285 0 0 0 0 0 0 0 0 0 0 0 0.965285 0 0 0 0 0 0 0 
0 0 0 0 0 0 0 0 0 0.696398 0 0 0 0 0 0 0 0 0 0 0 0 0 0 0 0 0 0 0 0 0 0 0 0.696398 0 0 0 0 0 0 0.696398 -6.43298 0 1.44793 0 1.44793 0 0 0 0 0 0 0 0 0 0 0 1.44793 0 0 0 0 0 0 
0 0 0 0 0 0 0 0 0 0 0.696398 0 0 0 0 0 0 0 0 0 0 0 0 0 0 0 0 0 0 0 0 0 0 0 0.696398 0 0 0 0 0 0.696398 0 -6.43298 1.44793 0 0 1.44793 0 0 0 0 0 0 0 0 0 0 0 1.44793 0 0 0 0 0 
0 0 0 0 0 0 0 0 0 0 0 0.696398 0 0 0 0 0 0 0 0 0 0 0 0 0 0 0 0 0 0 0 0 0 0 0 0.696398 0 0 0 0 0 0.696398 0.696398 -6.64673 0 0 0 1.93057 0 0 0 0 0 0 0 0 0 0 0 1.93057 0 0 0 0 
0 0 0 0 0 0 0 0 0 0 0 0 0.696398 0 0 0 0 0 0 0 0 0 0 0 0 0 0 0 0 0 0 0 0 0 0 0 0.696398 0 0 0 0.696398 0 0 0 -6.43298 1.44793 1.44793 0 0 0 0 0 0 0 0 0 0 0 0 0 1.44793 0 0 0 
0 0 0 0 0 0 0 0 0 0 0 0 0 0.696398 0 0 0 0 0 0 0 0 0 0 0 0 0 0 0 0 0 0 0 0 0 0 0 0.696398 0 0 0 0.696398 0 0 0.696398 -6.64673 0 1.93057 0 0 0 0 0 0 0 0 0 0 0 0 0 1.93057 0 0 
0 0 0 0 0 0 0 0 0 0 0 0 0 0 0.696398 0 0 0 0 0 0 0 0 0 0 0 0 0 0 0 0 0 0 0 0 0 0 0 0.696398 0 0 0 0.696398 0 0.696398 0 -6.64673 1.93057 0 0 0 0 0 0 0 0 0 0 0 0 0 0 1.93057 0 
0 0 0 0 0 0 0 0 0 0 0 0 0 0 0 0.696398 0 0 0 0 0 0 0 0 0 0 0 0 0 0 0 0 0 0 0 0 0 0 0 0.696398 0 0 0 0.696398 0 0.696398 0.696398 -5.8952 0 0 0 0 0 0 0 0 0 0 0 0 0 0 0 2.41321 
0 0 0 0 0 0 0 0 0 0 0 0 0 0 0 0 0.696398 0 0 0 0 0 0 0 0 0 0 0 0 0 0 0 0.696398 0 0 0 0 0 0 0 0 0 0 0 0 0 0 0 -5.25394 0.965285 0.965285 0 0.965285 0 0 0 0.965285 0 0 0 0 0 0 0 
0 0 0 0 0 0 0 0 0 0 0 0 0 0 0 0 0 0.696398 0 0 0 0 0 0 0 0 0 0 0 0 0 0 0 0.696398 0 0 0 0 0 0 0 0 0 0 0 0 0 0 0.696398 -6.43298 0 1.44793 0 1.44793 0 0 0 1.44793 0 0 0 0 0 0 
0 0 0 0 0 0 0 0 0 0 0 0 0 0 0 0 0 0 0.696398 0 0 0 0 0 0 0 0 0 0 0 0 0 0 0 0.696398 0 0 0 0 0 0 0 0 0 0 0 0 0 0.696398 0 -6.43298 1.44793 0 0 1.44793 0 0 0 1.44793 0 0 0 0 0 
0 0 0 0 0 0 0 0 0 0 0 0 0 0 0 0 0 0 0 0.696398 0 0 0 0 0 0 0 0 0 0 0 0 0 0 0 0.696398 0 0 0 0 0 0 0 0 0 0 0 0 0 0.696398 0.696398 -6.64673 0 0 0 1.93057 0 0 0 1.93057 0 0 0 0 
0 0 0 0 0 0 0 0 0 0 0 0 0 0 0 0 0 0 0 0 0.696398 0 0 0 0 0 0 0 0 0 0 0 0 0 0 0 0.696398 0 0 0 0 0 0 0 0 0 0 0 0.696398 0 0 0 -6.43298 1.44793 1.44793 0 0 0 0 0 1.44793 0 0 0 
0 0 0 0 0 0 0 0 0 0 0 0 0 0 0 0 0 0 0 0 0 0.696398 0 0 0 0 0 0 0 0 0 0 0 0 0 0 0 0.696398 0 0 0 0 0 0 0 0 0 0 0 0.696398 0 0 0.696398 -6.64673 0 1.93057 0 0 0 0 0 1.93057 0 0 
0 0 0 0 0 0 0 0 0 0 0 0 0 0 0 0 0 0 0 0 0 0 0.696398 0 0 0 0 0 0 0 0 0 0 0 0 0 0 0 0.696398 0 0 0 0 0 0 0 0 0 0 0 0.696398 0 0.696398 0 -6.64673 1.93057 0 0 0 0 0 0 1.93057 0 
0 0 0 0 0 0 0 0 0 0 0 0 0 0 0 0 0 0 0 0 0 0 0 0.696398 0 0 0 0 0 0 0 0 0 0 0 0 0 0 0 0.696398 0 0 0 0 0 0 0 0 0 0 0 0.696398 0 0.696398 0.696398 -5.8952 0 0 0 0 0 0 0 2.41321 
0 0 0 0 0 0 0 0 0 0 0 0 0 0 0 0 0 0 0 0 0 0 0 0 0.696398 0 0 0 0 0 0 0 0 0 0 0 0 0 0 0 0.696398 0 0 0 0 0 0 0 0.696398 0 0 0 0 0 0 0 -6.43298 1.44793 1.44793 0 1.44793 0 0 0 
0 0 0 0 0 0 0 0 0 0 0 0 0 0 0 0 0 0 0 0 0 0 0 0 0 0.696398 0 0 0 0 0 0 0 0 0 0 0 0 0 0 0 0.696398 0 0 0 0 0 0 0 0.696398 0 0 0 0 0 0 0.696398 -6.64673 0 1.93057 0 1.93057 0 0 
0 0 0 0 0 0 0 0 0 0 0 0 0 0 0 0 0 0 0 0 0 0 0 0 0 0 0.696398 0 0 0 0 0 0 0 0 0 0 0 0 0 0 0 0.696398 0 0 0 0 0 0 0 0.696398 0 0 0 0 0 0.696398 0 -6.64673 1.93057 0 0 1.93057 0 
0 0 0 0 0 0 0 0 0 0 0 0 0 0 0 0 0 0 0 0 0 0 0 0 0 0 0 0.696398 0 0 0 0 0 0 0 0 0 0 0 0 0 0 0 0.696398 0 0 0 0 0 0 0 0.696398 0 0 0 0 0 0.696398 0.696398 -5.8952 0 0 0 2.41321 
0 0 0 0 0 0 0 0 0 0 0 0 0 0 0 0 0 0 0 0 0 0 0 0 0 0 0 0 0.696398 0 0 0 0 0 0 0 0 0 0 0 0 0 0 0 0.696398 0 0 0 0 0 0 0 0.696398 0 0 0 0.696398 0 0 0 -6.64673 1.93057 1.93057 0 
0 0 0 0 0 0 0 0 0 0 0 0 0 0 0 0 0 0 0 0 0 0 0 0 0 0 0 0 0 0.696398 0 0 0 0 0 0 0 0 0 0 0 0 0 0 0 0.696398 0 0 0 0 0 0 0 0.696398 0 0 0 0.696398 0 0 0.696398 -5.8952 0 2.41321 
0 0 0 0 0 0 0 0 0 0 0 0 0 0 0 0 0 0 0 0 0 0 0 0 0 0 0 0 0 0 0.696398 0 0 0 0 0 0 0 0 0 0 0 0 0 0 0 0.696398 0 0 0 0 0 0 0 0.696398 0 0 0 0.696398 0 0.696398 0 -5.8952 2.41321 
0 0 0 0 0 0 0 0 0 0 0 0 0 0 0 0 0 0 0 0 0 0 0 0 0 0 0 0 0 0 0 0.696398 0 0 0 0 0 0 0 0 0 0 0 0 0 0 0 0.696398 0 0 0 0 0 0 0 0.696398 0 0 0 0.696398 0 0.696398 0.696398 -4.17839 
