64
-0 0 0 0 0 0 0 0 0 0 0 0 0 0 0 0 0 0 0 0 0 0 0 0 0 0 0 0 0 0 0 0 0 0 0 0 0 0 0 0 0 0 0 0 0 0 0 0 0 0 0 0 0 0 0 0 0 0 0 0 0 0 0 0 
0.648144 -3.27779 0 0.52593 0 0.52593 0 0 0 0.52593 0 0 0 0 0 0 0 0.52593 0 0 0 0 0 0 0 0 0 0 0 0 0 0 0 0.52593 0 0 0 0 0 0 0 0 0 0 0 0 0 0 0 0 0 0 0 0 0 0 0 0 0 0 0 0 0 0 
0.648144 0 -3.27779 0.52593 0 0 0.52593 0 0 0 0.52593 0 0 0 0 0 0 0 0.52593 0 0 0 0 0 0 0 0 0 0 0 0 0 0 0 0.52593 0 0 0 0 0 0 0 0 0 0 0 0 0 0 0 0 0 0 0 0 0 0 0 0 0 0 0 0 0 
0 0.648144 0.648144 -5.50373 0 0 0 1.05186 0 0 0 1.05186 0 0 0 0 0 0 0 1.05186 0 0 0 0 0 0 0 0 0 0 0 0 0 0 0 1.05186 0 0 0 0 0 0 0 0 0 0 0 0 0 0 0 0 0 0 0 0 0 0 0 0 0 0 0 0 
0.648144 0 0 0 -3.27779 0.52593 0.52593 0 0 0 0 0 0.52593 0 0 0 0 0 0 0 0.52593 0 0 0 0 0 0 0 0 0 0 0 0 0 0 0 0.52593 0 0 0 0 0 0 0 0 0 0 0 0 0 0 0 0 0 0 0 0 0 0 0 0 0 0 0 
0 0.648144 0 0 0.648144 -5.50373 0 1.05186 0 0 0 0 0 1.05186 0 0 0 0 0 0 0 1.05186 0 0 0 0 0 0 0 0 0 0 0 0 0 0 0 1.05186 0 0 0 0 0 0 0 0 0 0 0 0 0 0 0 0 0 0 0 0 0 0 0 0 0 0 
0 0 0.648144 0 0.648144 0 -5.50373 1.05186 0 0 0 0 0 0 1.05186 0 0 0 0 0 0 0 1.05186 0 0 0 0 0 0 0 0 0 0 0 0 0 0 0 1.05186 0 0 0 0 0 0 0 0 0 0 0 0 0 0 0 0 0 0 0 0 0 0 0 0 0 
0 0 0 0.648144 0 0.648144 0.648144 -6.6778 0 0 0 0 0 0 0 1.57779 0 0 0 0 0 0 0 1.57779 0 0 0 0 0 0 0 0 0 0 0 0 0 0 0 1.57779 0 0 0 0 0 0 0 0 0 0 0 0 0 0 0 0 0 0 0 0 0 0 0 0 
0.648144 0 0 0 0 0 0 0 -3.27779 0.52593 0.52593 0 0.52593 0 0 0 0 0 0 0 0 0 0 0 0.52593 0 0 0 0 0 0 0 0 0 0 0 0 0 0 0 0.52593 0 0 0 0 0 0 0 0 0 0 0 0 0 0 0 0 0 0 0 0 0 0 0 
0 0.648144 0 0 0 0 0 0 0.648144 -5.50373 0 1.05186 0 1.05186 0 0 0 0 0 0 0 0 0 0 0 1.05186 0 0 0 0 0 0 0 0 0 0 0 0 0 0 0 1.05186 0 0 0 0 0 0 0 0 0 0 0 0 0 0 0 0 0 0 0 0 0 0 
0 0 0.648144 0 0 0 0 0 0.648144 0 -5.50373 1.05186 0 0 1.05186 0 0 0 0 0 0 0 0 0 0 0 1.05186 0 0 0 0 0 0 0 0 0 0 0 0 0 0 0 1.05186 0 0 0 0 0 0 0 0 0 0 0 0 0 0 0 0 0 0 0 0 0 
0 0 0 0.648144 0 0 0 0 0 0.648144 0.648144 -6.6778 0 0 0 1.57779 0 0 0 0 0 0 0 0 0 0 0 1.57779 0 0 0 0 0 0 0 0 0 0 0 0 0 0 0 1.57779 0 0 0 0 0 0 0 0 0 0 0 0 0 0 0 0 0 0 0 0 
0 0 0 0 0.648144 0 0 0 0.648144 0 0 0 -5.50373 1.05186 1.05186 0 0 0 0 0 0 0 0 0 0 0 0 0 1.05186 0 0 0 0 0 0 0 0 0 0 0 0 0 0 0 1.05186 0 0 0 0 0 0 0 0 0 0 0 0 0 0 0 0 0 0 0 
0 0 0 0 0 0.648144 0 0 0 0.648144 0 0 0.648144 -6.6778 0 1.57779 0 0 0 0 0 0 0 0 0 0 0 0 0 1.57779 0 0 0 0 0 0 0 0 0 0 0 0 0 0 0 1.57779 0 0 0 0 0 0 0 0 0 0 0 0 0 0 0 0 0 0 
0 0 0 0 0 0 0.648144 0 0 0 0.648144 0 0.648144 0 -6.6778 1.57779 0 0 0 0 0 0 0 0 0 0 0 0 0 0 1.57779 0 0 0 0 0 0 0 0 0 0 0 0 0 0 0 1.57779 0 0 0 0 0 0 0 0 0 0 0 0 0 0 0 0 0 
0 0 0 0 0 0 0 0.648144 0 0 0 0.648144 0 0.648144 0.648144 -6.80002 0 0 0 0 0 0 0 0 0 0 0 0 0 0 0 2.10372 0 0 0 0 0 0 0 0 0 0 0 0 0 0 0 2.10372 0 0 0 0 0 0 0 0 0 0 0 0 0 0 0 0 
0.648144 0 0 0 0 0 0 0 0 0 0 0 0 0 0 0 -3.27779 0.52593 0.52593 0 0.52593 0 0 0 0.52593 0 0 0 0 0 0 0 0 0 0 0 0 0 0 0 0 0 0 0 0 0 0 0 0.52593 0 0 0 0 0 0 0 0 0 0 0 0 0 0 0 
0 0.648144 0 0 0 0 0 0 0 0 0 0 0 0 0 0 0.648144 -5.50373 0 1.05186 0 1.05186 0 0 0 1.05186 0 0 0 0 0 0 0 0 0 0 0 0 0 0 0 0 0 0 0 0 0 0 0 1.05186 0 0 0 0 0 0 0 0 0 0 0 0 0 0 
0 0 0.648144 0 0 0 0 0 0 0 0 0 0 0 0 0 0.648144 0 -5.50373 1.05186 0 0 1.05186 0 0 0 1.05186 0 0 0 0 0 0 0 0 0 0 0 0 0 0 0 0 0 0 0 0 0 0 0 1.05186 0 0 0 0 0 0 0 0 0 0 0 0 0 
0 0 0 0.648144 0 0 0 0 0 0 0 0 0 0 0 0 0 0.648144 0.648144 -6.6778 0 0 0 1.57779 0 0 0 1.57779 0 0 0 0 0 0 0 0 0 0 0 0 0 0 0 0 0 0 0 0 0 0 0 1.57779 0 0 0 0 0 0 0 0 0 0 0 0 
0 0 0 0 0.648144 0 0 0 0 0 0 0 0 0 0 0 0.648144 0 0 0 -5.50373 1.05186 1.05186 0 0 0 0 0 1.05186 0 0 0 0 0 0 0 0 0 0 0 0 0 0 0 0 0 0 0 0 0 0 0 1.05186 0 0 0 0 0 0 0 0 0 0 0 
0 0 0 0 0 0.648144 0 0 0 0 0 0 0 0 0 0 0 0.648144 0 0 0.648144 -6.6778 0 1.57779 0 0 0 0 0 1.57779 0 0 0 0 0 0 0 0 0 0 0 0 0 0 0 0 0 0 0 0 0 0 0 1.57779 0 0 0 0 0 0 0 0 0 0 
0 0 0 0 0 0 0.648144 0 0 0 0 0 0 0 0 0 0 0 0.648144 0 0.648144 0 -6.6778 1.57779 0 0 0 0 0 0 1.57779 0 0 0 0 0 0 0 0 0 0 0 0 0 0 0 0 0 0 0 0 0 0 0 1.57779 0 0 0 0 0 0 0 0 0 
0 0 0 0 0 0 0 0.648144 0 0 0 0 0 0 0 0 0 0 0 0.648144 0 0.648144 0.648144 -6.80002 0 0 0 0 0 0 0 2.10372 0 0 0 0 0 0 0 0 0 0 0 0 0 0 0 0 0 0 0 0 0 0 0 2.10372 0 0 0 0 0 0 0 0 
0 0 0 0 0 0 0 0 0.648144 0 0 0 0 0 0 0 0.648144 0 0 0 0 0 0 0 -5.50373 1.05186 1.05186 0 1.05186 0 0 0 0 0 0 0 0 0 0 0 0 0 0 0 0 0 0 0 0 0 0 0 0 0 0 0 1.05186 0 0 0 0 0 0 0 
0 0 0 0 0 0 0 0 0 0.648144 0 0 0 0 0 0 0 0.648144 0 0 0 0 0 0 0.648144 -6.6778 0 1.57779 0 1.57779 0 0 0 0 0 0 0 0 0 0 0 0 0 0 0 0 0 0 0 0 0 0 0 0 0 0 0 1.57779 0 0 0 0 0 0 
0 0 0 0 0 0 0 0 0 0 0.648144 0 0 0 0 0 0 0 0.648144 0 0 0 0 0 0.648144 0 -6.6778 1.57779 0 0 1.57779 0 0 0 0 0 0 0 0 0 0 0 0 0 0 0 0 0 0 0 0 0 0 0 0 0 0 0 1.57779 0 0 0 0 0 
0 0 0 0 0 0 0 0 0 0 0 0.648144 0 0 0 0 0 0 0 0.648144 0 0 0 0 0 0.648144 0.648144 -6.80002 0 0 0 2.10372 0 0 0 0 0 0 0 0 0 0 0 0 0 0 0 0 0 0 0 0 0 0 0 0 0 0 0 2.10372 0 0 0 0 
0 0 0 0 0 0 0 0 0 0 0 0 0.648144 0 0 0 0 0 0 0 0.648144 0 0 0 0.648144 0 0 0 -6.6778 1.57779 1.57779 0 0 0 0 0 0 0 0 0 0 0 0 0 0 0 0 0 0 0 0 0 0 0 0 0 0 0 0 0 1.57779 0 0 0 
0 0 0 0 0 0 0 0 0 0 0 0 0 0.648144 0 0 0 0 0 0 0 0.648144 0 0 0 0.648144 0 0 0.648144 -6.80002 0 2.10372 0 0 0 0 0 0 0 0 0 0 0 0 0 0 0 0 0 0 0 0 0 0 0 0 0 0 0 0 0 2.10372 0 0 
0 0 0 0 0 0 0 0 0 0 0 0 0 0 0.648144 0 0 0 0 0 0 0 0.648144 0 0 0 0.648144 0 0.648144 0 -6.80002 2.10372 0 0 0 0 0 0 0 0 0 0 0 0 0 0 0 0 0 0 0 0 0 0 0 0 0 0 0 0 0 0 2.10372 0 
0 0 0 0 0 0 0 0 0 0 0 0 0 0 0 0.648144 0 0 0 0 0 0 0 0.648144 0 0 0 0.648144 0 0.648144 0.648144 -5.87037 0 0 0 0 0 0 0 0 0 0 0 0 0 0 0 0 0 0 0 0 0 0 0 0 0 0 0 0 0 0 0 2.62965 
0.648144 0 0 0 0 0 0 0 0 0 0 0 0 0 0 0 0 0 0 0 0 0 0 0 0 0 0 0 0 0 0 0 -3.27779 0.52593 0.52593 0 0.52593 0 0 0 0.52593 0 0 0 0 0 0 0 0.52593 0 0 0 0 0 0 0 0 0 0 0 0 0 0 0 
0 0.648144 0 0 0 0 0 0 0 0 0 0 0 0 0 0 0 0 0 0 0 0 0 0 0 0 0 0 0 0 0 0 0.648144 -5.50373 0 1.05186 0 1.05186 0 0 0 1.05186 0 0 0 0 0 0 0 1.05186 0 0 0 0 0 0 0 0 0 0 0 0 0 0 
0 0 0.648144 0 0 0 0 0 0 0 0 0 0 0 0 0 0 0 0 0 0 0 0 0 0 0 0 0 0 0 0 0 0.648144 0 -5.50373 1.05186 0 0 1.05186 0 0 0 1.05186 0 0 0 0 0 0 0 1.05186 0 0 0 0 0 0 0 0 0 0 0 0 0 
0 0 0 0.648144 0 0 0 0 0 0 0 0 0 0 0 0 0 0 0 0 0 0 0 0 0 0 0 0 0 0 0 0 0 0.648144 0.648144 -6.6778 0 0 0 1.57779 0 0 0 1.57779 0 0 0 0 0 0 0 1.57779 0 0 0 0 0 0 0 0 0 0 0 0 
0 0 0 0 0.648144 0 0 0 0 0 0 0 0 0 0 0 0 0 0 0 0 0 0 0 0 0 0 0 0 0 0 0 0.648144 0 0 0 -5.50373 1.05186 1.05186 0 0 0 0 0 1.05186 0 0 0 0 0 0 0 1.05186 0 0 0 0 0 0 0 0 0 0 0 
0 0 0 0 0 0.648144 0 0 0 0 0 0 0 0 0 0 0 0 0 0 0 0 0 0 0 0 0 0 0 0 0 0 0 0.648144 0 0 0.648144 -6.6778 0 1.57779 0 0 0 0 0 1.57779 0 0 0 0 0 0 0 1.57779 0 0 0 0 0 0 0 0 0 0 
0 0 0 0 0 0 0.648144 0 0 0 0 0 0 0 0 0 0 0 0 0 0 0 0 0 0 0 0 0 0 0 0 0 0 0 0.648144 0 0.648144 0 -6.6778 1.57779 0 0 0 0 0 0 1.57779 0 0 0 0 0 0 0 1.57779 0 0 0 0 0 0 0 0 0 
0 0 0 0 0 0 0 0.648144 0 0 0 0 0 0 0 0 0 0 0 0 0 0 0 0 0 0 0 0 0 0 0 0 0 0 0 0.648144 0 0.648144 0.648144 -6.80002 0 0 0 0 0 0 0 2.10372 0 0 0 0 0 0 0 2.10372 0 0 0 0 0 0 0 0 
0 0 0 0 0 0 0 0 0.648144 0 0 0 0 0 0 0 0 0 0 0 0 0 0 0 0 0 0 0 0 0 0 0 0.648144 0 0 0 0 0 0 0 -5.50373 1.05186 1.05186 0 1.05186 0 0 0 0 0 0 0 0 0 0 0 1.05186 0 0 0 0 0 0 0 
0 0 0 0 0 0 0 0 0 0.648144 0 0 0 0 0 0 0 0 0 0 0 0 0 0 0 0 0 0 0 0 0 0 0 0.648144 0 0 0 0 0 0 0.648144 -6.6778 0 1.57779 0 1.57779 0 0 0 0 0 0 0 0 0 0 0 1.57779 0 0 0 0 0 0 
0 0 0 0 0 0 0 0 0 0 0.648144 0 0 0 0 0 0 0 0 0 0 0 0 0 0 0 0 0 0 0 0 0 0 0 0.648144 0 0 0 0 0 0.648144 0 -6.6778 1.57779 0 0 1.57779 0 0 0 0 0 0 0 0 0 0 0 1.57779 0 0 0 0 0 
0 0 0 0 0 0 0 0 0 0 0 0.648144 0 0 0 0 0 0 0 0 0 0 0 0 0 0 0 0 0 0 0 0 0 0 0 0.648144 0 0 0 0 0 0.648144 0.648144 -6.80002 0 0 0 2.10372 0 0 0 0 0 0 0 0 0 0 0 2.10372 0 0 0 0 
0 0 0 0 0 0 0 0 0 0 0 0 0.648144 0 0 0 0 0 0 0 0 0 0 0 0 0 0 0 0 0 0 0 0 0 0 0 0.648144 0 0 0 0.648144 0 0 0 -6.6778 1.57779 1.57779 0 0 0 0 0 0 0 0 0 0 0 0 0 1.57779 0 0 0 
0 0 0 0 0 0 0 0 0 0 0 0 0 0.648144 0 0 0 0 0 0 0 0 0 0 0 0 0 0 0 0 0 0 0 0 0 0 0 0.648144 0 0 0 0.648144 0 0 0.648144 -6.80002 0 2.10372 0 0 0 0 0 0 0 0 0 0 0 0 0 2.10372 0 0 
0 0 0 0 0 0 0 0 0 0 0 0 0 0 0.648144 0 0 0 0 0 0 0 0 0 0 0 0 0 0 0 0 0 0 0 0 0 0 0 0.648144 0 0 0 0.648144 0 0.648144 0 -6.80002 2.10372 0 0 0 0 0 0 0 0 0 0 0 0 0 0 2.10372 0 
0 0 0 0 0 0 0 0 0 0 0 0 0 0 0 0.648144 0 0 0 0 0 0 0 0 0 0 0 0 0 0 0 0 0 0 0 0 0 0 0 0.648144 0 0 0 0.648144 0 0.648144 0.648144 -5.87037 0 0 0 0 0 0 0 0 0 0 0 0 0 0 0 2.62965 
0 0 0 0 0 0 0 0 0 0 0 0 0 0 0 0 0.648144 0 0 0 0 0 0 0 0 0 0 0 0 0 0 0 0.648144 0 0 0 0 0 0 0 0 0 0 0 0 0 0 0 -5.50373 1.05186 1.05186 0 1.05186 0 0 0 1.05186 0 0 0 0 0 0 0 
0 0 0 0 0 0 0 0 0 0 0 0 0 0 0 0 0 0.648144 0 0 0 0 0 0 0 0 0 0 0 0 0 0 0 0.648144 0 0 0 0 0 0 0 0 0 0 0 0 0 0 0.648144 -6.6778 0 1.57779 0 1.57779 0 0 0 1.57779 0 0 0 0 0 0 
0 0 0 0 0 0 0 0 0 0 0 0 0 0 0 0 0 0 0.648144 0 0 0 0 0 0 0 0 0 0 0 0 0 0 0 0.648144 0 0 0 0 0 0 0 0 0 0 0 0 0 0.648144 0 -6.6778 1.57779 0 0 1.57779 0 0 0 1.57779 0 0 0 0 0 
0 0 0 0 0 0 0 0 0 0 0 0 0 0 0 0 0 0 0 0.648144 0 0 0 0 0 0 0 0 0 0 0 0 0 0 0 0.648144 0 0 0 0 0 0 0 0 0 0 0 0 0 0.648144 0.648144 -6.80002 0 0 0 2.10372 0 0 0 2.10372 0 0 0 0 
0 0 0 0 0 0 0 0 0 0 0 0 0 0 0 0 0 0 0 0 0.648144 0 0 0 0 0 0 0 0 0 0 0 0 0 0 0 0.648144 0 0 0 0 0 0 0 0 0 0 0 0.648144 0 0 0 -6.6778 1.57779 1.57779 0 0 0 0 0 1.57779 0 0 0 
0 0 0 0 0 0 0 0 0 0 0 0 0 0 0 0 0 0 0 0 0 0.648144 0 0 0 0 0 0 0 0 0 0 0 0 0 0 0 0.648144 0 0 0 0 0 0 0 0 0 0 0 0.648144 0 0 0.648144 -6.80002 0 2.10372 0 0 0 0 0 2.10372 0 0 
0 0 0 0 0 0 0 0 0 0 0 0 0 0 0 0 0 0 0 0 0 0 0.648144 0 0 0 0 0 0 0 0 0 0 0 0 0 0 0 0.648144 0 0 0 0 0 0 0 0 0 0 0 0.648144 0 0.648144 0 -6.80002 2.10372 0 0 0 0 0 0 2.10372 0 
0 0 0 0 0 0 0 0 0 0 0 0 0 0 0 0 0 0 0 0 0 0 0 0.648144 0 0 0 0 0 0 0 0 0 0 0 0 0 0 0 0.648144 0 0 0 0 0 0 0 0 0 0 0 0.648144 0 0.648144 0.648144 -5.87037 0 0 0 0 0 0 0 2.62965 
0 0 0 0 0 0 0 0 0 0 0 0 0 0 0 0 0 0 0 0 0 0 0 0 0.648144 0 0 0 0 0 0 0 0 0 0 0 0 0 0 0 0.648144 0 0 0 0 0 0 0 0.648144 0 0 0 0 0 0 0 -6.6778 1.57779 1.57779 0 1.57779 0 0 0 
0 0 0 0 0 0 0 0 0 0 0 0 0 0 0 0 0 0 0 0 0 0 0 0 0 0.648144 0 0 0 0 0 0 0 0 0 0 0 0 0 0 0 0.648144 0 0 0 0 0 0 0 0.648144 0 0 0 0 0 0 0.648144 -6.80002 0 2.10372 0 2.10372 0 0 
0 0 0 0 0 0 0 0 0 0 0 0 0 0 0 0 0 0 0 0 0 0 0 0 0 0 0.648144 0 0 0 0 0 0 0 0 0 0 0 0 0 0 0 0.648144 0 0 0 0 0 0 0 0.648144 0 0 0 0 0 0.648144 0 -6.80002 2.10372 0 0 2.10372 0 
0 0 0 0 0 0 0 0 0 0 0 0 0 0 0 0 0 0 0 0 0 0 0 0 0 0 0 0.648144 0 0 0 0 0 0 0 0 0 0 0 0 0 0 0 0.648144 0 0 0 0 0 0 0 0.648144 0 0 0 0 0 0.648144 0.648144 -5.87037 0 0 0 2.62965 
0 0 0 0 0 0 0 0 0 0 0 0 0 0 0 0 0 0 0 0 0 0 0 0 0 0 0 0 0.648144 0 0 0 0 0 0 0 0 0 0 0 0 0 0 0 0.648144 0 0 0 0 0 0 0 0.648144 0 0 0 0.648144 0 0 0 -6.80002 2.10372 2.10372 0 
0 0 0 0 0 0 0 0 0 0 0 0 0 0 0 0 0 0 0 0 0 0 0 0 0 0 0 0 0 0.648144 0 0 0 0 0 0 0 0 0 0 0 0 0 0 0 0.648144 0 0 0 0 0 0 0 0.648144 0 0 0 0.648144 0 0 0.648144 -5.87037 0 2.62965 
0 0 0 0 0 0 0 0 0 0 0 0 0 0 0 0 0 0 0 0 0 0 0 0 0 0 0 0 0 0 0.648144 0 0 0 0 0 0 0 0 0 0 0 0 0 0 0 0.648144 0 0 0 0 0 0 0 0.648144 0 0 0 0.648144 0 0.648144 0 -5.87037 2.62965 
0 0 0 0 0 0 0 0 0 0 0 0 0 0 0 0 0 0 0 0 0 0 0 0 0 0 0 0 0 0 0 0.648144 0 0 0 0 0 0 0 0 0 0 0 0 0 0 0 0.648144 0 0 0 0 0 0 0 0.648144 0 0 0 0.648144 0 0.648144 0.648144 -3.88886 
