64
-0 0 0 0 0 0 0 0 0 0 0 0 0 0 0 0 0 0 0 0 0 0 0 0 0 0 0 0 0 0 0 0 0 0 0 0 0 0 0 0 0 0 0 0 0 0 0 0 0 0 0 0 0 0 0 0 0 0 0 0 0 0 0 0 
0.380794 -2.26172 0 0.376186 0 0.376186 0 0 0 0.376186 0 0 0 0 0 0 0 0.376186 0 0 0 0 0 0 0 0 0 0 0 0 0 0 0 0.376186 0 0 0 0 0 0 0 0 0 0 0 0 0 0 0 0 0 0 0 0 0 0 0 0 0 0 0 0 0 0 
0.380794 0 -2.26172 0.376186 0 0 0.376186 0 0 0 0.376186 0 0 0 0 0 0 0 0.376186 0 0 0 0 0 0 0 0 0 0 0 0 0 0 0 0.376186 0 0 0 0 0 0 0 0 0 0 0 0 0 0 0 0 0 0 0 0 0 0 0 0 0 0 0 0 0 
0 0.380794 0.380794 -3.77107 0 0 0 0.752371 0 0 0 0.752371 0 0 0 0 0 0 0 0.752371 0 0 0 0 0 0 0 0 0 0 0 0 0 0 0 0.752371 0 0 0 0 0 0 0 0 0 0 0 0 0 0 0 0 0 0 0 0 0 0 0 0 0 0 0 0 
0.380794 0 0 0 -2.26172 0.376186 0.376186 0 0 0 0 0 0.376186 0 0 0 0 0 0 0 0.376186 0 0 0 0 0 0 0 0 0 0 0 0 0 0 0 0.376186 0 0 0 0 0 0 0 0 0 0 0 0 0 0 0 0 0 0 0 0 0 0 0 0 0 0 0 
0 0.380794 0 0 0.380794 -3.77107 0 0.752371 0 0 0 0 0 0.752371 0 0 0 0 0 0 0 0.752371 0 0 0 0 0 0 0 0 0 0 0 0 0 0 0 0.752371 0 0 0 0 0 0 0 0 0 0 0 0 0 0 0 0 0 0 0 0 0 0 0 0 0 0 
0 0 0.380794 0 0.380794 0 -3.77107 0.752371 0 0 0 0 0 0 0.752371 0 0 0 0 0 0 0 0.752371 0 0 0 0 0 0 0 0 0 0 0 0 0 0 0 0.752371 0 0 0 0 0 0 0 0 0 0 0 0 0 0 0 0 0 0 0 0 0 0 0 0 0 
0 0 0 0.380794 0 0.380794 0.380794 -4.52805 0 0 0 0 0 0 0 1.12856 0 0 0 0 0 0 0 1.12856 0 0 0 0 0 0 0 0 0 0 0 0 0 0 0 1.12856 0 0 0 0 0 0 0 0 0 0 0 0 0 0 0 0 0 0 0 0 0 0 0 0 
0.380794 0 0 0 0 0 0 0 -2.26172 0.376186 0.376186 0 0.376186 0 0 0 0 0 0 0 0 0 0 0 0.376186 0 0 0 0 0 0 0 0 0 0 0 0 0 0 0 0.376186 0 0 0 0 0 0 0 0 0 0 0 0 0 0 0 0 0 0 0 0 0 0 0 
0 0.380794 0 0 0 0 0 0 0.380794 -3.77107 0 0.752371 0 0.752371 0 0 0 0 0 0 0 0 0 0 0 0.752371 0 0 0 0 0 0 0 0 0 0 0 0 0 0 0 0.752371 0 0 0 0 0 0 0 0 0 0 0 0 0 0 0 0 0 0 0 0 0 0 
0 0 0.380794 0 0 0 0 0 0.380794 0 -3.77107 0.752371 0 0 0.752371 0 0 0 0 0 0 0 0 0 0 0 0.752371 0 0 0 0 0 0 0 0 0 0 0 0 0 0 0 0.752371 0 0 0 0 0 0 0 0 0 0 0 0 0 0 0 0 0 0 0 0 0 
0 0 0 0.380794 0 0 0 0 0 0.380794 0.380794 -4.52805 0 0 0 1.12856 0 0 0 0 0 0 0 0 0 0 0 1.12856 0 0 0 0 0 0 0 0 0 0 0 0 0 0 0 1.12856 0 0 0 0 0 0 0 0 0 0 0 0 0 0 0 0 0 0 0 0 
0 0 0 0 0.380794 0 0 0 0.380794 0 0 0 -3.77107 0.752371 0.752371 0 0 0 0 0 0 0 0 0 0 0 0 0 0.752371 0 0 0 0 0 0 0 0 0 0 0 0 0 0 0 0.752371 0 0 0 0 0 0 0 0 0 0 0 0 0 0 0 0 0 0 0 
0 0 0 0 0 0.380794 0 0 0 0.380794 0 0 0.380794 -4.52805 0 1.12856 0 0 0 0 0 0 0 0 0 0 0 0 0 1.12856 0 0 0 0 0 0 0 0 0 0 0 0 0 0 0 1.12856 0 0 0 0 0 0 0 0 0 0 0 0 0 0 0 0 0 0 
0 0 0 0 0 0 0.380794 0 0 0 0.380794 0 0.380794 0 -4.52805 1.12856 0 0 0 0 0 0 0 0 0 0 0 0 0 0 1.12856 0 0 0 0 0 0 0 0 0 0 0 0 0 0 0 1.12856 0 0 0 0 0 0 0 0 0 0 0 0 0 0 0 0 0 
0 0 0 0 0 0 0 0.380794 0 0 0 0.380794 0 0.380794 0.380794 -4.53266 0 0 0 0 0 0 0 0 0 0 0 0 0 0 0 1.50474 0 0 0 0 0 0 0 0 0 0 0 0 0 0 0 1.50474 0 0 0 0 0 0 0 0 0 0 0 0 0 0 0 0 
0.380794 0 0 0 0 0 0 0 0 0 0 0 0 0 0 0 -2.26172 0.376186 0.376186 0 0.376186 0 0 0 0.376186 0 0 0 0 0 0 0 0 0 0 0 0 0 0 0 0 0 0 0 0 0 0 0 0.376186 0 0 0 0 0 0 0 0 0 0 0 0 0 0 0 
0 0.380794 0 0 0 0 0 0 0 0 0 0 0 0 0 0 0.380794 -3.77107 0 0.752371 0 0.752371 0 0 0 0.752371 0 0 0 0 0 0 0 0 0 0 0 0 0 0 0 0 0 0 0 0 0 0 0 0.752371 0 0 0 0 0 0 0 0 0 0 0 0 0 0 
0 0 0.380794 0 0 0 0 0 0 0 0 0 0 0 0 0 0.380794 0 -3.77107 0.752371 0 0 0.752371 0 0 0 0.752371 0 0 0 0 0 0 0 0 0 0 0 0 0 0 0 0 0 0 0 0 0 0 0 0.752371 0 0 0 0 0 0 0 0 0 0 0 0 0 
0 0 0 0.380794 0 0 0 0 0 0 0 0 0 0 0 0 0 0.380794 0.380794 -4.52805 0 0 0 1.12856 0 0 0 1.12856 0 0 0 0 0 0 0 0 0 0 0 0 0 0 0 0 0 0 0 0 0 0 0 1.12856 0 0 0 0 0 0 0 0 0 0 0 0 
0 0 0 0 0.380794 0 0 0 0 0 0 0 0 0 0 0 0.380794 0 0 0 -3.77107 0.752371 0.752371 0 0 0 0 0 0.752371 0 0 0 0 0 0 0 0 0 0 0 0 0 0 0 0 0 0 0 0 0 0 0 0.752371 0 0 0 0 0 0 0 0 0 0 0 
0 0 0 0 0 0.380794 0 0 0 0 0 0 0 0 0 0 0 0.380794 0 0 0.380794 -4.52805 0 1.12856 0 0 0 0 0 1.12856 0 0 0 0 0 0 0 0 0 0 0 0 0 0 0 0 0 0 0 0 0 0 0 1.12856 0 0 0 0 0 0 0 0 0 0 
0 0 0 0 0 0 0.380794 0 0 0 0 0 0 0 0 0 0 0 0.380794 0 0.380794 0 -4.52805 1.12856 0 0 0 0 0 0 1.12856 0 0 0 0 0 0 0 0 0 0 0 0 0 0 0 0 0 0 0 0 0 0 0 1.12856 0 0 0 0 0 0 0 0 0 
0 0 0 0 0 0 0 0.380794 0 0 0 0 0 0 0 0 0 0 0 0.380794 0 0.380794 0.380794 -4.53266 0 0 0 0 0 0 0 1.50474 0 0 0 0 0 0 0 0 0 0 0 0 0 0 0 0 0 0 0 0 0 0 0 1.50474 0 0 0 0 0 0 0 0 
0 0 0 0 0 0 0 0 0.380794 0 0 0 0 0 0 0 0.380794 0 0 0 0 0 0 0 -3.77107 0.752371 0.752371 0 0.752371 0 0 0 0 0 0 0 0 0 0 0 0 0 0 0 0 0 0 0 0 0 0 0 0 0 0 0 0.752371 0 0 0 0 0 0 0 
0 0 0 0 0 0 0 0 0 0.380794 0 0 0 0 0 0 0 0.380794 0 0 0 0 0 0 0.380794 -4.52805 0 1.12856 0 1.12856 0 0 0 0 0 0 0 0 0 0 0 0 0 0 0 0 0 0 0 0 0 0 0 0 0 0 0 1.12856 0 0 0 0 0 0 
0 0 0 0 0 0 0 0 0 0 0.380794 0 0 0 0 0 0 0 0.380794 0 0 0 0 0 0.380794 0 -4.52805 1.12856 0 0 1.12856 0 0 0 0 0 0 0 0 0 0 0 0 0 0 0 0 0 0 0 0 0 0 0 0 0 0 0 1.12856 0 0 0 0 0 
0 0 0 0 0 0 0 0 0 0 0 0.380794 0 0 0 0 0 0 0 0.380794 0 0 0 0 0 0.380794 0.380794 -4.53266 0 0 0 1.50474 0 0 0 0 0 0 0 0 0 0 0 0 0 0 0 0 0 0 0 0 0 0 0 0 0 0 0 1.50474 0 0 0 0 
0 0 0 0 0 0 0 0 0 0 0 0 0.380794 0 0 0 0 0 0 0 0.380794 0 0 0 0.380794 0 0 0 -4.52805 1.12856 1.12856 0 0 0 0 0 0 0 0 0 0 0 0 0 0 0 0 0 0 0 0 0 0 0 0 0 0 0 0 0 1.12856 0 0 0 
0 0 0 0 0 0 0 0 0 0 0 0 0 0.380794 0 0 0 0 0 0 0 0.380794 0 0 0 0.380794 0 0 0.380794 -4.53266 0 1.50474 0 0 0 0 0 0 0 0 0 0 0 0 0 0 0 0 0 0 0 0 0 0 0 0 0 0 0 0 0 1.50474 0 0 
0 0 0 0 0 0 0 0 0 0 0 0 0 0 0.380794 0 0 0 0 0 0 0 0.380794 0 0 0 0.380794 0 0.380794 0 -4.53266 1.50474 0 0 0 0 0 0 0 0 0 0 0 0 0 0 0 0 0 0 0 0 0 0 0 0 0 0 0 0 0 0 1.50474 0 
0 0 0 0 0 0 0 0 0 0 0 0 0 0 0 0.380794 0 0 0 0 0 0 0 0.380794 0 0 0 0.380794 0 0.380794 0.380794 -3.7849 0 0 0 0 0 0 0 0 0 0 0 0 0 0 0 0 0 0 0 0 0 0 0 0 0 0 0 0 0 0 0 1.88093 
0.380794 0 0 0 0 0 0 0 0 0 0 0 0 0 0 0 0 0 0 0 0 0 0 0 0 0 0 0 0 0 0 0 -2.26172 0.376186 0.376186 0 0.376186 0 0 0 0.376186 0 0 0 0 0 0 0 0.376186 0 0 0 0 0 0 0 0 0 0 0 0 0 0 0 
0 0.380794 0 0 0 0 0 0 0 0 0 0 0 0 0 0 0 0 0 0 0 0 0 0 0 0 0 0 0 0 0 0 0.380794 -3.77107 0 0.752371 0 0.752371 0 0 0 0.752371 0 0 0 0 0 0 0 0.752371 0 0 0 0 0 0 0 0 0 0 0 0 0 0 
0 0 0.380794 0 0 0 0 0 0 0 0 0 0 0 0 0 0 0 0 0 0 0 0 0 0 0 0 0 0 0 0 0 0.380794 0 -3.77107 0.752371 0 0 0.752371 0 0 0 0.752371 0 0 0 0 0 0 0 0.752371 0 0 0 0 0 0 0 0 0 0 0 0 0 
0 0 0 0.380794 0 0 0 0 0 0 0 0 0 0 0 0 0 0 0 0 0 0 0 0 0 0 0 0 0 0 0 0 0 0.380794 0.380794 -4.52805 0 0 0 1.12856 0 0 0 1.12856 0 0 0 0 0 0 0 1.12856 0 0 0 0 0 0 0 0 0 0 0 0 
0 0 0 0 0.380794 0 0 0 0 0 0 0 0 0 0 0 0 0 0 0 0 0 0 0 0 0 0 0 0 0 0 0 0.380794 0 0 0 -3.77107 0.752371 0.752371 0 0 0 0 0 0.752371 0 0 0 0 0 0 0 0.752371 0 0 0 0 0 0 0 0 0 0 0 
0 0 0 0 0 0.380794 0 0 0 0 0 0 0 0 0 0 0 0 0 0 0 0 0 0 0 0 0 0 0 0 0 0 0 0.380794 0 0 0.380794 -4.52805 0 1.12856 0 0 0 0 0 1.12856 0 0 0 0 0 0 0 1.12856 0 0 0 0 0 0 0 0 0 0 
0 0 0 0 0 0 0.380794 0 0 0 0 0 0 0 0 0 0 0 0 0 0 0 0 0 0 0 0 0 0 0 0 0 0 0 0.380794 0 0.380794 0 -4.52805 1.12856 0 0 0 0 0 0 1.12856 0 0 0 0 0 0 0 1.12856 0 0 0 0 0 0 0 0 0 
0 0 0 0 0 0 0 0.380794 0 0 0 0 0 0 0 0 0 0 0 0 0 0 0 0 0 0 0 0 0 0 0 0 0 0 0 0.380794 0 0.380794 0.380794 -4.53266 0 0 0 0 0 0 0 1.50474 0 0 0 0 0 0 0 1.50474 0 0 0 0 0 0 0 0 
0 0 0 0 0 0 0 0 0.380794 0 0 0 0 0 0 0 0 0 0 0 0 0 0 0 0 0 0 0 0 0 0 0 0.380794 0 0 0 0 0 0 0 -3.77107 0.752371 0.752371 0 0.752371 0 0 0 0 0 0 0 0 0 0 0 0.752371 0 0 0 0 0 0 0 
0 0 0 0 0 0 0 0 0 0.380794 0 0 0 0 0 0 0 0 0 0 0 0 0 0 0 0 0 0 0 0 0 0 0 0.380794 0 0 0 0 0 0 0.380794 -4.52805 0 1.12856 0 1.12856 0 0 0 0 0 0 0 0 0 0 0 1.12856 0 0 0 0 0 0 
0 0 0 0 0 0 0 0 0 0 0.380794 0 0 0 0 0 0 0 0 0 0 0 0 0 0 0 0 0 0 0 0 0 0 0 0.380794 0 0 0 0 0 0.380794 0 -4.52805 1.12856 0 0 1.12856 0 0 0 0 0 0 0 0 0 0 0 1.12856 0 0 0 0 0 
0 0 0 0 0 0 0 0 0 0 0 0.380794 0 0 0 0 0 0 0 0 0 0 0 0 0 0 0 0 0 0 0 0 0 0 0 0.380794 0 0 0 0 0 0.380794 0.380794 -4.53266 0 0 0 1.50474 0 0 0 0 0 0 0 0 0 0 0 1.50474 0 0 0 0 
0 0 0 0 0 0 0 0 0 0 0 0 0.380794 0 0 0 0 0 0 0 0 0 0 0 0 0 0 0 0 0 0 0 0 0 0 0 0.380794 0 0 0 0.380794 0 0 0 -4.52805 1.12856 1.12856 0 0 0 0 0 0 0 0 0 0 0 0 0 1.12856 0 0 0 
0 0 0 0 0 0 0 0 0 0 0 0 0 0.380794 0 0 0 0 0 0 0 0 0 0 0 0 0 0 0 0 0 0 0 0 0 0 0 0.380794 0 0 0 0.380794 0 0 0.380794 -4.53266 0 1.50474 0 0 0 0 0 0 0 0 0 0 0 0 0 1.50474 0 0 
0 0 0 0 0 0 0 0 0 0 0 0 0 0 0.380794 0 0 0 0 0 0 0 0 0 0 0 0 0 0 0 0 0 0 0 0 0 0 0 0.380794 0 0 0 0.380794 0 0.380794 0 -4.53266 1.50474 0 0 0 0 0 0 0 0 0 0 0 0 0 0 1.50474 0 
0 0 0 0 0 0 0 0 0 0 0 0 0 0 0 0.380794 0 0 0 0 0 0 0 0 0 0 0 0 0 0 0 0 0 0 0 0 0 0 0 0.380794 0 0 0 0.380794 0 0.380794 0.380794 -3.7849 0 0 0 0 0 0 0 0 0 0 0 0 0 0 0 1.88093 
0 0 0 0 0 0 0 0 0 0 0 0 0 0 0 0 0.380794 0 0 0 0 0 0 0 0 0 0 0 0 0 0 0 0.380794 0 0 0 0 0 0 0 0 0 0 0 0 0 0 0 -3.77107 0.752371 0.752371 0 0.752371 0 0 0 0.752371 0 0 0 0 0 0 0 
0 0 0 0 0 0 0 0 0 0 0 0 0 0 0 0 0 0.380794 0 0 0 0 0 0 0 0 0 0 0 0 0 0 0 0.380794 0 0 0 0 0 0 0 0 0 0 0 0 0 0 0.380794 -4.52805 0 1.12856 0 1.12856 0 0 0 1.12856 0 0 0 0 0 0 
0 0 0 0 0 0 0 0 0 0 0 0 0 0 0 0 0 0 0.380794 0 0 0 0 0 0 0 0 0 0 0 0 0 0 0 0.380794 0 0 0 0 0 0 0 0 0 0 0 0 0 0.380794 0 -4.52805 1.12856 0 0 1.12856 0 0 0 1.12856 0 0 0 0 0 
0 0 0 0 0 0 0 0 0 0 0 0 0 0 0 0 0 0 0 0.380794 0 0 0 0 0 0 0 0 0 0 0 0 0 0 0 0.380794 0 0 0 0 0 0 0 0 0 0 0 0 0 0.380794 0.380794 -4.53266 0 0 0 1.50474 0 0 0 1.50474 0 0 0 0 
0 0 0 0 0 0 0 0 0 0 0 0 0 0 0 0 0 0 0 0 0.380794 0 0 0 0 0 0 0 0 0 0 0 0 0 0 0 0.380794 0 0 0 0 0 0 0 0 0 0 0 0.380794 0 0 0 -4.52805 1.12856 1.12856 0 0 0 0 0 1.12856 0 0 0 
0 0 0 0 0 0 0 0 0 0 0 0 0 0 0 0 0 0 0 0 0 0.380794 0 0 0 0 0 0 0 0 0 0 0 0 0 0 0 0.380794 0 0 0 0 0 0 0 0 0 0 0 0.380794 0 0 0.380794 -4.53266 0 1.50474 0 0 0 0 0 1.50474 0 0 
0 0 0 0 0 0 0 0 0 0 0 0 0 0 0 0 0 0 0 0 0 0 0.380794 0 0 0 0 0 0 0 0 0 0 0 0 0 0 0 0.380794 0 0 0 0 0 0 0 0 0 0 0 0.380794 0 0.380794 0 -4.53266 1.50474 0 0 0 0 0 0 1.50474 0 
0 0 0 0 0 0 0 0 0 0 0 0 0 0 0 0 0 0 0 0 0 0 0 0.380794 0 0 0 0 0 0 0 0 0 0 0 0 0 0 0 0.380794 0 0 0 0 0 0 0 0 0 0 0 0.380794 0 0.380794 0.380794 -3.7849 0 0 0 0 0 0 0 1.88093 
0 0 0 0 0 0 0 0 0 0 0 0 0 0 0 0 0 0 0 0 0 0 0 0 0.380794 0 0 0 0 0 0 0 0 0 0 0 0 0 0 0 0.380794 0 0 0 0 0 0 0 0.380794 0 0 0 0 0 0 0 -4.52805 1.12856 1.12856 0 1.12856 0 0 0 
0 0 0 0 0 0 0 0 0 0 0 0 0 0 0 0 0 0 0 0 0 0 0 0 0 0.380794 0 0 0 0 0 0 0 0 0 0 0 0 0 0 0 0.380794 0 0 0 0 0 0 0 0.380794 0 0 0 0 0 0 0.380794 -4.53266 0 1.50474 0 1.50474 0 0 
0 0 0 0 0 0 0 0 0 0 0 0 0 0 0 0 0 0 0 0 0 0 0 0 0 0 0.380794 0 0 0 0 0 0 0 0 0 0 0 0 0 0 0 0.380794 0 0 0 0 0 0 0 0.380794 0 0 0 0 0 0.380794 0 -4.53266 1.50474 0 0 1.50474 0 
0 0 0 0 0 0 0 0 0 0 0 0 0 0 0 0 0 0 0 0 0 0 0 0 0 0 0 0.380794 0 0 0 0 0 0 0 0 0 0 0 0 0 0 0 0.380794 0 0 0 0 0 0 0 0.380794 0 0 0 0 0 0.380794 0.380794 -3.7849 0 0 0 1.88093 
0 0 0 0 0 0 0 0 0 0 0 0 0 0 0 0 0 0 0 0 0 0 0 0 0 0 0 0 0.380794 0 0 0 0 0 0 0 0 0 0 0 0 0 0 0 0.380794 0 0 0 0 0 0 0 0.380794 0 0 0 0.380794 0 0 0 -4.53266 1.50474 1.50474 0 
0 0 0 0 0 0 0 0 0 0 0 0 0 0 0 0 0 0 0 0 0 0 0 0 0 0 0 0 0 0.380794 0 0 0 0 0 0 0 0 0 0 0 0 0 0 0 0.380794 0 0 0 0 0 0 0 0.380794 0 0 0 0.380794 0 0 0.380794 -3.7849 0 1.88093 
0 0 0 0 0 0 0 0 0 0 0 0 0 0 0 0 0 0 0 0 0 0 0 0 0 0 0 0 0 0 0.380794 0 0 0 0 0 0 0 0 0 0 0 0 0 0 0 0.380794 0 0 0 0 0 0 0 0.380794 0 0 0 0.380794 0 0.380794 0 -3.7849 1.88093 
0 0 0 0 0 0 0 0 0 0 0 0 0 0 0 0 0 0 0 0 0 0 0 0 0 0 0 0 0 0 0 0.380794 0 0 0 0 0 0 0 0 0 0 0 0 0 0 0 0.380794 0 0 0 0 0 0 0 0.380794 0 0 0 0.380794 0 0.380794 0.380794 -2.28476 
