32
-0 0 0 0 0 0 0 0 0 0 0 0 0 0 0 0 0 0 0 0 0 0 0 0 0 0 0 0 0 0 0 0 
0.729316 -3.35976 0 0.65761 0 0.65761 0 0 0 0.65761 0 0 0 0 0 0 0 0.65761 0 0 0 0 0 0 0 0 0 0 0 0 0 0 
0.729316 0 -3.35976 0.65761 0 0 0.65761 0 0 0 0.65761 0 0 0 0 0 0 0 0.65761 0 0 0 0 0 0 0 0 0 0 0 0 0 
0 0.729316 0.729316 -5.40429 0 0 0 1.31522 0 0 0 1.31522 0 0 0 0 0 0 0 1.31522 0 0 0 0 0 0 0 0 0 0 0 0 
0.729316 0 0 0 -3.35976 0.65761 0.65761 0 0 0 0 0 0.65761 0 0 0 0 0 0 0 0.65761 0 0 0 0 0 0 0 0 0 0 0 
0 0.729316 0 0 0.729316 -5.40429 0 1.31522 0 0 0 0 0 1.31522 0 0 0 0 0 0 0 1.31522 0 0 0 0 0 0 0 0 0 0 
0 0 0.729316 0 0.729316 0 -5.40429 1.31522 0 0 0 0 0 0 1.31522 0 0 0 0 0 0 0 1.31522 0 0 0 0 0 0 0 0 0 
0 0 0 0.729316 0 0.729316 0.729316 -6.13361 0 0 0 0 0 0 0 1.97283 0 0 0 0 0 0 0 1.97283 0 0 0 0 0 0 0 0 
0.729316 0 0 0 0 0 0 0 -3.35976 0.65761 0.65761 0 0.65761 0 0 0 0 0 0 0 0 0 0 0 0.65761 0 0 0 0 0 0 0 
0 0.729316 0 0 0 0 0 0 0.729316 -5.40429 0 1.31522 0 1.31522 0 0 0 0 0 0 0 0 0 0 0 1.31522 0 0 0 0 0 0 
0 0 0.729316 0 0 0 0 0 0.729316 0 -5.40429 1.31522 0 0 1.31522 0 0 0 0 0 0 0 0 0 0 0 1.31522 0 0 0 0 0 
0 0 0 0.729316 0 0 0 0 0 0.729316 0.729316 -6.13361 0 0 0 1.97283 0 0 0 0 0 0 0 0 0 0 0 1.97283 0 0 0 0 
0 0 0 0 0.729316 0 0 0 0.729316 0 0 0 -5.40429 1.31522 1.31522 0 0 0 0 0 0 0 0 0 0 0 0 0 1.31522 0 0 0 
0 0 0 0 0 0.729316 0 0 0 0.729316 0 0 0.729316 -6.13361 0 1.97283 0 0 0 0 0 0 0 0 0 0 0 0 0 1.97283 0 0 
0 0 0 0 0 0 0.729316 0 0 0 0.729316 0 0.729316 0 -6.13361 1.97283 0 0 0 0 0 0 0 0 0 0 0 0 0 0 1.97283 0 
0 0 0 0 0 0 0 0.729316 0 0 0 0.729316 0 0.729316 0.729316 -5.5477 0 0 0 0 0 0 0 0 0 0 0 0 0 0 0 2.63044 
0.729316 0 0 0 0 0 0 0 0 0 0 0 0 0 0 0 -3.35976 0.65761 0.65761 0 0.65761 0 0 0 0.65761 0 0 0 0 0 0 0 
0 0.729316 0 0 0 0 0 0 0 0 0 0 0 0 0 0 0.729316 -5.40429 0 1.31522 0 1.31522 0 0 0 1.31522 0 0 0 0 0 0 
0 0 0.729316 0 0 0 0 0 0 0 0 0 0 0 0 0 0.729316 0 -5.40429 1.31522 0 0 1.31522 0 0 0 1.31522 0 0 0 0 0 
0 0 0 0.729316 0 0 0 0 0 0 0 0 0 0 0 0 0 0.729316 0.729316 -6.13361 0 0 0 1.97283 0 0 0 1.97283 0 0 0 0 
0 0 0 0 0.729316 0 0 0 0 0 0 0 0 0 0 0 0.729316 0 0 0 -5.40429 1.31522 1.31522 0 0 0 0 0 1.31522 0 0 0 
0 0 0 0 0 0.729316 0 0 0 0 0 0 0 0 0 0 0 0.729316 0 0 0.729316 -6.13361 0 1.97283 0 0 0 0 0 1.97283 0 0 
0 0 0 0 0 0 0.729316 0 0 0 0 0 0 0 0 0 0 0 0.729316 0 0.729316 0 -6.13361 1.97283 0 0 0 0 0 0 1.97283 0 
0 0 0 0 0 0 0 0.729316 0 0 0 0 0 0 0 0 0 0 0 0.729316 0 0.729316 0.729316 -5.5477 0 0 0 0 0 0 0 2.63044 
0 0 0 0 0 0 0 0 0.729316 0 0 0 0 0 0 0 0.729316 0 0 0 0 0 0 0 -5.40429 1.31522 1.31522 0 1.31522 0 0 0 
0 0 0 0 0 0 0 0 0 0.729316 0 0 0 0 0 0 0 0.729316 0 0 0 0 0 0 0.729316 -6.13361 0 1.97283 0 1.97283 0 0 
0 0 0 0 0 0 0 0 0 0 0.729316 0 0 0 0 0 0 0 0.729316 0 0 0 0 0 0.729316 0 -6.13361 1.97283 0 0 1.97283 0 
0 0 0 0 0 0 0 0 0 0 0 0.729316 0 0 0 0 0 0 0 0.729316 0 0 0 0 0 0.729316 0.729316 -5.5477 0 0 0 2.63044 
0 0 0 0 0 0 0 0 0 0 0 0 0.729316 0 0 0 0 0 0 0 0.729316 0 0 0 0.729316 0 0 0 -6.13361 1.97283 1.97283 0 
0 0 0 0 0 0 0 0 0 0 0 0 0 0.729316 0 0 0 0 0 0 0 0.729316 0 0 0 0.729316 0 0 0.729316 -5.5477 0 2.63044 
0 0 0 0 0 0 0 0 0 0 0 0 0 0 0.729316 0 0 0 0 0 0 0 0.729316 0 0 0 0.729316 0 0.729316 0 -5.5477 2.63044 
0 0 0 0 0 0 0 0 0 0 0 0 0 0 0 0.729316 0 0 0 0 0 0 0 0.729316 0 0 0 0.729316 0 0.729316 0.729316 -3.64658 
