32
-0 0 0 0 0 0 0 0 0 0 0 0 0 0 0 0 0 0 0 0 0 0 0 0 0 0 0 0 0 0 0 0 
0.425557 -2.10417 0 0.419653 0 0.419653 0 0 0 0.419653 0 0 0 0 0 0 0 0.419653 0 0 0 0 0 0 0 0 0 0 0 0 0 0 
0.425557 0 -2.10417 0.419653 0 0 0.419653 0 0 0 0.419653 0 0 0 0 0 0 0 0.419653 0 0 0 0 0 0 0 0 0 0 0 0 0 
0 0.425557 0.425557 -3.36903 0 0 0 0.839306 0 0 0 0.839306 0 0 0 0 0 0 0 0.839306 0 0 0 0 0 0 0 0 0 0 0 0 
0.425557 0 0 0 -2.10417 0.419653 0.419653 0 0 0 0 0 0.419653 0 0 0 0 0 0 0 0.419653 0 0 0 0 0 0 0 0 0 0 0 
0 0.425557 0 0 0.425557 -3.36903 0 0.839306 0 0 0 0 0 0.839306 0 0 0 0 0 0 0 0.839306 0 0 0 0 0 0 0 0 0 0 
0 0 0.425557 0 0.425557 0 -3.36903 0.839306 0 0 0 0 0 0 0.839306 0 0 0 0 0 0 0 0.839306 0 0 0 0 0 0 0 0 0 
0 0 0 0.425557 0 0.425557 0.425557 -3.79459 0 0 0 0 0 0 0 1.25896 0 0 0 0 0 0 0 1.25896 0 0 0 0 0 0 0 0 
0.425557 0 0 0 0 0 0 0 -2.10417 0.419653 0.419653 0 0.419653 0 0 0 0 0 0 0 0 0 0 0 0.419653 0 0 0 0 0 0 0 
0 0.425557 0 0 0 0 0 0 0.425557 -3.36903 0 0.839306 0 0.839306 0 0 0 0 0 0 0 0 0 0 0 0.839306 0 0 0 0 0 0 
0 0 0.425557 0 0 0 0 0 0.425557 0 -3.36903 0.839306 0 0 0.839306 0 0 0 0 0 0 0 0 0 0 0 0.839306 0 0 0 0 0 
0 0 0 0.425557 0 0 0 0 0 0.425557 0.425557 -3.79459 0 0 0 1.25896 0 0 0 0 0 0 0 0 0 0 0 1.25896 0 0 0 0 
0 0 0 0 0.425557 0 0 0 0.425557 0 0 0 -3.36903 0.839306 0.839306 0 0 0 0 0 0 0 0 0 0 0 0 0 0.839306 0 0 0 
0 0 0 0 0 0.425557 0 0 0 0.425557 0 0 0.425557 -3.79459 0 1.25896 0 0 0 0 0 0 0 0 0 0 0 0 0 1.25896 0 0 
0 0 0 0 0 0 0.425557 0 0 0 0.425557 0 0.425557 0 -3.79459 1.25896 0 0 0 0 0 0 0 0 0 0 0 0 0 0 1.25896 0 
0 0 0 0 0 0 0 0.425557 0 0 0 0.425557 0 0.425557 0.425557 -3.38084 0 0 0 0 0 0 0 0 0 0 0 0 0 0 0 1.67861 
0.425557 0 0 0 0 0 0 0 0 0 0 0 0 0 0 0 -2.10417 0.419653 0.419653 0 0.419653 0 0 0 0.419653 0 0 0 0 0 0 0 
0 0.425557 0 0 0 0 0 0 0 0 0 0 0 0 0 0 0.425557 -3.36903 0 0.839306 0 0.839306 0 0 0 0.839306 0 0 0 0 0 0 
0 0 0.425557 0 0 0 0 0 0 0 0 0 0 0 0 0 0.425557 0 -3.36903 0.839306 0 0 0.839306 0 0 0 0.839306 0 0 0 0 0 
0 0 0 0.425557 0 0 0 0 0 0 0 0 0 0 0 0 0 0.425557 0.425557 -3.79459 0 0 0 1.25896 0 0 0 1.25896 0 0 0 0 
0 0 0 0 0.425557 0 0 0 0 0 0 0 0 0 0 0 0.425557 0 0 0 -3.36903 0.839306 0.839306 0 0 0 0 0 0.839306 0 0 0 
0 0 0 0 0 0.425557 0 0 0 0 0 0 0 0 0 0 0 0.425557 0 0 0.425557 -3.79459 0 1.25896 0 0 0 0 0 1.25896 0 0 
0 0 0 0 0 0 0.425557 0 0 0 0 0 0 0 0 0 0 0 0.425557 0 0.425557 0 -3.79459 1.25896 0 0 0 0 0 0 1.25896 0 
0 0 0 0 0 0 0 0.425557 0 0 0 0 0 0 0 0 0 0 0 0.425557 0 0.425557 0.425557 -3.38084 0 0 0 0 0 0 0 1.67861 
0 0 0 0 0 0 0 0 0.425557 0 0 0 0 0 0 0 0.425557 0 0 0 0 0 0 0 -3.36903 0.839306 0.839306 0 0.839306 0 0 0 
0 0 0 0 0 0 0 0 0 0.425557 0 0 0 0 0 0 0 0.425557 0 0 0 0 0 0 0.425557 -3.79459 0 1.25896 0 1.25896 0 0 
0 0 0 0 0 0 0 0 0 0 0.425557 0 0 0 0 0 0 0 0.425557 0 0 0 0 0 0.425557 0 -3.79459 1.25896 0 0 1.25896 0 
0 0 0 0 0 0 0 0 0 0 0 0.425557 0 0 0 0 0 0 0 0.425557 0 0 0 0 0 0.425557 0.425557 -3.38084 0 0 0 1.67861 
0 0 0 0 0 0 0 0 0 0 0 0 0.425557 0 0 0 0 0 0 0 0.425557 0 0 0 0.425557 0 0 0 -3.79459 1.25896 1.25896 0 
0 0 0 0 0 0 0 0 0 0 0 0 0 0.425557 0 0 0 0 0 0 0 0.425557 0 0 0 0.425557 0 0 0.425557 -3.38084 0 1.67861 
0 0 0 0 0 0 0 0 0 0 0 0 0 0 0.425557 0 0 0 0 0 0 0 0.425557 0 0 0 0.425557 0 0.425557 0 -3.38084 1.67861 
0 0 0 0 0 0 0 0 0 0 0 0 0 0 0 0.425557 0 0 0 0 0 0 0 0.425557 0 0 0 0.425557 0 0.425557 0.425557 -2.12778 
