64
-0 0 0 0 0 0 0 0 0 0 0 0 0 0 0 0 0 0 0 0 0 0 0 0 0 0 0 0 0 0 0 0 0 0 0 0 0 0 0 0 0 0 0 0 0 0 0 0 0 0 0 0 0 0 0 0 0 0 0 0 0 0 0 0 
0.6617 -3.17146 0 0.501953 0 0.501953 0 0 0 0.501953 0 0 0 0 0 0 0 0.501953 0 0 0 0 0 0 0 0 0 0 0 0 0 0 0 0.501953 0 0 0 0 0 0 0 0 0 0 0 0 0 0 0 0 0 0 0 0 0 0 0 0 0 0 0 0 0 0 
0.6617 0 -3.17146 0.501953 0 0 0.501953 0 0 0 0.501953 0 0 0 0 0 0 0 0.501953 0 0 0 0 0 0 0 0 0 0 0 0 0 0 0 0.501953 0 0 0 0 0 0 0 0 0 0 0 0 0 0 0 0 0 0 0 0 0 0 0 0 0 0 0 0 0 
0 0.6617 0.6617 -5.33902 0 0 0 1.00391 0 0 0 1.00391 0 0 0 0 0 0 0 1.00391 0 0 0 0 0 0 0 0 0 0 0 0 0 0 0 1.00391 0 0 0 0 0 0 0 0 0 0 0 0 0 0 0 0 0 0 0 0 0 0 0 0 0 0 0 0 
0.6617 0 0 0 -3.17146 0.501953 0.501953 0 0 0 0 0 0.501953 0 0 0 0 0 0 0 0.501953 0 0 0 0 0 0 0 0 0 0 0 0 0 0 0 0.501953 0 0 0 0 0 0 0 0 0 0 0 0 0 0 0 0 0 0 0 0 0 0 0 0 0 0 0 
0 0.6617 0 0 0.6617 -5.33902 0 1.00391 0 0 0 0 0 1.00391 0 0 0 0 0 0 0 1.00391 0 0 0 0 0 0 0 0 0 0 0 0 0 0 0 1.00391 0 0 0 0 0 0 0 0 0 0 0 0 0 0 0 0 0 0 0 0 0 0 0 0 0 0 
0 0 0.6617 0 0.6617 0 -5.33902 1.00391 0 0 0 0 0 0 1.00391 0 0 0 0 0 0 0 1.00391 0 0 0 0 0 0 0 0 0 0 0 0 0 0 0 1.00391 0 0 0 0 0 0 0 0 0 0 0 0 0 0 0 0 0 0 0 0 0 0 0 0 0 
0 0 0 0.6617 0 0.6617 0.6617 -6.50267 0 0 0 0 0 0 0 1.50586 0 0 0 0 0 0 0 1.50586 0 0 0 0 0 0 0 0 0 0 0 0 0 0 0 1.50586 0 0 0 0 0 0 0 0 0 0 0 0 0 0 0 0 0 0 0 0 0 0 0 0 
0.6617 0 0 0 0 0 0 0 -3.17146 0.501953 0.501953 0 0.501953 0 0 0 0 0 0 0 0 0 0 0 0.501953 0 0 0 0 0 0 0 0 0 0 0 0 0 0 0 0.501953 0 0 0 0 0 0 0 0 0 0 0 0 0 0 0 0 0 0 0 0 0 0 0 
0 0.6617 0 0 0 0 0 0 0.6617 -5.33902 0 1.00391 0 1.00391 0 0 0 0 0 0 0 0 0 0 0 1.00391 0 0 0 0 0 0 0 0 0 0 0 0 0 0 0 1.00391 0 0 0 0 0 0 0 0 0 0 0 0 0 0 0 0 0 0 0 0 0 0 
0 0 0.6617 0 0 0 0 0 0.6617 0 -5.33902 1.00391 0 0 1.00391 0 0 0 0 0 0 0 0 0 0 0 1.00391 0 0 0 0 0 0 0 0 0 0 0 0 0 0 0 1.00391 0 0 0 0 0 0 0 0 0 0 0 0 0 0 0 0 0 0 0 0 0 
0 0 0 0.6617 0 0 0 0 0 0.6617 0.6617 -6.50267 0 0 0 1.50586 0 0 0 0 0 0 0 0 0 0 0 1.50586 0 0 0 0 0 0 0 0 0 0 0 0 0 0 0 1.50586 0 0 0 0 0 0 0 0 0 0 0 0 0 0 0 0 0 0 0 0 
0 0 0 0 0.6617 0 0 0 0.6617 0 0 0 -5.33902 1.00391 1.00391 0 0 0 0 0 0 0 0 0 0 0 0 0 1.00391 0 0 0 0 0 0 0 0 0 0 0 0 0 0 0 1.00391 0 0 0 0 0 0 0 0 0 0 0 0 0 0 0 0 0 0 0 
0 0 0 0 0 0.6617 0 0 0 0.6617 0 0 0.6617 -6.50267 0 1.50586 0 0 0 0 0 0 0 0 0 0 0 0 0 1.50586 0 0 0 0 0 0 0 0 0 0 0 0 0 0 0 1.50586 0 0 0 0 0 0 0 0 0 0 0 0 0 0 0 0 0 0 
0 0 0 0 0 0 0.6617 0 0 0 0.6617 0 0.6617 0 -6.50267 1.50586 0 0 0 0 0 0 0 0 0 0 0 0 0 0 1.50586 0 0 0 0 0 0 0 0 0 0 0 0 0 0 0 1.50586 0 0 0 0 0 0 0 0 0 0 0 0 0 0 0 0 0 
0 0 0 0 0 0 0 0.6617 0 0 0 0.6617 0 0.6617 0.6617 -6.66242 0 0 0 0 0 0 0 0 0 0 0 0 0 0 0 2.00781 0 0 0 0 0 0 0 0 0 0 0 0 0 0 0 2.00781 0 0 0 0 0 0 0 0 0 0 0 0 0 0 0 0 
0.6617 0 0 0 0 0 0 0 0 0 0 0 0 0 0 0 -3.17146 0.501953 0.501953 0 0.501953 0 0 0 0.501953 0 0 0 0 0 0 0 0 0 0 0 0 0 0 0 0 0 0 0 0 0 0 0 0.501953 0 0 0 0 0 0 0 0 0 0 0 0 0 0 0 
0 0.6617 0 0 0 0 0 0 0 0 0 0 0 0 0 0 0.6617 -5.33902 0 1.00391 0 1.00391 0 0 0 1.00391 0 0 0 0 0 0 0 0 0 0 0 0 0 0 0 0 0 0 0 0 0 0 0 1.00391 0 0 0 0 0 0 0 0 0 0 0 0 0 0 
0 0 0.6617 0 0 0 0 0 0 0 0 0 0 0 0 0 0.6617 0 -5.33902 1.00391 0 0 1.00391 0 0 0 1.00391 0 0 0 0 0 0 0 0 0 0 0 0 0 0 0 0 0 0 0 0 0 0 0 1.00391 0 0 0 0 0 0 0 0 0 0 0 0 0 
0 0 0 0.6617 0 0 0 0 0 0 0 0 0 0 0 0 0 0.6617 0.6617 -6.50267 0 0 0 1.50586 0 0 0 1.50586 0 0 0 0 0 0 0 0 0 0 0 0 0 0 0 0 0 0 0 0 0 0 0 1.50586 0 0 0 0 0 0 0 0 0 0 0 0 
0 0 0 0 0.6617 0 0 0 0 0 0 0 0 0 0 0 0.6617 0 0 0 -5.33902 1.00391 1.00391 0 0 0 0 0 1.00391 0 0 0 0 0 0 0 0 0 0 0 0 0 0 0 0 0 0 0 0 0 0 0 1.00391 0 0 0 0 0 0 0 0 0 0 0 
0 0 0 0 0 0.6617 0 0 0 0 0 0 0 0 0 0 0 0.6617 0 0 0.6617 -6.50267 0 1.50586 0 0 0 0 0 1.50586 0 0 0 0 0 0 0 0 0 0 0 0 0 0 0 0 0 0 0 0 0 0 0 1.50586 0 0 0 0 0 0 0 0 0 0 
0 0 0 0 0 0 0.6617 0 0 0 0 0 0 0 0 0 0 0 0.6617 0 0.6617 0 -6.50267 1.50586 0 0 0 0 0 0 1.50586 0 0 0 0 0 0 0 0 0 0 0 0 0 0 0 0 0 0 0 0 0 0 0 1.50586 0 0 0 0 0 0 0 0 0 
0 0 0 0 0 0 0 0.6617 0 0 0 0 0 0 0 0 0 0 0 0.6617 0 0.6617 0.6617 -6.66242 0 0 0 0 0 0 0 2.00781 0 0 0 0 0 0 0 0 0 0 0 0 0 0 0 0 0 0 0 0 0 0 0 2.00781 0 0 0 0 0 0 0 0 
0 0 0 0 0 0 0 0 0.6617 0 0 0 0 0 0 0 0.6617 0 0 0 0 0 0 0 -5.33902 1.00391 1.00391 0 1.00391 0 0 0 0 0 0 0 0 0 0 0 0 0 0 0 0 0 0 0 0 0 0 0 0 0 0 0 1.00391 0 0 0 0 0 0 0 
0 0 0 0 0 0 0 0 0 0.6617 0 0 0 0 0 0 0 0.6617 0 0 0 0 0 0 0.6617 -6.50267 0 1.50586 0 1.50586 0 0 0 0 0 0 0 0 0 0 0 0 0 0 0 0 0 0 0 0 0 0 0 0 0 0 0 1.50586 0 0 0 0 0 0 
0 0 0 0 0 0 0 0 0 0 0.6617 0 0 0 0 0 0 0 0.6617 0 0 0 0 0 0.6617 0 -6.50267 1.50586 0 0 1.50586 0 0 0 0 0 0 0 0 0 0 0 0 0 0 0 0 0 0 0 0 0 0 0 0 0 0 0 1.50586 0 0 0 0 0 
0 0 0 0 0 0 0 0 0 0 0 0.6617 0 0 0 0 0 0 0 0.6617 0 0 0 0 0 0.6617 0.6617 -6.66242 0 0 0 2.00781 0 0 0 0 0 0 0 0 0 0 0 0 0 0 0 0 0 0 0 0 0 0 0 0 0 0 0 2.00781 0 0 0 0 
0 0 0 0 0 0 0 0 0 0 0 0 0.6617 0 0 0 0 0 0 0 0.6617 0 0 0 0.6617 0 0 0 -6.50267 1.50586 1.50586 0 0 0 0 0 0 0 0 0 0 0 0 0 0 0 0 0 0 0 0 0 0 0 0 0 0 0 0 0 1.50586 0 0 0 
0 0 0 0 0 0 0 0 0 0 0 0 0 0.6617 0 0 0 0 0 0 0 0.6617 0 0 0 0.6617 0 0 0.6617 -6.66242 0 2.00781 0 0 0 0 0 0 0 0 0 0 0 0 0 0 0 0 0 0 0 0 0 0 0 0 0 0 0 0 0 2.00781 0 0 
0 0 0 0 0 0 0 0 0 0 0 0 0 0 0.6617 0 0 0 0 0 0 0 0.6617 0 0 0 0.6617 0 0.6617 0 -6.66242 2.00781 0 0 0 0 0 0 0 0 0 0 0 0 0 0 0 0 0 0 0 0 0 0 0 0 0 0 0 0 0 0 2.00781 0 
0 0 0 0 0 0 0 0 0 0 0 0 0 0 0 0.6617 0 0 0 0 0 0 0 0.6617 0 0 0 0.6617 0 0.6617 0.6617 -5.81826 0 0 0 0 0 0 0 0 0 0 0 0 0 0 0 0 0 0 0 0 0 0 0 0 0 0 0 0 0 0 0 2.50976 
0.6617 0 0 0 0 0 0 0 0 0 0 0 0 0 0 0 0 0 0 0 0 0 0 0 0 0 0 0 0 0 0 0 -3.17146 0.501953 0.501953 0 0.501953 0 0 0 0.501953 0 0 0 0 0 0 0 0.501953 0 0 0 0 0 0 0 0 0 0 0 0 0 0 0 
0 0.6617 0 0 0 0 0 0 0 0 0 0 0 0 0 0 0 0 0 0 0 0 0 0 0 0 0 0 0 0 0 0 0.6617 -5.33902 0 1.00391 0 1.00391 0 0 0 1.00391 0 0 0 0 0 0 0 1.00391 0 0 0 0 0 0 0 0 0 0 0 0 0 0 
0 0 0.6617 0 0 0 0 0 0 0 0 0 0 0 0 0 0 0 0 0 0 0 0 0 0 0 0 0 0 0 0 0 0.6617 0 -5.33902 1.00391 0 0 1.00391 0 0 0 1.00391 0 0 0 0 0 0 0 1.00391 0 0 0 0 0 0 0 0 0 0 0 0 0 
0 0 0 0.6617 0 0 0 0 0 0 0 0 0 0 0 0 0 0 0 0 0 0 0 0 0 0 0 0 0 0 0 0 0 0.6617 0.6617 -6.50267 0 0 0 1.50586 0 0 0 1.50586 0 0 0 0 0 0 0 1.50586 0 0 0 0 0 0 0 0 0 0 0 0 
0 0 0 0 0.6617 0 0 0 0 0 0 0 0 0 0 0 0 0 0 0 0 0 0 0 0 0 0 0 0 0 0 0 0.6617 0 0 0 -5.33902 1.00391 1.00391 0 0 0 0 0 1.00391 0 0 0 0 0 0 0 1.00391 0 0 0 0 0 0 0 0 0 0 0 
0 0 0 0 0 0.6617 0 0 0 0 0 0 0 0 0 0 0 0 0 0 0 0 0 0 0 0 0 0 0 0 0 0 0 0.6617 0 0 0.6617 -6.50267 0 1.50586 0 0 0 0 0 1.50586 0 0 0 0 0 0 0 1.50586 0 0 0 0 0 0 0 0 0 0 
0 0 0 0 0 0 0.6617 0 0 0 0 0 0 0 0 0 0 0 0 0 0 0 0 0 0 0 0 0 0 0 0 0 0 0 0.6617 0 0.6617 0 -6.50267 1.50586 0 0 0 0 0 0 1.50586 0 0 0 0 0 0 0 1.50586 0 0 0 0 0 0 0 0 0 
0 0 0 0 0 0 0 0.6617 0 0 0 0 0 0 0 0 0 0 0 0 0 0 0 0 0 0 0 0 0 0 0 0 0 0 0 0.6617 0 0.6617 0.6617 -6.66242 0 0 0 0 0 0 0 2.00781 0 0 0 0 0 0 0 2.00781 0 0 0 0 0 0 0 0 
0 0 0 0 0 0 0 0 0.6617 0 0 0 0 0 0 0 0 0 0 0 0 0 0 0 0 0 0 0 0 0 0 0 0.6617 0 0 0 0 0 0 0 -5.33902 1.00391 1.00391 0 1.00391 0 0 0 0 0 0 0 0 0 0 0 1.00391 0 0 0 0 0 0 0 
0 0 0 0 0 0 0 0 0 0.6617 0 0 0 0 0 0 0 0 0 0 0 0 0 0 0 0 0 0 0 0 0 0 0 0.6617 0 0 0 0 0 0 0.6617 -6.50267 0 1.50586 0 1.50586 0 0 0 0 0 0 0 0 0 0 0 1.50586 0 0 0 0 0 0 
0 0 0 0 0 0 0 0 0 0 0.6617 0 0 0 0 0 0 0 0 0 0 0 0 0 0 0 0 0 0 0 0 0 0 0 0.6617 0 0 0 0 0 0.6617 0 -6.50267 1.50586 0 0 1.50586 0 0 0 0 0 0 0 0 0 0 0 1.50586 0 0 0 0 0 
0 0 0 0 0 0 0 0 0 0 0 0.6617 0 0 0 0 0 0 0 0 0 0 0 0 0 0 0 0 0 0 0 0 0 0 0 0.6617 0 0 0 0 0 0.6617 0.6617 -6.66242 0 0 0 2.00781 0 0 0 0 0 0 0 0 0 0 0 2.00781 0 0 0 0 
0 0 0 0 0 0 0 0 0 0 0 0 0.6617 0 0 0 0 0 0 0 0 0 0 0 0 0 0 0 0 0 0 0 0 0 0 0 0.6617 0 0 0 0.6617 0 0 0 -6.50267 1.50586 1.50586 0 0 0 0 0 0 0 0 0 0 0 0 0 1.50586 0 0 0 
0 0 0 0 0 0 0 0 0 0 0 0 0 0.6617 0 0 0 0 0 0 0 0 0 0 0 0 0 0 0 0 0 0 0 0 0 0 0 0.6617 0 0 0 0.6617 0 0 0.6617 -6.66242 0 2.00781 0 0 0 0 0 0 0 0 0 0 0 0 0 2.00781 0 0 
0 0 0 0 0 0 0 0 0 0 0 0 0 0 0.6617 0 0 0 0 0 0 0 0 0 0 0 0 0 0 0 0 0 0 0 0 0 0 0 0.6617 0 0 0 0.6617 0 0.6617 0 -6.66242 2.00781 0 0 0 0 0 0 0 0 0 0 0 0 0 0 2.00781 0 
0 0 0 0 0 0 0 0 0 0 0 0 0 0 0 0.6617 0 0 0 0 0 0 0 0 0 0 0 0 0 0 0 0 0 0 0 0 0 0 0 0.6617 0 0 0 0.6617 0 0.6617 0.6617 -5.81826 0 0 0 0 0 0 0 0 0 0 0 0 0 0 0 2.50976 
0 0 0 0 0 0 0 0 0 0 0 0 0 0 0 0 0.6617 0 0 0 0 0 0 0 0 0 0 0 0 0 0 0 0.6617 0 0 0 0 0 0 0 0 0 0 0 0 0 0 0 -5.33902 1.00391 1.00391 0 1.00391 0 0 0 1.00391 0 0 0 0 0 0 0 
0 0 0 0 0 0 0 0 0 0 0 0 0 0 0 0 0 0.6617 0 0 0 0 0 0 0 0 0 0 0 0 0 0 0 0.6617 0 0 0 0 0 0 0 0 0 0 0 0 0 0 0.6617 -6.50267 0 1.50586 0 1.50586 0 0 0 1.50586 0 0 0 0 0 0 
0 0 0 0 0 0 0 0 0 0 0 0 0 0 0 0 0 0 0.6617 0 0 0 0 0 0 0 0 0 0 0 0 0 0 0 0.6617 0 0 0 0 0 0 0 0 0 0 0 0 0 0.6617 0 -6.50267 1.50586 0 0 1.50586 0 0 0 1.50586 0 0 0 0 0 
0 0 0 0 0 0 0 0 0 0 0 0 0 0 0 0 0 0 0 0.6617 0 0 0 0 0 0 0 0 0 0 0 0 0 0 0 0.6617 0 0 0 0 0 0 0 0 0 0 0 0 0 0.6617 0.6617 -6.66242 0 0 0 2.00781 0 0 0 2.00781 0 0 0 0 
0 0 0 0 0 0 0 0 0 0 0 0 0 0 0 0 0 0 0 0 0.6617 0 0 0 0 0 0 0 0 0 0 0 0 0 0 0 0.6617 0 0 0 0 0 0 0 0 0 0 0 0.6617 0 0 0 -6.50267 1.50586 1.50586 0 0 0 0 0 1.50586 0 0 0 
0 0 0 0 0 0 0 0 0 0 0 0 0 0 0 0 0 0 0 0 0 0.6617 0 0 0 0 0 0 0 0 0 0 0 0 0 0 0 0.6617 0 0 0 0 0 0 0 0 0 0 0 0.6617 0 0 0.6617 -6.66242 0 2.00781 0 0 0 0 0 2.00781 0 0 
0 0 0 0 0 0 0 0 0 0 0 0 0 0 0 0 0 0 0 0 0 0 0.6617 0 0 0 0 0 0 0 0 0 0 0 0 0 0 0 0.6617 0 0 0 0 0 0 0 0 0 0 0 0.6617 0 0.6617 0 -6.66242 2.00781 0 0 0 0 0 0 2.00781 0 
0 0 0 0 0 0 0 0 0 0 0 0 0 0 0 0 0 0 0 0 0 0 0 0.6617 0 0 0 0 0 0 0 0 0 0 0 0 0 0 0 0.6617 0 0 0 0 0 0 0 0 0 0 0 0.6617 0 0.6617 0.6617 -5.81826 0 0 0 0 0 0 0 2.50976 
0 0 0 0 0 0 0 0 0 0 0 0 0 0 0 0 0 0 0 0 0 0 0 0 0.6617 0 0 0 0 0 0 0 0 0 0 0 0 0 0 0 0.6617 0 0 0 0 0 0 0 0.6617 0 0 0 0 0 0 0 -6.50267 1.50586 1.50586 0 1.50586 0 0 0 
0 0 0 0 0 0 0 0 0 0 0 0 0 0 0 0 0 0 0 0 0 0 0 0 0 0.6617 0 0 0 0 0 0 0 0 0 0 0 0 0 0 0 0.6617 0 0 0 0 0 0 0 0.6617 0 0 0 0 0 0 0.6617 -6.66242 0 2.00781 0 2.00781 0 0 
0 0 0 0 0 0 0 0 0 0 0 0 0 0 0 0 0 0 0 0 0 0 0 0 0 0 0.6617 0 0 0 0 0 0 0 0 0 0 0 0 0 0 0 0.6617 0 0 0 0 0 0 0 0.6617 0 0 0 0 0 0.6617 0 -6.66242 2.00781 0 0 2.00781 0 
0 0 0 0 0 0 0 0 0 0 0 0 0 0 0 0 0 0 0 0 0 0 0 0 0 0 0 0.6617 0 0 0 0 0 0 0 0 0 0 0 0 0 0 0 0.6617 0 0 0 0 0 0 0 0.6617 0 0 0 0 0 0.6617 0.6617 -5.81826 0 0 0 2.50976 
0 0 0 0 0 0 0 0 0 0 0 0 0 0 0 0 0 0 0 0 0 0 0 0 0 0 0 0 0.6617 0 0 0 0 0 0 0 0 0 0 0 0 0 0 0 0.6617 0 0 0 0 0 0 0 0.6617 0 0 0 0.6617 0 0 0 -6.66242 2.00781 2.00781 0 
0 0 0 0 0 0 0 0 0 0 0 0 0 0 0 0 0 0 0 0 0 0 0 0 0 0 0 0 0 0.6617 0 0 0 0 0 0 0 0 0 0 0 0 0 0 0 0.6617 0 0 0 0 0 0 0 0.6617 0 0 0 0.6617 0 0 0.6617 -5.81826 0 2.50976 
0 0 0 0 0 0 0 0 0 0 0 0 0 0 0 0 0 0 0 0 0 0 0 0 0 0 0 0 0 0 0.6617 0 0 0 0 0 0 0 0 0 0 0 0 0 0 0 0.6617 0 0 0 0 0 0 0 0.6617 0 0 0 0.6617 0 0.6617 0 -5.81826 2.50976 
0 0 0 0 0 0 0 0 0 0 0 0 0 0 0 0 0 0 0 0 0 0 0 0 0 0 0 0 0 0 0 0.6617 0 0 0 0 0 0 0 0 0 0 0 0 0 0 0 0.6617 0 0 0 0 0 0 0 0.6617 0 0 0 0.6617 0 0.6617 0.6617 -3.9702 
