64
-0 0 0 0 0 0 0 0 0 0 0 0 0 0 0 0 0 0 0 0 0 0 0 0 0 0 0 0 0 0 0 0 0 0 0 0 0 0 0 0 0 0 0 0 0 0 0 0 0 0 0 0 0 0 0 0 0 0 0 0 0 0 0 0 
0.507604 -2.49175 0 0.396829 0 0.396829 0 0 0 0.396829 0 0 0 0 0 0 0 0.396829 0 0 0 0 0 0 0 0 0 0 0 0 0 0 0 0.396829 0 0 0 0 0 0 0 0 0 0 0 0 0 0 0 0 0 0 0 0 0 0 0 0 0 0 0 0 0 0 
0.507604 0 -2.49175 0.396829 0 0 0.396829 0 0 0 0.396829 0 0 0 0 0 0 0 0.396829 0 0 0 0 0 0 0 0 0 0 0 0 0 0 0 0.396829 0 0 0 0 0 0 0 0 0 0 0 0 0 0 0 0 0 0 0 0 0 0 0 0 0 0 0 0 0 
0 0.507604 0.507604 -4.18984 0 0 0 0.793658 0 0 0 0.793658 0 0 0 0 0 0 0 0.793658 0 0 0 0 0 0 0 0 0 0 0 0 0 0 0 0.793658 0 0 0 0 0 0 0 0 0 0 0 0 0 0 0 0 0 0 0 0 0 0 0 0 0 0 0 0 
0.507604 0 0 0 -2.49175 0.396829 0.396829 0 0 0 0 0 0.396829 0 0 0 0 0 0 0 0.396829 0 0 0 0 0 0 0 0 0 0 0 0 0 0 0 0.396829 0 0 0 0 0 0 0 0 0 0 0 0 0 0 0 0 0 0 0 0 0 0 0 0 0 0 0 
0 0.507604 0 0 0.507604 -4.18984 0 0.793658 0 0 0 0 0 0.793658 0 0 0 0 0 0 0 0.793658 0 0 0 0 0 0 0 0 0 0 0 0 0 0 0 0.793658 0 0 0 0 0 0 0 0 0 0 0 0 0 0 0 0 0 0 0 0 0 0 0 0 0 0 
0 0 0.507604 0 0.507604 0 -4.18984 0.793658 0 0 0 0 0 0 0.793658 0 0 0 0 0 0 0 0.793658 0 0 0 0 0 0 0 0 0 0 0 0 0 0 0 0.793658 0 0 0 0 0 0 0 0 0 0 0 0 0 0 0 0 0 0 0 0 0 0 0 0 0 
0 0 0 0.507604 0 0.507604 0.507604 -5.09427 0 0 0 0 0 0 0 1.19049 0 0 0 0 0 0 0 1.19049 0 0 0 0 0 0 0 0 0 0 0 0 0 0 0 1.19049 0 0 0 0 0 0 0 0 0 0 0 0 0 0 0 0 0 0 0 0 0 0 0 0 
0.507604 0 0 0 0 0 0 0 -2.49175 0.396829 0.396829 0 0.396829 0 0 0 0 0 0 0 0 0 0 0 0.396829 0 0 0 0 0 0 0 0 0 0 0 0 0 0 0 0.396829 0 0 0 0 0 0 0 0 0 0 0 0 0 0 0 0 0 0 0 0 0 0 0 
0 0.507604 0 0 0 0 0 0 0.507604 -4.18984 0 0.793658 0 0.793658 0 0 0 0 0 0 0 0 0 0 0 0.793658 0 0 0 0 0 0 0 0 0 0 0 0 0 0 0 0.793658 0 0 0 0 0 0 0 0 0 0 0 0 0 0 0 0 0 0 0 0 0 0 
0 0 0.507604 0 0 0 0 0 0.507604 0 -4.18984 0.793658 0 0 0.793658 0 0 0 0 0 0 0 0 0 0 0 0.793658 0 0 0 0 0 0 0 0 0 0 0 0 0 0 0 0.793658 0 0 0 0 0 0 0 0 0 0 0 0 0 0 0 0 0 0 0 0 0 
0 0 0 0.507604 0 0 0 0 0 0.507604 0.507604 -5.09427 0 0 0 1.19049 0 0 0 0 0 0 0 0 0 0 0 1.19049 0 0 0 0 0 0 0 0 0 0 0 0 0 0 0 1.19049 0 0 0 0 0 0 0 0 0 0 0 0 0 0 0 0 0 0 0 0 
0 0 0 0 0.507604 0 0 0 0.507604 0 0 0 -4.18984 0.793658 0.793658 0 0 0 0 0 0 0 0 0 0 0 0 0 0.793658 0 0 0 0 0 0 0 0 0 0 0 0 0 0 0 0.793658 0 0 0 0 0 0 0 0 0 0 0 0 0 0 0 0 0 0 0 
0 0 0 0 0 0.507604 0 0 0 0.507604 0 0 0.507604 -5.09427 0 1.19049 0 0 0 0 0 0 0 0 0 0 0 0 0 1.19049 0 0 0 0 0 0 0 0 0 0 0 0 0 0 0 1.19049 0 0 0 0 0 0 0 0 0 0 0 0 0 0 0 0 0 0 
0 0 0 0 0 0 0.507604 0 0 0 0.507604 0 0.507604 0 -5.09427 1.19049 0 0 0 0 0 0 0 0 0 0 0 0 0 0 1.19049 0 0 0 0 0 0 0 0 0 0 0 0 0 0 0 1.19049 0 0 0 0 0 0 0 0 0 0 0 0 0 0 0 0 0 
0 0 0 0 0 0 0 0.507604 0 0 0 0.507604 0 0.507604 0.507604 -5.20505 0 0 0 0 0 0 0 0 0 0 0 0 0 0 0 1.58732 0 0 0 0 0 0 0 0 0 0 0 0 0 0 0 1.58732 0 0 0 0 0 0 0 0 0 0 0 0 0 0 0 0 
0.507604 0 0 0 0 0 0 0 0 0 0 0 0 0 0 0 -2.49175 0.396829 0.396829 0 0.396829 0 0 0 0.396829 0 0 0 0 0 0 0 0 0 0 0 0 0 0 0 0 0 0 0 0 0 0 0 0.396829 0 0 0 0 0 0 0 0 0 0 0 0 0 0 0 
0 0.507604 0 0 0 0 0 0 0 0 0 0 0 0 0 0 0.507604 -4.18984 0 0.793658 0 0.793658 0 0 0 0.793658 0 0 0 0 0 0 0 0 0 0 0 0 0 0 0 0 0 0 0 0 0 0 0 0.793658 0 0 0 0 0 0 0 0 0 0 0 0 0 0 
0 0 0.507604 0 0 0 0 0 0 0 0 0 0 0 0 0 0.507604 0 -4.18984 0.793658 0 0 0.793658 0 0 0 0.793658 0 0 0 0 0 0 0 0 0 0 0 0 0 0 0 0 0 0 0 0 0 0 0 0.793658 0 0 0 0 0 0 0 0 0 0 0 0 0 
0 0 0 0.507604 0 0 0 0 0 0 0 0 0 0 0 0 0 0.507604 0.507604 -5.09427 0 0 0 1.19049 0 0 0 1.19049 0 0 0 0 0 0 0 0 0 0 0 0 0 0 0 0 0 0 0 0 0 0 0 1.19049 0 0 0 0 0 0 0 0 0 0 0 0 
0 0 0 0 0.507604 0 0 0 0 0 0 0 0 0 0 0 0.507604 0 0 0 -4.18984 0.793658 0.793658 0 0 0 0 0 0.793658 0 0 0 0 0 0 0 0 0 0 0 0 0 0 0 0 0 0 0 0 0 0 0 0.793658 0 0 0 0 0 0 0 0 0 0 0 
0 0 0 0 0 0.507604 0 0 0 0 0 0 0 0 0 0 0 0.507604 0 0 0.507604 -5.09427 0 1.19049 0 0 0 0 0 1.19049 0 0 0 0 0 0 0 0 0 0 0 0 0 0 0 0 0 0 0 0 0 0 0 1.19049 0 0 0 0 0 0 0 0 0 0 
0 0 0 0 0 0 0.507604 0 0 0 0 0 0 0 0 0 0 0 0.507604 0 0.507604 0 -5.09427 1.19049 0 0 0 0 0 0 1.19049 0 0 0 0 0 0 0 0 0 0 0 0 0 0 0 0 0 0 0 0 0 0 0 1.19049 0 0 0 0 0 0 0 0 0 
0 0 0 0 0 0 0 0.507604 0 0 0 0 0 0 0 0 0 0 0 0.507604 0 0.507604 0.507604 -5.20505 0 0 0 0 0 0 0 1.58732 0 0 0 0 0 0 0 0 0 0 0 0 0 0 0 0 0 0 0 0 0 0 0 1.58732 0 0 0 0 0 0 0 0 
0 0 0 0 0 0 0 0 0.507604 0 0 0 0 0 0 0 0.507604 0 0 0 0 0 0 0 -4.18984 0.793658 0.793658 0 0.793658 0 0 0 0 0 0 0 0 0 0 0 0 0 0 0 0 0 0 0 0 0 0 0 0 0 0 0 0.793658 0 0 0 0 0 0 0 
0 0 0 0 0 0 0 0 0 0.507604 0 0 0 0 0 0 0 0.507604 0 0 0 0 0 0 0.507604 -5.09427 0 1.19049 0 1.19049 0 0 0 0 0 0 0 0 0 0 0 0 0 0 0 0 0 0 0 0 0 0 0 0 0 0 0 1.19049 0 0 0 0 0 0 
0 0 0 0 0 0 0 0 0 0 0.507604 0 0 0 0 0 0 0 0.507604 0 0 0 0 0 0.507604 0 -5.09427 1.19049 0 0 1.19049 0 0 0 0 0 0 0 0 0 0 0 0 0 0 0 0 0 0 0 0 0 0 0 0 0 0 0 1.19049 0 0 0 0 0 
0 0 0 0 0 0 0 0 0 0 0 0.507604 0 0 0 0 0 0 0 0.507604 0 0 0 0 0 0.507604 0.507604 -5.20505 0 0 0 1.58732 0 0 0 0 0 0 0 0 0 0 0 0 0 0 0 0 0 0 0 0 0 0 0 0 0 0 0 1.58732 0 0 0 0 
0 0 0 0 0 0 0 0 0 0 0 0 0.507604 0 0 0 0 0 0 0 0.507604 0 0 0 0.507604 0 0 0 -5.09427 1.19049 1.19049 0 0 0 0 0 0 0 0 0 0 0 0 0 0 0 0 0 0 0 0 0 0 0 0 0 0 0 0 0 1.19049 0 0 0 
0 0 0 0 0 0 0 0 0 0 0 0 0 0.507604 0 0 0 0 0 0 0 0.507604 0 0 0 0.507604 0 0 0.507604 -5.20505 0 1.58732 0 0 0 0 0 0 0 0 0 0 0 0 0 0 0 0 0 0 0 0 0 0 0 0 0 0 0 0 0 1.58732 0 0 
0 0 0 0 0 0 0 0 0 0 0 0 0 0 0.507604 0 0 0 0 0 0 0 0.507604 0 0 0 0.507604 0 0.507604 0 -5.20505 1.58732 0 0 0 0 0 0 0 0 0 0 0 0 0 0 0 0 0 0 0 0 0 0 0 0 0 0 0 0 0 0 1.58732 0 
0 0 0 0 0 0 0 0 0 0 0 0 0 0 0 0.507604 0 0 0 0 0 0 0 0.507604 0 0 0 0.507604 0 0.507604 0.507604 -4.52216 0 0 0 0 0 0 0 0 0 0 0 0 0 0 0 0 0 0 0 0 0 0 0 0 0 0 0 0 0 0 0 1.98414 
0.507604 0 0 0 0 0 0 0 0 0 0 0 0 0 0 0 0 0 0 0 0 0 0 0 0 0 0 0 0 0 0 0 -2.49175 0.396829 0.396829 0 0.396829 0 0 0 0.396829 0 0 0 0 0 0 0 0.396829 0 0 0 0 0 0 0 0 0 0 0 0 0 0 0 
0 0.507604 0 0 0 0 0 0 0 0 0 0 0 0 0 0 0 0 0 0 0 0 0 0 0 0 0 0 0 0 0 0 0.507604 -4.18984 0 0.793658 0 0.793658 0 0 0 0.793658 0 0 0 0 0 0 0 0.793658 0 0 0 0 0 0 0 0 0 0 0 0 0 0 
0 0 0.507604 0 0 0 0 0 0 0 0 0 0 0 0 0 0 0 0 0 0 0 0 0 0 0 0 0 0 0 0 0 0.507604 0 -4.18984 0.793658 0 0 0.793658 0 0 0 0.793658 0 0 0 0 0 0 0 0.793658 0 0 0 0 0 0 0 0 0 0 0 0 0 
0 0 0 0.507604 0 0 0 0 0 0 0 0 0 0 0 0 0 0 0 0 0 0 0 0 0 0 0 0 0 0 0 0 0 0.507604 0.507604 -5.09427 0 0 0 1.19049 0 0 0 1.19049 0 0 0 0 0 0 0 1.19049 0 0 0 0 0 0 0 0 0 0 0 0 
0 0 0 0 0.507604 0 0 0 0 0 0 0 0 0 0 0 0 0 0 0 0 0 0 0 0 0 0 0 0 0 0 0 0.507604 0 0 0 -4.18984 0.793658 0.793658 0 0 0 0 0 0.793658 0 0 0 0 0 0 0 0.793658 0 0 0 0 0 0 0 0 0 0 0 
0 0 0 0 0 0.507604 0 0 0 0 0 0 0 0 0 0 0 0 0 0 0 0 0 0 0 0 0 0 0 0 0 0 0 0.507604 0 0 0.507604 -5.09427 0 1.19049 0 0 0 0 0 1.19049 0 0 0 0 0 0 0 1.19049 0 0 0 0 0 0 0 0 0 0 
0 0 0 0 0 0 0.507604 0 0 0 0 0 0 0 0 0 0 0 0 0 0 0 0 0 0 0 0 0 0 0 0 0 0 0 0.507604 0 0.507604 0 -5.09427 1.19049 0 0 0 0 0 0 1.19049 0 0 0 0 0 0 0 1.19049 0 0 0 0 0 0 0 0 0 
0 0 0 0 0 0 0 0.507604 0 0 0 0 0 0 0 0 0 0 0 0 0 0 0 0 0 0 0 0 0 0 0 0 0 0 0 0.507604 0 0.507604 0.507604 -5.20505 0 0 0 0 0 0 0 1.58732 0 0 0 0 0 0 0 1.58732 0 0 0 0 0 0 0 0 
0 0 0 0 0 0 0 0 0.507604 0 0 0 0 0 0 0 0 0 0 0 0 0 0 0 0 0 0 0 0 0 0 0 0.507604 0 0 0 0 0 0 0 -4.18984 0.793658 0.793658 0 0.793658 0 0 0 0 0 0 0 0 0 0 0 0.793658 0 0 0 0 0 0 0 
0 0 0 0 0 0 0 0 0 0.507604 0 0 0 0 0 0 0 0 0 0 0 0 0 0 0 0 0 0 0 0 0 0 0 0.507604 0 0 0 0 0 0 0.507604 -5.09427 0 1.19049 0 1.19049 0 0 0 0 0 0 0 0 0 0 0 1.19049 0 0 0 0 0 0 
0 0 0 0 0 0 0 0 0 0 0.507604 0 0 0 0 0 0 0 0 0 0 0 0 0 0 0 0 0 0 0 0 0 0 0 0.507604 0 0 0 0 0 0.507604 0 -5.09427 1.19049 0 0 1.19049 0 0 0 0 0 0 0 0 0 0 0 1.19049 0 0 0 0 0 
0 0 0 0 0 0 0 0 0 0 0 0.507604 0 0 0 0 0 0 0 0 0 0 0 0 0 0 0 0 0 0 0 0 0 0 0 0.507604 0 0 0 0 0 0.507604 0.507604 -5.20505 0 0 0 1.58732 0 0 0 0 0 0 0 0 0 0 0 1.58732 0 0 0 0 
0 0 0 0 0 0 0 0 0 0 0 0 0.507604 0 0 0 0 0 0 0 0 0 0 0 0 0 0 0 0 0 0 0 0 0 0 0 0.507604 0 0 0 0.507604 0 0 0 -5.09427 1.19049 1.19049 0 0 0 0 0 0 0 0 0 0 0 0 0 1.19049 0 0 0 
0 0 0 0 0 0 0 0 0 0 0 0 0 0.507604 0 0 0 0 0 0 0 0 0 0 0 0 0 0 0 0 0 0 0 0 0 0 0 0.507604 0 0 0 0.507604 0 0 0.507604 -5.20505 0 1.58732 0 0 0 0 0 0 0 0 0 0 0 0 0 1.58732 0 0 
0 0 0 0 0 0 0 0 0 0 0 0 0 0 0.507604 0 0 0 0 0 0 0 0 0 0 0 0 0 0 0 0 0 0 0 0 0 0 0 0.507604 0 0 0 0.507604 0 0.507604 0 -5.20505 1.58732 0 0 0 0 0 0 0 0 0 0 0 0 0 0 1.58732 0 
0 0 0 0 0 0 0 0 0 0 0 0 0 0 0 0.507604 0 0 0 0 0 0 0 0 0 0 0 0 0 0 0 0 0 0 0 0 0 0 0 0.507604 0 0 0 0.507604 0 0.507604 0.507604 -4.52216 0 0 0 0 0 0 0 0 0 0 0 0 0 0 0 1.98414 
0 0 0 0 0 0 0 0 0 0 0 0 0 0 0 0 0.507604 0 0 0 0 0 0 0 0 0 0 0 0 0 0 0 0.507604 0 0 0 0 0 0 0 0 0 0 0 0 0 0 0 -4.18984 0.793658 0.793658 0 0.793658 0 0 0 0.793658 0 0 0 0 0 0 0 
0 0 0 0 0 0 0 0 0 0 0 0 0 0 0 0 0 0.507604 0 0 0 0 0 0 0 0 0 0 0 0 0 0 0 0.507604 0 0 0 0 0 0 0 0 0 0 0 0 0 0 0.507604 -5.09427 0 1.19049 0 1.19049 0 0 0 1.19049 0 0 0 0 0 0 
0 0 0 0 0 0 0 0 0 0 0 0 0 0 0 0 0 0 0.507604 0 0 0 0 0 0 0 0 0 0 0 0 0 0 0 0.507604 0 0 0 0 0 0 0 0 0 0 0 0 0 0.507604 0 -5.09427 1.19049 0 0 1.19049 0 0 0 1.19049 0 0 0 0 0 
0 0 0 0 0 0 0 0 0 0 0 0 0 0 0 0 0 0 0 0.507604 0 0 0 0 0 0 0 0 0 0 0 0 0 0 0 0.507604 0 0 0 0 0 0 0 0 0 0 0 0 0 0.507604 0.507604 -5.20505 0 0 0 1.58732 0 0 0 1.58732 0 0 0 0 
0 0 0 0 0 0 0 0 0 0 0 0 0 0 0 0 0 0 0 0 0.507604 0 0 0 0 0 0 0 0 0 0 0 0 0 0 0 0.507604 0 0 0 0 0 0 0 0 0 0 0 0.507604 0 0 0 -5.09427 1.19049 1.19049 0 0 0 0 0 1.19049 0 0 0 
0 0 0 0 0 0 0 0 0 0 0 0 0 0 0 0 0 0 0 0 0 0.507604 0 0 0 0 0 0 0 0 0 0 0 0 0 0 0 0.507604 0 0 0 0 0 0 0 0 0 0 0 0.507604 0 0 0.507604 -5.20505 0 1.58732 0 0 0 0 0 1.58732 0 0 
0 0 0 0 0 0 0 0 0 0 0 0 0 0 0 0 0 0 0 0 0 0 0.507604 0 0 0 0 0 0 0 0 0 0 0 0 0 0 0 0.507604 0 0 0 0 0 0 0 0 0 0 0 0.507604 0 0.507604 0 -5.20505 1.58732 0 0 0 0 0 0 1.58732 0 
0 0 0 0 0 0 0 0 0 0 0 0 0 0 0 0 0 0 0 0 0 0 0 0.507604 0 0 0 0 0 0 0 0 0 0 0 0 0 0 0 0.507604 0 0 0 0 0 0 0 0 0 0 0 0.507604 0 0.507604 0.507604 -4.52216 0 0 0 0 0 0 0 1.98414 
0 0 0 0 0 0 0 0 0 0 0 0 0 0 0 0 0 0 0 0 0 0 0 0 0.507604 0 0 0 0 0 0 0 0 0 0 0 0 0 0 0 0.507604 0 0 0 0 0 0 0 0.507604 0 0 0 0 0 0 0 -5.09427 1.19049 1.19049 0 1.19049 0 0 0 
0 0 0 0 0 0 0 0 0 0 0 0 0 0 0 0 0 0 0 0 0 0 0 0 0 0.507604 0 0 0 0 0 0 0 0 0 0 0 0 0 0 0 0.507604 0 0 0 0 0 0 0 0.507604 0 0 0 0 0 0 0.507604 -5.20505 0 1.58732 0 1.58732 0 0 
0 0 0 0 0 0 0 0 0 0 0 0 0 0 0 0 0 0 0 0 0 0 0 0 0 0 0.507604 0 0 0 0 0 0 0 0 0 0 0 0 0 0 0 0.507604 0 0 0 0 0 0 0 0.507604 0 0 0 0 0 0.507604 0 -5.20505 1.58732 0 0 1.58732 0 
0 0 0 0 0 0 0 0 0 0 0 0 0 0 0 0 0 0 0 0 0 0 0 0 0 0 0 0.507604 0 0 0 0 0 0 0 0 0 0 0 0 0 0 0 0.507604 0 0 0 0 0 0 0 0.507604 0 0 0 0 0 0.507604 0.507604 -4.52216 0 0 0 1.98414 
0 0 0 0 0 0 0 0 0 0 0 0 0 0 0 0 0 0 0 0 0 0 0 0 0 0 0 0 0.507604 0 0 0 0 0 0 0 0 0 0 0 0 0 0 0 0.507604 0 0 0 0 0 0 0 0.507604 0 0 0 0.507604 0 0 0 -5.20505 1.58732 1.58732 0 
0 0 0 0 0 0 0 0 0 0 0 0 0 0 0 0 0 0 0 0 0 0 0 0 0 0 0 0 0 0.507604 0 0 0 0 0 0 0 0 0 0 0 0 0 0 0 0.507604 0 0 0 0 0 0 0 0.507604 0 0 0 0.507604 0 0 0.507604 -4.52216 0 1.98414 
0 0 0 0 0 0 0 0 0 0 0 0 0 0 0 0 0 0 0 0 0 0 0 0 0 0 0 0 0 0 0.507604 0 0 0 0 0 0 0 0 0 0 0 0 0 0 0 0.507604 0 0 0 0 0 0 0 0.507604 0 0 0 0.507604 0 0.507604 0 -4.52216 1.98414 
0 0 0 0 0 0 0 0 0 0 0 0 0 0 0 0 0 0 0 0 0 0 0 0 0 0 0 0 0 0 0 0.507604 0 0 0 0 0 0 0 0 0 0 0 0 0 0 0 0.507604 0 0 0 0 0 0 0 0.507604 0 0 0 0.507604 0 0.507604 0.507604 -3.04562 
