64
-0 0 0 0 0 0 0 0 0 0 0 0 0 0 0 0 0 0 0 0 0 0 0 0 0 0 0 0 0 0 0 0 0 0 0 0 0 0 0 0 0 0 0 0 0 0 0 0 0 0 0 0 0 0 0 0 0 0 0 0 0 0 0 0 
0.505334 -2.49206 0 0.397344 0 0.397344 0 0 0 0.397344 0 0 0 0 0 0 0 0.397344 0 0 0 0 0 0 0 0 0 0 0 0 0 0 0 0.397344 0 0 0 0 0 0 0 0 0 0 0 0 0 0 0 0 0 0 0 0 0 0 0 0 0 0 0 0 0 0 
0.505334 0 -2.49206 0.397344 0 0 0.397344 0 0 0 0.397344 0 0 0 0 0 0 0 0.397344 0 0 0 0 0 0 0 0 0 0 0 0 0 0 0 0.397344 0 0 0 0 0 0 0 0 0 0 0 0 0 0 0 0 0 0 0 0 0 0 0 0 0 0 0 0 0 
0 0.505334 0.505334 -4.18942 0 0 0 0.794689 0 0 0 0.794689 0 0 0 0 0 0 0 0.794689 0 0 0 0 0 0 0 0 0 0 0 0 0 0 0 0.794689 0 0 0 0 0 0 0 0 0 0 0 0 0 0 0 0 0 0 0 0 0 0 0 0 0 0 0 0 
0.505334 0 0 0 -2.49206 0.397344 0.397344 0 0 0 0 0 0.397344 0 0 0 0 0 0 0 0.397344 0 0 0 0 0 0 0 0 0 0 0 0 0 0 0 0.397344 0 0 0 0 0 0 0 0 0 0 0 0 0 0 0 0 0 0 0 0 0 0 0 0 0 0 0 
0 0.505334 0 0 0.505334 -4.18942 0 0.794689 0 0 0 0 0 0.794689 0 0 0 0 0 0 0 0.794689 0 0 0 0 0 0 0 0 0 0 0 0 0 0 0 0.794689 0 0 0 0 0 0 0 0 0 0 0 0 0 0 0 0 0 0 0 0 0 0 0 0 0 0 
0 0 0.505334 0 0.505334 0 -4.18942 0.794689 0 0 0 0 0 0 0.794689 0 0 0 0 0 0 0 0.794689 0 0 0 0 0 0 0 0 0 0 0 0 0 0 0 0.794689 0 0 0 0 0 0 0 0 0 0 0 0 0 0 0 0 0 0 0 0 0 0 0 0 0 
0 0 0 0.505334 0 0.505334 0.505334 -5.0921 0 0 0 0 0 0 0 1.19203 0 0 0 0 0 0 0 1.19203 0 0 0 0 0 0 0 0 0 0 0 0 0 0 0 1.19203 0 0 0 0 0 0 0 0 0 0 0 0 0 0 0 0 0 0 0 0 0 0 0 0 
0.505334 0 0 0 0 0 0 0 -2.49206 0.397344 0.397344 0 0.397344 0 0 0 0 0 0 0 0 0 0 0 0.397344 0 0 0 0 0 0 0 0 0 0 0 0 0 0 0 0.397344 0 0 0 0 0 0 0 0 0 0 0 0 0 0 0 0 0 0 0 0 0 0 0 
0 0.505334 0 0 0 0 0 0 0.505334 -4.18942 0 0.794689 0 0.794689 0 0 0 0 0 0 0 0 0 0 0 0.794689 0 0 0 0 0 0 0 0 0 0 0 0 0 0 0 0.794689 0 0 0 0 0 0 0 0 0 0 0 0 0 0 0 0 0 0 0 0 0 0 
0 0 0.505334 0 0 0 0 0 0.505334 0 -4.18942 0.794689 0 0 0.794689 0 0 0 0 0 0 0 0 0 0 0 0.794689 0 0 0 0 0 0 0 0 0 0 0 0 0 0 0 0.794689 0 0 0 0 0 0 0 0 0 0 0 0 0 0 0 0 0 0 0 0 0 
0 0 0 0.505334 0 0 0 0 0 0.505334 0.505334 -5.0921 0 0 0 1.19203 0 0 0 0 0 0 0 0 0 0 0 1.19203 0 0 0 0 0 0 0 0 0 0 0 0 0 0 0 1.19203 0 0 0 0 0 0 0 0 0 0 0 0 0 0 0 0 0 0 0 0 
0 0 0 0 0.505334 0 0 0 0.505334 0 0 0 -4.18942 0.794689 0.794689 0 0 0 0 0 0 0 0 0 0 0 0 0 0.794689 0 0 0 0 0 0 0 0 0 0 0 0 0 0 0 0.794689 0 0 0 0 0 0 0 0 0 0 0 0 0 0 0 0 0 0 0 
0 0 0 0 0 0.505334 0 0 0 0.505334 0 0 0.505334 -5.0921 0 1.19203 0 0 0 0 0 0 0 0 0 0 0 0 0 1.19203 0 0 0 0 0 0 0 0 0 0 0 0 0 0 0 1.19203 0 0 0 0 0 0 0 0 0 0 0 0 0 0 0 0 0 0 
0 0 0 0 0 0 0.505334 0 0 0 0.505334 0 0.505334 0 -5.0921 1.19203 0 0 0 0 0 0 0 0 0 0 0 0 0 0 1.19203 0 0 0 0 0 0 0 0 0 0 0 0 0 0 0 1.19203 0 0 0 0 0 0 0 0 0 0 0 0 0 0 0 0 0 
0 0 0 0 0 0 0 0.505334 0 0 0 0.505334 0 0.505334 0.505334 -5.20009 0 0 0 0 0 0 0 0 0 0 0 0 0 0 0 1.58938 0 0 0 0 0 0 0 0 0 0 0 0 0 0 0 1.58938 0 0 0 0 0 0 0 0 0 0 0 0 0 0 0 0 
0.505334 0 0 0 0 0 0 0 0 0 0 0 0 0 0 0 -2.49206 0.397344 0.397344 0 0.397344 0 0 0 0.397344 0 0 0 0 0 0 0 0 0 0 0 0 0 0 0 0 0 0 0 0 0 0 0 0.397344 0 0 0 0 0 0 0 0 0 0 0 0 0 0 0 
0 0.505334 0 0 0 0 0 0 0 0 0 0 0 0 0 0 0.505334 -4.18942 0 0.794689 0 0.794689 0 0 0 0.794689 0 0 0 0 0 0 0 0 0 0 0 0 0 0 0 0 0 0 0 0 0 0 0 0.794689 0 0 0 0 0 0 0 0 0 0 0 0 0 0 
0 0 0.505334 0 0 0 0 0 0 0 0 0 0 0 0 0 0.505334 0 -4.18942 0.794689 0 0 0.794689 0 0 0 0.794689 0 0 0 0 0 0 0 0 0 0 0 0 0 0 0 0 0 0 0 0 0 0 0 0.794689 0 0 0 0 0 0 0 0 0 0 0 0 0 
0 0 0 0.505334 0 0 0 0 0 0 0 0 0 0 0 0 0 0.505334 0.505334 -5.0921 0 0 0 1.19203 0 0 0 1.19203 0 0 0 0 0 0 0 0 0 0 0 0 0 0 0 0 0 0 0 0 0 0 0 1.19203 0 0 0 0 0 0 0 0 0 0 0 0 
0 0 0 0 0.505334 0 0 0 0 0 0 0 0 0 0 0 0.505334 0 0 0 -4.18942 0.794689 0.794689 0 0 0 0 0 0.794689 0 0 0 0 0 0 0 0 0 0 0 0 0 0 0 0 0 0 0 0 0 0 0 0.794689 0 0 0 0 0 0 0 0 0 0 0 
0 0 0 0 0 0.505334 0 0 0 0 0 0 0 0 0 0 0 0.505334 0 0 0.505334 -5.0921 0 1.19203 0 0 0 0 0 1.19203 0 0 0 0 0 0 0 0 0 0 0 0 0 0 0 0 0 0 0 0 0 0 0 1.19203 0 0 0 0 0 0 0 0 0 0 
0 0 0 0 0 0 0.505334 0 0 0 0 0 0 0 0 0 0 0 0.505334 0 0.505334 0 -5.0921 1.19203 0 0 0 0 0 0 1.19203 0 0 0 0 0 0 0 0 0 0 0 0 0 0 0 0 0 0 0 0 0 0 0 1.19203 0 0 0 0 0 0 0 0 0 
0 0 0 0 0 0 0 0.505334 0 0 0 0 0 0 0 0 0 0 0 0.505334 0 0.505334 0.505334 -5.20009 0 0 0 0 0 0 0 1.58938 0 0 0 0 0 0 0 0 0 0 0 0 0 0 0 0 0 0 0 0 0 0 0 1.58938 0 0 0 0 0 0 0 0 
0 0 0 0 0 0 0 0 0.505334 0 0 0 0 0 0 0 0.505334 0 0 0 0 0 0 0 -4.18942 0.794689 0.794689 0 0.794689 0 0 0 0 0 0 0 0 0 0 0 0 0 0 0 0 0 0 0 0 0 0 0 0 0 0 0 0.794689 0 0 0 0 0 0 0 
0 0 0 0 0 0 0 0 0 0.505334 0 0 0 0 0 0 0 0.505334 0 0 0 0 0 0 0.505334 -5.0921 0 1.19203 0 1.19203 0 0 0 0 0 0 0 0 0 0 0 0 0 0 0 0 0 0 0 0 0 0 0 0 0 0 0 1.19203 0 0 0 0 0 0 
0 0 0 0 0 0 0 0 0 0 0.505334 0 0 0 0 0 0 0 0.505334 0 0 0 0 0 0.505334 0 -5.0921 1.19203 0 0 1.19203 0 0 0 0 0 0 0 0 0 0 0 0 0 0 0 0 0 0 0 0 0 0 0 0 0 0 0 1.19203 0 0 0 0 0 
0 0 0 0 0 0 0 0 0 0 0 0.505334 0 0 0 0 0 0 0 0.505334 0 0 0 0 0 0.505334 0.505334 -5.20009 0 0 0 1.58938 0 0 0 0 0 0 0 0 0 0 0 0 0 0 0 0 0 0 0 0 0 0 0 0 0 0 0 1.58938 0 0 0 0 
0 0 0 0 0 0 0 0 0 0 0 0 0.505334 0 0 0 0 0 0 0 0.505334 0 0 0 0.505334 0 0 0 -5.0921 1.19203 1.19203 0 0 0 0 0 0 0 0 0 0 0 0 0 0 0 0 0 0 0 0 0 0 0 0 0 0 0 0 0 1.19203 0 0 0 
0 0 0 0 0 0 0 0 0 0 0 0 0 0.505334 0 0 0 0 0 0 0 0.505334 0 0 0 0.505334 0 0 0.505334 -5.20009 0 1.58938 0 0 0 0 0 0 0 0 0 0 0 0 0 0 0 0 0 0 0 0 0 0 0 0 0 0 0 0 0 1.58938 0 0 
0 0 0 0 0 0 0 0 0 0 0 0 0 0 0.505334 0 0 0 0 0 0 0 0.505334 0 0 0 0.505334 0 0.505334 0 -5.20009 1.58938 0 0 0 0 0 0 0 0 0 0 0 0 0 0 0 0 0 0 0 0 0 0 0 0 0 0 0 0 0 0 1.58938 0 
0 0 0 0 0 0 0 0 0 0 0 0 0 0 0 0.505334 0 0 0 0 0 0 0 0.505334 0 0 0 0.505334 0 0.505334 0.505334 -4.51339 0 0 0 0 0 0 0 0 0 0 0 0 0 0 0 0 0 0 0 0 0 0 0 0 0 0 0 0 0 0 0 1.98672 
0.505334 0 0 0 0 0 0 0 0 0 0 0 0 0 0 0 0 0 0 0 0 0 0 0 0 0 0 0 0 0 0 0 -2.49206 0.397344 0.397344 0 0.397344 0 0 0 0.397344 0 0 0 0 0 0 0 0.397344 0 0 0 0 0 0 0 0 0 0 0 0 0 0 0 
0 0.505334 0 0 0 0 0 0 0 0 0 0 0 0 0 0 0 0 0 0 0 0 0 0 0 0 0 0 0 0 0 0 0.505334 -4.18942 0 0.794689 0 0.794689 0 0 0 0.794689 0 0 0 0 0 0 0 0.794689 0 0 0 0 0 0 0 0 0 0 0 0 0 0 
0 0 0.505334 0 0 0 0 0 0 0 0 0 0 0 0 0 0 0 0 0 0 0 0 0 0 0 0 0 0 0 0 0 0.505334 0 -4.18942 0.794689 0 0 0.794689 0 0 0 0.794689 0 0 0 0 0 0 0 0.794689 0 0 0 0 0 0 0 0 0 0 0 0 0 
0 0 0 0.505334 0 0 0 0 0 0 0 0 0 0 0 0 0 0 0 0 0 0 0 0 0 0 0 0 0 0 0 0 0 0.505334 0.505334 -5.0921 0 0 0 1.19203 0 0 0 1.19203 0 0 0 0 0 0 0 1.19203 0 0 0 0 0 0 0 0 0 0 0 0 
0 0 0 0 0.505334 0 0 0 0 0 0 0 0 0 0 0 0 0 0 0 0 0 0 0 0 0 0 0 0 0 0 0 0.505334 0 0 0 -4.18942 0.794689 0.794689 0 0 0 0 0 0.794689 0 0 0 0 0 0 0 0.794689 0 0 0 0 0 0 0 0 0 0 0 
0 0 0 0 0 0.505334 0 0 0 0 0 0 0 0 0 0 0 0 0 0 0 0 0 0 0 0 0 0 0 0 0 0 0 0.505334 0 0 0.505334 -5.0921 0 1.19203 0 0 0 0 0 1.19203 0 0 0 0 0 0 0 1.19203 0 0 0 0 0 0 0 0 0 0 
0 0 0 0 0 0 0.505334 0 0 0 0 0 0 0 0 0 0 0 0 0 0 0 0 0 0 0 0 0 0 0 0 0 0 0 0.505334 0 0.505334 0 -5.0921 1.19203 0 0 0 0 0 0 1.19203 0 0 0 0 0 0 0 1.19203 0 0 0 0 0 0 0 0 0 
0 0 0 0 0 0 0 0.505334 0 0 0 0 0 0 0 0 0 0 0 0 0 0 0 0 0 0 0 0 0 0 0 0 0 0 0 0.505334 0 0.505334 0.505334 -5.20009 0 0 0 0 0 0 0 1.58938 0 0 0 0 0 0 0 1.58938 0 0 0 0 0 0 0 0 
0 0 0 0 0 0 0 0 0.505334 0 0 0 0 0 0 0 0 0 0 0 0 0 0 0 0 0 0 0 0 0 0 0 0.505334 0 0 0 0 0 0 0 -4.18942 0.794689 0.794689 0 0.794689 0 0 0 0 0 0 0 0 0 0 0 0.794689 0 0 0 0 0 0 0 
0 0 0 0 0 0 0 0 0 0.505334 0 0 0 0 0 0 0 0 0 0 0 0 0 0 0 0 0 0 0 0 0 0 0 0.505334 0 0 0 0 0 0 0.505334 -5.0921 0 1.19203 0 1.19203 0 0 0 0 0 0 0 0 0 0 0 1.19203 0 0 0 0 0 0 
0 0 0 0 0 0 0 0 0 0 0.505334 0 0 0 0 0 0 0 0 0 0 0 0 0 0 0 0 0 0 0 0 0 0 0 0.505334 0 0 0 0 0 0.505334 0 -5.0921 1.19203 0 0 1.19203 0 0 0 0 0 0 0 0 0 0 0 1.19203 0 0 0 0 0 
0 0 0 0 0 0 0 0 0 0 0 0.505334 0 0 0 0 0 0 0 0 0 0 0 0 0 0 0 0 0 0 0 0 0 0 0 0.505334 0 0 0 0 0 0.505334 0.505334 -5.20009 0 0 0 1.58938 0 0 0 0 0 0 0 0 0 0 0 1.58938 0 0 0 0 
0 0 0 0 0 0 0 0 0 0 0 0 0.505334 0 0 0 0 0 0 0 0 0 0 0 0 0 0 0 0 0 0 0 0 0 0 0 0.505334 0 0 0 0.505334 0 0 0 -5.0921 1.19203 1.19203 0 0 0 0 0 0 0 0 0 0 0 0 0 1.19203 0 0 0 
0 0 0 0 0 0 0 0 0 0 0 0 0 0.505334 0 0 0 0 0 0 0 0 0 0 0 0 0 0 0 0 0 0 0 0 0 0 0 0.505334 0 0 0 0.505334 0 0 0.505334 -5.20009 0 1.58938 0 0 0 0 0 0 0 0 0 0 0 0 0 1.58938 0 0 
0 0 0 0 0 0 0 0 0 0 0 0 0 0 0.505334 0 0 0 0 0 0 0 0 0 0 0 0 0 0 0 0 0 0 0 0 0 0 0 0.505334 0 0 0 0.505334 0 0.505334 0 -5.20009 1.58938 0 0 0 0 0 0 0 0 0 0 0 0 0 0 1.58938 0 
0 0 0 0 0 0 0 0 0 0 0 0 0 0 0 0.505334 0 0 0 0 0 0 0 0 0 0 0 0 0 0 0 0 0 0 0 0 0 0 0 0.505334 0 0 0 0.505334 0 0.505334 0.505334 -4.51339 0 0 0 0 0 0 0 0 0 0 0 0 0 0 0 1.98672 
0 0 0 0 0 0 0 0 0 0 0 0 0 0 0 0 0.505334 0 0 0 0 0 0 0 0 0 0 0 0 0 0 0 0.505334 0 0 0 0 0 0 0 0 0 0 0 0 0 0 0 -4.18942 0.794689 0.794689 0 0.794689 0 0 0 0.794689 0 0 0 0 0 0 0 
0 0 0 0 0 0 0 0 0 0 0 0 0 0 0 0 0 0.505334 0 0 0 0 0 0 0 0 0 0 0 0 0 0 0 0.505334 0 0 0 0 0 0 0 0 0 0 0 0 0 0 0.505334 -5.0921 0 1.19203 0 1.19203 0 0 0 1.19203 0 0 0 0 0 0 
0 0 0 0 0 0 0 0 0 0 0 0 0 0 0 0 0 0 0.505334 0 0 0 0 0 0 0 0 0 0 0 0 0 0 0 0.505334 0 0 0 0 0 0 0 0 0 0 0 0 0 0.505334 0 -5.0921 1.19203 0 0 1.19203 0 0 0 1.19203 0 0 0 0 0 
0 0 0 0 0 0 0 0 0 0 0 0 0 0 0 0 0 0 0 0.505334 0 0 0 0 0 0 0 0 0 0 0 0 0 0 0 0.505334 0 0 0 0 0 0 0 0 0 0 0 0 0 0.505334 0.505334 -5.20009 0 0 0 1.58938 0 0 0 1.58938 0 0 0 0 
0 0 0 0 0 0 0 0 0 0 0 0 0 0 0 0 0 0 0 0 0.505334 0 0 0 0 0 0 0 0 0 0 0 0 0 0 0 0.505334 0 0 0 0 0 0 0 0 0 0 0 0.505334 0 0 0 -5.0921 1.19203 1.19203 0 0 0 0 0 1.19203 0 0 0 
0 0 0 0 0 0 0 0 0 0 0 0 0 0 0 0 0 0 0 0 0 0.505334 0 0 0 0 0 0 0 0 0 0 0 0 0 0 0 0.505334 0 0 0 0 0 0 0 0 0 0 0 0.505334 0 0 0.505334 -5.20009 0 1.58938 0 0 0 0 0 1.58938 0 0 
0 0 0 0 0 0 0 0 0 0 0 0 0 0 0 0 0 0 0 0 0 0 0.505334 0 0 0 0 0 0 0 0 0 0 0 0 0 0 0 0.505334 0 0 0 0 0 0 0 0 0 0 0 0.505334 0 0.505334 0 -5.20009 1.58938 0 0 0 0 0 0 1.58938 0 
0 0 0 0 0 0 0 0 0 0 0 0 0 0 0 0 0 0 0 0 0 0 0 0.505334 0 0 0 0 0 0 0 0 0 0 0 0 0 0 0 0.505334 0 0 0 0 0 0 0 0 0 0 0 0.505334 0 0.505334 0.505334 -4.51339 0 0 0 0 0 0 0 1.98672 
0 0 0 0 0 0 0 0 0 0 0 0 0 0 0 0 0 0 0 0 0 0 0 0 0.505334 0 0 0 0 0 0 0 0 0 0 0 0 0 0 0 0.505334 0 0 0 0 0 0 0 0.505334 0 0 0 0 0 0 0 -5.0921 1.19203 1.19203 0 1.19203 0 0 0 
0 0 0 0 0 0 0 0 0 0 0 0 0 0 0 0 0 0 0 0 0 0 0 0 0 0.505334 0 0 0 0 0 0 0 0 0 0 0 0 0 0 0 0.505334 0 0 0 0 0 0 0 0.505334 0 0 0 0 0 0 0.505334 -5.20009 0 1.58938 0 1.58938 0 0 
0 0 0 0 0 0 0 0 0 0 0 0 0 0 0 0 0 0 0 0 0 0 0 0 0 0 0.505334 0 0 0 0 0 0 0 0 0 0 0 0 0 0 0 0.505334 0 0 0 0 0 0 0 0.505334 0 0 0 0 0 0.505334 0 -5.20009 1.58938 0 0 1.58938 0 
0 0 0 0 0 0 0 0 0 0 0 0 0 0 0 0 0 0 0 0 0 0 0 0 0 0 0 0.505334 0 0 0 0 0 0 0 0 0 0 0 0 0 0 0 0.505334 0 0 0 0 0 0 0 0.505334 0 0 0 0 0 0.505334 0.505334 -4.51339 0 0 0 1.98672 
0 0 0 0 0 0 0 0 0 0 0 0 0 0 0 0 0 0 0 0 0 0 0 0 0 0 0 0 0.505334 0 0 0 0 0 0 0 0 0 0 0 0 0 0 0 0.505334 0 0 0 0 0 0 0 0.505334 0 0 0 0.505334 0 0 0 -5.20009 1.58938 1.58938 0 
0 0 0 0 0 0 0 0 0 0 0 0 0 0 0 0 0 0 0 0 0 0 0 0 0 0 0 0 0 0.505334 0 0 0 0 0 0 0 0 0 0 0 0 0 0 0 0.505334 0 0 0 0 0 0 0 0.505334 0 0 0 0.505334 0 0 0.505334 -4.51339 0 1.98672 
0 0 0 0 0 0 0 0 0 0 0 0 0 0 0 0 0 0 0 0 0 0 0 0 0 0 0 0 0 0 0.505334 0 0 0 0 0 0 0 0 0 0 0 0 0 0 0 0.505334 0 0 0 0 0 0 0 0.505334 0 0 0 0.505334 0 0.505334 0 -4.51339 1.98672 
0 0 0 0 0 0 0 0 0 0 0 0 0 0 0 0 0 0 0 0 0 0 0 0 0 0 0 0 0 0 0 0.505334 0 0 0 0 0 0 0 0 0 0 0 0 0 0 0 0.505334 0 0 0 0 0 0 0 0.505334 0 0 0 0.505334 0 0.505334 0.505334 -3.03201 
