64
-0 0 0 0 0 0 0 0 0 0 0 0 0 0 0 0 0 0 0 0 0 0 0 0 0 0 0 0 0 0 0 0 0 0 0 0 0 0 0 0 0 0 0 0 0 0 0 0 0 0 0 0 0 0 0 0 0 0 0 0 0 0 0 0 
0.440906 -2.32842 0 0.377503 0 0.377503 0 0 0 0.377503 0 0 0 0 0 0 0 0.377503 0 0 0 0 0 0 0 0 0 0 0 0 0 0 0 0.377503 0 0 0 0 0 0 0 0 0 0 0 0 0 0 0 0 0 0 0 0 0 0 0 0 0 0 0 0 0 0 
0.440906 0 -2.32842 0.377503 0 0 0.377503 0 0 0 0.377503 0 0 0 0 0 0 0 0.377503 0 0 0 0 0 0 0 0 0 0 0 0 0 0 0 0.377503 0 0 0 0 0 0 0 0 0 0 0 0 0 0 0 0 0 0 0 0 0 0 0 0 0 0 0 0 0 
0 0.440906 0.440906 -3.90184 0 0 0 0.755007 0 0 0 0.755007 0 0 0 0 0 0 0 0.755007 0 0 0 0 0 0 0 0 0 0 0 0 0 0 0 0.755007 0 0 0 0 0 0 0 0 0 0 0 0 0 0 0 0 0 0 0 0 0 0 0 0 0 0 0 0 
0.440906 0 0 0 -2.32842 0.377503 0.377503 0 0 0 0 0 0.377503 0 0 0 0 0 0 0 0.377503 0 0 0 0 0 0 0 0 0 0 0 0 0 0 0 0.377503 0 0 0 0 0 0 0 0 0 0 0 0 0 0 0 0 0 0 0 0 0 0 0 0 0 0 0 
0 0.440906 0 0 0.440906 -3.90184 0 0.755007 0 0 0 0 0 0.755007 0 0 0 0 0 0 0 0.755007 0 0 0 0 0 0 0 0 0 0 0 0 0 0 0 0.755007 0 0 0 0 0 0 0 0 0 0 0 0 0 0 0 0 0 0 0 0 0 0 0 0 0 0 
0 0 0.440906 0 0.440906 0 -3.90184 0.755007 0 0 0 0 0 0 0.755007 0 0 0 0 0 0 0 0.755007 0 0 0 0 0 0 0 0 0 0 0 0 0 0 0 0.755007 0 0 0 0 0 0 0 0 0 0 0 0 0 0 0 0 0 0 0 0 0 0 0 0 0 
0 0 0 0.440906 0 0.440906 0.440906 -4.72025 0 0 0 0 0 0 0 1.13251 0 0 0 0 0 0 0 1.13251 0 0 0 0 0 0 0 0 0 0 0 0 0 0 0 1.13251 0 0 0 0 0 0 0 0 0 0 0 0 0 0 0 0 0 0 0 0 0 0 0 0 
0.440906 0 0 0 0 0 0 0 -2.32842 0.377503 0.377503 0 0.377503 0 0 0 0 0 0 0 0 0 0 0 0.377503 0 0 0 0 0 0 0 0 0 0 0 0 0 0 0 0.377503 0 0 0 0 0 0 0 0 0 0 0 0 0 0 0 0 0 0 0 0 0 0 0 
0 0.440906 0 0 0 0 0 0 0.440906 -3.90184 0 0.755007 0 0.755007 0 0 0 0 0 0 0 0 0 0 0 0.755007 0 0 0 0 0 0 0 0 0 0 0 0 0 0 0 0.755007 0 0 0 0 0 0 0 0 0 0 0 0 0 0 0 0 0 0 0 0 0 0 
0 0 0.440906 0 0 0 0 0 0.440906 0 -3.90184 0.755007 0 0 0.755007 0 0 0 0 0 0 0 0 0 0 0 0.755007 0 0 0 0 0 0 0 0 0 0 0 0 0 0 0 0.755007 0 0 0 0 0 0 0 0 0 0 0 0 0 0 0 0 0 0 0 0 0 
0 0 0 0.440906 0 0 0 0 0 0.440906 0.440906 -4.72025 0 0 0 1.13251 0 0 0 0 0 0 0 0 0 0 0 1.13251 0 0 0 0 0 0 0 0 0 0 0 0 0 0 0 1.13251 0 0 0 0 0 0 0 0 0 0 0 0 0 0 0 0 0 0 0 0 
0 0 0 0 0.440906 0 0 0 0.440906 0 0 0 -3.90184 0.755007 0.755007 0 0 0 0 0 0 0 0 0 0 0 0 0 0.755007 0 0 0 0 0 0 0 0 0 0 0 0 0 0 0 0.755007 0 0 0 0 0 0 0 0 0 0 0 0 0 0 0 0 0 0 0 
0 0 0 0 0 0.440906 0 0 0 0.440906 0 0 0.440906 -4.72025 0 1.13251 0 0 0 0 0 0 0 0 0 0 0 0 0 1.13251 0 0 0 0 0 0 0 0 0 0 0 0 0 0 0 1.13251 0 0 0 0 0 0 0 0 0 0 0 0 0 0 0 0 0 0 
0 0 0 0 0 0 0.440906 0 0 0 0.440906 0 0.440906 0 -4.72025 1.13251 0 0 0 0 0 0 0 0 0 0 0 0 0 0 1.13251 0 0 0 0 0 0 0 0 0 0 0 0 0 0 0 1.13251 0 0 0 0 0 0 0 0 0 0 0 0 0 0 0 0 0 
0 0 0 0 0 0 0 0.440906 0 0 0 0.440906 0 0.440906 0.440906 -4.78365 0 0 0 0 0 0 0 0 0 0 0 0 0 0 0 1.51001 0 0 0 0 0 0 0 0 0 0 0 0 0 0 0 1.51001 0 0 0 0 0 0 0 0 0 0 0 0 0 0 0 0 
0.440906 0 0 0 0 0 0 0 0 0 0 0 0 0 0 0 -2.32842 0.377503 0.377503 0 0.377503 0 0 0 0.377503 0 0 0 0 0 0 0 0 0 0 0 0 0 0 0 0 0 0 0 0 0 0 0 0.377503 0 0 0 0 0 0 0 0 0 0 0 0 0 0 0 
0 0.440906 0 0 0 0 0 0 0 0 0 0 0 0 0 0 0.440906 -3.90184 0 0.755007 0 0.755007 0 0 0 0.755007 0 0 0 0 0 0 0 0 0 0 0 0 0 0 0 0 0 0 0 0 0 0 0 0.755007 0 0 0 0 0 0 0 0 0 0 0 0 0 0 
0 0 0.440906 0 0 0 0 0 0 0 0 0 0 0 0 0 0.440906 0 -3.90184 0.755007 0 0 0.755007 0 0 0 0.755007 0 0 0 0 0 0 0 0 0 0 0 0 0 0 0 0 0 0 0 0 0 0 0 0.755007 0 0 0 0 0 0 0 0 0 0 0 0 0 
0 0 0 0.440906 0 0 0 0 0 0 0 0 0 0 0 0 0 0.440906 0.440906 -4.72025 0 0 0 1.13251 0 0 0 1.13251 0 0 0 0 0 0 0 0 0 0 0 0 0 0 0 0 0 0 0 0 0 0 0 1.13251 0 0 0 0 0 0 0 0 0 0 0 0 
0 0 0 0 0.440906 0 0 0 0 0 0 0 0 0 0 0 0.440906 0 0 0 -3.90184 0.755007 0.755007 0 0 0 0 0 0.755007 0 0 0 0 0 0 0 0 0 0 0 0 0 0 0 0 0 0 0 0 0 0 0 0.755007 0 0 0 0 0 0 0 0 0 0 0 
0 0 0 0 0 0.440906 0 0 0 0 0 0 0 0 0 0 0 0.440906 0 0 0.440906 -4.72025 0 1.13251 0 0 0 0 0 1.13251 0 0 0 0 0 0 0 0 0 0 0 0 0 0 0 0 0 0 0 0 0 0 0 1.13251 0 0 0 0 0 0 0 0 0 0 
0 0 0 0 0 0 0.440906 0 0 0 0 0 0 0 0 0 0 0 0.440906 0 0.440906 0 -4.72025 1.13251 0 0 0 0 0 0 1.13251 0 0 0 0 0 0 0 0 0 0 0 0 0 0 0 0 0 0 0 0 0 0 0 1.13251 0 0 0 0 0 0 0 0 0 
0 0 0 0 0 0 0 0.440906 0 0 0 0 0 0 0 0 0 0 0 0.440906 0 0.440906 0.440906 -4.78365 0 0 0 0 0 0 0 1.51001 0 0 0 0 0 0 0 0 0 0 0 0 0 0 0 0 0 0 0 0 0 0 0 1.51001 0 0 0 0 0 0 0 0 
0 0 0 0 0 0 0 0 0.440906 0 0 0 0 0 0 0 0.440906 0 0 0 0 0 0 0 -3.90184 0.755007 0.755007 0 0.755007 0 0 0 0 0 0 0 0 0 0 0 0 0 0 0 0 0 0 0 0 0 0 0 0 0 0 0 0.755007 0 0 0 0 0 0 0 
0 0 0 0 0 0 0 0 0 0.440906 0 0 0 0 0 0 0 0.440906 0 0 0 0 0 0 0.440906 -4.72025 0 1.13251 0 1.13251 0 0 0 0 0 0 0 0 0 0 0 0 0 0 0 0 0 0 0 0 0 0 0 0 0 0 0 1.13251 0 0 0 0 0 0 
0 0 0 0 0 0 0 0 0 0 0.440906 0 0 0 0 0 0 0 0.440906 0 0 0 0 0 0.440906 0 -4.72025 1.13251 0 0 1.13251 0 0 0 0 0 0 0 0 0 0 0 0 0 0 0 0 0 0 0 0 0 0 0 0 0 0 0 1.13251 0 0 0 0 0 
0 0 0 0 0 0 0 0 0 0 0 0.440906 0 0 0 0 0 0 0 0.440906 0 0 0 0 0 0.440906 0.440906 -4.78365 0 0 0 1.51001 0 0 0 0 0 0 0 0 0 0 0 0 0 0 0 0 0 0 0 0 0 0 0 0 0 0 0 1.51001 0 0 0 0 
0 0 0 0 0 0 0 0 0 0 0 0 0.440906 0 0 0 0 0 0 0 0.440906 0 0 0 0.440906 0 0 0 -4.72025 1.13251 1.13251 0 0 0 0 0 0 0 0 0 0 0 0 0 0 0 0 0 0 0 0 0 0 0 0 0 0 0 0 0 1.13251 0 0 0 
0 0 0 0 0 0 0 0 0 0 0 0 0 0.440906 0 0 0 0 0 0 0 0.440906 0 0 0 0.440906 0 0 0.440906 -4.78365 0 1.51001 0 0 0 0 0 0 0 0 0 0 0 0 0 0 0 0 0 0 0 0 0 0 0 0 0 0 0 0 0 1.51001 0 0 
0 0 0 0 0 0 0 0 0 0 0 0 0 0 0.440906 0 0 0 0 0 0 0 0.440906 0 0 0 0.440906 0 0.440906 0 -4.78365 1.51001 0 0 0 0 0 0 0 0 0 0 0 0 0 0 0 0 0 0 0 0 0 0 0 0 0 0 0 0 0 0 1.51001 0 
0 0 0 0 0 0 0 0 0 0 0 0 0 0 0 0.440906 0 0 0 0 0 0 0 0.440906 0 0 0 0.440906 0 0.440906 0.440906 -4.09205 0 0 0 0 0 0 0 0 0 0 0 0 0 0 0 0 0 0 0 0 0 0 0 0 0 0 0 0 0 0 0 1.88752 
0.440906 0 0 0 0 0 0 0 0 0 0 0 0 0 0 0 0 0 0 0 0 0 0 0 0 0 0 0 0 0 0 0 -2.32842 0.377503 0.377503 0 0.377503 0 0 0 0.377503 0 0 0 0 0 0 0 0.377503 0 0 0 0 0 0 0 0 0 0 0 0 0 0 0 
0 0.440906 0 0 0 0 0 0 0 0 0 0 0 0 0 0 0 0 0 0 0 0 0 0 0 0 0 0 0 0 0 0 0.440906 -3.90184 0 0.755007 0 0.755007 0 0 0 0.755007 0 0 0 0 0 0 0 0.755007 0 0 0 0 0 0 0 0 0 0 0 0 0 0 
0 0 0.440906 0 0 0 0 0 0 0 0 0 0 0 0 0 0 0 0 0 0 0 0 0 0 0 0 0 0 0 0 0 0.440906 0 -3.90184 0.755007 0 0 0.755007 0 0 0 0.755007 0 0 0 0 0 0 0 0.755007 0 0 0 0 0 0 0 0 0 0 0 0 0 
0 0 0 0.440906 0 0 0 0 0 0 0 0 0 0 0 0 0 0 0 0 0 0 0 0 0 0 0 0 0 0 0 0 0 0.440906 0.440906 -4.72025 0 0 0 1.13251 0 0 0 1.13251 0 0 0 0 0 0 0 1.13251 0 0 0 0 0 0 0 0 0 0 0 0 
0 0 0 0 0.440906 0 0 0 0 0 0 0 0 0 0 0 0 0 0 0 0 0 0 0 0 0 0 0 0 0 0 0 0.440906 0 0 0 -3.90184 0.755007 0.755007 0 0 0 0 0 0.755007 0 0 0 0 0 0 0 0.755007 0 0 0 0 0 0 0 0 0 0 0 
0 0 0 0 0 0.440906 0 0 0 0 0 0 0 0 0 0 0 0 0 0 0 0 0 0 0 0 0 0 0 0 0 0 0 0.440906 0 0 0.440906 -4.72025 0 1.13251 0 0 0 0 0 1.13251 0 0 0 0 0 0 0 1.13251 0 0 0 0 0 0 0 0 0 0 
0 0 0 0 0 0 0.440906 0 0 0 0 0 0 0 0 0 0 0 0 0 0 0 0 0 0 0 0 0 0 0 0 0 0 0 0.440906 0 0.440906 0 -4.72025 1.13251 0 0 0 0 0 0 1.13251 0 0 0 0 0 0 0 1.13251 0 0 0 0 0 0 0 0 0 
0 0 0 0 0 0 0 0.440906 0 0 0 0 0 0 0 0 0 0 0 0 0 0 0 0 0 0 0 0 0 0 0 0 0 0 0 0.440906 0 0.440906 0.440906 -4.78365 0 0 0 0 0 0 0 1.51001 0 0 0 0 0 0 0 1.51001 0 0 0 0 0 0 0 0 
0 0 0 0 0 0 0 0 0.440906 0 0 0 0 0 0 0 0 0 0 0 0 0 0 0 0 0 0 0 0 0 0 0 0.440906 0 0 0 0 0 0 0 -3.90184 0.755007 0.755007 0 0.755007 0 0 0 0 0 0 0 0 0 0 0 0.755007 0 0 0 0 0 0 0 
0 0 0 0 0 0 0 0 0 0.440906 0 0 0 0 0 0 0 0 0 0 0 0 0 0 0 0 0 0 0 0 0 0 0 0.440906 0 0 0 0 0 0 0.440906 -4.72025 0 1.13251 0 1.13251 0 0 0 0 0 0 0 0 0 0 0 1.13251 0 0 0 0 0 0 
0 0 0 0 0 0 0 0 0 0 0.440906 0 0 0 0 0 0 0 0 0 0 0 0 0 0 0 0 0 0 0 0 0 0 0 0.440906 0 0 0 0 0 0.440906 0 -4.72025 1.13251 0 0 1.13251 0 0 0 0 0 0 0 0 0 0 0 1.13251 0 0 0 0 0 
0 0 0 0 0 0 0 0 0 0 0 0.440906 0 0 0 0 0 0 0 0 0 0 0 0 0 0 0 0 0 0 0 0 0 0 0 0.440906 0 0 0 0 0 0.440906 0.440906 -4.78365 0 0 0 1.51001 0 0 0 0 0 0 0 0 0 0 0 1.51001 0 0 0 0 
0 0 0 0 0 0 0 0 0 0 0 0 0.440906 0 0 0 0 0 0 0 0 0 0 0 0 0 0 0 0 0 0 0 0 0 0 0 0.440906 0 0 0 0.440906 0 0 0 -4.72025 1.13251 1.13251 0 0 0 0 0 0 0 0 0 0 0 0 0 1.13251 0 0 0 
0 0 0 0 0 0 0 0 0 0 0 0 0 0.440906 0 0 0 0 0 0 0 0 0 0 0 0 0 0 0 0 0 0 0 0 0 0 0 0.440906 0 0 0 0.440906 0 0 0.440906 -4.78365 0 1.51001 0 0 0 0 0 0 0 0 0 0 0 0 0 1.51001 0 0 
0 0 0 0 0 0 0 0 0 0 0 0 0 0 0.440906 0 0 0 0 0 0 0 0 0 0 0 0 0 0 0 0 0 0 0 0 0 0 0 0.440906 0 0 0 0.440906 0 0.440906 0 -4.78365 1.51001 0 0 0 0 0 0 0 0 0 0 0 0 0 0 1.51001 0 
0 0 0 0 0 0 0 0 0 0 0 0 0 0 0 0.440906 0 0 0 0 0 0 0 0 0 0 0 0 0 0 0 0 0 0 0 0 0 0 0 0.440906 0 0 0 0.440906 0 0.440906 0.440906 -4.09205 0 0 0 0 0 0 0 0 0 0 0 0 0 0 0 1.88752 
0 0 0 0 0 0 0 0 0 0 0 0 0 0 0 0 0.440906 0 0 0 0 0 0 0 0 0 0 0 0 0 0 0 0.440906 0 0 0 0 0 0 0 0 0 0 0 0 0 0 0 -3.90184 0.755007 0.755007 0 0.755007 0 0 0 0.755007 0 0 0 0 0 0 0 
0 0 0 0 0 0 0 0 0 0 0 0 0 0 0 0 0 0.440906 0 0 0 0 0 0 0 0 0 0 0 0 0 0 0 0.440906 0 0 0 0 0 0 0 0 0 0 0 0 0 0 0.440906 -4.72025 0 1.13251 0 1.13251 0 0 0 1.13251 0 0 0 0 0 0 
0 0 0 0 0 0 0 0 0 0 0 0 0 0 0 0 0 0 0.440906 0 0 0 0 0 0 0 0 0 0 0 0 0 0 0 0.440906 0 0 0 0 0 0 0 0 0 0 0 0 0 0.440906 0 -4.72025 1.13251 0 0 1.13251 0 0 0 1.13251 0 0 0 0 0 
0 0 0 0 0 0 0 0 0 0 0 0 0 0 0 0 0 0 0 0.440906 0 0 0 0 0 0 0 0 0 0 0 0 0 0 0 0.440906 0 0 0 0 0 0 0 0 0 0 0 0 0 0.440906 0.440906 -4.78365 0 0 0 1.51001 0 0 0 1.51001 0 0 0 0 
0 0 0 0 0 0 0 0 0 0 0 0 0 0 0 0 0 0 0 0 0.440906 0 0 0 0 0 0 0 0 0 0 0 0 0 0 0 0.440906 0 0 0 0 0 0 0 0 0 0 0 0.440906 0 0 0 -4.72025 1.13251 1.13251 0 0 0 0 0 1.13251 0 0 0 
0 0 0 0 0 0 0 0 0 0 0 0 0 0 0 0 0 0 0 0 0 0.440906 0 0 0 0 0 0 0 0 0 0 0 0 0 0 0 0.440906 0 0 0 0 0 0 0 0 0 0 0 0.440906 0 0 0.440906 -4.78365 0 1.51001 0 0 0 0 0 1.51001 0 0 
0 0 0 0 0 0 0 0 0 0 0 0 0 0 0 0 0 0 0 0 0 0 0.440906 0 0 0 0 0 0 0 0 0 0 0 0 0 0 0 0.440906 0 0 0 0 0 0 0 0 0 0 0 0.440906 0 0.440906 0 -4.78365 1.51001 0 0 0 0 0 0 1.51001 0 
0 0 0 0 0 0 0 0 0 0 0 0 0 0 0 0 0 0 0 0 0 0 0 0.440906 0 0 0 0 0 0 0 0 0 0 0 0 0 0 0 0.440906 0 0 0 0 0 0 0 0 0 0 0 0.440906 0 0.440906 0.440906 -4.09205 0 0 0 0 0 0 0 1.88752 
0 0 0 0 0 0 0 0 0 0 0 0 0 0 0 0 0 0 0 0 0 0 0 0 0.440906 0 0 0 0 0 0 0 0 0 0 0 0 0 0 0 0.440906 0 0 0 0 0 0 0 0.440906 0 0 0 0 0 0 0 -4.72025 1.13251 1.13251 0 1.13251 0 0 0 
0 0 0 0 0 0 0 0 0 0 0 0 0 0 0 0 0 0 0 0 0 0 0 0 0 0.440906 0 0 0 0 0 0 0 0 0 0 0 0 0 0 0 0.440906 0 0 0 0 0 0 0 0.440906 0 0 0 0 0 0 0.440906 -4.78365 0 1.51001 0 1.51001 0 0 
0 0 0 0 0 0 0 0 0 0 0 0 0 0 0 0 0 0 0 0 0 0 0 0 0 0 0.440906 0 0 0 0 0 0 0 0 0 0 0 0 0 0 0 0.440906 0 0 0 0 0 0 0 0.440906 0 0 0 0 0 0.440906 0 -4.78365 1.51001 0 0 1.51001 0 
0 0 0 0 0 0 0 0 0 0 0 0 0 0 0 0 0 0 0 0 0 0 0 0 0 0 0 0.440906 0 0 0 0 0 0 0 0 0 0 0 0 0 0 0 0.440906 0 0 0 0 0 0 0 0.440906 0 0 0 0 0 0.440906 0.440906 -4.09205 0 0 0 1.88752 
0 0 0 0 0 0 0 0 0 0 0 0 0 0 0 0 0 0 0 0 0 0 0 0 0 0 0 0 0.440906 0 0 0 0 0 0 0 0 0 0 0 0 0 0 0 0.440906 0 0 0 0 0 0 0 0.440906 0 0 0 0.440906 0 0 0 -4.78365 1.51001 1.51001 0 
0 0 0 0 0 0 0 0 0 0 0 0 0 0 0 0 0 0 0 0 0 0 0 0 0 0 0 0 0 0.440906 0 0 0 0 0 0 0 0 0 0 0 0 0 0 0 0.440906 0 0 0 0 0 0 0 0.440906 0 0 0 0.440906 0 0 0.440906 -4.09205 0 1.88752 
0 0 0 0 0 0 0 0 0 0 0 0 0 0 0 0 0 0 0 0 0 0 0 0 0 0 0 0 0 0 0.440906 0 0 0 0 0 0 0 0 0 0 0 0 0 0 0 0.440906 0 0 0 0 0 0 0 0.440906 0 0 0 0.440906 0 0.440906 0 -4.09205 1.88752 
0 0 0 0 0 0 0 0 0 0 0 0 0 0 0 0 0 0 0 0 0 0 0 0 0 0 0 0 0 0 0 0.440906 0 0 0 0 0 0 0 0 0 0 0 0 0 0 0 0.440906 0 0 0 0 0 0 0 0.440906 0 0 0 0.440906 0 0.440906 0.440906 -2.64543 
