64
-0 0 0 0 0 0 0 0 0 0 0 0 0 0 0 0 0 0 0 0 0 0 0 0 0 0 0 0 0 0 0 0 0 0 0 0 0 0 0 0 0 0 0 0 0 0 0 0 0 0 0 0 0 0 0 0 0 0 0 0 0 0 0 0 
0.416274 -2.12912 0 0.342569 0 0.342569 0 0 0 0.342569 0 0 0 0 0 0 0 0.342569 0 0 0 0 0 0 0 0 0 0 0 0 0 0 0 0.342569 0 0 0 0 0 0 0 0 0 0 0 0 0 0 0 0 0 0 0 0 0 0 0 0 0 0 0 0 0 0 
0.416274 0 -2.12912 0.342569 0 0 0.342569 0 0 0 0.342569 0 0 0 0 0 0 0 0.342569 0 0 0 0 0 0 0 0 0 0 0 0 0 0 0 0.342569 0 0 0 0 0 0 0 0 0 0 0 0 0 0 0 0 0 0 0 0 0 0 0 0 0 0 0 0 0 
0 0.416274 0.416274 -3.5731 0 0 0 0.685137 0 0 0 0.685137 0 0 0 0 0 0 0 0.685137 0 0 0 0 0 0 0 0 0 0 0 0 0 0 0 0.685137 0 0 0 0 0 0 0 0 0 0 0 0 0 0 0 0 0 0 0 0 0 0 0 0 0 0 0 0 
0.416274 0 0 0 -2.12912 0.342569 0.342569 0 0 0 0 0 0.342569 0 0 0 0 0 0 0 0.342569 0 0 0 0 0 0 0 0 0 0 0 0 0 0 0 0.342569 0 0 0 0 0 0 0 0 0 0 0 0 0 0 0 0 0 0 0 0 0 0 0 0 0 0 0 
0 0.416274 0 0 0.416274 -3.5731 0 0.685137 0 0 0 0 0 0.685137 0 0 0 0 0 0 0 0.685137 0 0 0 0 0 0 0 0 0 0 0 0 0 0 0 0.685137 0 0 0 0 0 0 0 0 0 0 0 0 0 0 0 0 0 0 0 0 0 0 0 0 0 0 
0 0 0.416274 0 0.416274 0 -3.5731 0.685137 0 0 0 0 0 0 0.685137 0 0 0 0 0 0 0 0.685137 0 0 0 0 0 0 0 0 0 0 0 0 0 0 0 0.685137 0 0 0 0 0 0 0 0 0 0 0 0 0 0 0 0 0 0 0 0 0 0 0 0 0 
0 0 0 0.416274 0 0.416274 0.416274 -4.33194 0 0 0 0 0 0 0 1.02771 0 0 0 0 0 0 0 1.02771 0 0 0 0 0 0 0 0 0 0 0 0 0 0 0 1.02771 0 0 0 0 0 0 0 0 0 0 0 0 0 0 0 0 0 0 0 0 0 0 0 0 
0.416274 0 0 0 0 0 0 0 -2.12912 0.342569 0.342569 0 0.342569 0 0 0 0 0 0 0 0 0 0 0 0.342569 0 0 0 0 0 0 0 0 0 0 0 0 0 0 0 0.342569 0 0 0 0 0 0 0 0 0 0 0 0 0 0 0 0 0 0 0 0 0 0 0 
0 0.416274 0 0 0 0 0 0 0.416274 -3.5731 0 0.685137 0 0.685137 0 0 0 0 0 0 0 0 0 0 0 0.685137 0 0 0 0 0 0 0 0 0 0 0 0 0 0 0 0.685137 0 0 0 0 0 0 0 0 0 0 0 0 0 0 0 0 0 0 0 0 0 0 
0 0 0.416274 0 0 0 0 0 0.416274 0 -3.5731 0.685137 0 0 0.685137 0 0 0 0 0 0 0 0 0 0 0 0.685137 0 0 0 0 0 0 0 0 0 0 0 0 0 0 0 0.685137 0 0 0 0 0 0 0 0 0 0 0 0 0 0 0 0 0 0 0 0 0 
0 0 0 0.416274 0 0 0 0 0 0.416274 0.416274 -4.33194 0 0 0 1.02771 0 0 0 0 0 0 0 0 0 0 0 1.02771 0 0 0 0 0 0 0 0 0 0 0 0 0 0 0 1.02771 0 0 0 0 0 0 0 0 0 0 0 0 0 0 0 0 0 0 0 0 
0 0 0 0 0.416274 0 0 0 0.416274 0 0 0 -3.5731 0.685137 0.685137 0 0 0 0 0 0 0 0 0 0 0 0 0 0.685137 0 0 0 0 0 0 0 0 0 0 0 0 0 0 0 0.685137 0 0 0 0 0 0 0 0 0 0 0 0 0 0 0 0 0 0 0 
0 0 0 0 0 0.416274 0 0 0 0.416274 0 0 0.416274 -4.33194 0 1.02771 0 0 0 0 0 0 0 0 0 0 0 0 0 1.02771 0 0 0 0 0 0 0 0 0 0 0 0 0 0 0 1.02771 0 0 0 0 0 0 0 0 0 0 0 0 0 0 0 0 0 0 
0 0 0 0 0 0 0.416274 0 0 0 0.416274 0 0.416274 0 -4.33194 1.02771 0 0 0 0 0 0 0 0 0 0 0 0 0 0 1.02771 0 0 0 0 0 0 0 0 0 0 0 0 0 0 0 1.02771 0 0 0 0 0 0 0 0 0 0 0 0 0 0 0 0 0 
0 0 0 0 0 0 0 0.416274 0 0 0 0.416274 0 0.416274 0.416274 -4.40564 0 0 0 0 0 0 0 0 0 0 0 0 0 0 0 1.37027 0 0 0 0 0 0 0 0 0 0 0 0 0 0 0 1.37027 0 0 0 0 0 0 0 0 0 0 0 0 0 0 0 0 
0.416274 0 0 0 0 0 0 0 0 0 0 0 0 0 0 0 -2.12912 0.342569 0.342569 0 0.342569 0 0 0 0.342569 0 0 0 0 0 0 0 0 0 0 0 0 0 0 0 0 0 0 0 0 0 0 0 0.342569 0 0 0 0 0 0 0 0 0 0 0 0 0 0 0 
0 0.416274 0 0 0 0 0 0 0 0 0 0 0 0 0 0 0.416274 -3.5731 0 0.685137 0 0.685137 0 0 0 0.685137 0 0 0 0 0 0 0 0 0 0 0 0 0 0 0 0 0 0 0 0 0 0 0 0.685137 0 0 0 0 0 0 0 0 0 0 0 0 0 0 
0 0 0.416274 0 0 0 0 0 0 0 0 0 0 0 0 0 0.416274 0 -3.5731 0.685137 0 0 0.685137 0 0 0 0.685137 0 0 0 0 0 0 0 0 0 0 0 0 0 0 0 0 0 0 0 0 0 0 0 0.685137 0 0 0 0 0 0 0 0 0 0 0 0 0 
0 0 0 0.416274 0 0 0 0 0 0 0 0 0 0 0 0 0 0.416274 0.416274 -4.33194 0 0 0 1.02771 0 0 0 1.02771 0 0 0 0 0 0 0 0 0 0 0 0 0 0 0 0 0 0 0 0 0 0 0 1.02771 0 0 0 0 0 0 0 0 0 0 0 0 
0 0 0 0 0.416274 0 0 0 0 0 0 0 0 0 0 0 0.416274 0 0 0 -3.5731 0.685137 0.685137 0 0 0 0 0 0.685137 0 0 0 0 0 0 0 0 0 0 0 0 0 0 0 0 0 0 0 0 0 0 0 0.685137 0 0 0 0 0 0 0 0 0 0 0 
0 0 0 0 0 0.416274 0 0 0 0 0 0 0 0 0 0 0 0.416274 0 0 0.416274 -4.33194 0 1.02771 0 0 0 0 0 1.02771 0 0 0 0 0 0 0 0 0 0 0 0 0 0 0 0 0 0 0 0 0 0 0 1.02771 0 0 0 0 0 0 0 0 0 0 
0 0 0 0 0 0 0.416274 0 0 0 0 0 0 0 0 0 0 0 0.416274 0 0.416274 0 -4.33194 1.02771 0 0 0 0 0 0 1.02771 0 0 0 0 0 0 0 0 0 0 0 0 0 0 0 0 0 0 0 0 0 0 0 1.02771 0 0 0 0 0 0 0 0 0 
0 0 0 0 0 0 0 0.416274 0 0 0 0 0 0 0 0 0 0 0 0.416274 0 0.416274 0.416274 -4.40564 0 0 0 0 0 0 0 1.37027 0 0 0 0 0 0 0 0 0 0 0 0 0 0 0 0 0 0 0 0 0 0 0 1.37027 0 0 0 0 0 0 0 0 
0 0 0 0 0 0 0 0 0.416274 0 0 0 0 0 0 0 0.416274 0 0 0 0 0 0 0 -3.5731 0.685137 0.685137 0 0.685137 0 0 0 0 0 0 0 0 0 0 0 0 0 0 0 0 0 0 0 0 0 0 0 0 0 0 0 0.685137 0 0 0 0 0 0 0 
0 0 0 0 0 0 0 0 0 0.416274 0 0 0 0 0 0 0 0.416274 0 0 0 0 0 0 0.416274 -4.33194 0 1.02771 0 1.02771 0 0 0 0 0 0 0 0 0 0 0 0 0 0 0 0 0 0 0 0 0 0 0 0 0 0 0 1.02771 0 0 0 0 0 0 
0 0 0 0 0 0 0 0 0 0 0.416274 0 0 0 0 0 0 0 0.416274 0 0 0 0 0 0.416274 0 -4.33194 1.02771 0 0 1.02771 0 0 0 0 0 0 0 0 0 0 0 0 0 0 0 0 0 0 0 0 0 0 0 0 0 0 0 1.02771 0 0 0 0 0 
0 0 0 0 0 0 0 0 0 0 0 0.416274 0 0 0 0 0 0 0 0.416274 0 0 0 0 0 0.416274 0.416274 -4.40564 0 0 0 1.37027 0 0 0 0 0 0 0 0 0 0 0 0 0 0 0 0 0 0 0 0 0 0 0 0 0 0 0 1.37027 0 0 0 0 
0 0 0 0 0 0 0 0 0 0 0 0 0.416274 0 0 0 0 0 0 0 0.416274 0 0 0 0.416274 0 0 0 -4.33194 1.02771 1.02771 0 0 0 0 0 0 0 0 0 0 0 0 0 0 0 0 0 0 0 0 0 0 0 0 0 0 0 0 0 1.02771 0 0 0 
0 0 0 0 0 0 0 0 0 0 0 0 0 0.416274 0 0 0 0 0 0 0 0.416274 0 0 0 0.416274 0 0 0.416274 -4.40564 0 1.37027 0 0 0 0 0 0 0 0 0 0 0 0 0 0 0 0 0 0 0 0 0 0 0 0 0 0 0 0 0 1.37027 0 0 
0 0 0 0 0 0 0 0 0 0 0 0 0 0 0.416274 0 0 0 0 0 0 0 0.416274 0 0 0 0.416274 0 0.416274 0 -4.40564 1.37027 0 0 0 0 0 0 0 0 0 0 0 0 0 0 0 0 0 0 0 0 0 0 0 0 0 0 0 0 0 0 1.37027 0 
0 0 0 0 0 0 0 0 0 0 0 0 0 0 0 0.416274 0 0 0 0 0 0 0 0.416274 0 0 0 0.416274 0 0.416274 0.416274 -3.79421 0 0 0 0 0 0 0 0 0 0 0 0 0 0 0 0 0 0 0 0 0 0 0 0 0 0 0 0 0 0 0 1.71284 
0.416274 0 0 0 0 0 0 0 0 0 0 0 0 0 0 0 0 0 0 0 0 0 0 0 0 0 0 0 0 0 0 0 -2.12912 0.342569 0.342569 0 0.342569 0 0 0 0.342569 0 0 0 0 0 0 0 0.342569 0 0 0 0 0 0 0 0 0 0 0 0 0 0 0 
0 0.416274 0 0 0 0 0 0 0 0 0 0 0 0 0 0 0 0 0 0 0 0 0 0 0 0 0 0 0 0 0 0 0.416274 -3.5731 0 0.685137 0 0.685137 0 0 0 0.685137 0 0 0 0 0 0 0 0.685137 0 0 0 0 0 0 0 0 0 0 0 0 0 0 
0 0 0.416274 0 0 0 0 0 0 0 0 0 0 0 0 0 0 0 0 0 0 0 0 0 0 0 0 0 0 0 0 0 0.416274 0 -3.5731 0.685137 0 0 0.685137 0 0 0 0.685137 0 0 0 0 0 0 0 0.685137 0 0 0 0 0 0 0 0 0 0 0 0 0 
0 0 0 0.416274 0 0 0 0 0 0 0 0 0 0 0 0 0 0 0 0 0 0 0 0 0 0 0 0 0 0 0 0 0 0.416274 0.416274 -4.33194 0 0 0 1.02771 0 0 0 1.02771 0 0 0 0 0 0 0 1.02771 0 0 0 0 0 0 0 0 0 0 0 0 
0 0 0 0 0.416274 0 0 0 0 0 0 0 0 0 0 0 0 0 0 0 0 0 0 0 0 0 0 0 0 0 0 0 0.416274 0 0 0 -3.5731 0.685137 0.685137 0 0 0 0 0 0.685137 0 0 0 0 0 0 0 0.685137 0 0 0 0 0 0 0 0 0 0 0 
0 0 0 0 0 0.416274 0 0 0 0 0 0 0 0 0 0 0 0 0 0 0 0 0 0 0 0 0 0 0 0 0 0 0 0.416274 0 0 0.416274 -4.33194 0 1.02771 0 0 0 0 0 1.02771 0 0 0 0 0 0 0 1.02771 0 0 0 0 0 0 0 0 0 0 
0 0 0 0 0 0 0.416274 0 0 0 0 0 0 0 0 0 0 0 0 0 0 0 0 0 0 0 0 0 0 0 0 0 0 0 0.416274 0 0.416274 0 -4.33194 1.02771 0 0 0 0 0 0 1.02771 0 0 0 0 0 0 0 1.02771 0 0 0 0 0 0 0 0 0 
0 0 0 0 0 0 0 0.416274 0 0 0 0 0 0 0 0 0 0 0 0 0 0 0 0 0 0 0 0 0 0 0 0 0 0 0 0.416274 0 0.416274 0.416274 -4.40564 0 0 0 0 0 0 0 1.37027 0 0 0 0 0 0 0 1.37027 0 0 0 0 0 0 0 0 
0 0 0 0 0 0 0 0 0.416274 0 0 0 0 0 0 0 0 0 0 0 0 0 0 0 0 0 0 0 0 0 0 0 0.416274 0 0 0 0 0 0 0 -3.5731 0.685137 0.685137 0 0.685137 0 0 0 0 0 0 0 0 0 0 0 0.685137 0 0 0 0 0 0 0 
0 0 0 0 0 0 0 0 0 0.416274 0 0 0 0 0 0 0 0 0 0 0 0 0 0 0 0 0 0 0 0 0 0 0 0.416274 0 0 0 0 0 0 0.416274 -4.33194 0 1.02771 0 1.02771 0 0 0 0 0 0 0 0 0 0 0 1.02771 0 0 0 0 0 0 
0 0 0 0 0 0 0 0 0 0 0.416274 0 0 0 0 0 0 0 0 0 0 0 0 0 0 0 0 0 0 0 0 0 0 0 0.416274 0 0 0 0 0 0.416274 0 -4.33194 1.02771 0 0 1.02771 0 0 0 0 0 0 0 0 0 0 0 1.02771 0 0 0 0 0 
0 0 0 0 0 0 0 0 0 0 0 0.416274 0 0 0 0 0 0 0 0 0 0 0 0 0 0 0 0 0 0 0 0 0 0 0 0.416274 0 0 0 0 0 0.416274 0.416274 -4.40564 0 0 0 1.37027 0 0 0 0 0 0 0 0 0 0 0 1.37027 0 0 0 0 
0 0 0 0 0 0 0 0 0 0 0 0 0.416274 0 0 0 0 0 0 0 0 0 0 0 0 0 0 0 0 0 0 0 0 0 0 0 0.416274 0 0 0 0.416274 0 0 0 -4.33194 1.02771 1.02771 0 0 0 0 0 0 0 0 0 0 0 0 0 1.02771 0 0 0 
0 0 0 0 0 0 0 0 0 0 0 0 0 0.416274 0 0 0 0 0 0 0 0 0 0 0 0 0 0 0 0 0 0 0 0 0 0 0 0.416274 0 0 0 0.416274 0 0 0.416274 -4.40564 0 1.37027 0 0 0 0 0 0 0 0 0 0 0 0 0 1.37027 0 0 
0 0 0 0 0 0 0 0 0 0 0 0 0 0 0.416274 0 0 0 0 0 0 0 0 0 0 0 0 0 0 0 0 0 0 0 0 0 0 0 0.416274 0 0 0 0.416274 0 0.416274 0 -4.40564 1.37027 0 0 0 0 0 0 0 0 0 0 0 0 0 0 1.37027 0 
0 0 0 0 0 0 0 0 0 0 0 0 0 0 0 0.416274 0 0 0 0 0 0 0 0 0 0 0 0 0 0 0 0 0 0 0 0 0 0 0 0.416274 0 0 0 0.416274 0 0.416274 0.416274 -3.79421 0 0 0 0 0 0 0 0 0 0 0 0 0 0 0 1.71284 
0 0 0 0 0 0 0 0 0 0 0 0 0 0 0 0 0.416274 0 0 0 0 0 0 0 0 0 0 0 0 0 0 0 0.416274 0 0 0 0 0 0 0 0 0 0 0 0 0 0 0 -3.5731 0.685137 0.685137 0 0.685137 0 0 0 0.685137 0 0 0 0 0 0 0 
0 0 0 0 0 0 0 0 0 0 0 0 0 0 0 0 0 0.416274 0 0 0 0 0 0 0 0 0 0 0 0 0 0 0 0.416274 0 0 0 0 0 0 0 0 0 0 0 0 0 0 0.416274 -4.33194 0 1.02771 0 1.02771 0 0 0 1.02771 0 0 0 0 0 0 
0 0 0 0 0 0 0 0 0 0 0 0 0 0 0 0 0 0 0.416274 0 0 0 0 0 0 0 0 0 0 0 0 0 0 0 0.416274 0 0 0 0 0 0 0 0 0 0 0 0 0 0.416274 0 -4.33194 1.02771 0 0 1.02771 0 0 0 1.02771 0 0 0 0 0 
0 0 0 0 0 0 0 0 0 0 0 0 0 0 0 0 0 0 0 0.416274 0 0 0 0 0 0 0 0 0 0 0 0 0 0 0 0.416274 0 0 0 0 0 0 0 0 0 0 0 0 0 0.416274 0.416274 -4.40564 0 0 0 1.37027 0 0 0 1.37027 0 0 0 0 
0 0 0 0 0 0 0 0 0 0 0 0 0 0 0 0 0 0 0 0 0.416274 0 0 0 0 0 0 0 0 0 0 0 0 0 0 0 0.416274 0 0 0 0 0 0 0 0 0 0 0 0.416274 0 0 0 -4.33194 1.02771 1.02771 0 0 0 0 0 1.02771 0 0 0 
0 0 0 0 0 0 0 0 0 0 0 0 0 0 0 0 0 0 0 0 0 0.416274 0 0 0 0 0 0 0 0 0 0 0 0 0 0 0 0.416274 0 0 0 0 0 0 0 0 0 0 0 0.416274 0 0 0.416274 -4.40564 0 1.37027 0 0 0 0 0 1.37027 0 0 
0 0 0 0 0 0 0 0 0 0 0 0 0 0 0 0 0 0 0 0 0 0 0.416274 0 0 0 0 0 0 0 0 0 0 0 0 0 0 0 0.416274 0 0 0 0 0 0 0 0 0 0 0 0.416274 0 0.416274 0 -4.40564 1.37027 0 0 0 0 0 0 1.37027 0 
0 0 0 0 0 0 0 0 0 0 0 0 0 0 0 0 0 0 0 0 0 0 0 0.416274 0 0 0 0 0 0 0 0 0 0 0 0 0 0 0 0.416274 0 0 0 0 0 0 0 0 0 0 0 0.416274 0 0.416274 0.416274 -3.79421 0 0 0 0 0 0 0 1.71284 
0 0 0 0 0 0 0 0 0 0 0 0 0 0 0 0 0 0 0 0 0 0 0 0 0.416274 0 0 0 0 0 0 0 0 0 0 0 0 0 0 0 0.416274 0 0 0 0 0 0 0 0.416274 0 0 0 0 0 0 0 -4.33194 1.02771 1.02771 0 1.02771 0 0 0 
0 0 0 0 0 0 0 0 0 0 0 0 0 0 0 0 0 0 0 0 0 0 0 0 0 0.416274 0 0 0 0 0 0 0 0 0 0 0 0 0 0 0 0.416274 0 0 0 0 0 0 0 0.416274 0 0 0 0 0 0 0.416274 -4.40564 0 1.37027 0 1.37027 0 0 
0 0 0 0 0 0 0 0 0 0 0 0 0 0 0 0 0 0 0 0 0 0 0 0 0 0 0.416274 0 0 0 0 0 0 0 0 0 0 0 0 0 0 0 0.416274 0 0 0 0 0 0 0 0.416274 0 0 0 0 0 0.416274 0 -4.40564 1.37027 0 0 1.37027 0 
0 0 0 0 0 0 0 0 0 0 0 0 0 0 0 0 0 0 0 0 0 0 0 0 0 0 0 0.416274 0 0 0 0 0 0 0 0 0 0 0 0 0 0 0 0.416274 0 0 0 0 0 0 0 0.416274 0 0 0 0 0 0.416274 0.416274 -3.79421 0 0 0 1.71284 
0 0 0 0 0 0 0 0 0 0 0 0 0 0 0 0 0 0 0 0 0 0 0 0 0 0 0 0 0.416274 0 0 0 0 0 0 0 0 0 0 0 0 0 0 0 0.416274 0 0 0 0 0 0 0 0.416274 0 0 0 0.416274 0 0 0 -4.40564 1.37027 1.37027 0 
0 0 0 0 0 0 0 0 0 0 0 0 0 0 0 0 0 0 0 0 0 0 0 0 0 0 0 0 0 0.416274 0 0 0 0 0 0 0 0 0 0 0 0 0 0 0 0.416274 0 0 0 0 0 0 0 0.416274 0 0 0 0.416274 0 0 0.416274 -3.79421 0 1.71284 
0 0 0 0 0 0 0 0 0 0 0 0 0 0 0 0 0 0 0 0 0 0 0 0 0 0 0 0 0 0 0.416274 0 0 0 0 0 0 0 0 0 0 0 0 0 0 0 0.416274 0 0 0 0 0 0 0 0.416274 0 0 0 0.416274 0 0.416274 0 -3.79421 1.71284 
0 0 0 0 0 0 0 0 0 0 0 0 0 0 0 0 0 0 0 0 0 0 0 0 0 0 0 0 0 0 0 0.416274 0 0 0 0 0 0 0 0 0 0 0 0 0 0 0 0.416274 0 0 0 0 0 0 0 0.416274 0 0 0 0.416274 0 0.416274 0.416274 -2.49764 
