64
-0 0 0 0 0 0 0 0 0 0 0 0 0 0 0 0 0 0 0 0 0 0 0 0 0 0 0 0 0 0 0 0 0 0 0 0 0 0 0 0 0 0 0 0 0 0 0 0 0 0 0 0 0 0 0 0 0 0 0 0 0 0 0 0 
0.552171 -2.54571 0 0.398707 0 0.398707 0 0 0 0.398707 0 0 0 0 0 0 0 0.398707 0 0 0 0 0 0 0 0 0 0 0 0 0 0 0 0.398707 0 0 0 0 0 0 0 0 0 0 0 0 0 0 0 0 0 0 0 0 0 0 0 0 0 0 0 0 0 0 
0.552171 0 -2.54571 0.398707 0 0 0.398707 0 0 0 0.398707 0 0 0 0 0 0 0 0.398707 0 0 0 0 0 0 0 0 0 0 0 0 0 0 0 0.398707 0 0 0 0 0 0 0 0 0 0 0 0 0 0 0 0 0 0 0 0 0 0 0 0 0 0 0 0 0 
0 0.552171 0.552171 -4.294 0 0 0 0.797414 0 0 0 0.797414 0 0 0 0 0 0 0 0.797414 0 0 0 0 0 0 0 0 0 0 0 0 0 0 0 0.797414 0 0 0 0 0 0 0 0 0 0 0 0 0 0 0 0 0 0 0 0 0 0 0 0 0 0 0 0 
0.552171 0 0 0 -2.54571 0.398707 0.398707 0 0 0 0 0 0.398707 0 0 0 0 0 0 0 0.398707 0 0 0 0 0 0 0 0 0 0 0 0 0 0 0 0.398707 0 0 0 0 0 0 0 0 0 0 0 0 0 0 0 0 0 0 0 0 0 0 0 0 0 0 0 
0 0.552171 0 0 0.552171 -4.294 0 0.797414 0 0 0 0 0 0.797414 0 0 0 0 0 0 0 0.797414 0 0 0 0 0 0 0 0 0 0 0 0 0 0 0 0.797414 0 0 0 0 0 0 0 0 0 0 0 0 0 0 0 0 0 0 0 0 0 0 0 0 0 0 
0 0 0.552171 0 0.552171 0 -4.294 0.797414 0 0 0 0 0 0 0.797414 0 0 0 0 0 0 0 0.797414 0 0 0 0 0 0 0 0 0 0 0 0 0 0 0 0.797414 0 0 0 0 0 0 0 0 0 0 0 0 0 0 0 0 0 0 0 0 0 0 0 0 0 
0 0 0 0.552171 0 0.552171 0.552171 -5.24487 0 0 0 0 0 0 0 1.19612 0 0 0 0 0 0 0 1.19612 0 0 0 0 0 0 0 0 0 0 0 0 0 0 0 1.19612 0 0 0 0 0 0 0 0 0 0 0 0 0 0 0 0 0 0 0 0 0 0 0 0 
0.552171 0 0 0 0 0 0 0 -2.54571 0.398707 0.398707 0 0.398707 0 0 0 0 0 0 0 0 0 0 0 0.398707 0 0 0 0 0 0 0 0 0 0 0 0 0 0 0 0.398707 0 0 0 0 0 0 0 0 0 0 0 0 0 0 0 0 0 0 0 0 0 0 0 
0 0.552171 0 0 0 0 0 0 0.552171 -4.294 0 0.797414 0 0.797414 0 0 0 0 0 0 0 0 0 0 0 0.797414 0 0 0 0 0 0 0 0 0 0 0 0 0 0 0 0.797414 0 0 0 0 0 0 0 0 0 0 0 0 0 0 0 0 0 0 0 0 0 0 
0 0 0.552171 0 0 0 0 0 0.552171 0 -4.294 0.797414 0 0 0.797414 0 0 0 0 0 0 0 0 0 0 0 0.797414 0 0 0 0 0 0 0 0 0 0 0 0 0 0 0 0.797414 0 0 0 0 0 0 0 0 0 0 0 0 0 0 0 0 0 0 0 0 0 
0 0 0 0.552171 0 0 0 0 0 0.552171 0.552171 -5.24487 0 0 0 1.19612 0 0 0 0 0 0 0 0 0 0 0 1.19612 0 0 0 0 0 0 0 0 0 0 0 0 0 0 0 1.19612 0 0 0 0 0 0 0 0 0 0 0 0 0 0 0 0 0 0 0 0 
0 0 0 0 0.552171 0 0 0 0.552171 0 0 0 -4.294 0.797414 0.797414 0 0 0 0 0 0 0 0 0 0 0 0 0 0.797414 0 0 0 0 0 0 0 0 0 0 0 0 0 0 0 0.797414 0 0 0 0 0 0 0 0 0 0 0 0 0 0 0 0 0 0 0 
0 0 0 0 0 0.552171 0 0 0 0.552171 0 0 0.552171 -5.24487 0 1.19612 0 0 0 0 0 0 0 0 0 0 0 0 0 1.19612 0 0 0 0 0 0 0 0 0 0 0 0 0 0 0 1.19612 0 0 0 0 0 0 0 0 0 0 0 0 0 0 0 0 0 0 
0 0 0 0 0 0 0.552171 0 0 0 0.552171 0 0.552171 0 -5.24487 1.19612 0 0 0 0 0 0 0 0 0 0 0 0 0 0 1.19612 0 0 0 0 0 0 0 0 0 0 0 0 0 0 0 1.19612 0 0 0 0 0 0 0 0 0 0 0 0 0 0 0 0 0 
0 0 0 0 0 0 0 0.552171 0 0 0 0.552171 0 0.552171 0.552171 -5.39834 0 0 0 0 0 0 0 0 0 0 0 0 0 0 0 1.59483 0 0 0 0 0 0 0 0 0 0 0 0 0 0 0 1.59483 0 0 0 0 0 0 0 0 0 0 0 0 0 0 0 0 
0.552171 0 0 0 0 0 0 0 0 0 0 0 0 0 0 0 -2.54571 0.398707 0.398707 0 0.398707 0 0 0 0.398707 0 0 0 0 0 0 0 0 0 0 0 0 0 0 0 0 0 0 0 0 0 0 0 0.398707 0 0 0 0 0 0 0 0 0 0 0 0 0 0 0 
0 0.552171 0 0 0 0 0 0 0 0 0 0 0 0 0 0 0.552171 -4.294 0 0.797414 0 0.797414 0 0 0 0.797414 0 0 0 0 0 0 0 0 0 0 0 0 0 0 0 0 0 0 0 0 0 0 0 0.797414 0 0 0 0 0 0 0 0 0 0 0 0 0 0 
0 0 0.552171 0 0 0 0 0 0 0 0 0 0 0 0 0 0.552171 0 -4.294 0.797414 0 0 0.797414 0 0 0 0.797414 0 0 0 0 0 0 0 0 0 0 0 0 0 0 0 0 0 0 0 0 0 0 0 0.797414 0 0 0 0 0 0 0 0 0 0 0 0 0 
0 0 0 0.552171 0 0 0 0 0 0 0 0 0 0 0 0 0 0.552171 0.552171 -5.24487 0 0 0 1.19612 0 0 0 1.19612 0 0 0 0 0 0 0 0 0 0 0 0 0 0 0 0 0 0 0 0 0 0 0 1.19612 0 0 0 0 0 0 0 0 0 0 0 0 
0 0 0 0 0.552171 0 0 0 0 0 0 0 0 0 0 0 0.552171 0 0 0 -4.294 0.797414 0.797414 0 0 0 0 0 0.797414 0 0 0 0 0 0 0 0 0 0 0 0 0 0 0 0 0 0 0 0 0 0 0 0.797414 0 0 0 0 0 0 0 0 0 0 0 
0 0 0 0 0 0.552171 0 0 0 0 0 0 0 0 0 0 0 0.552171 0 0 0.552171 -5.24487 0 1.19612 0 0 0 0 0 1.19612 0 0 0 0 0 0 0 0 0 0 0 0 0 0 0 0 0 0 0 0 0 0 0 1.19612 0 0 0 0 0 0 0 0 0 0 
0 0 0 0 0 0 0.552171 0 0 0 0 0 0 0 0 0 0 0 0.552171 0 0.552171 0 -5.24487 1.19612 0 0 0 0 0 0 1.19612 0 0 0 0 0 0 0 0 0 0 0 0 0 0 0 0 0 0 0 0 0 0 0 1.19612 0 0 0 0 0 0 0 0 0 
0 0 0 0 0 0 0 0.552171 0 0 0 0 0 0 0 0 0 0 0 0.552171 0 0.552171 0.552171 -5.39834 0 0 0 0 0 0 0 1.59483 0 0 0 0 0 0 0 0 0 0 0 0 0 0 0 0 0 0 0 0 0 0 0 1.59483 0 0 0 0 0 0 0 0 
0 0 0 0 0 0 0 0 0.552171 0 0 0 0 0 0 0 0.552171 0 0 0 0 0 0 0 -4.294 0.797414 0.797414 0 0.797414 0 0 0 0 0 0 0 0 0 0 0 0 0 0 0 0 0 0 0 0 0 0 0 0 0 0 0 0.797414 0 0 0 0 0 0 0 
0 0 0 0 0 0 0 0 0 0.552171 0 0 0 0 0 0 0 0.552171 0 0 0 0 0 0 0.552171 -5.24487 0 1.19612 0 1.19612 0 0 0 0 0 0 0 0 0 0 0 0 0 0 0 0 0 0 0 0 0 0 0 0 0 0 0 1.19612 0 0 0 0 0 0 
0 0 0 0 0 0 0 0 0 0 0.552171 0 0 0 0 0 0 0 0.552171 0 0 0 0 0 0.552171 0 -5.24487 1.19612 0 0 1.19612 0 0 0 0 0 0 0 0 0 0 0 0 0 0 0 0 0 0 0 0 0 0 0 0 0 0 0 1.19612 0 0 0 0 0 
0 0 0 0 0 0 0 0 0 0 0 0.552171 0 0 0 0 0 0 0 0.552171 0 0 0 0 0 0.552171 0.552171 -5.39834 0 0 0 1.59483 0 0 0 0 0 0 0 0 0 0 0 0 0 0 0 0 0 0 0 0 0 0 0 0 0 0 0 1.59483 0 0 0 0 
0 0 0 0 0 0 0 0 0 0 0 0 0.552171 0 0 0 0 0 0 0 0.552171 0 0 0 0.552171 0 0 0 -5.24487 1.19612 1.19612 0 0 0 0 0 0 0 0 0 0 0 0 0 0 0 0 0 0 0 0 0 0 0 0 0 0 0 0 0 1.19612 0 0 0 
0 0 0 0 0 0 0 0 0 0 0 0 0 0.552171 0 0 0 0 0 0 0 0.552171 0 0 0 0.552171 0 0 0.552171 -5.39834 0 1.59483 0 0 0 0 0 0 0 0 0 0 0 0 0 0 0 0 0 0 0 0 0 0 0 0 0 0 0 0 0 1.59483 0 0 
0 0 0 0 0 0 0 0 0 0 0 0 0 0 0.552171 0 0 0 0 0 0 0 0.552171 0 0 0 0.552171 0 0.552171 0 -5.39834 1.59483 0 0 0 0 0 0 0 0 0 0 0 0 0 0 0 0 0 0 0 0 0 0 0 0 0 0 0 0 0 0 1.59483 0 
0 0 0 0 0 0 0 0 0 0 0 0 0 0 0 0.552171 0 0 0 0 0 0 0 0.552171 0 0 0 0.552171 0 0.552171 0.552171 -4.75439 0 0 0 0 0 0 0 0 0 0 0 0 0 0 0 0 0 0 0 0 0 0 0 0 0 0 0 0 0 0 0 1.99353 
0.552171 0 0 0 0 0 0 0 0 0 0 0 0 0 0 0 0 0 0 0 0 0 0 0 0 0 0 0 0 0 0 0 -2.54571 0.398707 0.398707 0 0.398707 0 0 0 0.398707 0 0 0 0 0 0 0 0.398707 0 0 0 0 0 0 0 0 0 0 0 0 0 0 0 
0 0.552171 0 0 0 0 0 0 0 0 0 0 0 0 0 0 0 0 0 0 0 0 0 0 0 0 0 0 0 0 0 0 0.552171 -4.294 0 0.797414 0 0.797414 0 0 0 0.797414 0 0 0 0 0 0 0 0.797414 0 0 0 0 0 0 0 0 0 0 0 0 0 0 
0 0 0.552171 0 0 0 0 0 0 0 0 0 0 0 0 0 0 0 0 0 0 0 0 0 0 0 0 0 0 0 0 0 0.552171 0 -4.294 0.797414 0 0 0.797414 0 0 0 0.797414 0 0 0 0 0 0 0 0.797414 0 0 0 0 0 0 0 0 0 0 0 0 0 
0 0 0 0.552171 0 0 0 0 0 0 0 0 0 0 0 0 0 0 0 0 0 0 0 0 0 0 0 0 0 0 0 0 0 0.552171 0.552171 -5.24487 0 0 0 1.19612 0 0 0 1.19612 0 0 0 0 0 0 0 1.19612 0 0 0 0 0 0 0 0 0 0 0 0 
0 0 0 0 0.552171 0 0 0 0 0 0 0 0 0 0 0 0 0 0 0 0 0 0 0 0 0 0 0 0 0 0 0 0.552171 0 0 0 -4.294 0.797414 0.797414 0 0 0 0 0 0.797414 0 0 0 0 0 0 0 0.797414 0 0 0 0 0 0 0 0 0 0 0 
0 0 0 0 0 0.552171 0 0 0 0 0 0 0 0 0 0 0 0 0 0 0 0 0 0 0 0 0 0 0 0 0 0 0 0.552171 0 0 0.552171 -5.24487 0 1.19612 0 0 0 0 0 1.19612 0 0 0 0 0 0 0 1.19612 0 0 0 0 0 0 0 0 0 0 
0 0 0 0 0 0 0.552171 0 0 0 0 0 0 0 0 0 0 0 0 0 0 0 0 0 0 0 0 0 0 0 0 0 0 0 0.552171 0 0.552171 0 -5.24487 1.19612 0 0 0 0 0 0 1.19612 0 0 0 0 0 0 0 1.19612 0 0 0 0 0 0 0 0 0 
0 0 0 0 0 0 0 0.552171 0 0 0 0 0 0 0 0 0 0 0 0 0 0 0 0 0 0 0 0 0 0 0 0 0 0 0 0.552171 0 0.552171 0.552171 -5.39834 0 0 0 0 0 0 0 1.59483 0 0 0 0 0 0 0 1.59483 0 0 0 0 0 0 0 0 
0 0 0 0 0 0 0 0 0.552171 0 0 0 0 0 0 0 0 0 0 0 0 0 0 0 0 0 0 0 0 0 0 0 0.552171 0 0 0 0 0 0 0 -4.294 0.797414 0.797414 0 0.797414 0 0 0 0 0 0 0 0 0 0 0 0.797414 0 0 0 0 0 0 0 
0 0 0 0 0 0 0 0 0 0.552171 0 0 0 0 0 0 0 0 0 0 0 0 0 0 0 0 0 0 0 0 0 0 0 0.552171 0 0 0 0 0 0 0.552171 -5.24487 0 1.19612 0 1.19612 0 0 0 0 0 0 0 0 0 0 0 1.19612 0 0 0 0 0 0 
0 0 0 0 0 0 0 0 0 0 0.552171 0 0 0 0 0 0 0 0 0 0 0 0 0 0 0 0 0 0 0 0 0 0 0 0.552171 0 0 0 0 0 0.552171 0 -5.24487 1.19612 0 0 1.19612 0 0 0 0 0 0 0 0 0 0 0 1.19612 0 0 0 0 0 
0 0 0 0 0 0 0 0 0 0 0 0.552171 0 0 0 0 0 0 0 0 0 0 0 0 0 0 0 0 0 0 0 0 0 0 0 0.552171 0 0 0 0 0 0.552171 0.552171 -5.39834 0 0 0 1.59483 0 0 0 0 0 0 0 0 0 0 0 1.59483 0 0 0 0 
0 0 0 0 0 0 0 0 0 0 0 0 0.552171 0 0 0 0 0 0 0 0 0 0 0 0 0 0 0 0 0 0 0 0 0 0 0 0.552171 0 0 0 0.552171 0 0 0 -5.24487 1.19612 1.19612 0 0 0 0 0 0 0 0 0 0 0 0 0 1.19612 0 0 0 
0 0 0 0 0 0 0 0 0 0 0 0 0 0.552171 0 0 0 0 0 0 0 0 0 0 0 0 0 0 0 0 0 0 0 0 0 0 0 0.552171 0 0 0 0.552171 0 0 0.552171 -5.39834 0 1.59483 0 0 0 0 0 0 0 0 0 0 0 0 0 1.59483 0 0 
0 0 0 0 0 0 0 0 0 0 0 0 0 0 0.552171 0 0 0 0 0 0 0 0 0 0 0 0 0 0 0 0 0 0 0 0 0 0 0 0.552171 0 0 0 0.552171 0 0.552171 0 -5.39834 1.59483 0 0 0 0 0 0 0 0 0 0 0 0 0 0 1.59483 0 
0 0 0 0 0 0 0 0 0 0 0 0 0 0 0 0.552171 0 0 0 0 0 0 0 0 0 0 0 0 0 0 0 0 0 0 0 0 0 0 0 0.552171 0 0 0 0.552171 0 0.552171 0.552171 -4.75439 0 0 0 0 0 0 0 0 0 0 0 0 0 0 0 1.99353 
0 0 0 0 0 0 0 0 0 0 0 0 0 0 0 0 0.552171 0 0 0 0 0 0 0 0 0 0 0 0 0 0 0 0.552171 0 0 0 0 0 0 0 0 0 0 0 0 0 0 0 -4.294 0.797414 0.797414 0 0.797414 0 0 0 0.797414 0 0 0 0 0 0 0 
0 0 0 0 0 0 0 0 0 0 0 0 0 0 0 0 0 0.552171 0 0 0 0 0 0 0 0 0 0 0 0 0 0 0 0.552171 0 0 0 0 0 0 0 0 0 0 0 0 0 0 0.552171 -5.24487 0 1.19612 0 1.19612 0 0 0 1.19612 0 0 0 0 0 0 
0 0 0 0 0 0 0 0 0 0 0 0 0 0 0 0 0 0 0.552171 0 0 0 0 0 0 0 0 0 0 0 0 0 0 0 0.552171 0 0 0 0 0 0 0 0 0 0 0 0 0 0.552171 0 -5.24487 1.19612 0 0 1.19612 0 0 0 1.19612 0 0 0 0 0 
0 0 0 0 0 0 0 0 0 0 0 0 0 0 0 0 0 0 0 0.552171 0 0 0 0 0 0 0 0 0 0 0 0 0 0 0 0.552171 0 0 0 0 0 0 0 0 0 0 0 0 0 0.552171 0.552171 -5.39834 0 0 0 1.59483 0 0 0 1.59483 0 0 0 0 
0 0 0 0 0 0 0 0 0 0 0 0 0 0 0 0 0 0 0 0 0.552171 0 0 0 0 0 0 0 0 0 0 0 0 0 0 0 0.552171 0 0 0 0 0 0 0 0 0 0 0 0.552171 0 0 0 -5.24487 1.19612 1.19612 0 0 0 0 0 1.19612 0 0 0 
0 0 0 0 0 0 0 0 0 0 0 0 0 0 0 0 0 0 0 0 0 0.552171 0 0 0 0 0 0 0 0 0 0 0 0 0 0 0 0.552171 0 0 0 0 0 0 0 0 0 0 0 0.552171 0 0 0.552171 -5.39834 0 1.59483 0 0 0 0 0 1.59483 0 0 
0 0 0 0 0 0 0 0 0 0 0 0 0 0 0 0 0 0 0 0 0 0 0.552171 0 0 0 0 0 0 0 0 0 0 0 0 0 0 0 0.552171 0 0 0 0 0 0 0 0 0 0 0 0.552171 0 0.552171 0 -5.39834 1.59483 0 0 0 0 0 0 1.59483 0 
0 0 0 0 0 0 0 0 0 0 0 0 0 0 0 0 0 0 0 0 0 0 0 0.552171 0 0 0 0 0 0 0 0 0 0 0 0 0 0 0 0.552171 0 0 0 0 0 0 0 0 0 0 0 0.552171 0 0.552171 0.552171 -4.75439 0 0 0 0 0 0 0 1.99353 
0 0 0 0 0 0 0 0 0 0 0 0 0 0 0 0 0 0 0 0 0 0 0 0 0.552171 0 0 0 0 0 0 0 0 0 0 0 0 0 0 0 0.552171 0 0 0 0 0 0 0 0.552171 0 0 0 0 0 0 0 -5.24487 1.19612 1.19612 0 1.19612 0 0 0 
0 0 0 0 0 0 0 0 0 0 0 0 0 0 0 0 0 0 0 0 0 0 0 0 0 0.552171 0 0 0 0 0 0 0 0 0 0 0 0 0 0 0 0.552171 0 0 0 0 0 0 0 0.552171 0 0 0 0 0 0 0.552171 -5.39834 0 1.59483 0 1.59483 0 0 
0 0 0 0 0 0 0 0 0 0 0 0 0 0 0 0 0 0 0 0 0 0 0 0 0 0 0.552171 0 0 0 0 0 0 0 0 0 0 0 0 0 0 0 0.552171 0 0 0 0 0 0 0 0.552171 0 0 0 0 0 0.552171 0 -5.39834 1.59483 0 0 1.59483 0 
0 0 0 0 0 0 0 0 0 0 0 0 0 0 0 0 0 0 0 0 0 0 0 0 0 0 0 0.552171 0 0 0 0 0 0 0 0 0 0 0 0 0 0 0 0.552171 0 0 0 0 0 0 0 0.552171 0 0 0 0 0 0.552171 0.552171 -4.75439 0 0 0 1.99353 
0 0 0 0 0 0 0 0 0 0 0 0 0 0 0 0 0 0 0 0 0 0 0 0 0 0 0 0 0.552171 0 0 0 0 0 0 0 0 0 0 0 0 0 0 0 0.552171 0 0 0 0 0 0 0 0.552171 0 0 0 0.552171 0 0 0 -5.39834 1.59483 1.59483 0 
0 0 0 0 0 0 0 0 0 0 0 0 0 0 0 0 0 0 0 0 0 0 0 0 0 0 0 0 0 0.552171 0 0 0 0 0 0 0 0 0 0 0 0 0 0 0 0.552171 0 0 0 0 0 0 0 0.552171 0 0 0 0.552171 0 0 0.552171 -4.75439 0 1.99353 
0 0 0 0 0 0 0 0 0 0 0 0 0 0 0 0 0 0 0 0 0 0 0 0 0 0 0 0 0 0 0.552171 0 0 0 0 0 0 0 0 0 0 0 0 0 0 0 0.552171 0 0 0 0 0 0 0 0.552171 0 0 0 0.552171 0 0.552171 0 -4.75439 1.99353 
0 0 0 0 0 0 0 0 0 0 0 0 0 0 0 0 0 0 0 0 0 0 0 0 0 0 0 0 0 0 0 0.552171 0 0 0 0 0 0 0 0 0 0 0 0 0 0 0 0.552171 0 0 0 0 0 0 0 0.552171 0 0 0 0.552171 0 0.552171 0.552171 -3.31302 
