64
-0 0 0 0 0 0 0 0 0 0 0 0 0 0 0 0 0 0 0 0 0 0 0 0 0 0 0 0 0 0 0 0 0 0 0 0 0 0 0 0 0 0 0 0 0 0 0 0 0 0 0 0 0 0 0 0 0 0 0 0 0 0 0 0 
1.59162 -8.14174 0 1.31002 0 1.31002 0 0 0 1.31002 0 0 0 0 0 0 0 1.31002 0 0 0 0 0 0 0 0 0 0 0 0 0 0 0 1.31002 0 0 0 0 0 0 0 0 0 0 0 0 0 0 0 0 0 0 0 0 0 0 0 0 0 0 0 0 0 0 
1.59162 0 -8.14174 1.31002 0 0 1.31002 0 0 0 1.31002 0 0 0 0 0 0 0 1.31002 0 0 0 0 0 0 0 0 0 0 0 0 0 0 0 1.31002 0 0 0 0 0 0 0 0 0 0 0 0 0 0 0 0 0 0 0 0 0 0 0 0 0 0 0 0 0 
0 1.59162 1.59162 -13.6634 0 0 0 2.62005 0 0 0 2.62005 0 0 0 0 0 0 0 2.62005 0 0 0 0 0 0 0 0 0 0 0 0 0 0 0 2.62005 0 0 0 0 0 0 0 0 0 0 0 0 0 0 0 0 0 0 0 0 0 0 0 0 0 0 0 0 
1.59162 0 0 0 -8.14174 1.31002 1.31002 0 0 0 0 0 1.31002 0 0 0 0 0 0 0 1.31002 0 0 0 0 0 0 0 0 0 0 0 0 0 0 0 1.31002 0 0 0 0 0 0 0 0 0 0 0 0 0 0 0 0 0 0 0 0 0 0 0 0 0 0 0 
0 1.59162 0 0 1.59162 -13.6634 0 2.62005 0 0 0 0 0 2.62005 0 0 0 0 0 0 0 2.62005 0 0 0 0 0 0 0 0 0 0 0 0 0 0 0 2.62005 0 0 0 0 0 0 0 0 0 0 0 0 0 0 0 0 0 0 0 0 0 0 0 0 0 0 
0 0 1.59162 0 1.59162 0 -13.6634 2.62005 0 0 0 0 0 0 2.62005 0 0 0 0 0 0 0 2.62005 0 0 0 0 0 0 0 0 0 0 0 0 0 0 0 2.62005 0 0 0 0 0 0 0 0 0 0 0 0 0 0 0 0 0 0 0 0 0 0 0 0 0 
0 0 0 1.59162 0 1.59162 1.59162 -16.5651 0 0 0 0 0 0 0 3.93007 0 0 0 0 0 0 0 3.93007 0 0 0 0 0 0 0 0 0 0 0 0 0 0 0 3.93007 0 0 0 0 0 0 0 0 0 0 0 0 0 0 0 0 0 0 0 0 0 0 0 0 
1.59162 0 0 0 0 0 0 0 -8.14174 1.31002 1.31002 0 1.31002 0 0 0 0 0 0 0 0 0 0 0 1.31002 0 0 0 0 0 0 0 0 0 0 0 0 0 0 0 1.31002 0 0 0 0 0 0 0 0 0 0 0 0 0 0 0 0 0 0 0 0 0 0 0 
0 1.59162 0 0 0 0 0 0 1.59162 -13.6634 0 2.62005 0 2.62005 0 0 0 0 0 0 0 0 0 0 0 2.62005 0 0 0 0 0 0 0 0 0 0 0 0 0 0 0 2.62005 0 0 0 0 0 0 0 0 0 0 0 0 0 0 0 0 0 0 0 0 0 0 
0 0 1.59162 0 0 0 0 0 1.59162 0 -13.6634 2.62005 0 0 2.62005 0 0 0 0 0 0 0 0 0 0 0 2.62005 0 0 0 0 0 0 0 0 0 0 0 0 0 0 0 2.62005 0 0 0 0 0 0 0 0 0 0 0 0 0 0 0 0 0 0 0 0 0 
0 0 0 1.59162 0 0 0 0 0 1.59162 1.59162 -16.5651 0 0 0 3.93007 0 0 0 0 0 0 0 0 0 0 0 3.93007 0 0 0 0 0 0 0 0 0 0 0 0 0 0 0 3.93007 0 0 0 0 0 0 0 0 0 0 0 0 0 0 0 0 0 0 0 0 
0 0 0 0 1.59162 0 0 0 1.59162 0 0 0 -13.6634 2.62005 2.62005 0 0 0 0 0 0 0 0 0 0 0 0 0 2.62005 0 0 0 0 0 0 0 0 0 0 0 0 0 0 0 2.62005 0 0 0 0 0 0 0 0 0 0 0 0 0 0 0 0 0 0 0 
0 0 0 0 0 1.59162 0 0 0 1.59162 0 0 1.59162 -16.5651 0 3.93007 0 0 0 0 0 0 0 0 0 0 0 0 0 3.93007 0 0 0 0 0 0 0 0 0 0 0 0 0 0 0 3.93007 0 0 0 0 0 0 0 0 0 0 0 0 0 0 0 0 0 0 
0 0 0 0 0 0 1.59162 0 0 0 1.59162 0 1.59162 0 -16.5651 3.93007 0 0 0 0 0 0 0 0 0 0 0 0 0 0 3.93007 0 0 0 0 0 0 0 0 0 0 0 0 0 0 0 3.93007 0 0 0 0 0 0 0 0 0 0 0 0 0 0 0 0 0 
0 0 0 0 0 0 0 1.59162 0 0 0 1.59162 0 1.59162 1.59162 -16.8467 0 0 0 0 0 0 0 0 0 0 0 0 0 0 0 5.24009 0 0 0 0 0 0 0 0 0 0 0 0 0 0 0 5.24009 0 0 0 0 0 0 0 0 0 0 0 0 0 0 0 0 
1.59162 0 0 0 0 0 0 0 0 0 0 0 0 0 0 0 -8.14174 1.31002 1.31002 0 1.31002 0 0 0 1.31002 0 0 0 0 0 0 0 0 0 0 0 0 0 0 0 0 0 0 0 0 0 0 0 1.31002 0 0 0 0 0 0 0 0 0 0 0 0 0 0 0 
0 1.59162 0 0 0 0 0 0 0 0 0 0 0 0 0 0 1.59162 -13.6634 0 2.62005 0 2.62005 0 0 0 2.62005 0 0 0 0 0 0 0 0 0 0 0 0 0 0 0 0 0 0 0 0 0 0 0 2.62005 0 0 0 0 0 0 0 0 0 0 0 0 0 0 
0 0 1.59162 0 0 0 0 0 0 0 0 0 0 0 0 0 1.59162 0 -13.6634 2.62005 0 0 2.62005 0 0 0 2.62005 0 0 0 0 0 0 0 0 0 0 0 0 0 0 0 0 0 0 0 0 0 0 0 2.62005 0 0 0 0 0 0 0 0 0 0 0 0 0 
0 0 0 1.59162 0 0 0 0 0 0 0 0 0 0 0 0 0 1.59162 1.59162 -16.5651 0 0 0 3.93007 0 0 0 3.93007 0 0 0 0 0 0 0 0 0 0 0 0 0 0 0 0 0 0 0 0 0 0 0 3.93007 0 0 0 0 0 0 0 0 0 0 0 0 
0 0 0 0 1.59162 0 0 0 0 0 0 0 0 0 0 0 1.59162 0 0 0 -13.6634 2.62005 2.62005 0 0 0 0 0 2.62005 0 0 0 0 0 0 0 0 0 0 0 0 0 0 0 0 0 0 0 0 0 0 0 2.62005 0 0 0 0 0 0 0 0 0 0 0 
0 0 0 0 0 1.59162 0 0 0 0 0 0 0 0 0 0 0 1.59162 0 0 1.59162 -16.5651 0 3.93007 0 0 0 0 0 3.93007 0 0 0 0 0 0 0 0 0 0 0 0 0 0 0 0 0 0 0 0 0 0 0 3.93007 0 0 0 0 0 0 0 0 0 0 
0 0 0 0 0 0 1.59162 0 0 0 0 0 0 0 0 0 0 0 1.59162 0 1.59162 0 -16.5651 3.93007 0 0 0 0 0 0 3.93007 0 0 0 0 0 0 0 0 0 0 0 0 0 0 0 0 0 0 0 0 0 0 0 3.93007 0 0 0 0 0 0 0 0 0 
0 0 0 0 0 0 0 1.59162 0 0 0 0 0 0 0 0 0 0 0 1.59162 0 1.59162 1.59162 -16.8467 0 0 0 0 0 0 0 5.24009 0 0 0 0 0 0 0 0 0 0 0 0 0 0 0 0 0 0 0 0 0 0 0 5.24009 0 0 0 0 0 0 0 0 
0 0 0 0 0 0 0 0 1.59162 0 0 0 0 0 0 0 1.59162 0 0 0 0 0 0 0 -13.6634 2.62005 2.62005 0 2.62005 0 0 0 0 0 0 0 0 0 0 0 0 0 0 0 0 0 0 0 0 0 0 0 0 0 0 0 2.62005 0 0 0 0 0 0 0 
0 0 0 0 0 0 0 0 0 1.59162 0 0 0 0 0 0 0 1.59162 0 0 0 0 0 0 1.59162 -16.5651 0 3.93007 0 3.93007 0 0 0 0 0 0 0 0 0 0 0 0 0 0 0 0 0 0 0 0 0 0 0 0 0 0 0 3.93007 0 0 0 0 0 0 
0 0 0 0 0 0 0 0 0 0 1.59162 0 0 0 0 0 0 0 1.59162 0 0 0 0 0 1.59162 0 -16.5651 3.93007 0 0 3.93007 0 0 0 0 0 0 0 0 0 0 0 0 0 0 0 0 0 0 0 0 0 0 0 0 0 0 0 3.93007 0 0 0 0 0 
0 0 0 0 0 0 0 0 0 0 0 1.59162 0 0 0 0 0 0 0 1.59162 0 0 0 0 0 1.59162 1.59162 -16.8467 0 0 0 5.24009 0 0 0 0 0 0 0 0 0 0 0 0 0 0 0 0 0 0 0 0 0 0 0 0 0 0 0 5.24009 0 0 0 0 
0 0 0 0 0 0 0 0 0 0 0 0 1.59162 0 0 0 0 0 0 0 1.59162 0 0 0 1.59162 0 0 0 -16.5651 3.93007 3.93007 0 0 0 0 0 0 0 0 0 0 0 0 0 0 0 0 0 0 0 0 0 0 0 0 0 0 0 0 0 3.93007 0 0 0 
0 0 0 0 0 0 0 0 0 0 0 0 0 1.59162 0 0 0 0 0 0 0 1.59162 0 0 0 1.59162 0 0 1.59162 -16.8467 0 5.24009 0 0 0 0 0 0 0 0 0 0 0 0 0 0 0 0 0 0 0 0 0 0 0 0 0 0 0 0 0 5.24009 0 0 
0 0 0 0 0 0 0 0 0 0 0 0 0 0 1.59162 0 0 0 0 0 0 0 1.59162 0 0 0 1.59162 0 1.59162 0 -16.8467 5.24009 0 0 0 0 0 0 0 0 0 0 0 0 0 0 0 0 0 0 0 0 0 0 0 0 0 0 0 0 0 0 5.24009 0 
0 0 0 0 0 0 0 0 0 0 0 0 0 0 0 1.59162 0 0 0 0 0 0 0 1.59162 0 0 0 1.59162 0 1.59162 1.59162 -14.5082 0 0 0 0 0 0 0 0 0 0 0 0 0 0 0 0 0 0 0 0 0 0 0 0 0 0 0 0 0 0 0 6.55012 
1.59162 0 0 0 0 0 0 0 0 0 0 0 0 0 0 0 0 0 0 0 0 0 0 0 0 0 0 0 0 0 0 0 -8.14174 1.31002 1.31002 0 1.31002 0 0 0 1.31002 0 0 0 0 0 0 0 1.31002 0 0 0 0 0 0 0 0 0 0 0 0 0 0 0 
0 1.59162 0 0 0 0 0 0 0 0 0 0 0 0 0 0 0 0 0 0 0 0 0 0 0 0 0 0 0 0 0 0 1.59162 -13.6634 0 2.62005 0 2.62005 0 0 0 2.62005 0 0 0 0 0 0 0 2.62005 0 0 0 0 0 0 0 0 0 0 0 0 0 0 
0 0 1.59162 0 0 0 0 0 0 0 0 0 0 0 0 0 0 0 0 0 0 0 0 0 0 0 0 0 0 0 0 0 1.59162 0 -13.6634 2.62005 0 0 2.62005 0 0 0 2.62005 0 0 0 0 0 0 0 2.62005 0 0 0 0 0 0 0 0 0 0 0 0 0 
0 0 0 1.59162 0 0 0 0 0 0 0 0 0 0 0 0 0 0 0 0 0 0 0 0 0 0 0 0 0 0 0 0 0 1.59162 1.59162 -16.5651 0 0 0 3.93007 0 0 0 3.93007 0 0 0 0 0 0 0 3.93007 0 0 0 0 0 0 0 0 0 0 0 0 
0 0 0 0 1.59162 0 0 0 0 0 0 0 0 0 0 0 0 0 0 0 0 0 0 0 0 0 0 0 0 0 0 0 1.59162 0 0 0 -13.6634 2.62005 2.62005 0 0 0 0 0 2.62005 0 0 0 0 0 0 0 2.62005 0 0 0 0 0 0 0 0 0 0 0 
0 0 0 0 0 1.59162 0 0 0 0 0 0 0 0 0 0 0 0 0 0 0 0 0 0 0 0 0 0 0 0 0 0 0 1.59162 0 0 1.59162 -16.5651 0 3.93007 0 0 0 0 0 3.93007 0 0 0 0 0 0 0 3.93007 0 0 0 0 0 0 0 0 0 0 
0 0 0 0 0 0 1.59162 0 0 0 0 0 0 0 0 0 0 0 0 0 0 0 0 0 0 0 0 0 0 0 0 0 0 0 1.59162 0 1.59162 0 -16.5651 3.93007 0 0 0 0 0 0 3.93007 0 0 0 0 0 0 0 3.93007 0 0 0 0 0 0 0 0 0 
0 0 0 0 0 0 0 1.59162 0 0 0 0 0 0 0 0 0 0 0 0 0 0 0 0 0 0 0 0 0 0 0 0 0 0 0 1.59162 0 1.59162 1.59162 -16.8467 0 0 0 0 0 0 0 5.24009 0 0 0 0 0 0 0 5.24009 0 0 0 0 0 0 0 0 
0 0 0 0 0 0 0 0 1.59162 0 0 0 0 0 0 0 0 0 0 0 0 0 0 0 0 0 0 0 0 0 0 0 1.59162 0 0 0 0 0 0 0 -13.6634 2.62005 2.62005 0 2.62005 0 0 0 0 0 0 0 0 0 0 0 2.62005 0 0 0 0 0 0 0 
0 0 0 0 0 0 0 0 0 1.59162 0 0 0 0 0 0 0 0 0 0 0 0 0 0 0 0 0 0 0 0 0 0 0 1.59162 0 0 0 0 0 0 1.59162 -16.5651 0 3.93007 0 3.93007 0 0 0 0 0 0 0 0 0 0 0 3.93007 0 0 0 0 0 0 
0 0 0 0 0 0 0 0 0 0 1.59162 0 0 0 0 0 0 0 0 0 0 0 0 0 0 0 0 0 0 0 0 0 0 0 1.59162 0 0 0 0 0 1.59162 0 -16.5651 3.93007 0 0 3.93007 0 0 0 0 0 0 0 0 0 0 0 3.93007 0 0 0 0 0 
0 0 0 0 0 0 0 0 0 0 0 1.59162 0 0 0 0 0 0 0 0 0 0 0 0 0 0 0 0 0 0 0 0 0 0 0 1.59162 0 0 0 0 0 1.59162 1.59162 -16.8467 0 0 0 5.24009 0 0 0 0 0 0 0 0 0 0 0 5.24009 0 0 0 0 
0 0 0 0 0 0 0 0 0 0 0 0 1.59162 0 0 0 0 0 0 0 0 0 0 0 0 0 0 0 0 0 0 0 0 0 0 0 1.59162 0 0 0 1.59162 0 0 0 -16.5651 3.93007 3.93007 0 0 0 0 0 0 0 0 0 0 0 0 0 3.93007 0 0 0 
0 0 0 0 0 0 0 0 0 0 0 0 0 1.59162 0 0 0 0 0 0 0 0 0 0 0 0 0 0 0 0 0 0 0 0 0 0 0 1.59162 0 0 0 1.59162 0 0 1.59162 -16.8467 0 5.24009 0 0 0 0 0 0 0 0 0 0 0 0 0 5.24009 0 0 
0 0 0 0 0 0 0 0 0 0 0 0 0 0 1.59162 0 0 0 0 0 0 0 0 0 0 0 0 0 0 0 0 0 0 0 0 0 0 0 1.59162 0 0 0 1.59162 0 1.59162 0 -16.8467 5.24009 0 0 0 0 0 0 0 0 0 0 0 0 0 0 5.24009 0 
0 0 0 0 0 0 0 0 0 0 0 0 0 0 0 1.59162 0 0 0 0 0 0 0 0 0 0 0 0 0 0 0 0 0 0 0 0 0 0 0 1.59162 0 0 0 1.59162 0 1.59162 1.59162 -14.5082 0 0 0 0 0 0 0 0 0 0 0 0 0 0 0 6.55012 
0 0 0 0 0 0 0 0 0 0 0 0 0 0 0 0 1.59162 0 0 0 0 0 0 0 0 0 0 0 0 0 0 0 1.59162 0 0 0 0 0 0 0 0 0 0 0 0 0 0 0 -13.6634 2.62005 2.62005 0 2.62005 0 0 0 2.62005 0 0 0 0 0 0 0 
0 0 0 0 0 0 0 0 0 0 0 0 0 0 0 0 0 1.59162 0 0 0 0 0 0 0 0 0 0 0 0 0 0 0 1.59162 0 0 0 0 0 0 0 0 0 0 0 0 0 0 1.59162 -16.5651 0 3.93007 0 3.93007 0 0 0 3.93007 0 0 0 0 0 0 
0 0 0 0 0 0 0 0 0 0 0 0 0 0 0 0 0 0 1.59162 0 0 0 0 0 0 0 0 0 0 0 0 0 0 0 1.59162 0 0 0 0 0 0 0 0 0 0 0 0 0 1.59162 0 -16.5651 3.93007 0 0 3.93007 0 0 0 3.93007 0 0 0 0 0 
0 0 0 0 0 0 0 0 0 0 0 0 0 0 0 0 0 0 0 1.59162 0 0 0 0 0 0 0 0 0 0 0 0 0 0 0 1.59162 0 0 0 0 0 0 0 0 0 0 0 0 0 1.59162 1.59162 -16.8467 0 0 0 5.24009 0 0 0 5.24009 0 0 0 0 
0 0 0 0 0 0 0 0 0 0 0 0 0 0 0 0 0 0 0 0 1.59162 0 0 0 0 0 0 0 0 0 0 0 0 0 0 0 1.59162 0 0 0 0 0 0 0 0 0 0 0 1.59162 0 0 0 -16.5651 3.93007 3.93007 0 0 0 0 0 3.93007 0 0 0 
0 0 0 0 0 0 0 0 0 0 0 0 0 0 0 0 0 0 0 0 0 1.59162 0 0 0 0 0 0 0 0 0 0 0 0 0 0 0 1.59162 0 0 0 0 0 0 0 0 0 0 0 1.59162 0 0 1.59162 -16.8467 0 5.24009 0 0 0 0 0 5.24009 0 0 
0 0 0 0 0 0 0 0 0 0 0 0 0 0 0 0 0 0 0 0 0 0 1.59162 0 0 0 0 0 0 0 0 0 0 0 0 0 0 0 1.59162 0 0 0 0 0 0 0 0 0 0 0 1.59162 0 1.59162 0 -16.8467 5.24009 0 0 0 0 0 0 5.24009 0 
0 0 0 0 0 0 0 0 0 0 0 0 0 0 0 0 0 0 0 0 0 0 0 1.59162 0 0 0 0 0 0 0 0 0 0 0 0 0 0 0 1.59162 0 0 0 0 0 0 0 0 0 0 0 1.59162 0 1.59162 1.59162 -14.5082 0 0 0 0 0 0 0 6.55012 
0 0 0 0 0 0 0 0 0 0 0 0 0 0 0 0 0 0 0 0 0 0 0 0 1.59162 0 0 0 0 0 0 0 0 0 0 0 0 0 0 0 1.59162 0 0 0 0 0 0 0 1.59162 0 0 0 0 0 0 0 -16.5651 3.93007 3.93007 0 3.93007 0 0 0 
0 0 0 0 0 0 0 0 0 0 0 0 0 0 0 0 0 0 0 0 0 0 0 0 0 1.59162 0 0 0 0 0 0 0 0 0 0 0 0 0 0 0 1.59162 0 0 0 0 0 0 0 1.59162 0 0 0 0 0 0 1.59162 -16.8467 0 5.24009 0 5.24009 0 0 
0 0 0 0 0 0 0 0 0 0 0 0 0 0 0 0 0 0 0 0 0 0 0 0 0 0 1.59162 0 0 0 0 0 0 0 0 0 0 0 0 0 0 0 1.59162 0 0 0 0 0 0 0 1.59162 0 0 0 0 0 1.59162 0 -16.8467 5.24009 0 0 5.24009 0 
0 0 0 0 0 0 0 0 0 0 0 0 0 0 0 0 0 0 0 0 0 0 0 0 0 0 0 1.59162 0 0 0 0 0 0 0 0 0 0 0 0 0 0 0 1.59162 0 0 0 0 0 0 0 1.59162 0 0 0 0 0 1.59162 1.59162 -14.5082 0 0 0 6.55012 
0 0 0 0 0 0 0 0 0 0 0 0 0 0 0 0 0 0 0 0 0 0 0 0 0 0 0 0 1.59162 0 0 0 0 0 0 0 0 0 0 0 0 0 0 0 1.59162 0 0 0 0 0 0 0 1.59162 0 0 0 1.59162 0 0 0 -16.8467 5.24009 5.24009 0 
0 0 0 0 0 0 0 0 0 0 0 0 0 0 0 0 0 0 0 0 0 0 0 0 0 0 0 0 0 1.59162 0 0 0 0 0 0 0 0 0 0 0 0 0 0 0 1.59162 0 0 0 0 0 0 0 1.59162 0 0 0 1.59162 0 0 1.59162 -14.5082 0 6.55012 
0 0 0 0 0 0 0 0 0 0 0 0 0 0 0 0 0 0 0 0 0 0 0 0 0 0 0 0 0 0 1.59162 0 0 0 0 0 0 0 0 0 0 0 0 0 0 0 1.59162 0 0 0 0 0 0 0 1.59162 0 0 0 1.59162 0 1.59162 0 -14.5082 6.55012 
0 0 0 0 0 0 0 0 0 0 0 0 0 0 0 0 0 0 0 0 0 0 0 0 0 0 0 0 0 0 0 1.59162 0 0 0 0 0 0 0 0 0 0 0 0 0 0 0 1.59162 0 0 0 0 0 0 0 1.59162 0 0 0 1.59162 0 1.59162 1.59162 -9.54972 
