64
-0 0 0 0 0 0 0 0 0 0 0 0 0 0 0 0 0 0 0 0 0 0 0 0 0 0 0 0 0 0 0 0 0 0 0 0 0 0 0 0 0 0 0 0 0 0 0 0 0 0 0 0 0 0 0 0 0 0 0 0 0 0 0 0 
0.270208 -1.62989 0 0.271937 0 0.271937 0 0 0 0.271937 0 0 0 0 0 0 0 0.271937 0 0 0 0 0 0 0 0 0 0 0 0 0 0 0 0.271937 0 0 0 0 0 0 0 0 0 0 0 0 0 0 0 0 0 0 0 0 0 0 0 0 0 0 0 0 0 0 
0.270208 0 -1.62989 0.271937 0 0 0.271937 0 0 0 0.271937 0 0 0 0 0 0 0 0.271937 0 0 0 0 0 0 0 0 0 0 0 0 0 0 0 0.271937 0 0 0 0 0 0 0 0 0 0 0 0 0 0 0 0 0 0 0 0 0 0 0 0 0 0 0 0 0 
0 0.270208 0.270208 -2.71591 0 0 0 0.543874 0 0 0 0.543874 0 0 0 0 0 0 0 0.543874 0 0 0 0 0 0 0 0 0 0 0 0 0 0 0 0.543874 0 0 0 0 0 0 0 0 0 0 0 0 0 0 0 0 0 0 0 0 0 0 0 0 0 0 0 0 
0.270208 0 0 0 -1.62989 0.271937 0.271937 0 0 0 0 0 0.271937 0 0 0 0 0 0 0 0.271937 0 0 0 0 0 0 0 0 0 0 0 0 0 0 0 0.271937 0 0 0 0 0 0 0 0 0 0 0 0 0 0 0 0 0 0 0 0 0 0 0 0 0 0 0 
0 0.270208 0 0 0.270208 -2.71591 0 0.543874 0 0 0 0 0 0.543874 0 0 0 0 0 0 0 0.543874 0 0 0 0 0 0 0 0 0 0 0 0 0 0 0 0.543874 0 0 0 0 0 0 0 0 0 0 0 0 0 0 0 0 0 0 0 0 0 0 0 0 0 0 
0 0 0.270208 0 0.270208 0 -2.71591 0.543874 0 0 0 0 0 0 0.543874 0 0 0 0 0 0 0 0.543874 0 0 0 0 0 0 0 0 0 0 0 0 0 0 0 0.543874 0 0 0 0 0 0 0 0 0 0 0 0 0 0 0 0 0 0 0 0 0 0 0 0 0 
0 0 0 0.270208 0 0.270208 0.270208 -3.25806 0 0 0 0 0 0 0 0.815811 0 0 0 0 0 0 0 0.815811 0 0 0 0 0 0 0 0 0 0 0 0 0 0 0 0.815811 0 0 0 0 0 0 0 0 0 0 0 0 0 0 0 0 0 0 0 0 0 0 0 0 
0.270208 0 0 0 0 0 0 0 -1.62989 0.271937 0.271937 0 0.271937 0 0 0 0 0 0 0 0 0 0 0 0.271937 0 0 0 0 0 0 0 0 0 0 0 0 0 0 0 0.271937 0 0 0 0 0 0 0 0 0 0 0 0 0 0 0 0 0 0 0 0 0 0 0 
0 0.270208 0 0 0 0 0 0 0.270208 -2.71591 0 0.543874 0 0.543874 0 0 0 0 0 0 0 0 0 0 0 0.543874 0 0 0 0 0 0 0 0 0 0 0 0 0 0 0 0.543874 0 0 0 0 0 0 0 0 0 0 0 0 0 0 0 0 0 0 0 0 0 0 
0 0 0.270208 0 0 0 0 0 0.270208 0 -2.71591 0.543874 0 0 0.543874 0 0 0 0 0 0 0 0 0 0 0 0.543874 0 0 0 0 0 0 0 0 0 0 0 0 0 0 0 0.543874 0 0 0 0 0 0 0 0 0 0 0 0 0 0 0 0 0 0 0 0 0 
0 0 0 0.270208 0 0 0 0 0 0.270208 0.270208 -3.25806 0 0 0 0.815811 0 0 0 0 0 0 0 0 0 0 0 0.815811 0 0 0 0 0 0 0 0 0 0 0 0 0 0 0 0.815811 0 0 0 0 0 0 0 0 0 0 0 0 0 0 0 0 0 0 0 0 
0 0 0 0 0.270208 0 0 0 0.270208 0 0 0 -2.71591 0.543874 0.543874 0 0 0 0 0 0 0 0 0 0 0 0 0 0.543874 0 0 0 0 0 0 0 0 0 0 0 0 0 0 0 0.543874 0 0 0 0 0 0 0 0 0 0 0 0 0 0 0 0 0 0 0 
0 0 0 0 0 0.270208 0 0 0 0.270208 0 0 0.270208 -3.25806 0 0.815811 0 0 0 0 0 0 0 0 0 0 0 0 0 0.815811 0 0 0 0 0 0 0 0 0 0 0 0 0 0 0 0.815811 0 0 0 0 0 0 0 0 0 0 0 0 0 0 0 0 0 0 
0 0 0 0 0 0 0.270208 0 0 0 0.270208 0 0.270208 0 -3.25806 0.815811 0 0 0 0 0 0 0 0 0 0 0 0 0 0 0.815811 0 0 0 0 0 0 0 0 0 0 0 0 0 0 0 0.815811 0 0 0 0 0 0 0 0 0 0 0 0 0 0 0 0 0 
0 0 0 0 0 0 0 0.270208 0 0 0 0.270208 0 0.270208 0.270208 -3.25633 0 0 0 0 0 0 0 0 0 0 0 0 0 0 0 1.08775 0 0 0 0 0 0 0 0 0 0 0 0 0 0 0 1.08775 0 0 0 0 0 0 0 0 0 0 0 0 0 0 0 0 
0.270208 0 0 0 0 0 0 0 0 0 0 0 0 0 0 0 -1.62989 0.271937 0.271937 0 0.271937 0 0 0 0.271937 0 0 0 0 0 0 0 0 0 0 0 0 0 0 0 0 0 0 0 0 0 0 0 0.271937 0 0 0 0 0 0 0 0 0 0 0 0 0 0 0 
0 0.270208 0 0 0 0 0 0 0 0 0 0 0 0 0 0 0.270208 -2.71591 0 0.543874 0 0.543874 0 0 0 0.543874 0 0 0 0 0 0 0 0 0 0 0 0 0 0 0 0 0 0 0 0 0 0 0 0.543874 0 0 0 0 0 0 0 0 0 0 0 0 0 0 
0 0 0.270208 0 0 0 0 0 0 0 0 0 0 0 0 0 0.270208 0 -2.71591 0.543874 0 0 0.543874 0 0 0 0.543874 0 0 0 0 0 0 0 0 0 0 0 0 0 0 0 0 0 0 0 0 0 0 0 0.543874 0 0 0 0 0 0 0 0 0 0 0 0 0 
0 0 0 0.270208 0 0 0 0 0 0 0 0 0 0 0 0 0 0.270208 0.270208 -3.25806 0 0 0 0.815811 0 0 0 0.815811 0 0 0 0 0 0 0 0 0 0 0 0 0 0 0 0 0 0 0 0 0 0 0 0.815811 0 0 0 0 0 0 0 0 0 0 0 0 
0 0 0 0 0.270208 0 0 0 0 0 0 0 0 0 0 0 0.270208 0 0 0 -2.71591 0.543874 0.543874 0 0 0 0 0 0.543874 0 0 0 0 0 0 0 0 0 0 0 0 0 0 0 0 0 0 0 0 0 0 0 0.543874 0 0 0 0 0 0 0 0 0 0 0 
0 0 0 0 0 0.270208 0 0 0 0 0 0 0 0 0 0 0 0.270208 0 0 0.270208 -3.25806 0 0.815811 0 0 0 0 0 0.815811 0 0 0 0 0 0 0 0 0 0 0 0 0 0 0 0 0 0 0 0 0 0 0 0.815811 0 0 0 0 0 0 0 0 0 0 
0 0 0 0 0 0 0.270208 0 0 0 0 0 0 0 0 0 0 0 0.270208 0 0.270208 0 -3.25806 0.815811 0 0 0 0 0 0 0.815811 0 0 0 0 0 0 0 0 0 0 0 0 0 0 0 0 0 0 0 0 0 0 0 0.815811 0 0 0 0 0 0 0 0 0 
0 0 0 0 0 0 0 0.270208 0 0 0 0 0 0 0 0 0 0 0 0.270208 0 0.270208 0.270208 -3.25633 0 0 0 0 0 0 0 1.08775 0 0 0 0 0 0 0 0 0 0 0 0 0 0 0 0 0 0 0 0 0 0 0 1.08775 0 0 0 0 0 0 0 0 
0 0 0 0 0 0 0 0 0.270208 0 0 0 0 0 0 0 0.270208 0 0 0 0 0 0 0 -2.71591 0.543874 0.543874 0 0.543874 0 0 0 0 0 0 0 0 0 0 0 0 0 0 0 0 0 0 0 0 0 0 0 0 0 0 0 0.543874 0 0 0 0 0 0 0 
0 0 0 0 0 0 0 0 0 0.270208 0 0 0 0 0 0 0 0.270208 0 0 0 0 0 0 0.270208 -3.25806 0 0.815811 0 0.815811 0 0 0 0 0 0 0 0 0 0 0 0 0 0 0 0 0 0 0 0 0 0 0 0 0 0 0 0.815811 0 0 0 0 0 0 
0 0 0 0 0 0 0 0 0 0 0.270208 0 0 0 0 0 0 0 0.270208 0 0 0 0 0 0.270208 0 -3.25806 0.815811 0 0 0.815811 0 0 0 0 0 0 0 0 0 0 0 0 0 0 0 0 0 0 0 0 0 0 0 0 0 0 0 0.815811 0 0 0 0 0 
0 0 0 0 0 0 0 0 0 0 0 0.270208 0 0 0 0 0 0 0 0.270208 0 0 0 0 0 0.270208 0.270208 -3.25633 0 0 0 1.08775 0 0 0 0 0 0 0 0 0 0 0 0 0 0 0 0 0 0 0 0 0 0 0 0 0 0 0 1.08775 0 0 0 0 
0 0 0 0 0 0 0 0 0 0 0 0 0.270208 0 0 0 0 0 0 0 0.270208 0 0 0 0.270208 0 0 0 -3.25806 0.815811 0.815811 0 0 0 0 0 0 0 0 0 0 0 0 0 0 0 0 0 0 0 0 0 0 0 0 0 0 0 0 0 0.815811 0 0 0 
0 0 0 0 0 0 0 0 0 0 0 0 0 0.270208 0 0 0 0 0 0 0 0.270208 0 0 0 0.270208 0 0 0.270208 -3.25633 0 1.08775 0 0 0 0 0 0 0 0 0 0 0 0 0 0 0 0 0 0 0 0 0 0 0 0 0 0 0 0 0 1.08775 0 0 
0 0 0 0 0 0 0 0 0 0 0 0 0 0 0.270208 0 0 0 0 0 0 0 0.270208 0 0 0 0.270208 0 0.270208 0 -3.25633 1.08775 0 0 0 0 0 0 0 0 0 0 0 0 0 0 0 0 0 0 0 0 0 0 0 0 0 0 0 0 0 0 1.08775 0 
0 0 0 0 0 0 0 0 0 0 0 0 0 0 0 0.270208 0 0 0 0 0 0 0 0.270208 0 0 0 0.270208 0 0.270208 0.270208 -2.71072 0 0 0 0 0 0 0 0 0 0 0 0 0 0 0 0 0 0 0 0 0 0 0 0 0 0 0 0 0 0 0 1.35969 
0.270208 0 0 0 0 0 0 0 0 0 0 0 0 0 0 0 0 0 0 0 0 0 0 0 0 0 0 0 0 0 0 0 -1.62989 0.271937 0.271937 0 0.271937 0 0 0 0.271937 0 0 0 0 0 0 0 0.271937 0 0 0 0 0 0 0 0 0 0 0 0 0 0 0 
0 0.270208 0 0 0 0 0 0 0 0 0 0 0 0 0 0 0 0 0 0 0 0 0 0 0 0 0 0 0 0 0 0 0.270208 -2.71591 0 0.543874 0 0.543874 0 0 0 0.543874 0 0 0 0 0 0 0 0.543874 0 0 0 0 0 0 0 0 0 0 0 0 0 0 
0 0 0.270208 0 0 0 0 0 0 0 0 0 0 0 0 0 0 0 0 0 0 0 0 0 0 0 0 0 0 0 0 0 0.270208 0 -2.71591 0.543874 0 0 0.543874 0 0 0 0.543874 0 0 0 0 0 0 0 0.543874 0 0 0 0 0 0 0 0 0 0 0 0 0 
0 0 0 0.270208 0 0 0 0 0 0 0 0 0 0 0 0 0 0 0 0 0 0 0 0 0 0 0 0 0 0 0 0 0 0.270208 0.270208 -3.25806 0 0 0 0.815811 0 0 0 0.815811 0 0 0 0 0 0 0 0.815811 0 0 0 0 0 0 0 0 0 0 0 0 
0 0 0 0 0.270208 0 0 0 0 0 0 0 0 0 0 0 0 0 0 0 0 0 0 0 0 0 0 0 0 0 0 0 0.270208 0 0 0 -2.71591 0.543874 0.543874 0 0 0 0 0 0.543874 0 0 0 0 0 0 0 0.543874 0 0 0 0 0 0 0 0 0 0 0 
0 0 0 0 0 0.270208 0 0 0 0 0 0 0 0 0 0 0 0 0 0 0 0 0 0 0 0 0 0 0 0 0 0 0 0.270208 0 0 0.270208 -3.25806 0 0.815811 0 0 0 0 0 0.815811 0 0 0 0 0 0 0 0.815811 0 0 0 0 0 0 0 0 0 0 
0 0 0 0 0 0 0.270208 0 0 0 0 0 0 0 0 0 0 0 0 0 0 0 0 0 0 0 0 0 0 0 0 0 0 0 0.270208 0 0.270208 0 -3.25806 0.815811 0 0 0 0 0 0 0.815811 0 0 0 0 0 0 0 0.815811 0 0 0 0 0 0 0 0 0 
0 0 0 0 0 0 0 0.270208 0 0 0 0 0 0 0 0 0 0 0 0 0 0 0 0 0 0 0 0 0 0 0 0 0 0 0 0.270208 0 0.270208 0.270208 -3.25633 0 0 0 0 0 0 0 1.08775 0 0 0 0 0 0 0 1.08775 0 0 0 0 0 0 0 0 
0 0 0 0 0 0 0 0 0.270208 0 0 0 0 0 0 0 0 0 0 0 0 0 0 0 0 0 0 0 0 0 0 0 0.270208 0 0 0 0 0 0 0 -2.71591 0.543874 0.543874 0 0.543874 0 0 0 0 0 0 0 0 0 0 0 0.543874 0 0 0 0 0 0 0 
0 0 0 0 0 0 0 0 0 0.270208 0 0 0 0 0 0 0 0 0 0 0 0 0 0 0 0 0 0 0 0 0 0 0 0.270208 0 0 0 0 0 0 0.270208 -3.25806 0 0.815811 0 0.815811 0 0 0 0 0 0 0 0 0 0 0 0.815811 0 0 0 0 0 0 
0 0 0 0 0 0 0 0 0 0 0.270208 0 0 0 0 0 0 0 0 0 0 0 0 0 0 0 0 0 0 0 0 0 0 0 0.270208 0 0 0 0 0 0.270208 0 -3.25806 0.815811 0 0 0.815811 0 0 0 0 0 0 0 0 0 0 0 0.815811 0 0 0 0 0 
0 0 0 0 0 0 0 0 0 0 0 0.270208 0 0 0 0 0 0 0 0 0 0 0 0 0 0 0 0 0 0 0 0 0 0 0 0.270208 0 0 0 0 0 0.270208 0.270208 -3.25633 0 0 0 1.08775 0 0 0 0 0 0 0 0 0 0 0 1.08775 0 0 0 0 
0 0 0 0 0 0 0 0 0 0 0 0 0.270208 0 0 0 0 0 0 0 0 0 0 0 0 0 0 0 0 0 0 0 0 0 0 0 0.270208 0 0 0 0.270208 0 0 0 -3.25806 0.815811 0.815811 0 0 0 0 0 0 0 0 0 0 0 0 0 0.815811 0 0 0 
0 0 0 0 0 0 0 0 0 0 0 0 0 0.270208 0 0 0 0 0 0 0 0 0 0 0 0 0 0 0 0 0 0 0 0 0 0 0 0.270208 0 0 0 0.270208 0 0 0.270208 -3.25633 0 1.08775 0 0 0 0 0 0 0 0 0 0 0 0 0 1.08775 0 0 
0 0 0 0 0 0 0 0 0 0 0 0 0 0 0.270208 0 0 0 0 0 0 0 0 0 0 0 0 0 0 0 0 0 0 0 0 0 0 0 0.270208 0 0 0 0.270208 0 0.270208 0 -3.25633 1.08775 0 0 0 0 0 0 0 0 0 0 0 0 0 0 1.08775 0 
0 0 0 0 0 0 0 0 0 0 0 0 0 0 0 0.270208 0 0 0 0 0 0 0 0 0 0 0 0 0 0 0 0 0 0 0 0 0 0 0 0.270208 0 0 0 0.270208 0 0.270208 0.270208 -2.71072 0 0 0 0 0 0 0 0 0 0 0 0 0 0 0 1.35969 
0 0 0 0 0 0 0 0 0 0 0 0 0 0 0 0 0.270208 0 0 0 0 0 0 0 0 0 0 0 0 0 0 0 0.270208 0 0 0 0 0 0 0 0 0 0 0 0 0 0 0 -2.71591 0.543874 0.543874 0 0.543874 0 0 0 0.543874 0 0 0 0 0 0 0 
0 0 0 0 0 0 0 0 0 0 0 0 0 0 0 0 0 0.270208 0 0 0 0 0 0 0 0 0 0 0 0 0 0 0 0.270208 0 0 0 0 0 0 0 0 0 0 0 0 0 0 0.270208 -3.25806 0 0.815811 0 0.815811 0 0 0 0.815811 0 0 0 0 0 0 
0 0 0 0 0 0 0 0 0 0 0 0 0 0 0 0 0 0 0.270208 0 0 0 0 0 0 0 0 0 0 0 0 0 0 0 0.270208 0 0 0 0 0 0 0 0 0 0 0 0 0 0.270208 0 -3.25806 0.815811 0 0 0.815811 0 0 0 0.815811 0 0 0 0 0 
0 0 0 0 0 0 0 0 0 0 0 0 0 0 0 0 0 0 0 0.270208 0 0 0 0 0 0 0 0 0 0 0 0 0 0 0 0.270208 0 0 0 0 0 0 0 0 0 0 0 0 0 0.270208 0.270208 -3.25633 0 0 0 1.08775 0 0 0 1.08775 0 0 0 0 
0 0 0 0 0 0 0 0 0 0 0 0 0 0 0 0 0 0 0 0 0.270208 0 0 0 0 0 0 0 0 0 0 0 0 0 0 0 0.270208 0 0 0 0 0 0 0 0 0 0 0 0.270208 0 0 0 -3.25806 0.815811 0.815811 0 0 0 0 0 0.815811 0 0 0 
0 0 0 0 0 0 0 0 0 0 0 0 0 0 0 0 0 0 0 0 0 0.270208 0 0 0 0 0 0 0 0 0 0 0 0 0 0 0 0.270208 0 0 0 0 0 0 0 0 0 0 0 0.270208 0 0 0.270208 -3.25633 0 1.08775 0 0 0 0 0 1.08775 0 0 
0 0 0 0 0 0 0 0 0 0 0 0 0 0 0 0 0 0 0 0 0 0 0.270208 0 0 0 0 0 0 0 0 0 0 0 0 0 0 0 0.270208 0 0 0 0 0 0 0 0 0 0 0 0.270208 0 0.270208 0 -3.25633 1.08775 0 0 0 0 0 0 1.08775 0 
0 0 0 0 0 0 0 0 0 0 0 0 0 0 0 0 0 0 0 0 0 0 0 0.270208 0 0 0 0 0 0 0 0 0 0 0 0 0 0 0 0.270208 0 0 0 0 0 0 0 0 0 0 0 0.270208 0 0.270208 0.270208 -2.71072 0 0 0 0 0 0 0 1.35969 
0 0 0 0 0 0 0 0 0 0 0 0 0 0 0 0 0 0 0 0 0 0 0 0 0.270208 0 0 0 0 0 0 0 0 0 0 0 0 0 0 0 0.270208 0 0 0 0 0 0 0 0.270208 0 0 0 0 0 0 0 -3.25806 0.815811 0.815811 0 0.815811 0 0 0 
0 0 0 0 0 0 0 0 0 0 0 0 0 0 0 0 0 0 0 0 0 0 0 0 0 0.270208 0 0 0 0 0 0 0 0 0 0 0 0 0 0 0 0.270208 0 0 0 0 0 0 0 0.270208 0 0 0 0 0 0 0.270208 -3.25633 0 1.08775 0 1.08775 0 0 
0 0 0 0 0 0 0 0 0 0 0 0 0 0 0 0 0 0 0 0 0 0 0 0 0 0 0.270208 0 0 0 0 0 0 0 0 0 0 0 0 0 0 0 0.270208 0 0 0 0 0 0 0 0.270208 0 0 0 0 0 0.270208 0 -3.25633 1.08775 0 0 1.08775 0 
0 0 0 0 0 0 0 0 0 0 0 0 0 0 0 0 0 0 0 0 0 0 0 0 0 0 0 0.270208 0 0 0 0 0 0 0 0 0 0 0 0 0 0 0 0.270208 0 0 0 0 0 0 0 0.270208 0 0 0 0 0 0.270208 0.270208 -2.71072 0 0 0 1.35969 
0 0 0 0 0 0 0 0 0 0 0 0 0 0 0 0 0 0 0 0 0 0 0 0 0 0 0 0 0.270208 0 0 0 0 0 0 0 0 0 0 0 0 0 0 0 0.270208 0 0 0 0 0 0 0 0.270208 0 0 0 0.270208 0 0 0 -3.25633 1.08775 1.08775 0 
0 0 0 0 0 0 0 0 0 0 0 0 0 0 0 0 0 0 0 0 0 0 0 0 0 0 0 0 0 0.270208 0 0 0 0 0 0 0 0 0 0 0 0 0 0 0 0.270208 0 0 0 0 0 0 0 0.270208 0 0 0 0.270208 0 0 0.270208 -2.71072 0 1.35969 
0 0 0 0 0 0 0 0 0 0 0 0 0 0 0 0 0 0 0 0 0 0 0 0 0 0 0 0 0 0 0.270208 0 0 0 0 0 0 0 0 0 0 0 0 0 0 0 0.270208 0 0 0 0 0 0 0 0.270208 0 0 0 0.270208 0 0.270208 0 -2.71072 1.35969 
0 0 0 0 0 0 0 0 0 0 0 0 0 0 0 0 0 0 0 0 0 0 0 0 0 0 0 0 0 0 0 0.270208 0 0 0 0 0 0 0 0 0 0 0 0 0 0 0 0.270208 0 0 0 0 0 0 0 0.270208 0 0 0 0.270208 0 0.270208 0.270208 -1.62125 
