64
-0 0 0 0 0 0 0 0 0 0 0 0 0 0 0 0 0 0 0 0 0 0 0 0 0 0 0 0 0 0 0 0 0 0 0 0 0 0 0 0 0 0 0 0 0 0 0 0 0 0 0 0 0 0 0 0 0 0 0 0 0 0 0 0 
0.671997 -3.28453 0 0.522506 0 0.522506 0 0 0 0.522506 0 0 0 0 0 0 0 0.522506 0 0 0 0 0 0 0 0 0 0 0 0 0 0 0 0.522506 0 0 0 0 0 0 0 0 0 0 0 0 0 0 0 0 0 0 0 0 0 0 0 0 0 0 0 0 0 0 
0.671997 0 -3.28453 0.522506 0 0 0.522506 0 0 0 0.522506 0 0 0 0 0 0 0 0.522506 0 0 0 0 0 0 0 0 0 0 0 0 0 0 0 0.522506 0 0 0 0 0 0 0 0 0 0 0 0 0 0 0 0 0 0 0 0 0 0 0 0 0 0 0 0 0 
0 0.671997 0.671997 -5.52404 0 0 0 1.04501 0 0 0 1.04501 0 0 0 0 0 0 0 1.04501 0 0 0 0 0 0 0 0 0 0 0 0 0 0 0 1.04501 0 0 0 0 0 0 0 0 0 0 0 0 0 0 0 0 0 0 0 0 0 0 0 0 0 0 0 0 
0.671997 0 0 0 -3.28453 0.522506 0.522506 0 0 0 0 0 0.522506 0 0 0 0 0 0 0 0.522506 0 0 0 0 0 0 0 0 0 0 0 0 0 0 0 0.522506 0 0 0 0 0 0 0 0 0 0 0 0 0 0 0 0 0 0 0 0 0 0 0 0 0 0 0 
0 0.671997 0 0 0.671997 -5.52404 0 1.04501 0 0 0 0 0 1.04501 0 0 0 0 0 0 0 1.04501 0 0 0 0 0 0 0 0 0 0 0 0 0 0 0 1.04501 0 0 0 0 0 0 0 0 0 0 0 0 0 0 0 0 0 0 0 0 0 0 0 0 0 0 
0 0 0.671997 0 0.671997 0 -5.52404 1.04501 0 0 0 0 0 0 1.04501 0 0 0 0 0 0 0 1.04501 0 0 0 0 0 0 0 0 0 0 0 0 0 0 0 1.04501 0 0 0 0 0 0 0 0 0 0 0 0 0 0 0 0 0 0 0 0 0 0 0 0 0 
0 0 0 0.671997 0 0.671997 0.671997 -6.71855 0 0 0 0 0 0 0 1.56752 0 0 0 0 0 0 0 1.56752 0 0 0 0 0 0 0 0 0 0 0 0 0 0 0 1.56752 0 0 0 0 0 0 0 0 0 0 0 0 0 0 0 0 0 0 0 0 0 0 0 0 
0.671997 0 0 0 0 0 0 0 -3.28453 0.522506 0.522506 0 0.522506 0 0 0 0 0 0 0 0 0 0 0 0.522506 0 0 0 0 0 0 0 0 0 0 0 0 0 0 0 0.522506 0 0 0 0 0 0 0 0 0 0 0 0 0 0 0 0 0 0 0 0 0 0 0 
0 0.671997 0 0 0 0 0 0 0.671997 -5.52404 0 1.04501 0 1.04501 0 0 0 0 0 0 0 0 0 0 0 1.04501 0 0 0 0 0 0 0 0 0 0 0 0 0 0 0 1.04501 0 0 0 0 0 0 0 0 0 0 0 0 0 0 0 0 0 0 0 0 0 0 
0 0 0.671997 0 0 0 0 0 0.671997 0 -5.52404 1.04501 0 0 1.04501 0 0 0 0 0 0 0 0 0 0 0 1.04501 0 0 0 0 0 0 0 0 0 0 0 0 0 0 0 1.04501 0 0 0 0 0 0 0 0 0 0 0 0 0 0 0 0 0 0 0 0 0 
0 0 0 0.671997 0 0 0 0 0 0.671997 0.671997 -6.71855 0 0 0 1.56752 0 0 0 0 0 0 0 0 0 0 0 1.56752 0 0 0 0 0 0 0 0 0 0 0 0 0 0 0 1.56752 0 0 0 0 0 0 0 0 0 0 0 0 0 0 0 0 0 0 0 0 
0 0 0 0 0.671997 0 0 0 0.671997 0 0 0 -5.52404 1.04501 1.04501 0 0 0 0 0 0 0 0 0 0 0 0 0 1.04501 0 0 0 0 0 0 0 0 0 0 0 0 0 0 0 1.04501 0 0 0 0 0 0 0 0 0 0 0 0 0 0 0 0 0 0 0 
0 0 0 0 0 0.671997 0 0 0 0.671997 0 0 0.671997 -6.71855 0 1.56752 0 0 0 0 0 0 0 0 0 0 0 0 0 1.56752 0 0 0 0 0 0 0 0 0 0 0 0 0 0 0 1.56752 0 0 0 0 0 0 0 0 0 0 0 0 0 0 0 0 0 0 
0 0 0 0 0 0 0.671997 0 0 0 0.671997 0 0.671997 0 -6.71855 1.56752 0 0 0 0 0 0 0 0 0 0 0 0 0 0 1.56752 0 0 0 0 0 0 0 0 0 0 0 0 0 0 0 1.56752 0 0 0 0 0 0 0 0 0 0 0 0 0 0 0 0 0 
0 0 0 0 0 0 0 0.671997 0 0 0 0.671997 0 0.671997 0.671997 -6.86804 0 0 0 0 0 0 0 0 0 0 0 0 0 0 0 2.09002 0 0 0 0 0 0 0 0 0 0 0 0 0 0 0 2.09002 0 0 0 0 0 0 0 0 0 0 0 0 0 0 0 0 
0.671997 0 0 0 0 0 0 0 0 0 0 0 0 0 0 0 -3.28453 0.522506 0.522506 0 0.522506 0 0 0 0.522506 0 0 0 0 0 0 0 0 0 0 0 0 0 0 0 0 0 0 0 0 0 0 0 0.522506 0 0 0 0 0 0 0 0 0 0 0 0 0 0 0 
0 0.671997 0 0 0 0 0 0 0 0 0 0 0 0 0 0 0.671997 -5.52404 0 1.04501 0 1.04501 0 0 0 1.04501 0 0 0 0 0 0 0 0 0 0 0 0 0 0 0 0 0 0 0 0 0 0 0 1.04501 0 0 0 0 0 0 0 0 0 0 0 0 0 0 
0 0 0.671997 0 0 0 0 0 0 0 0 0 0 0 0 0 0.671997 0 -5.52404 1.04501 0 0 1.04501 0 0 0 1.04501 0 0 0 0 0 0 0 0 0 0 0 0 0 0 0 0 0 0 0 0 0 0 0 1.04501 0 0 0 0 0 0 0 0 0 0 0 0 0 
0 0 0 0.671997 0 0 0 0 0 0 0 0 0 0 0 0 0 0.671997 0.671997 -6.71855 0 0 0 1.56752 0 0 0 1.56752 0 0 0 0 0 0 0 0 0 0 0 0 0 0 0 0 0 0 0 0 0 0 0 1.56752 0 0 0 0 0 0 0 0 0 0 0 0 
0 0 0 0 0.671997 0 0 0 0 0 0 0 0 0 0 0 0.671997 0 0 0 -5.52404 1.04501 1.04501 0 0 0 0 0 1.04501 0 0 0 0 0 0 0 0 0 0 0 0 0 0 0 0 0 0 0 0 0 0 0 1.04501 0 0 0 0 0 0 0 0 0 0 0 
0 0 0 0 0 0.671997 0 0 0 0 0 0 0 0 0 0 0 0.671997 0 0 0.671997 -6.71855 0 1.56752 0 0 0 0 0 1.56752 0 0 0 0 0 0 0 0 0 0 0 0 0 0 0 0 0 0 0 0 0 0 0 1.56752 0 0 0 0 0 0 0 0 0 0 
0 0 0 0 0 0 0.671997 0 0 0 0 0 0 0 0 0 0 0 0.671997 0 0.671997 0 -6.71855 1.56752 0 0 0 0 0 0 1.56752 0 0 0 0 0 0 0 0 0 0 0 0 0 0 0 0 0 0 0 0 0 0 0 1.56752 0 0 0 0 0 0 0 0 0 
0 0 0 0 0 0 0 0.671997 0 0 0 0 0 0 0 0 0 0 0 0.671997 0 0.671997 0.671997 -6.86804 0 0 0 0 0 0 0 2.09002 0 0 0 0 0 0 0 0 0 0 0 0 0 0 0 0 0 0 0 0 0 0 0 2.09002 0 0 0 0 0 0 0 0 
0 0 0 0 0 0 0 0 0.671997 0 0 0 0 0 0 0 0.671997 0 0 0 0 0 0 0 -5.52404 1.04501 1.04501 0 1.04501 0 0 0 0 0 0 0 0 0 0 0 0 0 0 0 0 0 0 0 0 0 0 0 0 0 0 0 1.04501 0 0 0 0 0 0 0 
0 0 0 0 0 0 0 0 0 0.671997 0 0 0 0 0 0 0 0.671997 0 0 0 0 0 0 0.671997 -6.71855 0 1.56752 0 1.56752 0 0 0 0 0 0 0 0 0 0 0 0 0 0 0 0 0 0 0 0 0 0 0 0 0 0 0 1.56752 0 0 0 0 0 0 
0 0 0 0 0 0 0 0 0 0 0.671997 0 0 0 0 0 0 0 0.671997 0 0 0 0 0 0.671997 0 -6.71855 1.56752 0 0 1.56752 0 0 0 0 0 0 0 0 0 0 0 0 0 0 0 0 0 0 0 0 0 0 0 0 0 0 0 1.56752 0 0 0 0 0 
0 0 0 0 0 0 0 0 0 0 0 0.671997 0 0 0 0 0 0 0 0.671997 0 0 0 0 0 0.671997 0.671997 -6.86804 0 0 0 2.09002 0 0 0 0 0 0 0 0 0 0 0 0 0 0 0 0 0 0 0 0 0 0 0 0 0 0 0 2.09002 0 0 0 0 
0 0 0 0 0 0 0 0 0 0 0 0 0.671997 0 0 0 0 0 0 0 0.671997 0 0 0 0.671997 0 0 0 -6.71855 1.56752 1.56752 0 0 0 0 0 0 0 0 0 0 0 0 0 0 0 0 0 0 0 0 0 0 0 0 0 0 0 0 0 1.56752 0 0 0 
0 0 0 0 0 0 0 0 0 0 0 0 0 0.671997 0 0 0 0 0 0 0 0.671997 0 0 0 0.671997 0 0 0.671997 -6.86804 0 2.09002 0 0 0 0 0 0 0 0 0 0 0 0 0 0 0 0 0 0 0 0 0 0 0 0 0 0 0 0 0 2.09002 0 0 
0 0 0 0 0 0 0 0 0 0 0 0 0 0 0.671997 0 0 0 0 0 0 0 0.671997 0 0 0 0.671997 0 0.671997 0 -6.86804 2.09002 0 0 0 0 0 0 0 0 0 0 0 0 0 0 0 0 0 0 0 0 0 0 0 0 0 0 0 0 0 0 2.09002 0 
0 0 0 0 0 0 0 0 0 0 0 0 0 0 0 0.671997 0 0 0 0 0 0 0 0.671997 0 0 0 0.671997 0 0.671997 0.671997 -5.97252 0 0 0 0 0 0 0 0 0 0 0 0 0 0 0 0 0 0 0 0 0 0 0 0 0 0 0 0 0 0 0 2.61253 
0.671997 0 0 0 0 0 0 0 0 0 0 0 0 0 0 0 0 0 0 0 0 0 0 0 0 0 0 0 0 0 0 0 -3.28453 0.522506 0.522506 0 0.522506 0 0 0 0.522506 0 0 0 0 0 0 0 0.522506 0 0 0 0 0 0 0 0 0 0 0 0 0 0 0 
0 0.671997 0 0 0 0 0 0 0 0 0 0 0 0 0 0 0 0 0 0 0 0 0 0 0 0 0 0 0 0 0 0 0.671997 -5.52404 0 1.04501 0 1.04501 0 0 0 1.04501 0 0 0 0 0 0 0 1.04501 0 0 0 0 0 0 0 0 0 0 0 0 0 0 
0 0 0.671997 0 0 0 0 0 0 0 0 0 0 0 0 0 0 0 0 0 0 0 0 0 0 0 0 0 0 0 0 0 0.671997 0 -5.52404 1.04501 0 0 1.04501 0 0 0 1.04501 0 0 0 0 0 0 0 1.04501 0 0 0 0 0 0 0 0 0 0 0 0 0 
0 0 0 0.671997 0 0 0 0 0 0 0 0 0 0 0 0 0 0 0 0 0 0 0 0 0 0 0 0 0 0 0 0 0 0.671997 0.671997 -6.71855 0 0 0 1.56752 0 0 0 1.56752 0 0 0 0 0 0 0 1.56752 0 0 0 0 0 0 0 0 0 0 0 0 
0 0 0 0 0.671997 0 0 0 0 0 0 0 0 0 0 0 0 0 0 0 0 0 0 0 0 0 0 0 0 0 0 0 0.671997 0 0 0 -5.52404 1.04501 1.04501 0 0 0 0 0 1.04501 0 0 0 0 0 0 0 1.04501 0 0 0 0 0 0 0 0 0 0 0 
0 0 0 0 0 0.671997 0 0 0 0 0 0 0 0 0 0 0 0 0 0 0 0 0 0 0 0 0 0 0 0 0 0 0 0.671997 0 0 0.671997 -6.71855 0 1.56752 0 0 0 0 0 1.56752 0 0 0 0 0 0 0 1.56752 0 0 0 0 0 0 0 0 0 0 
0 0 0 0 0 0 0.671997 0 0 0 0 0 0 0 0 0 0 0 0 0 0 0 0 0 0 0 0 0 0 0 0 0 0 0 0.671997 0 0.671997 0 -6.71855 1.56752 0 0 0 0 0 0 1.56752 0 0 0 0 0 0 0 1.56752 0 0 0 0 0 0 0 0 0 
0 0 0 0 0 0 0 0.671997 0 0 0 0 0 0 0 0 0 0 0 0 0 0 0 0 0 0 0 0 0 0 0 0 0 0 0 0.671997 0 0.671997 0.671997 -6.86804 0 0 0 0 0 0 0 2.09002 0 0 0 0 0 0 0 2.09002 0 0 0 0 0 0 0 0 
0 0 0 0 0 0 0 0 0.671997 0 0 0 0 0 0 0 0 0 0 0 0 0 0 0 0 0 0 0 0 0 0 0 0.671997 0 0 0 0 0 0 0 -5.52404 1.04501 1.04501 0 1.04501 0 0 0 0 0 0 0 0 0 0 0 1.04501 0 0 0 0 0 0 0 
0 0 0 0 0 0 0 0 0 0.671997 0 0 0 0 0 0 0 0 0 0 0 0 0 0 0 0 0 0 0 0 0 0 0 0.671997 0 0 0 0 0 0 0.671997 -6.71855 0 1.56752 0 1.56752 0 0 0 0 0 0 0 0 0 0 0 1.56752 0 0 0 0 0 0 
0 0 0 0 0 0 0 0 0 0 0.671997 0 0 0 0 0 0 0 0 0 0 0 0 0 0 0 0 0 0 0 0 0 0 0 0.671997 0 0 0 0 0 0.671997 0 -6.71855 1.56752 0 0 1.56752 0 0 0 0 0 0 0 0 0 0 0 1.56752 0 0 0 0 0 
0 0 0 0 0 0 0 0 0 0 0 0.671997 0 0 0 0 0 0 0 0 0 0 0 0 0 0 0 0 0 0 0 0 0 0 0 0.671997 0 0 0 0 0 0.671997 0.671997 -6.86804 0 0 0 2.09002 0 0 0 0 0 0 0 0 0 0 0 2.09002 0 0 0 0 
0 0 0 0 0 0 0 0 0 0 0 0 0.671997 0 0 0 0 0 0 0 0 0 0 0 0 0 0 0 0 0 0 0 0 0 0 0 0.671997 0 0 0 0.671997 0 0 0 -6.71855 1.56752 1.56752 0 0 0 0 0 0 0 0 0 0 0 0 0 1.56752 0 0 0 
0 0 0 0 0 0 0 0 0 0 0 0 0 0.671997 0 0 0 0 0 0 0 0 0 0 0 0 0 0 0 0 0 0 0 0 0 0 0 0.671997 0 0 0 0.671997 0 0 0.671997 -6.86804 0 2.09002 0 0 0 0 0 0 0 0 0 0 0 0 0 2.09002 0 0 
0 0 0 0 0 0 0 0 0 0 0 0 0 0 0.671997 0 0 0 0 0 0 0 0 0 0 0 0 0 0 0 0 0 0 0 0 0 0 0 0.671997 0 0 0 0.671997 0 0.671997 0 -6.86804 2.09002 0 0 0 0 0 0 0 0 0 0 0 0 0 0 2.09002 0 
0 0 0 0 0 0 0 0 0 0 0 0 0 0 0 0.671997 0 0 0 0 0 0 0 0 0 0 0 0 0 0 0 0 0 0 0 0 0 0 0 0.671997 0 0 0 0.671997 0 0.671997 0.671997 -5.97252 0 0 0 0 0 0 0 0 0 0 0 0 0 0 0 2.61253 
0 0 0 0 0 0 0 0 0 0 0 0 0 0 0 0 0.671997 0 0 0 0 0 0 0 0 0 0 0 0 0 0 0 0.671997 0 0 0 0 0 0 0 0 0 0 0 0 0 0 0 -5.52404 1.04501 1.04501 0 1.04501 0 0 0 1.04501 0 0 0 0 0 0 0 
0 0 0 0 0 0 0 0 0 0 0 0 0 0 0 0 0 0.671997 0 0 0 0 0 0 0 0 0 0 0 0 0 0 0 0.671997 0 0 0 0 0 0 0 0 0 0 0 0 0 0 0.671997 -6.71855 0 1.56752 0 1.56752 0 0 0 1.56752 0 0 0 0 0 0 
0 0 0 0 0 0 0 0 0 0 0 0 0 0 0 0 0 0 0.671997 0 0 0 0 0 0 0 0 0 0 0 0 0 0 0 0.671997 0 0 0 0 0 0 0 0 0 0 0 0 0 0.671997 0 -6.71855 1.56752 0 0 1.56752 0 0 0 1.56752 0 0 0 0 0 
0 0 0 0 0 0 0 0 0 0 0 0 0 0 0 0 0 0 0 0.671997 0 0 0 0 0 0 0 0 0 0 0 0 0 0 0 0.671997 0 0 0 0 0 0 0 0 0 0 0 0 0 0.671997 0.671997 -6.86804 0 0 0 2.09002 0 0 0 2.09002 0 0 0 0 
0 0 0 0 0 0 0 0 0 0 0 0 0 0 0 0 0 0 0 0 0.671997 0 0 0 0 0 0 0 0 0 0 0 0 0 0 0 0.671997 0 0 0 0 0 0 0 0 0 0 0 0.671997 0 0 0 -6.71855 1.56752 1.56752 0 0 0 0 0 1.56752 0 0 0 
0 0 0 0 0 0 0 0 0 0 0 0 0 0 0 0 0 0 0 0 0 0.671997 0 0 0 0 0 0 0 0 0 0 0 0 0 0 0 0.671997 0 0 0 0 0 0 0 0 0 0 0 0.671997 0 0 0.671997 -6.86804 0 2.09002 0 0 0 0 0 2.09002 0 0 
0 0 0 0 0 0 0 0 0 0 0 0 0 0 0 0 0 0 0 0 0 0 0.671997 0 0 0 0 0 0 0 0 0 0 0 0 0 0 0 0.671997 0 0 0 0 0 0 0 0 0 0 0 0.671997 0 0.671997 0 -6.86804 2.09002 0 0 0 0 0 0 2.09002 0 
0 0 0 0 0 0 0 0 0 0 0 0 0 0 0 0 0 0 0 0 0 0 0 0.671997 0 0 0 0 0 0 0 0 0 0 0 0 0 0 0 0.671997 0 0 0 0 0 0 0 0 0 0 0 0.671997 0 0.671997 0.671997 -5.97252 0 0 0 0 0 0 0 2.61253 
0 0 0 0 0 0 0 0 0 0 0 0 0 0 0 0 0 0 0 0 0 0 0 0 0.671997 0 0 0 0 0 0 0 0 0 0 0 0 0 0 0 0.671997 0 0 0 0 0 0 0 0.671997 0 0 0 0 0 0 0 -6.71855 1.56752 1.56752 0 1.56752 0 0 0 
0 0 0 0 0 0 0 0 0 0 0 0 0 0 0 0 0 0 0 0 0 0 0 0 0 0.671997 0 0 0 0 0 0 0 0 0 0 0 0 0 0 0 0.671997 0 0 0 0 0 0 0 0.671997 0 0 0 0 0 0 0.671997 -6.86804 0 2.09002 0 2.09002 0 0 
0 0 0 0 0 0 0 0 0 0 0 0 0 0 0 0 0 0 0 0 0 0 0 0 0 0 0.671997 0 0 0 0 0 0 0 0 0 0 0 0 0 0 0 0.671997 0 0 0 0 0 0 0 0.671997 0 0 0 0 0 0.671997 0 -6.86804 2.09002 0 0 2.09002 0 
0 0 0 0 0 0 0 0 0 0 0 0 0 0 0 0 0 0 0 0 0 0 0 0 0 0 0 0.671997 0 0 0 0 0 0 0 0 0 0 0 0 0 0 0 0.671997 0 0 0 0 0 0 0 0.671997 0 0 0 0 0 0.671997 0.671997 -5.97252 0 0 0 2.61253 
0 0 0 0 0 0 0 0 0 0 0 0 0 0 0 0 0 0 0 0 0 0 0 0 0 0 0 0 0.671997 0 0 0 0 0 0 0 0 0 0 0 0 0 0 0 0.671997 0 0 0 0 0 0 0 0.671997 0 0 0 0.671997 0 0 0 -6.86804 2.09002 2.09002 0 
0 0 0 0 0 0 0 0 0 0 0 0 0 0 0 0 0 0 0 0 0 0 0 0 0 0 0 0 0 0.671997 0 0 0 0 0 0 0 0 0 0 0 0 0 0 0 0.671997 0 0 0 0 0 0 0 0.671997 0 0 0 0.671997 0 0 0.671997 -5.97252 0 2.61253 
0 0 0 0 0 0 0 0 0 0 0 0 0 0 0 0 0 0 0 0 0 0 0 0 0 0 0 0 0 0 0.671997 0 0 0 0 0 0 0 0 0 0 0 0 0 0 0 0.671997 0 0 0 0 0 0 0 0.671997 0 0 0 0.671997 0 0.671997 0 -5.97252 2.61253 
0 0 0 0 0 0 0 0 0 0 0 0 0 0 0 0 0 0 0 0 0 0 0 0 0 0 0 0 0 0 0 0.671997 0 0 0 0 0 0 0 0 0 0 0 0 0 0 0 0.671997 0 0 0 0 0 0 0 0.671997 0 0 0 0.671997 0 0.671997 0.671997 -4.03198 
