64
-0 0 0 0 0 0 0 0 0 0 0 0 0 0 0 0 0 0 0 0 0 0 0 0 0 0 0 0 0 0 0 0 0 0 0 0 0 0 0 0 0 0 0 0 0 0 0 0 0 0 0 0 0 0 0 0 0 0 0 0 0 0 0 0 
0.481325 -2.58804 0 0.421343 0 0.421343 0 0 0 0.421343 0 0 0 0 0 0 0 0.421343 0 0 0 0 0 0 0 0 0 0 0 0 0 0 0 0.421343 0 0 0 0 0 0 0 0 0 0 0 0 0 0 0 0 0 0 0 0 0 0 0 0 0 0 0 0 0 0 
0.481325 0 -2.58804 0.421343 0 0 0.421343 0 0 0 0.421343 0 0 0 0 0 0 0 0.421343 0 0 0 0 0 0 0 0 0 0 0 0 0 0 0 0.421343 0 0 0 0 0 0 0 0 0 0 0 0 0 0 0 0 0 0 0 0 0 0 0 0 0 0 0 0 0 
0 0.481325 0.481325 -4.33339 0 0 0 0.842686 0 0 0 0.842686 0 0 0 0 0 0 0 0.842686 0 0 0 0 0 0 0 0 0 0 0 0 0 0 0 0.842686 0 0 0 0 0 0 0 0 0 0 0 0 0 0 0 0 0 0 0 0 0 0 0 0 0 0 0 0 
0.481325 0 0 0 -2.58804 0.421343 0.421343 0 0 0 0 0 0.421343 0 0 0 0 0 0 0 0.421343 0 0 0 0 0 0 0 0 0 0 0 0 0 0 0 0.421343 0 0 0 0 0 0 0 0 0 0 0 0 0 0 0 0 0 0 0 0 0 0 0 0 0 0 0 
0 0.481325 0 0 0.481325 -4.33339 0 0.842686 0 0 0 0 0 0.842686 0 0 0 0 0 0 0 0.842686 0 0 0 0 0 0 0 0 0 0 0 0 0 0 0 0.842686 0 0 0 0 0 0 0 0 0 0 0 0 0 0 0 0 0 0 0 0 0 0 0 0 0 0 
0 0 0.481325 0 0.481325 0 -4.33339 0.842686 0 0 0 0 0 0 0.842686 0 0 0 0 0 0 0 0.842686 0 0 0 0 0 0 0 0 0 0 0 0 0 0 0 0.842686 0 0 0 0 0 0 0 0 0 0 0 0 0 0 0 0 0 0 0 0 0 0 0 0 0 
0 0 0 0.481325 0 0.481325 0.481325 -5.23606 0 0 0 0 0 0 0 1.26403 0 0 0 0 0 0 0 1.26403 0 0 0 0 0 0 0 0 0 0 0 0 0 0 0 1.26403 0 0 0 0 0 0 0 0 0 0 0 0 0 0 0 0 0 0 0 0 0 0 0 0 
0.481325 0 0 0 0 0 0 0 -2.58804 0.421343 0.421343 0 0.421343 0 0 0 0 0 0 0 0 0 0 0 0.421343 0 0 0 0 0 0 0 0 0 0 0 0 0 0 0 0.421343 0 0 0 0 0 0 0 0 0 0 0 0 0 0 0 0 0 0 0 0 0 0 0 
0 0.481325 0 0 0 0 0 0 0.481325 -4.33339 0 0.842686 0 0.842686 0 0 0 0 0 0 0 0 0 0 0 0.842686 0 0 0 0 0 0 0 0 0 0 0 0 0 0 0 0.842686 0 0 0 0 0 0 0 0 0 0 0 0 0 0 0 0 0 0 0 0 0 0 
0 0 0.481325 0 0 0 0 0 0.481325 0 -4.33339 0.842686 0 0 0.842686 0 0 0 0 0 0 0 0 0 0 0 0.842686 0 0 0 0 0 0 0 0 0 0 0 0 0 0 0 0.842686 0 0 0 0 0 0 0 0 0 0 0 0 0 0 0 0 0 0 0 0 0 
0 0 0 0.481325 0 0 0 0 0 0.481325 0.481325 -5.23606 0 0 0 1.26403 0 0 0 0 0 0 0 0 0 0 0 1.26403 0 0 0 0 0 0 0 0 0 0 0 0 0 0 0 1.26403 0 0 0 0 0 0 0 0 0 0 0 0 0 0 0 0 0 0 0 0 
0 0 0 0 0.481325 0 0 0 0.481325 0 0 0 -4.33339 0.842686 0.842686 0 0 0 0 0 0 0 0 0 0 0 0 0 0.842686 0 0 0 0 0 0 0 0 0 0 0 0 0 0 0 0.842686 0 0 0 0 0 0 0 0 0 0 0 0 0 0 0 0 0 0 0 
0 0 0 0 0 0.481325 0 0 0 0.481325 0 0 0.481325 -5.23606 0 1.26403 0 0 0 0 0 0 0 0 0 0 0 0 0 1.26403 0 0 0 0 0 0 0 0 0 0 0 0 0 0 0 1.26403 0 0 0 0 0 0 0 0 0 0 0 0 0 0 0 0 0 0 
0 0 0 0 0 0 0.481325 0 0 0 0.481325 0 0.481325 0 -5.23606 1.26403 0 0 0 0 0 0 0 0 0 0 0 0 0 0 1.26403 0 0 0 0 0 0 0 0 0 0 0 0 0 0 0 1.26403 0 0 0 0 0 0 0 0 0 0 0 0 0 0 0 0 0 
0 0 0 0 0 0 0 0.481325 0 0 0 0.481325 0 0.481325 0.481325 -5.29604 0 0 0 0 0 0 0 0 0 0 0 0 0 0 0 1.68537 0 0 0 0 0 0 0 0 0 0 0 0 0 0 0 1.68537 0 0 0 0 0 0 0 0 0 0 0 0 0 0 0 0 
0.481325 0 0 0 0 0 0 0 0 0 0 0 0 0 0 0 -2.58804 0.421343 0.421343 0 0.421343 0 0 0 0.421343 0 0 0 0 0 0 0 0 0 0 0 0 0 0 0 0 0 0 0 0 0 0 0 0.421343 0 0 0 0 0 0 0 0 0 0 0 0 0 0 0 
0 0.481325 0 0 0 0 0 0 0 0 0 0 0 0 0 0 0.481325 -4.33339 0 0.842686 0 0.842686 0 0 0 0.842686 0 0 0 0 0 0 0 0 0 0 0 0 0 0 0 0 0 0 0 0 0 0 0 0.842686 0 0 0 0 0 0 0 0 0 0 0 0 0 0 
0 0 0.481325 0 0 0 0 0 0 0 0 0 0 0 0 0 0.481325 0 -4.33339 0.842686 0 0 0.842686 0 0 0 0.842686 0 0 0 0 0 0 0 0 0 0 0 0 0 0 0 0 0 0 0 0 0 0 0 0.842686 0 0 0 0 0 0 0 0 0 0 0 0 0 
0 0 0 0.481325 0 0 0 0 0 0 0 0 0 0 0 0 0 0.481325 0.481325 -5.23606 0 0 0 1.26403 0 0 0 1.26403 0 0 0 0 0 0 0 0 0 0 0 0 0 0 0 0 0 0 0 0 0 0 0 1.26403 0 0 0 0 0 0 0 0 0 0 0 0 
0 0 0 0 0.481325 0 0 0 0 0 0 0 0 0 0 0 0.481325 0 0 0 -4.33339 0.842686 0.842686 0 0 0 0 0 0.842686 0 0 0 0 0 0 0 0 0 0 0 0 0 0 0 0 0 0 0 0 0 0 0 0.842686 0 0 0 0 0 0 0 0 0 0 0 
0 0 0 0 0 0.481325 0 0 0 0 0 0 0 0 0 0 0 0.481325 0 0 0.481325 -5.23606 0 1.26403 0 0 0 0 0 1.26403 0 0 0 0 0 0 0 0 0 0 0 0 0 0 0 0 0 0 0 0 0 0 0 1.26403 0 0 0 0 0 0 0 0 0 0 
0 0 0 0 0 0 0.481325 0 0 0 0 0 0 0 0 0 0 0 0.481325 0 0.481325 0 -5.23606 1.26403 0 0 0 0 0 0 1.26403 0 0 0 0 0 0 0 0 0 0 0 0 0 0 0 0 0 0 0 0 0 0 0 1.26403 0 0 0 0 0 0 0 0 0 
0 0 0 0 0 0 0 0.481325 0 0 0 0 0 0 0 0 0 0 0 0.481325 0 0.481325 0.481325 -5.29604 0 0 0 0 0 0 0 1.68537 0 0 0 0 0 0 0 0 0 0 0 0 0 0 0 0 0 0 0 0 0 0 0 1.68537 0 0 0 0 0 0 0 0 
0 0 0 0 0 0 0 0 0.481325 0 0 0 0 0 0 0 0.481325 0 0 0 0 0 0 0 -4.33339 0.842686 0.842686 0 0.842686 0 0 0 0 0 0 0 0 0 0 0 0 0 0 0 0 0 0 0 0 0 0 0 0 0 0 0 0.842686 0 0 0 0 0 0 0 
0 0 0 0 0 0 0 0 0 0.481325 0 0 0 0 0 0 0 0.481325 0 0 0 0 0 0 0.481325 -5.23606 0 1.26403 0 1.26403 0 0 0 0 0 0 0 0 0 0 0 0 0 0 0 0 0 0 0 0 0 0 0 0 0 0 0 1.26403 0 0 0 0 0 0 
0 0 0 0 0 0 0 0 0 0 0.481325 0 0 0 0 0 0 0 0.481325 0 0 0 0 0 0.481325 0 -5.23606 1.26403 0 0 1.26403 0 0 0 0 0 0 0 0 0 0 0 0 0 0 0 0 0 0 0 0 0 0 0 0 0 0 0 1.26403 0 0 0 0 0 
0 0 0 0 0 0 0 0 0 0 0 0.481325 0 0 0 0 0 0 0 0.481325 0 0 0 0 0 0.481325 0.481325 -5.29604 0 0 0 1.68537 0 0 0 0 0 0 0 0 0 0 0 0 0 0 0 0 0 0 0 0 0 0 0 0 0 0 0 1.68537 0 0 0 0 
0 0 0 0 0 0 0 0 0 0 0 0 0.481325 0 0 0 0 0 0 0 0.481325 0 0 0 0.481325 0 0 0 -5.23606 1.26403 1.26403 0 0 0 0 0 0 0 0 0 0 0 0 0 0 0 0 0 0 0 0 0 0 0 0 0 0 0 0 0 1.26403 0 0 0 
0 0 0 0 0 0 0 0 0 0 0 0 0 0.481325 0 0 0 0 0 0 0 0.481325 0 0 0 0.481325 0 0 0.481325 -5.29604 0 1.68537 0 0 0 0 0 0 0 0 0 0 0 0 0 0 0 0 0 0 0 0 0 0 0 0 0 0 0 0 0 1.68537 0 0 
0 0 0 0 0 0 0 0 0 0 0 0 0 0 0.481325 0 0 0 0 0 0 0 0.481325 0 0 0 0.481325 0 0.481325 0 -5.29604 1.68537 0 0 0 0 0 0 0 0 0 0 0 0 0 0 0 0 0 0 0 0 0 0 0 0 0 0 0 0 0 0 1.68537 0 
0 0 0 0 0 0 0 0 0 0 0 0 0 0 0 0.481325 0 0 0 0 0 0 0 0.481325 0 0 0 0.481325 0 0.481325 0.481325 -4.51334 0 0 0 0 0 0 0 0 0 0 0 0 0 0 0 0 0 0 0 0 0 0 0 0 0 0 0 0 0 0 0 2.10671 
0.481325 0 0 0 0 0 0 0 0 0 0 0 0 0 0 0 0 0 0 0 0 0 0 0 0 0 0 0 0 0 0 0 -2.58804 0.421343 0.421343 0 0.421343 0 0 0 0.421343 0 0 0 0 0 0 0 0.421343 0 0 0 0 0 0 0 0 0 0 0 0 0 0 0 
0 0.481325 0 0 0 0 0 0 0 0 0 0 0 0 0 0 0 0 0 0 0 0 0 0 0 0 0 0 0 0 0 0 0.481325 -4.33339 0 0.842686 0 0.842686 0 0 0 0.842686 0 0 0 0 0 0 0 0.842686 0 0 0 0 0 0 0 0 0 0 0 0 0 0 
0 0 0.481325 0 0 0 0 0 0 0 0 0 0 0 0 0 0 0 0 0 0 0 0 0 0 0 0 0 0 0 0 0 0.481325 0 -4.33339 0.842686 0 0 0.842686 0 0 0 0.842686 0 0 0 0 0 0 0 0.842686 0 0 0 0 0 0 0 0 0 0 0 0 0 
0 0 0 0.481325 0 0 0 0 0 0 0 0 0 0 0 0 0 0 0 0 0 0 0 0 0 0 0 0 0 0 0 0 0 0.481325 0.481325 -5.23606 0 0 0 1.26403 0 0 0 1.26403 0 0 0 0 0 0 0 1.26403 0 0 0 0 0 0 0 0 0 0 0 0 
0 0 0 0 0.481325 0 0 0 0 0 0 0 0 0 0 0 0 0 0 0 0 0 0 0 0 0 0 0 0 0 0 0 0.481325 0 0 0 -4.33339 0.842686 0.842686 0 0 0 0 0 0.842686 0 0 0 0 0 0 0 0.842686 0 0 0 0 0 0 0 0 0 0 0 
0 0 0 0 0 0.481325 0 0 0 0 0 0 0 0 0 0 0 0 0 0 0 0 0 0 0 0 0 0 0 0 0 0 0 0.481325 0 0 0.481325 -5.23606 0 1.26403 0 0 0 0 0 1.26403 0 0 0 0 0 0 0 1.26403 0 0 0 0 0 0 0 0 0 0 
0 0 0 0 0 0 0.481325 0 0 0 0 0 0 0 0 0 0 0 0 0 0 0 0 0 0 0 0 0 0 0 0 0 0 0 0.481325 0 0.481325 0 -5.23606 1.26403 0 0 0 0 0 0 1.26403 0 0 0 0 0 0 0 1.26403 0 0 0 0 0 0 0 0 0 
0 0 0 0 0 0 0 0.481325 0 0 0 0 0 0 0 0 0 0 0 0 0 0 0 0 0 0 0 0 0 0 0 0 0 0 0 0.481325 0 0.481325 0.481325 -5.29604 0 0 0 0 0 0 0 1.68537 0 0 0 0 0 0 0 1.68537 0 0 0 0 0 0 0 0 
0 0 0 0 0 0 0 0 0.481325 0 0 0 0 0 0 0 0 0 0 0 0 0 0 0 0 0 0 0 0 0 0 0 0.481325 0 0 0 0 0 0 0 -4.33339 0.842686 0.842686 0 0.842686 0 0 0 0 0 0 0 0 0 0 0 0.842686 0 0 0 0 0 0 0 
0 0 0 0 0 0 0 0 0 0.481325 0 0 0 0 0 0 0 0 0 0 0 0 0 0 0 0 0 0 0 0 0 0 0 0.481325 0 0 0 0 0 0 0.481325 -5.23606 0 1.26403 0 1.26403 0 0 0 0 0 0 0 0 0 0 0 1.26403 0 0 0 0 0 0 
0 0 0 0 0 0 0 0 0 0 0.481325 0 0 0 0 0 0 0 0 0 0 0 0 0 0 0 0 0 0 0 0 0 0 0 0.481325 0 0 0 0 0 0.481325 0 -5.23606 1.26403 0 0 1.26403 0 0 0 0 0 0 0 0 0 0 0 1.26403 0 0 0 0 0 
0 0 0 0 0 0 0 0 0 0 0 0.481325 0 0 0 0 0 0 0 0 0 0 0 0 0 0 0 0 0 0 0 0 0 0 0 0.481325 0 0 0 0 0 0.481325 0.481325 -5.29604 0 0 0 1.68537 0 0 0 0 0 0 0 0 0 0 0 1.68537 0 0 0 0 
0 0 0 0 0 0 0 0 0 0 0 0 0.481325 0 0 0 0 0 0 0 0 0 0 0 0 0 0 0 0 0 0 0 0 0 0 0 0.481325 0 0 0 0.481325 0 0 0 -5.23606 1.26403 1.26403 0 0 0 0 0 0 0 0 0 0 0 0 0 1.26403 0 0 0 
0 0 0 0 0 0 0 0 0 0 0 0 0 0.481325 0 0 0 0 0 0 0 0 0 0 0 0 0 0 0 0 0 0 0 0 0 0 0 0.481325 0 0 0 0.481325 0 0 0.481325 -5.29604 0 1.68537 0 0 0 0 0 0 0 0 0 0 0 0 0 1.68537 0 0 
0 0 0 0 0 0 0 0 0 0 0 0 0 0 0.481325 0 0 0 0 0 0 0 0 0 0 0 0 0 0 0 0 0 0 0 0 0 0 0 0.481325 0 0 0 0.481325 0 0.481325 0 -5.29604 1.68537 0 0 0 0 0 0 0 0 0 0 0 0 0 0 1.68537 0 
0 0 0 0 0 0 0 0 0 0 0 0 0 0 0 0.481325 0 0 0 0 0 0 0 0 0 0 0 0 0 0 0 0 0 0 0 0 0 0 0 0.481325 0 0 0 0.481325 0 0.481325 0.481325 -4.51334 0 0 0 0 0 0 0 0 0 0 0 0 0 0 0 2.10671 
0 0 0 0 0 0 0 0 0 0 0 0 0 0 0 0 0.481325 0 0 0 0 0 0 0 0 0 0 0 0 0 0 0 0.481325 0 0 0 0 0 0 0 0 0 0 0 0 0 0 0 -4.33339 0.842686 0.842686 0 0.842686 0 0 0 0.842686 0 0 0 0 0 0 0 
0 0 0 0 0 0 0 0 0 0 0 0 0 0 0 0 0 0.481325 0 0 0 0 0 0 0 0 0 0 0 0 0 0 0 0.481325 0 0 0 0 0 0 0 0 0 0 0 0 0 0 0.481325 -5.23606 0 1.26403 0 1.26403 0 0 0 1.26403 0 0 0 0 0 0 
0 0 0 0 0 0 0 0 0 0 0 0 0 0 0 0 0 0 0.481325 0 0 0 0 0 0 0 0 0 0 0 0 0 0 0 0.481325 0 0 0 0 0 0 0 0 0 0 0 0 0 0.481325 0 -5.23606 1.26403 0 0 1.26403 0 0 0 1.26403 0 0 0 0 0 
0 0 0 0 0 0 0 0 0 0 0 0 0 0 0 0 0 0 0 0.481325 0 0 0 0 0 0 0 0 0 0 0 0 0 0 0 0.481325 0 0 0 0 0 0 0 0 0 0 0 0 0 0.481325 0.481325 -5.29604 0 0 0 1.68537 0 0 0 1.68537 0 0 0 0 
0 0 0 0 0 0 0 0 0 0 0 0 0 0 0 0 0 0 0 0 0.481325 0 0 0 0 0 0 0 0 0 0 0 0 0 0 0 0.481325 0 0 0 0 0 0 0 0 0 0 0 0.481325 0 0 0 -5.23606 1.26403 1.26403 0 0 0 0 0 1.26403 0 0 0 
0 0 0 0 0 0 0 0 0 0 0 0 0 0 0 0 0 0 0 0 0 0.481325 0 0 0 0 0 0 0 0 0 0 0 0 0 0 0 0.481325 0 0 0 0 0 0 0 0 0 0 0 0.481325 0 0 0.481325 -5.29604 0 1.68537 0 0 0 0 0 1.68537 0 0 
0 0 0 0 0 0 0 0 0 0 0 0 0 0 0 0 0 0 0 0 0 0 0.481325 0 0 0 0 0 0 0 0 0 0 0 0 0 0 0 0.481325 0 0 0 0 0 0 0 0 0 0 0 0.481325 0 0.481325 0 -5.29604 1.68537 0 0 0 0 0 0 1.68537 0 
0 0 0 0 0 0 0 0 0 0 0 0 0 0 0 0 0 0 0 0 0 0 0 0.481325 0 0 0 0 0 0 0 0 0 0 0 0 0 0 0 0.481325 0 0 0 0 0 0 0 0 0 0 0 0.481325 0 0.481325 0.481325 -4.51334 0 0 0 0 0 0 0 2.10671 
0 0 0 0 0 0 0 0 0 0 0 0 0 0 0 0 0 0 0 0 0 0 0 0 0.481325 0 0 0 0 0 0 0 0 0 0 0 0 0 0 0 0.481325 0 0 0 0 0 0 0 0.481325 0 0 0 0 0 0 0 -5.23606 1.26403 1.26403 0 1.26403 0 0 0 
0 0 0 0 0 0 0 0 0 0 0 0 0 0 0 0 0 0 0 0 0 0 0 0 0 0.481325 0 0 0 0 0 0 0 0 0 0 0 0 0 0 0 0.481325 0 0 0 0 0 0 0 0.481325 0 0 0 0 0 0 0.481325 -5.29604 0 1.68537 0 1.68537 0 0 
0 0 0 0 0 0 0 0 0 0 0 0 0 0 0 0 0 0 0 0 0 0 0 0 0 0 0.481325 0 0 0 0 0 0 0 0 0 0 0 0 0 0 0 0.481325 0 0 0 0 0 0 0 0.481325 0 0 0 0 0 0.481325 0 -5.29604 1.68537 0 0 1.68537 0 
0 0 0 0 0 0 0 0 0 0 0 0 0 0 0 0 0 0 0 0 0 0 0 0 0 0 0 0.481325 0 0 0 0 0 0 0 0 0 0 0 0 0 0 0 0.481325 0 0 0 0 0 0 0 0.481325 0 0 0 0 0 0.481325 0.481325 -4.51334 0 0 0 2.10671 
0 0 0 0 0 0 0 0 0 0 0 0 0 0 0 0 0 0 0 0 0 0 0 0 0 0 0 0 0.481325 0 0 0 0 0 0 0 0 0 0 0 0 0 0 0 0.481325 0 0 0 0 0 0 0 0.481325 0 0 0 0.481325 0 0 0 -5.29604 1.68537 1.68537 0 
0 0 0 0 0 0 0 0 0 0 0 0 0 0 0 0 0 0 0 0 0 0 0 0 0 0 0 0 0 0.481325 0 0 0 0 0 0 0 0 0 0 0 0 0 0 0 0.481325 0 0 0 0 0 0 0 0.481325 0 0 0 0.481325 0 0 0.481325 -4.51334 0 2.10671 
0 0 0 0 0 0 0 0 0 0 0 0 0 0 0 0 0 0 0 0 0 0 0 0 0 0 0 0 0 0 0.481325 0 0 0 0 0 0 0 0 0 0 0 0 0 0 0 0.481325 0 0 0 0 0 0 0 0.481325 0 0 0 0.481325 0 0.481325 0 -4.51334 2.10671 
0 0 0 0 0 0 0 0 0 0 0 0 0 0 0 0 0 0 0 0 0 0 0 0 0 0 0 0 0 0 0 0.481325 0 0 0 0 0 0 0 0 0 0 0 0 0 0 0 0.481325 0 0 0 0 0 0 0 0.481325 0 0 0 0.481325 0 0.481325 0.481325 -2.88795 
