64
-0 0 0 0 0 0 0 0 0 0 0 0 0 0 0 0 0 0 0 0 0 0 0 0 0 0 0 0 0 0 0 0 0 0 0 0 0 0 0 0 0 0 0 0 0 0 0 0 0 0 0 0 0 0 0 0 0 0 0 0 0 0 0 0 
0.563478 -2.83895 0 0.455095 0 0.455095 0 0 0 0.455095 0 0 0 0 0 0 0 0.455095 0 0 0 0 0 0 0 0 0 0 0 0 0 0 0 0.455095 0 0 0 0 0 0 0 0 0 0 0 0 0 0 0 0 0 0 0 0 0 0 0 0 0 0 0 0 0 0 
0.563478 0 -2.83895 0.455095 0 0 0.455095 0 0 0 0.455095 0 0 0 0 0 0 0 0.455095 0 0 0 0 0 0 0 0 0 0 0 0 0 0 0 0.455095 0 0 0 0 0 0 0 0 0 0 0 0 0 0 0 0 0 0 0 0 0 0 0 0 0 0 0 0 0 
0 0.563478 0.563478 -4.76772 0 0 0 0.910191 0 0 0 0.910191 0 0 0 0 0 0 0 0.910191 0 0 0 0 0 0 0 0 0 0 0 0 0 0 0 0.910191 0 0 0 0 0 0 0 0 0 0 0 0 0 0 0 0 0 0 0 0 0 0 0 0 0 0 0 0 
0.563478 0 0 0 -2.83895 0.455095 0.455095 0 0 0 0 0 0.455095 0 0 0 0 0 0 0 0.455095 0 0 0 0 0 0 0 0 0 0 0 0 0 0 0 0.455095 0 0 0 0 0 0 0 0 0 0 0 0 0 0 0 0 0 0 0 0 0 0 0 0 0 0 0 
0 0.563478 0 0 0.563478 -4.76772 0 0.910191 0 0 0 0 0 0.910191 0 0 0 0 0 0 0 0.910191 0 0 0 0 0 0 0 0 0 0 0 0 0 0 0 0.910191 0 0 0 0 0 0 0 0 0 0 0 0 0 0 0 0 0 0 0 0 0 0 0 0 0 0 
0 0 0.563478 0 0.563478 0 -4.76772 0.910191 0 0 0 0 0 0 0.910191 0 0 0 0 0 0 0 0.910191 0 0 0 0 0 0 0 0 0 0 0 0 0 0 0 0.910191 0 0 0 0 0 0 0 0 0 0 0 0 0 0 0 0 0 0 0 0 0 0 0 0 0 
0 0 0 0.563478 0 0.563478 0.563478 -5.78629 0 0 0 0 0 0 0 1.36529 0 0 0 0 0 0 0 1.36529 0 0 0 0 0 0 0 0 0 0 0 0 0 0 0 1.36529 0 0 0 0 0 0 0 0 0 0 0 0 0 0 0 0 0 0 0 0 0 0 0 0 
0.563478 0 0 0 0 0 0 0 -2.83895 0.455095 0.455095 0 0.455095 0 0 0 0 0 0 0 0 0 0 0 0.455095 0 0 0 0 0 0 0 0 0 0 0 0 0 0 0 0.455095 0 0 0 0 0 0 0 0 0 0 0 0 0 0 0 0 0 0 0 0 0 0 0 
0 0.563478 0 0 0 0 0 0 0.563478 -4.76772 0 0.910191 0 0.910191 0 0 0 0 0 0 0 0 0 0 0 0.910191 0 0 0 0 0 0 0 0 0 0 0 0 0 0 0 0.910191 0 0 0 0 0 0 0 0 0 0 0 0 0 0 0 0 0 0 0 0 0 0 
0 0 0.563478 0 0 0 0 0 0.563478 0 -4.76772 0.910191 0 0 0.910191 0 0 0 0 0 0 0 0 0 0 0 0.910191 0 0 0 0 0 0 0 0 0 0 0 0 0 0 0 0.910191 0 0 0 0 0 0 0 0 0 0 0 0 0 0 0 0 0 0 0 0 0 
0 0 0 0.563478 0 0 0 0 0 0.563478 0.563478 -5.78629 0 0 0 1.36529 0 0 0 0 0 0 0 0 0 0 0 1.36529 0 0 0 0 0 0 0 0 0 0 0 0 0 0 0 1.36529 0 0 0 0 0 0 0 0 0 0 0 0 0 0 0 0 0 0 0 0 
0 0 0 0 0.563478 0 0 0 0.563478 0 0 0 -4.76772 0.910191 0.910191 0 0 0 0 0 0 0 0 0 0 0 0 0 0.910191 0 0 0 0 0 0 0 0 0 0 0 0 0 0 0 0.910191 0 0 0 0 0 0 0 0 0 0 0 0 0 0 0 0 0 0 0 
0 0 0 0 0 0.563478 0 0 0 0.563478 0 0 0.563478 -5.78629 0 1.36529 0 0 0 0 0 0 0 0 0 0 0 0 0 1.36529 0 0 0 0 0 0 0 0 0 0 0 0 0 0 0 1.36529 0 0 0 0 0 0 0 0 0 0 0 0 0 0 0 0 0 0 
0 0 0 0 0 0 0.563478 0 0 0 0.563478 0 0.563478 0 -5.78629 1.36529 0 0 0 0 0 0 0 0 0 0 0 0 0 0 1.36529 0 0 0 0 0 0 0 0 0 0 0 0 0 0 0 1.36529 0 0 0 0 0 0 0 0 0 0 0 0 0 0 0 0 0 
0 0 0 0 0 0 0 0.563478 0 0 0 0.563478 0 0.563478 0.563478 -5.89467 0 0 0 0 0 0 0 0 0 0 0 0 0 0 0 1.82038 0 0 0 0 0 0 0 0 0 0 0 0 0 0 0 1.82038 0 0 0 0 0 0 0 0 0 0 0 0 0 0 0 0 
0.563478 0 0 0 0 0 0 0 0 0 0 0 0 0 0 0 -2.83895 0.455095 0.455095 0 0.455095 0 0 0 0.455095 0 0 0 0 0 0 0 0 0 0 0 0 0 0 0 0 0 0 0 0 0 0 0 0.455095 0 0 0 0 0 0 0 0 0 0 0 0 0 0 0 
0 0.563478 0 0 0 0 0 0 0 0 0 0 0 0 0 0 0.563478 -4.76772 0 0.910191 0 0.910191 0 0 0 0.910191 0 0 0 0 0 0 0 0 0 0 0 0 0 0 0 0 0 0 0 0 0 0 0 0.910191 0 0 0 0 0 0 0 0 0 0 0 0 0 0 
0 0 0.563478 0 0 0 0 0 0 0 0 0 0 0 0 0 0.563478 0 -4.76772 0.910191 0 0 0.910191 0 0 0 0.910191 0 0 0 0 0 0 0 0 0 0 0 0 0 0 0 0 0 0 0 0 0 0 0 0.910191 0 0 0 0 0 0 0 0 0 0 0 0 0 
0 0 0 0.563478 0 0 0 0 0 0 0 0 0 0 0 0 0 0.563478 0.563478 -5.78629 0 0 0 1.36529 0 0 0 1.36529 0 0 0 0 0 0 0 0 0 0 0 0 0 0 0 0 0 0 0 0 0 0 0 1.36529 0 0 0 0 0 0 0 0 0 0 0 0 
0 0 0 0 0.563478 0 0 0 0 0 0 0 0 0 0 0 0.563478 0 0 0 -4.76772 0.910191 0.910191 0 0 0 0 0 0.910191 0 0 0 0 0 0 0 0 0 0 0 0 0 0 0 0 0 0 0 0 0 0 0 0.910191 0 0 0 0 0 0 0 0 0 0 0 
0 0 0 0 0 0.563478 0 0 0 0 0 0 0 0 0 0 0 0.563478 0 0 0.563478 -5.78629 0 1.36529 0 0 0 0 0 1.36529 0 0 0 0 0 0 0 0 0 0 0 0 0 0 0 0 0 0 0 0 0 0 0 1.36529 0 0 0 0 0 0 0 0 0 0 
0 0 0 0 0 0 0.563478 0 0 0 0 0 0 0 0 0 0 0 0.563478 0 0.563478 0 -5.78629 1.36529 0 0 0 0 0 0 1.36529 0 0 0 0 0 0 0 0 0 0 0 0 0 0 0 0 0 0 0 0 0 0 0 1.36529 0 0 0 0 0 0 0 0 0 
0 0 0 0 0 0 0 0.563478 0 0 0 0 0 0 0 0 0 0 0 0.563478 0 0.563478 0.563478 -5.89467 0 0 0 0 0 0 0 1.82038 0 0 0 0 0 0 0 0 0 0 0 0 0 0 0 0 0 0 0 0 0 0 0 1.82038 0 0 0 0 0 0 0 0 
0 0 0 0 0 0 0 0 0.563478 0 0 0 0 0 0 0 0.563478 0 0 0 0 0 0 0 -4.76772 0.910191 0.910191 0 0.910191 0 0 0 0 0 0 0 0 0 0 0 0 0 0 0 0 0 0 0 0 0 0 0 0 0 0 0 0.910191 0 0 0 0 0 0 0 
0 0 0 0 0 0 0 0 0 0.563478 0 0 0 0 0 0 0 0.563478 0 0 0 0 0 0 0.563478 -5.78629 0 1.36529 0 1.36529 0 0 0 0 0 0 0 0 0 0 0 0 0 0 0 0 0 0 0 0 0 0 0 0 0 0 0 1.36529 0 0 0 0 0 0 
0 0 0 0 0 0 0 0 0 0 0.563478 0 0 0 0 0 0 0 0.563478 0 0 0 0 0 0.563478 0 -5.78629 1.36529 0 0 1.36529 0 0 0 0 0 0 0 0 0 0 0 0 0 0 0 0 0 0 0 0 0 0 0 0 0 0 0 1.36529 0 0 0 0 0 
0 0 0 0 0 0 0 0 0 0 0 0.563478 0 0 0 0 0 0 0 0.563478 0 0 0 0 0 0.563478 0.563478 -5.89467 0 0 0 1.82038 0 0 0 0 0 0 0 0 0 0 0 0 0 0 0 0 0 0 0 0 0 0 0 0 0 0 0 1.82038 0 0 0 0 
0 0 0 0 0 0 0 0 0 0 0 0 0.563478 0 0 0 0 0 0 0 0.563478 0 0 0 0.563478 0 0 0 -5.78629 1.36529 1.36529 0 0 0 0 0 0 0 0 0 0 0 0 0 0 0 0 0 0 0 0 0 0 0 0 0 0 0 0 0 1.36529 0 0 0 
0 0 0 0 0 0 0 0 0 0 0 0 0 0.563478 0 0 0 0 0 0 0 0.563478 0 0 0 0.563478 0 0 0.563478 -5.89467 0 1.82038 0 0 0 0 0 0 0 0 0 0 0 0 0 0 0 0 0 0 0 0 0 0 0 0 0 0 0 0 0 1.82038 0 0 
0 0 0 0 0 0 0 0 0 0 0 0 0 0 0.563478 0 0 0 0 0 0 0 0.563478 0 0 0 0.563478 0 0.563478 0 -5.89467 1.82038 0 0 0 0 0 0 0 0 0 0 0 0 0 0 0 0 0 0 0 0 0 0 0 0 0 0 0 0 0 0 1.82038 0 
0 0 0 0 0 0 0 0 0 0 0 0 0 0 0 0.563478 0 0 0 0 0 0 0 0.563478 0 0 0 0.563478 0 0.563478 0.563478 -5.09287 0 0 0 0 0 0 0 0 0 0 0 0 0 0 0 0 0 0 0 0 0 0 0 0 0 0 0 0 0 0 0 2.27548 
0.563478 0 0 0 0 0 0 0 0 0 0 0 0 0 0 0 0 0 0 0 0 0 0 0 0 0 0 0 0 0 0 0 -2.83895 0.455095 0.455095 0 0.455095 0 0 0 0.455095 0 0 0 0 0 0 0 0.455095 0 0 0 0 0 0 0 0 0 0 0 0 0 0 0 
0 0.563478 0 0 0 0 0 0 0 0 0 0 0 0 0 0 0 0 0 0 0 0 0 0 0 0 0 0 0 0 0 0 0.563478 -4.76772 0 0.910191 0 0.910191 0 0 0 0.910191 0 0 0 0 0 0 0 0.910191 0 0 0 0 0 0 0 0 0 0 0 0 0 0 
0 0 0.563478 0 0 0 0 0 0 0 0 0 0 0 0 0 0 0 0 0 0 0 0 0 0 0 0 0 0 0 0 0 0.563478 0 -4.76772 0.910191 0 0 0.910191 0 0 0 0.910191 0 0 0 0 0 0 0 0.910191 0 0 0 0 0 0 0 0 0 0 0 0 0 
0 0 0 0.563478 0 0 0 0 0 0 0 0 0 0 0 0 0 0 0 0 0 0 0 0 0 0 0 0 0 0 0 0 0 0.563478 0.563478 -5.78629 0 0 0 1.36529 0 0 0 1.36529 0 0 0 0 0 0 0 1.36529 0 0 0 0 0 0 0 0 0 0 0 0 
0 0 0 0 0.563478 0 0 0 0 0 0 0 0 0 0 0 0 0 0 0 0 0 0 0 0 0 0 0 0 0 0 0 0.563478 0 0 0 -4.76772 0.910191 0.910191 0 0 0 0 0 0.910191 0 0 0 0 0 0 0 0.910191 0 0 0 0 0 0 0 0 0 0 0 
0 0 0 0 0 0.563478 0 0 0 0 0 0 0 0 0 0 0 0 0 0 0 0 0 0 0 0 0 0 0 0 0 0 0 0.563478 0 0 0.563478 -5.78629 0 1.36529 0 0 0 0 0 1.36529 0 0 0 0 0 0 0 1.36529 0 0 0 0 0 0 0 0 0 0 
0 0 0 0 0 0 0.563478 0 0 0 0 0 0 0 0 0 0 0 0 0 0 0 0 0 0 0 0 0 0 0 0 0 0 0 0.563478 0 0.563478 0 -5.78629 1.36529 0 0 0 0 0 0 1.36529 0 0 0 0 0 0 0 1.36529 0 0 0 0 0 0 0 0 0 
0 0 0 0 0 0 0 0.563478 0 0 0 0 0 0 0 0 0 0 0 0 0 0 0 0 0 0 0 0 0 0 0 0 0 0 0 0.563478 0 0.563478 0.563478 -5.89467 0 0 0 0 0 0 0 1.82038 0 0 0 0 0 0 0 1.82038 0 0 0 0 0 0 0 0 
0 0 0 0 0 0 0 0 0.563478 0 0 0 0 0 0 0 0 0 0 0 0 0 0 0 0 0 0 0 0 0 0 0 0.563478 0 0 0 0 0 0 0 -4.76772 0.910191 0.910191 0 0.910191 0 0 0 0 0 0 0 0 0 0 0 0.910191 0 0 0 0 0 0 0 
0 0 0 0 0 0 0 0 0 0.563478 0 0 0 0 0 0 0 0 0 0 0 0 0 0 0 0 0 0 0 0 0 0 0 0.563478 0 0 0 0 0 0 0.563478 -5.78629 0 1.36529 0 1.36529 0 0 0 0 0 0 0 0 0 0 0 1.36529 0 0 0 0 0 0 
0 0 0 0 0 0 0 0 0 0 0.563478 0 0 0 0 0 0 0 0 0 0 0 0 0 0 0 0 0 0 0 0 0 0 0 0.563478 0 0 0 0 0 0.563478 0 -5.78629 1.36529 0 0 1.36529 0 0 0 0 0 0 0 0 0 0 0 1.36529 0 0 0 0 0 
0 0 0 0 0 0 0 0 0 0 0 0.563478 0 0 0 0 0 0 0 0 0 0 0 0 0 0 0 0 0 0 0 0 0 0 0 0.563478 0 0 0 0 0 0.563478 0.563478 -5.89467 0 0 0 1.82038 0 0 0 0 0 0 0 0 0 0 0 1.82038 0 0 0 0 
0 0 0 0 0 0 0 0 0 0 0 0 0.563478 0 0 0 0 0 0 0 0 0 0 0 0 0 0 0 0 0 0 0 0 0 0 0 0.563478 0 0 0 0.563478 0 0 0 -5.78629 1.36529 1.36529 0 0 0 0 0 0 0 0 0 0 0 0 0 1.36529 0 0 0 
0 0 0 0 0 0 0 0 0 0 0 0 0 0.563478 0 0 0 0 0 0 0 0 0 0 0 0 0 0 0 0 0 0 0 0 0 0 0 0.563478 0 0 0 0.563478 0 0 0.563478 -5.89467 0 1.82038 0 0 0 0 0 0 0 0 0 0 0 0 0 1.82038 0 0 
0 0 0 0 0 0 0 0 0 0 0 0 0 0 0.563478 0 0 0 0 0 0 0 0 0 0 0 0 0 0 0 0 0 0 0 0 0 0 0 0.563478 0 0 0 0.563478 0 0.563478 0 -5.89467 1.82038 0 0 0 0 0 0 0 0 0 0 0 0 0 0 1.82038 0 
0 0 0 0 0 0 0 0 0 0 0 0 0 0 0 0.563478 0 0 0 0 0 0 0 0 0 0 0 0 0 0 0 0 0 0 0 0 0 0 0 0.563478 0 0 0 0.563478 0 0.563478 0.563478 -5.09287 0 0 0 0 0 0 0 0 0 0 0 0 0 0 0 2.27548 
0 0 0 0 0 0 0 0 0 0 0 0 0 0 0 0 0.563478 0 0 0 0 0 0 0 0 0 0 0 0 0 0 0 0.563478 0 0 0 0 0 0 0 0 0 0 0 0 0 0 0 -4.76772 0.910191 0.910191 0 0.910191 0 0 0 0.910191 0 0 0 0 0 0 0 
0 0 0 0 0 0 0 0 0 0 0 0 0 0 0 0 0 0.563478 0 0 0 0 0 0 0 0 0 0 0 0 0 0 0 0.563478 0 0 0 0 0 0 0 0 0 0 0 0 0 0 0.563478 -5.78629 0 1.36529 0 1.36529 0 0 0 1.36529 0 0 0 0 0 0 
0 0 0 0 0 0 0 0 0 0 0 0 0 0 0 0 0 0 0.563478 0 0 0 0 0 0 0 0 0 0 0 0 0 0 0 0.563478 0 0 0 0 0 0 0 0 0 0 0 0 0 0.563478 0 -5.78629 1.36529 0 0 1.36529 0 0 0 1.36529 0 0 0 0 0 
0 0 0 0 0 0 0 0 0 0 0 0 0 0 0 0 0 0 0 0.563478 0 0 0 0 0 0 0 0 0 0 0 0 0 0 0 0.563478 0 0 0 0 0 0 0 0 0 0 0 0 0 0.563478 0.563478 -5.89467 0 0 0 1.82038 0 0 0 1.82038 0 0 0 0 
0 0 0 0 0 0 0 0 0 0 0 0 0 0 0 0 0 0 0 0 0.563478 0 0 0 0 0 0 0 0 0 0 0 0 0 0 0 0.563478 0 0 0 0 0 0 0 0 0 0 0 0.563478 0 0 0 -5.78629 1.36529 1.36529 0 0 0 0 0 1.36529 0 0 0 
0 0 0 0 0 0 0 0 0 0 0 0 0 0 0 0 0 0 0 0 0 0.563478 0 0 0 0 0 0 0 0 0 0 0 0 0 0 0 0.563478 0 0 0 0 0 0 0 0 0 0 0 0.563478 0 0 0.563478 -5.89467 0 1.82038 0 0 0 0 0 1.82038 0 0 
0 0 0 0 0 0 0 0 0 0 0 0 0 0 0 0 0 0 0 0 0 0 0.563478 0 0 0 0 0 0 0 0 0 0 0 0 0 0 0 0.563478 0 0 0 0 0 0 0 0 0 0 0 0.563478 0 0.563478 0 -5.89467 1.82038 0 0 0 0 0 0 1.82038 0 
0 0 0 0 0 0 0 0 0 0 0 0 0 0 0 0 0 0 0 0 0 0 0 0.563478 0 0 0 0 0 0 0 0 0 0 0 0 0 0 0 0.563478 0 0 0 0 0 0 0 0 0 0 0 0.563478 0 0.563478 0.563478 -5.09287 0 0 0 0 0 0 0 2.27548 
0 0 0 0 0 0 0 0 0 0 0 0 0 0 0 0 0 0 0 0 0 0 0 0 0.563478 0 0 0 0 0 0 0 0 0 0 0 0 0 0 0 0.563478 0 0 0 0 0 0 0 0.563478 0 0 0 0 0 0 0 -5.78629 1.36529 1.36529 0 1.36529 0 0 0 
0 0 0 0 0 0 0 0 0 0 0 0 0 0 0 0 0 0 0 0 0 0 0 0 0 0.563478 0 0 0 0 0 0 0 0 0 0 0 0 0 0 0 0.563478 0 0 0 0 0 0 0 0.563478 0 0 0 0 0 0 0.563478 -5.89467 0 1.82038 0 1.82038 0 0 
0 0 0 0 0 0 0 0 0 0 0 0 0 0 0 0 0 0 0 0 0 0 0 0 0 0 0.563478 0 0 0 0 0 0 0 0 0 0 0 0 0 0 0 0.563478 0 0 0 0 0 0 0 0.563478 0 0 0 0 0 0.563478 0 -5.89467 1.82038 0 0 1.82038 0 
0 0 0 0 0 0 0 0 0 0 0 0 0 0 0 0 0 0 0 0 0 0 0 0 0 0 0 0.563478 0 0 0 0 0 0 0 0 0 0 0 0 0 0 0 0.563478 0 0 0 0 0 0 0 0.563478 0 0 0 0 0 0.563478 0.563478 -5.09287 0 0 0 2.27548 
0 0 0 0 0 0 0 0 0 0 0 0 0 0 0 0 0 0 0 0 0 0 0 0 0 0 0 0 0.563478 0 0 0 0 0 0 0 0 0 0 0 0 0 0 0 0.563478 0 0 0 0 0 0 0 0.563478 0 0 0 0.563478 0 0 0 -5.89467 1.82038 1.82038 0 
0 0 0 0 0 0 0 0 0 0 0 0 0 0 0 0 0 0 0 0 0 0 0 0 0 0 0 0 0 0.563478 0 0 0 0 0 0 0 0 0 0 0 0 0 0 0 0.563478 0 0 0 0 0 0 0 0.563478 0 0 0 0.563478 0 0 0.563478 -5.09287 0 2.27548 
0 0 0 0 0 0 0 0 0 0 0 0 0 0 0 0 0 0 0 0 0 0 0 0 0 0 0 0 0 0 0.563478 0 0 0 0 0 0 0 0 0 0 0 0 0 0 0 0.563478 0 0 0 0 0 0 0 0.563478 0 0 0 0.563478 0 0.563478 0 -5.09287 2.27548 
0 0 0 0 0 0 0 0 0 0 0 0 0 0 0 0 0 0 0 0 0 0 0 0 0 0 0 0 0 0 0 0.563478 0 0 0 0 0 0 0 0 0 0 0 0 0 0 0 0.563478 0 0 0 0 0 0 0 0.563478 0 0 0 0.563478 0 0.563478 0.563478 -3.38087 
