64
-0 0 0 0 0 0 0 0 0 0 0 0 0 0 0 0 0 0 0 0 0 0 0 0 0 0 0 0 0 0 0 0 0 0 0 0 0 0 0 0 0 0 0 0 0 0 0 0 0 0 0 0 0 0 0 0 0 0 0 0 0 0 0 0 
0.64545 -3.11008 0 0.492926 0 0.492926 0 0 0 0.492926 0 0 0 0 0 0 0 0.492926 0 0 0 0 0 0 0 0 0 0 0 0 0 0 0 0.492926 0 0 0 0 0 0 0 0 0 0 0 0 0 0 0 0 0 0 0 0 0 0 0 0 0 0 0 0 0 0 
0.64545 0 -3.11008 0.492926 0 0 0.492926 0 0 0 0.492926 0 0 0 0 0 0 0 0.492926 0 0 0 0 0 0 0 0 0 0 0 0 0 0 0 0.492926 0 0 0 0 0 0 0 0 0 0 0 0 0 0 0 0 0 0 0 0 0 0 0 0 0 0 0 0 0 
0 0.64545 0.64545 -5.2343 0 0 0 0.985851 0 0 0 0.985851 0 0 0 0 0 0 0 0.985851 0 0 0 0 0 0 0 0 0 0 0 0 0 0 0 0.985851 0 0 0 0 0 0 0 0 0 0 0 0 0 0 0 0 0 0 0 0 0 0 0 0 0 0 0 0 
0.64545 0 0 0 -3.11008 0.492926 0.492926 0 0 0 0 0 0.492926 0 0 0 0 0 0 0 0.492926 0 0 0 0 0 0 0 0 0 0 0 0 0 0 0 0.492926 0 0 0 0 0 0 0 0 0 0 0 0 0 0 0 0 0 0 0 0 0 0 0 0 0 0 0 
0 0.64545 0 0 0.64545 -5.2343 0 0.985851 0 0 0 0 0 0.985851 0 0 0 0 0 0 0 0.985851 0 0 0 0 0 0 0 0 0 0 0 0 0 0 0 0.985851 0 0 0 0 0 0 0 0 0 0 0 0 0 0 0 0 0 0 0 0 0 0 0 0 0 0 
0 0 0.64545 0 0.64545 0 -5.2343 0.985851 0 0 0 0 0 0 0.985851 0 0 0 0 0 0 0 0.985851 0 0 0 0 0 0 0 0 0 0 0 0 0 0 0 0.985851 0 0 0 0 0 0 0 0 0 0 0 0 0 0 0 0 0 0 0 0 0 0 0 0 0 
0 0 0 0.64545 0 0.64545 0.64545 -6.37268 0 0 0 0 0 0 0 1.47878 0 0 0 0 0 0 0 1.47878 0 0 0 0 0 0 0 0 0 0 0 0 0 0 0 1.47878 0 0 0 0 0 0 0 0 0 0 0 0 0 0 0 0 0 0 0 0 0 0 0 0 
0.64545 0 0 0 0 0 0 0 -3.11008 0.492926 0.492926 0 0.492926 0 0 0 0 0 0 0 0 0 0 0 0.492926 0 0 0 0 0 0 0 0 0 0 0 0 0 0 0 0.492926 0 0 0 0 0 0 0 0 0 0 0 0 0 0 0 0 0 0 0 0 0 0 0 
0 0.64545 0 0 0 0 0 0 0.64545 -5.2343 0 0.985851 0 0.985851 0 0 0 0 0 0 0 0 0 0 0 0.985851 0 0 0 0 0 0 0 0 0 0 0 0 0 0 0 0.985851 0 0 0 0 0 0 0 0 0 0 0 0 0 0 0 0 0 0 0 0 0 0 
0 0 0.64545 0 0 0 0 0 0.64545 0 -5.2343 0.985851 0 0 0.985851 0 0 0 0 0 0 0 0 0 0 0 0.985851 0 0 0 0 0 0 0 0 0 0 0 0 0 0 0 0.985851 0 0 0 0 0 0 0 0 0 0 0 0 0 0 0 0 0 0 0 0 0 
0 0 0 0.64545 0 0 0 0 0 0.64545 0.64545 -6.37268 0 0 0 1.47878 0 0 0 0 0 0 0 0 0 0 0 1.47878 0 0 0 0 0 0 0 0 0 0 0 0 0 0 0 1.47878 0 0 0 0 0 0 0 0 0 0 0 0 0 0 0 0 0 0 0 0 
0 0 0 0 0.64545 0 0 0 0.64545 0 0 0 -5.2343 0.985851 0.985851 0 0 0 0 0 0 0 0 0 0 0 0 0 0.985851 0 0 0 0 0 0 0 0 0 0 0 0 0 0 0 0.985851 0 0 0 0 0 0 0 0 0 0 0 0 0 0 0 0 0 0 0 
0 0 0 0 0 0.64545 0 0 0 0.64545 0 0 0.64545 -6.37268 0 1.47878 0 0 0 0 0 0 0 0 0 0 0 0 0 1.47878 0 0 0 0 0 0 0 0 0 0 0 0 0 0 0 1.47878 0 0 0 0 0 0 0 0 0 0 0 0 0 0 0 0 0 0 
0 0 0 0 0 0 0.64545 0 0 0 0.64545 0 0.64545 0 -6.37268 1.47878 0 0 0 0 0 0 0 0 0 0 0 0 0 0 1.47878 0 0 0 0 0 0 0 0 0 0 0 0 0 0 0 1.47878 0 0 0 0 0 0 0 0 0 0 0 0 0 0 0 0 0 
0 0 0 0 0 0 0 0.64545 0 0 0 0.64545 0 0.64545 0.64545 -6.5252 0 0 0 0 0 0 0 0 0 0 0 0 0 0 0 1.9717 0 0 0 0 0 0 0 0 0 0 0 0 0 0 0 1.9717 0 0 0 0 0 0 0 0 0 0 0 0 0 0 0 0 
0.64545 0 0 0 0 0 0 0 0 0 0 0 0 0 0 0 -3.11008 0.492926 0.492926 0 0.492926 0 0 0 0.492926 0 0 0 0 0 0 0 0 0 0 0 0 0 0 0 0 0 0 0 0 0 0 0 0.492926 0 0 0 0 0 0 0 0 0 0 0 0 0 0 0 
0 0.64545 0 0 0 0 0 0 0 0 0 0 0 0 0 0 0.64545 -5.2343 0 0.985851 0 0.985851 0 0 0 0.985851 0 0 0 0 0 0 0 0 0 0 0 0 0 0 0 0 0 0 0 0 0 0 0 0.985851 0 0 0 0 0 0 0 0 0 0 0 0 0 0 
0 0 0.64545 0 0 0 0 0 0 0 0 0 0 0 0 0 0.64545 0 -5.2343 0.985851 0 0 0.985851 0 0 0 0.985851 0 0 0 0 0 0 0 0 0 0 0 0 0 0 0 0 0 0 0 0 0 0 0 0.985851 0 0 0 0 0 0 0 0 0 0 0 0 0 
0 0 0 0.64545 0 0 0 0 0 0 0 0 0 0 0 0 0 0.64545 0.64545 -6.37268 0 0 0 1.47878 0 0 0 1.47878 0 0 0 0 0 0 0 0 0 0 0 0 0 0 0 0 0 0 0 0 0 0 0 1.47878 0 0 0 0 0 0 0 0 0 0 0 0 
0 0 0 0 0.64545 0 0 0 0 0 0 0 0 0 0 0 0.64545 0 0 0 -5.2343 0.985851 0.985851 0 0 0 0 0 0.985851 0 0 0 0 0 0 0 0 0 0 0 0 0 0 0 0 0 0 0 0 0 0 0 0.985851 0 0 0 0 0 0 0 0 0 0 0 
0 0 0 0 0 0.64545 0 0 0 0 0 0 0 0 0 0 0 0.64545 0 0 0.64545 -6.37268 0 1.47878 0 0 0 0 0 1.47878 0 0 0 0 0 0 0 0 0 0 0 0 0 0 0 0 0 0 0 0 0 0 0 1.47878 0 0 0 0 0 0 0 0 0 0 
0 0 0 0 0 0 0.64545 0 0 0 0 0 0 0 0 0 0 0 0.64545 0 0.64545 0 -6.37268 1.47878 0 0 0 0 0 0 1.47878 0 0 0 0 0 0 0 0 0 0 0 0 0 0 0 0 0 0 0 0 0 0 0 1.47878 0 0 0 0 0 0 0 0 0 
0 0 0 0 0 0 0 0.64545 0 0 0 0 0 0 0 0 0 0 0 0.64545 0 0.64545 0.64545 -6.5252 0 0 0 0 0 0 0 1.9717 0 0 0 0 0 0 0 0 0 0 0 0 0 0 0 0 0 0 0 0 0 0 0 1.9717 0 0 0 0 0 0 0 0 
0 0 0 0 0 0 0 0 0.64545 0 0 0 0 0 0 0 0.64545 0 0 0 0 0 0 0 -5.2343 0.985851 0.985851 0 0.985851 0 0 0 0 0 0 0 0 0 0 0 0 0 0 0 0 0 0 0 0 0 0 0 0 0 0 0 0.985851 0 0 0 0 0 0 0 
0 0 0 0 0 0 0 0 0 0.64545 0 0 0 0 0 0 0 0.64545 0 0 0 0 0 0 0.64545 -6.37268 0 1.47878 0 1.47878 0 0 0 0 0 0 0 0 0 0 0 0 0 0 0 0 0 0 0 0 0 0 0 0 0 0 0 1.47878 0 0 0 0 0 0 
0 0 0 0 0 0 0 0 0 0 0.64545 0 0 0 0 0 0 0 0.64545 0 0 0 0 0 0.64545 0 -6.37268 1.47878 0 0 1.47878 0 0 0 0 0 0 0 0 0 0 0 0 0 0 0 0 0 0 0 0 0 0 0 0 0 0 0 1.47878 0 0 0 0 0 
0 0 0 0 0 0 0 0 0 0 0 0.64545 0 0 0 0 0 0 0 0.64545 0 0 0 0 0 0.64545 0.64545 -6.5252 0 0 0 1.9717 0 0 0 0 0 0 0 0 0 0 0 0 0 0 0 0 0 0 0 0 0 0 0 0 0 0 0 1.9717 0 0 0 0 
0 0 0 0 0 0 0 0 0 0 0 0 0.64545 0 0 0 0 0 0 0 0.64545 0 0 0 0.64545 0 0 0 -6.37268 1.47878 1.47878 0 0 0 0 0 0 0 0 0 0 0 0 0 0 0 0 0 0 0 0 0 0 0 0 0 0 0 0 0 1.47878 0 0 0 
0 0 0 0 0 0 0 0 0 0 0 0 0 0.64545 0 0 0 0 0 0 0 0.64545 0 0 0 0.64545 0 0 0.64545 -6.5252 0 1.9717 0 0 0 0 0 0 0 0 0 0 0 0 0 0 0 0 0 0 0 0 0 0 0 0 0 0 0 0 0 1.9717 0 0 
0 0 0 0 0 0 0 0 0 0 0 0 0 0 0.64545 0 0 0 0 0 0 0 0.64545 0 0 0 0.64545 0 0.64545 0 -6.5252 1.9717 0 0 0 0 0 0 0 0 0 0 0 0 0 0 0 0 0 0 0 0 0 0 0 0 0 0 0 0 0 0 1.9717 0 
0 0 0 0 0 0 0 0 0 0 0 0 0 0 0 0.64545 0 0 0 0 0 0 0 0.64545 0 0 0 0.64545 0 0.64545 0.64545 -5.69188 0 0 0 0 0 0 0 0 0 0 0 0 0 0 0 0 0 0 0 0 0 0 0 0 0 0 0 0 0 0 0 2.46463 
0.64545 0 0 0 0 0 0 0 0 0 0 0 0 0 0 0 0 0 0 0 0 0 0 0 0 0 0 0 0 0 0 0 -3.11008 0.492926 0.492926 0 0.492926 0 0 0 0.492926 0 0 0 0 0 0 0 0.492926 0 0 0 0 0 0 0 0 0 0 0 0 0 0 0 
0 0.64545 0 0 0 0 0 0 0 0 0 0 0 0 0 0 0 0 0 0 0 0 0 0 0 0 0 0 0 0 0 0 0.64545 -5.2343 0 0.985851 0 0.985851 0 0 0 0.985851 0 0 0 0 0 0 0 0.985851 0 0 0 0 0 0 0 0 0 0 0 0 0 0 
0 0 0.64545 0 0 0 0 0 0 0 0 0 0 0 0 0 0 0 0 0 0 0 0 0 0 0 0 0 0 0 0 0 0.64545 0 -5.2343 0.985851 0 0 0.985851 0 0 0 0.985851 0 0 0 0 0 0 0 0.985851 0 0 0 0 0 0 0 0 0 0 0 0 0 
0 0 0 0.64545 0 0 0 0 0 0 0 0 0 0 0 0 0 0 0 0 0 0 0 0 0 0 0 0 0 0 0 0 0 0.64545 0.64545 -6.37268 0 0 0 1.47878 0 0 0 1.47878 0 0 0 0 0 0 0 1.47878 0 0 0 0 0 0 0 0 0 0 0 0 
0 0 0 0 0.64545 0 0 0 0 0 0 0 0 0 0 0 0 0 0 0 0 0 0 0 0 0 0 0 0 0 0 0 0.64545 0 0 0 -5.2343 0.985851 0.985851 0 0 0 0 0 0.985851 0 0 0 0 0 0 0 0.985851 0 0 0 0 0 0 0 0 0 0 0 
0 0 0 0 0 0.64545 0 0 0 0 0 0 0 0 0 0 0 0 0 0 0 0 0 0 0 0 0 0 0 0 0 0 0 0.64545 0 0 0.64545 -6.37268 0 1.47878 0 0 0 0 0 1.47878 0 0 0 0 0 0 0 1.47878 0 0 0 0 0 0 0 0 0 0 
0 0 0 0 0 0 0.64545 0 0 0 0 0 0 0 0 0 0 0 0 0 0 0 0 0 0 0 0 0 0 0 0 0 0 0 0.64545 0 0.64545 0 -6.37268 1.47878 0 0 0 0 0 0 1.47878 0 0 0 0 0 0 0 1.47878 0 0 0 0 0 0 0 0 0 
0 0 0 0 0 0 0 0.64545 0 0 0 0 0 0 0 0 0 0 0 0 0 0 0 0 0 0 0 0 0 0 0 0 0 0 0 0.64545 0 0.64545 0.64545 -6.5252 0 0 0 0 0 0 0 1.9717 0 0 0 0 0 0 0 1.9717 0 0 0 0 0 0 0 0 
0 0 0 0 0 0 0 0 0.64545 0 0 0 0 0 0 0 0 0 0 0 0 0 0 0 0 0 0 0 0 0 0 0 0.64545 0 0 0 0 0 0 0 -5.2343 0.985851 0.985851 0 0.985851 0 0 0 0 0 0 0 0 0 0 0 0.985851 0 0 0 0 0 0 0 
0 0 0 0 0 0 0 0 0 0.64545 0 0 0 0 0 0 0 0 0 0 0 0 0 0 0 0 0 0 0 0 0 0 0 0.64545 0 0 0 0 0 0 0.64545 -6.37268 0 1.47878 0 1.47878 0 0 0 0 0 0 0 0 0 0 0 1.47878 0 0 0 0 0 0 
0 0 0 0 0 0 0 0 0 0 0.64545 0 0 0 0 0 0 0 0 0 0 0 0 0 0 0 0 0 0 0 0 0 0 0 0.64545 0 0 0 0 0 0.64545 0 -6.37268 1.47878 0 0 1.47878 0 0 0 0 0 0 0 0 0 0 0 1.47878 0 0 0 0 0 
0 0 0 0 0 0 0 0 0 0 0 0.64545 0 0 0 0 0 0 0 0 0 0 0 0 0 0 0 0 0 0 0 0 0 0 0 0.64545 0 0 0 0 0 0.64545 0.64545 -6.5252 0 0 0 1.9717 0 0 0 0 0 0 0 0 0 0 0 1.9717 0 0 0 0 
0 0 0 0 0 0 0 0 0 0 0 0 0.64545 0 0 0 0 0 0 0 0 0 0 0 0 0 0 0 0 0 0 0 0 0 0 0 0.64545 0 0 0 0.64545 0 0 0 -6.37268 1.47878 1.47878 0 0 0 0 0 0 0 0 0 0 0 0 0 1.47878 0 0 0 
0 0 0 0 0 0 0 0 0 0 0 0 0 0.64545 0 0 0 0 0 0 0 0 0 0 0 0 0 0 0 0 0 0 0 0 0 0 0 0.64545 0 0 0 0.64545 0 0 0.64545 -6.5252 0 1.9717 0 0 0 0 0 0 0 0 0 0 0 0 0 1.9717 0 0 
0 0 0 0 0 0 0 0 0 0 0 0 0 0 0.64545 0 0 0 0 0 0 0 0 0 0 0 0 0 0 0 0 0 0 0 0 0 0 0 0.64545 0 0 0 0.64545 0 0.64545 0 -6.5252 1.9717 0 0 0 0 0 0 0 0 0 0 0 0 0 0 1.9717 0 
0 0 0 0 0 0 0 0 0 0 0 0 0 0 0 0.64545 0 0 0 0 0 0 0 0 0 0 0 0 0 0 0 0 0 0 0 0 0 0 0 0.64545 0 0 0 0.64545 0 0.64545 0.64545 -5.69188 0 0 0 0 0 0 0 0 0 0 0 0 0 0 0 2.46463 
0 0 0 0 0 0 0 0 0 0 0 0 0 0 0 0 0.64545 0 0 0 0 0 0 0 0 0 0 0 0 0 0 0 0.64545 0 0 0 0 0 0 0 0 0 0 0 0 0 0 0 -5.2343 0.985851 0.985851 0 0.985851 0 0 0 0.985851 0 0 0 0 0 0 0 
0 0 0 0 0 0 0 0 0 0 0 0 0 0 0 0 0 0.64545 0 0 0 0 0 0 0 0 0 0 0 0 0 0 0 0.64545 0 0 0 0 0 0 0 0 0 0 0 0 0 0 0.64545 -6.37268 0 1.47878 0 1.47878 0 0 0 1.47878 0 0 0 0 0 0 
0 0 0 0 0 0 0 0 0 0 0 0 0 0 0 0 0 0 0.64545 0 0 0 0 0 0 0 0 0 0 0 0 0 0 0 0.64545 0 0 0 0 0 0 0 0 0 0 0 0 0 0.64545 0 -6.37268 1.47878 0 0 1.47878 0 0 0 1.47878 0 0 0 0 0 
0 0 0 0 0 0 0 0 0 0 0 0 0 0 0 0 0 0 0 0.64545 0 0 0 0 0 0 0 0 0 0 0 0 0 0 0 0.64545 0 0 0 0 0 0 0 0 0 0 0 0 0 0.64545 0.64545 -6.5252 0 0 0 1.9717 0 0 0 1.9717 0 0 0 0 
0 0 0 0 0 0 0 0 0 0 0 0 0 0 0 0 0 0 0 0 0.64545 0 0 0 0 0 0 0 0 0 0 0 0 0 0 0 0.64545 0 0 0 0 0 0 0 0 0 0 0 0.64545 0 0 0 -6.37268 1.47878 1.47878 0 0 0 0 0 1.47878 0 0 0 
0 0 0 0 0 0 0 0 0 0 0 0 0 0 0 0 0 0 0 0 0 0.64545 0 0 0 0 0 0 0 0 0 0 0 0 0 0 0 0.64545 0 0 0 0 0 0 0 0 0 0 0 0.64545 0 0 0.64545 -6.5252 0 1.9717 0 0 0 0 0 1.9717 0 0 
0 0 0 0 0 0 0 0 0 0 0 0 0 0 0 0 0 0 0 0 0 0 0.64545 0 0 0 0 0 0 0 0 0 0 0 0 0 0 0 0.64545 0 0 0 0 0 0 0 0 0 0 0 0.64545 0 0.64545 0 -6.5252 1.9717 0 0 0 0 0 0 1.9717 0 
0 0 0 0 0 0 0 0 0 0 0 0 0 0 0 0 0 0 0 0 0 0 0 0.64545 0 0 0 0 0 0 0 0 0 0 0 0 0 0 0 0.64545 0 0 0 0 0 0 0 0 0 0 0 0.64545 0 0.64545 0.64545 -5.69188 0 0 0 0 0 0 0 2.46463 
0 0 0 0 0 0 0 0 0 0 0 0 0 0 0 0 0 0 0 0 0 0 0 0 0.64545 0 0 0 0 0 0 0 0 0 0 0 0 0 0 0 0.64545 0 0 0 0 0 0 0 0.64545 0 0 0 0 0 0 0 -6.37268 1.47878 1.47878 0 1.47878 0 0 0 
0 0 0 0 0 0 0 0 0 0 0 0 0 0 0 0 0 0 0 0 0 0 0 0 0 0.64545 0 0 0 0 0 0 0 0 0 0 0 0 0 0 0 0.64545 0 0 0 0 0 0 0 0.64545 0 0 0 0 0 0 0.64545 -6.5252 0 1.9717 0 1.9717 0 0 
0 0 0 0 0 0 0 0 0 0 0 0 0 0 0 0 0 0 0 0 0 0 0 0 0 0 0.64545 0 0 0 0 0 0 0 0 0 0 0 0 0 0 0 0.64545 0 0 0 0 0 0 0 0.64545 0 0 0 0 0 0.64545 0 -6.5252 1.9717 0 0 1.9717 0 
0 0 0 0 0 0 0 0 0 0 0 0 0 0 0 0 0 0 0 0 0 0 0 0 0 0 0 0.64545 0 0 0 0 0 0 0 0 0 0 0 0 0 0 0 0.64545 0 0 0 0 0 0 0 0.64545 0 0 0 0 0 0.64545 0.64545 -5.69188 0 0 0 2.46463 
0 0 0 0 0 0 0 0 0 0 0 0 0 0 0 0 0 0 0 0 0 0 0 0 0 0 0 0 0.64545 0 0 0 0 0 0 0 0 0 0 0 0 0 0 0 0.64545 0 0 0 0 0 0 0 0.64545 0 0 0 0.64545 0 0 0 -6.5252 1.9717 1.9717 0 
0 0 0 0 0 0 0 0 0 0 0 0 0 0 0 0 0 0 0 0 0 0 0 0 0 0 0 0 0 0.64545 0 0 0 0 0 0 0 0 0 0 0 0 0 0 0 0.64545 0 0 0 0 0 0 0 0.64545 0 0 0 0.64545 0 0 0.64545 -5.69188 0 2.46463 
0 0 0 0 0 0 0 0 0 0 0 0 0 0 0 0 0 0 0 0 0 0 0 0 0 0 0 0 0 0 0.64545 0 0 0 0 0 0 0 0 0 0 0 0 0 0 0 0.64545 0 0 0 0 0 0 0 0.64545 0 0 0 0.64545 0 0.64545 0 -5.69188 2.46463 
0 0 0 0 0 0 0 0 0 0 0 0 0 0 0 0 0 0 0 0 0 0 0 0 0 0 0 0 0 0 0 0.64545 0 0 0 0 0 0 0 0 0 0 0 0 0 0 0 0.64545 0 0 0 0 0 0 0 0.64545 0 0 0 0.64545 0 0.64545 0.64545 -3.8727 
