64
-0 0 0 0 0 0 0 0 0 0 0 0 0 0 0 0 0 0 0 0 0 0 0 0 0 0 0 0 0 0 0 0 0 0 0 0 0 0 0 0 0 0 0 0 0 0 0 0 0 0 0 0 0 0 0 0 0 0 0 0 0 0 0 0 
0.324517 -1.9498 0 0.325057 0 0.325057 0 0 0 0.325057 0 0 0 0 0 0 0 0.325057 0 0 0 0 0 0 0 0 0 0 0 0 0 0 0 0.325057 0 0 0 0 0 0 0 0 0 0 0 0 0 0 0 0 0 0 0 0 0 0 0 0 0 0 0 0 0 0 
0.324517 0 -1.9498 0.325057 0 0 0.325057 0 0 0 0.325057 0 0 0 0 0 0 0 0.325057 0 0 0 0 0 0 0 0 0 0 0 0 0 0 0 0.325057 0 0 0 0 0 0 0 0 0 0 0 0 0 0 0 0 0 0 0 0 0 0 0 0 0 0 0 0 0 
0 0.324517 0.324517 -3.24949 0 0 0 0.650114 0 0 0 0.650114 0 0 0 0 0 0 0 0.650114 0 0 0 0 0 0 0 0 0 0 0 0 0 0 0 0.650114 0 0 0 0 0 0 0 0 0 0 0 0 0 0 0 0 0 0 0 0 0 0 0 0 0 0 0 0 
0.324517 0 0 0 -1.9498 0.325057 0.325057 0 0 0 0 0 0.325057 0 0 0 0 0 0 0 0.325057 0 0 0 0 0 0 0 0 0 0 0 0 0 0 0 0.325057 0 0 0 0 0 0 0 0 0 0 0 0 0 0 0 0 0 0 0 0 0 0 0 0 0 0 0 
0 0.324517 0 0 0.324517 -3.24949 0 0.650114 0 0 0 0 0 0.650114 0 0 0 0 0 0 0 0.650114 0 0 0 0 0 0 0 0 0 0 0 0 0 0 0 0.650114 0 0 0 0 0 0 0 0 0 0 0 0 0 0 0 0 0 0 0 0 0 0 0 0 0 0 
0 0 0.324517 0 0.324517 0 -3.24949 0.650114 0 0 0 0 0 0 0.650114 0 0 0 0 0 0 0 0.650114 0 0 0 0 0 0 0 0 0 0 0 0 0 0 0 0.650114 0 0 0 0 0 0 0 0 0 0 0 0 0 0 0 0 0 0 0 0 0 0 0 0 0 
0 0 0 0.324517 0 0.324517 0.324517 -3.89906 0 0 0 0 0 0 0 0.975171 0 0 0 0 0 0 0 0.975171 0 0 0 0 0 0 0 0 0 0 0 0 0 0 0 0.975171 0 0 0 0 0 0 0 0 0 0 0 0 0 0 0 0 0 0 0 0 0 0 0 0 
0.324517 0 0 0 0 0 0 0 -1.9498 0.325057 0.325057 0 0.325057 0 0 0 0 0 0 0 0 0 0 0 0.325057 0 0 0 0 0 0 0 0 0 0 0 0 0 0 0 0.325057 0 0 0 0 0 0 0 0 0 0 0 0 0 0 0 0 0 0 0 0 0 0 0 
0 0.324517 0 0 0 0 0 0 0.324517 -3.24949 0 0.650114 0 0.650114 0 0 0 0 0 0 0 0 0 0 0 0.650114 0 0 0 0 0 0 0 0 0 0 0 0 0 0 0 0.650114 0 0 0 0 0 0 0 0 0 0 0 0 0 0 0 0 0 0 0 0 0 0 
0 0 0.324517 0 0 0 0 0 0.324517 0 -3.24949 0.650114 0 0 0.650114 0 0 0 0 0 0 0 0 0 0 0 0.650114 0 0 0 0 0 0 0 0 0 0 0 0 0 0 0 0.650114 0 0 0 0 0 0 0 0 0 0 0 0 0 0 0 0 0 0 0 0 0 
0 0 0 0.324517 0 0 0 0 0 0.324517 0.324517 -3.89906 0 0 0 0.975171 0 0 0 0 0 0 0 0 0 0 0 0.975171 0 0 0 0 0 0 0 0 0 0 0 0 0 0 0 0.975171 0 0 0 0 0 0 0 0 0 0 0 0 0 0 0 0 0 0 0 0 
0 0 0 0 0.324517 0 0 0 0.324517 0 0 0 -3.24949 0.650114 0.650114 0 0 0 0 0 0 0 0 0 0 0 0 0 0.650114 0 0 0 0 0 0 0 0 0 0 0 0 0 0 0 0.650114 0 0 0 0 0 0 0 0 0 0 0 0 0 0 0 0 0 0 0 
0 0 0 0 0 0.324517 0 0 0 0.324517 0 0 0.324517 -3.89906 0 0.975171 0 0 0 0 0 0 0 0 0 0 0 0 0 0.975171 0 0 0 0 0 0 0 0 0 0 0 0 0 0 0 0.975171 0 0 0 0 0 0 0 0 0 0 0 0 0 0 0 0 0 0 
0 0 0 0 0 0 0.324517 0 0 0 0.324517 0 0.324517 0 -3.89906 0.975171 0 0 0 0 0 0 0 0 0 0 0 0 0 0 0.975171 0 0 0 0 0 0 0 0 0 0 0 0 0 0 0 0.975171 0 0 0 0 0 0 0 0 0 0 0 0 0 0 0 0 0 
0 0 0 0 0 0 0 0.324517 0 0 0 0.324517 0 0.324517 0.324517 -3.89852 0 0 0 0 0 0 0 0 0 0 0 0 0 0 0 1.30023 0 0 0 0 0 0 0 0 0 0 0 0 0 0 0 1.30023 0 0 0 0 0 0 0 0 0 0 0 0 0 0 0 0 
0.324517 0 0 0 0 0 0 0 0 0 0 0 0 0 0 0 -1.9498 0.325057 0.325057 0 0.325057 0 0 0 0.325057 0 0 0 0 0 0 0 0 0 0 0 0 0 0 0 0 0 0 0 0 0 0 0 0.325057 0 0 0 0 0 0 0 0 0 0 0 0 0 0 0 
0 0.324517 0 0 0 0 0 0 0 0 0 0 0 0 0 0 0.324517 -3.24949 0 0.650114 0 0.650114 0 0 0 0.650114 0 0 0 0 0 0 0 0 0 0 0 0 0 0 0 0 0 0 0 0 0 0 0 0.650114 0 0 0 0 0 0 0 0 0 0 0 0 0 0 
0 0 0.324517 0 0 0 0 0 0 0 0 0 0 0 0 0 0.324517 0 -3.24949 0.650114 0 0 0.650114 0 0 0 0.650114 0 0 0 0 0 0 0 0 0 0 0 0 0 0 0 0 0 0 0 0 0 0 0 0.650114 0 0 0 0 0 0 0 0 0 0 0 0 0 
0 0 0 0.324517 0 0 0 0 0 0 0 0 0 0 0 0 0 0.324517 0.324517 -3.89906 0 0 0 0.975171 0 0 0 0.975171 0 0 0 0 0 0 0 0 0 0 0 0 0 0 0 0 0 0 0 0 0 0 0 0.975171 0 0 0 0 0 0 0 0 0 0 0 0 
0 0 0 0 0.324517 0 0 0 0 0 0 0 0 0 0 0 0.324517 0 0 0 -3.24949 0.650114 0.650114 0 0 0 0 0 0.650114 0 0 0 0 0 0 0 0 0 0 0 0 0 0 0 0 0 0 0 0 0 0 0 0.650114 0 0 0 0 0 0 0 0 0 0 0 
0 0 0 0 0 0.324517 0 0 0 0 0 0 0 0 0 0 0 0.324517 0 0 0.324517 -3.89906 0 0.975171 0 0 0 0 0 0.975171 0 0 0 0 0 0 0 0 0 0 0 0 0 0 0 0 0 0 0 0 0 0 0 0.975171 0 0 0 0 0 0 0 0 0 0 
0 0 0 0 0 0 0.324517 0 0 0 0 0 0 0 0 0 0 0 0.324517 0 0.324517 0 -3.89906 0.975171 0 0 0 0 0 0 0.975171 0 0 0 0 0 0 0 0 0 0 0 0 0 0 0 0 0 0 0 0 0 0 0 0.975171 0 0 0 0 0 0 0 0 0 
0 0 0 0 0 0 0 0.324517 0 0 0 0 0 0 0 0 0 0 0 0.324517 0 0.324517 0.324517 -3.89852 0 0 0 0 0 0 0 1.30023 0 0 0 0 0 0 0 0 0 0 0 0 0 0 0 0 0 0 0 0 0 0 0 1.30023 0 0 0 0 0 0 0 0 
0 0 0 0 0 0 0 0 0.324517 0 0 0 0 0 0 0 0.324517 0 0 0 0 0 0 0 -3.24949 0.650114 0.650114 0 0.650114 0 0 0 0 0 0 0 0 0 0 0 0 0 0 0 0 0 0 0 0 0 0 0 0 0 0 0 0.650114 0 0 0 0 0 0 0 
0 0 0 0 0 0 0 0 0 0.324517 0 0 0 0 0 0 0 0.324517 0 0 0 0 0 0 0.324517 -3.89906 0 0.975171 0 0.975171 0 0 0 0 0 0 0 0 0 0 0 0 0 0 0 0 0 0 0 0 0 0 0 0 0 0 0 0.975171 0 0 0 0 0 0 
0 0 0 0 0 0 0 0 0 0 0.324517 0 0 0 0 0 0 0 0.324517 0 0 0 0 0 0.324517 0 -3.89906 0.975171 0 0 0.975171 0 0 0 0 0 0 0 0 0 0 0 0 0 0 0 0 0 0 0 0 0 0 0 0 0 0 0 0.975171 0 0 0 0 0 
0 0 0 0 0 0 0 0 0 0 0 0.324517 0 0 0 0 0 0 0 0.324517 0 0 0 0 0 0.324517 0.324517 -3.89852 0 0 0 1.30023 0 0 0 0 0 0 0 0 0 0 0 0 0 0 0 0 0 0 0 0 0 0 0 0 0 0 0 1.30023 0 0 0 0 
0 0 0 0 0 0 0 0 0 0 0 0 0.324517 0 0 0 0 0 0 0 0.324517 0 0 0 0.324517 0 0 0 -3.89906 0.975171 0.975171 0 0 0 0 0 0 0 0 0 0 0 0 0 0 0 0 0 0 0 0 0 0 0 0 0 0 0 0 0 0.975171 0 0 0 
0 0 0 0 0 0 0 0 0 0 0 0 0 0.324517 0 0 0 0 0 0 0 0.324517 0 0 0 0.324517 0 0 0.324517 -3.89852 0 1.30023 0 0 0 0 0 0 0 0 0 0 0 0 0 0 0 0 0 0 0 0 0 0 0 0 0 0 0 0 0 1.30023 0 0 
0 0 0 0 0 0 0 0 0 0 0 0 0 0 0.324517 0 0 0 0 0 0 0 0.324517 0 0 0 0.324517 0 0.324517 0 -3.89852 1.30023 0 0 0 0 0 0 0 0 0 0 0 0 0 0 0 0 0 0 0 0 0 0 0 0 0 0 0 0 0 0 1.30023 0 
0 0 0 0 0 0 0 0 0 0 0 0 0 0 0 0.324517 0 0 0 0 0 0 0 0.324517 0 0 0 0.324517 0 0.324517 0.324517 -3.24787 0 0 0 0 0 0 0 0 0 0 0 0 0 0 0 0 0 0 0 0 0 0 0 0 0 0 0 0 0 0 0 1.62528 
0.324517 0 0 0 0 0 0 0 0 0 0 0 0 0 0 0 0 0 0 0 0 0 0 0 0 0 0 0 0 0 0 0 -1.9498 0.325057 0.325057 0 0.325057 0 0 0 0.325057 0 0 0 0 0 0 0 0.325057 0 0 0 0 0 0 0 0 0 0 0 0 0 0 0 
0 0.324517 0 0 0 0 0 0 0 0 0 0 0 0 0 0 0 0 0 0 0 0 0 0 0 0 0 0 0 0 0 0 0.324517 -3.24949 0 0.650114 0 0.650114 0 0 0 0.650114 0 0 0 0 0 0 0 0.650114 0 0 0 0 0 0 0 0 0 0 0 0 0 0 
0 0 0.324517 0 0 0 0 0 0 0 0 0 0 0 0 0 0 0 0 0 0 0 0 0 0 0 0 0 0 0 0 0 0.324517 0 -3.24949 0.650114 0 0 0.650114 0 0 0 0.650114 0 0 0 0 0 0 0 0.650114 0 0 0 0 0 0 0 0 0 0 0 0 0 
0 0 0 0.324517 0 0 0 0 0 0 0 0 0 0 0 0 0 0 0 0 0 0 0 0 0 0 0 0 0 0 0 0 0 0.324517 0.324517 -3.89906 0 0 0 0.975171 0 0 0 0.975171 0 0 0 0 0 0 0 0.975171 0 0 0 0 0 0 0 0 0 0 0 0 
0 0 0 0 0.324517 0 0 0 0 0 0 0 0 0 0 0 0 0 0 0 0 0 0 0 0 0 0 0 0 0 0 0 0.324517 0 0 0 -3.24949 0.650114 0.650114 0 0 0 0 0 0.650114 0 0 0 0 0 0 0 0.650114 0 0 0 0 0 0 0 0 0 0 0 
0 0 0 0 0 0.324517 0 0 0 0 0 0 0 0 0 0 0 0 0 0 0 0 0 0 0 0 0 0 0 0 0 0 0 0.324517 0 0 0.324517 -3.89906 0 0.975171 0 0 0 0 0 0.975171 0 0 0 0 0 0 0 0.975171 0 0 0 0 0 0 0 0 0 0 
0 0 0 0 0 0 0.324517 0 0 0 0 0 0 0 0 0 0 0 0 0 0 0 0 0 0 0 0 0 0 0 0 0 0 0 0.324517 0 0.324517 0 -3.89906 0.975171 0 0 0 0 0 0 0.975171 0 0 0 0 0 0 0 0.975171 0 0 0 0 0 0 0 0 0 
0 0 0 0 0 0 0 0.324517 0 0 0 0 0 0 0 0 0 0 0 0 0 0 0 0 0 0 0 0 0 0 0 0 0 0 0 0.324517 0 0.324517 0.324517 -3.89852 0 0 0 0 0 0 0 1.30023 0 0 0 0 0 0 0 1.30023 0 0 0 0 0 0 0 0 
0 0 0 0 0 0 0 0 0.324517 0 0 0 0 0 0 0 0 0 0 0 0 0 0 0 0 0 0 0 0 0 0 0 0.324517 0 0 0 0 0 0 0 -3.24949 0.650114 0.650114 0 0.650114 0 0 0 0 0 0 0 0 0 0 0 0.650114 0 0 0 0 0 0 0 
0 0 0 0 0 0 0 0 0 0.324517 0 0 0 0 0 0 0 0 0 0 0 0 0 0 0 0 0 0 0 0 0 0 0 0.324517 0 0 0 0 0 0 0.324517 -3.89906 0 0.975171 0 0.975171 0 0 0 0 0 0 0 0 0 0 0 0.975171 0 0 0 0 0 0 
0 0 0 0 0 0 0 0 0 0 0.324517 0 0 0 0 0 0 0 0 0 0 0 0 0 0 0 0 0 0 0 0 0 0 0 0.324517 0 0 0 0 0 0.324517 0 -3.89906 0.975171 0 0 0.975171 0 0 0 0 0 0 0 0 0 0 0 0.975171 0 0 0 0 0 
0 0 0 0 0 0 0 0 0 0 0 0.324517 0 0 0 0 0 0 0 0 0 0 0 0 0 0 0 0 0 0 0 0 0 0 0 0.324517 0 0 0 0 0 0.324517 0.324517 -3.89852 0 0 0 1.30023 0 0 0 0 0 0 0 0 0 0 0 1.30023 0 0 0 0 
0 0 0 0 0 0 0 0 0 0 0 0 0.324517 0 0 0 0 0 0 0 0 0 0 0 0 0 0 0 0 0 0 0 0 0 0 0 0.324517 0 0 0 0.324517 0 0 0 -3.89906 0.975171 0.975171 0 0 0 0 0 0 0 0 0 0 0 0 0 0.975171 0 0 0 
0 0 0 0 0 0 0 0 0 0 0 0 0 0.324517 0 0 0 0 0 0 0 0 0 0 0 0 0 0 0 0 0 0 0 0 0 0 0 0.324517 0 0 0 0.324517 0 0 0.324517 -3.89852 0 1.30023 0 0 0 0 0 0 0 0 0 0 0 0 0 1.30023 0 0 
0 0 0 0 0 0 0 0 0 0 0 0 0 0 0.324517 0 0 0 0 0 0 0 0 0 0 0 0 0 0 0 0 0 0 0 0 0 0 0 0.324517 0 0 0 0.324517 0 0.324517 0 -3.89852 1.30023 0 0 0 0 0 0 0 0 0 0 0 0 0 0 1.30023 0 
0 0 0 0 0 0 0 0 0 0 0 0 0 0 0 0.324517 0 0 0 0 0 0 0 0 0 0 0 0 0 0 0 0 0 0 0 0 0 0 0 0.324517 0 0 0 0.324517 0 0.324517 0.324517 -3.24787 0 0 0 0 0 0 0 0 0 0 0 0 0 0 0 1.62528 
0 0 0 0 0 0 0 0 0 0 0 0 0 0 0 0 0.324517 0 0 0 0 0 0 0 0 0 0 0 0 0 0 0 0.324517 0 0 0 0 0 0 0 0 0 0 0 0 0 0 0 -3.24949 0.650114 0.650114 0 0.650114 0 0 0 0.650114 0 0 0 0 0 0 0 
0 0 0 0 0 0 0 0 0 0 0 0 0 0 0 0 0 0.324517 0 0 0 0 0 0 0 0 0 0 0 0 0 0 0 0.324517 0 0 0 0 0 0 0 0 0 0 0 0 0 0 0.324517 -3.89906 0 0.975171 0 0.975171 0 0 0 0.975171 0 0 0 0 0 0 
0 0 0 0 0 0 0 0 0 0 0 0 0 0 0 0 0 0 0.324517 0 0 0 0 0 0 0 0 0 0 0 0 0 0 0 0.324517 0 0 0 0 0 0 0 0 0 0 0 0 0 0.324517 0 -3.89906 0.975171 0 0 0.975171 0 0 0 0.975171 0 0 0 0 0 
0 0 0 0 0 0 0 0 0 0 0 0 0 0 0 0 0 0 0 0.324517 0 0 0 0 0 0 0 0 0 0 0 0 0 0 0 0.324517 0 0 0 0 0 0 0 0 0 0 0 0 0 0.324517 0.324517 -3.89852 0 0 0 1.30023 0 0 0 1.30023 0 0 0 0 
0 0 0 0 0 0 0 0 0 0 0 0 0 0 0 0 0 0 0 0 0.324517 0 0 0 0 0 0 0 0 0 0 0 0 0 0 0 0.324517 0 0 0 0 0 0 0 0 0 0 0 0.324517 0 0 0 -3.89906 0.975171 0.975171 0 0 0 0 0 0.975171 0 0 0 
0 0 0 0 0 0 0 0 0 0 0 0 0 0 0 0 0 0 0 0 0 0.324517 0 0 0 0 0 0 0 0 0 0 0 0 0 0 0 0.324517 0 0 0 0 0 0 0 0 0 0 0 0.324517 0 0 0.324517 -3.89852 0 1.30023 0 0 0 0 0 1.30023 0 0 
0 0 0 0 0 0 0 0 0 0 0 0 0 0 0 0 0 0 0 0 0 0 0.324517 0 0 0 0 0 0 0 0 0 0 0 0 0 0 0 0.324517 0 0 0 0 0 0 0 0 0 0 0 0.324517 0 0.324517 0 -3.89852 1.30023 0 0 0 0 0 0 1.30023 0 
0 0 0 0 0 0 0 0 0 0 0 0 0 0 0 0 0 0 0 0 0 0 0 0.324517 0 0 0 0 0 0 0 0 0 0 0 0 0 0 0 0.324517 0 0 0 0 0 0 0 0 0 0 0 0.324517 0 0.324517 0.324517 -3.24787 0 0 0 0 0 0 0 1.62528 
0 0 0 0 0 0 0 0 0 0 0 0 0 0 0 0 0 0 0 0 0 0 0 0 0.324517 0 0 0 0 0 0 0 0 0 0 0 0 0 0 0 0.324517 0 0 0 0 0 0 0 0.324517 0 0 0 0 0 0 0 -3.89906 0.975171 0.975171 0 0.975171 0 0 0 
0 0 0 0 0 0 0 0 0 0 0 0 0 0 0 0 0 0 0 0 0 0 0 0 0 0.324517 0 0 0 0 0 0 0 0 0 0 0 0 0 0 0 0.324517 0 0 0 0 0 0 0 0.324517 0 0 0 0 0 0 0.324517 -3.89852 0 1.30023 0 1.30023 0 0 
0 0 0 0 0 0 0 0 0 0 0 0 0 0 0 0 0 0 0 0 0 0 0 0 0 0 0.324517 0 0 0 0 0 0 0 0 0 0 0 0 0 0 0 0.324517 0 0 0 0 0 0 0 0.324517 0 0 0 0 0 0.324517 0 -3.89852 1.30023 0 0 1.30023 0 
0 0 0 0 0 0 0 0 0 0 0 0 0 0 0 0 0 0 0 0 0 0 0 0 0 0 0 0.324517 0 0 0 0 0 0 0 0 0 0 0 0 0 0 0 0.324517 0 0 0 0 0 0 0 0.324517 0 0 0 0 0 0.324517 0.324517 -3.24787 0 0 0 1.62528 
0 0 0 0 0 0 0 0 0 0 0 0 0 0 0 0 0 0 0 0 0 0 0 0 0 0 0 0 0.324517 0 0 0 0 0 0 0 0 0 0 0 0 0 0 0 0.324517 0 0 0 0 0 0 0 0.324517 0 0 0 0.324517 0 0 0 -3.89852 1.30023 1.30023 0 
0 0 0 0 0 0 0 0 0 0 0 0 0 0 0 0 0 0 0 0 0 0 0 0 0 0 0 0 0 0.324517 0 0 0 0 0 0 0 0 0 0 0 0 0 0 0 0.324517 0 0 0 0 0 0 0 0.324517 0 0 0 0.324517 0 0 0.324517 -3.24787 0 1.62528 
0 0 0 0 0 0 0 0 0 0 0 0 0 0 0 0 0 0 0 0 0 0 0 0 0 0 0 0 0 0 0.324517 0 0 0 0 0 0 0 0 0 0 0 0 0 0 0 0.324517 0 0 0 0 0 0 0 0.324517 0 0 0 0.324517 0 0.324517 0 -3.24787 1.62528 
0 0 0 0 0 0 0 0 0 0 0 0 0 0 0 0 0 0 0 0 0 0 0 0 0 0 0 0 0 0 0 0.324517 0 0 0 0 0 0 0 0 0 0 0 0 0 0 0 0.324517 0 0 0 0 0 0 0 0.324517 0 0 0 0.324517 0 0.324517 0.324517 -1.9471 
