64
-0 0 0 0 0 0 0 0 0 0 0 0 0 0 0 0 0 0 0 0 0 0 0 0 0 0 0 0 0 0 0 0 0 0 0 0 0 0 0 0 0 0 0 0 0 0 0 0 0 0 0 0 0 0 0 0 0 0 0 0 0 0 0 0 
0.789374 -3.90226 0 0.622577 0 0.622577 0 0 0 0.622577 0 0 0 0 0 0 0 0.622577 0 0 0 0 0 0 0 0 0 0 0 0 0 0 0 0.622577 0 0 0 0 0 0 0 0 0 0 0 0 0 0 0 0 0 0 0 0 0 0 0 0 0 0 0 0 0 0 
0.789374 0 -3.90226 0.622577 0 0 0.622577 0 0 0 0.622577 0 0 0 0 0 0 0 0.622577 0 0 0 0 0 0 0 0 0 0 0 0 0 0 0 0.622577 0 0 0 0 0 0 0 0 0 0 0 0 0 0 0 0 0 0 0 0 0 0 0 0 0 0 0 0 0 
0 0.789374 0.789374 -6.55937 0 0 0 1.24515 0 0 0 1.24515 0 0 0 0 0 0 0 1.24515 0 0 0 0 0 0 0 0 0 0 0 0 0 0 0 1.24515 0 0 0 0 0 0 0 0 0 0 0 0 0 0 0 0 0 0 0 0 0 0 0 0 0 0 0 0 
0.789374 0 0 0 -3.90226 0.622577 0.622577 0 0 0 0 0 0.622577 0 0 0 0 0 0 0 0.622577 0 0 0 0 0 0 0 0 0 0 0 0 0 0 0 0.622577 0 0 0 0 0 0 0 0 0 0 0 0 0 0 0 0 0 0 0 0 0 0 0 0 0 0 0 
0 0.789374 0 0 0.789374 -6.55937 0 1.24515 0 0 0 0 0 1.24515 0 0 0 0 0 0 0 1.24515 0 0 0 0 0 0 0 0 0 0 0 0 0 0 0 1.24515 0 0 0 0 0 0 0 0 0 0 0 0 0 0 0 0 0 0 0 0 0 0 0 0 0 0 
0 0 0.789374 0 0.789374 0 -6.55937 1.24515 0 0 0 0 0 0 1.24515 0 0 0 0 0 0 0 1.24515 0 0 0 0 0 0 0 0 0 0 0 0 0 0 0 1.24515 0 0 0 0 0 0 0 0 0 0 0 0 0 0 0 0 0 0 0 0 0 0 0 0 0 
0 0 0 0.789374 0 0.789374 0.789374 -7.97132 0 0 0 0 0 0 0 1.86773 0 0 0 0 0 0 0 1.86773 0 0 0 0 0 0 0 0 0 0 0 0 0 0 0 1.86773 0 0 0 0 0 0 0 0 0 0 0 0 0 0 0 0 0 0 0 0 0 0 0 0 
0.789374 0 0 0 0 0 0 0 -3.90226 0.622577 0.622577 0 0.622577 0 0 0 0 0 0 0 0 0 0 0 0.622577 0 0 0 0 0 0 0 0 0 0 0 0 0 0 0 0.622577 0 0 0 0 0 0 0 0 0 0 0 0 0 0 0 0 0 0 0 0 0 0 0 
0 0.789374 0 0 0 0 0 0 0.789374 -6.55937 0 1.24515 0 1.24515 0 0 0 0 0 0 0 0 0 0 0 1.24515 0 0 0 0 0 0 0 0 0 0 0 0 0 0 0 1.24515 0 0 0 0 0 0 0 0 0 0 0 0 0 0 0 0 0 0 0 0 0 0 
0 0 0.789374 0 0 0 0 0 0.789374 0 -6.55937 1.24515 0 0 1.24515 0 0 0 0 0 0 0 0 0 0 0 1.24515 0 0 0 0 0 0 0 0 0 0 0 0 0 0 0 1.24515 0 0 0 0 0 0 0 0 0 0 0 0 0 0 0 0 0 0 0 0 0 
0 0 0 0.789374 0 0 0 0 0 0.789374 0.789374 -7.97132 0 0 0 1.86773 0 0 0 0 0 0 0 0 0 0 0 1.86773 0 0 0 0 0 0 0 0 0 0 0 0 0 0 0 1.86773 0 0 0 0 0 0 0 0 0 0 0 0 0 0 0 0 0 0 0 0 
0 0 0 0 0.789374 0 0 0 0.789374 0 0 0 -6.55937 1.24515 1.24515 0 0 0 0 0 0 0 0 0 0 0 0 0 1.24515 0 0 0 0 0 0 0 0 0 0 0 0 0 0 0 1.24515 0 0 0 0 0 0 0 0 0 0 0 0 0 0 0 0 0 0 0 
0 0 0 0 0 0.789374 0 0 0 0.789374 0 0 0.789374 -7.97132 0 1.86773 0 0 0 0 0 0 0 0 0 0 0 0 0 1.86773 0 0 0 0 0 0 0 0 0 0 0 0 0 0 0 1.86773 0 0 0 0 0 0 0 0 0 0 0 0 0 0 0 0 0 0 
0 0 0 0 0 0 0.789374 0 0 0 0.789374 0 0.789374 0 -7.97132 1.86773 0 0 0 0 0 0 0 0 0 0 0 0 0 0 1.86773 0 0 0 0 0 0 0 0 0 0 0 0 0 0 0 1.86773 0 0 0 0 0 0 0 0 0 0 0 0 0 0 0 0 0 
0 0 0 0 0 0 0 0.789374 0 0 0 0.789374 0 0.789374 0.789374 -8.13811 0 0 0 0 0 0 0 0 0 0 0 0 0 0 0 2.49031 0 0 0 0 0 0 0 0 0 0 0 0 0 0 0 2.49031 0 0 0 0 0 0 0 0 0 0 0 0 0 0 0 0 
0.789374 0 0 0 0 0 0 0 0 0 0 0 0 0 0 0 -3.90226 0.622577 0.622577 0 0.622577 0 0 0 0.622577 0 0 0 0 0 0 0 0 0 0 0 0 0 0 0 0 0 0 0 0 0 0 0 0.622577 0 0 0 0 0 0 0 0 0 0 0 0 0 0 0 
0 0.789374 0 0 0 0 0 0 0 0 0 0 0 0 0 0 0.789374 -6.55937 0 1.24515 0 1.24515 0 0 0 1.24515 0 0 0 0 0 0 0 0 0 0 0 0 0 0 0 0 0 0 0 0 0 0 0 1.24515 0 0 0 0 0 0 0 0 0 0 0 0 0 0 
0 0 0.789374 0 0 0 0 0 0 0 0 0 0 0 0 0 0.789374 0 -6.55937 1.24515 0 0 1.24515 0 0 0 1.24515 0 0 0 0 0 0 0 0 0 0 0 0 0 0 0 0 0 0 0 0 0 0 0 1.24515 0 0 0 0 0 0 0 0 0 0 0 0 0 
0 0 0 0.789374 0 0 0 0 0 0 0 0 0 0 0 0 0 0.789374 0.789374 -7.97132 0 0 0 1.86773 0 0 0 1.86773 0 0 0 0 0 0 0 0 0 0 0 0 0 0 0 0 0 0 0 0 0 0 0 1.86773 0 0 0 0 0 0 0 0 0 0 0 0 
0 0 0 0 0.789374 0 0 0 0 0 0 0 0 0 0 0 0.789374 0 0 0 -6.55937 1.24515 1.24515 0 0 0 0 0 1.24515 0 0 0 0 0 0 0 0 0 0 0 0 0 0 0 0 0 0 0 0 0 0 0 1.24515 0 0 0 0 0 0 0 0 0 0 0 
0 0 0 0 0 0.789374 0 0 0 0 0 0 0 0 0 0 0 0.789374 0 0 0.789374 -7.97132 0 1.86773 0 0 0 0 0 1.86773 0 0 0 0 0 0 0 0 0 0 0 0 0 0 0 0 0 0 0 0 0 0 0 1.86773 0 0 0 0 0 0 0 0 0 0 
0 0 0 0 0 0 0.789374 0 0 0 0 0 0 0 0 0 0 0 0.789374 0 0.789374 0 -7.97132 1.86773 0 0 0 0 0 0 1.86773 0 0 0 0 0 0 0 0 0 0 0 0 0 0 0 0 0 0 0 0 0 0 0 1.86773 0 0 0 0 0 0 0 0 0 
0 0 0 0 0 0 0 0.789374 0 0 0 0 0 0 0 0 0 0 0 0.789374 0 0.789374 0.789374 -8.13811 0 0 0 0 0 0 0 2.49031 0 0 0 0 0 0 0 0 0 0 0 0 0 0 0 0 0 0 0 0 0 0 0 2.49031 0 0 0 0 0 0 0 0 
0 0 0 0 0 0 0 0 0.789374 0 0 0 0 0 0 0 0.789374 0 0 0 0 0 0 0 -6.55937 1.24515 1.24515 0 1.24515 0 0 0 0 0 0 0 0 0 0 0 0 0 0 0 0 0 0 0 0 0 0 0 0 0 0 0 1.24515 0 0 0 0 0 0 0 
0 0 0 0 0 0 0 0 0 0.789374 0 0 0 0 0 0 0 0.789374 0 0 0 0 0 0 0.789374 -7.97132 0 1.86773 0 1.86773 0 0 0 0 0 0 0 0 0 0 0 0 0 0 0 0 0 0 0 0 0 0 0 0 0 0 0 1.86773 0 0 0 0 0 0 
0 0 0 0 0 0 0 0 0 0 0.789374 0 0 0 0 0 0 0 0.789374 0 0 0 0 0 0.789374 0 -7.97132 1.86773 0 0 1.86773 0 0 0 0 0 0 0 0 0 0 0 0 0 0 0 0 0 0 0 0 0 0 0 0 0 0 0 1.86773 0 0 0 0 0 
0 0 0 0 0 0 0 0 0 0 0 0.789374 0 0 0 0 0 0 0 0.789374 0 0 0 0 0 0.789374 0.789374 -8.13811 0 0 0 2.49031 0 0 0 0 0 0 0 0 0 0 0 0 0 0 0 0 0 0 0 0 0 0 0 0 0 0 0 2.49031 0 0 0 0 
0 0 0 0 0 0 0 0 0 0 0 0 0.789374 0 0 0 0 0 0 0 0.789374 0 0 0 0.789374 0 0 0 -7.97132 1.86773 1.86773 0 0 0 0 0 0 0 0 0 0 0 0 0 0 0 0 0 0 0 0 0 0 0 0 0 0 0 0 0 1.86773 0 0 0 
0 0 0 0 0 0 0 0 0 0 0 0 0 0.789374 0 0 0 0 0 0 0 0.789374 0 0 0 0.789374 0 0 0.789374 -8.13811 0 2.49031 0 0 0 0 0 0 0 0 0 0 0 0 0 0 0 0 0 0 0 0 0 0 0 0 0 0 0 0 0 2.49031 0 0 
0 0 0 0 0 0 0 0 0 0 0 0 0 0 0.789374 0 0 0 0 0 0 0 0.789374 0 0 0 0.789374 0 0.789374 0 -8.13811 2.49031 0 0 0 0 0 0 0 0 0 0 0 0 0 0 0 0 0 0 0 0 0 0 0 0 0 0 0 0 0 0 2.49031 0 
0 0 0 0 0 0 0 0 0 0 0 0 0 0 0 0.789374 0 0 0 0 0 0 0 0.789374 0 0 0 0.789374 0 0.789374 0.789374 -7.05976 0 0 0 0 0 0 0 0 0 0 0 0 0 0 0 0 0 0 0 0 0 0 0 0 0 0 0 0 0 0 0 3.11289 
0.789374 0 0 0 0 0 0 0 0 0 0 0 0 0 0 0 0 0 0 0 0 0 0 0 0 0 0 0 0 0 0 0 -3.90226 0.622577 0.622577 0 0.622577 0 0 0 0.622577 0 0 0 0 0 0 0 0.622577 0 0 0 0 0 0 0 0 0 0 0 0 0 0 0 
0 0.789374 0 0 0 0 0 0 0 0 0 0 0 0 0 0 0 0 0 0 0 0 0 0 0 0 0 0 0 0 0 0 0.789374 -6.55937 0 1.24515 0 1.24515 0 0 0 1.24515 0 0 0 0 0 0 0 1.24515 0 0 0 0 0 0 0 0 0 0 0 0 0 0 
0 0 0.789374 0 0 0 0 0 0 0 0 0 0 0 0 0 0 0 0 0 0 0 0 0 0 0 0 0 0 0 0 0 0.789374 0 -6.55937 1.24515 0 0 1.24515 0 0 0 1.24515 0 0 0 0 0 0 0 1.24515 0 0 0 0 0 0 0 0 0 0 0 0 0 
0 0 0 0.789374 0 0 0 0 0 0 0 0 0 0 0 0 0 0 0 0 0 0 0 0 0 0 0 0 0 0 0 0 0 0.789374 0.789374 -7.97132 0 0 0 1.86773 0 0 0 1.86773 0 0 0 0 0 0 0 1.86773 0 0 0 0 0 0 0 0 0 0 0 0 
0 0 0 0 0.789374 0 0 0 0 0 0 0 0 0 0 0 0 0 0 0 0 0 0 0 0 0 0 0 0 0 0 0 0.789374 0 0 0 -6.55937 1.24515 1.24515 0 0 0 0 0 1.24515 0 0 0 0 0 0 0 1.24515 0 0 0 0 0 0 0 0 0 0 0 
0 0 0 0 0 0.789374 0 0 0 0 0 0 0 0 0 0 0 0 0 0 0 0 0 0 0 0 0 0 0 0 0 0 0 0.789374 0 0 0.789374 -7.97132 0 1.86773 0 0 0 0 0 1.86773 0 0 0 0 0 0 0 1.86773 0 0 0 0 0 0 0 0 0 0 
0 0 0 0 0 0 0.789374 0 0 0 0 0 0 0 0 0 0 0 0 0 0 0 0 0 0 0 0 0 0 0 0 0 0 0 0.789374 0 0.789374 0 -7.97132 1.86773 0 0 0 0 0 0 1.86773 0 0 0 0 0 0 0 1.86773 0 0 0 0 0 0 0 0 0 
0 0 0 0 0 0 0 0.789374 0 0 0 0 0 0 0 0 0 0 0 0 0 0 0 0 0 0 0 0 0 0 0 0 0 0 0 0.789374 0 0.789374 0.789374 -8.13811 0 0 0 0 0 0 0 2.49031 0 0 0 0 0 0 0 2.49031 0 0 0 0 0 0 0 0 
0 0 0 0 0 0 0 0 0.789374 0 0 0 0 0 0 0 0 0 0 0 0 0 0 0 0 0 0 0 0 0 0 0 0.789374 0 0 0 0 0 0 0 -6.55937 1.24515 1.24515 0 1.24515 0 0 0 0 0 0 0 0 0 0 0 1.24515 0 0 0 0 0 0 0 
0 0 0 0 0 0 0 0 0 0.789374 0 0 0 0 0 0 0 0 0 0 0 0 0 0 0 0 0 0 0 0 0 0 0 0.789374 0 0 0 0 0 0 0.789374 -7.97132 0 1.86773 0 1.86773 0 0 0 0 0 0 0 0 0 0 0 1.86773 0 0 0 0 0 0 
0 0 0 0 0 0 0 0 0 0 0.789374 0 0 0 0 0 0 0 0 0 0 0 0 0 0 0 0 0 0 0 0 0 0 0 0.789374 0 0 0 0 0 0.789374 0 -7.97132 1.86773 0 0 1.86773 0 0 0 0 0 0 0 0 0 0 0 1.86773 0 0 0 0 0 
0 0 0 0 0 0 0 0 0 0 0 0.789374 0 0 0 0 0 0 0 0 0 0 0 0 0 0 0 0 0 0 0 0 0 0 0 0.789374 0 0 0 0 0 0.789374 0.789374 -8.13811 0 0 0 2.49031 0 0 0 0 0 0 0 0 0 0 0 2.49031 0 0 0 0 
0 0 0 0 0 0 0 0 0 0 0 0 0.789374 0 0 0 0 0 0 0 0 0 0 0 0 0 0 0 0 0 0 0 0 0 0 0 0.789374 0 0 0 0.789374 0 0 0 -7.97132 1.86773 1.86773 0 0 0 0 0 0 0 0 0 0 0 0 0 1.86773 0 0 0 
0 0 0 0 0 0 0 0 0 0 0 0 0 0.789374 0 0 0 0 0 0 0 0 0 0 0 0 0 0 0 0 0 0 0 0 0 0 0 0.789374 0 0 0 0.789374 0 0 0.789374 -8.13811 0 2.49031 0 0 0 0 0 0 0 0 0 0 0 0 0 2.49031 0 0 
0 0 0 0 0 0 0 0 0 0 0 0 0 0 0.789374 0 0 0 0 0 0 0 0 0 0 0 0 0 0 0 0 0 0 0 0 0 0 0 0.789374 0 0 0 0.789374 0 0.789374 0 -8.13811 2.49031 0 0 0 0 0 0 0 0 0 0 0 0 0 0 2.49031 0 
0 0 0 0 0 0 0 0 0 0 0 0 0 0 0 0.789374 0 0 0 0 0 0 0 0 0 0 0 0 0 0 0 0 0 0 0 0 0 0 0 0.789374 0 0 0 0.789374 0 0.789374 0.789374 -7.05976 0 0 0 0 0 0 0 0 0 0 0 0 0 0 0 3.11289 
0 0 0 0 0 0 0 0 0 0 0 0 0 0 0 0 0.789374 0 0 0 0 0 0 0 0 0 0 0 0 0 0 0 0.789374 0 0 0 0 0 0 0 0 0 0 0 0 0 0 0 -6.55937 1.24515 1.24515 0 1.24515 0 0 0 1.24515 0 0 0 0 0 0 0 
0 0 0 0 0 0 0 0 0 0 0 0 0 0 0 0 0 0.789374 0 0 0 0 0 0 0 0 0 0 0 0 0 0 0 0.789374 0 0 0 0 0 0 0 0 0 0 0 0 0 0 0.789374 -7.97132 0 1.86773 0 1.86773 0 0 0 1.86773 0 0 0 0 0 0 
0 0 0 0 0 0 0 0 0 0 0 0 0 0 0 0 0 0 0.789374 0 0 0 0 0 0 0 0 0 0 0 0 0 0 0 0.789374 0 0 0 0 0 0 0 0 0 0 0 0 0 0.789374 0 -7.97132 1.86773 0 0 1.86773 0 0 0 1.86773 0 0 0 0 0 
0 0 0 0 0 0 0 0 0 0 0 0 0 0 0 0 0 0 0 0.789374 0 0 0 0 0 0 0 0 0 0 0 0 0 0 0 0.789374 0 0 0 0 0 0 0 0 0 0 0 0 0 0.789374 0.789374 -8.13811 0 0 0 2.49031 0 0 0 2.49031 0 0 0 0 
0 0 0 0 0 0 0 0 0 0 0 0 0 0 0 0 0 0 0 0 0.789374 0 0 0 0 0 0 0 0 0 0 0 0 0 0 0 0.789374 0 0 0 0 0 0 0 0 0 0 0 0.789374 0 0 0 -7.97132 1.86773 1.86773 0 0 0 0 0 1.86773 0 0 0 
0 0 0 0 0 0 0 0 0 0 0 0 0 0 0 0 0 0 0 0 0 0.789374 0 0 0 0 0 0 0 0 0 0 0 0 0 0 0 0.789374 0 0 0 0 0 0 0 0 0 0 0 0.789374 0 0 0.789374 -8.13811 0 2.49031 0 0 0 0 0 2.49031 0 0 
0 0 0 0 0 0 0 0 0 0 0 0 0 0 0 0 0 0 0 0 0 0 0.789374 0 0 0 0 0 0 0 0 0 0 0 0 0 0 0 0.789374 0 0 0 0 0 0 0 0 0 0 0 0.789374 0 0.789374 0 -8.13811 2.49031 0 0 0 0 0 0 2.49031 0 
0 0 0 0 0 0 0 0 0 0 0 0 0 0 0 0 0 0 0 0 0 0 0 0.789374 0 0 0 0 0 0 0 0 0 0 0 0 0 0 0 0.789374 0 0 0 0 0 0 0 0 0 0 0 0.789374 0 0.789374 0.789374 -7.05976 0 0 0 0 0 0 0 3.11289 
0 0 0 0 0 0 0 0 0 0 0 0 0 0 0 0 0 0 0 0 0 0 0 0 0.789374 0 0 0 0 0 0 0 0 0 0 0 0 0 0 0 0.789374 0 0 0 0 0 0 0 0.789374 0 0 0 0 0 0 0 -7.97132 1.86773 1.86773 0 1.86773 0 0 0 
0 0 0 0 0 0 0 0 0 0 0 0 0 0 0 0 0 0 0 0 0 0 0 0 0 0.789374 0 0 0 0 0 0 0 0 0 0 0 0 0 0 0 0.789374 0 0 0 0 0 0 0 0.789374 0 0 0 0 0 0 0.789374 -8.13811 0 2.49031 0 2.49031 0 0 
0 0 0 0 0 0 0 0 0 0 0 0 0 0 0 0 0 0 0 0 0 0 0 0 0 0 0.789374 0 0 0 0 0 0 0 0 0 0 0 0 0 0 0 0.789374 0 0 0 0 0 0 0 0.789374 0 0 0 0 0 0.789374 0 -8.13811 2.49031 0 0 2.49031 0 
0 0 0 0 0 0 0 0 0 0 0 0 0 0 0 0 0 0 0 0 0 0 0 0 0 0 0 0.789374 0 0 0 0 0 0 0 0 0 0 0 0 0 0 0 0.789374 0 0 0 0 0 0 0 0.789374 0 0 0 0 0 0.789374 0.789374 -7.05976 0 0 0 3.11289 
0 0 0 0 0 0 0 0 0 0 0 0 0 0 0 0 0 0 0 0 0 0 0 0 0 0 0 0 0.789374 0 0 0 0 0 0 0 0 0 0 0 0 0 0 0 0.789374 0 0 0 0 0 0 0 0.789374 0 0 0 0.789374 0 0 0 -8.13811 2.49031 2.49031 0 
0 0 0 0 0 0 0 0 0 0 0 0 0 0 0 0 0 0 0 0 0 0 0 0 0 0 0 0 0 0.789374 0 0 0 0 0 0 0 0 0 0 0 0 0 0 0 0.789374 0 0 0 0 0 0 0 0.789374 0 0 0 0.789374 0 0 0.789374 -7.05976 0 3.11289 
0 0 0 0 0 0 0 0 0 0 0 0 0 0 0 0 0 0 0 0 0 0 0 0 0 0 0 0 0 0 0.789374 0 0 0 0 0 0 0 0 0 0 0 0 0 0 0 0.789374 0 0 0 0 0 0 0 0.789374 0 0 0 0.789374 0 0.789374 0 -7.05976 3.11289 
0 0 0 0 0 0 0 0 0 0 0 0 0 0 0 0 0 0 0 0 0 0 0 0 0 0 0 0 0 0 0 0.789374 0 0 0 0 0 0 0 0 0 0 0 0 0 0 0 0.789374 0 0 0 0 0 0 0 0.789374 0 0 0 0.789374 0 0.789374 0.789374 -4.73624 
