64
-0 0 0 0 0 0 0 0 0 0 0 0 0 0 0 0 0 0 0 0 0 0 0 0 0 0 0 0 0 0 0 0 0 0 0 0 0 0 0 0 0 0 0 0 0 0 0 0 0 0 0 0 0 0 0 0 0 0 0 0 0 0 0 0 
0.705548 -3.50985 0 0.560861 0 0.560861 0 0 0 0.560861 0 0 0 0 0 0 0 0.560861 0 0 0 0 0 0 0 0 0 0 0 0 0 0 0 0.560861 0 0 0 0 0 0 0 0 0 0 0 0 0 0 0 0 0 0 0 0 0 0 0 0 0 0 0 0 0 0 
0.705548 0 -3.50985 0.560861 0 0 0.560861 0 0 0 0.560861 0 0 0 0 0 0 0 0.560861 0 0 0 0 0 0 0 0 0 0 0 0 0 0 0 0.560861 0 0 0 0 0 0 0 0 0 0 0 0 0 0 0 0 0 0 0 0 0 0 0 0 0 0 0 0 0 
0 0.705548 0.705548 -5.89798 0 0 0 1.12172 0 0 0 1.12172 0 0 0 0 0 0 0 1.12172 0 0 0 0 0 0 0 0 0 0 0 0 0 0 0 1.12172 0 0 0 0 0 0 0 0 0 0 0 0 0 0 0 0 0 0 0 0 0 0 0 0 0 0 0 0 
0.705548 0 0 0 -3.50985 0.560861 0.560861 0 0 0 0 0 0.560861 0 0 0 0 0 0 0 0.560861 0 0 0 0 0 0 0 0 0 0 0 0 0 0 0 0.560861 0 0 0 0 0 0 0 0 0 0 0 0 0 0 0 0 0 0 0 0 0 0 0 0 0 0 0 
0 0.705548 0 0 0.705548 -5.89798 0 1.12172 0 0 0 0 0 1.12172 0 0 0 0 0 0 0 1.12172 0 0 0 0 0 0 0 0 0 0 0 0 0 0 0 1.12172 0 0 0 0 0 0 0 0 0 0 0 0 0 0 0 0 0 0 0 0 0 0 0 0 0 0 
0 0 0.705548 0 0.705548 0 -5.89798 1.12172 0 0 0 0 0 0 1.12172 0 0 0 0 0 0 0 1.12172 0 0 0 0 0 0 0 0 0 0 0 0 0 0 0 1.12172 0 0 0 0 0 0 0 0 0 0 0 0 0 0 0 0 0 0 0 0 0 0 0 0 0 
0 0 0 0.705548 0 0.705548 0.705548 -7.16439 0 0 0 0 0 0 0 1.68258 0 0 0 0 0 0 0 1.68258 0 0 0 0 0 0 0 0 0 0 0 0 0 0 0 1.68258 0 0 0 0 0 0 0 0 0 0 0 0 0 0 0 0 0 0 0 0 0 0 0 0 
0.705548 0 0 0 0 0 0 0 -3.50985 0.560861 0.560861 0 0.560861 0 0 0 0 0 0 0 0 0 0 0 0.560861 0 0 0 0 0 0 0 0 0 0 0 0 0 0 0 0.560861 0 0 0 0 0 0 0 0 0 0 0 0 0 0 0 0 0 0 0 0 0 0 0 
0 0.705548 0 0 0 0 0 0 0.705548 -5.89798 0 1.12172 0 1.12172 0 0 0 0 0 0 0 0 0 0 0 1.12172 0 0 0 0 0 0 0 0 0 0 0 0 0 0 0 1.12172 0 0 0 0 0 0 0 0 0 0 0 0 0 0 0 0 0 0 0 0 0 0 
0 0 0.705548 0 0 0 0 0 0.705548 0 -5.89798 1.12172 0 0 1.12172 0 0 0 0 0 0 0 0 0 0 0 1.12172 0 0 0 0 0 0 0 0 0 0 0 0 0 0 0 1.12172 0 0 0 0 0 0 0 0 0 0 0 0 0 0 0 0 0 0 0 0 0 
0 0 0 0.705548 0 0 0 0 0 0.705548 0.705548 -7.16439 0 0 0 1.68258 0 0 0 0 0 0 0 0 0 0 0 1.68258 0 0 0 0 0 0 0 0 0 0 0 0 0 0 0 1.68258 0 0 0 0 0 0 0 0 0 0 0 0 0 0 0 0 0 0 0 0 
0 0 0 0 0.705548 0 0 0 0.705548 0 0 0 -5.89798 1.12172 1.12172 0 0 0 0 0 0 0 0 0 0 0 0 0 1.12172 0 0 0 0 0 0 0 0 0 0 0 0 0 0 0 1.12172 0 0 0 0 0 0 0 0 0 0 0 0 0 0 0 0 0 0 0 
0 0 0 0 0 0.705548 0 0 0 0.705548 0 0 0.705548 -7.16439 0 1.68258 0 0 0 0 0 0 0 0 0 0 0 0 0 1.68258 0 0 0 0 0 0 0 0 0 0 0 0 0 0 0 1.68258 0 0 0 0 0 0 0 0 0 0 0 0 0 0 0 0 0 0 
0 0 0 0 0 0 0.705548 0 0 0 0.705548 0 0.705548 0 -7.16439 1.68258 0 0 0 0 0 0 0 0 0 0 0 0 0 0 1.68258 0 0 0 0 0 0 0 0 0 0 0 0 0 0 0 1.68258 0 0 0 0 0 0 0 0 0 0 0 0 0 0 0 0 0 
0 0 0 0 0 0 0 0.705548 0 0 0 0.705548 0 0.705548 0.705548 -7.30908 0 0 0 0 0 0 0 0 0 0 0 0 0 0 0 2.24344 0 0 0 0 0 0 0 0 0 0 0 0 0 0 0 2.24344 0 0 0 0 0 0 0 0 0 0 0 0 0 0 0 0 
0.705548 0 0 0 0 0 0 0 0 0 0 0 0 0 0 0 -3.50985 0.560861 0.560861 0 0.560861 0 0 0 0.560861 0 0 0 0 0 0 0 0 0 0 0 0 0 0 0 0 0 0 0 0 0 0 0 0.560861 0 0 0 0 0 0 0 0 0 0 0 0 0 0 0 
0 0.705548 0 0 0 0 0 0 0 0 0 0 0 0 0 0 0.705548 -5.89798 0 1.12172 0 1.12172 0 0 0 1.12172 0 0 0 0 0 0 0 0 0 0 0 0 0 0 0 0 0 0 0 0 0 0 0 1.12172 0 0 0 0 0 0 0 0 0 0 0 0 0 0 
0 0 0.705548 0 0 0 0 0 0 0 0 0 0 0 0 0 0.705548 0 -5.89798 1.12172 0 0 1.12172 0 0 0 1.12172 0 0 0 0 0 0 0 0 0 0 0 0 0 0 0 0 0 0 0 0 0 0 0 1.12172 0 0 0 0 0 0 0 0 0 0 0 0 0 
0 0 0 0.705548 0 0 0 0 0 0 0 0 0 0 0 0 0 0.705548 0.705548 -7.16439 0 0 0 1.68258 0 0 0 1.68258 0 0 0 0 0 0 0 0 0 0 0 0 0 0 0 0 0 0 0 0 0 0 0 1.68258 0 0 0 0 0 0 0 0 0 0 0 0 
0 0 0 0 0.705548 0 0 0 0 0 0 0 0 0 0 0 0.705548 0 0 0 -5.89798 1.12172 1.12172 0 0 0 0 0 1.12172 0 0 0 0 0 0 0 0 0 0 0 0 0 0 0 0 0 0 0 0 0 0 0 1.12172 0 0 0 0 0 0 0 0 0 0 0 
0 0 0 0 0 0.705548 0 0 0 0 0 0 0 0 0 0 0 0.705548 0 0 0.705548 -7.16439 0 1.68258 0 0 0 0 0 1.68258 0 0 0 0 0 0 0 0 0 0 0 0 0 0 0 0 0 0 0 0 0 0 0 1.68258 0 0 0 0 0 0 0 0 0 0 
0 0 0 0 0 0 0.705548 0 0 0 0 0 0 0 0 0 0 0 0.705548 0 0.705548 0 -7.16439 1.68258 0 0 0 0 0 0 1.68258 0 0 0 0 0 0 0 0 0 0 0 0 0 0 0 0 0 0 0 0 0 0 0 1.68258 0 0 0 0 0 0 0 0 0 
0 0 0 0 0 0 0 0.705548 0 0 0 0 0 0 0 0 0 0 0 0.705548 0 0.705548 0.705548 -7.30908 0 0 0 0 0 0 0 2.24344 0 0 0 0 0 0 0 0 0 0 0 0 0 0 0 0 0 0 0 0 0 0 0 2.24344 0 0 0 0 0 0 0 0 
0 0 0 0 0 0 0 0 0.705548 0 0 0 0 0 0 0 0.705548 0 0 0 0 0 0 0 -5.89798 1.12172 1.12172 0 1.12172 0 0 0 0 0 0 0 0 0 0 0 0 0 0 0 0 0 0 0 0 0 0 0 0 0 0 0 1.12172 0 0 0 0 0 0 0 
0 0 0 0 0 0 0 0 0 0.705548 0 0 0 0 0 0 0 0.705548 0 0 0 0 0 0 0.705548 -7.16439 0 1.68258 0 1.68258 0 0 0 0 0 0 0 0 0 0 0 0 0 0 0 0 0 0 0 0 0 0 0 0 0 0 0 1.68258 0 0 0 0 0 0 
0 0 0 0 0 0 0 0 0 0 0.705548 0 0 0 0 0 0 0 0.705548 0 0 0 0 0 0.705548 0 -7.16439 1.68258 0 0 1.68258 0 0 0 0 0 0 0 0 0 0 0 0 0 0 0 0 0 0 0 0 0 0 0 0 0 0 0 1.68258 0 0 0 0 0 
0 0 0 0 0 0 0 0 0 0 0 0.705548 0 0 0 0 0 0 0 0.705548 0 0 0 0 0 0.705548 0.705548 -7.30908 0 0 0 2.24344 0 0 0 0 0 0 0 0 0 0 0 0 0 0 0 0 0 0 0 0 0 0 0 0 0 0 0 2.24344 0 0 0 0 
0 0 0 0 0 0 0 0 0 0 0 0 0.705548 0 0 0 0 0 0 0 0.705548 0 0 0 0.705548 0 0 0 -7.16439 1.68258 1.68258 0 0 0 0 0 0 0 0 0 0 0 0 0 0 0 0 0 0 0 0 0 0 0 0 0 0 0 0 0 1.68258 0 0 0 
0 0 0 0 0 0 0 0 0 0 0 0 0 0.705548 0 0 0 0 0 0 0 0.705548 0 0 0 0.705548 0 0 0.705548 -7.30908 0 2.24344 0 0 0 0 0 0 0 0 0 0 0 0 0 0 0 0 0 0 0 0 0 0 0 0 0 0 0 0 0 2.24344 0 0 
0 0 0 0 0 0 0 0 0 0 0 0 0 0 0.705548 0 0 0 0 0 0 0 0.705548 0 0 0 0.705548 0 0.705548 0 -7.30908 2.24344 0 0 0 0 0 0 0 0 0 0 0 0 0 0 0 0 0 0 0 0 0 0 0 0 0 0 0 0 0 0 2.24344 0 
0 0 0 0 0 0 0 0 0 0 0 0 0 0 0 0.705548 0 0 0 0 0 0 0 0.705548 0 0 0 0.705548 0 0.705548 0.705548 -6.33204 0 0 0 0 0 0 0 0 0 0 0 0 0 0 0 0 0 0 0 0 0 0 0 0 0 0 0 0 0 0 0 2.80431 
0.705548 0 0 0 0 0 0 0 0 0 0 0 0 0 0 0 0 0 0 0 0 0 0 0 0 0 0 0 0 0 0 0 -3.50985 0.560861 0.560861 0 0.560861 0 0 0 0.560861 0 0 0 0 0 0 0 0.560861 0 0 0 0 0 0 0 0 0 0 0 0 0 0 0 
0 0.705548 0 0 0 0 0 0 0 0 0 0 0 0 0 0 0 0 0 0 0 0 0 0 0 0 0 0 0 0 0 0 0.705548 -5.89798 0 1.12172 0 1.12172 0 0 0 1.12172 0 0 0 0 0 0 0 1.12172 0 0 0 0 0 0 0 0 0 0 0 0 0 0 
0 0 0.705548 0 0 0 0 0 0 0 0 0 0 0 0 0 0 0 0 0 0 0 0 0 0 0 0 0 0 0 0 0 0.705548 0 -5.89798 1.12172 0 0 1.12172 0 0 0 1.12172 0 0 0 0 0 0 0 1.12172 0 0 0 0 0 0 0 0 0 0 0 0 0 
0 0 0 0.705548 0 0 0 0 0 0 0 0 0 0 0 0 0 0 0 0 0 0 0 0 0 0 0 0 0 0 0 0 0 0.705548 0.705548 -7.16439 0 0 0 1.68258 0 0 0 1.68258 0 0 0 0 0 0 0 1.68258 0 0 0 0 0 0 0 0 0 0 0 0 
0 0 0 0 0.705548 0 0 0 0 0 0 0 0 0 0 0 0 0 0 0 0 0 0 0 0 0 0 0 0 0 0 0 0.705548 0 0 0 -5.89798 1.12172 1.12172 0 0 0 0 0 1.12172 0 0 0 0 0 0 0 1.12172 0 0 0 0 0 0 0 0 0 0 0 
0 0 0 0 0 0.705548 0 0 0 0 0 0 0 0 0 0 0 0 0 0 0 0 0 0 0 0 0 0 0 0 0 0 0 0.705548 0 0 0.705548 -7.16439 0 1.68258 0 0 0 0 0 1.68258 0 0 0 0 0 0 0 1.68258 0 0 0 0 0 0 0 0 0 0 
0 0 0 0 0 0 0.705548 0 0 0 0 0 0 0 0 0 0 0 0 0 0 0 0 0 0 0 0 0 0 0 0 0 0 0 0.705548 0 0.705548 0 -7.16439 1.68258 0 0 0 0 0 0 1.68258 0 0 0 0 0 0 0 1.68258 0 0 0 0 0 0 0 0 0 
0 0 0 0 0 0 0 0.705548 0 0 0 0 0 0 0 0 0 0 0 0 0 0 0 0 0 0 0 0 0 0 0 0 0 0 0 0.705548 0 0.705548 0.705548 -7.30908 0 0 0 0 0 0 0 2.24344 0 0 0 0 0 0 0 2.24344 0 0 0 0 0 0 0 0 
0 0 0 0 0 0 0 0 0.705548 0 0 0 0 0 0 0 0 0 0 0 0 0 0 0 0 0 0 0 0 0 0 0 0.705548 0 0 0 0 0 0 0 -5.89798 1.12172 1.12172 0 1.12172 0 0 0 0 0 0 0 0 0 0 0 1.12172 0 0 0 0 0 0 0 
0 0 0 0 0 0 0 0 0 0.705548 0 0 0 0 0 0 0 0 0 0 0 0 0 0 0 0 0 0 0 0 0 0 0 0.705548 0 0 0 0 0 0 0.705548 -7.16439 0 1.68258 0 1.68258 0 0 0 0 0 0 0 0 0 0 0 1.68258 0 0 0 0 0 0 
0 0 0 0 0 0 0 0 0 0 0.705548 0 0 0 0 0 0 0 0 0 0 0 0 0 0 0 0 0 0 0 0 0 0 0 0.705548 0 0 0 0 0 0.705548 0 -7.16439 1.68258 0 0 1.68258 0 0 0 0 0 0 0 0 0 0 0 1.68258 0 0 0 0 0 
0 0 0 0 0 0 0 0 0 0 0 0.705548 0 0 0 0 0 0 0 0 0 0 0 0 0 0 0 0 0 0 0 0 0 0 0 0.705548 0 0 0 0 0 0.705548 0.705548 -7.30908 0 0 0 2.24344 0 0 0 0 0 0 0 0 0 0 0 2.24344 0 0 0 0 
0 0 0 0 0 0 0 0 0 0 0 0 0.705548 0 0 0 0 0 0 0 0 0 0 0 0 0 0 0 0 0 0 0 0 0 0 0 0.705548 0 0 0 0.705548 0 0 0 -7.16439 1.68258 1.68258 0 0 0 0 0 0 0 0 0 0 0 0 0 1.68258 0 0 0 
0 0 0 0 0 0 0 0 0 0 0 0 0 0.705548 0 0 0 0 0 0 0 0 0 0 0 0 0 0 0 0 0 0 0 0 0 0 0 0.705548 0 0 0 0.705548 0 0 0.705548 -7.30908 0 2.24344 0 0 0 0 0 0 0 0 0 0 0 0 0 2.24344 0 0 
0 0 0 0 0 0 0 0 0 0 0 0 0 0 0.705548 0 0 0 0 0 0 0 0 0 0 0 0 0 0 0 0 0 0 0 0 0 0 0 0.705548 0 0 0 0.705548 0 0.705548 0 -7.30908 2.24344 0 0 0 0 0 0 0 0 0 0 0 0 0 0 2.24344 0 
0 0 0 0 0 0 0 0 0 0 0 0 0 0 0 0.705548 0 0 0 0 0 0 0 0 0 0 0 0 0 0 0 0 0 0 0 0 0 0 0 0.705548 0 0 0 0.705548 0 0.705548 0.705548 -6.33204 0 0 0 0 0 0 0 0 0 0 0 0 0 0 0 2.80431 
0 0 0 0 0 0 0 0 0 0 0 0 0 0 0 0 0.705548 0 0 0 0 0 0 0 0 0 0 0 0 0 0 0 0.705548 0 0 0 0 0 0 0 0 0 0 0 0 0 0 0 -5.89798 1.12172 1.12172 0 1.12172 0 0 0 1.12172 0 0 0 0 0 0 0 
0 0 0 0 0 0 0 0 0 0 0 0 0 0 0 0 0 0.705548 0 0 0 0 0 0 0 0 0 0 0 0 0 0 0 0.705548 0 0 0 0 0 0 0 0 0 0 0 0 0 0 0.705548 -7.16439 0 1.68258 0 1.68258 0 0 0 1.68258 0 0 0 0 0 0 
0 0 0 0 0 0 0 0 0 0 0 0 0 0 0 0 0 0 0.705548 0 0 0 0 0 0 0 0 0 0 0 0 0 0 0 0.705548 0 0 0 0 0 0 0 0 0 0 0 0 0 0.705548 0 -7.16439 1.68258 0 0 1.68258 0 0 0 1.68258 0 0 0 0 0 
0 0 0 0 0 0 0 0 0 0 0 0 0 0 0 0 0 0 0 0.705548 0 0 0 0 0 0 0 0 0 0 0 0 0 0 0 0.705548 0 0 0 0 0 0 0 0 0 0 0 0 0 0.705548 0.705548 -7.30908 0 0 0 2.24344 0 0 0 2.24344 0 0 0 0 
0 0 0 0 0 0 0 0 0 0 0 0 0 0 0 0 0 0 0 0 0.705548 0 0 0 0 0 0 0 0 0 0 0 0 0 0 0 0.705548 0 0 0 0 0 0 0 0 0 0 0 0.705548 0 0 0 -7.16439 1.68258 1.68258 0 0 0 0 0 1.68258 0 0 0 
0 0 0 0 0 0 0 0 0 0 0 0 0 0 0 0 0 0 0 0 0 0.705548 0 0 0 0 0 0 0 0 0 0 0 0 0 0 0 0.705548 0 0 0 0 0 0 0 0 0 0 0 0.705548 0 0 0.705548 -7.30908 0 2.24344 0 0 0 0 0 2.24344 0 0 
0 0 0 0 0 0 0 0 0 0 0 0 0 0 0 0 0 0 0 0 0 0 0.705548 0 0 0 0 0 0 0 0 0 0 0 0 0 0 0 0.705548 0 0 0 0 0 0 0 0 0 0 0 0.705548 0 0.705548 0 -7.30908 2.24344 0 0 0 0 0 0 2.24344 0 
0 0 0 0 0 0 0 0 0 0 0 0 0 0 0 0 0 0 0 0 0 0 0 0.705548 0 0 0 0 0 0 0 0 0 0 0 0 0 0 0 0.705548 0 0 0 0 0 0 0 0 0 0 0 0.705548 0 0.705548 0.705548 -6.33204 0 0 0 0 0 0 0 2.80431 
0 0 0 0 0 0 0 0 0 0 0 0 0 0 0 0 0 0 0 0 0 0 0 0 0.705548 0 0 0 0 0 0 0 0 0 0 0 0 0 0 0 0.705548 0 0 0 0 0 0 0 0.705548 0 0 0 0 0 0 0 -7.16439 1.68258 1.68258 0 1.68258 0 0 0 
0 0 0 0 0 0 0 0 0 0 0 0 0 0 0 0 0 0 0 0 0 0 0 0 0 0.705548 0 0 0 0 0 0 0 0 0 0 0 0 0 0 0 0.705548 0 0 0 0 0 0 0 0.705548 0 0 0 0 0 0 0.705548 -7.30908 0 2.24344 0 2.24344 0 0 
0 0 0 0 0 0 0 0 0 0 0 0 0 0 0 0 0 0 0 0 0 0 0 0 0 0 0.705548 0 0 0 0 0 0 0 0 0 0 0 0 0 0 0 0.705548 0 0 0 0 0 0 0 0.705548 0 0 0 0 0 0.705548 0 -7.30908 2.24344 0 0 2.24344 0 
0 0 0 0 0 0 0 0 0 0 0 0 0 0 0 0 0 0 0 0 0 0 0 0 0 0 0 0.705548 0 0 0 0 0 0 0 0 0 0 0 0 0 0 0 0.705548 0 0 0 0 0 0 0 0.705548 0 0 0 0 0 0.705548 0.705548 -6.33204 0 0 0 2.80431 
0 0 0 0 0 0 0 0 0 0 0 0 0 0 0 0 0 0 0 0 0 0 0 0 0 0 0 0 0.705548 0 0 0 0 0 0 0 0 0 0 0 0 0 0 0 0.705548 0 0 0 0 0 0 0 0.705548 0 0 0 0.705548 0 0 0 -7.30908 2.24344 2.24344 0 
0 0 0 0 0 0 0 0 0 0 0 0 0 0 0 0 0 0 0 0 0 0 0 0 0 0 0 0 0 0.705548 0 0 0 0 0 0 0 0 0 0 0 0 0 0 0 0.705548 0 0 0 0 0 0 0 0.705548 0 0 0 0.705548 0 0 0.705548 -6.33204 0 2.80431 
0 0 0 0 0 0 0 0 0 0 0 0 0 0 0 0 0 0 0 0 0 0 0 0 0 0 0 0 0 0 0.705548 0 0 0 0 0 0 0 0 0 0 0 0 0 0 0 0.705548 0 0 0 0 0 0 0 0.705548 0 0 0 0.705548 0 0.705548 0 -6.33204 2.80431 
0 0 0 0 0 0 0 0 0 0 0 0 0 0 0 0 0 0 0 0 0 0 0 0 0 0 0 0 0 0 0 0.705548 0 0 0 0 0 0 0 0 0 0 0 0 0 0 0 0.705548 0 0 0 0 0 0 0 0.705548 0 0 0 0.705548 0 0.705548 0.705548 -4.23329 
