32
-0 0 0 0 0 0 0 0 0 0 0 0 0 0 0 0 0 0 0 0 0 0 0 0 0 0 0 0 0 0 0 0 
0.40459 -2.18013 0 0.443885 0 0.443885 0 0 0 0.443885 0 0 0 0 0 0 0 0.443885 0 0 0 0 0 0 0 0 0 0 0 0 0 0 
0.40459 0 -2.18013 0.443885 0 0 0.443885 0 0 0 0.443885 0 0 0 0 0 0 0 0.443885 0 0 0 0 0 0 0 0 0 0 0 0 0 
0 0.40459 0.40459 -3.47249 0 0 0 0.887771 0 0 0 0.887771 0 0 0 0 0 0 0 0.887771 0 0 0 0 0 0 0 0 0 0 0 0 
0.40459 0 0 0 -2.18013 0.443885 0.443885 0 0 0 0 0 0.443885 0 0 0 0 0 0 0 0.443885 0 0 0 0 0 0 0 0 0 0 0 
0 0.40459 0 0 0.40459 -3.47249 0 0.887771 0 0 0 0 0 0.887771 0 0 0 0 0 0 0 0.887771 0 0 0 0 0 0 0 0 0 0 
0 0 0.40459 0 0.40459 0 -3.47249 0.887771 0 0 0 0 0 0 0.887771 0 0 0 0 0 0 0 0.887771 0 0 0 0 0 0 0 0 0 
0 0 0 0.40459 0 0.40459 0.40459 -3.87708 0 0 0 0 0 0 0 1.33166 0 0 0 0 0 0 0 1.33166 0 0 0 0 0 0 0 0 
0.40459 0 0 0 0 0 0 0 -2.18013 0.443885 0.443885 0 0.443885 0 0 0 0 0 0 0 0 0 0 0 0.443885 0 0 0 0 0 0 0 
0 0.40459 0 0 0 0 0 0 0.40459 -3.47249 0 0.887771 0 0.887771 0 0 0 0 0 0 0 0 0 0 0 0.887771 0 0 0 0 0 0 
0 0 0.40459 0 0 0 0 0 0.40459 0 -3.47249 0.887771 0 0 0.887771 0 0 0 0 0 0 0 0 0 0 0 0.887771 0 0 0 0 0 
0 0 0 0.40459 0 0 0 0 0 0.40459 0.40459 -3.87708 0 0 0 1.33166 0 0 0 0 0 0 0 0 0 0 0 1.33166 0 0 0 0 
0 0 0 0 0.40459 0 0 0 0.40459 0 0 0 -3.47249 0.887771 0.887771 0 0 0 0 0 0 0 0 0 0 0 0 0 0.887771 0 0 0 
0 0 0 0 0 0.40459 0 0 0 0.40459 0 0 0.40459 -3.87708 0 1.33166 0 0 0 0 0 0 0 0 0 0 0 0 0 1.33166 0 0 
0 0 0 0 0 0 0.40459 0 0 0 0.40459 0 0.40459 0 -3.87708 1.33166 0 0 0 0 0 0 0 0 0 0 0 0 0 0 1.33166 0 
0 0 0 0 0 0 0 0.40459 0 0 0 0.40459 0 0.40459 0.40459 -3.3939 0 0 0 0 0 0 0 0 0 0 0 0 0 0 0 1.77554 
0.40459 0 0 0 0 0 0 0 0 0 0 0 0 0 0 0 -2.18013 0.443885 0.443885 0 0.443885 0 0 0 0.443885 0 0 0 0 0 0 0 
0 0.40459 0 0 0 0 0 0 0 0 0 0 0 0 0 0 0.40459 -3.47249 0 0.887771 0 0.887771 0 0 0 0.887771 0 0 0 0 0 0 
0 0 0.40459 0 0 0 0 0 0 0 0 0 0 0 0 0 0.40459 0 -3.47249 0.887771 0 0 0.887771 0 0 0 0.887771 0 0 0 0 0 
0 0 0 0.40459 0 0 0 0 0 0 0 0 0 0 0 0 0 0.40459 0.40459 -3.87708 0 0 0 1.33166 0 0 0 1.33166 0 0 0 0 
0 0 0 0 0.40459 0 0 0 0 0 0 0 0 0 0 0 0.40459 0 0 0 -3.47249 0.887771 0.887771 0 0 0 0 0 0.887771 0 0 0 
0 0 0 0 0 0.40459 0 0 0 0 0 0 0 0 0 0 0 0.40459 0 0 0.40459 -3.87708 0 1.33166 0 0 0 0 0 1.33166 0 0 
0 0 0 0 0 0 0.40459 0 0 0 0 0 0 0 0 0 0 0 0.40459 0 0.40459 0 -3.87708 1.33166 0 0 0 0 0 0 1.33166 0 
0 0 0 0 0 0 0 0.40459 0 0 0 0 0 0 0 0 0 0 0 0.40459 0 0.40459 0.40459 -3.3939 0 0 0 0 0 0 0 1.77554 
0 0 0 0 0 0 0 0 0.40459 0 0 0 0 0 0 0 0.40459 0 0 0 0 0 0 0 -3.47249 0.887771 0.887771 0 0.887771 0 0 0 
0 0 0 0 0 0 0 0 0 0.40459 0 0 0 0 0 0 0 0.40459 0 0 0 0 0 0 0.40459 -3.87708 0 1.33166 0 1.33166 0 0 
0 0 0 0 0 0 0 0 0 0 0.40459 0 0 0 0 0 0 0 0.40459 0 0 0 0 0 0.40459 0 -3.87708 1.33166 0 0 1.33166 0 
0 0 0 0 0 0 0 0 0 0 0 0.40459 0 0 0 0 0 0 0 0.40459 0 0 0 0 0 0.40459 0.40459 -3.3939 0 0 0 1.77554 
0 0 0 0 0 0 0 0 0 0 0 0 0.40459 0 0 0 0 0 0 0 0.40459 0 0 0 0.40459 0 0 0 -3.87708 1.33166 1.33166 0 
0 0 0 0 0 0 0 0 0 0 0 0 0 0.40459 0 0 0 0 0 0 0 0.40459 0 0 0 0.40459 0 0 0.40459 -3.3939 0 1.77554 
0 0 0 0 0 0 0 0 0 0 0 0 0 0 0.40459 0 0 0 0 0 0 0 0.40459 0 0 0 0.40459 0 0.40459 0 -3.3939 1.77554 
0 0 0 0 0 0 0 0 0 0 0 0 0 0 0 0.40459 0 0 0 0 0 0 0 0.40459 0 0 0 0.40459 0 0.40459 0.40459 -2.02295 
