64
-0 0 0 0 0 0 0 0 0 0 0 0 0 0 0 0 0 0 0 0 0 0 0 0 0 0 0 0 0 0 0 0 0 0 0 0 0 0 0 0 0 0 0 0 0 0 0 0 0 0 0 0 0 0 0 0 0 0 0 0 0 0 0 0 
0.377689 -2.13193 0 0.350849 0 0.350849 0 0 0 0.350849 0 0 0 0 0 0 0 0.350849 0 0 0 0 0 0 0 0 0 0 0 0 0 0 0 0.350849 0 0 0 0 0 0 0 0 0 0 0 0 0 0 0 0 0 0 0 0 0 0 0 0 0 0 0 0 0 0 
0.377689 0 -2.13193 0.350849 0 0 0.350849 0 0 0 0.350849 0 0 0 0 0 0 0 0.350849 0 0 0 0 0 0 0 0 0 0 0 0 0 0 0 0.350849 0 0 0 0 0 0 0 0 0 0 0 0 0 0 0 0 0 0 0 0 0 0 0 0 0 0 0 0 0 
0 0.377689 0.377689 -3.56217 0 0 0 0.701697 0 0 0 0.701697 0 0 0 0 0 0 0 0.701697 0 0 0 0 0 0 0 0 0 0 0 0 0 0 0 0.701697 0 0 0 0 0 0 0 0 0 0 0 0 0 0 0 0 0 0 0 0 0 0 0 0 0 0 0 0 
0.377689 0 0 0 -2.13193 0.350849 0.350849 0 0 0 0 0 0.350849 0 0 0 0 0 0 0 0.350849 0 0 0 0 0 0 0 0 0 0 0 0 0 0 0 0.350849 0 0 0 0 0 0 0 0 0 0 0 0 0 0 0 0 0 0 0 0 0 0 0 0 0 0 0 
0 0.377689 0 0 0.377689 -3.56217 0 0.701697 0 0 0 0 0 0.701697 0 0 0 0 0 0 0 0.701697 0 0 0 0 0 0 0 0 0 0 0 0 0 0 0 0.701697 0 0 0 0 0 0 0 0 0 0 0 0 0 0 0 0 0 0 0 0 0 0 0 0 0 0 
0 0 0.377689 0 0.377689 0 -3.56217 0.701697 0 0 0 0 0 0 0.701697 0 0 0 0 0 0 0 0.701697 0 0 0 0 0 0 0 0 0 0 0 0 0 0 0 0.701697 0 0 0 0 0 0 0 0 0 0 0 0 0 0 0 0 0 0 0 0 0 0 0 0 0 
0 0 0 0.377689 0 0.377689 0.377689 -4.2907 0 0 0 0 0 0 0 1.05255 0 0 0 0 0 0 0 1.05255 0 0 0 0 0 0 0 0 0 0 0 0 0 0 0 1.05255 0 0 0 0 0 0 0 0 0 0 0 0 0 0 0 0 0 0 0 0 0 0 0 0 
0.377689 0 0 0 0 0 0 0 -2.13193 0.350849 0.350849 0 0.350849 0 0 0 0 0 0 0 0 0 0 0 0.350849 0 0 0 0 0 0 0 0 0 0 0 0 0 0 0 0.350849 0 0 0 0 0 0 0 0 0 0 0 0 0 0 0 0 0 0 0 0 0 0 0 
0 0.377689 0 0 0 0 0 0 0.377689 -3.56217 0 0.701697 0 0.701697 0 0 0 0 0 0 0 0 0 0 0 0.701697 0 0 0 0 0 0 0 0 0 0 0 0 0 0 0 0.701697 0 0 0 0 0 0 0 0 0 0 0 0 0 0 0 0 0 0 0 0 0 0 
0 0 0.377689 0 0 0 0 0 0.377689 0 -3.56217 0.701697 0 0 0.701697 0 0 0 0 0 0 0 0 0 0 0 0.701697 0 0 0 0 0 0 0 0 0 0 0 0 0 0 0 0.701697 0 0 0 0 0 0 0 0 0 0 0 0 0 0 0 0 0 0 0 0 0 
0 0 0 0.377689 0 0 0 0 0 0.377689 0.377689 -4.2907 0 0 0 1.05255 0 0 0 0 0 0 0 0 0 0 0 1.05255 0 0 0 0 0 0 0 0 0 0 0 0 0 0 0 1.05255 0 0 0 0 0 0 0 0 0 0 0 0 0 0 0 0 0 0 0 0 
0 0 0 0 0.377689 0 0 0 0.377689 0 0 0 -3.56217 0.701697 0.701697 0 0 0 0 0 0 0 0 0 0 0 0 0 0.701697 0 0 0 0 0 0 0 0 0 0 0 0 0 0 0 0.701697 0 0 0 0 0 0 0 0 0 0 0 0 0 0 0 0 0 0 0 
0 0 0 0 0 0.377689 0 0 0 0.377689 0 0 0.377689 -4.2907 0 1.05255 0 0 0 0 0 0 0 0 0 0 0 0 0 1.05255 0 0 0 0 0 0 0 0 0 0 0 0 0 0 0 1.05255 0 0 0 0 0 0 0 0 0 0 0 0 0 0 0 0 0 0 
0 0 0 0 0 0 0.377689 0 0 0 0.377689 0 0.377689 0 -4.2907 1.05255 0 0 0 0 0 0 0 0 0 0 0 0 0 0 1.05255 0 0 0 0 0 0 0 0 0 0 0 0 0 0 0 1.05255 0 0 0 0 0 0 0 0 0 0 0 0 0 0 0 0 0 
0 0 0 0 0 0 0 0.377689 0 0 0 0.377689 0 0.377689 0.377689 -4.31754 0 0 0 0 0 0 0 0 0 0 0 0 0 0 0 1.40339 0 0 0 0 0 0 0 0 0 0 0 0 0 0 0 1.40339 0 0 0 0 0 0 0 0 0 0 0 0 0 0 0 0 
0.377689 0 0 0 0 0 0 0 0 0 0 0 0 0 0 0 -2.13193 0.350849 0.350849 0 0.350849 0 0 0 0.350849 0 0 0 0 0 0 0 0 0 0 0 0 0 0 0 0 0 0 0 0 0 0 0 0.350849 0 0 0 0 0 0 0 0 0 0 0 0 0 0 0 
0 0.377689 0 0 0 0 0 0 0 0 0 0 0 0 0 0 0.377689 -3.56217 0 0.701697 0 0.701697 0 0 0 0.701697 0 0 0 0 0 0 0 0 0 0 0 0 0 0 0 0 0 0 0 0 0 0 0 0.701697 0 0 0 0 0 0 0 0 0 0 0 0 0 0 
0 0 0.377689 0 0 0 0 0 0 0 0 0 0 0 0 0 0.377689 0 -3.56217 0.701697 0 0 0.701697 0 0 0 0.701697 0 0 0 0 0 0 0 0 0 0 0 0 0 0 0 0 0 0 0 0 0 0 0 0.701697 0 0 0 0 0 0 0 0 0 0 0 0 0 
0 0 0 0.377689 0 0 0 0 0 0 0 0 0 0 0 0 0 0.377689 0.377689 -4.2907 0 0 0 1.05255 0 0 0 1.05255 0 0 0 0 0 0 0 0 0 0 0 0 0 0 0 0 0 0 0 0 0 0 0 1.05255 0 0 0 0 0 0 0 0 0 0 0 0 
0 0 0 0 0.377689 0 0 0 0 0 0 0 0 0 0 0 0.377689 0 0 0 -3.56217 0.701697 0.701697 0 0 0 0 0 0.701697 0 0 0 0 0 0 0 0 0 0 0 0 0 0 0 0 0 0 0 0 0 0 0 0.701697 0 0 0 0 0 0 0 0 0 0 0 
0 0 0 0 0 0.377689 0 0 0 0 0 0 0 0 0 0 0 0.377689 0 0 0.377689 -4.2907 0 1.05255 0 0 0 0 0 1.05255 0 0 0 0 0 0 0 0 0 0 0 0 0 0 0 0 0 0 0 0 0 0 0 1.05255 0 0 0 0 0 0 0 0 0 0 
0 0 0 0 0 0 0.377689 0 0 0 0 0 0 0 0 0 0 0 0.377689 0 0.377689 0 -4.2907 1.05255 0 0 0 0 0 0 1.05255 0 0 0 0 0 0 0 0 0 0 0 0 0 0 0 0 0 0 0 0 0 0 0 1.05255 0 0 0 0 0 0 0 0 0 
0 0 0 0 0 0 0 0.377689 0 0 0 0 0 0 0 0 0 0 0 0.377689 0 0.377689 0.377689 -4.31754 0 0 0 0 0 0 0 1.40339 0 0 0 0 0 0 0 0 0 0 0 0 0 0 0 0 0 0 0 0 0 0 0 1.40339 0 0 0 0 0 0 0 0 
0 0 0 0 0 0 0 0 0.377689 0 0 0 0 0 0 0 0.377689 0 0 0 0 0 0 0 -3.56217 0.701697 0.701697 0 0.701697 0 0 0 0 0 0 0 0 0 0 0 0 0 0 0 0 0 0 0 0 0 0 0 0 0 0 0 0.701697 0 0 0 0 0 0 0 
0 0 0 0 0 0 0 0 0 0.377689 0 0 0 0 0 0 0 0.377689 0 0 0 0 0 0 0.377689 -4.2907 0 1.05255 0 1.05255 0 0 0 0 0 0 0 0 0 0 0 0 0 0 0 0 0 0 0 0 0 0 0 0 0 0 0 1.05255 0 0 0 0 0 0 
0 0 0 0 0 0 0 0 0 0 0.377689 0 0 0 0 0 0 0 0.377689 0 0 0 0 0 0.377689 0 -4.2907 1.05255 0 0 1.05255 0 0 0 0 0 0 0 0 0 0 0 0 0 0 0 0 0 0 0 0 0 0 0 0 0 0 0 1.05255 0 0 0 0 0 
0 0 0 0 0 0 0 0 0 0 0 0.377689 0 0 0 0 0 0 0 0.377689 0 0 0 0 0 0.377689 0.377689 -4.31754 0 0 0 1.40339 0 0 0 0 0 0 0 0 0 0 0 0 0 0 0 0 0 0 0 0 0 0 0 0 0 0 0 1.40339 0 0 0 0 
0 0 0 0 0 0 0 0 0 0 0 0 0.377689 0 0 0 0 0 0 0 0.377689 0 0 0 0.377689 0 0 0 -4.2907 1.05255 1.05255 0 0 0 0 0 0 0 0 0 0 0 0 0 0 0 0 0 0 0 0 0 0 0 0 0 0 0 0 0 1.05255 0 0 0 
0 0 0 0 0 0 0 0 0 0 0 0 0 0.377689 0 0 0 0 0 0 0 0.377689 0 0 0 0.377689 0 0 0.377689 -4.31754 0 1.40339 0 0 0 0 0 0 0 0 0 0 0 0 0 0 0 0 0 0 0 0 0 0 0 0 0 0 0 0 0 1.40339 0 0 
0 0 0 0 0 0 0 0 0 0 0 0 0 0 0.377689 0 0 0 0 0 0 0 0.377689 0 0 0 0.377689 0 0.377689 0 -4.31754 1.40339 0 0 0 0 0 0 0 0 0 0 0 0 0 0 0 0 0 0 0 0 0 0 0 0 0 0 0 0 0 0 1.40339 0 
0 0 0 0 0 0 0 0 0 0 0 0 0 0 0 0.377689 0 0 0 0 0 0 0 0.377689 0 0 0 0.377689 0 0.377689 0.377689 -3.64269 0 0 0 0 0 0 0 0 0 0 0 0 0 0 0 0 0 0 0 0 0 0 0 0 0 0 0 0 0 0 0 1.75424 
0.377689 0 0 0 0 0 0 0 0 0 0 0 0 0 0 0 0 0 0 0 0 0 0 0 0 0 0 0 0 0 0 0 -2.13193 0.350849 0.350849 0 0.350849 0 0 0 0.350849 0 0 0 0 0 0 0 0.350849 0 0 0 0 0 0 0 0 0 0 0 0 0 0 0 
0 0.377689 0 0 0 0 0 0 0 0 0 0 0 0 0 0 0 0 0 0 0 0 0 0 0 0 0 0 0 0 0 0 0.377689 -3.56217 0 0.701697 0 0.701697 0 0 0 0.701697 0 0 0 0 0 0 0 0.701697 0 0 0 0 0 0 0 0 0 0 0 0 0 0 
0 0 0.377689 0 0 0 0 0 0 0 0 0 0 0 0 0 0 0 0 0 0 0 0 0 0 0 0 0 0 0 0 0 0.377689 0 -3.56217 0.701697 0 0 0.701697 0 0 0 0.701697 0 0 0 0 0 0 0 0.701697 0 0 0 0 0 0 0 0 0 0 0 0 0 
0 0 0 0.377689 0 0 0 0 0 0 0 0 0 0 0 0 0 0 0 0 0 0 0 0 0 0 0 0 0 0 0 0 0 0.377689 0.377689 -4.2907 0 0 0 1.05255 0 0 0 1.05255 0 0 0 0 0 0 0 1.05255 0 0 0 0 0 0 0 0 0 0 0 0 
0 0 0 0 0.377689 0 0 0 0 0 0 0 0 0 0 0 0 0 0 0 0 0 0 0 0 0 0 0 0 0 0 0 0.377689 0 0 0 -3.56217 0.701697 0.701697 0 0 0 0 0 0.701697 0 0 0 0 0 0 0 0.701697 0 0 0 0 0 0 0 0 0 0 0 
0 0 0 0 0 0.377689 0 0 0 0 0 0 0 0 0 0 0 0 0 0 0 0 0 0 0 0 0 0 0 0 0 0 0 0.377689 0 0 0.377689 -4.2907 0 1.05255 0 0 0 0 0 1.05255 0 0 0 0 0 0 0 1.05255 0 0 0 0 0 0 0 0 0 0 
0 0 0 0 0 0 0.377689 0 0 0 0 0 0 0 0 0 0 0 0 0 0 0 0 0 0 0 0 0 0 0 0 0 0 0 0.377689 0 0.377689 0 -4.2907 1.05255 0 0 0 0 0 0 1.05255 0 0 0 0 0 0 0 1.05255 0 0 0 0 0 0 0 0 0 
0 0 0 0 0 0 0 0.377689 0 0 0 0 0 0 0 0 0 0 0 0 0 0 0 0 0 0 0 0 0 0 0 0 0 0 0 0.377689 0 0.377689 0.377689 -4.31754 0 0 0 0 0 0 0 1.40339 0 0 0 0 0 0 0 1.40339 0 0 0 0 0 0 0 0 
0 0 0 0 0 0 0 0 0.377689 0 0 0 0 0 0 0 0 0 0 0 0 0 0 0 0 0 0 0 0 0 0 0 0.377689 0 0 0 0 0 0 0 -3.56217 0.701697 0.701697 0 0.701697 0 0 0 0 0 0 0 0 0 0 0 0.701697 0 0 0 0 0 0 0 
0 0 0 0 0 0 0 0 0 0.377689 0 0 0 0 0 0 0 0 0 0 0 0 0 0 0 0 0 0 0 0 0 0 0 0.377689 0 0 0 0 0 0 0.377689 -4.2907 0 1.05255 0 1.05255 0 0 0 0 0 0 0 0 0 0 0 1.05255 0 0 0 0 0 0 
0 0 0 0 0 0 0 0 0 0 0.377689 0 0 0 0 0 0 0 0 0 0 0 0 0 0 0 0 0 0 0 0 0 0 0 0.377689 0 0 0 0 0 0.377689 0 -4.2907 1.05255 0 0 1.05255 0 0 0 0 0 0 0 0 0 0 0 1.05255 0 0 0 0 0 
0 0 0 0 0 0 0 0 0 0 0 0.377689 0 0 0 0 0 0 0 0 0 0 0 0 0 0 0 0 0 0 0 0 0 0 0 0.377689 0 0 0 0 0 0.377689 0.377689 -4.31754 0 0 0 1.40339 0 0 0 0 0 0 0 0 0 0 0 1.40339 0 0 0 0 
0 0 0 0 0 0 0 0 0 0 0 0 0.377689 0 0 0 0 0 0 0 0 0 0 0 0 0 0 0 0 0 0 0 0 0 0 0 0.377689 0 0 0 0.377689 0 0 0 -4.2907 1.05255 1.05255 0 0 0 0 0 0 0 0 0 0 0 0 0 1.05255 0 0 0 
0 0 0 0 0 0 0 0 0 0 0 0 0 0.377689 0 0 0 0 0 0 0 0 0 0 0 0 0 0 0 0 0 0 0 0 0 0 0 0.377689 0 0 0 0.377689 0 0 0.377689 -4.31754 0 1.40339 0 0 0 0 0 0 0 0 0 0 0 0 0 1.40339 0 0 
0 0 0 0 0 0 0 0 0 0 0 0 0 0 0.377689 0 0 0 0 0 0 0 0 0 0 0 0 0 0 0 0 0 0 0 0 0 0 0 0.377689 0 0 0 0.377689 0 0.377689 0 -4.31754 1.40339 0 0 0 0 0 0 0 0 0 0 0 0 0 0 1.40339 0 
0 0 0 0 0 0 0 0 0 0 0 0 0 0 0 0.377689 0 0 0 0 0 0 0 0 0 0 0 0 0 0 0 0 0 0 0 0 0 0 0 0.377689 0 0 0 0.377689 0 0.377689 0.377689 -3.64269 0 0 0 0 0 0 0 0 0 0 0 0 0 0 0 1.75424 
0 0 0 0 0 0 0 0 0 0 0 0 0 0 0 0 0.377689 0 0 0 0 0 0 0 0 0 0 0 0 0 0 0 0.377689 0 0 0 0 0 0 0 0 0 0 0 0 0 0 0 -3.56217 0.701697 0.701697 0 0.701697 0 0 0 0.701697 0 0 0 0 0 0 0 
0 0 0 0 0 0 0 0 0 0 0 0 0 0 0 0 0 0.377689 0 0 0 0 0 0 0 0 0 0 0 0 0 0 0 0.377689 0 0 0 0 0 0 0 0 0 0 0 0 0 0 0.377689 -4.2907 0 1.05255 0 1.05255 0 0 0 1.05255 0 0 0 0 0 0 
0 0 0 0 0 0 0 0 0 0 0 0 0 0 0 0 0 0 0.377689 0 0 0 0 0 0 0 0 0 0 0 0 0 0 0 0.377689 0 0 0 0 0 0 0 0 0 0 0 0 0 0.377689 0 -4.2907 1.05255 0 0 1.05255 0 0 0 1.05255 0 0 0 0 0 
0 0 0 0 0 0 0 0 0 0 0 0 0 0 0 0 0 0 0 0.377689 0 0 0 0 0 0 0 0 0 0 0 0 0 0 0 0.377689 0 0 0 0 0 0 0 0 0 0 0 0 0 0.377689 0.377689 -4.31754 0 0 0 1.40339 0 0 0 1.40339 0 0 0 0 
0 0 0 0 0 0 0 0 0 0 0 0 0 0 0 0 0 0 0 0 0.377689 0 0 0 0 0 0 0 0 0 0 0 0 0 0 0 0.377689 0 0 0 0 0 0 0 0 0 0 0 0.377689 0 0 0 -4.2907 1.05255 1.05255 0 0 0 0 0 1.05255 0 0 0 
0 0 0 0 0 0 0 0 0 0 0 0 0 0 0 0 0 0 0 0 0 0.377689 0 0 0 0 0 0 0 0 0 0 0 0 0 0 0 0.377689 0 0 0 0 0 0 0 0 0 0 0 0.377689 0 0 0.377689 -4.31754 0 1.40339 0 0 0 0 0 1.40339 0 0 
0 0 0 0 0 0 0 0 0 0 0 0 0 0 0 0 0 0 0 0 0 0 0.377689 0 0 0 0 0 0 0 0 0 0 0 0 0 0 0 0.377689 0 0 0 0 0 0 0 0 0 0 0 0.377689 0 0.377689 0 -4.31754 1.40339 0 0 0 0 0 0 1.40339 0 
0 0 0 0 0 0 0 0 0 0 0 0 0 0 0 0 0 0 0 0 0 0 0 0.377689 0 0 0 0 0 0 0 0 0 0 0 0 0 0 0 0.377689 0 0 0 0 0 0 0 0 0 0 0 0.377689 0 0.377689 0.377689 -3.64269 0 0 0 0 0 0 0 1.75424 
0 0 0 0 0 0 0 0 0 0 0 0 0 0 0 0 0 0 0 0 0 0 0 0 0.377689 0 0 0 0 0 0 0 0 0 0 0 0 0 0 0 0.377689 0 0 0 0 0 0 0 0.377689 0 0 0 0 0 0 0 -4.2907 1.05255 1.05255 0 1.05255 0 0 0 
0 0 0 0 0 0 0 0 0 0 0 0 0 0 0 0 0 0 0 0 0 0 0 0 0 0.377689 0 0 0 0 0 0 0 0 0 0 0 0 0 0 0 0.377689 0 0 0 0 0 0 0 0.377689 0 0 0 0 0 0 0.377689 -4.31754 0 1.40339 0 1.40339 0 0 
0 0 0 0 0 0 0 0 0 0 0 0 0 0 0 0 0 0 0 0 0 0 0 0 0 0 0.377689 0 0 0 0 0 0 0 0 0 0 0 0 0 0 0 0.377689 0 0 0 0 0 0 0 0.377689 0 0 0 0 0 0.377689 0 -4.31754 1.40339 0 0 1.40339 0 
0 0 0 0 0 0 0 0 0 0 0 0 0 0 0 0 0 0 0 0 0 0 0 0 0 0 0 0.377689 0 0 0 0 0 0 0 0 0 0 0 0 0 0 0 0.377689 0 0 0 0 0 0 0 0.377689 0 0 0 0 0 0.377689 0.377689 -3.64269 0 0 0 1.75424 
0 0 0 0 0 0 0 0 0 0 0 0 0 0 0 0 0 0 0 0 0 0 0 0 0 0 0 0 0.377689 0 0 0 0 0 0 0 0 0 0 0 0 0 0 0 0.377689 0 0 0 0 0 0 0 0.377689 0 0 0 0.377689 0 0 0 -4.31754 1.40339 1.40339 0 
0 0 0 0 0 0 0 0 0 0 0 0 0 0 0 0 0 0 0 0 0 0 0 0 0 0 0 0 0 0.377689 0 0 0 0 0 0 0 0 0 0 0 0 0 0 0 0.377689 0 0 0 0 0 0 0 0.377689 0 0 0 0.377689 0 0 0.377689 -3.64269 0 1.75424 
0 0 0 0 0 0 0 0 0 0 0 0 0 0 0 0 0 0 0 0 0 0 0 0 0 0 0 0 0 0 0.377689 0 0 0 0 0 0 0 0 0 0 0 0 0 0 0 0.377689 0 0 0 0 0 0 0 0.377689 0 0 0 0.377689 0 0.377689 0 -3.64269 1.75424 
0 0 0 0 0 0 0 0 0 0 0 0 0 0 0 0 0 0 0 0 0 0 0 0 0 0 0 0 0 0 0 0.377689 0 0 0 0 0 0 0 0 0 0 0 0 0 0 0 0.377689 0 0 0 0 0 0 0 0.377689 0 0 0 0.377689 0 0.377689 0.377689 -2.26613 
