64
-0 0 0 0 0 0 0 0 0 0 0 0 0 0 0 0 0 0 0 0 0 0 0 0 0 0 0 0 0 0 0 0 0 0 0 0 0 0 0 0 0 0 0 0 0 0 0 0 0 0 0 0 0 0 0 0 0 0 0 0 0 0 0 0 
0.793117 -4.07066 0 0.655509 0 0.655509 0 0 0 0.655509 0 0 0 0 0 0 0 0.655509 0 0 0 0 0 0 0 0 0 0 0 0 0 0 0 0.655509 0 0 0 0 0 0 0 0 0 0 0 0 0 0 0 0 0 0 0 0 0 0 0 0 0 0 0 0 0 0 
0.793117 0 -4.07066 0.655509 0 0 0.655509 0 0 0 0.655509 0 0 0 0 0 0 0 0.655509 0 0 0 0 0 0 0 0 0 0 0 0 0 0 0 0.655509 0 0 0 0 0 0 0 0 0 0 0 0 0 0 0 0 0 0 0 0 0 0 0 0 0 0 0 0 0 
0 0.793117 0.793117 -6.83031 0 0 0 1.31102 0 0 0 1.31102 0 0 0 0 0 0 0 1.31102 0 0 0 0 0 0 0 0 0 0 0 0 0 0 0 1.31102 0 0 0 0 0 0 0 0 0 0 0 0 0 0 0 0 0 0 0 0 0 0 0 0 0 0 0 0 
0.793117 0 0 0 -4.07066 0.655509 0.655509 0 0 0 0 0 0.655509 0 0 0 0 0 0 0 0.655509 0 0 0 0 0 0 0 0 0 0 0 0 0 0 0 0.655509 0 0 0 0 0 0 0 0 0 0 0 0 0 0 0 0 0 0 0 0 0 0 0 0 0 0 0 
0 0.793117 0 0 0.793117 -6.83031 0 1.31102 0 0 0 0 0 1.31102 0 0 0 0 0 0 0 1.31102 0 0 0 0 0 0 0 0 0 0 0 0 0 0 0 1.31102 0 0 0 0 0 0 0 0 0 0 0 0 0 0 0 0 0 0 0 0 0 0 0 0 0 0 
0 0 0.793117 0 0.793117 0 -6.83031 1.31102 0 0 0 0 0 0 1.31102 0 0 0 0 0 0 0 1.31102 0 0 0 0 0 0 0 0 0 0 0 0 0 0 0 1.31102 0 0 0 0 0 0 0 0 0 0 0 0 0 0 0 0 0 0 0 0 0 0 0 0 0 
0 0 0 0.793117 0 0.793117 0.793117 -8.27893 0 0 0 0 0 0 0 1.96653 0 0 0 0 0 0 0 1.96653 0 0 0 0 0 0 0 0 0 0 0 0 0 0 0 1.96653 0 0 0 0 0 0 0 0 0 0 0 0 0 0 0 0 0 0 0 0 0 0 0 0 
0.793117 0 0 0 0 0 0 0 -4.07066 0.655509 0.655509 0 0.655509 0 0 0 0 0 0 0 0 0 0 0 0.655509 0 0 0 0 0 0 0 0 0 0 0 0 0 0 0 0.655509 0 0 0 0 0 0 0 0 0 0 0 0 0 0 0 0 0 0 0 0 0 0 0 
0 0.793117 0 0 0 0 0 0 0.793117 -6.83031 0 1.31102 0 1.31102 0 0 0 0 0 0 0 0 0 0 0 1.31102 0 0 0 0 0 0 0 0 0 0 0 0 0 0 0 1.31102 0 0 0 0 0 0 0 0 0 0 0 0 0 0 0 0 0 0 0 0 0 0 
0 0 0.793117 0 0 0 0 0 0.793117 0 -6.83031 1.31102 0 0 1.31102 0 0 0 0 0 0 0 0 0 0 0 1.31102 0 0 0 0 0 0 0 0 0 0 0 0 0 0 0 1.31102 0 0 0 0 0 0 0 0 0 0 0 0 0 0 0 0 0 0 0 0 0 
0 0 0 0.793117 0 0 0 0 0 0.793117 0.793117 -8.27893 0 0 0 1.96653 0 0 0 0 0 0 0 0 0 0 0 1.96653 0 0 0 0 0 0 0 0 0 0 0 0 0 0 0 1.96653 0 0 0 0 0 0 0 0 0 0 0 0 0 0 0 0 0 0 0 0 
0 0 0 0 0.793117 0 0 0 0.793117 0 0 0 -6.83031 1.31102 1.31102 0 0 0 0 0 0 0 0 0 0 0 0 0 1.31102 0 0 0 0 0 0 0 0 0 0 0 0 0 0 0 1.31102 0 0 0 0 0 0 0 0 0 0 0 0 0 0 0 0 0 0 0 
0 0 0 0 0 0.793117 0 0 0 0.793117 0 0 0.793117 -8.27893 0 1.96653 0 0 0 0 0 0 0 0 0 0 0 0 0 1.96653 0 0 0 0 0 0 0 0 0 0 0 0 0 0 0 1.96653 0 0 0 0 0 0 0 0 0 0 0 0 0 0 0 0 0 0 
0 0 0 0 0 0 0.793117 0 0 0 0.793117 0 0.793117 0 -8.27893 1.96653 0 0 0 0 0 0 0 0 0 0 0 0 0 0 1.96653 0 0 0 0 0 0 0 0 0 0 0 0 0 0 0 1.96653 0 0 0 0 0 0 0 0 0 0 0 0 0 0 0 0 0 
0 0 0 0 0 0 0 0.793117 0 0 0 0.793117 0 0.793117 0.793117 -8.41654 0 0 0 0 0 0 0 0 0 0 0 0 0 0 0 2.62204 0 0 0 0 0 0 0 0 0 0 0 0 0 0 0 2.62204 0 0 0 0 0 0 0 0 0 0 0 0 0 0 0 0 
0.793117 0 0 0 0 0 0 0 0 0 0 0 0 0 0 0 -4.07066 0.655509 0.655509 0 0.655509 0 0 0 0.655509 0 0 0 0 0 0 0 0 0 0 0 0 0 0 0 0 0 0 0 0 0 0 0 0.655509 0 0 0 0 0 0 0 0 0 0 0 0 0 0 0 
0 0.793117 0 0 0 0 0 0 0 0 0 0 0 0 0 0 0.793117 -6.83031 0 1.31102 0 1.31102 0 0 0 1.31102 0 0 0 0 0 0 0 0 0 0 0 0 0 0 0 0 0 0 0 0 0 0 0 1.31102 0 0 0 0 0 0 0 0 0 0 0 0 0 0 
0 0 0.793117 0 0 0 0 0 0 0 0 0 0 0 0 0 0.793117 0 -6.83031 1.31102 0 0 1.31102 0 0 0 1.31102 0 0 0 0 0 0 0 0 0 0 0 0 0 0 0 0 0 0 0 0 0 0 0 1.31102 0 0 0 0 0 0 0 0 0 0 0 0 0 
0 0 0 0.793117 0 0 0 0 0 0 0 0 0 0 0 0 0 0.793117 0.793117 -8.27893 0 0 0 1.96653 0 0 0 1.96653 0 0 0 0 0 0 0 0 0 0 0 0 0 0 0 0 0 0 0 0 0 0 0 1.96653 0 0 0 0 0 0 0 0 0 0 0 0 
0 0 0 0 0.793117 0 0 0 0 0 0 0 0 0 0 0 0.793117 0 0 0 -6.83031 1.31102 1.31102 0 0 0 0 0 1.31102 0 0 0 0 0 0 0 0 0 0 0 0 0 0 0 0 0 0 0 0 0 0 0 1.31102 0 0 0 0 0 0 0 0 0 0 0 
0 0 0 0 0 0.793117 0 0 0 0 0 0 0 0 0 0 0 0.793117 0 0 0.793117 -8.27893 0 1.96653 0 0 0 0 0 1.96653 0 0 0 0 0 0 0 0 0 0 0 0 0 0 0 0 0 0 0 0 0 0 0 1.96653 0 0 0 0 0 0 0 0 0 0 
0 0 0 0 0 0 0.793117 0 0 0 0 0 0 0 0 0 0 0 0.793117 0 0.793117 0 -8.27893 1.96653 0 0 0 0 0 0 1.96653 0 0 0 0 0 0 0 0 0 0 0 0 0 0 0 0 0 0 0 0 0 0 0 1.96653 0 0 0 0 0 0 0 0 0 
0 0 0 0 0 0 0 0.793117 0 0 0 0 0 0 0 0 0 0 0 0.793117 0 0.793117 0.793117 -8.41654 0 0 0 0 0 0 0 2.62204 0 0 0 0 0 0 0 0 0 0 0 0 0 0 0 0 0 0 0 0 0 0 0 2.62204 0 0 0 0 0 0 0 0 
0 0 0 0 0 0 0 0 0.793117 0 0 0 0 0 0 0 0.793117 0 0 0 0 0 0 0 -6.83031 1.31102 1.31102 0 1.31102 0 0 0 0 0 0 0 0 0 0 0 0 0 0 0 0 0 0 0 0 0 0 0 0 0 0 0 1.31102 0 0 0 0 0 0 0 
0 0 0 0 0 0 0 0 0 0.793117 0 0 0 0 0 0 0 0.793117 0 0 0 0 0 0 0.793117 -8.27893 0 1.96653 0 1.96653 0 0 0 0 0 0 0 0 0 0 0 0 0 0 0 0 0 0 0 0 0 0 0 0 0 0 0 1.96653 0 0 0 0 0 0 
0 0 0 0 0 0 0 0 0 0 0.793117 0 0 0 0 0 0 0 0.793117 0 0 0 0 0 0.793117 0 -8.27893 1.96653 0 0 1.96653 0 0 0 0 0 0 0 0 0 0 0 0 0 0 0 0 0 0 0 0 0 0 0 0 0 0 0 1.96653 0 0 0 0 0 
0 0 0 0 0 0 0 0 0 0 0 0.793117 0 0 0 0 0 0 0 0.793117 0 0 0 0 0 0.793117 0.793117 -8.41654 0 0 0 2.62204 0 0 0 0 0 0 0 0 0 0 0 0 0 0 0 0 0 0 0 0 0 0 0 0 0 0 0 2.62204 0 0 0 0 
0 0 0 0 0 0 0 0 0 0 0 0 0.793117 0 0 0 0 0 0 0 0.793117 0 0 0 0.793117 0 0 0 -8.27893 1.96653 1.96653 0 0 0 0 0 0 0 0 0 0 0 0 0 0 0 0 0 0 0 0 0 0 0 0 0 0 0 0 0 1.96653 0 0 0 
0 0 0 0 0 0 0 0 0 0 0 0 0 0.793117 0 0 0 0 0 0 0 0.793117 0 0 0 0.793117 0 0 0.793117 -8.41654 0 2.62204 0 0 0 0 0 0 0 0 0 0 0 0 0 0 0 0 0 0 0 0 0 0 0 0 0 0 0 0 0 2.62204 0 0 
0 0 0 0 0 0 0 0 0 0 0 0 0 0 0.793117 0 0 0 0 0 0 0 0.793117 0 0 0 0.793117 0 0.793117 0 -8.41654 2.62204 0 0 0 0 0 0 0 0 0 0 0 0 0 0 0 0 0 0 0 0 0 0 0 0 0 0 0 0 0 0 2.62204 0 
0 0 0 0 0 0 0 0 0 0 0 0 0 0 0 0.793117 0 0 0 0 0 0 0 0.793117 0 0 0 0.793117 0 0.793117 0.793117 -7.24313 0 0 0 0 0 0 0 0 0 0 0 0 0 0 0 0 0 0 0 0 0 0 0 0 0 0 0 0 0 0 0 3.27754 
0.793117 0 0 0 0 0 0 0 0 0 0 0 0 0 0 0 0 0 0 0 0 0 0 0 0 0 0 0 0 0 0 0 -4.07066 0.655509 0.655509 0 0.655509 0 0 0 0.655509 0 0 0 0 0 0 0 0.655509 0 0 0 0 0 0 0 0 0 0 0 0 0 0 0 
0 0.793117 0 0 0 0 0 0 0 0 0 0 0 0 0 0 0 0 0 0 0 0 0 0 0 0 0 0 0 0 0 0 0.793117 -6.83031 0 1.31102 0 1.31102 0 0 0 1.31102 0 0 0 0 0 0 0 1.31102 0 0 0 0 0 0 0 0 0 0 0 0 0 0 
0 0 0.793117 0 0 0 0 0 0 0 0 0 0 0 0 0 0 0 0 0 0 0 0 0 0 0 0 0 0 0 0 0 0.793117 0 -6.83031 1.31102 0 0 1.31102 0 0 0 1.31102 0 0 0 0 0 0 0 1.31102 0 0 0 0 0 0 0 0 0 0 0 0 0 
0 0 0 0.793117 0 0 0 0 0 0 0 0 0 0 0 0 0 0 0 0 0 0 0 0 0 0 0 0 0 0 0 0 0 0.793117 0.793117 -8.27893 0 0 0 1.96653 0 0 0 1.96653 0 0 0 0 0 0 0 1.96653 0 0 0 0 0 0 0 0 0 0 0 0 
0 0 0 0 0.793117 0 0 0 0 0 0 0 0 0 0 0 0 0 0 0 0 0 0 0 0 0 0 0 0 0 0 0 0.793117 0 0 0 -6.83031 1.31102 1.31102 0 0 0 0 0 1.31102 0 0 0 0 0 0 0 1.31102 0 0 0 0 0 0 0 0 0 0 0 
0 0 0 0 0 0.793117 0 0 0 0 0 0 0 0 0 0 0 0 0 0 0 0 0 0 0 0 0 0 0 0 0 0 0 0.793117 0 0 0.793117 -8.27893 0 1.96653 0 0 0 0 0 1.96653 0 0 0 0 0 0 0 1.96653 0 0 0 0 0 0 0 0 0 0 
0 0 0 0 0 0 0.793117 0 0 0 0 0 0 0 0 0 0 0 0 0 0 0 0 0 0 0 0 0 0 0 0 0 0 0 0.793117 0 0.793117 0 -8.27893 1.96653 0 0 0 0 0 0 1.96653 0 0 0 0 0 0 0 1.96653 0 0 0 0 0 0 0 0 0 
0 0 0 0 0 0 0 0.793117 0 0 0 0 0 0 0 0 0 0 0 0 0 0 0 0 0 0 0 0 0 0 0 0 0 0 0 0.793117 0 0.793117 0.793117 -8.41654 0 0 0 0 0 0 0 2.62204 0 0 0 0 0 0 0 2.62204 0 0 0 0 0 0 0 0 
0 0 0 0 0 0 0 0 0.793117 0 0 0 0 0 0 0 0 0 0 0 0 0 0 0 0 0 0 0 0 0 0 0 0.793117 0 0 0 0 0 0 0 -6.83031 1.31102 1.31102 0 1.31102 0 0 0 0 0 0 0 0 0 0 0 1.31102 0 0 0 0 0 0 0 
0 0 0 0 0 0 0 0 0 0.793117 0 0 0 0 0 0 0 0 0 0 0 0 0 0 0 0 0 0 0 0 0 0 0 0.793117 0 0 0 0 0 0 0.793117 -8.27893 0 1.96653 0 1.96653 0 0 0 0 0 0 0 0 0 0 0 1.96653 0 0 0 0 0 0 
0 0 0 0 0 0 0 0 0 0 0.793117 0 0 0 0 0 0 0 0 0 0 0 0 0 0 0 0 0 0 0 0 0 0 0 0.793117 0 0 0 0 0 0.793117 0 -8.27893 1.96653 0 0 1.96653 0 0 0 0 0 0 0 0 0 0 0 1.96653 0 0 0 0 0 
0 0 0 0 0 0 0 0 0 0 0 0.793117 0 0 0 0 0 0 0 0 0 0 0 0 0 0 0 0 0 0 0 0 0 0 0 0.793117 0 0 0 0 0 0.793117 0.793117 -8.41654 0 0 0 2.62204 0 0 0 0 0 0 0 0 0 0 0 2.62204 0 0 0 0 
0 0 0 0 0 0 0 0 0 0 0 0 0.793117 0 0 0 0 0 0 0 0 0 0 0 0 0 0 0 0 0 0 0 0 0 0 0 0.793117 0 0 0 0.793117 0 0 0 -8.27893 1.96653 1.96653 0 0 0 0 0 0 0 0 0 0 0 0 0 1.96653 0 0 0 
0 0 0 0 0 0 0 0 0 0 0 0 0 0.793117 0 0 0 0 0 0 0 0 0 0 0 0 0 0 0 0 0 0 0 0 0 0 0 0.793117 0 0 0 0.793117 0 0 0.793117 -8.41654 0 2.62204 0 0 0 0 0 0 0 0 0 0 0 0 0 2.62204 0 0 
0 0 0 0 0 0 0 0 0 0 0 0 0 0 0.793117 0 0 0 0 0 0 0 0 0 0 0 0 0 0 0 0 0 0 0 0 0 0 0 0.793117 0 0 0 0.793117 0 0.793117 0 -8.41654 2.62204 0 0 0 0 0 0 0 0 0 0 0 0 0 0 2.62204 0 
0 0 0 0 0 0 0 0 0 0 0 0 0 0 0 0.793117 0 0 0 0 0 0 0 0 0 0 0 0 0 0 0 0 0 0 0 0 0 0 0 0.793117 0 0 0 0.793117 0 0.793117 0.793117 -7.24313 0 0 0 0 0 0 0 0 0 0 0 0 0 0 0 3.27754 
0 0 0 0 0 0 0 0 0 0 0 0 0 0 0 0 0.793117 0 0 0 0 0 0 0 0 0 0 0 0 0 0 0 0.793117 0 0 0 0 0 0 0 0 0 0 0 0 0 0 0 -6.83031 1.31102 1.31102 0 1.31102 0 0 0 1.31102 0 0 0 0 0 0 0 
0 0 0 0 0 0 0 0 0 0 0 0 0 0 0 0 0 0.793117 0 0 0 0 0 0 0 0 0 0 0 0 0 0 0 0.793117 0 0 0 0 0 0 0 0 0 0 0 0 0 0 0.793117 -8.27893 0 1.96653 0 1.96653 0 0 0 1.96653 0 0 0 0 0 0 
0 0 0 0 0 0 0 0 0 0 0 0 0 0 0 0 0 0 0.793117 0 0 0 0 0 0 0 0 0 0 0 0 0 0 0 0.793117 0 0 0 0 0 0 0 0 0 0 0 0 0 0.793117 0 -8.27893 1.96653 0 0 1.96653 0 0 0 1.96653 0 0 0 0 0 
0 0 0 0 0 0 0 0 0 0 0 0 0 0 0 0 0 0 0 0.793117 0 0 0 0 0 0 0 0 0 0 0 0 0 0 0 0.793117 0 0 0 0 0 0 0 0 0 0 0 0 0 0.793117 0.793117 -8.41654 0 0 0 2.62204 0 0 0 2.62204 0 0 0 0 
0 0 0 0 0 0 0 0 0 0 0 0 0 0 0 0 0 0 0 0 0.793117 0 0 0 0 0 0 0 0 0 0 0 0 0 0 0 0.793117 0 0 0 0 0 0 0 0 0 0 0 0.793117 0 0 0 -8.27893 1.96653 1.96653 0 0 0 0 0 1.96653 0 0 0 
0 0 0 0 0 0 0 0 0 0 0 0 0 0 0 0 0 0 0 0 0 0.793117 0 0 0 0 0 0 0 0 0 0 0 0 0 0 0 0.793117 0 0 0 0 0 0 0 0 0 0 0 0.793117 0 0 0.793117 -8.41654 0 2.62204 0 0 0 0 0 2.62204 0 0 
0 0 0 0 0 0 0 0 0 0 0 0 0 0 0 0 0 0 0 0 0 0 0.793117 0 0 0 0 0 0 0 0 0 0 0 0 0 0 0 0.793117 0 0 0 0 0 0 0 0 0 0 0 0.793117 0 0.793117 0 -8.41654 2.62204 0 0 0 0 0 0 2.62204 0 
0 0 0 0 0 0 0 0 0 0 0 0 0 0 0 0 0 0 0 0 0 0 0 0.793117 0 0 0 0 0 0 0 0 0 0 0 0 0 0 0 0.793117 0 0 0 0 0 0 0 0 0 0 0 0.793117 0 0.793117 0.793117 -7.24313 0 0 0 0 0 0 0 3.27754 
0 0 0 0 0 0 0 0 0 0 0 0 0 0 0 0 0 0 0 0 0 0 0 0 0.793117 0 0 0 0 0 0 0 0 0 0 0 0 0 0 0 0.793117 0 0 0 0 0 0 0 0.793117 0 0 0 0 0 0 0 -8.27893 1.96653 1.96653 0 1.96653 0 0 0 
0 0 0 0 0 0 0 0 0 0 0 0 0 0 0 0 0 0 0 0 0 0 0 0 0 0.793117 0 0 0 0 0 0 0 0 0 0 0 0 0 0 0 0.793117 0 0 0 0 0 0 0 0.793117 0 0 0 0 0 0 0.793117 -8.41654 0 2.62204 0 2.62204 0 0 
0 0 0 0 0 0 0 0 0 0 0 0 0 0 0 0 0 0 0 0 0 0 0 0 0 0 0.793117 0 0 0 0 0 0 0 0 0 0 0 0 0 0 0 0.793117 0 0 0 0 0 0 0 0.793117 0 0 0 0 0 0.793117 0 -8.41654 2.62204 0 0 2.62204 0 
0 0 0 0 0 0 0 0 0 0 0 0 0 0 0 0 0 0 0 0 0 0 0 0 0 0 0 0.793117 0 0 0 0 0 0 0 0 0 0 0 0 0 0 0 0.793117 0 0 0 0 0 0 0 0.793117 0 0 0 0 0 0.793117 0.793117 -7.24313 0 0 0 3.27754 
0 0 0 0 0 0 0 0 0 0 0 0 0 0 0 0 0 0 0 0 0 0 0 0 0 0 0 0 0.793117 0 0 0 0 0 0 0 0 0 0 0 0 0 0 0 0.793117 0 0 0 0 0 0 0 0.793117 0 0 0 0.793117 0 0 0 -8.41654 2.62204 2.62204 0 
0 0 0 0 0 0 0 0 0 0 0 0 0 0 0 0 0 0 0 0 0 0 0 0 0 0 0 0 0 0.793117 0 0 0 0 0 0 0 0 0 0 0 0 0 0 0 0.793117 0 0 0 0 0 0 0 0.793117 0 0 0 0.793117 0 0 0.793117 -7.24313 0 3.27754 
0 0 0 0 0 0 0 0 0 0 0 0 0 0 0 0 0 0 0 0 0 0 0 0 0 0 0 0 0 0 0.793117 0 0 0 0 0 0 0 0 0 0 0 0 0 0 0 0.793117 0 0 0 0 0 0 0 0.793117 0 0 0 0.793117 0 0.793117 0 -7.24313 3.27754 
0 0 0 0 0 0 0 0 0 0 0 0 0 0 0 0 0 0 0 0 0 0 0 0 0 0 0 0 0 0 0 0.793117 0 0 0 0 0 0 0 0 0 0 0 0 0 0 0 0.793117 0 0 0 0 0 0 0 0.793117 0 0 0 0.793117 0 0.793117 0.793117 -4.7587 
