32
-0 0 0 0 0 0 0 0 0 0 0 0 0 0 0 0 0 0 0 0 0 0 0 0 0 0 0 0 0 0 0 0 
0.215959 -1.37431 0 0.289589 0 0.289589 0 0 0 0.289589 0 0 0 0 0 0 0 0.289589 0 0 0 0 0 0 0 0 0 0 0 0 0 0 
0.215959 0 -1.37431 0.289589 0 0 0.289589 0 0 0 0.289589 0 0 0 0 0 0 0 0.289589 0 0 0 0 0 0 0 0 0 0 0 0 0 
0 0.215959 0.215959 -2.16945 0 0 0 0.579178 0 0 0 0.579178 0 0 0 0 0 0 0 0.579178 0 0 0 0 0 0 0 0 0 0 0 0 
0.215959 0 0 0 -1.37431 0.289589 0.289589 0 0 0 0 0 0.289589 0 0 0 0 0 0 0 0.289589 0 0 0 0 0 0 0 0 0 0 0 
0 0.215959 0 0 0.215959 -2.16945 0 0.579178 0 0 0 0 0 0.579178 0 0 0 0 0 0 0 0.579178 0 0 0 0 0 0 0 0 0 0 
0 0 0.215959 0 0.215959 0 -2.16945 0.579178 0 0 0 0 0 0 0.579178 0 0 0 0 0 0 0 0.579178 0 0 0 0 0 0 0 0 0 
0 0 0 0.215959 0 0.215959 0.215959 -2.38541 0 0 0 0 0 0 0 0.868767 0 0 0 0 0 0 0 0.868767 0 0 0 0 0 0 0 0 
0.215959 0 0 0 0 0 0 0 -1.37431 0.289589 0.289589 0 0.289589 0 0 0 0 0 0 0 0 0 0 0 0.289589 0 0 0 0 0 0 0 
0 0.215959 0 0 0 0 0 0 0.215959 -2.16945 0 0.579178 0 0.579178 0 0 0 0 0 0 0 0 0 0 0 0.579178 0 0 0 0 0 0 
0 0 0.215959 0 0 0 0 0 0.215959 0 -2.16945 0.579178 0 0 0.579178 0 0 0 0 0 0 0 0 0 0 0 0.579178 0 0 0 0 0 
0 0 0 0.215959 0 0 0 0 0 0.215959 0.215959 -2.38541 0 0 0 0.868767 0 0 0 0 0 0 0 0 0 0 0 0.868767 0 0 0 0 
0 0 0 0 0.215959 0 0 0 0.215959 0 0 0 -2.16945 0.579178 0.579178 0 0 0 0 0 0 0 0 0 0 0 0 0 0.579178 0 0 0 
0 0 0 0 0 0.215959 0 0 0 0.215959 0 0 0.215959 -2.38541 0 0.868767 0 0 0 0 0 0 0 0 0 0 0 0 0 0.868767 0 0 
0 0 0 0 0 0 0.215959 0 0 0 0.215959 0 0.215959 0 -2.38541 0.868767 0 0 0 0 0 0 0 0 0 0 0 0 0 0 0.868767 0 
0 0 0 0 0 0 0 0.215959 0 0 0 0.215959 0 0.215959 0.215959 -2.02219 0 0 0 0 0 0 0 0 0 0 0 0 0 0 0 1.15836 
0.215959 0 0 0 0 0 0 0 0 0 0 0 0 0 0 0 -1.37431 0.289589 0.289589 0 0.289589 0 0 0 0.289589 0 0 0 0 0 0 0 
0 0.215959 0 0 0 0 0 0 0 0 0 0 0 0 0 0 0.215959 -2.16945 0 0.579178 0 0.579178 0 0 0 0.579178 0 0 0 0 0 0 
0 0 0.215959 0 0 0 0 0 0 0 0 0 0 0 0 0 0.215959 0 -2.16945 0.579178 0 0 0.579178 0 0 0 0.579178 0 0 0 0 0 
0 0 0 0.215959 0 0 0 0 0 0 0 0 0 0 0 0 0 0.215959 0.215959 -2.38541 0 0 0 0.868767 0 0 0 0.868767 0 0 0 0 
0 0 0 0 0.215959 0 0 0 0 0 0 0 0 0 0 0 0.215959 0 0 0 -2.16945 0.579178 0.579178 0 0 0 0 0 0.579178 0 0 0 
0 0 0 0 0 0.215959 0 0 0 0 0 0 0 0 0 0 0 0.215959 0 0 0.215959 -2.38541 0 0.868767 0 0 0 0 0 0.868767 0 0 
0 0 0 0 0 0 0.215959 0 0 0 0 0 0 0 0 0 0 0 0.215959 0 0.215959 0 -2.38541 0.868767 0 0 0 0 0 0 0.868767 0 
0 0 0 0 0 0 0 0.215959 0 0 0 0 0 0 0 0 0 0 0 0.215959 0 0.215959 0.215959 -2.02219 0 0 0 0 0 0 0 1.15836 
0 0 0 0 0 0 0 0 0.215959 0 0 0 0 0 0 0 0.215959 0 0 0 0 0 0 0 -2.16945 0.579178 0.579178 0 0.579178 0 0 0 
0 0 0 0 0 0 0 0 0 0.215959 0 0 0 0 0 0 0 0.215959 0 0 0 0 0 0 0.215959 -2.38541 0 0.868767 0 0.868767 0 0 
0 0 0 0 0 0 0 0 0 0 0.215959 0 0 0 0 0 0 0 0.215959 0 0 0 0 0 0.215959 0 -2.38541 0.868767 0 0 0.868767 0 
0 0 0 0 0 0 0 0 0 0 0 0.215959 0 0 0 0 0 0 0 0.215959 0 0 0 0 0 0.215959 0.215959 -2.02219 0 0 0 1.15836 
0 0 0 0 0 0 0 0 0 0 0 0 0.215959 0 0 0 0 0 0 0 0.215959 0 0 0 0.215959 0 0 0 -2.38541 0.868767 0.868767 0 
0 0 0 0 0 0 0 0 0 0 0 0 0 0.215959 0 0 0 0 0 0 0 0.215959 0 0 0 0.215959 0 0 0.215959 -2.02219 0 1.15836 
0 0 0 0 0 0 0 0 0 0 0 0 0 0 0.215959 0 0 0 0 0 0 0 0.215959 0 0 0 0.215959 0 0.215959 0 -2.02219 1.15836 
0 0 0 0 0 0 0 0 0 0 0 0 0 0 0 0.215959 0 0 0 0 0 0 0 0.215959 0 0 0 0.215959 0 0.215959 0.215959 -1.07979 
