32
-0 0 0 0 0 0 0 0 0 0 0 0 0 0 0 0 0 0 0 0 0 0 0 0 0 0 0 0 0 0 0 0 
0.252345 -1.26627 0 0.253481 0 0.253481 0 0 0 0.253481 0 0 0 0 0 0 0 0.253481 0 0 0 0 0 0 0 0 0 0 0 0 0 0 
0.252345 0 -1.26627 0.253481 0 0 0.253481 0 0 0 0.253481 0 0 0 0 0 0 0 0.253481 0 0 0 0 0 0 0 0 0 0 0 0 0 
0 0.252345 0.252345 -2.02557 0 0 0 0.506961 0 0 0 0.506961 0 0 0 0 0 0 0 0.506961 0 0 0 0 0 0 0 0 0 0 0 0 
0.252345 0 0 0 -1.26627 0.253481 0.253481 0 0 0 0 0 0.253481 0 0 0 0 0 0 0 0.253481 0 0 0 0 0 0 0 0 0 0 0 
0 0.252345 0 0 0.252345 -2.02557 0 0.506961 0 0 0 0 0 0.506961 0 0 0 0 0 0 0 0.506961 0 0 0 0 0 0 0 0 0 0 
0 0 0.252345 0 0.252345 0 -2.02557 0.506961 0 0 0 0 0 0 0.506961 0 0 0 0 0 0 0 0.506961 0 0 0 0 0 0 0 0 0 
0 0 0 0.252345 0 0.252345 0.252345 -2.27792 0 0 0 0 0 0 0 0.760442 0 0 0 0 0 0 0 0.760442 0 0 0 0 0 0 0 0 
0.252345 0 0 0 0 0 0 0 -1.26627 0.253481 0.253481 0 0.253481 0 0 0 0 0 0 0 0 0 0 0 0.253481 0 0 0 0 0 0 0 
0 0.252345 0 0 0 0 0 0 0.252345 -2.02557 0 0.506961 0 0.506961 0 0 0 0 0 0 0 0 0 0 0 0.506961 0 0 0 0 0 0 
0 0 0.252345 0 0 0 0 0 0.252345 0 -2.02557 0.506961 0 0 0.506961 0 0 0 0 0 0 0 0 0 0 0 0.506961 0 0 0 0 0 
0 0 0 0.252345 0 0 0 0 0 0.252345 0.252345 -2.27792 0 0 0 0.760442 0 0 0 0 0 0 0 0 0 0 0 0.760442 0 0 0 0 
0 0 0 0 0.252345 0 0 0 0.252345 0 0 0 -2.02557 0.506961 0.506961 0 0 0 0 0 0 0 0 0 0 0 0 0 0.506961 0 0 0 
0 0 0 0 0 0.252345 0 0 0 0.252345 0 0 0.252345 -2.27792 0 0.760442 0 0 0 0 0 0 0 0 0 0 0 0 0 0.760442 0 0 
0 0 0 0 0 0 0.252345 0 0 0 0.252345 0 0.252345 0 -2.27792 0.760442 0 0 0 0 0 0 0 0 0 0 0 0 0 0 0.760442 0 
0 0 0 0 0 0 0 0.252345 0 0 0 0.252345 0 0.252345 0.252345 -2.0233 0 0 0 0 0 0 0 0 0 0 0 0 0 0 0 1.01392 
0.252345 0 0 0 0 0 0 0 0 0 0 0 0 0 0 0 -1.26627 0.253481 0.253481 0 0.253481 0 0 0 0.253481 0 0 0 0 0 0 0 
0 0.252345 0 0 0 0 0 0 0 0 0 0 0 0 0 0 0.252345 -2.02557 0 0.506961 0 0.506961 0 0 0 0.506961 0 0 0 0 0 0 
0 0 0.252345 0 0 0 0 0 0 0 0 0 0 0 0 0 0.252345 0 -2.02557 0.506961 0 0 0.506961 0 0 0 0.506961 0 0 0 0 0 
0 0 0 0.252345 0 0 0 0 0 0 0 0 0 0 0 0 0 0.252345 0.252345 -2.27792 0 0 0 0.760442 0 0 0 0.760442 0 0 0 0 
0 0 0 0 0.252345 0 0 0 0 0 0 0 0 0 0 0 0.252345 0 0 0 -2.02557 0.506961 0.506961 0 0 0 0 0 0.506961 0 0 0 
0 0 0 0 0 0.252345 0 0 0 0 0 0 0 0 0 0 0 0.252345 0 0 0.252345 -2.27792 0 0.760442 0 0 0 0 0 0.760442 0 0 
0 0 0 0 0 0 0.252345 0 0 0 0 0 0 0 0 0 0 0 0.252345 0 0.252345 0 -2.27792 0.760442 0 0 0 0 0 0 0.760442 0 
0 0 0 0 0 0 0 0.252345 0 0 0 0 0 0 0 0 0 0 0 0.252345 0 0.252345 0.252345 -2.0233 0 0 0 0 0 0 0 1.01392 
0 0 0 0 0 0 0 0 0.252345 0 0 0 0 0 0 0 0.252345 0 0 0 0 0 0 0 -2.02557 0.506961 0.506961 0 0.506961 0 0 0 
0 0 0 0 0 0 0 0 0 0.252345 0 0 0 0 0 0 0 0.252345 0 0 0 0 0 0 0.252345 -2.27792 0 0.760442 0 0.760442 0 0 
0 0 0 0 0 0 0 0 0 0 0.252345 0 0 0 0 0 0 0 0.252345 0 0 0 0 0 0.252345 0 -2.27792 0.760442 0 0 0.760442 0 
0 0 0 0 0 0 0 0 0 0 0 0.252345 0 0 0 0 0 0 0 0.252345 0 0 0 0 0 0.252345 0.252345 -2.0233 0 0 0 1.01392 
0 0 0 0 0 0 0 0 0 0 0 0 0.252345 0 0 0 0 0 0 0 0.252345 0 0 0 0.252345 0 0 0 -2.27792 0.760442 0.760442 0 
0 0 0 0 0 0 0 0 0 0 0 0 0 0.252345 0 0 0 0 0 0 0 0.252345 0 0 0 0.252345 0 0 0.252345 -2.0233 0 1.01392 
0 0 0 0 0 0 0 0 0 0 0 0 0 0 0.252345 0 0 0 0 0 0 0 0.252345 0 0 0 0.252345 0 0.252345 0 -2.0233 1.01392 
0 0 0 0 0 0 0 0 0 0 0 0 0 0 0 0.252345 0 0 0 0 0 0 0 0.252345 0 0 0 0.252345 0 0.252345 0.252345 -1.26173 
