32
-0 0 0 0 0 0 0 0 0 0 0 0 0 0 0 0 0 0 0 0 0 0 0 0 0 0 0 0 0 0 0 0 
0.549536 -2.79012 0 0.560147 0 0.560147 0 0 0 0.560147 0 0 0 0 0 0 0 0.560147 0 0 0 0 0 0 0 0 0 0 0 0 0 0 
0.549536 0 -2.79012 0.560147 0 0 0.560147 0 0 0 0.560147 0 0 0 0 0 0 0 0.560147 0 0 0 0 0 0 0 0 0 0 0 0 0 
0 0.549536 0.549536 -4.45995 0 0 0 1.12029 0 0 0 1.12029 0 0 0 0 0 0 0 1.12029 0 0 0 0 0 0 0 0 0 0 0 0 
0.549536 0 0 0 -2.79012 0.560147 0.560147 0 0 0 0 0 0.560147 0 0 0 0 0 0 0 0.560147 0 0 0 0 0 0 0 0 0 0 0 
0 0.549536 0 0 0.549536 -4.45995 0 1.12029 0 0 0 0 0 1.12029 0 0 0 0 0 0 0 1.12029 0 0 0 0 0 0 0 0 0 0 
0 0 0.549536 0 0.549536 0 -4.45995 1.12029 0 0 0 0 0 0 1.12029 0 0 0 0 0 0 0 1.12029 0 0 0 0 0 0 0 0 0 
0 0 0 0.549536 0 0.549536 0.549536 -5.00949 0 0 0 0 0 0 0 1.68044 0 0 0 0 0 0 0 1.68044 0 0 0 0 0 0 0 0 
0.549536 0 0 0 0 0 0 0 -2.79012 0.560147 0.560147 0 0.560147 0 0 0 0 0 0 0 0 0 0 0 0.560147 0 0 0 0 0 0 0 
0 0.549536 0 0 0 0 0 0 0.549536 -4.45995 0 1.12029 0 1.12029 0 0 0 0 0 0 0 0 0 0 0 1.12029 0 0 0 0 0 0 
0 0 0.549536 0 0 0 0 0 0.549536 0 -4.45995 1.12029 0 0 1.12029 0 0 0 0 0 0 0 0 0 0 0 1.12029 0 0 0 0 0 
0 0 0 0.549536 0 0 0 0 0 0.549536 0.549536 -5.00949 0 0 0 1.68044 0 0 0 0 0 0 0 0 0 0 0 1.68044 0 0 0 0 
0 0 0 0 0.549536 0 0 0 0.549536 0 0 0 -4.45995 1.12029 1.12029 0 0 0 0 0 0 0 0 0 0 0 0 0 1.12029 0 0 0 
0 0 0 0 0 0.549536 0 0 0 0.549536 0 0 0.549536 -5.00949 0 1.68044 0 0 0 0 0 0 0 0 0 0 0 0 0 1.68044 0 0 
0 0 0 0 0 0 0.549536 0 0 0 0.549536 0 0.549536 0 -5.00949 1.68044 0 0 0 0 0 0 0 0 0 0 0 0 0 0 1.68044 0 
0 0 0 0 0 0 0 0.549536 0 0 0 0.549536 0 0.549536 0.549536 -4.43873 0 0 0 0 0 0 0 0 0 0 0 0 0 0 0 2.24059 
0.549536 0 0 0 0 0 0 0 0 0 0 0 0 0 0 0 -2.79012 0.560147 0.560147 0 0.560147 0 0 0 0.560147 0 0 0 0 0 0 0 
0 0.549536 0 0 0 0 0 0 0 0 0 0 0 0 0 0 0.549536 -4.45995 0 1.12029 0 1.12029 0 0 0 1.12029 0 0 0 0 0 0 
0 0 0.549536 0 0 0 0 0 0 0 0 0 0 0 0 0 0.549536 0 -4.45995 1.12029 0 0 1.12029 0 0 0 1.12029 0 0 0 0 0 
0 0 0 0.549536 0 0 0 0 0 0 0 0 0 0 0 0 0 0.549536 0.549536 -5.00949 0 0 0 1.68044 0 0 0 1.68044 0 0 0 0 
0 0 0 0 0.549536 0 0 0 0 0 0 0 0 0 0 0 0.549536 0 0 0 -4.45995 1.12029 1.12029 0 0 0 0 0 1.12029 0 0 0 
0 0 0 0 0 0.549536 0 0 0 0 0 0 0 0 0 0 0 0.549536 0 0 0.549536 -5.00949 0 1.68044 0 0 0 0 0 1.68044 0 0 
0 0 0 0 0 0 0.549536 0 0 0 0 0 0 0 0 0 0 0 0.549536 0 0.549536 0 -5.00949 1.68044 0 0 0 0 0 0 1.68044 0 
0 0 0 0 0 0 0 0.549536 0 0 0 0 0 0 0 0 0 0 0 0.549536 0 0.549536 0.549536 -4.43873 0 0 0 0 0 0 0 2.24059 
0 0 0 0 0 0 0 0 0.549536 0 0 0 0 0 0 0 0.549536 0 0 0 0 0 0 0 -4.45995 1.12029 1.12029 0 1.12029 0 0 0 
0 0 0 0 0 0 0 0 0 0.549536 0 0 0 0 0 0 0 0.549536 0 0 0 0 0 0 0.549536 -5.00949 0 1.68044 0 1.68044 0 0 
0 0 0 0 0 0 0 0 0 0 0.549536 0 0 0 0 0 0 0 0.549536 0 0 0 0 0 0.549536 0 -5.00949 1.68044 0 0 1.68044 0 
0 0 0 0 0 0 0 0 0 0 0 0.549536 0 0 0 0 0 0 0 0.549536 0 0 0 0 0 0.549536 0.549536 -4.43873 0 0 0 2.24059 
0 0 0 0 0 0 0 0 0 0 0 0 0.549536 0 0 0 0 0 0 0 0.549536 0 0 0 0.549536 0 0 0 -5.00949 1.68044 1.68044 0 
0 0 0 0 0 0 0 0 0 0 0 0 0 0.549536 0 0 0 0 0 0 0 0.549536 0 0 0 0.549536 0 0 0.549536 -4.43873 0 2.24059 
0 0 0 0 0 0 0 0 0 0 0 0 0 0 0.549536 0 0 0 0 0 0 0 0.549536 0 0 0 0.549536 0 0.549536 0 -4.43873 2.24059 
0 0 0 0 0 0 0 0 0 0 0 0 0 0 0 0.549536 0 0 0 0 0 0 0 0.549536 0 0 0 0.549536 0 0.549536 0.549536 -2.74768 
