32
-0 0 0 0 0 0 0 0 0 0 0 0 0 0 0 0 0 0 0 0 0 0 0 0 0 0 0 0 0 0 0 0 
0.265778 -1.38866 0 0.28072 0 0.28072 0 0 0 0.28072 0 0 0 0 0 0 0 0.28072 0 0 0 0 0 0 0 0 0 0 0 0 0 0 
0.265778 0 -1.38866 0.28072 0 0 0.28072 0 0 0 0.28072 0 0 0 0 0 0 0 0.28072 0 0 0 0 0 0 0 0 0 0 0 0 0 
0 0.265778 0.265778 -2.21588 0 0 0 0.56144 0 0 0 0.56144 0 0 0 0 0 0 0 0.56144 0 0 0 0 0 0 0 0 0 0 0 0 
0.265778 0 0 0 -1.38866 0.28072 0.28072 0 0 0 0 0 0.28072 0 0 0 0 0 0 0 0.28072 0 0 0 0 0 0 0 0 0 0 0 
0 0.265778 0 0 0.265778 -2.21588 0 0.56144 0 0 0 0 0 0.56144 0 0 0 0 0 0 0 0.56144 0 0 0 0 0 0 0 0 0 0 
0 0 0.265778 0 0.265778 0 -2.21588 0.56144 0 0 0 0 0 0 0.56144 0 0 0 0 0 0 0 0.56144 0 0 0 0 0 0 0 0 0 
0 0 0 0.265778 0 0.265778 0.265778 -2.48165 0 0 0 0 0 0 0 0.842161 0 0 0 0 0 0 0 0.842161 0 0 0 0 0 0 0 0 
0.265778 0 0 0 0 0 0 0 -1.38866 0.28072 0.28072 0 0.28072 0 0 0 0 0 0 0 0 0 0 0 0.28072 0 0 0 0 0 0 0 
0 0.265778 0 0 0 0 0 0 0.265778 -2.21588 0 0.56144 0 0.56144 0 0 0 0 0 0 0 0 0 0 0 0.56144 0 0 0 0 0 0 
0 0 0.265778 0 0 0 0 0 0.265778 0 -2.21588 0.56144 0 0 0.56144 0 0 0 0 0 0 0 0 0 0 0 0.56144 0 0 0 0 0 
0 0 0 0.265778 0 0 0 0 0 0.265778 0.265778 -2.48165 0 0 0 0.842161 0 0 0 0 0 0 0 0 0 0 0 0.842161 0 0 0 0 
0 0 0 0 0.265778 0 0 0 0.265778 0 0 0 -2.21588 0.56144 0.56144 0 0 0 0 0 0 0 0 0 0 0 0 0 0.56144 0 0 0 
0 0 0 0 0 0.265778 0 0 0 0.265778 0 0 0.265778 -2.48165 0 0.842161 0 0 0 0 0 0 0 0 0 0 0 0 0 0.842161 0 0 
0 0 0 0 0 0 0.265778 0 0 0 0.265778 0 0.265778 0 -2.48165 0.842161 0 0 0 0 0 0 0 0 0 0 0 0 0 0 0.842161 0 
0 0 0 0 0 0 0 0.265778 0 0 0 0.265778 0 0.265778 0.265778 -2.18599 0 0 0 0 0 0 0 0 0 0 0 0 0 0 0 1.12288 
0.265778 0 0 0 0 0 0 0 0 0 0 0 0 0 0 0 -1.38866 0.28072 0.28072 0 0.28072 0 0 0 0.28072 0 0 0 0 0 0 0 
0 0.265778 0 0 0 0 0 0 0 0 0 0 0 0 0 0 0.265778 -2.21588 0 0.56144 0 0.56144 0 0 0 0.56144 0 0 0 0 0 0 
0 0 0.265778 0 0 0 0 0 0 0 0 0 0 0 0 0 0.265778 0 -2.21588 0.56144 0 0 0.56144 0 0 0 0.56144 0 0 0 0 0 
0 0 0 0.265778 0 0 0 0 0 0 0 0 0 0 0 0 0 0.265778 0.265778 -2.48165 0 0 0 0.842161 0 0 0 0.842161 0 0 0 0 
0 0 0 0 0.265778 0 0 0 0 0 0 0 0 0 0 0 0.265778 0 0 0 -2.21588 0.56144 0.56144 0 0 0 0 0 0.56144 0 0 0 
0 0 0 0 0 0.265778 0 0 0 0 0 0 0 0 0 0 0 0.265778 0 0 0.265778 -2.48165 0 0.842161 0 0 0 0 0 0.842161 0 0 
0 0 0 0 0 0 0.265778 0 0 0 0 0 0 0 0 0 0 0 0.265778 0 0.265778 0 -2.48165 0.842161 0 0 0 0 0 0 0.842161 0 
0 0 0 0 0 0 0 0.265778 0 0 0 0 0 0 0 0 0 0 0 0.265778 0 0.265778 0.265778 -2.18599 0 0 0 0 0 0 0 1.12288 
0 0 0 0 0 0 0 0 0.265778 0 0 0 0 0 0 0 0.265778 0 0 0 0 0 0 0 -2.21588 0.56144 0.56144 0 0.56144 0 0 0 
0 0 0 0 0 0 0 0 0 0.265778 0 0 0 0 0 0 0 0.265778 0 0 0 0 0 0 0.265778 -2.48165 0 0.842161 0 0.842161 0 0 
0 0 0 0 0 0 0 0 0 0 0.265778 0 0 0 0 0 0 0 0.265778 0 0 0 0 0 0.265778 0 -2.48165 0.842161 0 0 0.842161 0 
0 0 0 0 0 0 0 0 0 0 0 0.265778 0 0 0 0 0 0 0 0.265778 0 0 0 0 0 0.265778 0.265778 -2.18599 0 0 0 1.12288 
0 0 0 0 0 0 0 0 0 0 0 0 0.265778 0 0 0 0 0 0 0 0.265778 0 0 0 0.265778 0 0 0 -2.48165 0.842161 0.842161 0 
0 0 0 0 0 0 0 0 0 0 0 0 0 0.265778 0 0 0 0 0 0 0 0.265778 0 0 0 0.265778 0 0 0.265778 -2.18599 0 1.12288 
0 0 0 0 0 0 0 0 0 0 0 0 0 0 0.265778 0 0 0 0 0 0 0 0.265778 0 0 0 0.265778 0 0.265778 0 -2.18599 1.12288 
0 0 0 0 0 0 0 0 0 0 0 0 0 0 0 0.265778 0 0 0 0 0 0 0 0.265778 0 0 0 0.265778 0 0.265778 0.265778 -1.32889 
