32
-0 0 0 0 0 0 0 0 0 0 0 0 0 0 0 0 0 0 0 0 0 0 0 0 0 0 0 0 0 0 0 0 
0.10223 -0.865773 0 0.190886 0 0.190886 0 0 0 0.190886 0 0 0 0 0 0 0 0.190886 0 0 0 0 0 0 0 0 0 0 0 0 0 0 
0.10223 0 -0.865773 0.190886 0 0 0.190886 0 0 0 0.190886 0 0 0 0 0 0 0 0.190886 0 0 0 0 0 0 0 0 0 0 0 0 0 
0 0.10223 0.10223 -1.34978 0 0 0 0.381772 0 0 0 0.381772 0 0 0 0 0 0 0 0.381772 0 0 0 0 0 0 0 0 0 0 0 0 
0.10223 0 0 0 -0.865773 0.190886 0.190886 0 0 0 0 0 0.190886 0 0 0 0 0 0 0 0.190886 0 0 0 0 0 0 0 0 0 0 0 
0 0.10223 0 0 0.10223 -1.34978 0 0.381772 0 0 0 0 0 0.381772 0 0 0 0 0 0 0 0.381772 0 0 0 0 0 0 0 0 0 0 
0 0 0.10223 0 0.10223 0 -1.34978 0.381772 0 0 0 0 0 0 0.381772 0 0 0 0 0 0 0 0.381772 0 0 0 0 0 0 0 0 0 
0 0 0 0.10223 0 0.10223 0.10223 -1.45201 0 0 0 0 0 0 0 0.572657 0 0 0 0 0 0 0 0.572657 0 0 0 0 0 0 0 0 
0.10223 0 0 0 0 0 0 0 -0.865773 0.190886 0.190886 0 0.190886 0 0 0 0 0 0 0 0 0 0 0 0.190886 0 0 0 0 0 0 0 
0 0.10223 0 0 0 0 0 0 0.10223 -1.34978 0 0.381772 0 0.381772 0 0 0 0 0 0 0 0 0 0 0 0.381772 0 0 0 0 0 0 
0 0 0.10223 0 0 0 0 0 0.10223 0 -1.34978 0.381772 0 0 0.381772 0 0 0 0 0 0 0 0 0 0 0 0.381772 0 0 0 0 0 
0 0 0 0.10223 0 0 0 0 0 0.10223 0.10223 -1.45201 0 0 0 0.572657 0 0 0 0 0 0 0 0 0 0 0 0.572657 0 0 0 0 
0 0 0 0 0.10223 0 0 0 0.10223 0 0 0 -1.34978 0.381772 0.381772 0 0 0 0 0 0 0 0 0 0 0 0 0 0.381772 0 0 0 
0 0 0 0 0 0.10223 0 0 0 0.10223 0 0 0.10223 -1.45201 0 0.572657 0 0 0 0 0 0 0 0 0 0 0 0 0 0.572657 0 0 
0 0 0 0 0 0 0.10223 0 0 0 0.10223 0 0.10223 0 -1.45201 0.572657 0 0 0 0 0 0 0 0 0 0 0 0 0 0 0.572657 0 
0 0 0 0 0 0 0 0.10223 0 0 0 0.10223 0 0.10223 0.10223 -1.17246 0 0 0 0 0 0 0 0 0 0 0 0 0 0 0 0.763543 
0.10223 0 0 0 0 0 0 0 0 0 0 0 0 0 0 0 -0.865773 0.190886 0.190886 0 0.190886 0 0 0 0.190886 0 0 0 0 0 0 0 
0 0.10223 0 0 0 0 0 0 0 0 0 0 0 0 0 0 0.10223 -1.34978 0 0.381772 0 0.381772 0 0 0 0.381772 0 0 0 0 0 0 
0 0 0.10223 0 0 0 0 0 0 0 0 0 0 0 0 0 0.10223 0 -1.34978 0.381772 0 0 0.381772 0 0 0 0.381772 0 0 0 0 0 
0 0 0 0.10223 0 0 0 0 0 0 0 0 0 0 0 0 0 0.10223 0.10223 -1.45201 0 0 0 0.572657 0 0 0 0.572657 0 0 0 0 
0 0 0 0 0.10223 0 0 0 0 0 0 0 0 0 0 0 0.10223 0 0 0 -1.34978 0.381772 0.381772 0 0 0 0 0 0.381772 0 0 0 
0 0 0 0 0 0.10223 0 0 0 0 0 0 0 0 0 0 0 0.10223 0 0 0.10223 -1.45201 0 0.572657 0 0 0 0 0 0.572657 0 0 
0 0 0 0 0 0 0.10223 0 0 0 0 0 0 0 0 0 0 0 0.10223 0 0.10223 0 -1.45201 0.572657 0 0 0 0 0 0 0.572657 0 
0 0 0 0 0 0 0 0.10223 0 0 0 0 0 0 0 0 0 0 0 0.10223 0 0.10223 0.10223 -1.17246 0 0 0 0 0 0 0 0.763543 
0 0 0 0 0 0 0 0 0.10223 0 0 0 0 0 0 0 0.10223 0 0 0 0 0 0 0 -1.34978 0.381772 0.381772 0 0.381772 0 0 0 
0 0 0 0 0 0 0 0 0 0.10223 0 0 0 0 0 0 0 0.10223 0 0 0 0 0 0 0.10223 -1.45201 0 0.572657 0 0.572657 0 0 
0 0 0 0 0 0 0 0 0 0 0.10223 0 0 0 0 0 0 0 0.10223 0 0 0 0 0 0.10223 0 -1.45201 0.572657 0 0 0.572657 0 
0 0 0 0 0 0 0 0 0 0 0 0.10223 0 0 0 0 0 0 0 0.10223 0 0 0 0 0 0.10223 0.10223 -1.17246 0 0 0 0.763543 
0 0 0 0 0 0 0 0 0 0 0 0 0.10223 0 0 0 0 0 0 0 0.10223 0 0 0 0.10223 0 0 0 -1.45201 0.572657 0.572657 0 
0 0 0 0 0 0 0 0 0 0 0 0 0 0.10223 0 0 0 0 0 0 0 0.10223 0 0 0 0.10223 0 0 0.10223 -1.17246 0 0.763543 
0 0 0 0 0 0 0 0 0 0 0 0 0 0 0.10223 0 0 0 0 0 0 0 0.10223 0 0 0 0.10223 0 0.10223 0 -1.17246 0.763543 
0 0 0 0 0 0 0 0 0 0 0 0 0 0 0 0.10223 0 0 0 0 0 0 0 0.10223 0 0 0 0.10223 0 0.10223 0.10223 -0.511151 
