32
-0 0 0 0 0 0 0 0 0 0 0 0 0 0 0 0 0 0 0 0 0 0 0 0 0 0 0 0 0 0 0 0 
0.484608 -2.6354 0 0.537697 0 0.537697 0 0 0 0.537697 0 0 0 0 0 0 0 0.537697 0 0 0 0 0 0 0 0 0 0 0 0 0 0 
0.484608 0 -2.6354 0.537697 0 0 0.537697 0 0 0 0.537697 0 0 0 0 0 0 0 0.537697 0 0 0 0 0 0 0 0 0 0 0 0 0 
0 0.484608 0.484608 -4.1954 0 0 0 1.07539 0 0 0 1.07539 0 0 0 0 0 0 0 1.07539 0 0 0 0 0 0 0 0 0 0 0 0 
0.484608 0 0 0 -2.6354 0.537697 0.537697 0 0 0 0 0 0.537697 0 0 0 0 0 0 0 0.537697 0 0 0 0 0 0 0 0 0 0 0 
0 0.484608 0 0 0.484608 -4.1954 0 1.07539 0 0 0 0 0 1.07539 0 0 0 0 0 0 0 1.07539 0 0 0 0 0 0 0 0 0 0 
0 0 0.484608 0 0.484608 0 -4.1954 1.07539 0 0 0 0 0 0 1.07539 0 0 0 0 0 0 0 1.07539 0 0 0 0 0 0 0 0 0 
0 0 0 0.484608 0 0.484608 0.484608 -4.68001 0 0 0 0 0 0 0 1.61309 0 0 0 0 0 0 0 1.61309 0 0 0 0 0 0 0 0 
0.484608 0 0 0 0 0 0 0 -2.6354 0.537697 0.537697 0 0.537697 0 0 0 0 0 0 0 0 0 0 0 0.537697 0 0 0 0 0 0 0 
0 0.484608 0 0 0 0 0 0 0.484608 -4.1954 0 1.07539 0 1.07539 0 0 0 0 0 0 0 0 0 0 0 1.07539 0 0 0 0 0 0 
0 0 0.484608 0 0 0 0 0 0.484608 0 -4.1954 1.07539 0 0 1.07539 0 0 0 0 0 0 0 0 0 0 0 1.07539 0 0 0 0 0 
0 0 0 0.484608 0 0 0 0 0 0.484608 0.484608 -4.68001 0 0 0 1.61309 0 0 0 0 0 0 0 0 0 0 0 1.61309 0 0 0 0 
0 0 0 0 0.484608 0 0 0 0.484608 0 0 0 -4.1954 1.07539 1.07539 0 0 0 0 0 0 0 0 0 0 0 0 0 1.07539 0 0 0 
0 0 0 0 0 0.484608 0 0 0 0.484608 0 0 0.484608 -4.68001 0 1.61309 0 0 0 0 0 0 0 0 0 0 0 0 0 1.61309 0 0 
0 0 0 0 0 0 0.484608 0 0 0 0.484608 0 0.484608 0 -4.68001 1.61309 0 0 0 0 0 0 0 0 0 0 0 0 0 0 1.61309 0 
0 0 0 0 0 0 0 0.484608 0 0 0 0.484608 0 0.484608 0.484608 -4.08922 0 0 0 0 0 0 0 0 0 0 0 0 0 0 0 2.15079 
0.484608 0 0 0 0 0 0 0 0 0 0 0 0 0 0 0 -2.6354 0.537697 0.537697 0 0.537697 0 0 0 0.537697 0 0 0 0 0 0 0 
0 0.484608 0 0 0 0 0 0 0 0 0 0 0 0 0 0 0.484608 -4.1954 0 1.07539 0 1.07539 0 0 0 1.07539 0 0 0 0 0 0 
0 0 0.484608 0 0 0 0 0 0 0 0 0 0 0 0 0 0.484608 0 -4.1954 1.07539 0 0 1.07539 0 0 0 1.07539 0 0 0 0 0 
0 0 0 0.484608 0 0 0 0 0 0 0 0 0 0 0 0 0 0.484608 0.484608 -4.68001 0 0 0 1.61309 0 0 0 1.61309 0 0 0 0 
0 0 0 0 0.484608 0 0 0 0 0 0 0 0 0 0 0 0.484608 0 0 0 -4.1954 1.07539 1.07539 0 0 0 0 0 1.07539 0 0 0 
0 0 0 0 0 0.484608 0 0 0 0 0 0 0 0 0 0 0 0.484608 0 0 0.484608 -4.68001 0 1.61309 0 0 0 0 0 1.61309 0 0 
0 0 0 0 0 0 0.484608 0 0 0 0 0 0 0 0 0 0 0 0.484608 0 0.484608 0 -4.68001 1.61309 0 0 0 0 0 0 1.61309 0 
0 0 0 0 0 0 0 0.484608 0 0 0 0 0 0 0 0 0 0 0 0.484608 0 0.484608 0.484608 -4.08922 0 0 0 0 0 0 0 2.15079 
0 0 0 0 0 0 0 0 0.484608 0 0 0 0 0 0 0 0.484608 0 0 0 0 0 0 0 -4.1954 1.07539 1.07539 0 1.07539 0 0 0 
0 0 0 0 0 0 0 0 0 0.484608 0 0 0 0 0 0 0 0.484608 0 0 0 0 0 0 0.484608 -4.68001 0 1.61309 0 1.61309 0 0 
0 0 0 0 0 0 0 0 0 0 0.484608 0 0 0 0 0 0 0 0.484608 0 0 0 0 0 0.484608 0 -4.68001 1.61309 0 0 1.61309 0 
0 0 0 0 0 0 0 0 0 0 0 0.484608 0 0 0 0 0 0 0 0.484608 0 0 0 0 0 0.484608 0.484608 -4.08922 0 0 0 2.15079 
0 0 0 0 0 0 0 0 0 0 0 0 0.484608 0 0 0 0 0 0 0 0.484608 0 0 0 0.484608 0 0 0 -4.68001 1.61309 1.61309 0 
0 0 0 0 0 0 0 0 0 0 0 0 0 0.484608 0 0 0 0 0 0 0 0.484608 0 0 0 0.484608 0 0 0.484608 -4.08922 0 2.15079 
0 0 0 0 0 0 0 0 0 0 0 0 0 0 0.484608 0 0 0 0 0 0 0 0.484608 0 0 0 0.484608 0 0.484608 0 -4.08922 2.15079 
0 0 0 0 0 0 0 0 0 0 0 0 0 0 0 0.484608 0 0 0 0 0 0 0 0.484608 0 0 0 0.484608 0 0.484608 0.484608 -2.42304 
