64
-0 0 0 0 0 0 0 0 0 0 0 0 0 0 0 0 0 0 0 0 0 0 0 0 0 0 0 0 0 0 0 0 0 0 0 0 0 0 0 0 0 0 0 0 0 0 0 0 0 0 0 0 0 0 0 0 0 0 0 0 0 0 0 0 
0.413466 -2.21222 0 0.35975 0 0.35975 0 0 0 0.35975 0 0 0 0 0 0 0 0.35975 0 0 0 0 0 0 0 0 0 0 0 0 0 0 0 0.35975 0 0 0 0 0 0 0 0 0 0 0 0 0 0 0 0 0 0 0 0 0 0 0 0 0 0 0 0 0 0 
0.413466 0 -2.21222 0.35975 0 0 0.35975 0 0 0 0.35975 0 0 0 0 0 0 0 0.35975 0 0 0 0 0 0 0 0 0 0 0 0 0 0 0 0.35975 0 0 0 0 0 0 0 0 0 0 0 0 0 0 0 0 0 0 0 0 0 0 0 0 0 0 0 0 0 
0 0.413466 0.413466 -3.70494 0 0 0 0.719501 0 0 0 0.719501 0 0 0 0 0 0 0 0.719501 0 0 0 0 0 0 0 0 0 0 0 0 0 0 0 0.719501 0 0 0 0 0 0 0 0 0 0 0 0 0 0 0 0 0 0 0 0 0 0 0 0 0 0 0 0 
0.413466 0 0 0 -2.21222 0.35975 0.35975 0 0 0 0 0 0.35975 0 0 0 0 0 0 0 0.35975 0 0 0 0 0 0 0 0 0 0 0 0 0 0 0 0.35975 0 0 0 0 0 0 0 0 0 0 0 0 0 0 0 0 0 0 0 0 0 0 0 0 0 0 0 
0 0.413466 0 0 0.413466 -3.70494 0 0.719501 0 0 0 0 0 0.719501 0 0 0 0 0 0 0 0.719501 0 0 0 0 0 0 0 0 0 0 0 0 0 0 0 0.719501 0 0 0 0 0 0 0 0 0 0 0 0 0 0 0 0 0 0 0 0 0 0 0 0 0 0 
0 0 0.413466 0 0.413466 0 -3.70494 0.719501 0 0 0 0 0 0 0.719501 0 0 0 0 0 0 0 0.719501 0 0 0 0 0 0 0 0 0 0 0 0 0 0 0 0.719501 0 0 0 0 0 0 0 0 0 0 0 0 0 0 0 0 0 0 0 0 0 0 0 0 0 
0 0 0 0.413466 0 0.413466 0.413466 -4.47815 0 0 0 0 0 0 0 1.07925 0 0 0 0 0 0 0 1.07925 0 0 0 0 0 0 0 0 0 0 0 0 0 0 0 1.07925 0 0 0 0 0 0 0 0 0 0 0 0 0 0 0 0 0 0 0 0 0 0 0 0 
0.413466 0 0 0 0 0 0 0 -2.21222 0.35975 0.35975 0 0.35975 0 0 0 0 0 0 0 0 0 0 0 0.35975 0 0 0 0 0 0 0 0 0 0 0 0 0 0 0 0.35975 0 0 0 0 0 0 0 0 0 0 0 0 0 0 0 0 0 0 0 0 0 0 0 
0 0.413466 0 0 0 0 0 0 0.413466 -3.70494 0 0.719501 0 0.719501 0 0 0 0 0 0 0 0 0 0 0 0.719501 0 0 0 0 0 0 0 0 0 0 0 0 0 0 0 0.719501 0 0 0 0 0 0 0 0 0 0 0 0 0 0 0 0 0 0 0 0 0 0 
0 0 0.413466 0 0 0 0 0 0.413466 0 -3.70494 0.719501 0 0 0.719501 0 0 0 0 0 0 0 0 0 0 0 0.719501 0 0 0 0 0 0 0 0 0 0 0 0 0 0 0 0.719501 0 0 0 0 0 0 0 0 0 0 0 0 0 0 0 0 0 0 0 0 0 
0 0 0 0.413466 0 0 0 0 0 0.413466 0.413466 -4.47815 0 0 0 1.07925 0 0 0 0 0 0 0 0 0 0 0 1.07925 0 0 0 0 0 0 0 0 0 0 0 0 0 0 0 1.07925 0 0 0 0 0 0 0 0 0 0 0 0 0 0 0 0 0 0 0 0 
0 0 0 0 0.413466 0 0 0 0.413466 0 0 0 -3.70494 0.719501 0.719501 0 0 0 0 0 0 0 0 0 0 0 0 0 0.719501 0 0 0 0 0 0 0 0 0 0 0 0 0 0 0 0.719501 0 0 0 0 0 0 0 0 0 0 0 0 0 0 0 0 0 0 0 
0 0 0 0 0 0.413466 0 0 0 0.413466 0 0 0.413466 -4.47815 0 1.07925 0 0 0 0 0 0 0 0 0 0 0 0 0 1.07925 0 0 0 0 0 0 0 0 0 0 0 0 0 0 0 1.07925 0 0 0 0 0 0 0 0 0 0 0 0 0 0 0 0 0 0 
0 0 0 0 0 0 0.413466 0 0 0 0.413466 0 0.413466 0 -4.47815 1.07925 0 0 0 0 0 0 0 0 0 0 0 0 0 0 1.07925 0 0 0 0 0 0 0 0 0 0 0 0 0 0 0 1.07925 0 0 0 0 0 0 0 0 0 0 0 0 0 0 0 0 0 
0 0 0 0 0 0 0 0.413466 0 0 0 0.413466 0 0.413466 0.413466 -4.53187 0 0 0 0 0 0 0 0 0 0 0 0 0 0 0 1.439 0 0 0 0 0 0 0 0 0 0 0 0 0 0 0 1.439 0 0 0 0 0 0 0 0 0 0 0 0 0 0 0 0 
0.413466 0 0 0 0 0 0 0 0 0 0 0 0 0 0 0 -2.21222 0.35975 0.35975 0 0.35975 0 0 0 0.35975 0 0 0 0 0 0 0 0 0 0 0 0 0 0 0 0 0 0 0 0 0 0 0 0.35975 0 0 0 0 0 0 0 0 0 0 0 0 0 0 0 
0 0.413466 0 0 0 0 0 0 0 0 0 0 0 0 0 0 0.413466 -3.70494 0 0.719501 0 0.719501 0 0 0 0.719501 0 0 0 0 0 0 0 0 0 0 0 0 0 0 0 0 0 0 0 0 0 0 0 0.719501 0 0 0 0 0 0 0 0 0 0 0 0 0 0 
0 0 0.413466 0 0 0 0 0 0 0 0 0 0 0 0 0 0.413466 0 -3.70494 0.719501 0 0 0.719501 0 0 0 0.719501 0 0 0 0 0 0 0 0 0 0 0 0 0 0 0 0 0 0 0 0 0 0 0 0.719501 0 0 0 0 0 0 0 0 0 0 0 0 0 
0 0 0 0.413466 0 0 0 0 0 0 0 0 0 0 0 0 0 0.413466 0.413466 -4.47815 0 0 0 1.07925 0 0 0 1.07925 0 0 0 0 0 0 0 0 0 0 0 0 0 0 0 0 0 0 0 0 0 0 0 1.07925 0 0 0 0 0 0 0 0 0 0 0 0 
0 0 0 0 0.413466 0 0 0 0 0 0 0 0 0 0 0 0.413466 0 0 0 -3.70494 0.719501 0.719501 0 0 0 0 0 0.719501 0 0 0 0 0 0 0 0 0 0 0 0 0 0 0 0 0 0 0 0 0 0 0 0.719501 0 0 0 0 0 0 0 0 0 0 0 
0 0 0 0 0 0.413466 0 0 0 0 0 0 0 0 0 0 0 0.413466 0 0 0.413466 -4.47815 0 1.07925 0 0 0 0 0 1.07925 0 0 0 0 0 0 0 0 0 0 0 0 0 0 0 0 0 0 0 0 0 0 0 1.07925 0 0 0 0 0 0 0 0 0 0 
0 0 0 0 0 0 0.413466 0 0 0 0 0 0 0 0 0 0 0 0.413466 0 0.413466 0 -4.47815 1.07925 0 0 0 0 0 0 1.07925 0 0 0 0 0 0 0 0 0 0 0 0 0 0 0 0 0 0 0 0 0 0 0 1.07925 0 0 0 0 0 0 0 0 0 
0 0 0 0 0 0 0 0.413466 0 0 0 0 0 0 0 0 0 0 0 0.413466 0 0.413466 0.413466 -4.53187 0 0 0 0 0 0 0 1.439 0 0 0 0 0 0 0 0 0 0 0 0 0 0 0 0 0 0 0 0 0 0 0 1.439 0 0 0 0 0 0 0 0 
0 0 0 0 0 0 0 0 0.413466 0 0 0 0 0 0 0 0.413466 0 0 0 0 0 0 0 -3.70494 0.719501 0.719501 0 0.719501 0 0 0 0 0 0 0 0 0 0 0 0 0 0 0 0 0 0 0 0 0 0 0 0 0 0 0 0.719501 0 0 0 0 0 0 0 
0 0 0 0 0 0 0 0 0 0.413466 0 0 0 0 0 0 0 0.413466 0 0 0 0 0 0 0.413466 -4.47815 0 1.07925 0 1.07925 0 0 0 0 0 0 0 0 0 0 0 0 0 0 0 0 0 0 0 0 0 0 0 0 0 0 0 1.07925 0 0 0 0 0 0 
0 0 0 0 0 0 0 0 0 0 0.413466 0 0 0 0 0 0 0 0.413466 0 0 0 0 0 0.413466 0 -4.47815 1.07925 0 0 1.07925 0 0 0 0 0 0 0 0 0 0 0 0 0 0 0 0 0 0 0 0 0 0 0 0 0 0 0 1.07925 0 0 0 0 0 
0 0 0 0 0 0 0 0 0 0 0 0.413466 0 0 0 0 0 0 0 0.413466 0 0 0 0 0 0.413466 0.413466 -4.53187 0 0 0 1.439 0 0 0 0 0 0 0 0 0 0 0 0 0 0 0 0 0 0 0 0 0 0 0 0 0 0 0 1.439 0 0 0 0 
0 0 0 0 0 0 0 0 0 0 0 0 0.413466 0 0 0 0 0 0 0 0.413466 0 0 0 0.413466 0 0 0 -4.47815 1.07925 1.07925 0 0 0 0 0 0 0 0 0 0 0 0 0 0 0 0 0 0 0 0 0 0 0 0 0 0 0 0 0 1.07925 0 0 0 
0 0 0 0 0 0 0 0 0 0 0 0 0 0.413466 0 0 0 0 0 0 0 0.413466 0 0 0 0.413466 0 0 0.413466 -4.53187 0 1.439 0 0 0 0 0 0 0 0 0 0 0 0 0 0 0 0 0 0 0 0 0 0 0 0 0 0 0 0 0 1.439 0 0 
0 0 0 0 0 0 0 0 0 0 0 0 0 0 0.413466 0 0 0 0 0 0 0 0.413466 0 0 0 0.413466 0 0.413466 0 -4.53187 1.439 0 0 0 0 0 0 0 0 0 0 0 0 0 0 0 0 0 0 0 0 0 0 0 0 0 0 0 0 0 0 1.439 0 
0 0 0 0 0 0 0 0 0 0 0 0 0 0 0 0.413466 0 0 0 0 0 0 0 0.413466 0 0 0 0.413466 0 0.413466 0.413466 -3.86608 0 0 0 0 0 0 0 0 0 0 0 0 0 0 0 0 0 0 0 0 0 0 0 0 0 0 0 0 0 0 0 1.79875 
0.413466 0 0 0 0 0 0 0 0 0 0 0 0 0 0 0 0 0 0 0 0 0 0 0 0 0 0 0 0 0 0 0 -2.21222 0.35975 0.35975 0 0.35975 0 0 0 0.35975 0 0 0 0 0 0 0 0.35975 0 0 0 0 0 0 0 0 0 0 0 0 0 0 0 
0 0.413466 0 0 0 0 0 0 0 0 0 0 0 0 0 0 0 0 0 0 0 0 0 0 0 0 0 0 0 0 0 0 0.413466 -3.70494 0 0.719501 0 0.719501 0 0 0 0.719501 0 0 0 0 0 0 0 0.719501 0 0 0 0 0 0 0 0 0 0 0 0 0 0 
0 0 0.413466 0 0 0 0 0 0 0 0 0 0 0 0 0 0 0 0 0 0 0 0 0 0 0 0 0 0 0 0 0 0.413466 0 -3.70494 0.719501 0 0 0.719501 0 0 0 0.719501 0 0 0 0 0 0 0 0.719501 0 0 0 0 0 0 0 0 0 0 0 0 0 
0 0 0 0.413466 0 0 0 0 0 0 0 0 0 0 0 0 0 0 0 0 0 0 0 0 0 0 0 0 0 0 0 0 0 0.413466 0.413466 -4.47815 0 0 0 1.07925 0 0 0 1.07925 0 0 0 0 0 0 0 1.07925 0 0 0 0 0 0 0 0 0 0 0 0 
0 0 0 0 0.413466 0 0 0 0 0 0 0 0 0 0 0 0 0 0 0 0 0 0 0 0 0 0 0 0 0 0 0 0.413466 0 0 0 -3.70494 0.719501 0.719501 0 0 0 0 0 0.719501 0 0 0 0 0 0 0 0.719501 0 0 0 0 0 0 0 0 0 0 0 
0 0 0 0 0 0.413466 0 0 0 0 0 0 0 0 0 0 0 0 0 0 0 0 0 0 0 0 0 0 0 0 0 0 0 0.413466 0 0 0.413466 -4.47815 0 1.07925 0 0 0 0 0 1.07925 0 0 0 0 0 0 0 1.07925 0 0 0 0 0 0 0 0 0 0 
0 0 0 0 0 0 0.413466 0 0 0 0 0 0 0 0 0 0 0 0 0 0 0 0 0 0 0 0 0 0 0 0 0 0 0 0.413466 0 0.413466 0 -4.47815 1.07925 0 0 0 0 0 0 1.07925 0 0 0 0 0 0 0 1.07925 0 0 0 0 0 0 0 0 0 
0 0 0 0 0 0 0 0.413466 0 0 0 0 0 0 0 0 0 0 0 0 0 0 0 0 0 0 0 0 0 0 0 0 0 0 0 0.413466 0 0.413466 0.413466 -4.53187 0 0 0 0 0 0 0 1.439 0 0 0 0 0 0 0 1.439 0 0 0 0 0 0 0 0 
0 0 0 0 0 0 0 0 0.413466 0 0 0 0 0 0 0 0 0 0 0 0 0 0 0 0 0 0 0 0 0 0 0 0.413466 0 0 0 0 0 0 0 -3.70494 0.719501 0.719501 0 0.719501 0 0 0 0 0 0 0 0 0 0 0 0.719501 0 0 0 0 0 0 0 
0 0 0 0 0 0 0 0 0 0.413466 0 0 0 0 0 0 0 0 0 0 0 0 0 0 0 0 0 0 0 0 0 0 0 0.413466 0 0 0 0 0 0 0.413466 -4.47815 0 1.07925 0 1.07925 0 0 0 0 0 0 0 0 0 0 0 1.07925 0 0 0 0 0 0 
0 0 0 0 0 0 0 0 0 0 0.413466 0 0 0 0 0 0 0 0 0 0 0 0 0 0 0 0 0 0 0 0 0 0 0 0.413466 0 0 0 0 0 0.413466 0 -4.47815 1.07925 0 0 1.07925 0 0 0 0 0 0 0 0 0 0 0 1.07925 0 0 0 0 0 
0 0 0 0 0 0 0 0 0 0 0 0.413466 0 0 0 0 0 0 0 0 0 0 0 0 0 0 0 0 0 0 0 0 0 0 0 0.413466 0 0 0 0 0 0.413466 0.413466 -4.53187 0 0 0 1.439 0 0 0 0 0 0 0 0 0 0 0 1.439 0 0 0 0 
0 0 0 0 0 0 0 0 0 0 0 0 0.413466 0 0 0 0 0 0 0 0 0 0 0 0 0 0 0 0 0 0 0 0 0 0 0 0.413466 0 0 0 0.413466 0 0 0 -4.47815 1.07925 1.07925 0 0 0 0 0 0 0 0 0 0 0 0 0 1.07925 0 0 0 
0 0 0 0 0 0 0 0 0 0 0 0 0 0.413466 0 0 0 0 0 0 0 0 0 0 0 0 0 0 0 0 0 0 0 0 0 0 0 0.413466 0 0 0 0.413466 0 0 0.413466 -4.53187 0 1.439 0 0 0 0 0 0 0 0 0 0 0 0 0 1.439 0 0 
0 0 0 0 0 0 0 0 0 0 0 0 0 0 0.413466 0 0 0 0 0 0 0 0 0 0 0 0 0 0 0 0 0 0 0 0 0 0 0 0.413466 0 0 0 0.413466 0 0.413466 0 -4.53187 1.439 0 0 0 0 0 0 0 0 0 0 0 0 0 0 1.439 0 
0 0 0 0 0 0 0 0 0 0 0 0 0 0 0 0.413466 0 0 0 0 0 0 0 0 0 0 0 0 0 0 0 0 0 0 0 0 0 0 0 0.413466 0 0 0 0.413466 0 0.413466 0.413466 -3.86608 0 0 0 0 0 0 0 0 0 0 0 0 0 0 0 1.79875 
0 0 0 0 0 0 0 0 0 0 0 0 0 0 0 0 0.413466 0 0 0 0 0 0 0 0 0 0 0 0 0 0 0 0.413466 0 0 0 0 0 0 0 0 0 0 0 0 0 0 0 -3.70494 0.719501 0.719501 0 0.719501 0 0 0 0.719501 0 0 0 0 0 0 0 
0 0 0 0 0 0 0 0 0 0 0 0 0 0 0 0 0 0.413466 0 0 0 0 0 0 0 0 0 0 0 0 0 0 0 0.413466 0 0 0 0 0 0 0 0 0 0 0 0 0 0 0.413466 -4.47815 0 1.07925 0 1.07925 0 0 0 1.07925 0 0 0 0 0 0 
0 0 0 0 0 0 0 0 0 0 0 0 0 0 0 0 0 0 0.413466 0 0 0 0 0 0 0 0 0 0 0 0 0 0 0 0.413466 0 0 0 0 0 0 0 0 0 0 0 0 0 0.413466 0 -4.47815 1.07925 0 0 1.07925 0 0 0 1.07925 0 0 0 0 0 
0 0 0 0 0 0 0 0 0 0 0 0 0 0 0 0 0 0 0 0.413466 0 0 0 0 0 0 0 0 0 0 0 0 0 0 0 0.413466 0 0 0 0 0 0 0 0 0 0 0 0 0 0.413466 0.413466 -4.53187 0 0 0 1.439 0 0 0 1.439 0 0 0 0 
0 0 0 0 0 0 0 0 0 0 0 0 0 0 0 0 0 0 0 0 0.413466 0 0 0 0 0 0 0 0 0 0 0 0 0 0 0 0.413466 0 0 0 0 0 0 0 0 0 0 0 0.413466 0 0 0 -4.47815 1.07925 1.07925 0 0 0 0 0 1.07925 0 0 0 
0 0 0 0 0 0 0 0 0 0 0 0 0 0 0 0 0 0 0 0 0 0.413466 0 0 0 0 0 0 0 0 0 0 0 0 0 0 0 0.413466 0 0 0 0 0 0 0 0 0 0 0 0.413466 0 0 0.413466 -4.53187 0 1.439 0 0 0 0 0 1.439 0 0 
0 0 0 0 0 0 0 0 0 0 0 0 0 0 0 0 0 0 0 0 0 0 0.413466 0 0 0 0 0 0 0 0 0 0 0 0 0 0 0 0.413466 0 0 0 0 0 0 0 0 0 0 0 0.413466 0 0.413466 0 -4.53187 1.439 0 0 0 0 0 0 1.439 0 
0 0 0 0 0 0 0 0 0 0 0 0 0 0 0 0 0 0 0 0 0 0 0 0.413466 0 0 0 0 0 0 0 0 0 0 0 0 0 0 0 0.413466 0 0 0 0 0 0 0 0 0 0 0 0.413466 0 0.413466 0.413466 -3.86608 0 0 0 0 0 0 0 1.79875 
0 0 0 0 0 0 0 0 0 0 0 0 0 0 0 0 0 0 0 0 0 0 0 0 0.413466 0 0 0 0 0 0 0 0 0 0 0 0 0 0 0 0.413466 0 0 0 0 0 0 0 0.413466 0 0 0 0 0 0 0 -4.47815 1.07925 1.07925 0 1.07925 0 0 0 
0 0 0 0 0 0 0 0 0 0 0 0 0 0 0 0 0 0 0 0 0 0 0 0 0 0.413466 0 0 0 0 0 0 0 0 0 0 0 0 0 0 0 0.413466 0 0 0 0 0 0 0 0.413466 0 0 0 0 0 0 0.413466 -4.53187 0 1.439 0 1.439 0 0 
0 0 0 0 0 0 0 0 0 0 0 0 0 0 0 0 0 0 0 0 0 0 0 0 0 0 0.413466 0 0 0 0 0 0 0 0 0 0 0 0 0 0 0 0.413466 0 0 0 0 0 0 0 0.413466 0 0 0 0 0 0.413466 0 -4.53187 1.439 0 0 1.439 0 
0 0 0 0 0 0 0 0 0 0 0 0 0 0 0 0 0 0 0 0 0 0 0 0 0 0 0 0.413466 0 0 0 0 0 0 0 0 0 0 0 0 0 0 0 0.413466 0 0 0 0 0 0 0 0.413466 0 0 0 0 0 0.413466 0.413466 -3.86608 0 0 0 1.79875 
0 0 0 0 0 0 0 0 0 0 0 0 0 0 0 0 0 0 0 0 0 0 0 0 0 0 0 0 0.413466 0 0 0 0 0 0 0 0 0 0 0 0 0 0 0 0.413466 0 0 0 0 0 0 0 0.413466 0 0 0 0.413466 0 0 0 -4.53187 1.439 1.439 0 
0 0 0 0 0 0 0 0 0 0 0 0 0 0 0 0 0 0 0 0 0 0 0 0 0 0 0 0 0 0.413466 0 0 0 0 0 0 0 0 0 0 0 0 0 0 0 0.413466 0 0 0 0 0 0 0 0.413466 0 0 0 0.413466 0 0 0.413466 -3.86608 0 1.79875 
0 0 0 0 0 0 0 0 0 0 0 0 0 0 0 0 0 0 0 0 0 0 0 0 0 0 0 0 0 0 0.413466 0 0 0 0 0 0 0 0 0 0 0 0 0 0 0 0.413466 0 0 0 0 0 0 0 0.413466 0 0 0 0.413466 0 0.413466 0 -3.86608 1.79875 
0 0 0 0 0 0 0 0 0 0 0 0 0 0 0 0 0 0 0 0 0 0 0 0 0 0 0 0 0 0 0 0.413466 0 0 0 0 0 0 0 0 0 0 0 0 0 0 0 0.413466 0 0 0 0 0 0 0 0.413466 0 0 0 0.413466 0 0.413466 0.413466 -2.4808 
