64
-0 0 0 0 0 0 0 0 0 0 0 0 0 0 0 0 0 0 0 0 0 0 0 0 0 0 0 0 0 0 0 0 0 0 0 0 0 0 0 0 0 0 0 0 0 0 0 0 0 0 0 0 0 0 0 0 0 0 0 0 0 0 0 0 
0.294819 -1.8947 0 0.319976 0 0.319976 0 0 0 0.319976 0 0 0 0 0 0 0 0.319976 0 0 0 0 0 0 0 0 0 0 0 0 0 0 0 0.319976 0 0 0 0 0 0 0 0 0 0 0 0 0 0 0 0 0 0 0 0 0 0 0 0 0 0 0 0 0 0 
0.294819 0 -1.8947 0.319976 0 0 0.319976 0 0 0 0.319976 0 0 0 0 0 0 0 0.319976 0 0 0 0 0 0 0 0 0 0 0 0 0 0 0 0.319976 0 0 0 0 0 0 0 0 0 0 0 0 0 0 0 0 0 0 0 0 0 0 0 0 0 0 0 0 0 
0 0.294819 0.294819 -3.14945 0 0 0 0.639952 0 0 0 0.639952 0 0 0 0 0 0 0 0.639952 0 0 0 0 0 0 0 0 0 0 0 0 0 0 0 0.639952 0 0 0 0 0 0 0 0 0 0 0 0 0 0 0 0 0 0 0 0 0 0 0 0 0 0 0 0 
0.294819 0 0 0 -1.8947 0.319976 0.319976 0 0 0 0 0 0.319976 0 0 0 0 0 0 0 0.319976 0 0 0 0 0 0 0 0 0 0 0 0 0 0 0 0.319976 0 0 0 0 0 0 0 0 0 0 0 0 0 0 0 0 0 0 0 0 0 0 0 0 0 0 0 
0 0.294819 0 0 0.294819 -3.14945 0 0.639952 0 0 0 0 0 0.639952 0 0 0 0 0 0 0 0.639952 0 0 0 0 0 0 0 0 0 0 0 0 0 0 0 0.639952 0 0 0 0 0 0 0 0 0 0 0 0 0 0 0 0 0 0 0 0 0 0 0 0 0 0 
0 0 0.294819 0 0.294819 0 -3.14945 0.639952 0 0 0 0 0 0 0.639952 0 0 0 0 0 0 0 0.639952 0 0 0 0 0 0 0 0 0 0 0 0 0 0 0 0.639952 0 0 0 0 0 0 0 0 0 0 0 0 0 0 0 0 0 0 0 0 0 0 0 0 0 
0 0 0 0.294819 0 0.294819 0.294819 -3.76424 0 0 0 0 0 0 0 0.959928 0 0 0 0 0 0 0 0.959928 0 0 0 0 0 0 0 0 0 0 0 0 0 0 0 0.959928 0 0 0 0 0 0 0 0 0 0 0 0 0 0 0 0 0 0 0 0 0 0 0 0 
0.294819 0 0 0 0 0 0 0 -1.8947 0.319976 0.319976 0 0.319976 0 0 0 0 0 0 0 0 0 0 0 0.319976 0 0 0 0 0 0 0 0 0 0 0 0 0 0 0 0.319976 0 0 0 0 0 0 0 0 0 0 0 0 0 0 0 0 0 0 0 0 0 0 0 
0 0.294819 0 0 0 0 0 0 0.294819 -3.14945 0 0.639952 0 0.639952 0 0 0 0 0 0 0 0 0 0 0 0.639952 0 0 0 0 0 0 0 0 0 0 0 0 0 0 0 0.639952 0 0 0 0 0 0 0 0 0 0 0 0 0 0 0 0 0 0 0 0 0 0 
0 0 0.294819 0 0 0 0 0 0.294819 0 -3.14945 0.639952 0 0 0.639952 0 0 0 0 0 0 0 0 0 0 0 0.639952 0 0 0 0 0 0 0 0 0 0 0 0 0 0 0 0.639952 0 0 0 0 0 0 0 0 0 0 0 0 0 0 0 0 0 0 0 0 0 
0 0 0 0.294819 0 0 0 0 0 0.294819 0.294819 -3.76424 0 0 0 0.959928 0 0 0 0 0 0 0 0 0 0 0 0.959928 0 0 0 0 0 0 0 0 0 0 0 0 0 0 0 0.959928 0 0 0 0 0 0 0 0 0 0 0 0 0 0 0 0 0 0 0 0 
0 0 0 0 0.294819 0 0 0 0.294819 0 0 0 -3.14945 0.639952 0.639952 0 0 0 0 0 0 0 0 0 0 0 0 0 0.639952 0 0 0 0 0 0 0 0 0 0 0 0 0 0 0 0.639952 0 0 0 0 0 0 0 0 0 0 0 0 0 0 0 0 0 0 0 
0 0 0 0 0 0.294819 0 0 0 0.294819 0 0 0.294819 -3.76424 0 0.959928 0 0 0 0 0 0 0 0 0 0 0 0 0 0.959928 0 0 0 0 0 0 0 0 0 0 0 0 0 0 0 0.959928 0 0 0 0 0 0 0 0 0 0 0 0 0 0 0 0 0 0 
0 0 0 0 0 0 0.294819 0 0 0 0.294819 0 0.294819 0 -3.76424 0.959928 0 0 0 0 0 0 0 0 0 0 0 0 0 0 0.959928 0 0 0 0 0 0 0 0 0 0 0 0 0 0 0 0.959928 0 0 0 0 0 0 0 0 0 0 0 0 0 0 0 0 0 
0 0 0 0 0 0 0 0.294819 0 0 0 0.294819 0 0.294819 0.294819 -3.73908 0 0 0 0 0 0 0 0 0 0 0 0 0 0 0 1.2799 0 0 0 0 0 0 0 0 0 0 0 0 0 0 0 1.2799 0 0 0 0 0 0 0 0 0 0 0 0 0 0 0 0 
0.294819 0 0 0 0 0 0 0 0 0 0 0 0 0 0 0 -1.8947 0.319976 0.319976 0 0.319976 0 0 0 0.319976 0 0 0 0 0 0 0 0 0 0 0 0 0 0 0 0 0 0 0 0 0 0 0 0.319976 0 0 0 0 0 0 0 0 0 0 0 0 0 0 0 
0 0.294819 0 0 0 0 0 0 0 0 0 0 0 0 0 0 0.294819 -3.14945 0 0.639952 0 0.639952 0 0 0 0.639952 0 0 0 0 0 0 0 0 0 0 0 0 0 0 0 0 0 0 0 0 0 0 0 0.639952 0 0 0 0 0 0 0 0 0 0 0 0 0 0 
0 0 0.294819 0 0 0 0 0 0 0 0 0 0 0 0 0 0.294819 0 -3.14945 0.639952 0 0 0.639952 0 0 0 0.639952 0 0 0 0 0 0 0 0 0 0 0 0 0 0 0 0 0 0 0 0 0 0 0 0.639952 0 0 0 0 0 0 0 0 0 0 0 0 0 
0 0 0 0.294819 0 0 0 0 0 0 0 0 0 0 0 0 0 0.294819 0.294819 -3.76424 0 0 0 0.959928 0 0 0 0.959928 0 0 0 0 0 0 0 0 0 0 0 0 0 0 0 0 0 0 0 0 0 0 0 0.959928 0 0 0 0 0 0 0 0 0 0 0 0 
0 0 0 0 0.294819 0 0 0 0 0 0 0 0 0 0 0 0.294819 0 0 0 -3.14945 0.639952 0.639952 0 0 0 0 0 0.639952 0 0 0 0 0 0 0 0 0 0 0 0 0 0 0 0 0 0 0 0 0 0 0 0.639952 0 0 0 0 0 0 0 0 0 0 0 
0 0 0 0 0 0.294819 0 0 0 0 0 0 0 0 0 0 0 0.294819 0 0 0.294819 -3.76424 0 0.959928 0 0 0 0 0 0.959928 0 0 0 0 0 0 0 0 0 0 0 0 0 0 0 0 0 0 0 0 0 0 0 0.959928 0 0 0 0 0 0 0 0 0 0 
0 0 0 0 0 0 0.294819 0 0 0 0 0 0 0 0 0 0 0 0.294819 0 0.294819 0 -3.76424 0.959928 0 0 0 0 0 0 0.959928 0 0 0 0 0 0 0 0 0 0 0 0 0 0 0 0 0 0 0 0 0 0 0 0.959928 0 0 0 0 0 0 0 0 0 
0 0 0 0 0 0 0 0.294819 0 0 0 0 0 0 0 0 0 0 0 0.294819 0 0.294819 0.294819 -3.73908 0 0 0 0 0 0 0 1.2799 0 0 0 0 0 0 0 0 0 0 0 0 0 0 0 0 0 0 0 0 0 0 0 1.2799 0 0 0 0 0 0 0 0 
0 0 0 0 0 0 0 0 0.294819 0 0 0 0 0 0 0 0.294819 0 0 0 0 0 0 0 -3.14945 0.639952 0.639952 0 0.639952 0 0 0 0 0 0 0 0 0 0 0 0 0 0 0 0 0 0 0 0 0 0 0 0 0 0 0 0.639952 0 0 0 0 0 0 0 
0 0 0 0 0 0 0 0 0 0.294819 0 0 0 0 0 0 0 0.294819 0 0 0 0 0 0 0.294819 -3.76424 0 0.959928 0 0.959928 0 0 0 0 0 0 0 0 0 0 0 0 0 0 0 0 0 0 0 0 0 0 0 0 0 0 0 0.959928 0 0 0 0 0 0 
0 0 0 0 0 0 0 0 0 0 0.294819 0 0 0 0 0 0 0 0.294819 0 0 0 0 0 0.294819 0 -3.76424 0.959928 0 0 0.959928 0 0 0 0 0 0 0 0 0 0 0 0 0 0 0 0 0 0 0 0 0 0 0 0 0 0 0 0.959928 0 0 0 0 0 
0 0 0 0 0 0 0 0 0 0 0 0.294819 0 0 0 0 0 0 0 0.294819 0 0 0 0 0 0.294819 0.294819 -3.73908 0 0 0 1.2799 0 0 0 0 0 0 0 0 0 0 0 0 0 0 0 0 0 0 0 0 0 0 0 0 0 0 0 1.2799 0 0 0 0 
0 0 0 0 0 0 0 0 0 0 0 0 0.294819 0 0 0 0 0 0 0 0.294819 0 0 0 0.294819 0 0 0 -3.76424 0.959928 0.959928 0 0 0 0 0 0 0 0 0 0 0 0 0 0 0 0 0 0 0 0 0 0 0 0 0 0 0 0 0 0.959928 0 0 0 
0 0 0 0 0 0 0 0 0 0 0 0 0 0.294819 0 0 0 0 0 0 0 0.294819 0 0 0 0.294819 0 0 0.294819 -3.73908 0 1.2799 0 0 0 0 0 0 0 0 0 0 0 0 0 0 0 0 0 0 0 0 0 0 0 0 0 0 0 0 0 1.2799 0 0 
0 0 0 0 0 0 0 0 0 0 0 0 0 0 0.294819 0 0 0 0 0 0 0 0.294819 0 0 0 0.294819 0 0.294819 0 -3.73908 1.2799 0 0 0 0 0 0 0 0 0 0 0 0 0 0 0 0 0 0 0 0 0 0 0 0 0 0 0 0 0 0 1.2799 0 
0 0 0 0 0 0 0 0 0 0 0 0 0 0 0 0.294819 0 0 0 0 0 0 0 0.294819 0 0 0 0.294819 0 0.294819 0.294819 -3.07398 0 0 0 0 0 0 0 0 0 0 0 0 0 0 0 0 0 0 0 0 0 0 0 0 0 0 0 0 0 0 0 1.59988 
0.294819 0 0 0 0 0 0 0 0 0 0 0 0 0 0 0 0 0 0 0 0 0 0 0 0 0 0 0 0 0 0 0 -1.8947 0.319976 0.319976 0 0.319976 0 0 0 0.319976 0 0 0 0 0 0 0 0.319976 0 0 0 0 0 0 0 0 0 0 0 0 0 0 0 
0 0.294819 0 0 0 0 0 0 0 0 0 0 0 0 0 0 0 0 0 0 0 0 0 0 0 0 0 0 0 0 0 0 0.294819 -3.14945 0 0.639952 0 0.639952 0 0 0 0.639952 0 0 0 0 0 0 0 0.639952 0 0 0 0 0 0 0 0 0 0 0 0 0 0 
0 0 0.294819 0 0 0 0 0 0 0 0 0 0 0 0 0 0 0 0 0 0 0 0 0 0 0 0 0 0 0 0 0 0.294819 0 -3.14945 0.639952 0 0 0.639952 0 0 0 0.639952 0 0 0 0 0 0 0 0.639952 0 0 0 0 0 0 0 0 0 0 0 0 0 
0 0 0 0.294819 0 0 0 0 0 0 0 0 0 0 0 0 0 0 0 0 0 0 0 0 0 0 0 0 0 0 0 0 0 0.294819 0.294819 -3.76424 0 0 0 0.959928 0 0 0 0.959928 0 0 0 0 0 0 0 0.959928 0 0 0 0 0 0 0 0 0 0 0 0 
0 0 0 0 0.294819 0 0 0 0 0 0 0 0 0 0 0 0 0 0 0 0 0 0 0 0 0 0 0 0 0 0 0 0.294819 0 0 0 -3.14945 0.639952 0.639952 0 0 0 0 0 0.639952 0 0 0 0 0 0 0 0.639952 0 0 0 0 0 0 0 0 0 0 0 
0 0 0 0 0 0.294819 0 0 0 0 0 0 0 0 0 0 0 0 0 0 0 0 0 0 0 0 0 0 0 0 0 0 0 0.294819 0 0 0.294819 -3.76424 0 0.959928 0 0 0 0 0 0.959928 0 0 0 0 0 0 0 0.959928 0 0 0 0 0 0 0 0 0 0 
0 0 0 0 0 0 0.294819 0 0 0 0 0 0 0 0 0 0 0 0 0 0 0 0 0 0 0 0 0 0 0 0 0 0 0 0.294819 0 0.294819 0 -3.76424 0.959928 0 0 0 0 0 0 0.959928 0 0 0 0 0 0 0 0.959928 0 0 0 0 0 0 0 0 0 
0 0 0 0 0 0 0 0.294819 0 0 0 0 0 0 0 0 0 0 0 0 0 0 0 0 0 0 0 0 0 0 0 0 0 0 0 0.294819 0 0.294819 0.294819 -3.73908 0 0 0 0 0 0 0 1.2799 0 0 0 0 0 0 0 1.2799 0 0 0 0 0 0 0 0 
0 0 0 0 0 0 0 0 0.294819 0 0 0 0 0 0 0 0 0 0 0 0 0 0 0 0 0 0 0 0 0 0 0 0.294819 0 0 0 0 0 0 0 -3.14945 0.639952 0.639952 0 0.639952 0 0 0 0 0 0 0 0 0 0 0 0.639952 0 0 0 0 0 0 0 
0 0 0 0 0 0 0 0 0 0.294819 0 0 0 0 0 0 0 0 0 0 0 0 0 0 0 0 0 0 0 0 0 0 0 0.294819 0 0 0 0 0 0 0.294819 -3.76424 0 0.959928 0 0.959928 0 0 0 0 0 0 0 0 0 0 0 0.959928 0 0 0 0 0 0 
0 0 0 0 0 0 0 0 0 0 0.294819 0 0 0 0 0 0 0 0 0 0 0 0 0 0 0 0 0 0 0 0 0 0 0 0.294819 0 0 0 0 0 0.294819 0 -3.76424 0.959928 0 0 0.959928 0 0 0 0 0 0 0 0 0 0 0 0.959928 0 0 0 0 0 
0 0 0 0 0 0 0 0 0 0 0 0.294819 0 0 0 0 0 0 0 0 0 0 0 0 0 0 0 0 0 0 0 0 0 0 0 0.294819 0 0 0 0 0 0.294819 0.294819 -3.73908 0 0 0 1.2799 0 0 0 0 0 0 0 0 0 0 0 1.2799 0 0 0 0 
0 0 0 0 0 0 0 0 0 0 0 0 0.294819 0 0 0 0 0 0 0 0 0 0 0 0 0 0 0 0 0 0 0 0 0 0 0 0.294819 0 0 0 0.294819 0 0 0 -3.76424 0.959928 0.959928 0 0 0 0 0 0 0 0 0 0 0 0 0 0.959928 0 0 0 
0 0 0 0 0 0 0 0 0 0 0 0 0 0.294819 0 0 0 0 0 0 0 0 0 0 0 0 0 0 0 0 0 0 0 0 0 0 0 0.294819 0 0 0 0.294819 0 0 0.294819 -3.73908 0 1.2799 0 0 0 0 0 0 0 0 0 0 0 0 0 1.2799 0 0 
0 0 0 0 0 0 0 0 0 0 0 0 0 0 0.294819 0 0 0 0 0 0 0 0 0 0 0 0 0 0 0 0 0 0 0 0 0 0 0 0.294819 0 0 0 0.294819 0 0.294819 0 -3.73908 1.2799 0 0 0 0 0 0 0 0 0 0 0 0 0 0 1.2799 0 
0 0 0 0 0 0 0 0 0 0 0 0 0 0 0 0.294819 0 0 0 0 0 0 0 0 0 0 0 0 0 0 0 0 0 0 0 0 0 0 0 0.294819 0 0 0 0.294819 0 0.294819 0.294819 -3.07398 0 0 0 0 0 0 0 0 0 0 0 0 0 0 0 1.59988 
0 0 0 0 0 0 0 0 0 0 0 0 0 0 0 0 0.294819 0 0 0 0 0 0 0 0 0 0 0 0 0 0 0 0.294819 0 0 0 0 0 0 0 0 0 0 0 0 0 0 0 -3.14945 0.639952 0.639952 0 0.639952 0 0 0 0.639952 0 0 0 0 0 0 0 
0 0 0 0 0 0 0 0 0 0 0 0 0 0 0 0 0 0.294819 0 0 0 0 0 0 0 0 0 0 0 0 0 0 0 0.294819 0 0 0 0 0 0 0 0 0 0 0 0 0 0 0.294819 -3.76424 0 0.959928 0 0.959928 0 0 0 0.959928 0 0 0 0 0 0 
0 0 0 0 0 0 0 0 0 0 0 0 0 0 0 0 0 0 0.294819 0 0 0 0 0 0 0 0 0 0 0 0 0 0 0 0.294819 0 0 0 0 0 0 0 0 0 0 0 0 0 0.294819 0 -3.76424 0.959928 0 0 0.959928 0 0 0 0.959928 0 0 0 0 0 
0 0 0 0 0 0 0 0 0 0 0 0 0 0 0 0 0 0 0 0.294819 0 0 0 0 0 0 0 0 0 0 0 0 0 0 0 0.294819 0 0 0 0 0 0 0 0 0 0 0 0 0 0.294819 0.294819 -3.73908 0 0 0 1.2799 0 0 0 1.2799 0 0 0 0 
0 0 0 0 0 0 0 0 0 0 0 0 0 0 0 0 0 0 0 0 0.294819 0 0 0 0 0 0 0 0 0 0 0 0 0 0 0 0.294819 0 0 0 0 0 0 0 0 0 0 0 0.294819 0 0 0 -3.76424 0.959928 0.959928 0 0 0 0 0 0.959928 0 0 0 
0 0 0 0 0 0 0 0 0 0 0 0 0 0 0 0 0 0 0 0 0 0.294819 0 0 0 0 0 0 0 0 0 0 0 0 0 0 0 0.294819 0 0 0 0 0 0 0 0 0 0 0 0.294819 0 0 0.294819 -3.73908 0 1.2799 0 0 0 0 0 1.2799 0 0 
0 0 0 0 0 0 0 0 0 0 0 0 0 0 0 0 0 0 0 0 0 0 0.294819 0 0 0 0 0 0 0 0 0 0 0 0 0 0 0 0.294819 0 0 0 0 0 0 0 0 0 0 0 0.294819 0 0.294819 0 -3.73908 1.2799 0 0 0 0 0 0 1.2799 0 
0 0 0 0 0 0 0 0 0 0 0 0 0 0 0 0 0 0 0 0 0 0 0 0.294819 0 0 0 0 0 0 0 0 0 0 0 0 0 0 0 0.294819 0 0 0 0 0 0 0 0 0 0 0 0.294819 0 0.294819 0.294819 -3.07398 0 0 0 0 0 0 0 1.59988 
0 0 0 0 0 0 0 0 0 0 0 0 0 0 0 0 0 0 0 0 0 0 0 0 0.294819 0 0 0 0 0 0 0 0 0 0 0 0 0 0 0 0.294819 0 0 0 0 0 0 0 0.294819 0 0 0 0 0 0 0 -3.76424 0.959928 0.959928 0 0.959928 0 0 0 
0 0 0 0 0 0 0 0 0 0 0 0 0 0 0 0 0 0 0 0 0 0 0 0 0 0.294819 0 0 0 0 0 0 0 0 0 0 0 0 0 0 0 0.294819 0 0 0 0 0 0 0 0.294819 0 0 0 0 0 0 0.294819 -3.73908 0 1.2799 0 1.2799 0 0 
0 0 0 0 0 0 0 0 0 0 0 0 0 0 0 0 0 0 0 0 0 0 0 0 0 0 0.294819 0 0 0 0 0 0 0 0 0 0 0 0 0 0 0 0.294819 0 0 0 0 0 0 0 0.294819 0 0 0 0 0 0.294819 0 -3.73908 1.2799 0 0 1.2799 0 
0 0 0 0 0 0 0 0 0 0 0 0 0 0 0 0 0 0 0 0 0 0 0 0 0 0 0 0.294819 0 0 0 0 0 0 0 0 0 0 0 0 0 0 0 0.294819 0 0 0 0 0 0 0 0.294819 0 0 0 0 0 0.294819 0.294819 -3.07398 0 0 0 1.59988 
0 0 0 0 0 0 0 0 0 0 0 0 0 0 0 0 0 0 0 0 0 0 0 0 0 0 0 0 0.294819 0 0 0 0 0 0 0 0 0 0 0 0 0 0 0 0.294819 0 0 0 0 0 0 0 0.294819 0 0 0 0.294819 0 0 0 -3.73908 1.2799 1.2799 0 
0 0 0 0 0 0 0 0 0 0 0 0 0 0 0 0 0 0 0 0 0 0 0 0 0 0 0 0 0 0.294819 0 0 0 0 0 0 0 0 0 0 0 0 0 0 0 0.294819 0 0 0 0 0 0 0 0.294819 0 0 0 0.294819 0 0 0.294819 -3.07398 0 1.59988 
0 0 0 0 0 0 0 0 0 0 0 0 0 0 0 0 0 0 0 0 0 0 0 0 0 0 0 0 0 0 0.294819 0 0 0 0 0 0 0 0 0 0 0 0 0 0 0 0.294819 0 0 0 0 0 0 0 0.294819 0 0 0 0.294819 0 0.294819 0 -3.07398 1.59988 
0 0 0 0 0 0 0 0 0 0 0 0 0 0 0 0 0 0 0 0 0 0 0 0 0 0 0 0 0 0 0 0.294819 0 0 0 0 0 0 0 0 0 0 0 0 0 0 0 0.294819 0 0 0 0 0 0 0 0.294819 0 0 0 0.294819 0 0.294819 0.294819 -1.76892 
