64
-0 0 0 0 0 0 0 0 0 0 0 0 0 0 0 0 0 0 0 0 0 0 0 0 0 0 0 0 0 0 0 0 0 0 0 0 0 0 0 0 0 0 0 0 0 0 0 0 0 0 0 0 0 0 0 0 0 0 0 0 0 0 0 0 
0.403335 -2.08454 0 0.336242 0 0.336242 0 0 0 0.336242 0 0 0 0 0 0 0 0.336242 0 0 0 0 0 0 0 0 0 0 0 0 0 0 0 0.336242 0 0 0 0 0 0 0 0 0 0 0 0 0 0 0 0 0 0 0 0 0 0 0 0 0 0 0 0 0 0 
0.403335 0 -2.08454 0.336242 0 0 0.336242 0 0 0 0.336242 0 0 0 0 0 0 0 0.336242 0 0 0 0 0 0 0 0 0 0 0 0 0 0 0 0.336242 0 0 0 0 0 0 0 0 0 0 0 0 0 0 0 0 0 0 0 0 0 0 0 0 0 0 0 0 0 
0 0.403335 0.403335 -3.49661 0 0 0 0.672484 0 0 0 0.672484 0 0 0 0 0 0 0 0.672484 0 0 0 0 0 0 0 0 0 0 0 0 0 0 0 0.672484 0 0 0 0 0 0 0 0 0 0 0 0 0 0 0 0 0 0 0 0 0 0 0 0 0 0 0 0 
0.403335 0 0 0 -2.08454 0.336242 0.336242 0 0 0 0 0 0.336242 0 0 0 0 0 0 0 0.336242 0 0 0 0 0 0 0 0 0 0 0 0 0 0 0 0.336242 0 0 0 0 0 0 0 0 0 0 0 0 0 0 0 0 0 0 0 0 0 0 0 0 0 0 0 
0 0.403335 0 0 0.403335 -3.49661 0 0.672484 0 0 0 0 0 0.672484 0 0 0 0 0 0 0 0.672484 0 0 0 0 0 0 0 0 0 0 0 0 0 0 0 0.672484 0 0 0 0 0 0 0 0 0 0 0 0 0 0 0 0 0 0 0 0 0 0 0 0 0 0 
0 0 0.403335 0 0.403335 0 -3.49661 0.672484 0 0 0 0 0 0 0.672484 0 0 0 0 0 0 0 0.672484 0 0 0 0 0 0 0 0 0 0 0 0 0 0 0 0.672484 0 0 0 0 0 0 0 0 0 0 0 0 0 0 0 0 0 0 0 0 0 0 0 0 0 
0 0 0 0.403335 0 0.403335 0.403335 -4.23618 0 0 0 0 0 0 0 1.00873 0 0 0 0 0 0 0 1.00873 0 0 0 0 0 0 0 0 0 0 0 0 0 0 0 1.00873 0 0 0 0 0 0 0 0 0 0 0 0 0 0 0 0 0 0 0 0 0 0 0 0 
0.403335 0 0 0 0 0 0 0 -2.08454 0.336242 0.336242 0 0.336242 0 0 0 0 0 0 0 0 0 0 0 0.336242 0 0 0 0 0 0 0 0 0 0 0 0 0 0 0 0.336242 0 0 0 0 0 0 0 0 0 0 0 0 0 0 0 0 0 0 0 0 0 0 0 
0 0.403335 0 0 0 0 0 0 0.403335 -3.49661 0 0.672484 0 0.672484 0 0 0 0 0 0 0 0 0 0 0 0.672484 0 0 0 0 0 0 0 0 0 0 0 0 0 0 0 0.672484 0 0 0 0 0 0 0 0 0 0 0 0 0 0 0 0 0 0 0 0 0 0 
0 0 0.403335 0 0 0 0 0 0.403335 0 -3.49661 0.672484 0 0 0.672484 0 0 0 0 0 0 0 0 0 0 0 0.672484 0 0 0 0 0 0 0 0 0 0 0 0 0 0 0 0.672484 0 0 0 0 0 0 0 0 0 0 0 0 0 0 0 0 0 0 0 0 0 
0 0 0 0.403335 0 0 0 0 0 0.403335 0.403335 -4.23618 0 0 0 1.00873 0 0 0 0 0 0 0 0 0 0 0 1.00873 0 0 0 0 0 0 0 0 0 0 0 0 0 0 0 1.00873 0 0 0 0 0 0 0 0 0 0 0 0 0 0 0 0 0 0 0 0 
0 0 0 0 0.403335 0 0 0 0.403335 0 0 0 -3.49661 0.672484 0.672484 0 0 0 0 0 0 0 0 0 0 0 0 0 0.672484 0 0 0 0 0 0 0 0 0 0 0 0 0 0 0 0.672484 0 0 0 0 0 0 0 0 0 0 0 0 0 0 0 0 0 0 0 
0 0 0 0 0 0.403335 0 0 0 0.403335 0 0 0.403335 -4.23618 0 1.00873 0 0 0 0 0 0 0 0 0 0 0 0 0 1.00873 0 0 0 0 0 0 0 0 0 0 0 0 0 0 0 1.00873 0 0 0 0 0 0 0 0 0 0 0 0 0 0 0 0 0 0 
0 0 0 0 0 0 0.403335 0 0 0 0.403335 0 0.403335 0 -4.23618 1.00873 0 0 0 0 0 0 0 0 0 0 0 0 0 0 1.00873 0 0 0 0 0 0 0 0 0 0 0 0 0 0 0 1.00873 0 0 0 0 0 0 0 0 0 0 0 0 0 0 0 0 0 
0 0 0 0 0 0 0 0.403335 0 0 0 0.403335 0 0.403335 0.403335 -4.30328 0 0 0 0 0 0 0 0 0 0 0 0 0 0 0 1.34497 0 0 0 0 0 0 0 0 0 0 0 0 0 0 0 1.34497 0 0 0 0 0 0 0 0 0 0 0 0 0 0 0 0 
0.403335 0 0 0 0 0 0 0 0 0 0 0 0 0 0 0 -2.08454 0.336242 0.336242 0 0.336242 0 0 0 0.336242 0 0 0 0 0 0 0 0 0 0 0 0 0 0 0 0 0 0 0 0 0 0 0 0.336242 0 0 0 0 0 0 0 0 0 0 0 0 0 0 0 
0 0.403335 0 0 0 0 0 0 0 0 0 0 0 0 0 0 0.403335 -3.49661 0 0.672484 0 0.672484 0 0 0 0.672484 0 0 0 0 0 0 0 0 0 0 0 0 0 0 0 0 0 0 0 0 0 0 0 0.672484 0 0 0 0 0 0 0 0 0 0 0 0 0 0 
0 0 0.403335 0 0 0 0 0 0 0 0 0 0 0 0 0 0.403335 0 -3.49661 0.672484 0 0 0.672484 0 0 0 0.672484 0 0 0 0 0 0 0 0 0 0 0 0 0 0 0 0 0 0 0 0 0 0 0 0.672484 0 0 0 0 0 0 0 0 0 0 0 0 0 
0 0 0 0.403335 0 0 0 0 0 0 0 0 0 0 0 0 0 0.403335 0.403335 -4.23618 0 0 0 1.00873 0 0 0 1.00873 0 0 0 0 0 0 0 0 0 0 0 0 0 0 0 0 0 0 0 0 0 0 0 1.00873 0 0 0 0 0 0 0 0 0 0 0 0 
0 0 0 0 0.403335 0 0 0 0 0 0 0 0 0 0 0 0.403335 0 0 0 -3.49661 0.672484 0.672484 0 0 0 0 0 0.672484 0 0 0 0 0 0 0 0 0 0 0 0 0 0 0 0 0 0 0 0 0 0 0 0.672484 0 0 0 0 0 0 0 0 0 0 0 
0 0 0 0 0 0.403335 0 0 0 0 0 0 0 0 0 0 0 0.403335 0 0 0.403335 -4.23618 0 1.00873 0 0 0 0 0 1.00873 0 0 0 0 0 0 0 0 0 0 0 0 0 0 0 0 0 0 0 0 0 0 0 1.00873 0 0 0 0 0 0 0 0 0 0 
0 0 0 0 0 0 0.403335 0 0 0 0 0 0 0 0 0 0 0 0.403335 0 0.403335 0 -4.23618 1.00873 0 0 0 0 0 0 1.00873 0 0 0 0 0 0 0 0 0 0 0 0 0 0 0 0 0 0 0 0 0 0 0 1.00873 0 0 0 0 0 0 0 0 0 
0 0 0 0 0 0 0 0.403335 0 0 0 0 0 0 0 0 0 0 0 0.403335 0 0.403335 0.403335 -4.30328 0 0 0 0 0 0 0 1.34497 0 0 0 0 0 0 0 0 0 0 0 0 0 0 0 0 0 0 0 0 0 0 0 1.34497 0 0 0 0 0 0 0 0 
0 0 0 0 0 0 0 0 0.403335 0 0 0 0 0 0 0 0.403335 0 0 0 0 0 0 0 -3.49661 0.672484 0.672484 0 0.672484 0 0 0 0 0 0 0 0 0 0 0 0 0 0 0 0 0 0 0 0 0 0 0 0 0 0 0 0.672484 0 0 0 0 0 0 0 
0 0 0 0 0 0 0 0 0 0.403335 0 0 0 0 0 0 0 0.403335 0 0 0 0 0 0 0.403335 -4.23618 0 1.00873 0 1.00873 0 0 0 0 0 0 0 0 0 0 0 0 0 0 0 0 0 0 0 0 0 0 0 0 0 0 0 1.00873 0 0 0 0 0 0 
0 0 0 0 0 0 0 0 0 0 0.403335 0 0 0 0 0 0 0 0.403335 0 0 0 0 0 0.403335 0 -4.23618 1.00873 0 0 1.00873 0 0 0 0 0 0 0 0 0 0 0 0 0 0 0 0 0 0 0 0 0 0 0 0 0 0 0 1.00873 0 0 0 0 0 
0 0 0 0 0 0 0 0 0 0 0 0.403335 0 0 0 0 0 0 0 0.403335 0 0 0 0 0 0.403335 0.403335 -4.30328 0 0 0 1.34497 0 0 0 0 0 0 0 0 0 0 0 0 0 0 0 0 0 0 0 0 0 0 0 0 0 0 0 1.34497 0 0 0 0 
0 0 0 0 0 0 0 0 0 0 0 0 0.403335 0 0 0 0 0 0 0 0.403335 0 0 0 0.403335 0 0 0 -4.23618 1.00873 1.00873 0 0 0 0 0 0 0 0 0 0 0 0 0 0 0 0 0 0 0 0 0 0 0 0 0 0 0 0 0 1.00873 0 0 0 
0 0 0 0 0 0 0 0 0 0 0 0 0 0.403335 0 0 0 0 0 0 0 0.403335 0 0 0 0.403335 0 0 0.403335 -4.30328 0 1.34497 0 0 0 0 0 0 0 0 0 0 0 0 0 0 0 0 0 0 0 0 0 0 0 0 0 0 0 0 0 1.34497 0 0 
0 0 0 0 0 0 0 0 0 0 0 0 0 0 0.403335 0 0 0 0 0 0 0 0.403335 0 0 0 0.403335 0 0.403335 0 -4.30328 1.34497 0 0 0 0 0 0 0 0 0 0 0 0 0 0 0 0 0 0 0 0 0 0 0 0 0 0 0 0 0 0 1.34497 0 
0 0 0 0 0 0 0 0 0 0 0 0 0 0 0 0.403335 0 0 0 0 0 0 0 0.403335 0 0 0 0.403335 0 0.403335 0.403335 -3.69788 0 0 0 0 0 0 0 0 0 0 0 0 0 0 0 0 0 0 0 0 0 0 0 0 0 0 0 0 0 0 0 1.68121 
0.403335 0 0 0 0 0 0 0 0 0 0 0 0 0 0 0 0 0 0 0 0 0 0 0 0 0 0 0 0 0 0 0 -2.08454 0.336242 0.336242 0 0.336242 0 0 0 0.336242 0 0 0 0 0 0 0 0.336242 0 0 0 0 0 0 0 0 0 0 0 0 0 0 0 
0 0.403335 0 0 0 0 0 0 0 0 0 0 0 0 0 0 0 0 0 0 0 0 0 0 0 0 0 0 0 0 0 0 0.403335 -3.49661 0 0.672484 0 0.672484 0 0 0 0.672484 0 0 0 0 0 0 0 0.672484 0 0 0 0 0 0 0 0 0 0 0 0 0 0 
0 0 0.403335 0 0 0 0 0 0 0 0 0 0 0 0 0 0 0 0 0 0 0 0 0 0 0 0 0 0 0 0 0 0.403335 0 -3.49661 0.672484 0 0 0.672484 0 0 0 0.672484 0 0 0 0 0 0 0 0.672484 0 0 0 0 0 0 0 0 0 0 0 0 0 
0 0 0 0.403335 0 0 0 0 0 0 0 0 0 0 0 0 0 0 0 0 0 0 0 0 0 0 0 0 0 0 0 0 0 0.403335 0.403335 -4.23618 0 0 0 1.00873 0 0 0 1.00873 0 0 0 0 0 0 0 1.00873 0 0 0 0 0 0 0 0 0 0 0 0 
0 0 0 0 0.403335 0 0 0 0 0 0 0 0 0 0 0 0 0 0 0 0 0 0 0 0 0 0 0 0 0 0 0 0.403335 0 0 0 -3.49661 0.672484 0.672484 0 0 0 0 0 0.672484 0 0 0 0 0 0 0 0.672484 0 0 0 0 0 0 0 0 0 0 0 
0 0 0 0 0 0.403335 0 0 0 0 0 0 0 0 0 0 0 0 0 0 0 0 0 0 0 0 0 0 0 0 0 0 0 0.403335 0 0 0.403335 -4.23618 0 1.00873 0 0 0 0 0 1.00873 0 0 0 0 0 0 0 1.00873 0 0 0 0 0 0 0 0 0 0 
0 0 0 0 0 0 0.403335 0 0 0 0 0 0 0 0 0 0 0 0 0 0 0 0 0 0 0 0 0 0 0 0 0 0 0 0.403335 0 0.403335 0 -4.23618 1.00873 0 0 0 0 0 0 1.00873 0 0 0 0 0 0 0 1.00873 0 0 0 0 0 0 0 0 0 
0 0 0 0 0 0 0 0.403335 0 0 0 0 0 0 0 0 0 0 0 0 0 0 0 0 0 0 0 0 0 0 0 0 0 0 0 0.403335 0 0.403335 0.403335 -4.30328 0 0 0 0 0 0 0 1.34497 0 0 0 0 0 0 0 1.34497 0 0 0 0 0 0 0 0 
0 0 0 0 0 0 0 0 0.403335 0 0 0 0 0 0 0 0 0 0 0 0 0 0 0 0 0 0 0 0 0 0 0 0.403335 0 0 0 0 0 0 0 -3.49661 0.672484 0.672484 0 0.672484 0 0 0 0 0 0 0 0 0 0 0 0.672484 0 0 0 0 0 0 0 
0 0 0 0 0 0 0 0 0 0.403335 0 0 0 0 0 0 0 0 0 0 0 0 0 0 0 0 0 0 0 0 0 0 0 0.403335 0 0 0 0 0 0 0.403335 -4.23618 0 1.00873 0 1.00873 0 0 0 0 0 0 0 0 0 0 0 1.00873 0 0 0 0 0 0 
0 0 0 0 0 0 0 0 0 0 0.403335 0 0 0 0 0 0 0 0 0 0 0 0 0 0 0 0 0 0 0 0 0 0 0 0.403335 0 0 0 0 0 0.403335 0 -4.23618 1.00873 0 0 1.00873 0 0 0 0 0 0 0 0 0 0 0 1.00873 0 0 0 0 0 
0 0 0 0 0 0 0 0 0 0 0 0.403335 0 0 0 0 0 0 0 0 0 0 0 0 0 0 0 0 0 0 0 0 0 0 0 0.403335 0 0 0 0 0 0.403335 0.403335 -4.30328 0 0 0 1.34497 0 0 0 0 0 0 0 0 0 0 0 1.34497 0 0 0 0 
0 0 0 0 0 0 0 0 0 0 0 0 0.403335 0 0 0 0 0 0 0 0 0 0 0 0 0 0 0 0 0 0 0 0 0 0 0 0.403335 0 0 0 0.403335 0 0 0 -4.23618 1.00873 1.00873 0 0 0 0 0 0 0 0 0 0 0 0 0 1.00873 0 0 0 
0 0 0 0 0 0 0 0 0 0 0 0 0 0.403335 0 0 0 0 0 0 0 0 0 0 0 0 0 0 0 0 0 0 0 0 0 0 0 0.403335 0 0 0 0.403335 0 0 0.403335 -4.30328 0 1.34497 0 0 0 0 0 0 0 0 0 0 0 0 0 1.34497 0 0 
0 0 0 0 0 0 0 0 0 0 0 0 0 0 0.403335 0 0 0 0 0 0 0 0 0 0 0 0 0 0 0 0 0 0 0 0 0 0 0 0.403335 0 0 0 0.403335 0 0.403335 0 -4.30328 1.34497 0 0 0 0 0 0 0 0 0 0 0 0 0 0 1.34497 0 
0 0 0 0 0 0 0 0 0 0 0 0 0 0 0 0.403335 0 0 0 0 0 0 0 0 0 0 0 0 0 0 0 0 0 0 0 0 0 0 0 0.403335 0 0 0 0.403335 0 0.403335 0.403335 -3.69788 0 0 0 0 0 0 0 0 0 0 0 0 0 0 0 1.68121 
0 0 0 0 0 0 0 0 0 0 0 0 0 0 0 0 0.403335 0 0 0 0 0 0 0 0 0 0 0 0 0 0 0 0.403335 0 0 0 0 0 0 0 0 0 0 0 0 0 0 0 -3.49661 0.672484 0.672484 0 0.672484 0 0 0 0.672484 0 0 0 0 0 0 0 
0 0 0 0 0 0 0 0 0 0 0 0 0 0 0 0 0 0.403335 0 0 0 0 0 0 0 0 0 0 0 0 0 0 0 0.403335 0 0 0 0 0 0 0 0 0 0 0 0 0 0 0.403335 -4.23618 0 1.00873 0 1.00873 0 0 0 1.00873 0 0 0 0 0 0 
0 0 0 0 0 0 0 0 0 0 0 0 0 0 0 0 0 0 0.403335 0 0 0 0 0 0 0 0 0 0 0 0 0 0 0 0.403335 0 0 0 0 0 0 0 0 0 0 0 0 0 0.403335 0 -4.23618 1.00873 0 0 1.00873 0 0 0 1.00873 0 0 0 0 0 
0 0 0 0 0 0 0 0 0 0 0 0 0 0 0 0 0 0 0 0.403335 0 0 0 0 0 0 0 0 0 0 0 0 0 0 0 0.403335 0 0 0 0 0 0 0 0 0 0 0 0 0 0.403335 0.403335 -4.30328 0 0 0 1.34497 0 0 0 1.34497 0 0 0 0 
0 0 0 0 0 0 0 0 0 0 0 0 0 0 0 0 0 0 0 0 0.403335 0 0 0 0 0 0 0 0 0 0 0 0 0 0 0 0.403335 0 0 0 0 0 0 0 0 0 0 0 0.403335 0 0 0 -4.23618 1.00873 1.00873 0 0 0 0 0 1.00873 0 0 0 
0 0 0 0 0 0 0 0 0 0 0 0 0 0 0 0 0 0 0 0 0 0.403335 0 0 0 0 0 0 0 0 0 0 0 0 0 0 0 0.403335 0 0 0 0 0 0 0 0 0 0 0 0.403335 0 0 0.403335 -4.30328 0 1.34497 0 0 0 0 0 1.34497 0 0 
0 0 0 0 0 0 0 0 0 0 0 0 0 0 0 0 0 0 0 0 0 0 0.403335 0 0 0 0 0 0 0 0 0 0 0 0 0 0 0 0.403335 0 0 0 0 0 0 0 0 0 0 0 0.403335 0 0.403335 0 -4.30328 1.34497 0 0 0 0 0 0 1.34497 0 
0 0 0 0 0 0 0 0 0 0 0 0 0 0 0 0 0 0 0 0 0 0 0 0.403335 0 0 0 0 0 0 0 0 0 0 0 0 0 0 0 0.403335 0 0 0 0 0 0 0 0 0 0 0 0.403335 0 0.403335 0.403335 -3.69788 0 0 0 0 0 0 0 1.68121 
0 0 0 0 0 0 0 0 0 0 0 0 0 0 0 0 0 0 0 0 0 0 0 0 0.403335 0 0 0 0 0 0 0 0 0 0 0 0 0 0 0 0.403335 0 0 0 0 0 0 0 0.403335 0 0 0 0 0 0 0 -4.23618 1.00873 1.00873 0 1.00873 0 0 0 
0 0 0 0 0 0 0 0 0 0 0 0 0 0 0 0 0 0 0 0 0 0 0 0 0 0.403335 0 0 0 0 0 0 0 0 0 0 0 0 0 0 0 0.403335 0 0 0 0 0 0 0 0.403335 0 0 0 0 0 0 0.403335 -4.30328 0 1.34497 0 1.34497 0 0 
0 0 0 0 0 0 0 0 0 0 0 0 0 0 0 0 0 0 0 0 0 0 0 0 0 0 0.403335 0 0 0 0 0 0 0 0 0 0 0 0 0 0 0 0.403335 0 0 0 0 0 0 0 0.403335 0 0 0 0 0 0.403335 0 -4.30328 1.34497 0 0 1.34497 0 
0 0 0 0 0 0 0 0 0 0 0 0 0 0 0 0 0 0 0 0 0 0 0 0 0 0 0 0.403335 0 0 0 0 0 0 0 0 0 0 0 0 0 0 0 0.403335 0 0 0 0 0 0 0 0.403335 0 0 0 0 0 0.403335 0.403335 -3.69788 0 0 0 1.68121 
0 0 0 0 0 0 0 0 0 0 0 0 0 0 0 0 0 0 0 0 0 0 0 0 0 0 0 0 0.403335 0 0 0 0 0 0 0 0 0 0 0 0 0 0 0 0.403335 0 0 0 0 0 0 0 0.403335 0 0 0 0.403335 0 0 0 -4.30328 1.34497 1.34497 0 
0 0 0 0 0 0 0 0 0 0 0 0 0 0 0 0 0 0 0 0 0 0 0 0 0 0 0 0 0 0.403335 0 0 0 0 0 0 0 0 0 0 0 0 0 0 0 0.403335 0 0 0 0 0 0 0 0.403335 0 0 0 0.403335 0 0 0.403335 -3.69788 0 1.68121 
0 0 0 0 0 0 0 0 0 0 0 0 0 0 0 0 0 0 0 0 0 0 0 0 0 0 0 0 0 0 0.403335 0 0 0 0 0 0 0 0 0 0 0 0 0 0 0 0.403335 0 0 0 0 0 0 0 0.403335 0 0 0 0.403335 0 0.403335 0 -3.69788 1.68121 
0 0 0 0 0 0 0 0 0 0 0 0 0 0 0 0 0 0 0 0 0 0 0 0 0 0 0 0 0 0 0 0.403335 0 0 0 0 0 0 0 0 0 0 0 0 0 0 0 0.403335 0 0 0 0 0 0 0 0.403335 0 0 0 0.403335 0 0.403335 0.403335 -2.42001 
