64
-0 0 0 0 0 0 0 0 0 0 0 0 0 0 0 0 0 0 0 0 0 0 0 0 0 0 0 0 0 0 0 0 0 0 0 0 0 0 0 0 0 0 0 0 0 0 0 0 0 0 0 0 0 0 0 0 0 0 0 0 0 0 0 0 
0.292437 -1.82311 0 0.306134 0 0.306134 0 0 0 0.306134 0 0 0 0 0 0 0 0.306134 0 0 0 0 0 0 0 0 0 0 0 0 0 0 0 0.306134 0 0 0 0 0 0 0 0 0 0 0 0 0 0 0 0 0 0 0 0 0 0 0 0 0 0 0 0 0 0 
0.292437 0 -1.82311 0.306134 0 0 0.306134 0 0 0 0.306134 0 0 0 0 0 0 0 0.306134 0 0 0 0 0 0 0 0 0 0 0 0 0 0 0 0.306134 0 0 0 0 0 0 0 0 0 0 0 0 0 0 0 0 0 0 0 0 0 0 0 0 0 0 0 0 0 
0 0.292437 0.292437 -3.03394 0 0 0 0.612267 0 0 0 0.612267 0 0 0 0 0 0 0 0.612267 0 0 0 0 0 0 0 0 0 0 0 0 0 0 0 0.612267 0 0 0 0 0 0 0 0 0 0 0 0 0 0 0 0 0 0 0 0 0 0 0 0 0 0 0 0 
0.292437 0 0 0 -1.82311 0.306134 0.306134 0 0 0 0 0 0.306134 0 0 0 0 0 0 0 0.306134 0 0 0 0 0 0 0 0 0 0 0 0 0 0 0 0.306134 0 0 0 0 0 0 0 0 0 0 0 0 0 0 0 0 0 0 0 0 0 0 0 0 0 0 0 
0 0.292437 0 0 0.292437 -3.03394 0 0.612267 0 0 0 0 0 0.612267 0 0 0 0 0 0 0 0.612267 0 0 0 0 0 0 0 0 0 0 0 0 0 0 0 0.612267 0 0 0 0 0 0 0 0 0 0 0 0 0 0 0 0 0 0 0 0 0 0 0 0 0 0 
0 0 0.292437 0 0.292437 0 -3.03394 0.612267 0 0 0 0 0 0 0.612267 0 0 0 0 0 0 0 0.612267 0 0 0 0 0 0 0 0 0 0 0 0 0 0 0 0.612267 0 0 0 0 0 0 0 0 0 0 0 0 0 0 0 0 0 0 0 0 0 0 0 0 0 
0 0 0 0.292437 0 0.292437 0.292437 -3.63252 0 0 0 0 0 0 0 0.918401 0 0 0 0 0 0 0 0.918401 0 0 0 0 0 0 0 0 0 0 0 0 0 0 0 0.918401 0 0 0 0 0 0 0 0 0 0 0 0 0 0 0 0 0 0 0 0 0 0 0 0 
0.292437 0 0 0 0 0 0 0 -1.82311 0.306134 0.306134 0 0.306134 0 0 0 0 0 0 0 0 0 0 0 0.306134 0 0 0 0 0 0 0 0 0 0 0 0 0 0 0 0.306134 0 0 0 0 0 0 0 0 0 0 0 0 0 0 0 0 0 0 0 0 0 0 0 
0 0.292437 0 0 0 0 0 0 0.292437 -3.03394 0 0.612267 0 0.612267 0 0 0 0 0 0 0 0 0 0 0 0.612267 0 0 0 0 0 0 0 0 0 0 0 0 0 0 0 0.612267 0 0 0 0 0 0 0 0 0 0 0 0 0 0 0 0 0 0 0 0 0 0 
0 0 0.292437 0 0 0 0 0 0.292437 0 -3.03394 0.612267 0 0 0.612267 0 0 0 0 0 0 0 0 0 0 0 0.612267 0 0 0 0 0 0 0 0 0 0 0 0 0 0 0 0.612267 0 0 0 0 0 0 0 0 0 0 0 0 0 0 0 0 0 0 0 0 0 
0 0 0 0.292437 0 0 0 0 0 0.292437 0.292437 -3.63252 0 0 0 0.918401 0 0 0 0 0 0 0 0 0 0 0 0.918401 0 0 0 0 0 0 0 0 0 0 0 0 0 0 0 0.918401 0 0 0 0 0 0 0 0 0 0 0 0 0 0 0 0 0 0 0 0 
0 0 0 0 0.292437 0 0 0 0.292437 0 0 0 -3.03394 0.612267 0.612267 0 0 0 0 0 0 0 0 0 0 0 0 0 0.612267 0 0 0 0 0 0 0 0 0 0 0 0 0 0 0 0.612267 0 0 0 0 0 0 0 0 0 0 0 0 0 0 0 0 0 0 0 
0 0 0 0 0 0.292437 0 0 0 0.292437 0 0 0.292437 -3.63252 0 0.918401 0 0 0 0 0 0 0 0 0 0 0 0 0 0.918401 0 0 0 0 0 0 0 0 0 0 0 0 0 0 0 0.918401 0 0 0 0 0 0 0 0 0 0 0 0 0 0 0 0 0 0 
0 0 0 0 0 0 0.292437 0 0 0 0.292437 0 0.292437 0 -3.63252 0.918401 0 0 0 0 0 0 0 0 0 0 0 0 0 0 0.918401 0 0 0 0 0 0 0 0 0 0 0 0 0 0 0 0.918401 0 0 0 0 0 0 0 0 0 0 0 0 0 0 0 0 0 
0 0 0 0 0 0 0 0.292437 0 0 0 0.292437 0 0.292437 0.292437 -3.61882 0 0 0 0 0 0 0 0 0 0 0 0 0 0 0 1.22453 0 0 0 0 0 0 0 0 0 0 0 0 0 0 0 1.22453 0 0 0 0 0 0 0 0 0 0 0 0 0 0 0 0 
0.292437 0 0 0 0 0 0 0 0 0 0 0 0 0 0 0 -1.82311 0.306134 0.306134 0 0.306134 0 0 0 0.306134 0 0 0 0 0 0 0 0 0 0 0 0 0 0 0 0 0 0 0 0 0 0 0 0.306134 0 0 0 0 0 0 0 0 0 0 0 0 0 0 0 
0 0.292437 0 0 0 0 0 0 0 0 0 0 0 0 0 0 0.292437 -3.03394 0 0.612267 0 0.612267 0 0 0 0.612267 0 0 0 0 0 0 0 0 0 0 0 0 0 0 0 0 0 0 0 0 0 0 0 0.612267 0 0 0 0 0 0 0 0 0 0 0 0 0 0 
0 0 0.292437 0 0 0 0 0 0 0 0 0 0 0 0 0 0.292437 0 -3.03394 0.612267 0 0 0.612267 0 0 0 0.612267 0 0 0 0 0 0 0 0 0 0 0 0 0 0 0 0 0 0 0 0 0 0 0 0.612267 0 0 0 0 0 0 0 0 0 0 0 0 0 
0 0 0 0.292437 0 0 0 0 0 0 0 0 0 0 0 0 0 0.292437 0.292437 -3.63252 0 0 0 0.918401 0 0 0 0.918401 0 0 0 0 0 0 0 0 0 0 0 0 0 0 0 0 0 0 0 0 0 0 0 0.918401 0 0 0 0 0 0 0 0 0 0 0 0 
0 0 0 0 0.292437 0 0 0 0 0 0 0 0 0 0 0 0.292437 0 0 0 -3.03394 0.612267 0.612267 0 0 0 0 0 0.612267 0 0 0 0 0 0 0 0 0 0 0 0 0 0 0 0 0 0 0 0 0 0 0 0.612267 0 0 0 0 0 0 0 0 0 0 0 
0 0 0 0 0 0.292437 0 0 0 0 0 0 0 0 0 0 0 0.292437 0 0 0.292437 -3.63252 0 0.918401 0 0 0 0 0 0.918401 0 0 0 0 0 0 0 0 0 0 0 0 0 0 0 0 0 0 0 0 0 0 0 0.918401 0 0 0 0 0 0 0 0 0 0 
0 0 0 0 0 0 0.292437 0 0 0 0 0 0 0 0 0 0 0 0.292437 0 0.292437 0 -3.63252 0.918401 0 0 0 0 0 0 0.918401 0 0 0 0 0 0 0 0 0 0 0 0 0 0 0 0 0 0 0 0 0 0 0 0.918401 0 0 0 0 0 0 0 0 0 
0 0 0 0 0 0 0 0.292437 0 0 0 0 0 0 0 0 0 0 0 0.292437 0 0.292437 0.292437 -3.61882 0 0 0 0 0 0 0 1.22453 0 0 0 0 0 0 0 0 0 0 0 0 0 0 0 0 0 0 0 0 0 0 0 1.22453 0 0 0 0 0 0 0 0 
0 0 0 0 0 0 0 0 0.292437 0 0 0 0 0 0 0 0.292437 0 0 0 0 0 0 0 -3.03394 0.612267 0.612267 0 0.612267 0 0 0 0 0 0 0 0 0 0 0 0 0 0 0 0 0 0 0 0 0 0 0 0 0 0 0 0.612267 0 0 0 0 0 0 0 
0 0 0 0 0 0 0 0 0 0.292437 0 0 0 0 0 0 0 0.292437 0 0 0 0 0 0 0.292437 -3.63252 0 0.918401 0 0.918401 0 0 0 0 0 0 0 0 0 0 0 0 0 0 0 0 0 0 0 0 0 0 0 0 0 0 0 0.918401 0 0 0 0 0 0 
0 0 0 0 0 0 0 0 0 0 0.292437 0 0 0 0 0 0 0 0.292437 0 0 0 0 0 0.292437 0 -3.63252 0.918401 0 0 0.918401 0 0 0 0 0 0 0 0 0 0 0 0 0 0 0 0 0 0 0 0 0 0 0 0 0 0 0 0.918401 0 0 0 0 0 
0 0 0 0 0 0 0 0 0 0 0 0.292437 0 0 0 0 0 0 0 0.292437 0 0 0 0 0 0.292437 0.292437 -3.61882 0 0 0 1.22453 0 0 0 0 0 0 0 0 0 0 0 0 0 0 0 0 0 0 0 0 0 0 0 0 0 0 0 1.22453 0 0 0 0 
0 0 0 0 0 0 0 0 0 0 0 0 0.292437 0 0 0 0 0 0 0 0.292437 0 0 0 0.292437 0 0 0 -3.63252 0.918401 0.918401 0 0 0 0 0 0 0 0 0 0 0 0 0 0 0 0 0 0 0 0 0 0 0 0 0 0 0 0 0 0.918401 0 0 0 
0 0 0 0 0 0 0 0 0 0 0 0 0 0.292437 0 0 0 0 0 0 0 0.292437 0 0 0 0.292437 0 0 0.292437 -3.61882 0 1.22453 0 0 0 0 0 0 0 0 0 0 0 0 0 0 0 0 0 0 0 0 0 0 0 0 0 0 0 0 0 1.22453 0 0 
0 0 0 0 0 0 0 0 0 0 0 0 0 0 0.292437 0 0 0 0 0 0 0 0.292437 0 0 0 0.292437 0 0.292437 0 -3.61882 1.22453 0 0 0 0 0 0 0 0 0 0 0 0 0 0 0 0 0 0 0 0 0 0 0 0 0 0 0 0 0 0 1.22453 0 
0 0 0 0 0 0 0 0 0 0 0 0 0 0 0 0.292437 0 0 0 0 0 0 0 0.292437 0 0 0 0.292437 0 0.292437 0.292437 -2.99286 0 0 0 0 0 0 0 0 0 0 0 0 0 0 0 0 0 0 0 0 0 0 0 0 0 0 0 0 0 0 0 1.53067 
0.292437 0 0 0 0 0 0 0 0 0 0 0 0 0 0 0 0 0 0 0 0 0 0 0 0 0 0 0 0 0 0 0 -1.82311 0.306134 0.306134 0 0.306134 0 0 0 0.306134 0 0 0 0 0 0 0 0.306134 0 0 0 0 0 0 0 0 0 0 0 0 0 0 0 
0 0.292437 0 0 0 0 0 0 0 0 0 0 0 0 0 0 0 0 0 0 0 0 0 0 0 0 0 0 0 0 0 0 0.292437 -3.03394 0 0.612267 0 0.612267 0 0 0 0.612267 0 0 0 0 0 0 0 0.612267 0 0 0 0 0 0 0 0 0 0 0 0 0 0 
0 0 0.292437 0 0 0 0 0 0 0 0 0 0 0 0 0 0 0 0 0 0 0 0 0 0 0 0 0 0 0 0 0 0.292437 0 -3.03394 0.612267 0 0 0.612267 0 0 0 0.612267 0 0 0 0 0 0 0 0.612267 0 0 0 0 0 0 0 0 0 0 0 0 0 
0 0 0 0.292437 0 0 0 0 0 0 0 0 0 0 0 0 0 0 0 0 0 0 0 0 0 0 0 0 0 0 0 0 0 0.292437 0.292437 -3.63252 0 0 0 0.918401 0 0 0 0.918401 0 0 0 0 0 0 0 0.918401 0 0 0 0 0 0 0 0 0 0 0 0 
0 0 0 0 0.292437 0 0 0 0 0 0 0 0 0 0 0 0 0 0 0 0 0 0 0 0 0 0 0 0 0 0 0 0.292437 0 0 0 -3.03394 0.612267 0.612267 0 0 0 0 0 0.612267 0 0 0 0 0 0 0 0.612267 0 0 0 0 0 0 0 0 0 0 0 
0 0 0 0 0 0.292437 0 0 0 0 0 0 0 0 0 0 0 0 0 0 0 0 0 0 0 0 0 0 0 0 0 0 0 0.292437 0 0 0.292437 -3.63252 0 0.918401 0 0 0 0 0 0.918401 0 0 0 0 0 0 0 0.918401 0 0 0 0 0 0 0 0 0 0 
0 0 0 0 0 0 0.292437 0 0 0 0 0 0 0 0 0 0 0 0 0 0 0 0 0 0 0 0 0 0 0 0 0 0 0 0.292437 0 0.292437 0 -3.63252 0.918401 0 0 0 0 0 0 0.918401 0 0 0 0 0 0 0 0.918401 0 0 0 0 0 0 0 0 0 
0 0 0 0 0 0 0 0.292437 0 0 0 0 0 0 0 0 0 0 0 0 0 0 0 0 0 0 0 0 0 0 0 0 0 0 0 0.292437 0 0.292437 0.292437 -3.61882 0 0 0 0 0 0 0 1.22453 0 0 0 0 0 0 0 1.22453 0 0 0 0 0 0 0 0 
0 0 0 0 0 0 0 0 0.292437 0 0 0 0 0 0 0 0 0 0 0 0 0 0 0 0 0 0 0 0 0 0 0 0.292437 0 0 0 0 0 0 0 -3.03394 0.612267 0.612267 0 0.612267 0 0 0 0 0 0 0 0 0 0 0 0.612267 0 0 0 0 0 0 0 
0 0 0 0 0 0 0 0 0 0.292437 0 0 0 0 0 0 0 0 0 0 0 0 0 0 0 0 0 0 0 0 0 0 0 0.292437 0 0 0 0 0 0 0.292437 -3.63252 0 0.918401 0 0.918401 0 0 0 0 0 0 0 0 0 0 0 0.918401 0 0 0 0 0 0 
0 0 0 0 0 0 0 0 0 0 0.292437 0 0 0 0 0 0 0 0 0 0 0 0 0 0 0 0 0 0 0 0 0 0 0 0.292437 0 0 0 0 0 0.292437 0 -3.63252 0.918401 0 0 0.918401 0 0 0 0 0 0 0 0 0 0 0 0.918401 0 0 0 0 0 
0 0 0 0 0 0 0 0 0 0 0 0.292437 0 0 0 0 0 0 0 0 0 0 0 0 0 0 0 0 0 0 0 0 0 0 0 0.292437 0 0 0 0 0 0.292437 0.292437 -3.61882 0 0 0 1.22453 0 0 0 0 0 0 0 0 0 0 0 1.22453 0 0 0 0 
0 0 0 0 0 0 0 0 0 0 0 0 0.292437 0 0 0 0 0 0 0 0 0 0 0 0 0 0 0 0 0 0 0 0 0 0 0 0.292437 0 0 0 0.292437 0 0 0 -3.63252 0.918401 0.918401 0 0 0 0 0 0 0 0 0 0 0 0 0 0.918401 0 0 0 
0 0 0 0 0 0 0 0 0 0 0 0 0 0.292437 0 0 0 0 0 0 0 0 0 0 0 0 0 0 0 0 0 0 0 0 0 0 0 0.292437 0 0 0 0.292437 0 0 0.292437 -3.61882 0 1.22453 0 0 0 0 0 0 0 0 0 0 0 0 0 1.22453 0 0 
0 0 0 0 0 0 0 0 0 0 0 0 0 0 0.292437 0 0 0 0 0 0 0 0 0 0 0 0 0 0 0 0 0 0 0 0 0 0 0 0.292437 0 0 0 0.292437 0 0.292437 0 -3.61882 1.22453 0 0 0 0 0 0 0 0 0 0 0 0 0 0 1.22453 0 
0 0 0 0 0 0 0 0 0 0 0 0 0 0 0 0.292437 0 0 0 0 0 0 0 0 0 0 0 0 0 0 0 0 0 0 0 0 0 0 0 0.292437 0 0 0 0.292437 0 0.292437 0.292437 -2.99286 0 0 0 0 0 0 0 0 0 0 0 0 0 0 0 1.53067 
0 0 0 0 0 0 0 0 0 0 0 0 0 0 0 0 0.292437 0 0 0 0 0 0 0 0 0 0 0 0 0 0 0 0.292437 0 0 0 0 0 0 0 0 0 0 0 0 0 0 0 -3.03394 0.612267 0.612267 0 0.612267 0 0 0 0.612267 0 0 0 0 0 0 0 
0 0 0 0 0 0 0 0 0 0 0 0 0 0 0 0 0 0.292437 0 0 0 0 0 0 0 0 0 0 0 0 0 0 0 0.292437 0 0 0 0 0 0 0 0 0 0 0 0 0 0 0.292437 -3.63252 0 0.918401 0 0.918401 0 0 0 0.918401 0 0 0 0 0 0 
0 0 0 0 0 0 0 0 0 0 0 0 0 0 0 0 0 0 0.292437 0 0 0 0 0 0 0 0 0 0 0 0 0 0 0 0.292437 0 0 0 0 0 0 0 0 0 0 0 0 0 0.292437 0 -3.63252 0.918401 0 0 0.918401 0 0 0 0.918401 0 0 0 0 0 
0 0 0 0 0 0 0 0 0 0 0 0 0 0 0 0 0 0 0 0.292437 0 0 0 0 0 0 0 0 0 0 0 0 0 0 0 0.292437 0 0 0 0 0 0 0 0 0 0 0 0 0 0.292437 0.292437 -3.61882 0 0 0 1.22453 0 0 0 1.22453 0 0 0 0 
0 0 0 0 0 0 0 0 0 0 0 0 0 0 0 0 0 0 0 0 0.292437 0 0 0 0 0 0 0 0 0 0 0 0 0 0 0 0.292437 0 0 0 0 0 0 0 0 0 0 0 0.292437 0 0 0 -3.63252 0.918401 0.918401 0 0 0 0 0 0.918401 0 0 0 
0 0 0 0 0 0 0 0 0 0 0 0 0 0 0 0 0 0 0 0 0 0.292437 0 0 0 0 0 0 0 0 0 0 0 0 0 0 0 0.292437 0 0 0 0 0 0 0 0 0 0 0 0.292437 0 0 0.292437 -3.61882 0 1.22453 0 0 0 0 0 1.22453 0 0 
0 0 0 0 0 0 0 0 0 0 0 0 0 0 0 0 0 0 0 0 0 0 0.292437 0 0 0 0 0 0 0 0 0 0 0 0 0 0 0 0.292437 0 0 0 0 0 0 0 0 0 0 0 0.292437 0 0.292437 0 -3.61882 1.22453 0 0 0 0 0 0 1.22453 0 
0 0 0 0 0 0 0 0 0 0 0 0 0 0 0 0 0 0 0 0 0 0 0 0.292437 0 0 0 0 0 0 0 0 0 0 0 0 0 0 0 0.292437 0 0 0 0 0 0 0 0 0 0 0 0.292437 0 0.292437 0.292437 -2.99286 0 0 0 0 0 0 0 1.53067 
0 0 0 0 0 0 0 0 0 0 0 0 0 0 0 0 0 0 0 0 0 0 0 0 0.292437 0 0 0 0 0 0 0 0 0 0 0 0 0 0 0 0.292437 0 0 0 0 0 0 0 0.292437 0 0 0 0 0 0 0 -3.63252 0.918401 0.918401 0 0.918401 0 0 0 
0 0 0 0 0 0 0 0 0 0 0 0 0 0 0 0 0 0 0 0 0 0 0 0 0 0.292437 0 0 0 0 0 0 0 0 0 0 0 0 0 0 0 0.292437 0 0 0 0 0 0 0 0.292437 0 0 0 0 0 0 0.292437 -3.61882 0 1.22453 0 1.22453 0 0 
0 0 0 0 0 0 0 0 0 0 0 0 0 0 0 0 0 0 0 0 0 0 0 0 0 0 0.292437 0 0 0 0 0 0 0 0 0 0 0 0 0 0 0 0.292437 0 0 0 0 0 0 0 0.292437 0 0 0 0 0 0.292437 0 -3.61882 1.22453 0 0 1.22453 0 
0 0 0 0 0 0 0 0 0 0 0 0 0 0 0 0 0 0 0 0 0 0 0 0 0 0 0 0.292437 0 0 0 0 0 0 0 0 0 0 0 0 0 0 0 0.292437 0 0 0 0 0 0 0 0.292437 0 0 0 0 0 0.292437 0.292437 -2.99286 0 0 0 1.53067 
0 0 0 0 0 0 0 0 0 0 0 0 0 0 0 0 0 0 0 0 0 0 0 0 0 0 0 0 0.292437 0 0 0 0 0 0 0 0 0 0 0 0 0 0 0 0.292437 0 0 0 0 0 0 0 0.292437 0 0 0 0.292437 0 0 0 -3.61882 1.22453 1.22453 0 
0 0 0 0 0 0 0 0 0 0 0 0 0 0 0 0 0 0 0 0 0 0 0 0 0 0 0 0 0 0.292437 0 0 0 0 0 0 0 0 0 0 0 0 0 0 0 0.292437 0 0 0 0 0 0 0 0.292437 0 0 0 0.292437 0 0 0.292437 -2.99286 0 1.53067 
0 0 0 0 0 0 0 0 0 0 0 0 0 0 0 0 0 0 0 0 0 0 0 0 0 0 0 0 0 0 0.292437 0 0 0 0 0 0 0 0 0 0 0 0 0 0 0 0.292437 0 0 0 0 0 0 0 0.292437 0 0 0 0.292437 0 0.292437 0 -2.99286 1.53067 
0 0 0 0 0 0 0 0 0 0 0 0 0 0 0 0 0 0 0 0 0 0 0 0 0 0 0 0 0 0 0 0.292437 0 0 0 0 0 0 0 0 0 0 0 0 0 0 0 0.292437 0 0 0 0 0 0 0 0.292437 0 0 0 0.292437 0 0.292437 0.292437 -1.75462 
