32
-0 0 0 0 0 0 0 0 0 0 0 0 0 0 0 0 0 0 0 0 0 0 0 0 0 0 0 0 0 0 0 0 
0.162861 -0.964141 0 0.20032 0 0.20032 0 0 0 0.20032 0 0 0 0 0 0 0 0.20032 0 0 0 0 0 0 0 0 0 0 0 0 0 0 
0.162861 0 -0.964141 0.20032 0 0 0.20032 0 0 0 0.20032 0 0 0 0 0 0 0 0.20032 0 0 0 0 0 0 0 0 0 0 0 0 0 
0 0.162861 0.162861 -1.52764 0 0 0 0.40064 0 0 0 0.40064 0 0 0 0 0 0 0 0.40064 0 0 0 0 0 0 0 0 0 0 0 0 
0.162861 0 0 0 -0.964141 0.20032 0.20032 0 0 0 0 0 0.20032 0 0 0 0 0 0 0 0.20032 0 0 0 0 0 0 0 0 0 0 0 
0 0.162861 0 0 0.162861 -1.52764 0 0.40064 0 0 0 0 0 0.40064 0 0 0 0 0 0 0 0.40064 0 0 0 0 0 0 0 0 0 0 
0 0 0.162861 0 0.162861 0 -1.52764 0.40064 0 0 0 0 0 0 0.40064 0 0 0 0 0 0 0 0.40064 0 0 0 0 0 0 0 0 0 
0 0 0 0.162861 0 0.162861 0.162861 -1.6905 0 0 0 0 0 0 0 0.60096 0 0 0 0 0 0 0 0.60096 0 0 0 0 0 0 0 0 
0.162861 0 0 0 0 0 0 0 -0.964141 0.20032 0.20032 0 0.20032 0 0 0 0 0 0 0 0 0 0 0 0.20032 0 0 0 0 0 0 0 
0 0.162861 0 0 0 0 0 0 0.162861 -1.52764 0 0.40064 0 0.40064 0 0 0 0 0 0 0 0 0 0 0 0.40064 0 0 0 0 0 0 
0 0 0.162861 0 0 0 0 0 0.162861 0 -1.52764 0.40064 0 0 0.40064 0 0 0 0 0 0 0 0 0 0 0 0.40064 0 0 0 0 0 
0 0 0 0.162861 0 0 0 0 0 0.162861 0.162861 -1.6905 0 0 0 0.60096 0 0 0 0 0 0 0 0 0 0 0 0.60096 0 0 0 0 
0 0 0 0 0.162861 0 0 0 0.162861 0 0 0 -1.52764 0.40064 0.40064 0 0 0 0 0 0 0 0 0 0 0 0 0 0.40064 0 0 0 
0 0 0 0 0 0.162861 0 0 0 0.162861 0 0 0.162861 -1.6905 0 0.60096 0 0 0 0 0 0 0 0 0 0 0 0 0 0.60096 0 0 
0 0 0 0 0 0 0.162861 0 0 0 0.162861 0 0.162861 0 -1.6905 0.60096 0 0 0 0 0 0 0 0 0 0 0 0 0 0 0.60096 0 
0 0 0 0 0 0 0 0.162861 0 0 0 0.162861 0 0.162861 0.162861 -1.45272 0 0 0 0 0 0 0 0 0 0 0 0 0 0 0 0.80128 
0.162861 0 0 0 0 0 0 0 0 0 0 0 0 0 0 0 -0.964141 0.20032 0.20032 0 0.20032 0 0 0 0.20032 0 0 0 0 0 0 0 
0 0.162861 0 0 0 0 0 0 0 0 0 0 0 0 0 0 0.162861 -1.52764 0 0.40064 0 0.40064 0 0 0 0.40064 0 0 0 0 0 0 
0 0 0.162861 0 0 0 0 0 0 0 0 0 0 0 0 0 0.162861 0 -1.52764 0.40064 0 0 0.40064 0 0 0 0.40064 0 0 0 0 0 
0 0 0 0.162861 0 0 0 0 0 0 0 0 0 0 0 0 0 0.162861 0.162861 -1.6905 0 0 0 0.60096 0 0 0 0.60096 0 0 0 0 
0 0 0 0 0.162861 0 0 0 0 0 0 0 0 0 0 0 0.162861 0 0 0 -1.52764 0.40064 0.40064 0 0 0 0 0 0.40064 0 0 0 
0 0 0 0 0 0.162861 0 0 0 0 0 0 0 0 0 0 0 0.162861 0 0 0.162861 -1.6905 0 0.60096 0 0 0 0 0 0.60096 0 0 
0 0 0 0 0 0 0.162861 0 0 0 0 0 0 0 0 0 0 0 0.162861 0 0.162861 0 -1.6905 0.60096 0 0 0 0 0 0 0.60096 0 
0 0 0 0 0 0 0 0.162861 0 0 0 0 0 0 0 0 0 0 0 0.162861 0 0.162861 0.162861 -1.45272 0 0 0 0 0 0 0 0.80128 
0 0 0 0 0 0 0 0 0.162861 0 0 0 0 0 0 0 0.162861 0 0 0 0 0 0 0 -1.52764 0.40064 0.40064 0 0.40064 0 0 0 
0 0 0 0 0 0 0 0 0 0.162861 0 0 0 0 0 0 0 0.162861 0 0 0 0 0 0 0.162861 -1.6905 0 0.60096 0 0.60096 0 0 
0 0 0 0 0 0 0 0 0 0 0.162861 0 0 0 0 0 0 0 0.162861 0 0 0 0 0 0.162861 0 -1.6905 0.60096 0 0 0.60096 0 
0 0 0 0 0 0 0 0 0 0 0 0.162861 0 0 0 0 0 0 0 0.162861 0 0 0 0 0 0.162861 0.162861 -1.45272 0 0 0 0.80128 
0 0 0 0 0 0 0 0 0 0 0 0 0.162861 0 0 0 0 0 0 0 0.162861 0 0 0 0.162861 0 0 0 -1.6905 0.60096 0.60096 0 
0 0 0 0 0 0 0 0 0 0 0 0 0 0.162861 0 0 0 0 0 0 0 0.162861 0 0 0 0.162861 0 0 0.162861 -1.45272 0 0.80128 
0 0 0 0 0 0 0 0 0 0 0 0 0 0 0.162861 0 0 0 0 0 0 0 0.162861 0 0 0 0.162861 0 0.162861 0 -1.45272 0.80128 
0 0 0 0 0 0 0 0 0 0 0 0 0 0 0 0.162861 0 0 0 0 0 0 0 0.162861 0 0 0 0.162861 0 0.162861 0.162861 -0.814305 
