32
-0 0 0 0 0 0 0 0 0 0 0 0 0 0 0 0 0 0 0 0 0 0 0 0 0 0 0 0 0 0 0 0 
0.343673 -1.67037 0 0.331674 0 0.331674 0 0 0 0.331674 0 0 0 0 0 0 0 0.331674 0 0 0 0 0 0 0 0 0 0 0 0 0 0 
0.343673 0 -1.67037 0.331674 0 0 0.331674 0 0 0 0.331674 0 0 0 0 0 0 0 0.331674 0 0 0 0 0 0 0 0 0 0 0 0 0 
0 0.343673 0.343673 -2.67739 0 0 0 0.663347 0 0 0 0.663347 0 0 0 0 0 0 0 0.663347 0 0 0 0 0 0 0 0 0 0 0 0 
0.343673 0 0 0 -1.67037 0.331674 0.331674 0 0 0 0 0 0.331674 0 0 0 0 0 0 0 0.331674 0 0 0 0 0 0 0 0 0 0 0 
0 0.343673 0 0 0.343673 -2.67739 0 0.663347 0 0 0 0 0 0.663347 0 0 0 0 0 0 0 0.663347 0 0 0 0 0 0 0 0 0 0 
0 0 0.343673 0 0.343673 0 -2.67739 0.663347 0 0 0 0 0 0 0.663347 0 0 0 0 0 0 0 0.663347 0 0 0 0 0 0 0 0 0 
0 0 0 0.343673 0 0.343673 0.343673 -3.02106 0 0 0 0 0 0 0 0.995021 0 0 0 0 0 0 0 0.995021 0 0 0 0 0 0 0 0 
0.343673 0 0 0 0 0 0 0 -1.67037 0.331674 0.331674 0 0.331674 0 0 0 0 0 0 0 0 0 0 0 0.331674 0 0 0 0 0 0 0 
0 0.343673 0 0 0 0 0 0 0.343673 -2.67739 0 0.663347 0 0.663347 0 0 0 0 0 0 0 0 0 0 0 0.663347 0 0 0 0 0 0 
0 0 0.343673 0 0 0 0 0 0.343673 0 -2.67739 0.663347 0 0 0.663347 0 0 0 0 0 0 0 0 0 0 0 0.663347 0 0 0 0 0 
0 0 0 0.343673 0 0 0 0 0 0.343673 0.343673 -3.02106 0 0 0 0.995021 0 0 0 0 0 0 0 0 0 0 0 0.995021 0 0 0 0 
0 0 0 0 0.343673 0 0 0 0.343673 0 0 0 -2.67739 0.663347 0.663347 0 0 0 0 0 0 0 0 0 0 0 0 0 0.663347 0 0 0 
0 0 0 0 0 0.343673 0 0 0 0.343673 0 0 0.343673 -3.02106 0 0.995021 0 0 0 0 0 0 0 0 0 0 0 0 0 0.995021 0 0 
0 0 0 0 0 0 0.343673 0 0 0 0.343673 0 0.343673 0 -3.02106 0.995021 0 0 0 0 0 0 0 0 0 0 0 0 0 0 0.995021 0 
0 0 0 0 0 0 0 0.343673 0 0 0 0.343673 0 0.343673 0.343673 -2.70139 0 0 0 0 0 0 0 0 0 0 0 0 0 0 0 1.32669 
0.343673 0 0 0 0 0 0 0 0 0 0 0 0 0 0 0 -1.67037 0.331674 0.331674 0 0.331674 0 0 0 0.331674 0 0 0 0 0 0 0 
0 0.343673 0 0 0 0 0 0 0 0 0 0 0 0 0 0 0.343673 -2.67739 0 0.663347 0 0.663347 0 0 0 0.663347 0 0 0 0 0 0 
0 0 0.343673 0 0 0 0 0 0 0 0 0 0 0 0 0 0.343673 0 -2.67739 0.663347 0 0 0.663347 0 0 0 0.663347 0 0 0 0 0 
0 0 0 0.343673 0 0 0 0 0 0 0 0 0 0 0 0 0 0.343673 0.343673 -3.02106 0 0 0 0.995021 0 0 0 0.995021 0 0 0 0 
0 0 0 0 0.343673 0 0 0 0 0 0 0 0 0 0 0 0.343673 0 0 0 -2.67739 0.663347 0.663347 0 0 0 0 0 0.663347 0 0 0 
0 0 0 0 0 0.343673 0 0 0 0 0 0 0 0 0 0 0 0.343673 0 0 0.343673 -3.02106 0 0.995021 0 0 0 0 0 0.995021 0 0 
0 0 0 0 0 0 0.343673 0 0 0 0 0 0 0 0 0 0 0 0.343673 0 0.343673 0 -3.02106 0.995021 0 0 0 0 0 0 0.995021 0 
0 0 0 0 0 0 0 0.343673 0 0 0 0 0 0 0 0 0 0 0 0.343673 0 0.343673 0.343673 -2.70139 0 0 0 0 0 0 0 1.32669 
0 0 0 0 0 0 0 0 0.343673 0 0 0 0 0 0 0 0.343673 0 0 0 0 0 0 0 -2.67739 0.663347 0.663347 0 0.663347 0 0 0 
0 0 0 0 0 0 0 0 0 0.343673 0 0 0 0 0 0 0 0.343673 0 0 0 0 0 0 0.343673 -3.02106 0 0.995021 0 0.995021 0 0 
0 0 0 0 0 0 0 0 0 0 0.343673 0 0 0 0 0 0 0 0.343673 0 0 0 0 0 0.343673 0 -3.02106 0.995021 0 0 0.995021 0 
0 0 0 0 0 0 0 0 0 0 0 0.343673 0 0 0 0 0 0 0 0.343673 0 0 0 0 0 0.343673 0.343673 -2.70139 0 0 0 1.32669 
0 0 0 0 0 0 0 0 0 0 0 0 0.343673 0 0 0 0 0 0 0 0.343673 0 0 0 0.343673 0 0 0 -3.02106 0.995021 0.995021 0 
0 0 0 0 0 0 0 0 0 0 0 0 0 0.343673 0 0 0 0 0 0 0 0.343673 0 0 0 0.343673 0 0 0.343673 -2.70139 0 1.32669 
0 0 0 0 0 0 0 0 0 0 0 0 0 0 0.343673 0 0 0 0 0 0 0 0.343673 0 0 0 0.343673 0 0.343673 0 -2.70139 1.32669 
0 0 0 0 0 0 0 0 0 0 0 0 0 0 0 0.343673 0 0 0 0 0 0 0 0.343673 0 0 0 0.343673 0 0.343673 0.343673 -1.71837 
