64
-0 0 0 0 0 0 0 0 0 0 0 0 0 0 0 0 0 0 0 0 0 0 0 0 0 0 0 0 0 0 0 0 0 0 0 0 0 0 0 0 0 0 0 0 0 0 0 0 0 0 0 0 0 0 0 0 0 0 0 0 0 0 0 0 
0.620535 -3.19561 0 0.515015 0 0.515015 0 0 0 0.515015 0 0 0 0 0 0 0 0.515015 0 0 0 0 0 0 0 0 0 0 0 0 0 0 0 0.515015 0 0 0 0 0 0 0 0 0 0 0 0 0 0 0 0 0 0 0 0 0 0 0 0 0 0 0 0 0 0 
0.620535 0 -3.19561 0.515015 0 0 0.515015 0 0 0 0.515015 0 0 0 0 0 0 0 0.515015 0 0 0 0 0 0 0 0 0 0 0 0 0 0 0 0.515015 0 0 0 0 0 0 0 0 0 0 0 0 0 0 0 0 0 0 0 0 0 0 0 0 0 0 0 0 0 
0 0.620535 0.620535 -5.36119 0 0 0 1.03003 0 0 0 1.03003 0 0 0 0 0 0 0 1.03003 0 0 0 0 0 0 0 0 0 0 0 0 0 0 0 1.03003 0 0 0 0 0 0 0 0 0 0 0 0 0 0 0 0 0 0 0 0 0 0 0 0 0 0 0 0 
0.620535 0 0 0 -3.19561 0.515015 0.515015 0 0 0 0 0 0.515015 0 0 0 0 0 0 0 0.515015 0 0 0 0 0 0 0 0 0 0 0 0 0 0 0 0.515015 0 0 0 0 0 0 0 0 0 0 0 0 0 0 0 0 0 0 0 0 0 0 0 0 0 0 0 
0 0.620535 0 0 0.620535 -5.36119 0 1.03003 0 0 0 0 0 1.03003 0 0 0 0 0 0 0 1.03003 0 0 0 0 0 0 0 0 0 0 0 0 0 0 0 1.03003 0 0 0 0 0 0 0 0 0 0 0 0 0 0 0 0 0 0 0 0 0 0 0 0 0 0 
0 0 0.620535 0 0.620535 0 -5.36119 1.03003 0 0 0 0 0 0 1.03003 0 0 0 0 0 0 0 1.03003 0 0 0 0 0 0 0 0 0 0 0 0 0 0 0 1.03003 0 0 0 0 0 0 0 0 0 0 0 0 0 0 0 0 0 0 0 0 0 0 0 0 0 
0 0 0 0.620535 0 0.620535 0.620535 -6.49674 0 0 0 0 0 0 0 1.54504 0 0 0 0 0 0 0 1.54504 0 0 0 0 0 0 0 0 0 0 0 0 0 0 0 1.54504 0 0 0 0 0 0 0 0 0 0 0 0 0 0 0 0 0 0 0 0 0 0 0 0 
0.620535 0 0 0 0 0 0 0 -3.19561 0.515015 0.515015 0 0.515015 0 0 0 0 0 0 0 0 0 0 0 0.515015 0 0 0 0 0 0 0 0 0 0 0 0 0 0 0 0.515015 0 0 0 0 0 0 0 0 0 0 0 0 0 0 0 0 0 0 0 0 0 0 0 
0 0.620535 0 0 0 0 0 0 0.620535 -5.36119 0 1.03003 0 1.03003 0 0 0 0 0 0 0 0 0 0 0 1.03003 0 0 0 0 0 0 0 0 0 0 0 0 0 0 0 1.03003 0 0 0 0 0 0 0 0 0 0 0 0 0 0 0 0 0 0 0 0 0 0 
0 0 0.620535 0 0 0 0 0 0.620535 0 -5.36119 1.03003 0 0 1.03003 0 0 0 0 0 0 0 0 0 0 0 1.03003 0 0 0 0 0 0 0 0 0 0 0 0 0 0 0 1.03003 0 0 0 0 0 0 0 0 0 0 0 0 0 0 0 0 0 0 0 0 0 
0 0 0 0.620535 0 0 0 0 0 0.620535 0.620535 -6.49674 0 0 0 1.54504 0 0 0 0 0 0 0 0 0 0 0 1.54504 0 0 0 0 0 0 0 0 0 0 0 0 0 0 0 1.54504 0 0 0 0 0 0 0 0 0 0 0 0 0 0 0 0 0 0 0 0 
0 0 0 0 0.620535 0 0 0 0.620535 0 0 0 -5.36119 1.03003 1.03003 0 0 0 0 0 0 0 0 0 0 0 0 0 1.03003 0 0 0 0 0 0 0 0 0 0 0 0 0 0 0 1.03003 0 0 0 0 0 0 0 0 0 0 0 0 0 0 0 0 0 0 0 
0 0 0 0 0 0.620535 0 0 0 0.620535 0 0 0.620535 -6.49674 0 1.54504 0 0 0 0 0 0 0 0 0 0 0 0 0 1.54504 0 0 0 0 0 0 0 0 0 0 0 0 0 0 0 1.54504 0 0 0 0 0 0 0 0 0 0 0 0 0 0 0 0 0 0 
0 0 0 0 0 0 0.620535 0 0 0 0.620535 0 0.620535 0 -6.49674 1.54504 0 0 0 0 0 0 0 0 0 0 0 0 0 0 1.54504 0 0 0 0 0 0 0 0 0 0 0 0 0 0 0 1.54504 0 0 0 0 0 0 0 0 0 0 0 0 0 0 0 0 0 
0 0 0 0 0 0 0 0.620535 0 0 0 0.620535 0 0.620535 0.620535 -6.60226 0 0 0 0 0 0 0 0 0 0 0 0 0 0 0 2.06006 0 0 0 0 0 0 0 0 0 0 0 0 0 0 0 2.06006 0 0 0 0 0 0 0 0 0 0 0 0 0 0 0 0 
0.620535 0 0 0 0 0 0 0 0 0 0 0 0 0 0 0 -3.19561 0.515015 0.515015 0 0.515015 0 0 0 0.515015 0 0 0 0 0 0 0 0 0 0 0 0 0 0 0 0 0 0 0 0 0 0 0 0.515015 0 0 0 0 0 0 0 0 0 0 0 0 0 0 0 
0 0.620535 0 0 0 0 0 0 0 0 0 0 0 0 0 0 0.620535 -5.36119 0 1.03003 0 1.03003 0 0 0 1.03003 0 0 0 0 0 0 0 0 0 0 0 0 0 0 0 0 0 0 0 0 0 0 0 1.03003 0 0 0 0 0 0 0 0 0 0 0 0 0 0 
0 0 0.620535 0 0 0 0 0 0 0 0 0 0 0 0 0 0.620535 0 -5.36119 1.03003 0 0 1.03003 0 0 0 1.03003 0 0 0 0 0 0 0 0 0 0 0 0 0 0 0 0 0 0 0 0 0 0 0 1.03003 0 0 0 0 0 0 0 0 0 0 0 0 0 
0 0 0 0.620535 0 0 0 0 0 0 0 0 0 0 0 0 0 0.620535 0.620535 -6.49674 0 0 0 1.54504 0 0 0 1.54504 0 0 0 0 0 0 0 0 0 0 0 0 0 0 0 0 0 0 0 0 0 0 0 1.54504 0 0 0 0 0 0 0 0 0 0 0 0 
0 0 0 0 0.620535 0 0 0 0 0 0 0 0 0 0 0 0.620535 0 0 0 -5.36119 1.03003 1.03003 0 0 0 0 0 1.03003 0 0 0 0 0 0 0 0 0 0 0 0 0 0 0 0 0 0 0 0 0 0 0 1.03003 0 0 0 0 0 0 0 0 0 0 0 
0 0 0 0 0 0.620535 0 0 0 0 0 0 0 0 0 0 0 0.620535 0 0 0.620535 -6.49674 0 1.54504 0 0 0 0 0 1.54504 0 0 0 0 0 0 0 0 0 0 0 0 0 0 0 0 0 0 0 0 0 0 0 1.54504 0 0 0 0 0 0 0 0 0 0 
0 0 0 0 0 0 0.620535 0 0 0 0 0 0 0 0 0 0 0 0.620535 0 0.620535 0 -6.49674 1.54504 0 0 0 0 0 0 1.54504 0 0 0 0 0 0 0 0 0 0 0 0 0 0 0 0 0 0 0 0 0 0 0 1.54504 0 0 0 0 0 0 0 0 0 
0 0 0 0 0 0 0 0.620535 0 0 0 0 0 0 0 0 0 0 0 0.620535 0 0.620535 0.620535 -6.60226 0 0 0 0 0 0 0 2.06006 0 0 0 0 0 0 0 0 0 0 0 0 0 0 0 0 0 0 0 0 0 0 0 2.06006 0 0 0 0 0 0 0 0 
0 0 0 0 0 0 0 0 0.620535 0 0 0 0 0 0 0 0.620535 0 0 0 0 0 0 0 -5.36119 1.03003 1.03003 0 1.03003 0 0 0 0 0 0 0 0 0 0 0 0 0 0 0 0 0 0 0 0 0 0 0 0 0 0 0 1.03003 0 0 0 0 0 0 0 
0 0 0 0 0 0 0 0 0 0.620535 0 0 0 0 0 0 0 0.620535 0 0 0 0 0 0 0.620535 -6.49674 0 1.54504 0 1.54504 0 0 0 0 0 0 0 0 0 0 0 0 0 0 0 0 0 0 0 0 0 0 0 0 0 0 0 1.54504 0 0 0 0 0 0 
0 0 0 0 0 0 0 0 0 0 0.620535 0 0 0 0 0 0 0 0.620535 0 0 0 0 0 0.620535 0 -6.49674 1.54504 0 0 1.54504 0 0 0 0 0 0 0 0 0 0 0 0 0 0 0 0 0 0 0 0 0 0 0 0 0 0 0 1.54504 0 0 0 0 0 
0 0 0 0 0 0 0 0 0 0 0 0.620535 0 0 0 0 0 0 0 0.620535 0 0 0 0 0 0.620535 0.620535 -6.60226 0 0 0 2.06006 0 0 0 0 0 0 0 0 0 0 0 0 0 0 0 0 0 0 0 0 0 0 0 0 0 0 0 2.06006 0 0 0 0 
0 0 0 0 0 0 0 0 0 0 0 0 0.620535 0 0 0 0 0 0 0 0.620535 0 0 0 0.620535 0 0 0 -6.49674 1.54504 1.54504 0 0 0 0 0 0 0 0 0 0 0 0 0 0 0 0 0 0 0 0 0 0 0 0 0 0 0 0 0 1.54504 0 0 0 
0 0 0 0 0 0 0 0 0 0 0 0 0 0.620535 0 0 0 0 0 0 0 0.620535 0 0 0 0.620535 0 0 0.620535 -6.60226 0 2.06006 0 0 0 0 0 0 0 0 0 0 0 0 0 0 0 0 0 0 0 0 0 0 0 0 0 0 0 0 0 2.06006 0 0 
0 0 0 0 0 0 0 0 0 0 0 0 0 0 0.620535 0 0 0 0 0 0 0 0.620535 0 0 0 0.620535 0 0.620535 0 -6.60226 2.06006 0 0 0 0 0 0 0 0 0 0 0 0 0 0 0 0 0 0 0 0 0 0 0 0 0 0 0 0 0 0 2.06006 0 
0 0 0 0 0 0 0 0 0 0 0 0 0 0 0 0.620535 0 0 0 0 0 0 0 0.620535 0 0 0 0.620535 0 0.620535 0.620535 -5.67775 0 0 0 0 0 0 0 0 0 0 0 0 0 0 0 0 0 0 0 0 0 0 0 0 0 0 0 0 0 0 0 2.57507 
0.620535 0 0 0 0 0 0 0 0 0 0 0 0 0 0 0 0 0 0 0 0 0 0 0 0 0 0 0 0 0 0 0 -3.19561 0.515015 0.515015 0 0.515015 0 0 0 0.515015 0 0 0 0 0 0 0 0.515015 0 0 0 0 0 0 0 0 0 0 0 0 0 0 0 
0 0.620535 0 0 0 0 0 0 0 0 0 0 0 0 0 0 0 0 0 0 0 0 0 0 0 0 0 0 0 0 0 0 0.620535 -5.36119 0 1.03003 0 1.03003 0 0 0 1.03003 0 0 0 0 0 0 0 1.03003 0 0 0 0 0 0 0 0 0 0 0 0 0 0 
0 0 0.620535 0 0 0 0 0 0 0 0 0 0 0 0 0 0 0 0 0 0 0 0 0 0 0 0 0 0 0 0 0 0.620535 0 -5.36119 1.03003 0 0 1.03003 0 0 0 1.03003 0 0 0 0 0 0 0 1.03003 0 0 0 0 0 0 0 0 0 0 0 0 0 
0 0 0 0.620535 0 0 0 0 0 0 0 0 0 0 0 0 0 0 0 0 0 0 0 0 0 0 0 0 0 0 0 0 0 0.620535 0.620535 -6.49674 0 0 0 1.54504 0 0 0 1.54504 0 0 0 0 0 0 0 1.54504 0 0 0 0 0 0 0 0 0 0 0 0 
0 0 0 0 0.620535 0 0 0 0 0 0 0 0 0 0 0 0 0 0 0 0 0 0 0 0 0 0 0 0 0 0 0 0.620535 0 0 0 -5.36119 1.03003 1.03003 0 0 0 0 0 1.03003 0 0 0 0 0 0 0 1.03003 0 0 0 0 0 0 0 0 0 0 0 
0 0 0 0 0 0.620535 0 0 0 0 0 0 0 0 0 0 0 0 0 0 0 0 0 0 0 0 0 0 0 0 0 0 0 0.620535 0 0 0.620535 -6.49674 0 1.54504 0 0 0 0 0 1.54504 0 0 0 0 0 0 0 1.54504 0 0 0 0 0 0 0 0 0 0 
0 0 0 0 0 0 0.620535 0 0 0 0 0 0 0 0 0 0 0 0 0 0 0 0 0 0 0 0 0 0 0 0 0 0 0 0.620535 0 0.620535 0 -6.49674 1.54504 0 0 0 0 0 0 1.54504 0 0 0 0 0 0 0 1.54504 0 0 0 0 0 0 0 0 0 
0 0 0 0 0 0 0 0.620535 0 0 0 0 0 0 0 0 0 0 0 0 0 0 0 0 0 0 0 0 0 0 0 0 0 0 0 0.620535 0 0.620535 0.620535 -6.60226 0 0 0 0 0 0 0 2.06006 0 0 0 0 0 0 0 2.06006 0 0 0 0 0 0 0 0 
0 0 0 0 0 0 0 0 0.620535 0 0 0 0 0 0 0 0 0 0 0 0 0 0 0 0 0 0 0 0 0 0 0 0.620535 0 0 0 0 0 0 0 -5.36119 1.03003 1.03003 0 1.03003 0 0 0 0 0 0 0 0 0 0 0 1.03003 0 0 0 0 0 0 0 
0 0 0 0 0 0 0 0 0 0.620535 0 0 0 0 0 0 0 0 0 0 0 0 0 0 0 0 0 0 0 0 0 0 0 0.620535 0 0 0 0 0 0 0.620535 -6.49674 0 1.54504 0 1.54504 0 0 0 0 0 0 0 0 0 0 0 1.54504 0 0 0 0 0 0 
0 0 0 0 0 0 0 0 0 0 0.620535 0 0 0 0 0 0 0 0 0 0 0 0 0 0 0 0 0 0 0 0 0 0 0 0.620535 0 0 0 0 0 0.620535 0 -6.49674 1.54504 0 0 1.54504 0 0 0 0 0 0 0 0 0 0 0 1.54504 0 0 0 0 0 
0 0 0 0 0 0 0 0 0 0 0 0.620535 0 0 0 0 0 0 0 0 0 0 0 0 0 0 0 0 0 0 0 0 0 0 0 0.620535 0 0 0 0 0 0.620535 0.620535 -6.60226 0 0 0 2.06006 0 0 0 0 0 0 0 0 0 0 0 2.06006 0 0 0 0 
0 0 0 0 0 0 0 0 0 0 0 0 0.620535 0 0 0 0 0 0 0 0 0 0 0 0 0 0 0 0 0 0 0 0 0 0 0 0.620535 0 0 0 0.620535 0 0 0 -6.49674 1.54504 1.54504 0 0 0 0 0 0 0 0 0 0 0 0 0 1.54504 0 0 0 
0 0 0 0 0 0 0 0 0 0 0 0 0 0.620535 0 0 0 0 0 0 0 0 0 0 0 0 0 0 0 0 0 0 0 0 0 0 0 0.620535 0 0 0 0.620535 0 0 0.620535 -6.60226 0 2.06006 0 0 0 0 0 0 0 0 0 0 0 0 0 2.06006 0 0 
0 0 0 0 0 0 0 0 0 0 0 0 0 0 0.620535 0 0 0 0 0 0 0 0 0 0 0 0 0 0 0 0 0 0 0 0 0 0 0 0.620535 0 0 0 0.620535 0 0.620535 0 -6.60226 2.06006 0 0 0 0 0 0 0 0 0 0 0 0 0 0 2.06006 0 
0 0 0 0 0 0 0 0 0 0 0 0 0 0 0 0.620535 0 0 0 0 0 0 0 0 0 0 0 0 0 0 0 0 0 0 0 0 0 0 0 0.620535 0 0 0 0.620535 0 0.620535 0.620535 -5.67775 0 0 0 0 0 0 0 0 0 0 0 0 0 0 0 2.57507 
0 0 0 0 0 0 0 0 0 0 0 0 0 0 0 0 0.620535 0 0 0 0 0 0 0 0 0 0 0 0 0 0 0 0.620535 0 0 0 0 0 0 0 0 0 0 0 0 0 0 0 -5.36119 1.03003 1.03003 0 1.03003 0 0 0 1.03003 0 0 0 0 0 0 0 
0 0 0 0 0 0 0 0 0 0 0 0 0 0 0 0 0 0.620535 0 0 0 0 0 0 0 0 0 0 0 0 0 0 0 0.620535 0 0 0 0 0 0 0 0 0 0 0 0 0 0 0.620535 -6.49674 0 1.54504 0 1.54504 0 0 0 1.54504 0 0 0 0 0 0 
0 0 0 0 0 0 0 0 0 0 0 0 0 0 0 0 0 0 0.620535 0 0 0 0 0 0 0 0 0 0 0 0 0 0 0 0.620535 0 0 0 0 0 0 0 0 0 0 0 0 0 0.620535 0 -6.49674 1.54504 0 0 1.54504 0 0 0 1.54504 0 0 0 0 0 
0 0 0 0 0 0 0 0 0 0 0 0 0 0 0 0 0 0 0 0.620535 0 0 0 0 0 0 0 0 0 0 0 0 0 0 0 0.620535 0 0 0 0 0 0 0 0 0 0 0 0 0 0.620535 0.620535 -6.60226 0 0 0 2.06006 0 0 0 2.06006 0 0 0 0 
0 0 0 0 0 0 0 0 0 0 0 0 0 0 0 0 0 0 0 0 0.620535 0 0 0 0 0 0 0 0 0 0 0 0 0 0 0 0.620535 0 0 0 0 0 0 0 0 0 0 0 0.620535 0 0 0 -6.49674 1.54504 1.54504 0 0 0 0 0 1.54504 0 0 0 
0 0 0 0 0 0 0 0 0 0 0 0 0 0 0 0 0 0 0 0 0 0.620535 0 0 0 0 0 0 0 0 0 0 0 0 0 0 0 0.620535 0 0 0 0 0 0 0 0 0 0 0 0.620535 0 0 0.620535 -6.60226 0 2.06006 0 0 0 0 0 2.06006 0 0 
0 0 0 0 0 0 0 0 0 0 0 0 0 0 0 0 0 0 0 0 0 0 0.620535 0 0 0 0 0 0 0 0 0 0 0 0 0 0 0 0.620535 0 0 0 0 0 0 0 0 0 0 0 0.620535 0 0.620535 0 -6.60226 2.06006 0 0 0 0 0 0 2.06006 0 
0 0 0 0 0 0 0 0 0 0 0 0 0 0 0 0 0 0 0 0 0 0 0 0.620535 0 0 0 0 0 0 0 0 0 0 0 0 0 0 0 0.620535 0 0 0 0 0 0 0 0 0 0 0 0.620535 0 0.620535 0.620535 -5.67775 0 0 0 0 0 0 0 2.57507 
0 0 0 0 0 0 0 0 0 0 0 0 0 0 0 0 0 0 0 0 0 0 0 0 0.620535 0 0 0 0 0 0 0 0 0 0 0 0 0 0 0 0.620535 0 0 0 0 0 0 0 0.620535 0 0 0 0 0 0 0 -6.49674 1.54504 1.54504 0 1.54504 0 0 0 
0 0 0 0 0 0 0 0 0 0 0 0 0 0 0 0 0 0 0 0 0 0 0 0 0 0.620535 0 0 0 0 0 0 0 0 0 0 0 0 0 0 0 0.620535 0 0 0 0 0 0 0 0.620535 0 0 0 0 0 0 0.620535 -6.60226 0 2.06006 0 2.06006 0 0 
0 0 0 0 0 0 0 0 0 0 0 0 0 0 0 0 0 0 0 0 0 0 0 0 0 0 0.620535 0 0 0 0 0 0 0 0 0 0 0 0 0 0 0 0.620535 0 0 0 0 0 0 0 0.620535 0 0 0 0 0 0.620535 0 -6.60226 2.06006 0 0 2.06006 0 
0 0 0 0 0 0 0 0 0 0 0 0 0 0 0 0 0 0 0 0 0 0 0 0 0 0 0 0.620535 0 0 0 0 0 0 0 0 0 0 0 0 0 0 0 0.620535 0 0 0 0 0 0 0 0.620535 0 0 0 0 0 0.620535 0.620535 -5.67775 0 0 0 2.57507 
0 0 0 0 0 0 0 0 0 0 0 0 0 0 0 0 0 0 0 0 0 0 0 0 0 0 0 0 0.620535 0 0 0 0 0 0 0 0 0 0 0 0 0 0 0 0.620535 0 0 0 0 0 0 0 0.620535 0 0 0 0.620535 0 0 0 -6.60226 2.06006 2.06006 0 
0 0 0 0 0 0 0 0 0 0 0 0 0 0 0 0 0 0 0 0 0 0 0 0 0 0 0 0 0 0.620535 0 0 0 0 0 0 0 0 0 0 0 0 0 0 0 0.620535 0 0 0 0 0 0 0 0.620535 0 0 0 0.620535 0 0 0.620535 -5.67775 0 2.57507 
0 0 0 0 0 0 0 0 0 0 0 0 0 0 0 0 0 0 0 0 0 0 0 0 0 0 0 0 0 0 0.620535 0 0 0 0 0 0 0 0 0 0 0 0 0 0 0 0.620535 0 0 0 0 0 0 0 0.620535 0 0 0 0.620535 0 0.620535 0 -5.67775 2.57507 
0 0 0 0 0 0 0 0 0 0 0 0 0 0 0 0 0 0 0 0 0 0 0 0 0 0 0 0 0 0 0 0.620535 0 0 0 0 0 0 0 0 0 0 0 0 0 0 0 0.620535 0 0 0 0 0 0 0 0.620535 0 0 0 0.620535 0 0.620535 0.620535 -3.72321 
