64
-0 0 0 0 0 0 0 0 0 0 0 0 0 0 0 0 0 0 0 0 0 0 0 0 0 0 0 0 0 0 0 0 0 0 0 0 0 0 0 0 0 0 0 0 0 0 0 0 0 0 0 0 0 0 0 0 0 0 0 0 0 0 0 0 
0.553839 -2.67561 0 0.424354 0 0.424354 0 0 0 0.424354 0 0 0 0 0 0 0 0.424354 0 0 0 0 0 0 0 0 0 0 0 0 0 0 0 0.424354 0 0 0 0 0 0 0 0 0 0 0 0 0 0 0 0 0 0 0 0 0 0 0 0 0 0 0 0 0 0 
0.553839 0 -2.67561 0.424354 0 0 0.424354 0 0 0 0.424354 0 0 0 0 0 0 0 0.424354 0 0 0 0 0 0 0 0 0 0 0 0 0 0 0 0.424354 0 0 0 0 0 0 0 0 0 0 0 0 0 0 0 0 0 0 0 0 0 0 0 0 0 0 0 0 0 
0 0.553839 0.553839 -4.50251 0 0 0 0.848707 0 0 0 0.848707 0 0 0 0 0 0 0 0.848707 0 0 0 0 0 0 0 0 0 0 0 0 0 0 0 0.848707 0 0 0 0 0 0 0 0 0 0 0 0 0 0 0 0 0 0 0 0 0 0 0 0 0 0 0 0 
0.553839 0 0 0 -2.67561 0.424354 0.424354 0 0 0 0 0 0.424354 0 0 0 0 0 0 0 0.424354 0 0 0 0 0 0 0 0 0 0 0 0 0 0 0 0.424354 0 0 0 0 0 0 0 0 0 0 0 0 0 0 0 0 0 0 0 0 0 0 0 0 0 0 0 
0 0.553839 0 0 0.553839 -4.50251 0 0.848707 0 0 0 0 0 0.848707 0 0 0 0 0 0 0 0.848707 0 0 0 0 0 0 0 0 0 0 0 0 0 0 0 0.848707 0 0 0 0 0 0 0 0 0 0 0 0 0 0 0 0 0 0 0 0 0 0 0 0 0 0 
0 0 0.553839 0 0.553839 0 -4.50251 0.848707 0 0 0 0 0 0 0.848707 0 0 0 0 0 0 0 0.848707 0 0 0 0 0 0 0 0 0 0 0 0 0 0 0 0.848707 0 0 0 0 0 0 0 0 0 0 0 0 0 0 0 0 0 0 0 0 0 0 0 0 0 
0 0 0 0.553839 0 0.553839 0.553839 -5.4807 0 0 0 0 0 0 0 1.27306 0 0 0 0 0 0 0 1.27306 0 0 0 0 0 0 0 0 0 0 0 0 0 0 0 1.27306 0 0 0 0 0 0 0 0 0 0 0 0 0 0 0 0 0 0 0 0 0 0 0 0 
0.553839 0 0 0 0 0 0 0 -2.67561 0.424354 0.424354 0 0.424354 0 0 0 0 0 0 0 0 0 0 0 0.424354 0 0 0 0 0 0 0 0 0 0 0 0 0 0 0 0.424354 0 0 0 0 0 0 0 0 0 0 0 0 0 0 0 0 0 0 0 0 0 0 0 
0 0.553839 0 0 0 0 0 0 0.553839 -4.50251 0 0.848707 0 0.848707 0 0 0 0 0 0 0 0 0 0 0 0.848707 0 0 0 0 0 0 0 0 0 0 0 0 0 0 0 0.848707 0 0 0 0 0 0 0 0 0 0 0 0 0 0 0 0 0 0 0 0 0 0 
0 0 0.553839 0 0 0 0 0 0.553839 0 -4.50251 0.848707 0 0 0.848707 0 0 0 0 0 0 0 0 0 0 0 0.848707 0 0 0 0 0 0 0 0 0 0 0 0 0 0 0 0.848707 0 0 0 0 0 0 0 0 0 0 0 0 0 0 0 0 0 0 0 0 0 
0 0 0 0.553839 0 0 0 0 0 0.553839 0.553839 -5.4807 0 0 0 1.27306 0 0 0 0 0 0 0 0 0 0 0 1.27306 0 0 0 0 0 0 0 0 0 0 0 0 0 0 0 1.27306 0 0 0 0 0 0 0 0 0 0 0 0 0 0 0 0 0 0 0 0 
0 0 0 0 0.553839 0 0 0 0.553839 0 0 0 -4.50251 0.848707 0.848707 0 0 0 0 0 0 0 0 0 0 0 0 0 0.848707 0 0 0 0 0 0 0 0 0 0 0 0 0 0 0 0.848707 0 0 0 0 0 0 0 0 0 0 0 0 0 0 0 0 0 0 0 
0 0 0 0 0 0.553839 0 0 0 0.553839 0 0 0.553839 -5.4807 0 1.27306 0 0 0 0 0 0 0 0 0 0 0 0 0 1.27306 0 0 0 0 0 0 0 0 0 0 0 0 0 0 0 1.27306 0 0 0 0 0 0 0 0 0 0 0 0 0 0 0 0 0 0 
0 0 0 0 0 0 0.553839 0 0 0 0.553839 0 0.553839 0 -5.4807 1.27306 0 0 0 0 0 0 0 0 0 0 0 0 0 0 1.27306 0 0 0 0 0 0 0 0 0 0 0 0 0 0 0 1.27306 0 0 0 0 0 0 0 0 0 0 0 0 0 0 0 0 0 
0 0 0 0 0 0 0 0.553839 0 0 0 0.553839 0 0.553839 0.553839 -5.61018 0 0 0 0 0 0 0 0 0 0 0 0 0 0 0 1.69741 0 0 0 0 0 0 0 0 0 0 0 0 0 0 0 1.69741 0 0 0 0 0 0 0 0 0 0 0 0 0 0 0 0 
0.553839 0 0 0 0 0 0 0 0 0 0 0 0 0 0 0 -2.67561 0.424354 0.424354 0 0.424354 0 0 0 0.424354 0 0 0 0 0 0 0 0 0 0 0 0 0 0 0 0 0 0 0 0 0 0 0 0.424354 0 0 0 0 0 0 0 0 0 0 0 0 0 0 0 
0 0.553839 0 0 0 0 0 0 0 0 0 0 0 0 0 0 0.553839 -4.50251 0 0.848707 0 0.848707 0 0 0 0.848707 0 0 0 0 0 0 0 0 0 0 0 0 0 0 0 0 0 0 0 0 0 0 0 0.848707 0 0 0 0 0 0 0 0 0 0 0 0 0 0 
0 0 0.553839 0 0 0 0 0 0 0 0 0 0 0 0 0 0.553839 0 -4.50251 0.848707 0 0 0.848707 0 0 0 0.848707 0 0 0 0 0 0 0 0 0 0 0 0 0 0 0 0 0 0 0 0 0 0 0 0.848707 0 0 0 0 0 0 0 0 0 0 0 0 0 
0 0 0 0.553839 0 0 0 0 0 0 0 0 0 0 0 0 0 0.553839 0.553839 -5.4807 0 0 0 1.27306 0 0 0 1.27306 0 0 0 0 0 0 0 0 0 0 0 0 0 0 0 0 0 0 0 0 0 0 0 1.27306 0 0 0 0 0 0 0 0 0 0 0 0 
0 0 0 0 0.553839 0 0 0 0 0 0 0 0 0 0 0 0.553839 0 0 0 -4.50251 0.848707 0.848707 0 0 0 0 0 0.848707 0 0 0 0 0 0 0 0 0 0 0 0 0 0 0 0 0 0 0 0 0 0 0 0.848707 0 0 0 0 0 0 0 0 0 0 0 
0 0 0 0 0 0.553839 0 0 0 0 0 0 0 0 0 0 0 0.553839 0 0 0.553839 -5.4807 0 1.27306 0 0 0 0 0 1.27306 0 0 0 0 0 0 0 0 0 0 0 0 0 0 0 0 0 0 0 0 0 0 0 1.27306 0 0 0 0 0 0 0 0 0 0 
0 0 0 0 0 0 0.553839 0 0 0 0 0 0 0 0 0 0 0 0.553839 0 0.553839 0 -5.4807 1.27306 0 0 0 0 0 0 1.27306 0 0 0 0 0 0 0 0 0 0 0 0 0 0 0 0 0 0 0 0 0 0 0 1.27306 0 0 0 0 0 0 0 0 0 
0 0 0 0 0 0 0 0.553839 0 0 0 0 0 0 0 0 0 0 0 0.553839 0 0.553839 0.553839 -5.61018 0 0 0 0 0 0 0 1.69741 0 0 0 0 0 0 0 0 0 0 0 0 0 0 0 0 0 0 0 0 0 0 0 1.69741 0 0 0 0 0 0 0 0 
0 0 0 0 0 0 0 0 0.553839 0 0 0 0 0 0 0 0.553839 0 0 0 0 0 0 0 -4.50251 0.848707 0.848707 0 0.848707 0 0 0 0 0 0 0 0 0 0 0 0 0 0 0 0 0 0 0 0 0 0 0 0 0 0 0 0.848707 0 0 0 0 0 0 0 
0 0 0 0 0 0 0 0 0 0.553839 0 0 0 0 0 0 0 0.553839 0 0 0 0 0 0 0.553839 -5.4807 0 1.27306 0 1.27306 0 0 0 0 0 0 0 0 0 0 0 0 0 0 0 0 0 0 0 0 0 0 0 0 0 0 0 1.27306 0 0 0 0 0 0 
0 0 0 0 0 0 0 0 0 0 0.553839 0 0 0 0 0 0 0 0.553839 0 0 0 0 0 0.553839 0 -5.4807 1.27306 0 0 1.27306 0 0 0 0 0 0 0 0 0 0 0 0 0 0 0 0 0 0 0 0 0 0 0 0 0 0 0 1.27306 0 0 0 0 0 
0 0 0 0 0 0 0 0 0 0 0 0.553839 0 0 0 0 0 0 0 0.553839 0 0 0 0 0 0.553839 0.553839 -5.61018 0 0 0 1.69741 0 0 0 0 0 0 0 0 0 0 0 0 0 0 0 0 0 0 0 0 0 0 0 0 0 0 0 1.69741 0 0 0 0 
0 0 0 0 0 0 0 0 0 0 0 0 0.553839 0 0 0 0 0 0 0 0.553839 0 0 0 0.553839 0 0 0 -5.4807 1.27306 1.27306 0 0 0 0 0 0 0 0 0 0 0 0 0 0 0 0 0 0 0 0 0 0 0 0 0 0 0 0 0 1.27306 0 0 0 
0 0 0 0 0 0 0 0 0 0 0 0 0 0.553839 0 0 0 0 0 0 0 0.553839 0 0 0 0.553839 0 0 0.553839 -5.61018 0 1.69741 0 0 0 0 0 0 0 0 0 0 0 0 0 0 0 0 0 0 0 0 0 0 0 0 0 0 0 0 0 1.69741 0 0 
0 0 0 0 0 0 0 0 0 0 0 0 0 0 0.553839 0 0 0 0 0 0 0 0.553839 0 0 0 0.553839 0 0.553839 0 -5.61018 1.69741 0 0 0 0 0 0 0 0 0 0 0 0 0 0 0 0 0 0 0 0 0 0 0 0 0 0 0 0 0 0 1.69741 0 
0 0 0 0 0 0 0 0 0 0 0 0 0 0 0 0.553839 0 0 0 0 0 0 0 0.553839 0 0 0 0.553839 0 0.553839 0.553839 -4.89096 0 0 0 0 0 0 0 0 0 0 0 0 0 0 0 0 0 0 0 0 0 0 0 0 0 0 0 0 0 0 0 2.12177 
0.553839 0 0 0 0 0 0 0 0 0 0 0 0 0 0 0 0 0 0 0 0 0 0 0 0 0 0 0 0 0 0 0 -2.67561 0.424354 0.424354 0 0.424354 0 0 0 0.424354 0 0 0 0 0 0 0 0.424354 0 0 0 0 0 0 0 0 0 0 0 0 0 0 0 
0 0.553839 0 0 0 0 0 0 0 0 0 0 0 0 0 0 0 0 0 0 0 0 0 0 0 0 0 0 0 0 0 0 0.553839 -4.50251 0 0.848707 0 0.848707 0 0 0 0.848707 0 0 0 0 0 0 0 0.848707 0 0 0 0 0 0 0 0 0 0 0 0 0 0 
0 0 0.553839 0 0 0 0 0 0 0 0 0 0 0 0 0 0 0 0 0 0 0 0 0 0 0 0 0 0 0 0 0 0.553839 0 -4.50251 0.848707 0 0 0.848707 0 0 0 0.848707 0 0 0 0 0 0 0 0.848707 0 0 0 0 0 0 0 0 0 0 0 0 0 
0 0 0 0.553839 0 0 0 0 0 0 0 0 0 0 0 0 0 0 0 0 0 0 0 0 0 0 0 0 0 0 0 0 0 0.553839 0.553839 -5.4807 0 0 0 1.27306 0 0 0 1.27306 0 0 0 0 0 0 0 1.27306 0 0 0 0 0 0 0 0 0 0 0 0 
0 0 0 0 0.553839 0 0 0 0 0 0 0 0 0 0 0 0 0 0 0 0 0 0 0 0 0 0 0 0 0 0 0 0.553839 0 0 0 -4.50251 0.848707 0.848707 0 0 0 0 0 0.848707 0 0 0 0 0 0 0 0.848707 0 0 0 0 0 0 0 0 0 0 0 
0 0 0 0 0 0.553839 0 0 0 0 0 0 0 0 0 0 0 0 0 0 0 0 0 0 0 0 0 0 0 0 0 0 0 0.553839 0 0 0.553839 -5.4807 0 1.27306 0 0 0 0 0 1.27306 0 0 0 0 0 0 0 1.27306 0 0 0 0 0 0 0 0 0 0 
0 0 0 0 0 0 0.553839 0 0 0 0 0 0 0 0 0 0 0 0 0 0 0 0 0 0 0 0 0 0 0 0 0 0 0 0.553839 0 0.553839 0 -5.4807 1.27306 0 0 0 0 0 0 1.27306 0 0 0 0 0 0 0 1.27306 0 0 0 0 0 0 0 0 0 
0 0 0 0 0 0 0 0.553839 0 0 0 0 0 0 0 0 0 0 0 0 0 0 0 0 0 0 0 0 0 0 0 0 0 0 0 0.553839 0 0.553839 0.553839 -5.61018 0 0 0 0 0 0 0 1.69741 0 0 0 0 0 0 0 1.69741 0 0 0 0 0 0 0 0 
0 0 0 0 0 0 0 0 0.553839 0 0 0 0 0 0 0 0 0 0 0 0 0 0 0 0 0 0 0 0 0 0 0 0.553839 0 0 0 0 0 0 0 -4.50251 0.848707 0.848707 0 0.848707 0 0 0 0 0 0 0 0 0 0 0 0.848707 0 0 0 0 0 0 0 
0 0 0 0 0 0 0 0 0 0.553839 0 0 0 0 0 0 0 0 0 0 0 0 0 0 0 0 0 0 0 0 0 0 0 0.553839 0 0 0 0 0 0 0.553839 -5.4807 0 1.27306 0 1.27306 0 0 0 0 0 0 0 0 0 0 0 1.27306 0 0 0 0 0 0 
0 0 0 0 0 0 0 0 0 0 0.553839 0 0 0 0 0 0 0 0 0 0 0 0 0 0 0 0 0 0 0 0 0 0 0 0.553839 0 0 0 0 0 0.553839 0 -5.4807 1.27306 0 0 1.27306 0 0 0 0 0 0 0 0 0 0 0 1.27306 0 0 0 0 0 
0 0 0 0 0 0 0 0 0 0 0 0.553839 0 0 0 0 0 0 0 0 0 0 0 0 0 0 0 0 0 0 0 0 0 0 0 0.553839 0 0 0 0 0 0.553839 0.553839 -5.61018 0 0 0 1.69741 0 0 0 0 0 0 0 0 0 0 0 1.69741 0 0 0 0 
0 0 0 0 0 0 0 0 0 0 0 0 0.553839 0 0 0 0 0 0 0 0 0 0 0 0 0 0 0 0 0 0 0 0 0 0 0 0.553839 0 0 0 0.553839 0 0 0 -5.4807 1.27306 1.27306 0 0 0 0 0 0 0 0 0 0 0 0 0 1.27306 0 0 0 
0 0 0 0 0 0 0 0 0 0 0 0 0 0.553839 0 0 0 0 0 0 0 0 0 0 0 0 0 0 0 0 0 0 0 0 0 0 0 0.553839 0 0 0 0.553839 0 0 0.553839 -5.61018 0 1.69741 0 0 0 0 0 0 0 0 0 0 0 0 0 1.69741 0 0 
0 0 0 0 0 0 0 0 0 0 0 0 0 0 0.553839 0 0 0 0 0 0 0 0 0 0 0 0 0 0 0 0 0 0 0 0 0 0 0 0.553839 0 0 0 0.553839 0 0.553839 0 -5.61018 1.69741 0 0 0 0 0 0 0 0 0 0 0 0 0 0 1.69741 0 
0 0 0 0 0 0 0 0 0 0 0 0 0 0 0 0.553839 0 0 0 0 0 0 0 0 0 0 0 0 0 0 0 0 0 0 0 0 0 0 0 0.553839 0 0 0 0.553839 0 0.553839 0.553839 -4.89096 0 0 0 0 0 0 0 0 0 0 0 0 0 0 0 2.12177 
0 0 0 0 0 0 0 0 0 0 0 0 0 0 0 0 0.553839 0 0 0 0 0 0 0 0 0 0 0 0 0 0 0 0.553839 0 0 0 0 0 0 0 0 0 0 0 0 0 0 0 -4.50251 0.848707 0.848707 0 0.848707 0 0 0 0.848707 0 0 0 0 0 0 0 
0 0 0 0 0 0 0 0 0 0 0 0 0 0 0 0 0 0.553839 0 0 0 0 0 0 0 0 0 0 0 0 0 0 0 0.553839 0 0 0 0 0 0 0 0 0 0 0 0 0 0 0.553839 -5.4807 0 1.27306 0 1.27306 0 0 0 1.27306 0 0 0 0 0 0 
0 0 0 0 0 0 0 0 0 0 0 0 0 0 0 0 0 0 0.553839 0 0 0 0 0 0 0 0 0 0 0 0 0 0 0 0.553839 0 0 0 0 0 0 0 0 0 0 0 0 0 0.553839 0 -5.4807 1.27306 0 0 1.27306 0 0 0 1.27306 0 0 0 0 0 
0 0 0 0 0 0 0 0 0 0 0 0 0 0 0 0 0 0 0 0.553839 0 0 0 0 0 0 0 0 0 0 0 0 0 0 0 0.553839 0 0 0 0 0 0 0 0 0 0 0 0 0 0.553839 0.553839 -5.61018 0 0 0 1.69741 0 0 0 1.69741 0 0 0 0 
0 0 0 0 0 0 0 0 0 0 0 0 0 0 0 0 0 0 0 0 0.553839 0 0 0 0 0 0 0 0 0 0 0 0 0 0 0 0.553839 0 0 0 0 0 0 0 0 0 0 0 0.553839 0 0 0 -5.4807 1.27306 1.27306 0 0 0 0 0 1.27306 0 0 0 
0 0 0 0 0 0 0 0 0 0 0 0 0 0 0 0 0 0 0 0 0 0.553839 0 0 0 0 0 0 0 0 0 0 0 0 0 0 0 0.553839 0 0 0 0 0 0 0 0 0 0 0 0.553839 0 0 0.553839 -5.61018 0 1.69741 0 0 0 0 0 1.69741 0 0 
0 0 0 0 0 0 0 0 0 0 0 0 0 0 0 0 0 0 0 0 0 0 0.553839 0 0 0 0 0 0 0 0 0 0 0 0 0 0 0 0.553839 0 0 0 0 0 0 0 0 0 0 0 0.553839 0 0.553839 0 -5.61018 1.69741 0 0 0 0 0 0 1.69741 0 
0 0 0 0 0 0 0 0 0 0 0 0 0 0 0 0 0 0 0 0 0 0 0 0.553839 0 0 0 0 0 0 0 0 0 0 0 0 0 0 0 0.553839 0 0 0 0 0 0 0 0 0 0 0 0.553839 0 0.553839 0.553839 -4.89096 0 0 0 0 0 0 0 2.12177 
0 0 0 0 0 0 0 0 0 0 0 0 0 0 0 0 0 0 0 0 0 0 0 0 0.553839 0 0 0 0 0 0 0 0 0 0 0 0 0 0 0 0.553839 0 0 0 0 0 0 0 0.553839 0 0 0 0 0 0 0 -5.4807 1.27306 1.27306 0 1.27306 0 0 0 
0 0 0 0 0 0 0 0 0 0 0 0 0 0 0 0 0 0 0 0 0 0 0 0 0 0.553839 0 0 0 0 0 0 0 0 0 0 0 0 0 0 0 0.553839 0 0 0 0 0 0 0 0.553839 0 0 0 0 0 0 0.553839 -5.61018 0 1.69741 0 1.69741 0 0 
0 0 0 0 0 0 0 0 0 0 0 0 0 0 0 0 0 0 0 0 0 0 0 0 0 0 0.553839 0 0 0 0 0 0 0 0 0 0 0 0 0 0 0 0.553839 0 0 0 0 0 0 0 0.553839 0 0 0 0 0 0.553839 0 -5.61018 1.69741 0 0 1.69741 0 
0 0 0 0 0 0 0 0 0 0 0 0 0 0 0 0 0 0 0 0 0 0 0 0 0 0 0 0.553839 0 0 0 0 0 0 0 0 0 0 0 0 0 0 0 0.553839 0 0 0 0 0 0 0 0.553839 0 0 0 0 0 0.553839 0.553839 -4.89096 0 0 0 2.12177 
0 0 0 0 0 0 0 0 0 0 0 0 0 0 0 0 0 0 0 0 0 0 0 0 0 0 0 0 0.553839 0 0 0 0 0 0 0 0 0 0 0 0 0 0 0 0.553839 0 0 0 0 0 0 0 0.553839 0 0 0 0.553839 0 0 0 -5.61018 1.69741 1.69741 0 
0 0 0 0 0 0 0 0 0 0 0 0 0 0 0 0 0 0 0 0 0 0 0 0 0 0 0 0 0 0.553839 0 0 0 0 0 0 0 0 0 0 0 0 0 0 0 0.553839 0 0 0 0 0 0 0 0.553839 0 0 0 0.553839 0 0 0.553839 -4.89096 0 2.12177 
0 0 0 0 0 0 0 0 0 0 0 0 0 0 0 0 0 0 0 0 0 0 0 0 0 0 0 0 0 0 0.553839 0 0 0 0 0 0 0 0 0 0 0 0 0 0 0 0.553839 0 0 0 0 0 0 0 0.553839 0 0 0 0.553839 0 0.553839 0 -4.89096 2.12177 
0 0 0 0 0 0 0 0 0 0 0 0 0 0 0 0 0 0 0 0 0 0 0 0 0 0 0 0 0 0 0 0.553839 0 0 0 0 0 0 0 0 0 0 0 0 0 0 0 0.553839 0 0 0 0 0 0 0 0.553839 0 0 0 0.553839 0 0.553839 0.553839 -3.32304 
