32
-0 0 0 0 0 0 0 0 0 0 0 0 0 0 0 0 0 0 0 0 0 0 0 0 0 0 0 0 0 0 0 0 
0.292295 -1.96913 0 0.419209 0 0.419209 0 0 0 0.419209 0 0 0 0 0 0 0 0.419209 0 0 0 0 0 0 0 0 0 0 0 0 0 0 
0.292295 0 -1.96913 0.419209 0 0 0.419209 0 0 0 0.419209 0 0 0 0 0 0 0 0.419209 0 0 0 0 0 0 0 0 0 0 0 0 0 
0 0.292295 0.292295 -3.09985 0 0 0 0.838418 0 0 0 0.838418 0 0 0 0 0 0 0 0.838418 0 0 0 0 0 0 0 0 0 0 0 0 
0.292295 0 0 0 -1.96913 0.419209 0.419209 0 0 0 0 0 0.419209 0 0 0 0 0 0 0 0.419209 0 0 0 0 0 0 0 0 0 0 0 
0 0.292295 0 0 0.292295 -3.09985 0 0.838418 0 0 0 0 0 0.838418 0 0 0 0 0 0 0 0.838418 0 0 0 0 0 0 0 0 0 0 
0 0 0.292295 0 0.292295 0 -3.09985 0.838418 0 0 0 0 0 0 0.838418 0 0 0 0 0 0 0 0.838418 0 0 0 0 0 0 0 0 0 
0 0 0 0.292295 0 0.292295 0.292295 -3.39214 0 0 0 0 0 0 0 1.25763 0 0 0 0 0 0 0 1.25763 0 0 0 0 0 0 0 0 
0.292295 0 0 0 0 0 0 0 -1.96913 0.419209 0.419209 0 0.419209 0 0 0 0 0 0 0 0 0 0 0 0.419209 0 0 0 0 0 0 0 
0 0.292295 0 0 0 0 0 0 0.292295 -3.09985 0 0.838418 0 0.838418 0 0 0 0 0 0 0 0 0 0 0 0.838418 0 0 0 0 0 0 
0 0 0.292295 0 0 0 0 0 0.292295 0 -3.09985 0.838418 0 0 0.838418 0 0 0 0 0 0 0 0 0 0 0 0.838418 0 0 0 0 0 
0 0 0 0.292295 0 0 0 0 0 0.292295 0.292295 -3.39214 0 0 0 1.25763 0 0 0 0 0 0 0 0 0 0 0 1.25763 0 0 0 0 
0 0 0 0 0.292295 0 0 0 0.292295 0 0 0 -3.09985 0.838418 0.838418 0 0 0 0 0 0 0 0 0 0 0 0 0 0.838418 0 0 0 
0 0 0 0 0 0.292295 0 0 0 0.292295 0 0 0.292295 -3.39214 0 1.25763 0 0 0 0 0 0 0 0 0 0 0 0 0 1.25763 0 0 
0 0 0 0 0 0 0.292295 0 0 0 0.292295 0 0.292295 0 -3.39214 1.25763 0 0 0 0 0 0 0 0 0 0 0 0 0 0 1.25763 0 
0 0 0 0 0 0 0 0.292295 0 0 0 0.292295 0 0.292295 0.292295 -2.84602 0 0 0 0 0 0 0 0 0 0 0 0 0 0 0 1.67684 
0.292295 0 0 0 0 0 0 0 0 0 0 0 0 0 0 0 -1.96913 0.419209 0.419209 0 0.419209 0 0 0 0.419209 0 0 0 0 0 0 0 
0 0.292295 0 0 0 0 0 0 0 0 0 0 0 0 0 0 0.292295 -3.09985 0 0.838418 0 0.838418 0 0 0 0.838418 0 0 0 0 0 0 
0 0 0.292295 0 0 0 0 0 0 0 0 0 0 0 0 0 0.292295 0 -3.09985 0.838418 0 0 0.838418 0 0 0 0.838418 0 0 0 0 0 
0 0 0 0.292295 0 0 0 0 0 0 0 0 0 0 0 0 0 0.292295 0.292295 -3.39214 0 0 0 1.25763 0 0 0 1.25763 0 0 0 0 
0 0 0 0 0.292295 0 0 0 0 0 0 0 0 0 0 0 0.292295 0 0 0 -3.09985 0.838418 0.838418 0 0 0 0 0 0.838418 0 0 0 
0 0 0 0 0 0.292295 0 0 0 0 0 0 0 0 0 0 0 0.292295 0 0 0.292295 -3.39214 0 1.25763 0 0 0 0 0 1.25763 0 0 
0 0 0 0 0 0 0.292295 0 0 0 0 0 0 0 0 0 0 0 0.292295 0 0.292295 0 -3.39214 1.25763 0 0 0 0 0 0 1.25763 0 
0 0 0 0 0 0 0 0.292295 0 0 0 0 0 0 0 0 0 0 0 0.292295 0 0.292295 0.292295 -2.84602 0 0 0 0 0 0 0 1.67684 
0 0 0 0 0 0 0 0 0.292295 0 0 0 0 0 0 0 0.292295 0 0 0 0 0 0 0 -3.09985 0.838418 0.838418 0 0.838418 0 0 0 
0 0 0 0 0 0 0 0 0 0.292295 0 0 0 0 0 0 0 0.292295 0 0 0 0 0 0 0.292295 -3.39214 0 1.25763 0 1.25763 0 0 
0 0 0 0 0 0 0 0 0 0 0.292295 0 0 0 0 0 0 0 0.292295 0 0 0 0 0 0.292295 0 -3.39214 1.25763 0 0 1.25763 0 
0 0 0 0 0 0 0 0 0 0 0 0.292295 0 0 0 0 0 0 0 0.292295 0 0 0 0 0 0.292295 0.292295 -2.84602 0 0 0 1.67684 
0 0 0 0 0 0 0 0 0 0 0 0 0.292295 0 0 0 0 0 0 0 0.292295 0 0 0 0.292295 0 0 0 -3.39214 1.25763 1.25763 0 
0 0 0 0 0 0 0 0 0 0 0 0 0 0.292295 0 0 0 0 0 0 0 0.292295 0 0 0 0.292295 0 0 0.292295 -2.84602 0 1.67684 
0 0 0 0 0 0 0 0 0 0 0 0 0 0 0.292295 0 0 0 0 0 0 0 0.292295 0 0 0 0.292295 0 0.292295 0 -2.84602 1.67684 
0 0 0 0 0 0 0 0 0 0 0 0 0 0 0 0.292295 0 0 0 0 0 0 0 0.292295 0 0 0 0.292295 0 0.292295 0.292295 -1.46148 
