32
-0 0 0 0 0 0 0 0 0 0 0 0 0 0 0 0 0 0 0 0 0 0 0 0 0 0 0 0 0 0 0 0 
0.173714 -1.10333 0 0.232403 0 0.232403 0 0 0 0.232403 0 0 0 0 0 0 0 0.232403 0 0 0 0 0 0 0 0 0 0 0 0 0 0 
0.173714 0 -1.10333 0.232403 0 0 0.232403 0 0 0 0.232403 0 0 0 0 0 0 0 0.232403 0 0 0 0 0 0 0 0 0 0 0 0 0 
0 0.173714 0.173714 -1.74185 0 0 0 0.464807 0 0 0 0.464807 0 0 0 0 0 0 0 0.464807 0 0 0 0 0 0 0 0 0 0 0 0 
0.173714 0 0 0 -1.10333 0.232403 0.232403 0 0 0 0 0 0.232403 0 0 0 0 0 0 0 0.232403 0 0 0 0 0 0 0 0 0 0 0 
0 0.173714 0 0 0.173714 -1.74185 0 0.464807 0 0 0 0 0 0.464807 0 0 0 0 0 0 0 0.464807 0 0 0 0 0 0 0 0 0 0 
0 0 0.173714 0 0.173714 0 -1.74185 0.464807 0 0 0 0 0 0 0.464807 0 0 0 0 0 0 0 0.464807 0 0 0 0 0 0 0 0 0 
0 0 0 0.173714 0 0.173714 0.173714 -1.91556 0 0 0 0 0 0 0 0.69721 0 0 0 0 0 0 0 0.69721 0 0 0 0 0 0 0 0 
0.173714 0 0 0 0 0 0 0 -1.10333 0.232403 0.232403 0 0.232403 0 0 0 0 0 0 0 0 0 0 0 0.232403 0 0 0 0 0 0 0 
0 0.173714 0 0 0 0 0 0 0.173714 -1.74185 0 0.464807 0 0.464807 0 0 0 0 0 0 0 0 0 0 0 0.464807 0 0 0 0 0 0 
0 0 0.173714 0 0 0 0 0 0.173714 0 -1.74185 0.464807 0 0 0.464807 0 0 0 0 0 0 0 0 0 0 0 0.464807 0 0 0 0 0 
0 0 0 0.173714 0 0 0 0 0 0.173714 0.173714 -1.91556 0 0 0 0.69721 0 0 0 0 0 0 0 0 0 0 0 0.69721 0 0 0 0 
0 0 0 0 0.173714 0 0 0 0.173714 0 0 0 -1.74185 0.464807 0.464807 0 0 0 0 0 0 0 0 0 0 0 0 0 0.464807 0 0 0 
0 0 0 0 0 0.173714 0 0 0 0.173714 0 0 0.173714 -1.91556 0 0.69721 0 0 0 0 0 0 0 0 0 0 0 0 0 0.69721 0 0 
0 0 0 0 0 0 0.173714 0 0 0 0.173714 0 0.173714 0 -1.91556 0.69721 0 0 0 0 0 0 0 0 0 0 0 0 0 0 0.69721 0 
0 0 0 0 0 0 0 0.173714 0 0 0 0.173714 0 0.173714 0.173714 -1.62447 0 0 0 0 0 0 0 0 0 0 0 0 0 0 0 0.929613 
0.173714 0 0 0 0 0 0 0 0 0 0 0 0 0 0 0 -1.10333 0.232403 0.232403 0 0.232403 0 0 0 0.232403 0 0 0 0 0 0 0 
0 0.173714 0 0 0 0 0 0 0 0 0 0 0 0 0 0 0.173714 -1.74185 0 0.464807 0 0.464807 0 0 0 0.464807 0 0 0 0 0 0 
0 0 0.173714 0 0 0 0 0 0 0 0 0 0 0 0 0 0.173714 0 -1.74185 0.464807 0 0 0.464807 0 0 0 0.464807 0 0 0 0 0 
0 0 0 0.173714 0 0 0 0 0 0 0 0 0 0 0 0 0 0.173714 0.173714 -1.91556 0 0 0 0.69721 0 0 0 0.69721 0 0 0 0 
0 0 0 0 0.173714 0 0 0 0 0 0 0 0 0 0 0 0.173714 0 0 0 -1.74185 0.464807 0.464807 0 0 0 0 0 0.464807 0 0 0 
0 0 0 0 0 0.173714 0 0 0 0 0 0 0 0 0 0 0 0.173714 0 0 0.173714 -1.91556 0 0.69721 0 0 0 0 0 0.69721 0 0 
0 0 0 0 0 0 0.173714 0 0 0 0 0 0 0 0 0 0 0 0.173714 0 0.173714 0 -1.91556 0.69721 0 0 0 0 0 0 0.69721 0 
0 0 0 0 0 0 0 0.173714 0 0 0 0 0 0 0 0 0 0 0 0.173714 0 0.173714 0.173714 -1.62447 0 0 0 0 0 0 0 0.929613 
0 0 0 0 0 0 0 0 0.173714 0 0 0 0 0 0 0 0.173714 0 0 0 0 0 0 0 -1.74185 0.464807 0.464807 0 0.464807 0 0 0 
0 0 0 0 0 0 0 0 0 0.173714 0 0 0 0 0 0 0 0.173714 0 0 0 0 0 0 0.173714 -1.91556 0 0.69721 0 0.69721 0 0 
0 0 0 0 0 0 0 0 0 0 0.173714 0 0 0 0 0 0 0 0.173714 0 0 0 0 0 0.173714 0 -1.91556 0.69721 0 0 0.69721 0 
0 0 0 0 0 0 0 0 0 0 0 0.173714 0 0 0 0 0 0 0 0.173714 0 0 0 0 0 0.173714 0.173714 -1.62447 0 0 0 0.929613 
0 0 0 0 0 0 0 0 0 0 0 0 0.173714 0 0 0 0 0 0 0 0.173714 0 0 0 0.173714 0 0 0 -1.91556 0.69721 0.69721 0 
0 0 0 0 0 0 0 0 0 0 0 0 0 0.173714 0 0 0 0 0 0 0 0.173714 0 0 0 0.173714 0 0 0.173714 -1.62447 0 0.929613 
0 0 0 0 0 0 0 0 0 0 0 0 0 0 0.173714 0 0 0 0 0 0 0 0.173714 0 0 0 0.173714 0 0.173714 0 -1.62447 0.929613 
0 0 0 0 0 0 0 0 0 0 0 0 0 0 0 0.173714 0 0 0 0 0 0 0 0.173714 0 0 0 0.173714 0 0.173714 0.173714 -0.868568 
