32
-0 0 0 0 0 0 0 0 0 0 0 0 0 0 0 0 0 0 0 0 0 0 0 0 0 0 0 0 0 0 0 0 
0.352066 -1.80791 0 0.363962 0 0.363962 0 0 0 0.363962 0 0 0 0 0 0 0 0.363962 0 0 0 0 0 0 0 0 0 0 0 0 0 0 
0.352066 0 -1.80791 0.363962 0 0 0.363962 0 0 0 0.363962 0 0 0 0 0 0 0 0.363962 0 0 0 0 0 0 0 0 0 0 0 0 0 
0 0.352066 0.352066 -2.8879 0 0 0 0.727924 0 0 0 0.727924 0 0 0 0 0 0 0 0.727924 0 0 0 0 0 0 0 0 0 0 0 0 
0.352066 0 0 0 -1.80791 0.363962 0.363962 0 0 0 0 0 0.363962 0 0 0 0 0 0 0 0.363962 0 0 0 0 0 0 0 0 0 0 0 
0 0.352066 0 0 0.352066 -2.8879 0 0.727924 0 0 0 0 0 0.727924 0 0 0 0 0 0 0 0.727924 0 0 0 0 0 0 0 0 0 0 
0 0 0.352066 0 0.352066 0 -2.8879 0.727924 0 0 0 0 0 0 0.727924 0 0 0 0 0 0 0 0.727924 0 0 0 0 0 0 0 0 0 
0 0 0 0.352066 0 0.352066 0.352066 -3.23997 0 0 0 0 0 0 0 1.09189 0 0 0 0 0 0 0 1.09189 0 0 0 0 0 0 0 0 
0.352066 0 0 0 0 0 0 0 -1.80791 0.363962 0.363962 0 0.363962 0 0 0 0 0 0 0 0 0 0 0 0.363962 0 0 0 0 0 0 0 
0 0.352066 0 0 0 0 0 0 0.352066 -2.8879 0 0.727924 0 0.727924 0 0 0 0 0 0 0 0 0 0 0 0.727924 0 0 0 0 0 0 
0 0 0.352066 0 0 0 0 0 0.352066 0 -2.8879 0.727924 0 0 0.727924 0 0 0 0 0 0 0 0 0 0 0 0.727924 0 0 0 0 0 
0 0 0 0.352066 0 0 0 0 0 0.352066 0.352066 -3.23997 0 0 0 1.09189 0 0 0 0 0 0 0 0 0 0 0 1.09189 0 0 0 0 
0 0 0 0 0.352066 0 0 0 0.352066 0 0 0 -2.8879 0.727924 0.727924 0 0 0 0 0 0 0 0 0 0 0 0 0 0.727924 0 0 0 
0 0 0 0 0 0.352066 0 0 0 0.352066 0 0 0.352066 -3.23997 0 1.09189 0 0 0 0 0 0 0 0 0 0 0 0 0 1.09189 0 0 
0 0 0 0 0 0 0.352066 0 0 0 0.352066 0 0.352066 0 -3.23997 1.09189 0 0 0 0 0 0 0 0 0 0 0 0 0 0 1.09189 0 
0 0 0 0 0 0 0 0.352066 0 0 0 0.352066 0 0.352066 0.352066 -2.86411 0 0 0 0 0 0 0 0 0 0 0 0 0 0 0 1.45585 
0.352066 0 0 0 0 0 0 0 0 0 0 0 0 0 0 0 -1.80791 0.363962 0.363962 0 0.363962 0 0 0 0.363962 0 0 0 0 0 0 0 
0 0.352066 0 0 0 0 0 0 0 0 0 0 0 0 0 0 0.352066 -2.8879 0 0.727924 0 0.727924 0 0 0 0.727924 0 0 0 0 0 0 
0 0 0.352066 0 0 0 0 0 0 0 0 0 0 0 0 0 0.352066 0 -2.8879 0.727924 0 0 0.727924 0 0 0 0.727924 0 0 0 0 0 
0 0 0 0.352066 0 0 0 0 0 0 0 0 0 0 0 0 0 0.352066 0.352066 -3.23997 0 0 0 1.09189 0 0 0 1.09189 0 0 0 0 
0 0 0 0 0.352066 0 0 0 0 0 0 0 0 0 0 0 0.352066 0 0 0 -2.8879 0.727924 0.727924 0 0 0 0 0 0.727924 0 0 0 
0 0 0 0 0 0.352066 0 0 0 0 0 0 0 0 0 0 0 0.352066 0 0 0.352066 -3.23997 0 1.09189 0 0 0 0 0 1.09189 0 0 
0 0 0 0 0 0 0.352066 0 0 0 0 0 0 0 0 0 0 0 0.352066 0 0.352066 0 -3.23997 1.09189 0 0 0 0 0 0 1.09189 0 
0 0 0 0 0 0 0 0.352066 0 0 0 0 0 0 0 0 0 0 0 0.352066 0 0.352066 0.352066 -2.86411 0 0 0 0 0 0 0 1.45585 
0 0 0 0 0 0 0 0 0.352066 0 0 0 0 0 0 0 0.352066 0 0 0 0 0 0 0 -2.8879 0.727924 0.727924 0 0.727924 0 0 0 
0 0 0 0 0 0 0 0 0 0.352066 0 0 0 0 0 0 0 0.352066 0 0 0 0 0 0 0.352066 -3.23997 0 1.09189 0 1.09189 0 0 
0 0 0 0 0 0 0 0 0 0 0.352066 0 0 0 0 0 0 0 0.352066 0 0 0 0 0 0.352066 0 -3.23997 1.09189 0 0 1.09189 0 
0 0 0 0 0 0 0 0 0 0 0 0.352066 0 0 0 0 0 0 0 0.352066 0 0 0 0 0 0.352066 0.352066 -2.86411 0 0 0 1.45585 
0 0 0 0 0 0 0 0 0 0 0 0 0.352066 0 0 0 0 0 0 0 0.352066 0 0 0 0.352066 0 0 0 -3.23997 1.09189 1.09189 0 
0 0 0 0 0 0 0 0 0 0 0 0 0 0.352066 0 0 0 0 0 0 0 0.352066 0 0 0 0.352066 0 0 0.352066 -2.86411 0 1.45585 
0 0 0 0 0 0 0 0 0 0 0 0 0 0 0.352066 0 0 0 0 0 0 0 0.352066 0 0 0 0.352066 0 0.352066 0 -2.86411 1.45585 
0 0 0 0 0 0 0 0 0 0 0 0 0 0 0 0.352066 0 0 0 0 0 0 0 0.352066 0 0 0 0.352066 0 0.352066 0.352066 -1.76033 
