64
-0 0 0 0 0 0 0 0 0 0 0 0 0 0 0 0 0 0 0 0 0 0 0 0 0 0 0 0 0 0 0 0 0 0 0 0 0 0 0 0 0 0 0 0 0 0 0 0 0 0 0 0 0 0 0 0 0 0 0 0 0 0 0 0 
1.08857 -5.92962 0 0.96821 0 0.96821 0 0 0 0.96821 0 0 0 0 0 0 0 0.96821 0 0 0 0 0 0 0 0 0 0 0 0 0 0 0 0.96821 0 0 0 0 0 0 0 0 0 0 0 0 0 0 0 0 0 0 0 0 0 0 0 0 0 0 0 0 0 0 
1.08857 0 -5.92962 0.96821 0 0 0.96821 0 0 0 0.96821 0 0 0 0 0 0 0 0.96821 0 0 0 0 0 0 0 0 0 0 0 0 0 0 0 0.96821 0 0 0 0 0 0 0 0 0 0 0 0 0 0 0 0 0 0 0 0 0 0 0 0 0 0 0 0 0 
0 1.08857 1.08857 -9.92282 0 0 0 1.93642 0 0 0 1.93642 0 0 0 0 0 0 0 1.93642 0 0 0 0 0 0 0 0 0 0 0 0 0 0 0 1.93642 0 0 0 0 0 0 0 0 0 0 0 0 0 0 0 0 0 0 0 0 0 0 0 0 0 0 0 0 
1.08857 0 0 0 -5.92962 0.96821 0.96821 0 0 0 0 0 0.96821 0 0 0 0 0 0 0 0.96821 0 0 0 0 0 0 0 0 0 0 0 0 0 0 0 0.96821 0 0 0 0 0 0 0 0 0 0 0 0 0 0 0 0 0 0 0 0 0 0 0 0 0 0 0 
0 1.08857 0 0 1.08857 -9.92282 0 1.93642 0 0 0 0 0 1.93642 0 0 0 0 0 0 0 1.93642 0 0 0 0 0 0 0 0 0 0 0 0 0 0 0 1.93642 0 0 0 0 0 0 0 0 0 0 0 0 0 0 0 0 0 0 0 0 0 0 0 0 0 0 
0 0 1.08857 0 1.08857 0 -9.92282 1.93642 0 0 0 0 0 0 1.93642 0 0 0 0 0 0 0 1.93642 0 0 0 0 0 0 0 0 0 0 0 0 0 0 0 1.93642 0 0 0 0 0 0 0 0 0 0 0 0 0 0 0 0 0 0 0 0 0 0 0 0 0 
0 0 0 1.08857 0 1.08857 1.08857 -11.9796 0 0 0 0 0 0 0 2.90463 0 0 0 0 0 0 0 2.90463 0 0 0 0 0 0 0 0 0 0 0 0 0 0 0 2.90463 0 0 0 0 0 0 0 0 0 0 0 0 0 0 0 0 0 0 0 0 0 0 0 0 
1.08857 0 0 0 0 0 0 0 -5.92962 0.96821 0.96821 0 0.96821 0 0 0 0 0 0 0 0 0 0 0 0.96821 0 0 0 0 0 0 0 0 0 0 0 0 0 0 0 0.96821 0 0 0 0 0 0 0 0 0 0 0 0 0 0 0 0 0 0 0 0 0 0 0 
0 1.08857 0 0 0 0 0 0 1.08857 -9.92282 0 1.93642 0 1.93642 0 0 0 0 0 0 0 0 0 0 0 1.93642 0 0 0 0 0 0 0 0 0 0 0 0 0 0 0 1.93642 0 0 0 0 0 0 0 0 0 0 0 0 0 0 0 0 0 0 0 0 0 0 
0 0 1.08857 0 0 0 0 0 1.08857 0 -9.92282 1.93642 0 0 1.93642 0 0 0 0 0 0 0 0 0 0 0 1.93642 0 0 0 0 0 0 0 0 0 0 0 0 0 0 0 1.93642 0 0 0 0 0 0 0 0 0 0 0 0 0 0 0 0 0 0 0 0 0 
0 0 0 1.08857 0 0 0 0 0 1.08857 1.08857 -11.9796 0 0 0 2.90463 0 0 0 0 0 0 0 0 0 0 0 2.90463 0 0 0 0 0 0 0 0 0 0 0 0 0 0 0 2.90463 0 0 0 0 0 0 0 0 0 0 0 0 0 0 0 0 0 0 0 0 
0 0 0 0 1.08857 0 0 0 1.08857 0 0 0 -9.92282 1.93642 1.93642 0 0 0 0 0 0 0 0 0 0 0 0 0 1.93642 0 0 0 0 0 0 0 0 0 0 0 0 0 0 0 1.93642 0 0 0 0 0 0 0 0 0 0 0 0 0 0 0 0 0 0 0 
0 0 0 0 0 1.08857 0 0 0 1.08857 0 0 1.08857 -11.9796 0 2.90463 0 0 0 0 0 0 0 0 0 0 0 0 0 2.90463 0 0 0 0 0 0 0 0 0 0 0 0 0 0 0 2.90463 0 0 0 0 0 0 0 0 0 0 0 0 0 0 0 0 0 0 
0 0 0 0 0 0 1.08857 0 0 0 1.08857 0 1.08857 0 -11.9796 2.90463 0 0 0 0 0 0 0 0 0 0 0 0 0 0 2.90463 0 0 0 0 0 0 0 0 0 0 0 0 0 0 0 2.90463 0 0 0 0 0 0 0 0 0 0 0 0 0 0 0 0 0 
0 0 0 0 0 0 0 1.08857 0 0 0 1.08857 0 1.08857 1.08857 -12.1 0 0 0 0 0 0 0 0 0 0 0 0 0 0 0 3.87284 0 0 0 0 0 0 0 0 0 0 0 0 0 0 0 3.87284 0 0 0 0 0 0 0 0 0 0 0 0 0 0 0 0 
1.08857 0 0 0 0 0 0 0 0 0 0 0 0 0 0 0 -5.92962 0.96821 0.96821 0 0.96821 0 0 0 0.96821 0 0 0 0 0 0 0 0 0 0 0 0 0 0 0 0 0 0 0 0 0 0 0 0.96821 0 0 0 0 0 0 0 0 0 0 0 0 0 0 0 
0 1.08857 0 0 0 0 0 0 0 0 0 0 0 0 0 0 1.08857 -9.92282 0 1.93642 0 1.93642 0 0 0 1.93642 0 0 0 0 0 0 0 0 0 0 0 0 0 0 0 0 0 0 0 0 0 0 0 1.93642 0 0 0 0 0 0 0 0 0 0 0 0 0 0 
0 0 1.08857 0 0 0 0 0 0 0 0 0 0 0 0 0 1.08857 0 -9.92282 1.93642 0 0 1.93642 0 0 0 1.93642 0 0 0 0 0 0 0 0 0 0 0 0 0 0 0 0 0 0 0 0 0 0 0 1.93642 0 0 0 0 0 0 0 0 0 0 0 0 0 
0 0 0 1.08857 0 0 0 0 0 0 0 0 0 0 0 0 0 1.08857 1.08857 -11.9796 0 0 0 2.90463 0 0 0 2.90463 0 0 0 0 0 0 0 0 0 0 0 0 0 0 0 0 0 0 0 0 0 0 0 2.90463 0 0 0 0 0 0 0 0 0 0 0 0 
0 0 0 0 1.08857 0 0 0 0 0 0 0 0 0 0 0 1.08857 0 0 0 -9.92282 1.93642 1.93642 0 0 0 0 0 1.93642 0 0 0 0 0 0 0 0 0 0 0 0 0 0 0 0 0 0 0 0 0 0 0 1.93642 0 0 0 0 0 0 0 0 0 0 0 
0 0 0 0 0 1.08857 0 0 0 0 0 0 0 0 0 0 0 1.08857 0 0 1.08857 -11.9796 0 2.90463 0 0 0 0 0 2.90463 0 0 0 0 0 0 0 0 0 0 0 0 0 0 0 0 0 0 0 0 0 0 0 2.90463 0 0 0 0 0 0 0 0 0 0 
0 0 0 0 0 0 1.08857 0 0 0 0 0 0 0 0 0 0 0 1.08857 0 1.08857 0 -11.9796 2.90463 0 0 0 0 0 0 2.90463 0 0 0 0 0 0 0 0 0 0 0 0 0 0 0 0 0 0 0 0 0 0 0 2.90463 0 0 0 0 0 0 0 0 0 
0 0 0 0 0 0 0 1.08857 0 0 0 0 0 0 0 0 0 0 0 1.08857 0 1.08857 1.08857 -12.1 0 0 0 0 0 0 0 3.87284 0 0 0 0 0 0 0 0 0 0 0 0 0 0 0 0 0 0 0 0 0 0 0 3.87284 0 0 0 0 0 0 0 0 
0 0 0 0 0 0 0 0 1.08857 0 0 0 0 0 0 0 1.08857 0 0 0 0 0 0 0 -9.92282 1.93642 1.93642 0 1.93642 0 0 0 0 0 0 0 0 0 0 0 0 0 0 0 0 0 0 0 0 0 0 0 0 0 0 0 1.93642 0 0 0 0 0 0 0 
0 0 0 0 0 0 0 0 0 1.08857 0 0 0 0 0 0 0 1.08857 0 0 0 0 0 0 1.08857 -11.9796 0 2.90463 0 2.90463 0 0 0 0 0 0 0 0 0 0 0 0 0 0 0 0 0 0 0 0 0 0 0 0 0 0 0 2.90463 0 0 0 0 0 0 
0 0 0 0 0 0 0 0 0 0 1.08857 0 0 0 0 0 0 0 1.08857 0 0 0 0 0 1.08857 0 -11.9796 2.90463 0 0 2.90463 0 0 0 0 0 0 0 0 0 0 0 0 0 0 0 0 0 0 0 0 0 0 0 0 0 0 0 2.90463 0 0 0 0 0 
0 0 0 0 0 0 0 0 0 0 0 1.08857 0 0 0 0 0 0 0 1.08857 0 0 0 0 0 1.08857 1.08857 -12.1 0 0 0 3.87284 0 0 0 0 0 0 0 0 0 0 0 0 0 0 0 0 0 0 0 0 0 0 0 0 0 0 0 3.87284 0 0 0 0 
0 0 0 0 0 0 0 0 0 0 0 0 1.08857 0 0 0 0 0 0 0 1.08857 0 0 0 1.08857 0 0 0 -11.9796 2.90463 2.90463 0 0 0 0 0 0 0 0 0 0 0 0 0 0 0 0 0 0 0 0 0 0 0 0 0 0 0 0 0 2.90463 0 0 0 
0 0 0 0 0 0 0 0 0 0 0 0 0 1.08857 0 0 0 0 0 0 0 1.08857 0 0 0 1.08857 0 0 1.08857 -12.1 0 3.87284 0 0 0 0 0 0 0 0 0 0 0 0 0 0 0 0 0 0 0 0 0 0 0 0 0 0 0 0 0 3.87284 0 0 
0 0 0 0 0 0 0 0 0 0 0 0 0 0 1.08857 0 0 0 0 0 0 0 1.08857 0 0 0 1.08857 0 1.08857 0 -12.1 3.87284 0 0 0 0 0 0 0 0 0 0 0 0 0 0 0 0 0 0 0 0 0 0 0 0 0 0 0 0 0 0 3.87284 0 
0 0 0 0 0 0 0 0 0 0 0 0 0 0 0 1.08857 0 0 0 0 0 0 0 1.08857 0 0 0 1.08857 0 1.08857 1.08857 -10.2839 0 0 0 0 0 0 0 0 0 0 0 0 0 0 0 0 0 0 0 0 0 0 0 0 0 0 0 0 0 0 0 4.84105 
1.08857 0 0 0 0 0 0 0 0 0 0 0 0 0 0 0 0 0 0 0 0 0 0 0 0 0 0 0 0 0 0 0 -5.92962 0.96821 0.96821 0 0.96821 0 0 0 0.96821 0 0 0 0 0 0 0 0.96821 0 0 0 0 0 0 0 0 0 0 0 0 0 0 0 
0 1.08857 0 0 0 0 0 0 0 0 0 0 0 0 0 0 0 0 0 0 0 0 0 0 0 0 0 0 0 0 0 0 1.08857 -9.92282 0 1.93642 0 1.93642 0 0 0 1.93642 0 0 0 0 0 0 0 1.93642 0 0 0 0 0 0 0 0 0 0 0 0 0 0 
0 0 1.08857 0 0 0 0 0 0 0 0 0 0 0 0 0 0 0 0 0 0 0 0 0 0 0 0 0 0 0 0 0 1.08857 0 -9.92282 1.93642 0 0 1.93642 0 0 0 1.93642 0 0 0 0 0 0 0 1.93642 0 0 0 0 0 0 0 0 0 0 0 0 0 
0 0 0 1.08857 0 0 0 0 0 0 0 0 0 0 0 0 0 0 0 0 0 0 0 0 0 0 0 0 0 0 0 0 0 1.08857 1.08857 -11.9796 0 0 0 2.90463 0 0 0 2.90463 0 0 0 0 0 0 0 2.90463 0 0 0 0 0 0 0 0 0 0 0 0 
0 0 0 0 1.08857 0 0 0 0 0 0 0 0 0 0 0 0 0 0 0 0 0 0 0 0 0 0 0 0 0 0 0 1.08857 0 0 0 -9.92282 1.93642 1.93642 0 0 0 0 0 1.93642 0 0 0 0 0 0 0 1.93642 0 0 0 0 0 0 0 0 0 0 0 
0 0 0 0 0 1.08857 0 0 0 0 0 0 0 0 0 0 0 0 0 0 0 0 0 0 0 0 0 0 0 0 0 0 0 1.08857 0 0 1.08857 -11.9796 0 2.90463 0 0 0 0 0 2.90463 0 0 0 0 0 0 0 2.90463 0 0 0 0 0 0 0 0 0 0 
0 0 0 0 0 0 1.08857 0 0 0 0 0 0 0 0 0 0 0 0 0 0 0 0 0 0 0 0 0 0 0 0 0 0 0 1.08857 0 1.08857 0 -11.9796 2.90463 0 0 0 0 0 0 2.90463 0 0 0 0 0 0 0 2.90463 0 0 0 0 0 0 0 0 0 
0 0 0 0 0 0 0 1.08857 0 0 0 0 0 0 0 0 0 0 0 0 0 0 0 0 0 0 0 0 0 0 0 0 0 0 0 1.08857 0 1.08857 1.08857 -12.1 0 0 0 0 0 0 0 3.87284 0 0 0 0 0 0 0 3.87284 0 0 0 0 0 0 0 0 
0 0 0 0 0 0 0 0 1.08857 0 0 0 0 0 0 0 0 0 0 0 0 0 0 0 0 0 0 0 0 0 0 0 1.08857 0 0 0 0 0 0 0 -9.92282 1.93642 1.93642 0 1.93642 0 0 0 0 0 0 0 0 0 0 0 1.93642 0 0 0 0 0 0 0 
0 0 0 0 0 0 0 0 0 1.08857 0 0 0 0 0 0 0 0 0 0 0 0 0 0 0 0 0 0 0 0 0 0 0 1.08857 0 0 0 0 0 0 1.08857 -11.9796 0 2.90463 0 2.90463 0 0 0 0 0 0 0 0 0 0 0 2.90463 0 0 0 0 0 0 
0 0 0 0 0 0 0 0 0 0 1.08857 0 0 0 0 0 0 0 0 0 0 0 0 0 0 0 0 0 0 0 0 0 0 0 1.08857 0 0 0 0 0 1.08857 0 -11.9796 2.90463 0 0 2.90463 0 0 0 0 0 0 0 0 0 0 0 2.90463 0 0 0 0 0 
0 0 0 0 0 0 0 0 0 0 0 1.08857 0 0 0 0 0 0 0 0 0 0 0 0 0 0 0 0 0 0 0 0 0 0 0 1.08857 0 0 0 0 0 1.08857 1.08857 -12.1 0 0 0 3.87284 0 0 0 0 0 0 0 0 0 0 0 3.87284 0 0 0 0 
0 0 0 0 0 0 0 0 0 0 0 0 1.08857 0 0 0 0 0 0 0 0 0 0 0 0 0 0 0 0 0 0 0 0 0 0 0 1.08857 0 0 0 1.08857 0 0 0 -11.9796 2.90463 2.90463 0 0 0 0 0 0 0 0 0 0 0 0 0 2.90463 0 0 0 
0 0 0 0 0 0 0 0 0 0 0 0 0 1.08857 0 0 0 0 0 0 0 0 0 0 0 0 0 0 0 0 0 0 0 0 0 0 0 1.08857 0 0 0 1.08857 0 0 1.08857 -12.1 0 3.87284 0 0 0 0 0 0 0 0 0 0 0 0 0 3.87284 0 0 
0 0 0 0 0 0 0 0 0 0 0 0 0 0 1.08857 0 0 0 0 0 0 0 0 0 0 0 0 0 0 0 0 0 0 0 0 0 0 0 1.08857 0 0 0 1.08857 0 1.08857 0 -12.1 3.87284 0 0 0 0 0 0 0 0 0 0 0 0 0 0 3.87284 0 
0 0 0 0 0 0 0 0 0 0 0 0 0 0 0 1.08857 0 0 0 0 0 0 0 0 0 0 0 0 0 0 0 0 0 0 0 0 0 0 0 1.08857 0 0 0 1.08857 0 1.08857 1.08857 -10.2839 0 0 0 0 0 0 0 0 0 0 0 0 0 0 0 4.84105 
0 0 0 0 0 0 0 0 0 0 0 0 0 0 0 0 1.08857 0 0 0 0 0 0 0 0 0 0 0 0 0 0 0 1.08857 0 0 0 0 0 0 0 0 0 0 0 0 0 0 0 -9.92282 1.93642 1.93642 0 1.93642 0 0 0 1.93642 0 0 0 0 0 0 0 
0 0 0 0 0 0 0 0 0 0 0 0 0 0 0 0 0 1.08857 0 0 0 0 0 0 0 0 0 0 0 0 0 0 0 1.08857 0 0 0 0 0 0 0 0 0 0 0 0 0 0 1.08857 -11.9796 0 2.90463 0 2.90463 0 0 0 2.90463 0 0 0 0 0 0 
0 0 0 0 0 0 0 0 0 0 0 0 0 0 0 0 0 0 1.08857 0 0 0 0 0 0 0 0 0 0 0 0 0 0 0 1.08857 0 0 0 0 0 0 0 0 0 0 0 0 0 1.08857 0 -11.9796 2.90463 0 0 2.90463 0 0 0 2.90463 0 0 0 0 0 
0 0 0 0 0 0 0 0 0 0 0 0 0 0 0 0 0 0 0 1.08857 0 0 0 0 0 0 0 0 0 0 0 0 0 0 0 1.08857 0 0 0 0 0 0 0 0 0 0 0 0 0 1.08857 1.08857 -12.1 0 0 0 3.87284 0 0 0 3.87284 0 0 0 0 
0 0 0 0 0 0 0 0 0 0 0 0 0 0 0 0 0 0 0 0 1.08857 0 0 0 0 0 0 0 0 0 0 0 0 0 0 0 1.08857 0 0 0 0 0 0 0 0 0 0 0 1.08857 0 0 0 -11.9796 2.90463 2.90463 0 0 0 0 0 2.90463 0 0 0 
0 0 0 0 0 0 0 0 0 0 0 0 0 0 0 0 0 0 0 0 0 1.08857 0 0 0 0 0 0 0 0 0 0 0 0 0 0 0 1.08857 0 0 0 0 0 0 0 0 0 0 0 1.08857 0 0 1.08857 -12.1 0 3.87284 0 0 0 0 0 3.87284 0 0 
0 0 0 0 0 0 0 0 0 0 0 0 0 0 0 0 0 0 0 0 0 0 1.08857 0 0 0 0 0 0 0 0 0 0 0 0 0 0 0 1.08857 0 0 0 0 0 0 0 0 0 0 0 1.08857 0 1.08857 0 -12.1 3.87284 0 0 0 0 0 0 3.87284 0 
0 0 0 0 0 0 0 0 0 0 0 0 0 0 0 0 0 0 0 0 0 0 0 1.08857 0 0 0 0 0 0 0 0 0 0 0 0 0 0 0 1.08857 0 0 0 0 0 0 0 0 0 0 0 1.08857 0 1.08857 1.08857 -10.2839 0 0 0 0 0 0 0 4.84105 
0 0 0 0 0 0 0 0 0 0 0 0 0 0 0 0 0 0 0 0 0 0 0 0 1.08857 0 0 0 0 0 0 0 0 0 0 0 0 0 0 0 1.08857 0 0 0 0 0 0 0 1.08857 0 0 0 0 0 0 0 -11.9796 2.90463 2.90463 0 2.90463 0 0 0 
0 0 0 0 0 0 0 0 0 0 0 0 0 0 0 0 0 0 0 0 0 0 0 0 0 1.08857 0 0 0 0 0 0 0 0 0 0 0 0 0 0 0 1.08857 0 0 0 0 0 0 0 1.08857 0 0 0 0 0 0 1.08857 -12.1 0 3.87284 0 3.87284 0 0 
0 0 0 0 0 0 0 0 0 0 0 0 0 0 0 0 0 0 0 0 0 0 0 0 0 0 1.08857 0 0 0 0 0 0 0 0 0 0 0 0 0 0 0 1.08857 0 0 0 0 0 0 0 1.08857 0 0 0 0 0 1.08857 0 -12.1 3.87284 0 0 3.87284 0 
0 0 0 0 0 0 0 0 0 0 0 0 0 0 0 0 0 0 0 0 0 0 0 0 0 0 0 1.08857 0 0 0 0 0 0 0 0 0 0 0 0 0 0 0 1.08857 0 0 0 0 0 0 0 1.08857 0 0 0 0 0 1.08857 1.08857 -10.2839 0 0 0 4.84105 
0 0 0 0 0 0 0 0 0 0 0 0 0 0 0 0 0 0 0 0 0 0 0 0 0 0 0 0 1.08857 0 0 0 0 0 0 0 0 0 0 0 0 0 0 0 1.08857 0 0 0 0 0 0 0 1.08857 0 0 0 1.08857 0 0 0 -12.1 3.87284 3.87284 0 
0 0 0 0 0 0 0 0 0 0 0 0 0 0 0 0 0 0 0 0 0 0 0 0 0 0 0 0 0 1.08857 0 0 0 0 0 0 0 0 0 0 0 0 0 0 0 1.08857 0 0 0 0 0 0 0 1.08857 0 0 0 1.08857 0 0 1.08857 -10.2839 0 4.84105 
0 0 0 0 0 0 0 0 0 0 0 0 0 0 0 0 0 0 0 0 0 0 0 0 0 0 0 0 0 0 1.08857 0 0 0 0 0 0 0 0 0 0 0 0 0 0 0 1.08857 0 0 0 0 0 0 0 1.08857 0 0 0 1.08857 0 1.08857 0 -10.2839 4.84105 
0 0 0 0 0 0 0 0 0 0 0 0 0 0 0 0 0 0 0 0 0 0 0 0 0 0 0 0 0 0 0 1.08857 0 0 0 0 0 0 0 0 0 0 0 0 0 0 0 1.08857 0 0 0 0 0 0 0 1.08857 0 0 0 1.08857 0 1.08857 1.08857 -6.53142 
