64
-0 0 0 0 0 0 0 0 0 0 0 0 0 0 0 0 0 0 0 0 0 0 0 0 0 0 0 0 0 0 0 0 0 0 0 0 0 0 0 0 0 0 0 0 0 0 0 0 0 0 0 0 0 0 0 0 0 0 0 0 0 0 0 0 
0.772268 -3.61129 0 0.567805 0 0.567805 0 0 0 0.567805 0 0 0 0 0 0 0 0.567805 0 0 0 0 0 0 0 0 0 0 0 0 0 0 0 0.567805 0 0 0 0 0 0 0 0 0 0 0 0 0 0 0 0 0 0 0 0 0 0 0 0 0 0 0 0 0 0 
0.772268 0 -3.61129 0.567805 0 0 0.567805 0 0 0 0.567805 0 0 0 0 0 0 0 0.567805 0 0 0 0 0 0 0 0 0 0 0 0 0 0 0 0.567805 0 0 0 0 0 0 0 0 0 0 0 0 0 0 0 0 0 0 0 0 0 0 0 0 0 0 0 0 0 
0 0.772268 0.772268 -6.08698 0 0 0 1.13561 0 0 0 1.13561 0 0 0 0 0 0 0 1.13561 0 0 0 0 0 0 0 0 0 0 0 0 0 0 0 1.13561 0 0 0 0 0 0 0 0 0 0 0 0 0 0 0 0 0 0 0 0 0 0 0 0 0 0 0 0 
0.772268 0 0 0 -3.61129 0.567805 0.567805 0 0 0 0 0 0.567805 0 0 0 0 0 0 0 0.567805 0 0 0 0 0 0 0 0 0 0 0 0 0 0 0 0.567805 0 0 0 0 0 0 0 0 0 0 0 0 0 0 0 0 0 0 0 0 0 0 0 0 0 0 0 
0 0.772268 0 0 0.772268 -6.08698 0 1.13561 0 0 0 0 0 1.13561 0 0 0 0 0 0 0 1.13561 0 0 0 0 0 0 0 0 0 0 0 0 0 0 0 1.13561 0 0 0 0 0 0 0 0 0 0 0 0 0 0 0 0 0 0 0 0 0 0 0 0 0 0 
0 0 0.772268 0 0.772268 0 -6.08698 1.13561 0 0 0 0 0 0 1.13561 0 0 0 0 0 0 0 1.13561 0 0 0 0 0 0 0 0 0 0 0 0 0 0 0 1.13561 0 0 0 0 0 0 0 0 0 0 0 0 0 0 0 0 0 0 0 0 0 0 0 0 0 
0 0 0 0.772268 0 0.772268 0.772268 -7.42705 0 0 0 0 0 0 0 1.70342 0 0 0 0 0 0 0 1.70342 0 0 0 0 0 0 0 0 0 0 0 0 0 0 0 1.70342 0 0 0 0 0 0 0 0 0 0 0 0 0 0 0 0 0 0 0 0 0 0 0 0 
0.772268 0 0 0 0 0 0 0 -3.61129 0.567805 0.567805 0 0.567805 0 0 0 0 0 0 0 0 0 0 0 0.567805 0 0 0 0 0 0 0 0 0 0 0 0 0 0 0 0.567805 0 0 0 0 0 0 0 0 0 0 0 0 0 0 0 0 0 0 0 0 0 0 0 
0 0.772268 0 0 0 0 0 0 0.772268 -6.08698 0 1.13561 0 1.13561 0 0 0 0 0 0 0 0 0 0 0 1.13561 0 0 0 0 0 0 0 0 0 0 0 0 0 0 0 1.13561 0 0 0 0 0 0 0 0 0 0 0 0 0 0 0 0 0 0 0 0 0 0 
0 0 0.772268 0 0 0 0 0 0.772268 0 -6.08698 1.13561 0 0 1.13561 0 0 0 0 0 0 0 0 0 0 0 1.13561 0 0 0 0 0 0 0 0 0 0 0 0 0 0 0 1.13561 0 0 0 0 0 0 0 0 0 0 0 0 0 0 0 0 0 0 0 0 0 
0 0 0 0.772268 0 0 0 0 0 0.772268 0.772268 -7.42705 0 0 0 1.70342 0 0 0 0 0 0 0 0 0 0 0 1.70342 0 0 0 0 0 0 0 0 0 0 0 0 0 0 0 1.70342 0 0 0 0 0 0 0 0 0 0 0 0 0 0 0 0 0 0 0 0 
0 0 0 0 0.772268 0 0 0 0.772268 0 0 0 -6.08698 1.13561 1.13561 0 0 0 0 0 0 0 0 0 0 0 0 0 1.13561 0 0 0 0 0 0 0 0 0 0 0 0 0 0 0 1.13561 0 0 0 0 0 0 0 0 0 0 0 0 0 0 0 0 0 0 0 
0 0 0 0 0 0.772268 0 0 0 0.772268 0 0 0.772268 -7.42705 0 1.70342 0 0 0 0 0 0 0 0 0 0 0 0 0 1.70342 0 0 0 0 0 0 0 0 0 0 0 0 0 0 0 1.70342 0 0 0 0 0 0 0 0 0 0 0 0 0 0 0 0 0 0 
0 0 0 0 0 0 0.772268 0 0 0 0.772268 0 0.772268 0 -7.42705 1.70342 0 0 0 0 0 0 0 0 0 0 0 0 0 0 1.70342 0 0 0 0 0 0 0 0 0 0 0 0 0 0 0 1.70342 0 0 0 0 0 0 0 0 0 0 0 0 0 0 0 0 0 
0 0 0 0 0 0 0 0.772268 0 0 0 0.772268 0 0.772268 0.772268 -7.63151 0 0 0 0 0 0 0 0 0 0 0 0 0 0 0 2.27122 0 0 0 0 0 0 0 0 0 0 0 0 0 0 0 2.27122 0 0 0 0 0 0 0 0 0 0 0 0 0 0 0 0 
0.772268 0 0 0 0 0 0 0 0 0 0 0 0 0 0 0 -3.61129 0.567805 0.567805 0 0.567805 0 0 0 0.567805 0 0 0 0 0 0 0 0 0 0 0 0 0 0 0 0 0 0 0 0 0 0 0 0.567805 0 0 0 0 0 0 0 0 0 0 0 0 0 0 0 
0 0.772268 0 0 0 0 0 0 0 0 0 0 0 0 0 0 0.772268 -6.08698 0 1.13561 0 1.13561 0 0 0 1.13561 0 0 0 0 0 0 0 0 0 0 0 0 0 0 0 0 0 0 0 0 0 0 0 1.13561 0 0 0 0 0 0 0 0 0 0 0 0 0 0 
0 0 0.772268 0 0 0 0 0 0 0 0 0 0 0 0 0 0.772268 0 -6.08698 1.13561 0 0 1.13561 0 0 0 1.13561 0 0 0 0 0 0 0 0 0 0 0 0 0 0 0 0 0 0 0 0 0 0 0 1.13561 0 0 0 0 0 0 0 0 0 0 0 0 0 
0 0 0 0.772268 0 0 0 0 0 0 0 0 0 0 0 0 0 0.772268 0.772268 -7.42705 0 0 0 1.70342 0 0 0 1.70342 0 0 0 0 0 0 0 0 0 0 0 0 0 0 0 0 0 0 0 0 0 0 0 1.70342 0 0 0 0 0 0 0 0 0 0 0 0 
0 0 0 0 0.772268 0 0 0 0 0 0 0 0 0 0 0 0.772268 0 0 0 -6.08698 1.13561 1.13561 0 0 0 0 0 1.13561 0 0 0 0 0 0 0 0 0 0 0 0 0 0 0 0 0 0 0 0 0 0 0 1.13561 0 0 0 0 0 0 0 0 0 0 0 
0 0 0 0 0 0.772268 0 0 0 0 0 0 0 0 0 0 0 0.772268 0 0 0.772268 -7.42705 0 1.70342 0 0 0 0 0 1.70342 0 0 0 0 0 0 0 0 0 0 0 0 0 0 0 0 0 0 0 0 0 0 0 1.70342 0 0 0 0 0 0 0 0 0 0 
0 0 0 0 0 0 0.772268 0 0 0 0 0 0 0 0 0 0 0 0.772268 0 0.772268 0 -7.42705 1.70342 0 0 0 0 0 0 1.70342 0 0 0 0 0 0 0 0 0 0 0 0 0 0 0 0 0 0 0 0 0 0 0 1.70342 0 0 0 0 0 0 0 0 0 
0 0 0 0 0 0 0 0.772268 0 0 0 0 0 0 0 0 0 0 0 0.772268 0 0.772268 0.772268 -7.63151 0 0 0 0 0 0 0 2.27122 0 0 0 0 0 0 0 0 0 0 0 0 0 0 0 0 0 0 0 0 0 0 0 2.27122 0 0 0 0 0 0 0 0 
0 0 0 0 0 0 0 0 0.772268 0 0 0 0 0 0 0 0.772268 0 0 0 0 0 0 0 -6.08698 1.13561 1.13561 0 1.13561 0 0 0 0 0 0 0 0 0 0 0 0 0 0 0 0 0 0 0 0 0 0 0 0 0 0 0 1.13561 0 0 0 0 0 0 0 
0 0 0 0 0 0 0 0 0 0.772268 0 0 0 0 0 0 0 0.772268 0 0 0 0 0 0 0.772268 -7.42705 0 1.70342 0 1.70342 0 0 0 0 0 0 0 0 0 0 0 0 0 0 0 0 0 0 0 0 0 0 0 0 0 0 0 1.70342 0 0 0 0 0 0 
0 0 0 0 0 0 0 0 0 0 0.772268 0 0 0 0 0 0 0 0.772268 0 0 0 0 0 0.772268 0 -7.42705 1.70342 0 0 1.70342 0 0 0 0 0 0 0 0 0 0 0 0 0 0 0 0 0 0 0 0 0 0 0 0 0 0 0 1.70342 0 0 0 0 0 
0 0 0 0 0 0 0 0 0 0 0 0.772268 0 0 0 0 0 0 0 0.772268 0 0 0 0 0 0.772268 0.772268 -7.63151 0 0 0 2.27122 0 0 0 0 0 0 0 0 0 0 0 0 0 0 0 0 0 0 0 0 0 0 0 0 0 0 0 2.27122 0 0 0 0 
0 0 0 0 0 0 0 0 0 0 0 0 0.772268 0 0 0 0 0 0 0 0.772268 0 0 0 0.772268 0 0 0 -7.42705 1.70342 1.70342 0 0 0 0 0 0 0 0 0 0 0 0 0 0 0 0 0 0 0 0 0 0 0 0 0 0 0 0 0 1.70342 0 0 0 
0 0 0 0 0 0 0 0 0 0 0 0 0 0.772268 0 0 0 0 0 0 0 0.772268 0 0 0 0.772268 0 0 0.772268 -7.63151 0 2.27122 0 0 0 0 0 0 0 0 0 0 0 0 0 0 0 0 0 0 0 0 0 0 0 0 0 0 0 0 0 2.27122 0 0 
0 0 0 0 0 0 0 0 0 0 0 0 0 0 0.772268 0 0 0 0 0 0 0 0.772268 0 0 0 0.772268 0 0.772268 0 -7.63151 2.27122 0 0 0 0 0 0 0 0 0 0 0 0 0 0 0 0 0 0 0 0 0 0 0 0 0 0 0 0 0 0 2.27122 0 
0 0 0 0 0 0 0 0 0 0 0 0 0 0 0 0.772268 0 0 0 0 0 0 0 0.772268 0 0 0 0.772268 0 0.772268 0.772268 -6.70037 0 0 0 0 0 0 0 0 0 0 0 0 0 0 0 0 0 0 0 0 0 0 0 0 0 0 0 0 0 0 0 2.83903 
0.772268 0 0 0 0 0 0 0 0 0 0 0 0 0 0 0 0 0 0 0 0 0 0 0 0 0 0 0 0 0 0 0 -3.61129 0.567805 0.567805 0 0.567805 0 0 0 0.567805 0 0 0 0 0 0 0 0.567805 0 0 0 0 0 0 0 0 0 0 0 0 0 0 0 
0 0.772268 0 0 0 0 0 0 0 0 0 0 0 0 0 0 0 0 0 0 0 0 0 0 0 0 0 0 0 0 0 0 0.772268 -6.08698 0 1.13561 0 1.13561 0 0 0 1.13561 0 0 0 0 0 0 0 1.13561 0 0 0 0 0 0 0 0 0 0 0 0 0 0 
0 0 0.772268 0 0 0 0 0 0 0 0 0 0 0 0 0 0 0 0 0 0 0 0 0 0 0 0 0 0 0 0 0 0.772268 0 -6.08698 1.13561 0 0 1.13561 0 0 0 1.13561 0 0 0 0 0 0 0 1.13561 0 0 0 0 0 0 0 0 0 0 0 0 0 
0 0 0 0.772268 0 0 0 0 0 0 0 0 0 0 0 0 0 0 0 0 0 0 0 0 0 0 0 0 0 0 0 0 0 0.772268 0.772268 -7.42705 0 0 0 1.70342 0 0 0 1.70342 0 0 0 0 0 0 0 1.70342 0 0 0 0 0 0 0 0 0 0 0 0 
0 0 0 0 0.772268 0 0 0 0 0 0 0 0 0 0 0 0 0 0 0 0 0 0 0 0 0 0 0 0 0 0 0 0.772268 0 0 0 -6.08698 1.13561 1.13561 0 0 0 0 0 1.13561 0 0 0 0 0 0 0 1.13561 0 0 0 0 0 0 0 0 0 0 0 
0 0 0 0 0 0.772268 0 0 0 0 0 0 0 0 0 0 0 0 0 0 0 0 0 0 0 0 0 0 0 0 0 0 0 0.772268 0 0 0.772268 -7.42705 0 1.70342 0 0 0 0 0 1.70342 0 0 0 0 0 0 0 1.70342 0 0 0 0 0 0 0 0 0 0 
0 0 0 0 0 0 0.772268 0 0 0 0 0 0 0 0 0 0 0 0 0 0 0 0 0 0 0 0 0 0 0 0 0 0 0 0.772268 0 0.772268 0 -7.42705 1.70342 0 0 0 0 0 0 1.70342 0 0 0 0 0 0 0 1.70342 0 0 0 0 0 0 0 0 0 
0 0 0 0 0 0 0 0.772268 0 0 0 0 0 0 0 0 0 0 0 0 0 0 0 0 0 0 0 0 0 0 0 0 0 0 0 0.772268 0 0.772268 0.772268 -7.63151 0 0 0 0 0 0 0 2.27122 0 0 0 0 0 0 0 2.27122 0 0 0 0 0 0 0 0 
0 0 0 0 0 0 0 0 0.772268 0 0 0 0 0 0 0 0 0 0 0 0 0 0 0 0 0 0 0 0 0 0 0 0.772268 0 0 0 0 0 0 0 -6.08698 1.13561 1.13561 0 1.13561 0 0 0 0 0 0 0 0 0 0 0 1.13561 0 0 0 0 0 0 0 
0 0 0 0 0 0 0 0 0 0.772268 0 0 0 0 0 0 0 0 0 0 0 0 0 0 0 0 0 0 0 0 0 0 0 0.772268 0 0 0 0 0 0 0.772268 -7.42705 0 1.70342 0 1.70342 0 0 0 0 0 0 0 0 0 0 0 1.70342 0 0 0 0 0 0 
0 0 0 0 0 0 0 0 0 0 0.772268 0 0 0 0 0 0 0 0 0 0 0 0 0 0 0 0 0 0 0 0 0 0 0 0.772268 0 0 0 0 0 0.772268 0 -7.42705 1.70342 0 0 1.70342 0 0 0 0 0 0 0 0 0 0 0 1.70342 0 0 0 0 0 
0 0 0 0 0 0 0 0 0 0 0 0.772268 0 0 0 0 0 0 0 0 0 0 0 0 0 0 0 0 0 0 0 0 0 0 0 0.772268 0 0 0 0 0 0.772268 0.772268 -7.63151 0 0 0 2.27122 0 0 0 0 0 0 0 0 0 0 0 2.27122 0 0 0 0 
0 0 0 0 0 0 0 0 0 0 0 0 0.772268 0 0 0 0 0 0 0 0 0 0 0 0 0 0 0 0 0 0 0 0 0 0 0 0.772268 0 0 0 0.772268 0 0 0 -7.42705 1.70342 1.70342 0 0 0 0 0 0 0 0 0 0 0 0 0 1.70342 0 0 0 
0 0 0 0 0 0 0 0 0 0 0 0 0 0.772268 0 0 0 0 0 0 0 0 0 0 0 0 0 0 0 0 0 0 0 0 0 0 0 0.772268 0 0 0 0.772268 0 0 0.772268 -7.63151 0 2.27122 0 0 0 0 0 0 0 0 0 0 0 0 0 2.27122 0 0 
0 0 0 0 0 0 0 0 0 0 0 0 0 0 0.772268 0 0 0 0 0 0 0 0 0 0 0 0 0 0 0 0 0 0 0 0 0 0 0 0.772268 0 0 0 0.772268 0 0.772268 0 -7.63151 2.27122 0 0 0 0 0 0 0 0 0 0 0 0 0 0 2.27122 0 
0 0 0 0 0 0 0 0 0 0 0 0 0 0 0 0.772268 0 0 0 0 0 0 0 0 0 0 0 0 0 0 0 0 0 0 0 0 0 0 0 0.772268 0 0 0 0.772268 0 0.772268 0.772268 -6.70037 0 0 0 0 0 0 0 0 0 0 0 0 0 0 0 2.83903 
0 0 0 0 0 0 0 0 0 0 0 0 0 0 0 0 0.772268 0 0 0 0 0 0 0 0 0 0 0 0 0 0 0 0.772268 0 0 0 0 0 0 0 0 0 0 0 0 0 0 0 -6.08698 1.13561 1.13561 0 1.13561 0 0 0 1.13561 0 0 0 0 0 0 0 
0 0 0 0 0 0 0 0 0 0 0 0 0 0 0 0 0 0.772268 0 0 0 0 0 0 0 0 0 0 0 0 0 0 0 0.772268 0 0 0 0 0 0 0 0 0 0 0 0 0 0 0.772268 -7.42705 0 1.70342 0 1.70342 0 0 0 1.70342 0 0 0 0 0 0 
0 0 0 0 0 0 0 0 0 0 0 0 0 0 0 0 0 0 0.772268 0 0 0 0 0 0 0 0 0 0 0 0 0 0 0 0.772268 0 0 0 0 0 0 0 0 0 0 0 0 0 0.772268 0 -7.42705 1.70342 0 0 1.70342 0 0 0 1.70342 0 0 0 0 0 
0 0 0 0 0 0 0 0 0 0 0 0 0 0 0 0 0 0 0 0.772268 0 0 0 0 0 0 0 0 0 0 0 0 0 0 0 0.772268 0 0 0 0 0 0 0 0 0 0 0 0 0 0.772268 0.772268 -7.63151 0 0 0 2.27122 0 0 0 2.27122 0 0 0 0 
0 0 0 0 0 0 0 0 0 0 0 0 0 0 0 0 0 0 0 0 0.772268 0 0 0 0 0 0 0 0 0 0 0 0 0 0 0 0.772268 0 0 0 0 0 0 0 0 0 0 0 0.772268 0 0 0 -7.42705 1.70342 1.70342 0 0 0 0 0 1.70342 0 0 0 
0 0 0 0 0 0 0 0 0 0 0 0 0 0 0 0 0 0 0 0 0 0.772268 0 0 0 0 0 0 0 0 0 0 0 0 0 0 0 0.772268 0 0 0 0 0 0 0 0 0 0 0 0.772268 0 0 0.772268 -7.63151 0 2.27122 0 0 0 0 0 2.27122 0 0 
0 0 0 0 0 0 0 0 0 0 0 0 0 0 0 0 0 0 0 0 0 0 0.772268 0 0 0 0 0 0 0 0 0 0 0 0 0 0 0 0.772268 0 0 0 0 0 0 0 0 0 0 0 0.772268 0 0.772268 0 -7.63151 2.27122 0 0 0 0 0 0 2.27122 0 
0 0 0 0 0 0 0 0 0 0 0 0 0 0 0 0 0 0 0 0 0 0 0 0.772268 0 0 0 0 0 0 0 0 0 0 0 0 0 0 0 0.772268 0 0 0 0 0 0 0 0 0 0 0 0.772268 0 0.772268 0.772268 -6.70037 0 0 0 0 0 0 0 2.83903 
0 0 0 0 0 0 0 0 0 0 0 0 0 0 0 0 0 0 0 0 0 0 0 0 0.772268 0 0 0 0 0 0 0 0 0 0 0 0 0 0 0 0.772268 0 0 0 0 0 0 0 0.772268 0 0 0 0 0 0 0 -7.42705 1.70342 1.70342 0 1.70342 0 0 0 
0 0 0 0 0 0 0 0 0 0 0 0 0 0 0 0 0 0 0 0 0 0 0 0 0 0.772268 0 0 0 0 0 0 0 0 0 0 0 0 0 0 0 0.772268 0 0 0 0 0 0 0 0.772268 0 0 0 0 0 0 0.772268 -7.63151 0 2.27122 0 2.27122 0 0 
0 0 0 0 0 0 0 0 0 0 0 0 0 0 0 0 0 0 0 0 0 0 0 0 0 0 0.772268 0 0 0 0 0 0 0 0 0 0 0 0 0 0 0 0.772268 0 0 0 0 0 0 0 0.772268 0 0 0 0 0 0.772268 0 -7.63151 2.27122 0 0 2.27122 0 
0 0 0 0 0 0 0 0 0 0 0 0 0 0 0 0 0 0 0 0 0 0 0 0 0 0 0 0.772268 0 0 0 0 0 0 0 0 0 0 0 0 0 0 0 0.772268 0 0 0 0 0 0 0 0.772268 0 0 0 0 0 0.772268 0.772268 -6.70037 0 0 0 2.83903 
0 0 0 0 0 0 0 0 0 0 0 0 0 0 0 0 0 0 0 0 0 0 0 0 0 0 0 0 0.772268 0 0 0 0 0 0 0 0 0 0 0 0 0 0 0 0.772268 0 0 0 0 0 0 0 0.772268 0 0 0 0.772268 0 0 0 -7.63151 2.27122 2.27122 0 
0 0 0 0 0 0 0 0 0 0 0 0 0 0 0 0 0 0 0 0 0 0 0 0 0 0 0 0 0 0.772268 0 0 0 0 0 0 0 0 0 0 0 0 0 0 0 0.772268 0 0 0 0 0 0 0 0.772268 0 0 0 0.772268 0 0 0.772268 -6.70037 0 2.83903 
0 0 0 0 0 0 0 0 0 0 0 0 0 0 0 0 0 0 0 0 0 0 0 0 0 0 0 0 0 0 0.772268 0 0 0 0 0 0 0 0 0 0 0 0 0 0 0 0.772268 0 0 0 0 0 0 0 0.772268 0 0 0 0.772268 0 0.772268 0 -6.70037 2.83903 
0 0 0 0 0 0 0 0 0 0 0 0 0 0 0 0 0 0 0 0 0 0 0 0 0 0 0 0 0 0 0 0.772268 0 0 0 0 0 0 0 0 0 0 0 0 0 0 0 0.772268 0 0 0 0 0 0 0 0.772268 0 0 0 0.772268 0 0.772268 0.772268 -4.63361 
