32
-0 0 0 0 0 0 0 0 0 0 0 0 0 0 0 0 0 0 0 0 0 0 0 0 0 0 0 0 0 0 0 0 
0.293254 -1.64634 0 0.338273 0 0.338273 0 0 0 0.338273 0 0 0 0 0 0 0 0.338273 0 0 0 0 0 0 0 0 0 0 0 0 0 0 
0.293254 0 -1.64634 0.338273 0 0 0.338273 0 0 0 0.338273 0 0 0 0 0 0 0 0.338273 0 0 0 0 0 0 0 0 0 0 0 0 0 
0 0.293254 0.293254 -2.61614 0 0 0 0.676545 0 0 0 0.676545 0 0 0 0 0 0 0 0.676545 0 0 0 0 0 0 0 0 0 0 0 0 
0.293254 0 0 0 -1.64634 0.338273 0.338273 0 0 0 0 0 0.338273 0 0 0 0 0 0 0 0.338273 0 0 0 0 0 0 0 0 0 0 0 
0 0.293254 0 0 0.293254 -2.61614 0 0.676545 0 0 0 0 0 0.676545 0 0 0 0 0 0 0 0.676545 0 0 0 0 0 0 0 0 0 0 
0 0 0.293254 0 0.293254 0 -2.61614 0.676545 0 0 0 0 0 0 0.676545 0 0 0 0 0 0 0 0.676545 0 0 0 0 0 0 0 0 0 
0 0 0 0.293254 0 0.293254 0.293254 -2.9094 0 0 0 0 0 0 0 1.01482 0 0 0 0 0 0 0 1.01482 0 0 0 0 0 0 0 0 
0.293254 0 0 0 0 0 0 0 -1.64634 0.338273 0.338273 0 0.338273 0 0 0 0 0 0 0 0 0 0 0 0.338273 0 0 0 0 0 0 0 
0 0.293254 0 0 0 0 0 0 0.293254 -2.61614 0 0.676545 0 0.676545 0 0 0 0 0 0 0 0 0 0 0 0.676545 0 0 0 0 0 0 
0 0 0.293254 0 0 0 0 0 0.293254 0 -2.61614 0.676545 0 0 0.676545 0 0 0 0 0 0 0 0 0 0 0 0.676545 0 0 0 0 0 
0 0 0 0.293254 0 0 0 0 0 0.293254 0.293254 -2.9094 0 0 0 1.01482 0 0 0 0 0 0 0 0 0 0 0 1.01482 0 0 0 0 
0 0 0 0 0.293254 0 0 0 0.293254 0 0 0 -2.61614 0.676545 0.676545 0 0 0 0 0 0 0 0 0 0 0 0 0 0.676545 0 0 0 
0 0 0 0 0 0.293254 0 0 0 0.293254 0 0 0.293254 -2.9094 0 1.01482 0 0 0 0 0 0 0 0 0 0 0 0 0 1.01482 0 0 
0 0 0 0 0 0 0.293254 0 0 0 0.293254 0 0.293254 0 -2.9094 1.01482 0 0 0 0 0 0 0 0 0 0 0 0 0 0 1.01482 0 
0 0 0 0 0 0 0 0.293254 0 0 0 0.293254 0 0.293254 0.293254 -2.52611 0 0 0 0 0 0 0 0 0 0 0 0 0 0 0 1.35309 
0.293254 0 0 0 0 0 0 0 0 0 0 0 0 0 0 0 -1.64634 0.338273 0.338273 0 0.338273 0 0 0 0.338273 0 0 0 0 0 0 0 
0 0.293254 0 0 0 0 0 0 0 0 0 0 0 0 0 0 0.293254 -2.61614 0 0.676545 0 0.676545 0 0 0 0.676545 0 0 0 0 0 0 
0 0 0.293254 0 0 0 0 0 0 0 0 0 0 0 0 0 0.293254 0 -2.61614 0.676545 0 0 0.676545 0 0 0 0.676545 0 0 0 0 0 
0 0 0 0.293254 0 0 0 0 0 0 0 0 0 0 0 0 0 0.293254 0.293254 -2.9094 0 0 0 1.01482 0 0 0 1.01482 0 0 0 0 
0 0 0 0 0.293254 0 0 0 0 0 0 0 0 0 0 0 0.293254 0 0 0 -2.61614 0.676545 0.676545 0 0 0 0 0 0.676545 0 0 0 
0 0 0 0 0 0.293254 0 0 0 0 0 0 0 0 0 0 0 0.293254 0 0 0.293254 -2.9094 0 1.01482 0 0 0 0 0 1.01482 0 0 
0 0 0 0 0 0 0.293254 0 0 0 0 0 0 0 0 0 0 0 0.293254 0 0.293254 0 -2.9094 1.01482 0 0 0 0 0 0 1.01482 0 
0 0 0 0 0 0 0 0.293254 0 0 0 0 0 0 0 0 0 0 0 0.293254 0 0.293254 0.293254 -2.52611 0 0 0 0 0 0 0 1.35309 
0 0 0 0 0 0 0 0 0.293254 0 0 0 0 0 0 0 0.293254 0 0 0 0 0 0 0 -2.61614 0.676545 0.676545 0 0.676545 0 0 0 
0 0 0 0 0 0 0 0 0 0.293254 0 0 0 0 0 0 0 0.293254 0 0 0 0 0 0 0.293254 -2.9094 0 1.01482 0 1.01482 0 0 
0 0 0 0 0 0 0 0 0 0 0.293254 0 0 0 0 0 0 0 0.293254 0 0 0 0 0 0.293254 0 -2.9094 1.01482 0 0 1.01482 0 
0 0 0 0 0 0 0 0 0 0 0 0.293254 0 0 0 0 0 0 0 0.293254 0 0 0 0 0 0.293254 0.293254 -2.52611 0 0 0 1.35309 
0 0 0 0 0 0 0 0 0 0 0 0 0.293254 0 0 0 0 0 0 0 0.293254 0 0 0 0.293254 0 0 0 -2.9094 1.01482 1.01482 0 
0 0 0 0 0 0 0 0 0 0 0 0 0 0.293254 0 0 0 0 0 0 0 0.293254 0 0 0 0.293254 0 0 0.293254 -2.52611 0 1.35309 
0 0 0 0 0 0 0 0 0 0 0 0 0 0 0.293254 0 0 0 0 0 0 0 0.293254 0 0 0 0.293254 0 0.293254 0 -2.52611 1.35309 
0 0 0 0 0 0 0 0 0 0 0 0 0 0 0 0.293254 0 0 0 0 0 0 0 0.293254 0 0 0 0.293254 0 0.293254 0.293254 -1.46627 
