64
-0 0 0 0 0 0 0 0 0 0 0 0 0 0 0 0 0 0 0 0 0 0 0 0 0 0 0 0 0 0 0 0 0 0 0 0 0 0 0 0 0 0 0 0 0 0 0 0 0 0 0 0 0 0 0 0 0 0 0 0 0 0 0 0 
1.22787 -5.93785 0 0.941997 0 0.941997 0 0 0 0.941997 0 0 0 0 0 0 0 0.941997 0 0 0 0 0 0 0 0 0 0 0 0 0 0 0 0.941997 0 0 0 0 0 0 0 0 0 0 0 0 0 0 0 0 0 0 0 0 0 0 0 0 0 0 0 0 0 0 
1.22787 0 -5.93785 0.941997 0 0 0.941997 0 0 0 0.941997 0 0 0 0 0 0 0 0.941997 0 0 0 0 0 0 0 0 0 0 0 0 0 0 0 0.941997 0 0 0 0 0 0 0 0 0 0 0 0 0 0 0 0 0 0 0 0 0 0 0 0 0 0 0 0 0 
0 1.22787 1.22787 -9.99171 0 0 0 1.88399 0 0 0 1.88399 0 0 0 0 0 0 0 1.88399 0 0 0 0 0 0 0 0 0 0 0 0 0 0 0 1.88399 0 0 0 0 0 0 0 0 0 0 0 0 0 0 0 0 0 0 0 0 0 0 0 0 0 0 0 0 
1.22787 0 0 0 -5.93785 0.941997 0.941997 0 0 0 0 0 0.941997 0 0 0 0 0 0 0 0.941997 0 0 0 0 0 0 0 0 0 0 0 0 0 0 0 0.941997 0 0 0 0 0 0 0 0 0 0 0 0 0 0 0 0 0 0 0 0 0 0 0 0 0 0 0 
0 1.22787 0 0 1.22787 -9.99171 0 1.88399 0 0 0 0 0 1.88399 0 0 0 0 0 0 0 1.88399 0 0 0 0 0 0 0 0 0 0 0 0 0 0 0 1.88399 0 0 0 0 0 0 0 0 0 0 0 0 0 0 0 0 0 0 0 0 0 0 0 0 0 0 
0 0 1.22787 0 1.22787 0 -9.99171 1.88399 0 0 0 0 0 0 1.88399 0 0 0 0 0 0 0 1.88399 0 0 0 0 0 0 0 0 0 0 0 0 0 0 0 1.88399 0 0 0 0 0 0 0 0 0 0 0 0 0 0 0 0 0 0 0 0 0 0 0 0 0 
0 0 0 1.22787 0 1.22787 1.22787 -12.1616 0 0 0 0 0 0 0 2.82599 0 0 0 0 0 0 0 2.82599 0 0 0 0 0 0 0 0 0 0 0 0 0 0 0 2.82599 0 0 0 0 0 0 0 0 0 0 0 0 0 0 0 0 0 0 0 0 0 0 0 0 
1.22787 0 0 0 0 0 0 0 -5.93785 0.941997 0.941997 0 0.941997 0 0 0 0 0 0 0 0 0 0 0 0.941997 0 0 0 0 0 0 0 0 0 0 0 0 0 0 0 0.941997 0 0 0 0 0 0 0 0 0 0 0 0 0 0 0 0 0 0 0 0 0 0 0 
0 1.22787 0 0 0 0 0 0 1.22787 -9.99171 0 1.88399 0 1.88399 0 0 0 0 0 0 0 0 0 0 0 1.88399 0 0 0 0 0 0 0 0 0 0 0 0 0 0 0 1.88399 0 0 0 0 0 0 0 0 0 0 0 0 0 0 0 0 0 0 0 0 0 0 
0 0 1.22787 0 0 0 0 0 1.22787 0 -9.99171 1.88399 0 0 1.88399 0 0 0 0 0 0 0 0 0 0 0 1.88399 0 0 0 0 0 0 0 0 0 0 0 0 0 0 0 1.88399 0 0 0 0 0 0 0 0 0 0 0 0 0 0 0 0 0 0 0 0 0 
0 0 0 1.22787 0 0 0 0 0 1.22787 1.22787 -12.1616 0 0 0 2.82599 0 0 0 0 0 0 0 0 0 0 0 2.82599 0 0 0 0 0 0 0 0 0 0 0 0 0 0 0 2.82599 0 0 0 0 0 0 0 0 0 0 0 0 0 0 0 0 0 0 0 0 
0 0 0 0 1.22787 0 0 0 1.22787 0 0 0 -9.99171 1.88399 1.88399 0 0 0 0 0 0 0 0 0 0 0 0 0 1.88399 0 0 0 0 0 0 0 0 0 0 0 0 0 0 0 1.88399 0 0 0 0 0 0 0 0 0 0 0 0 0 0 0 0 0 0 0 
0 0 0 0 0 1.22787 0 0 0 1.22787 0 0 1.22787 -12.1616 0 2.82599 0 0 0 0 0 0 0 0 0 0 0 0 0 2.82599 0 0 0 0 0 0 0 0 0 0 0 0 0 0 0 2.82599 0 0 0 0 0 0 0 0 0 0 0 0 0 0 0 0 0 0 
0 0 0 0 0 0 1.22787 0 0 0 1.22787 0 1.22787 0 -12.1616 2.82599 0 0 0 0 0 0 0 0 0 0 0 0 0 0 2.82599 0 0 0 0 0 0 0 0 0 0 0 0 0 0 0 2.82599 0 0 0 0 0 0 0 0 0 0 0 0 0 0 0 0 0 
0 0 0 0 0 0 0 1.22787 0 0 0 1.22787 0 1.22787 1.22787 -12.4475 0 0 0 0 0 0 0 0 0 0 0 0 0 0 0 3.76799 0 0 0 0 0 0 0 0 0 0 0 0 0 0 0 3.76799 0 0 0 0 0 0 0 0 0 0 0 0 0 0 0 0 
1.22787 0 0 0 0 0 0 0 0 0 0 0 0 0 0 0 -5.93785 0.941997 0.941997 0 0.941997 0 0 0 0.941997 0 0 0 0 0 0 0 0 0 0 0 0 0 0 0 0 0 0 0 0 0 0 0 0.941997 0 0 0 0 0 0 0 0 0 0 0 0 0 0 0 
0 1.22787 0 0 0 0 0 0 0 0 0 0 0 0 0 0 1.22787 -9.99171 0 1.88399 0 1.88399 0 0 0 1.88399 0 0 0 0 0 0 0 0 0 0 0 0 0 0 0 0 0 0 0 0 0 0 0 1.88399 0 0 0 0 0 0 0 0 0 0 0 0 0 0 
0 0 1.22787 0 0 0 0 0 0 0 0 0 0 0 0 0 1.22787 0 -9.99171 1.88399 0 0 1.88399 0 0 0 1.88399 0 0 0 0 0 0 0 0 0 0 0 0 0 0 0 0 0 0 0 0 0 0 0 1.88399 0 0 0 0 0 0 0 0 0 0 0 0 0 
0 0 0 1.22787 0 0 0 0 0 0 0 0 0 0 0 0 0 1.22787 1.22787 -12.1616 0 0 0 2.82599 0 0 0 2.82599 0 0 0 0 0 0 0 0 0 0 0 0 0 0 0 0 0 0 0 0 0 0 0 2.82599 0 0 0 0 0 0 0 0 0 0 0 0 
0 0 0 0 1.22787 0 0 0 0 0 0 0 0 0 0 0 1.22787 0 0 0 -9.99171 1.88399 1.88399 0 0 0 0 0 1.88399 0 0 0 0 0 0 0 0 0 0 0 0 0 0 0 0 0 0 0 0 0 0 0 1.88399 0 0 0 0 0 0 0 0 0 0 0 
0 0 0 0 0 1.22787 0 0 0 0 0 0 0 0 0 0 0 1.22787 0 0 1.22787 -12.1616 0 2.82599 0 0 0 0 0 2.82599 0 0 0 0 0 0 0 0 0 0 0 0 0 0 0 0 0 0 0 0 0 0 0 2.82599 0 0 0 0 0 0 0 0 0 0 
0 0 0 0 0 0 1.22787 0 0 0 0 0 0 0 0 0 0 0 1.22787 0 1.22787 0 -12.1616 2.82599 0 0 0 0 0 0 2.82599 0 0 0 0 0 0 0 0 0 0 0 0 0 0 0 0 0 0 0 0 0 0 0 2.82599 0 0 0 0 0 0 0 0 0 
0 0 0 0 0 0 0 1.22787 0 0 0 0 0 0 0 0 0 0 0 1.22787 0 1.22787 1.22787 -12.4475 0 0 0 0 0 0 0 3.76799 0 0 0 0 0 0 0 0 0 0 0 0 0 0 0 0 0 0 0 0 0 0 0 3.76799 0 0 0 0 0 0 0 0 
0 0 0 0 0 0 0 0 1.22787 0 0 0 0 0 0 0 1.22787 0 0 0 0 0 0 0 -9.99171 1.88399 1.88399 0 1.88399 0 0 0 0 0 0 0 0 0 0 0 0 0 0 0 0 0 0 0 0 0 0 0 0 0 0 0 1.88399 0 0 0 0 0 0 0 
0 0 0 0 0 0 0 0 0 1.22787 0 0 0 0 0 0 0 1.22787 0 0 0 0 0 0 1.22787 -12.1616 0 2.82599 0 2.82599 0 0 0 0 0 0 0 0 0 0 0 0 0 0 0 0 0 0 0 0 0 0 0 0 0 0 0 2.82599 0 0 0 0 0 0 
0 0 0 0 0 0 0 0 0 0 1.22787 0 0 0 0 0 0 0 1.22787 0 0 0 0 0 1.22787 0 -12.1616 2.82599 0 0 2.82599 0 0 0 0 0 0 0 0 0 0 0 0 0 0 0 0 0 0 0 0 0 0 0 0 0 0 0 2.82599 0 0 0 0 0 
0 0 0 0 0 0 0 0 0 0 0 1.22787 0 0 0 0 0 0 0 1.22787 0 0 0 0 0 1.22787 1.22787 -12.4475 0 0 0 3.76799 0 0 0 0 0 0 0 0 0 0 0 0 0 0 0 0 0 0 0 0 0 0 0 0 0 0 0 3.76799 0 0 0 0 
0 0 0 0 0 0 0 0 0 0 0 0 1.22787 0 0 0 0 0 0 0 1.22787 0 0 0 1.22787 0 0 0 -12.1616 2.82599 2.82599 0 0 0 0 0 0 0 0 0 0 0 0 0 0 0 0 0 0 0 0 0 0 0 0 0 0 0 0 0 2.82599 0 0 0 
0 0 0 0 0 0 0 0 0 0 0 0 0 1.22787 0 0 0 0 0 0 0 1.22787 0 0 0 1.22787 0 0 1.22787 -12.4475 0 3.76799 0 0 0 0 0 0 0 0 0 0 0 0 0 0 0 0 0 0 0 0 0 0 0 0 0 0 0 0 0 3.76799 0 0 
0 0 0 0 0 0 0 0 0 0 0 0 0 0 1.22787 0 0 0 0 0 0 0 1.22787 0 0 0 1.22787 0 1.22787 0 -12.4475 3.76799 0 0 0 0 0 0 0 0 0 0 0 0 0 0 0 0 0 0 0 0 0 0 0 0 0 0 0 0 0 0 3.76799 0 
0 0 0 0 0 0 0 0 0 0 0 0 0 0 0 1.22787 0 0 0 0 0 0 0 1.22787 0 0 0 1.22787 0 1.22787 1.22787 -10.8493 0 0 0 0 0 0 0 0 0 0 0 0 0 0 0 0 0 0 0 0 0 0 0 0 0 0 0 0 0 0 0 4.70998 
1.22787 0 0 0 0 0 0 0 0 0 0 0 0 0 0 0 0 0 0 0 0 0 0 0 0 0 0 0 0 0 0 0 -5.93785 0.941997 0.941997 0 0.941997 0 0 0 0.941997 0 0 0 0 0 0 0 0.941997 0 0 0 0 0 0 0 0 0 0 0 0 0 0 0 
0 1.22787 0 0 0 0 0 0 0 0 0 0 0 0 0 0 0 0 0 0 0 0 0 0 0 0 0 0 0 0 0 0 1.22787 -9.99171 0 1.88399 0 1.88399 0 0 0 1.88399 0 0 0 0 0 0 0 1.88399 0 0 0 0 0 0 0 0 0 0 0 0 0 0 
0 0 1.22787 0 0 0 0 0 0 0 0 0 0 0 0 0 0 0 0 0 0 0 0 0 0 0 0 0 0 0 0 0 1.22787 0 -9.99171 1.88399 0 0 1.88399 0 0 0 1.88399 0 0 0 0 0 0 0 1.88399 0 0 0 0 0 0 0 0 0 0 0 0 0 
0 0 0 1.22787 0 0 0 0 0 0 0 0 0 0 0 0 0 0 0 0 0 0 0 0 0 0 0 0 0 0 0 0 0 1.22787 1.22787 -12.1616 0 0 0 2.82599 0 0 0 2.82599 0 0 0 0 0 0 0 2.82599 0 0 0 0 0 0 0 0 0 0 0 0 
0 0 0 0 1.22787 0 0 0 0 0 0 0 0 0 0 0 0 0 0 0 0 0 0 0 0 0 0 0 0 0 0 0 1.22787 0 0 0 -9.99171 1.88399 1.88399 0 0 0 0 0 1.88399 0 0 0 0 0 0 0 1.88399 0 0 0 0 0 0 0 0 0 0 0 
0 0 0 0 0 1.22787 0 0 0 0 0 0 0 0 0 0 0 0 0 0 0 0 0 0 0 0 0 0 0 0 0 0 0 1.22787 0 0 1.22787 -12.1616 0 2.82599 0 0 0 0 0 2.82599 0 0 0 0 0 0 0 2.82599 0 0 0 0 0 0 0 0 0 0 
0 0 0 0 0 0 1.22787 0 0 0 0 0 0 0 0 0 0 0 0 0 0 0 0 0 0 0 0 0 0 0 0 0 0 0 1.22787 0 1.22787 0 -12.1616 2.82599 0 0 0 0 0 0 2.82599 0 0 0 0 0 0 0 2.82599 0 0 0 0 0 0 0 0 0 
0 0 0 0 0 0 0 1.22787 0 0 0 0 0 0 0 0 0 0 0 0 0 0 0 0 0 0 0 0 0 0 0 0 0 0 0 1.22787 0 1.22787 1.22787 -12.4475 0 0 0 0 0 0 0 3.76799 0 0 0 0 0 0 0 3.76799 0 0 0 0 0 0 0 0 
0 0 0 0 0 0 0 0 1.22787 0 0 0 0 0 0 0 0 0 0 0 0 0 0 0 0 0 0 0 0 0 0 0 1.22787 0 0 0 0 0 0 0 -9.99171 1.88399 1.88399 0 1.88399 0 0 0 0 0 0 0 0 0 0 0 1.88399 0 0 0 0 0 0 0 
0 0 0 0 0 0 0 0 0 1.22787 0 0 0 0 0 0 0 0 0 0 0 0 0 0 0 0 0 0 0 0 0 0 0 1.22787 0 0 0 0 0 0 1.22787 -12.1616 0 2.82599 0 2.82599 0 0 0 0 0 0 0 0 0 0 0 2.82599 0 0 0 0 0 0 
0 0 0 0 0 0 0 0 0 0 1.22787 0 0 0 0 0 0 0 0 0 0 0 0 0 0 0 0 0 0 0 0 0 0 0 1.22787 0 0 0 0 0 1.22787 0 -12.1616 2.82599 0 0 2.82599 0 0 0 0 0 0 0 0 0 0 0 2.82599 0 0 0 0 0 
0 0 0 0 0 0 0 0 0 0 0 1.22787 0 0 0 0 0 0 0 0 0 0 0 0 0 0 0 0 0 0 0 0 0 0 0 1.22787 0 0 0 0 0 1.22787 1.22787 -12.4475 0 0 0 3.76799 0 0 0 0 0 0 0 0 0 0 0 3.76799 0 0 0 0 
0 0 0 0 0 0 0 0 0 0 0 0 1.22787 0 0 0 0 0 0 0 0 0 0 0 0 0 0 0 0 0 0 0 0 0 0 0 1.22787 0 0 0 1.22787 0 0 0 -12.1616 2.82599 2.82599 0 0 0 0 0 0 0 0 0 0 0 0 0 2.82599 0 0 0 
0 0 0 0 0 0 0 0 0 0 0 0 0 1.22787 0 0 0 0 0 0 0 0 0 0 0 0 0 0 0 0 0 0 0 0 0 0 0 1.22787 0 0 0 1.22787 0 0 1.22787 -12.4475 0 3.76799 0 0 0 0 0 0 0 0 0 0 0 0 0 3.76799 0 0 
0 0 0 0 0 0 0 0 0 0 0 0 0 0 1.22787 0 0 0 0 0 0 0 0 0 0 0 0 0 0 0 0 0 0 0 0 0 0 0 1.22787 0 0 0 1.22787 0 1.22787 0 -12.4475 3.76799 0 0 0 0 0 0 0 0 0 0 0 0 0 0 3.76799 0 
0 0 0 0 0 0 0 0 0 0 0 0 0 0 0 1.22787 0 0 0 0 0 0 0 0 0 0 0 0 0 0 0 0 0 0 0 0 0 0 0 1.22787 0 0 0 1.22787 0 1.22787 1.22787 -10.8493 0 0 0 0 0 0 0 0 0 0 0 0 0 0 0 4.70998 
0 0 0 0 0 0 0 0 0 0 0 0 0 0 0 0 1.22787 0 0 0 0 0 0 0 0 0 0 0 0 0 0 0 1.22787 0 0 0 0 0 0 0 0 0 0 0 0 0 0 0 -9.99171 1.88399 1.88399 0 1.88399 0 0 0 1.88399 0 0 0 0 0 0 0 
0 0 0 0 0 0 0 0 0 0 0 0 0 0 0 0 0 1.22787 0 0 0 0 0 0 0 0 0 0 0 0 0 0 0 1.22787 0 0 0 0 0 0 0 0 0 0 0 0 0 0 1.22787 -12.1616 0 2.82599 0 2.82599 0 0 0 2.82599 0 0 0 0 0 0 
0 0 0 0 0 0 0 0 0 0 0 0 0 0 0 0 0 0 1.22787 0 0 0 0 0 0 0 0 0 0 0 0 0 0 0 1.22787 0 0 0 0 0 0 0 0 0 0 0 0 0 1.22787 0 -12.1616 2.82599 0 0 2.82599 0 0 0 2.82599 0 0 0 0 0 
0 0 0 0 0 0 0 0 0 0 0 0 0 0 0 0 0 0 0 1.22787 0 0 0 0 0 0 0 0 0 0 0 0 0 0 0 1.22787 0 0 0 0 0 0 0 0 0 0 0 0 0 1.22787 1.22787 -12.4475 0 0 0 3.76799 0 0 0 3.76799 0 0 0 0 
0 0 0 0 0 0 0 0 0 0 0 0 0 0 0 0 0 0 0 0 1.22787 0 0 0 0 0 0 0 0 0 0 0 0 0 0 0 1.22787 0 0 0 0 0 0 0 0 0 0 0 1.22787 0 0 0 -12.1616 2.82599 2.82599 0 0 0 0 0 2.82599 0 0 0 
0 0 0 0 0 0 0 0 0 0 0 0 0 0 0 0 0 0 0 0 0 1.22787 0 0 0 0 0 0 0 0 0 0 0 0 0 0 0 1.22787 0 0 0 0 0 0 0 0 0 0 0 1.22787 0 0 1.22787 -12.4475 0 3.76799 0 0 0 0 0 3.76799 0 0 
0 0 0 0 0 0 0 0 0 0 0 0 0 0 0 0 0 0 0 0 0 0 1.22787 0 0 0 0 0 0 0 0 0 0 0 0 0 0 0 1.22787 0 0 0 0 0 0 0 0 0 0 0 1.22787 0 1.22787 0 -12.4475 3.76799 0 0 0 0 0 0 3.76799 0 
0 0 0 0 0 0 0 0 0 0 0 0 0 0 0 0 0 0 0 0 0 0 0 1.22787 0 0 0 0 0 0 0 0 0 0 0 0 0 0 0 1.22787 0 0 0 0 0 0 0 0 0 0 0 1.22787 0 1.22787 1.22787 -10.8493 0 0 0 0 0 0 0 4.70998 
0 0 0 0 0 0 0 0 0 0 0 0 0 0 0 0 0 0 0 0 0 0 0 0 1.22787 0 0 0 0 0 0 0 0 0 0 0 0 0 0 0 1.22787 0 0 0 0 0 0 0 1.22787 0 0 0 0 0 0 0 -12.1616 2.82599 2.82599 0 2.82599 0 0 0 
0 0 0 0 0 0 0 0 0 0 0 0 0 0 0 0 0 0 0 0 0 0 0 0 0 1.22787 0 0 0 0 0 0 0 0 0 0 0 0 0 0 0 1.22787 0 0 0 0 0 0 0 1.22787 0 0 0 0 0 0 1.22787 -12.4475 0 3.76799 0 3.76799 0 0 
0 0 0 0 0 0 0 0 0 0 0 0 0 0 0 0 0 0 0 0 0 0 0 0 0 0 1.22787 0 0 0 0 0 0 0 0 0 0 0 0 0 0 0 1.22787 0 0 0 0 0 0 0 1.22787 0 0 0 0 0 1.22787 0 -12.4475 3.76799 0 0 3.76799 0 
0 0 0 0 0 0 0 0 0 0 0 0 0 0 0 0 0 0 0 0 0 0 0 0 0 0 0 1.22787 0 0 0 0 0 0 0 0 0 0 0 0 0 0 0 1.22787 0 0 0 0 0 0 0 1.22787 0 0 0 0 0 1.22787 1.22787 -10.8493 0 0 0 4.70998 
0 0 0 0 0 0 0 0 0 0 0 0 0 0 0 0 0 0 0 0 0 0 0 0 0 0 0 0 1.22787 0 0 0 0 0 0 0 0 0 0 0 0 0 0 0 1.22787 0 0 0 0 0 0 0 1.22787 0 0 0 1.22787 0 0 0 -12.4475 3.76799 3.76799 0 
0 0 0 0 0 0 0 0 0 0 0 0 0 0 0 0 0 0 0 0 0 0 0 0 0 0 0 0 0 1.22787 0 0 0 0 0 0 0 0 0 0 0 0 0 0 0 1.22787 0 0 0 0 0 0 0 1.22787 0 0 0 1.22787 0 0 1.22787 -10.8493 0 4.70998 
0 0 0 0 0 0 0 0 0 0 0 0 0 0 0 0 0 0 0 0 0 0 0 0 0 0 0 0 0 0 1.22787 0 0 0 0 0 0 0 0 0 0 0 0 0 0 0 1.22787 0 0 0 0 0 0 0 1.22787 0 0 0 1.22787 0 1.22787 0 -10.8493 4.70998 
0 0 0 0 0 0 0 0 0 0 0 0 0 0 0 0 0 0 0 0 0 0 0 0 0 0 0 0 0 0 0 1.22787 0 0 0 0 0 0 0 0 0 0 0 0 0 0 0 1.22787 0 0 0 0 0 0 0 1.22787 0 0 0 1.22787 0 1.22787 1.22787 -7.36722 
