64
-0 0 0 0 0 0 0 0 0 0 0 0 0 0 0 0 0 0 0 0 0 0 0 0 0 0 0 0 0 0 0 0 0 0 0 0 0 0 0 0 0 0 0 0 0 0 0 0 0 0 0 0 0 0 0 0 0 0 0 0 0 0 0 0 
0.182118 -1.50311 0 0.264197 0 0.264197 0 0 0 0.264197 0 0 0 0 0 0 0 0.264197 0 0 0 0 0 0 0 0 0 0 0 0 0 0 0 0.264197 0 0 0 0 0 0 0 0 0 0 0 0 0 0 0 0 0 0 0 0 0 0 0 0 0 0 0 0 0 0 
0.182118 0 -1.50311 0.264197 0 0 0.264197 0 0 0 0.264197 0 0 0 0 0 0 0 0.264197 0 0 0 0 0 0 0 0 0 0 0 0 0 0 0 0.264197 0 0 0 0 0 0 0 0 0 0 0 0 0 0 0 0 0 0 0 0 0 0 0 0 0 0 0 0 0 
0 0.182118 0.182118 -2.47782 0 0 0 0.528395 0 0 0 0.528395 0 0 0 0 0 0 0 0.528395 0 0 0 0 0 0 0 0 0 0 0 0 0 0 0 0.528395 0 0 0 0 0 0 0 0 0 0 0 0 0 0 0 0 0 0 0 0 0 0 0 0 0 0 0 0 
0.182118 0 0 0 -1.50311 0.264197 0.264197 0 0 0 0 0 0.264197 0 0 0 0 0 0 0 0.264197 0 0 0 0 0 0 0 0 0 0 0 0 0 0 0 0.264197 0 0 0 0 0 0 0 0 0 0 0 0 0 0 0 0 0 0 0 0 0 0 0 0 0 0 0 
0 0.182118 0 0 0.182118 -2.47782 0 0.528395 0 0 0 0 0 0.528395 0 0 0 0 0 0 0 0.528395 0 0 0 0 0 0 0 0 0 0 0 0 0 0 0 0.528395 0 0 0 0 0 0 0 0 0 0 0 0 0 0 0 0 0 0 0 0 0 0 0 0 0 0 
0 0 0.182118 0 0.182118 0 -2.47782 0.528395 0 0 0 0 0 0 0.528395 0 0 0 0 0 0 0 0.528395 0 0 0 0 0 0 0 0 0 0 0 0 0 0 0 0.528395 0 0 0 0 0 0 0 0 0 0 0 0 0 0 0 0 0 0 0 0 0 0 0 0 0 
0 0 0 0.182118 0 0.182118 0.182118 -2.92413 0 0 0 0 0 0 0 0.792592 0 0 0 0 0 0 0 0.792592 0 0 0 0 0 0 0 0 0 0 0 0 0 0 0 0.792592 0 0 0 0 0 0 0 0 0 0 0 0 0 0 0 0 0 0 0 0 0 0 0 0 
0.182118 0 0 0 0 0 0 0 -1.50311 0.264197 0.264197 0 0.264197 0 0 0 0 0 0 0 0 0 0 0 0.264197 0 0 0 0 0 0 0 0 0 0 0 0 0 0 0 0.264197 0 0 0 0 0 0 0 0 0 0 0 0 0 0 0 0 0 0 0 0 0 0 0 
0 0.182118 0 0 0 0 0 0 0.182118 -2.47782 0 0.528395 0 0.528395 0 0 0 0 0 0 0 0 0 0 0 0.528395 0 0 0 0 0 0 0 0 0 0 0 0 0 0 0 0.528395 0 0 0 0 0 0 0 0 0 0 0 0 0 0 0 0 0 0 0 0 0 0 
0 0 0.182118 0 0 0 0 0 0.182118 0 -2.47782 0.528395 0 0 0.528395 0 0 0 0 0 0 0 0 0 0 0 0.528395 0 0 0 0 0 0 0 0 0 0 0 0 0 0 0 0.528395 0 0 0 0 0 0 0 0 0 0 0 0 0 0 0 0 0 0 0 0 0 
0 0 0 0.182118 0 0 0 0 0 0.182118 0.182118 -2.92413 0 0 0 0.792592 0 0 0 0 0 0 0 0 0 0 0 0.792592 0 0 0 0 0 0 0 0 0 0 0 0 0 0 0 0.792592 0 0 0 0 0 0 0 0 0 0 0 0 0 0 0 0 0 0 0 0 
0 0 0 0 0.182118 0 0 0 0.182118 0 0 0 -2.47782 0.528395 0.528395 0 0 0 0 0 0 0 0 0 0 0 0 0 0.528395 0 0 0 0 0 0 0 0 0 0 0 0 0 0 0 0.528395 0 0 0 0 0 0 0 0 0 0 0 0 0 0 0 0 0 0 0 
0 0 0 0 0 0.182118 0 0 0 0.182118 0 0 0.182118 -2.92413 0 0.792592 0 0 0 0 0 0 0 0 0 0 0 0 0 0.792592 0 0 0 0 0 0 0 0 0 0 0 0 0 0 0 0.792592 0 0 0 0 0 0 0 0 0 0 0 0 0 0 0 0 0 0 
0 0 0 0 0 0 0.182118 0 0 0 0.182118 0 0.182118 0 -2.92413 0.792592 0 0 0 0 0 0 0 0 0 0 0 0 0 0 0.792592 0 0 0 0 0 0 0 0 0 0 0 0 0 0 0 0.792592 0 0 0 0 0 0 0 0 0 0 0 0 0 0 0 0 0 
0 0 0 0 0 0 0 0.182118 0 0 0 0.182118 0 0.182118 0.182118 -2.84205 0 0 0 0 0 0 0 0 0 0 0 0 0 0 0 1.05679 0 0 0 0 0 0 0 0 0 0 0 0 0 0 0 1.05679 0 0 0 0 0 0 0 0 0 0 0 0 0 0 0 0 
0.182118 0 0 0 0 0 0 0 0 0 0 0 0 0 0 0 -1.50311 0.264197 0.264197 0 0.264197 0 0 0 0.264197 0 0 0 0 0 0 0 0 0 0 0 0 0 0 0 0 0 0 0 0 0 0 0 0.264197 0 0 0 0 0 0 0 0 0 0 0 0 0 0 0 
0 0.182118 0 0 0 0 0 0 0 0 0 0 0 0 0 0 0.182118 -2.47782 0 0.528395 0 0.528395 0 0 0 0.528395 0 0 0 0 0 0 0 0 0 0 0 0 0 0 0 0 0 0 0 0 0 0 0 0.528395 0 0 0 0 0 0 0 0 0 0 0 0 0 0 
0 0 0.182118 0 0 0 0 0 0 0 0 0 0 0 0 0 0.182118 0 -2.47782 0.528395 0 0 0.528395 0 0 0 0.528395 0 0 0 0 0 0 0 0 0 0 0 0 0 0 0 0 0 0 0 0 0 0 0 0.528395 0 0 0 0 0 0 0 0 0 0 0 0 0 
0 0 0 0.182118 0 0 0 0 0 0 0 0 0 0 0 0 0 0.182118 0.182118 -2.92413 0 0 0 0.792592 0 0 0 0.792592 0 0 0 0 0 0 0 0 0 0 0 0 0 0 0 0 0 0 0 0 0 0 0 0.792592 0 0 0 0 0 0 0 0 0 0 0 0 
0 0 0 0 0.182118 0 0 0 0 0 0 0 0 0 0 0 0.182118 0 0 0 -2.47782 0.528395 0.528395 0 0 0 0 0 0.528395 0 0 0 0 0 0 0 0 0 0 0 0 0 0 0 0 0 0 0 0 0 0 0 0.528395 0 0 0 0 0 0 0 0 0 0 0 
0 0 0 0 0 0.182118 0 0 0 0 0 0 0 0 0 0 0 0.182118 0 0 0.182118 -2.92413 0 0.792592 0 0 0 0 0 0.792592 0 0 0 0 0 0 0 0 0 0 0 0 0 0 0 0 0 0 0 0 0 0 0 0.792592 0 0 0 0 0 0 0 0 0 0 
0 0 0 0 0 0 0.182118 0 0 0 0 0 0 0 0 0 0 0 0.182118 0 0.182118 0 -2.92413 0.792592 0 0 0 0 0 0 0.792592 0 0 0 0 0 0 0 0 0 0 0 0 0 0 0 0 0 0 0 0 0 0 0 0.792592 0 0 0 0 0 0 0 0 0 
0 0 0 0 0 0 0 0.182118 0 0 0 0 0 0 0 0 0 0 0 0.182118 0 0.182118 0.182118 -2.84205 0 0 0 0 0 0 0 1.05679 0 0 0 0 0 0 0 0 0 0 0 0 0 0 0 0 0 0 0 0 0 0 0 1.05679 0 0 0 0 0 0 0 0 
0 0 0 0 0 0 0 0 0.182118 0 0 0 0 0 0 0 0.182118 0 0 0 0 0 0 0 -2.47782 0.528395 0.528395 0 0.528395 0 0 0 0 0 0 0 0 0 0 0 0 0 0 0 0 0 0 0 0 0 0 0 0 0 0 0 0.528395 0 0 0 0 0 0 0 
0 0 0 0 0 0 0 0 0 0.182118 0 0 0 0 0 0 0 0.182118 0 0 0 0 0 0 0.182118 -2.92413 0 0.792592 0 0.792592 0 0 0 0 0 0 0 0 0 0 0 0 0 0 0 0 0 0 0 0 0 0 0 0 0 0 0 0.792592 0 0 0 0 0 0 
0 0 0 0 0 0 0 0 0 0 0.182118 0 0 0 0 0 0 0 0.182118 0 0 0 0 0 0.182118 0 -2.92413 0.792592 0 0 0.792592 0 0 0 0 0 0 0 0 0 0 0 0 0 0 0 0 0 0 0 0 0 0 0 0 0 0 0 0.792592 0 0 0 0 0 
0 0 0 0 0 0 0 0 0 0 0 0.182118 0 0 0 0 0 0 0 0.182118 0 0 0 0 0 0.182118 0.182118 -2.84205 0 0 0 1.05679 0 0 0 0 0 0 0 0 0 0 0 0 0 0 0 0 0 0 0 0 0 0 0 0 0 0 0 1.05679 0 0 0 0 
0 0 0 0 0 0 0 0 0 0 0 0 0.182118 0 0 0 0 0 0 0 0.182118 0 0 0 0.182118 0 0 0 -2.92413 0.792592 0.792592 0 0 0 0 0 0 0 0 0 0 0 0 0 0 0 0 0 0 0 0 0 0 0 0 0 0 0 0 0 0.792592 0 0 0 
0 0 0 0 0 0 0 0 0 0 0 0 0 0.182118 0 0 0 0 0 0 0 0.182118 0 0 0 0.182118 0 0 0.182118 -2.84205 0 1.05679 0 0 0 0 0 0 0 0 0 0 0 0 0 0 0 0 0 0 0 0 0 0 0 0 0 0 0 0 0 1.05679 0 0 
0 0 0 0 0 0 0 0 0 0 0 0 0 0 0.182118 0 0 0 0 0 0 0 0.182118 0 0 0 0.182118 0 0.182118 0 -2.84205 1.05679 0 0 0 0 0 0 0 0 0 0 0 0 0 0 0 0 0 0 0 0 0 0 0 0 0 0 0 0 0 0 1.05679 0 
0 0 0 0 0 0 0 0 0 0 0 0 0 0 0 0.182118 0 0 0 0 0 0 0 0.182118 0 0 0 0.182118 0 0.182118 0.182118 -2.23158 0 0 0 0 0 0 0 0 0 0 0 0 0 0 0 0 0 0 0 0 0 0 0 0 0 0 0 0 0 0 0 1.32099 
0.182118 0 0 0 0 0 0 0 0 0 0 0 0 0 0 0 0 0 0 0 0 0 0 0 0 0 0 0 0 0 0 0 -1.50311 0.264197 0.264197 0 0.264197 0 0 0 0.264197 0 0 0 0 0 0 0 0.264197 0 0 0 0 0 0 0 0 0 0 0 0 0 0 0 
0 0.182118 0 0 0 0 0 0 0 0 0 0 0 0 0 0 0 0 0 0 0 0 0 0 0 0 0 0 0 0 0 0 0.182118 -2.47782 0 0.528395 0 0.528395 0 0 0 0.528395 0 0 0 0 0 0 0 0.528395 0 0 0 0 0 0 0 0 0 0 0 0 0 0 
0 0 0.182118 0 0 0 0 0 0 0 0 0 0 0 0 0 0 0 0 0 0 0 0 0 0 0 0 0 0 0 0 0 0.182118 0 -2.47782 0.528395 0 0 0.528395 0 0 0 0.528395 0 0 0 0 0 0 0 0.528395 0 0 0 0 0 0 0 0 0 0 0 0 0 
0 0 0 0.182118 0 0 0 0 0 0 0 0 0 0 0 0 0 0 0 0 0 0 0 0 0 0 0 0 0 0 0 0 0 0.182118 0.182118 -2.92413 0 0 0 0.792592 0 0 0 0.792592 0 0 0 0 0 0 0 0.792592 0 0 0 0 0 0 0 0 0 0 0 0 
0 0 0 0 0.182118 0 0 0 0 0 0 0 0 0 0 0 0 0 0 0 0 0 0 0 0 0 0 0 0 0 0 0 0.182118 0 0 0 -2.47782 0.528395 0.528395 0 0 0 0 0 0.528395 0 0 0 0 0 0 0 0.528395 0 0 0 0 0 0 0 0 0 0 0 
0 0 0 0 0 0.182118 0 0 0 0 0 0 0 0 0 0 0 0 0 0 0 0 0 0 0 0 0 0 0 0 0 0 0 0.182118 0 0 0.182118 -2.92413 0 0.792592 0 0 0 0 0 0.792592 0 0 0 0 0 0 0 0.792592 0 0 0 0 0 0 0 0 0 0 
0 0 0 0 0 0 0.182118 0 0 0 0 0 0 0 0 0 0 0 0 0 0 0 0 0 0 0 0 0 0 0 0 0 0 0 0.182118 0 0.182118 0 -2.92413 0.792592 0 0 0 0 0 0 0.792592 0 0 0 0 0 0 0 0.792592 0 0 0 0 0 0 0 0 0 
0 0 0 0 0 0 0 0.182118 0 0 0 0 0 0 0 0 0 0 0 0 0 0 0 0 0 0 0 0 0 0 0 0 0 0 0 0.182118 0 0.182118 0.182118 -2.84205 0 0 0 0 0 0 0 1.05679 0 0 0 0 0 0 0 1.05679 0 0 0 0 0 0 0 0 
0 0 0 0 0 0 0 0 0.182118 0 0 0 0 0 0 0 0 0 0 0 0 0 0 0 0 0 0 0 0 0 0 0 0.182118 0 0 0 0 0 0 0 -2.47782 0.528395 0.528395 0 0.528395 0 0 0 0 0 0 0 0 0 0 0 0.528395 0 0 0 0 0 0 0 
0 0 0 0 0 0 0 0 0 0.182118 0 0 0 0 0 0 0 0 0 0 0 0 0 0 0 0 0 0 0 0 0 0 0 0.182118 0 0 0 0 0 0 0.182118 -2.92413 0 0.792592 0 0.792592 0 0 0 0 0 0 0 0 0 0 0 0.792592 0 0 0 0 0 0 
0 0 0 0 0 0 0 0 0 0 0.182118 0 0 0 0 0 0 0 0 0 0 0 0 0 0 0 0 0 0 0 0 0 0 0 0.182118 0 0 0 0 0 0.182118 0 -2.92413 0.792592 0 0 0.792592 0 0 0 0 0 0 0 0 0 0 0 0.792592 0 0 0 0 0 
0 0 0 0 0 0 0 0 0 0 0 0.182118 0 0 0 0 0 0 0 0 0 0 0 0 0 0 0 0 0 0 0 0 0 0 0 0.182118 0 0 0 0 0 0.182118 0.182118 -2.84205 0 0 0 1.05679 0 0 0 0 0 0 0 0 0 0 0 1.05679 0 0 0 0 
0 0 0 0 0 0 0 0 0 0 0 0 0.182118 0 0 0 0 0 0 0 0 0 0 0 0 0 0 0 0 0 0 0 0 0 0 0 0.182118 0 0 0 0.182118 0 0 0 -2.92413 0.792592 0.792592 0 0 0 0 0 0 0 0 0 0 0 0 0 0.792592 0 0 0 
0 0 0 0 0 0 0 0 0 0 0 0 0 0.182118 0 0 0 0 0 0 0 0 0 0 0 0 0 0 0 0 0 0 0 0 0 0 0 0.182118 0 0 0 0.182118 0 0 0.182118 -2.84205 0 1.05679 0 0 0 0 0 0 0 0 0 0 0 0 0 1.05679 0 0 
0 0 0 0 0 0 0 0 0 0 0 0 0 0 0.182118 0 0 0 0 0 0 0 0 0 0 0 0 0 0 0 0 0 0 0 0 0 0 0 0.182118 0 0 0 0.182118 0 0.182118 0 -2.84205 1.05679 0 0 0 0 0 0 0 0 0 0 0 0 0 0 1.05679 0 
0 0 0 0 0 0 0 0 0 0 0 0 0 0 0 0.182118 0 0 0 0 0 0 0 0 0 0 0 0 0 0 0 0 0 0 0 0 0 0 0 0.182118 0 0 0 0.182118 0 0.182118 0.182118 -2.23158 0 0 0 0 0 0 0 0 0 0 0 0 0 0 0 1.32099 
0 0 0 0 0 0 0 0 0 0 0 0 0 0 0 0 0.182118 0 0 0 0 0 0 0 0 0 0 0 0 0 0 0 0.182118 0 0 0 0 0 0 0 0 0 0 0 0 0 0 0 -2.47782 0.528395 0.528395 0 0.528395 0 0 0 0.528395 0 0 0 0 0 0 0 
0 0 0 0 0 0 0 0 0 0 0 0 0 0 0 0 0 0.182118 0 0 0 0 0 0 0 0 0 0 0 0 0 0 0 0.182118 0 0 0 0 0 0 0 0 0 0 0 0 0 0 0.182118 -2.92413 0 0.792592 0 0.792592 0 0 0 0.792592 0 0 0 0 0 0 
0 0 0 0 0 0 0 0 0 0 0 0 0 0 0 0 0 0 0.182118 0 0 0 0 0 0 0 0 0 0 0 0 0 0 0 0.182118 0 0 0 0 0 0 0 0 0 0 0 0 0 0.182118 0 -2.92413 0.792592 0 0 0.792592 0 0 0 0.792592 0 0 0 0 0 
0 0 0 0 0 0 0 0 0 0 0 0 0 0 0 0 0 0 0 0.182118 0 0 0 0 0 0 0 0 0 0 0 0 0 0 0 0.182118 0 0 0 0 0 0 0 0 0 0 0 0 0 0.182118 0.182118 -2.84205 0 0 0 1.05679 0 0 0 1.05679 0 0 0 0 
0 0 0 0 0 0 0 0 0 0 0 0 0 0 0 0 0 0 0 0 0.182118 0 0 0 0 0 0 0 0 0 0 0 0 0 0 0 0.182118 0 0 0 0 0 0 0 0 0 0 0 0.182118 0 0 0 -2.92413 0.792592 0.792592 0 0 0 0 0 0.792592 0 0 0 
0 0 0 0 0 0 0 0 0 0 0 0 0 0 0 0 0 0 0 0 0 0.182118 0 0 0 0 0 0 0 0 0 0 0 0 0 0 0 0.182118 0 0 0 0 0 0 0 0 0 0 0 0.182118 0 0 0.182118 -2.84205 0 1.05679 0 0 0 0 0 1.05679 0 0 
0 0 0 0 0 0 0 0 0 0 0 0 0 0 0 0 0 0 0 0 0 0 0.182118 0 0 0 0 0 0 0 0 0 0 0 0 0 0 0 0.182118 0 0 0 0 0 0 0 0 0 0 0 0.182118 0 0.182118 0 -2.84205 1.05679 0 0 0 0 0 0 1.05679 0 
0 0 0 0 0 0 0 0 0 0 0 0 0 0 0 0 0 0 0 0 0 0 0 0.182118 0 0 0 0 0 0 0 0 0 0 0 0 0 0 0 0.182118 0 0 0 0 0 0 0 0 0 0 0 0.182118 0 0.182118 0.182118 -2.23158 0 0 0 0 0 0 0 1.32099 
0 0 0 0 0 0 0 0 0 0 0 0 0 0 0 0 0 0 0 0 0 0 0 0 0.182118 0 0 0 0 0 0 0 0 0 0 0 0 0 0 0 0.182118 0 0 0 0 0 0 0 0.182118 0 0 0 0 0 0 0 -2.92413 0.792592 0.792592 0 0.792592 0 0 0 
0 0 0 0 0 0 0 0 0 0 0 0 0 0 0 0 0 0 0 0 0 0 0 0 0 0.182118 0 0 0 0 0 0 0 0 0 0 0 0 0 0 0 0.182118 0 0 0 0 0 0 0 0.182118 0 0 0 0 0 0 0.182118 -2.84205 0 1.05679 0 1.05679 0 0 
0 0 0 0 0 0 0 0 0 0 0 0 0 0 0 0 0 0 0 0 0 0 0 0 0 0 0.182118 0 0 0 0 0 0 0 0 0 0 0 0 0 0 0 0.182118 0 0 0 0 0 0 0 0.182118 0 0 0 0 0 0.182118 0 -2.84205 1.05679 0 0 1.05679 0 
0 0 0 0 0 0 0 0 0 0 0 0 0 0 0 0 0 0 0 0 0 0 0 0 0 0 0 0.182118 0 0 0 0 0 0 0 0 0 0 0 0 0 0 0 0.182118 0 0 0 0 0 0 0 0.182118 0 0 0 0 0 0.182118 0.182118 -2.23158 0 0 0 1.32099 
0 0 0 0 0 0 0 0 0 0 0 0 0 0 0 0 0 0 0 0 0 0 0 0 0 0 0 0 0.182118 0 0 0 0 0 0 0 0 0 0 0 0 0 0 0 0.182118 0 0 0 0 0 0 0 0.182118 0 0 0 0.182118 0 0 0 -2.84205 1.05679 1.05679 0 
0 0 0 0 0 0 0 0 0 0 0 0 0 0 0 0 0 0 0 0 0 0 0 0 0 0 0 0 0 0.182118 0 0 0 0 0 0 0 0 0 0 0 0 0 0 0 0.182118 0 0 0 0 0 0 0 0.182118 0 0 0 0.182118 0 0 0.182118 -2.23158 0 1.32099 
0 0 0 0 0 0 0 0 0 0 0 0 0 0 0 0 0 0 0 0 0 0 0 0 0 0 0 0 0 0 0.182118 0 0 0 0 0 0 0 0 0 0 0 0 0 0 0 0.182118 0 0 0 0 0 0 0 0.182118 0 0 0 0.182118 0 0.182118 0 -2.23158 1.32099 
0 0 0 0 0 0 0 0 0 0 0 0 0 0 0 0 0 0 0 0 0 0 0 0 0 0 0 0 0 0 0 0.182118 0 0 0 0 0 0 0 0 0 0 0 0 0 0 0 0.182118 0 0 0 0 0 0 0 0.182118 0 0 0 0.182118 0 0.182118 0.182118 -1.09271 
