32
-0 0 0 0 0 0 0 0 0 0 0 0 0 0 0 0 0 0 0 0 0 0 0 0 0 0 0 0 0 0 0 0 
0.719169 -3.53576 0 0.704148 0 0.704148 0 0 0 0.704148 0 0 0 0 0 0 0 0.704148 0 0 0 0 0 0 0 0 0 0 0 0 0 0 
0.719169 0 -3.53576 0.704148 0 0 0.704148 0 0 0 0.704148 0 0 0 0 0 0 0 0.704148 0 0 0 0 0 0 0 0 0 0 0 0 0 
0 0.719169 0.719169 -5.66323 0 0 0 1.4083 0 0 0 1.4083 0 0 0 0 0 0 0 1.4083 0 0 0 0 0 0 0 0 0 0 0 0 
0.719169 0 0 0 -3.53576 0.704148 0.704148 0 0 0 0 0 0.704148 0 0 0 0 0 0 0 0.704148 0 0 0 0 0 0 0 0 0 0 0 
0 0.719169 0 0 0.719169 -5.66323 0 1.4083 0 0 0 0 0 1.4083 0 0 0 0 0 0 0 1.4083 0 0 0 0 0 0 0 0 0 0 
0 0 0.719169 0 0.719169 0 -5.66323 1.4083 0 0 0 0 0 0 1.4083 0 0 0 0 0 0 0 1.4083 0 0 0 0 0 0 0 0 0 
0 0 0 0.719169 0 0.719169 0.719169 -6.3824 0 0 0 0 0 0 0 2.11244 0 0 0 0 0 0 0 2.11244 0 0 0 0 0 0 0 0 
0.719169 0 0 0 0 0 0 0 -3.53576 0.704148 0.704148 0 0.704148 0 0 0 0 0 0 0 0 0 0 0 0.704148 0 0 0 0 0 0 0 
0 0.719169 0 0 0 0 0 0 0.719169 -5.66323 0 1.4083 0 1.4083 0 0 0 0 0 0 0 0 0 0 0 1.4083 0 0 0 0 0 0 
0 0 0.719169 0 0 0 0 0 0.719169 0 -5.66323 1.4083 0 0 1.4083 0 0 0 0 0 0 0 0 0 0 0 1.4083 0 0 0 0 0 
0 0 0 0.719169 0 0 0 0 0 0.719169 0.719169 -6.3824 0 0 0 2.11244 0 0 0 0 0 0 0 0 0 0 0 2.11244 0 0 0 0 
0 0 0 0 0.719169 0 0 0 0.719169 0 0 0 -5.66323 1.4083 1.4083 0 0 0 0 0 0 0 0 0 0 0 0 0 1.4083 0 0 0 
0 0 0 0 0 0.719169 0 0 0 0.719169 0 0 0.719169 -6.3824 0 2.11244 0 0 0 0 0 0 0 0 0 0 0 0 0 2.11244 0 0 
0 0 0 0 0 0 0.719169 0 0 0 0.719169 0 0.719169 0 -6.3824 2.11244 0 0 0 0 0 0 0 0 0 0 0 0 0 0 2.11244 0 
0 0 0 0 0 0 0 0.719169 0 0 0 0.719169 0 0.719169 0.719169 -5.69327 0 0 0 0 0 0 0 0 0 0 0 0 0 0 0 2.81659 
0.719169 0 0 0 0 0 0 0 0 0 0 0 0 0 0 0 -3.53576 0.704148 0.704148 0 0.704148 0 0 0 0.704148 0 0 0 0 0 0 0 
0 0.719169 0 0 0 0 0 0 0 0 0 0 0 0 0 0 0.719169 -5.66323 0 1.4083 0 1.4083 0 0 0 1.4083 0 0 0 0 0 0 
0 0 0.719169 0 0 0 0 0 0 0 0 0 0 0 0 0 0.719169 0 -5.66323 1.4083 0 0 1.4083 0 0 0 1.4083 0 0 0 0 0 
0 0 0 0.719169 0 0 0 0 0 0 0 0 0 0 0 0 0 0.719169 0.719169 -6.3824 0 0 0 2.11244 0 0 0 2.11244 0 0 0 0 
0 0 0 0 0.719169 0 0 0 0 0 0 0 0 0 0 0 0.719169 0 0 0 -5.66323 1.4083 1.4083 0 0 0 0 0 1.4083 0 0 0 
0 0 0 0 0 0.719169 0 0 0 0 0 0 0 0 0 0 0 0.719169 0 0 0.719169 -6.3824 0 2.11244 0 0 0 0 0 2.11244 0 0 
0 0 0 0 0 0 0.719169 0 0 0 0 0 0 0 0 0 0 0 0.719169 0 0.719169 0 -6.3824 2.11244 0 0 0 0 0 0 2.11244 0 
0 0 0 0 0 0 0 0.719169 0 0 0 0 0 0 0 0 0 0 0 0.719169 0 0.719169 0.719169 -5.69327 0 0 0 0 0 0 0 2.81659 
0 0 0 0 0 0 0 0 0.719169 0 0 0 0 0 0 0 0.719169 0 0 0 0 0 0 0 -5.66323 1.4083 1.4083 0 1.4083 0 0 0 
0 0 0 0 0 0 0 0 0 0.719169 0 0 0 0 0 0 0 0.719169 0 0 0 0 0 0 0.719169 -6.3824 0 2.11244 0 2.11244 0 0 
0 0 0 0 0 0 0 0 0 0 0.719169 0 0 0 0 0 0 0 0.719169 0 0 0 0 0 0.719169 0 -6.3824 2.11244 0 0 2.11244 0 
0 0 0 0 0 0 0 0 0 0 0 0.719169 0 0 0 0 0 0 0 0.719169 0 0 0 0 0 0.719169 0.719169 -5.69327 0 0 0 2.81659 
0 0 0 0 0 0 0 0 0 0 0 0 0.719169 0 0 0 0 0 0 0 0.719169 0 0 0 0.719169 0 0 0 -6.3824 2.11244 2.11244 0 
0 0 0 0 0 0 0 0 0 0 0 0 0 0.719169 0 0 0 0 0 0 0 0.719169 0 0 0 0.719169 0 0 0.719169 -5.69327 0 2.81659 
0 0 0 0 0 0 0 0 0 0 0 0 0 0 0.719169 0 0 0 0 0 0 0 0.719169 0 0 0 0.719169 0 0.719169 0 -5.69327 2.81659 
0 0 0 0 0 0 0 0 0 0 0 0 0 0 0 0.719169 0 0 0 0 0 0 0 0.719169 0 0 0 0.719169 0 0.719169 0.719169 -3.59585 
