32
-0 0 0 0 0 0 0 0 0 0 0 0 0 0 0 0 0 0 0 0 0 0 0 0 0 0 0 0 0 0 0 0 
0.464584 -2.67163 0 0.55176 0 0.55176 0 0 0 0.55176 0 0 0 0 0 0 0 0.55176 0 0 0 0 0 0 0 0 0 0 0 0 0 0 
0.464584 0 -2.67163 0.55176 0 0 0.55176 0 0 0 0.55176 0 0 0 0 0 0 0 0.55176 0 0 0 0 0 0 0 0 0 0 0 0 0 
0 0.464584 0.464584 -4.23973 0 0 0 1.10352 0 0 0 1.10352 0 0 0 0 0 0 0 1.10352 0 0 0 0 0 0 0 0 0 0 0 0 
0.464584 0 0 0 -2.67163 0.55176 0.55176 0 0 0 0 0 0.55176 0 0 0 0 0 0 0 0.55176 0 0 0 0 0 0 0 0 0 0 0 
0 0.464584 0 0 0.464584 -4.23973 0 1.10352 0 0 0 0 0 1.10352 0 0 0 0 0 0 0 1.10352 0 0 0 0 0 0 0 0 0 0 
0 0 0.464584 0 0.464584 0 -4.23973 1.10352 0 0 0 0 0 0 1.10352 0 0 0 0 0 0 0 1.10352 0 0 0 0 0 0 0 0 0 
0 0 0 0.464584 0 0.464584 0.464584 -4.70431 0 0 0 0 0 0 0 1.65528 0 0 0 0 0 0 0 1.65528 0 0 0 0 0 0 0 0 
0.464584 0 0 0 0 0 0 0 -2.67163 0.55176 0.55176 0 0.55176 0 0 0 0 0 0 0 0 0 0 0 0.55176 0 0 0 0 0 0 0 
0 0.464584 0 0 0 0 0 0 0.464584 -4.23973 0 1.10352 0 1.10352 0 0 0 0 0 0 0 0 0 0 0 1.10352 0 0 0 0 0 0 
0 0 0.464584 0 0 0 0 0 0.464584 0 -4.23973 1.10352 0 0 1.10352 0 0 0 0 0 0 0 0 0 0 0 1.10352 0 0 0 0 0 
0 0 0 0.464584 0 0 0 0 0 0.464584 0.464584 -4.70431 0 0 0 1.65528 0 0 0 0 0 0 0 0 0 0 0 1.65528 0 0 0 0 
0 0 0 0 0.464584 0 0 0 0.464584 0 0 0 -4.23973 1.10352 1.10352 0 0 0 0 0 0 0 0 0 0 0 0 0 1.10352 0 0 0 
0 0 0 0 0 0.464584 0 0 0 0.464584 0 0 0.464584 -4.70431 0 1.65528 0 0 0 0 0 0 0 0 0 0 0 0 0 1.65528 0 0 
0 0 0 0 0 0 0.464584 0 0 0 0.464584 0 0.464584 0 -4.70431 1.65528 0 0 0 0 0 0 0 0 0 0 0 0 0 0 1.65528 0 
0 0 0 0 0 0 0 0.464584 0 0 0 0.464584 0 0.464584 0.464584 -4.06538 0 0 0 0 0 0 0 0 0 0 0 0 0 0 0 2.20704 
0.464584 0 0 0 0 0 0 0 0 0 0 0 0 0 0 0 -2.67163 0.55176 0.55176 0 0.55176 0 0 0 0.55176 0 0 0 0 0 0 0 
0 0.464584 0 0 0 0 0 0 0 0 0 0 0 0 0 0 0.464584 -4.23973 0 1.10352 0 1.10352 0 0 0 1.10352 0 0 0 0 0 0 
0 0 0.464584 0 0 0 0 0 0 0 0 0 0 0 0 0 0.464584 0 -4.23973 1.10352 0 0 1.10352 0 0 0 1.10352 0 0 0 0 0 
0 0 0 0.464584 0 0 0 0 0 0 0 0 0 0 0 0 0 0.464584 0.464584 -4.70431 0 0 0 1.65528 0 0 0 1.65528 0 0 0 0 
0 0 0 0 0.464584 0 0 0 0 0 0 0 0 0 0 0 0.464584 0 0 0 -4.23973 1.10352 1.10352 0 0 0 0 0 1.10352 0 0 0 
0 0 0 0 0 0.464584 0 0 0 0 0 0 0 0 0 0 0 0.464584 0 0 0.464584 -4.70431 0 1.65528 0 0 0 0 0 1.65528 0 0 
0 0 0 0 0 0 0.464584 0 0 0 0 0 0 0 0 0 0 0 0.464584 0 0.464584 0 -4.70431 1.65528 0 0 0 0 0 0 1.65528 0 
0 0 0 0 0 0 0 0.464584 0 0 0 0 0 0 0 0 0 0 0 0.464584 0 0.464584 0.464584 -4.06538 0 0 0 0 0 0 0 2.20704 
0 0 0 0 0 0 0 0 0.464584 0 0 0 0 0 0 0 0.464584 0 0 0 0 0 0 0 -4.23973 1.10352 1.10352 0 1.10352 0 0 0 
0 0 0 0 0 0 0 0 0 0.464584 0 0 0 0 0 0 0 0.464584 0 0 0 0 0 0 0.464584 -4.70431 0 1.65528 0 1.65528 0 0 
0 0 0 0 0 0 0 0 0 0 0.464584 0 0 0 0 0 0 0 0.464584 0 0 0 0 0 0.464584 0 -4.70431 1.65528 0 0 1.65528 0 
0 0 0 0 0 0 0 0 0 0 0 0.464584 0 0 0 0 0 0 0 0.464584 0 0 0 0 0 0.464584 0.464584 -4.06538 0 0 0 2.20704 
0 0 0 0 0 0 0 0 0 0 0 0 0.464584 0 0 0 0 0 0 0 0.464584 0 0 0 0.464584 0 0 0 -4.70431 1.65528 1.65528 0 
0 0 0 0 0 0 0 0 0 0 0 0 0 0.464584 0 0 0 0 0 0 0 0.464584 0 0 0 0.464584 0 0 0.464584 -4.06538 0 2.20704 
0 0 0 0 0 0 0 0 0 0 0 0 0 0 0.464584 0 0 0 0 0 0 0 0.464584 0 0 0 0.464584 0 0.464584 0 -4.06538 2.20704 
0 0 0 0 0 0 0 0 0 0 0 0 0 0 0 0.464584 0 0 0 0 0 0 0 0.464584 0 0 0 0.464584 0 0.464584 0.464584 -2.32292 
