32
-0 0 0 0 0 0 0 0 0 0 0 0 0 0 0 0 0 0 0 0 0 0 0 0 0 0 0 0 0 0 0 0 
0.284051 -1.66069 0 0.344159 0 0.344159 0 0 0 0.344159 0 0 0 0 0 0 0 0.344159 0 0 0 0 0 0 0 0 0 0 0 0 0 0 
0.284051 0 -1.66069 0.344159 0 0 0.344159 0 0 0 0.344159 0 0 0 0 0 0 0 0.344159 0 0 0 0 0 0 0 0 0 0 0 0 0 
0 0.284051 0.284051 -2.63305 0 0 0 0.688317 0 0 0 0.688317 0 0 0 0 0 0 0 0.688317 0 0 0 0 0 0 0 0 0 0 0 0 
0.284051 0 0 0 -1.66069 0.344159 0.344159 0 0 0 0 0 0.344159 0 0 0 0 0 0 0 0.344159 0 0 0 0 0 0 0 0 0 0 0 
0 0.284051 0 0 0.284051 -2.63305 0 0.688317 0 0 0 0 0 0.688317 0 0 0 0 0 0 0 0.688317 0 0 0 0 0 0 0 0 0 0 
0 0 0.284051 0 0.284051 0 -2.63305 0.688317 0 0 0 0 0 0 0.688317 0 0 0 0 0 0 0 0.688317 0 0 0 0 0 0 0 0 0 
0 0 0 0.284051 0 0.284051 0.284051 -2.91711 0 0 0 0 0 0 0 1.03248 0 0 0 0 0 0 0 1.03248 0 0 0 0 0 0 0 0 
0.284051 0 0 0 0 0 0 0 -1.66069 0.344159 0.344159 0 0.344159 0 0 0 0 0 0 0 0 0 0 0 0.344159 0 0 0 0 0 0 0 
0 0.284051 0 0 0 0 0 0 0.284051 -2.63305 0 0.688317 0 0.688317 0 0 0 0 0 0 0 0 0 0 0 0.688317 0 0 0 0 0 0 
0 0 0.284051 0 0 0 0 0 0.284051 0 -2.63305 0.688317 0 0 0.688317 0 0 0 0 0 0 0 0 0 0 0 0.688317 0 0 0 0 0 
0 0 0 0.284051 0 0 0 0 0 0.284051 0.284051 -2.91711 0 0 0 1.03248 0 0 0 0 0 0 0 0 0 0 0 1.03248 0 0 0 0 
0 0 0 0 0.284051 0 0 0 0.284051 0 0 0 -2.63305 0.688317 0.688317 0 0 0 0 0 0 0 0 0 0 0 0 0 0.688317 0 0 0 
0 0 0 0 0 0.284051 0 0 0 0.284051 0 0 0.284051 -2.91711 0 1.03248 0 0 0 0 0 0 0 0 0 0 0 0 0 1.03248 0 0 
0 0 0 0 0 0 0.284051 0 0 0 0.284051 0 0.284051 0 -2.91711 1.03248 0 0 0 0 0 0 0 0 0 0 0 0 0 0 1.03248 0 
0 0 0 0 0 0 0 0.284051 0 0 0 0.284051 0 0.284051 0.284051 -2.51284 0 0 0 0 0 0 0 0 0 0 0 0 0 0 0 1.37663 
0.284051 0 0 0 0 0 0 0 0 0 0 0 0 0 0 0 -1.66069 0.344159 0.344159 0 0.344159 0 0 0 0.344159 0 0 0 0 0 0 0 
0 0.284051 0 0 0 0 0 0 0 0 0 0 0 0 0 0 0.284051 -2.63305 0 0.688317 0 0.688317 0 0 0 0.688317 0 0 0 0 0 0 
0 0 0.284051 0 0 0 0 0 0 0 0 0 0 0 0 0 0.284051 0 -2.63305 0.688317 0 0 0.688317 0 0 0 0.688317 0 0 0 0 0 
0 0 0 0.284051 0 0 0 0 0 0 0 0 0 0 0 0 0 0.284051 0.284051 -2.91711 0 0 0 1.03248 0 0 0 1.03248 0 0 0 0 
0 0 0 0 0.284051 0 0 0 0 0 0 0 0 0 0 0 0.284051 0 0 0 -2.63305 0.688317 0.688317 0 0 0 0 0 0.688317 0 0 0 
0 0 0 0 0 0.284051 0 0 0 0 0 0 0 0 0 0 0 0.284051 0 0 0.284051 -2.91711 0 1.03248 0 0 0 0 0 1.03248 0 0 
0 0 0 0 0 0 0.284051 0 0 0 0 0 0 0 0 0 0 0 0.284051 0 0.284051 0 -2.91711 1.03248 0 0 0 0 0 0 1.03248 0 
0 0 0 0 0 0 0 0.284051 0 0 0 0 0 0 0 0 0 0 0 0.284051 0 0.284051 0.284051 -2.51284 0 0 0 0 0 0 0 1.37663 
0 0 0 0 0 0 0 0 0.284051 0 0 0 0 0 0 0 0.284051 0 0 0 0 0 0 0 -2.63305 0.688317 0.688317 0 0.688317 0 0 0 
0 0 0 0 0 0 0 0 0 0.284051 0 0 0 0 0 0 0 0.284051 0 0 0 0 0 0 0.284051 -2.91711 0 1.03248 0 1.03248 0 0 
0 0 0 0 0 0 0 0 0 0 0.284051 0 0 0 0 0 0 0 0.284051 0 0 0 0 0 0.284051 0 -2.91711 1.03248 0 0 1.03248 0 
0 0 0 0 0 0 0 0 0 0 0 0.284051 0 0 0 0 0 0 0 0.284051 0 0 0 0 0 0.284051 0.284051 -2.51284 0 0 0 1.37663 
0 0 0 0 0 0 0 0 0 0 0 0 0.284051 0 0 0 0 0 0 0 0.284051 0 0 0 0.284051 0 0 0 -2.91711 1.03248 1.03248 0 
0 0 0 0 0 0 0 0 0 0 0 0 0 0.284051 0 0 0 0 0 0 0 0.284051 0 0 0 0.284051 0 0 0.284051 -2.51284 0 1.37663 
0 0 0 0 0 0 0 0 0 0 0 0 0 0 0.284051 0 0 0 0 0 0 0 0.284051 0 0 0 0.284051 0 0.284051 0 -2.51284 1.37663 
0 0 0 0 0 0 0 0 0 0 0 0 0 0 0 0.284051 0 0 0 0 0 0 0 0.284051 0 0 0 0.284051 0 0.284051 0.284051 -1.42026 
