64
-0 0 0 0 0 0 0 0 0 0 0 0 0 0 0 0 0 0 0 0 0 0 0 0 0 0 0 0 0 0 0 0 0 0 0 0 0 0 0 0 0 0 0 0 0 0 0 0 0 0 0 0 0 0 0 0 0 0 0 0 0 0 0 0 
0.685472 -3.18874 0 0.500654 0 0.500654 0 0 0 0.500654 0 0 0 0 0 0 0 0.500654 0 0 0 0 0 0 0 0 0 0 0 0 0 0 0 0.500654 0 0 0 0 0 0 0 0 0 0 0 0 0 0 0 0 0 0 0 0 0 0 0 0 0 0 0 0 0 0 
0.685472 0 -3.18874 0.500654 0 0 0.500654 0 0 0 0.500654 0 0 0 0 0 0 0 0.500654 0 0 0 0 0 0 0 0 0 0 0 0 0 0 0 0.500654 0 0 0 0 0 0 0 0 0 0 0 0 0 0 0 0 0 0 0 0 0 0 0 0 0 0 0 0 0 
0 0.685472 0.685472 -5.37618 0 0 0 1.00131 0 0 0 1.00131 0 0 0 0 0 0 0 1.00131 0 0 0 0 0 0 0 0 0 0 0 0 0 0 0 1.00131 0 0 0 0 0 0 0 0 0 0 0 0 0 0 0 0 0 0 0 0 0 0 0 0 0 0 0 0 
0.685472 0 0 0 -3.18874 0.500654 0.500654 0 0 0 0 0 0.500654 0 0 0 0 0 0 0 0.500654 0 0 0 0 0 0 0 0 0 0 0 0 0 0 0 0.500654 0 0 0 0 0 0 0 0 0 0 0 0 0 0 0 0 0 0 0 0 0 0 0 0 0 0 0 
0 0.685472 0 0 0.685472 -5.37618 0 1.00131 0 0 0 0 0 1.00131 0 0 0 0 0 0 0 1.00131 0 0 0 0 0 0 0 0 0 0 0 0 0 0 0 1.00131 0 0 0 0 0 0 0 0 0 0 0 0 0 0 0 0 0 0 0 0 0 0 0 0 0 0 
0 0 0.685472 0 0.685472 0 -5.37618 1.00131 0 0 0 0 0 0 1.00131 0 0 0 0 0 0 0 1.00131 0 0 0 0 0 0 0 0 0 0 0 0 0 0 0 1.00131 0 0 0 0 0 0 0 0 0 0 0 0 0 0 0 0 0 0 0 0 0 0 0 0 0 
0 0 0 0.685472 0 0.685472 0.685472 -6.5623 0 0 0 0 0 0 0 1.50196 0 0 0 0 0 0 0 1.50196 0 0 0 0 0 0 0 0 0 0 0 0 0 0 0 1.50196 0 0 0 0 0 0 0 0 0 0 0 0 0 0 0 0 0 0 0 0 0 0 0 0 
0.685472 0 0 0 0 0 0 0 -3.18874 0.500654 0.500654 0 0.500654 0 0 0 0 0 0 0 0 0 0 0 0.500654 0 0 0 0 0 0 0 0 0 0 0 0 0 0 0 0.500654 0 0 0 0 0 0 0 0 0 0 0 0 0 0 0 0 0 0 0 0 0 0 0 
0 0.685472 0 0 0 0 0 0 0.685472 -5.37618 0 1.00131 0 1.00131 0 0 0 0 0 0 0 0 0 0 0 1.00131 0 0 0 0 0 0 0 0 0 0 0 0 0 0 0 1.00131 0 0 0 0 0 0 0 0 0 0 0 0 0 0 0 0 0 0 0 0 0 0 
0 0 0.685472 0 0 0 0 0 0.685472 0 -5.37618 1.00131 0 0 1.00131 0 0 0 0 0 0 0 0 0 0 0 1.00131 0 0 0 0 0 0 0 0 0 0 0 0 0 0 0 1.00131 0 0 0 0 0 0 0 0 0 0 0 0 0 0 0 0 0 0 0 0 0 
0 0 0 0.685472 0 0 0 0 0 0.685472 0.685472 -6.5623 0 0 0 1.50196 0 0 0 0 0 0 0 0 0 0 0 1.50196 0 0 0 0 0 0 0 0 0 0 0 0 0 0 0 1.50196 0 0 0 0 0 0 0 0 0 0 0 0 0 0 0 0 0 0 0 0 
0 0 0 0 0.685472 0 0 0 0.685472 0 0 0 -5.37618 1.00131 1.00131 0 0 0 0 0 0 0 0 0 0 0 0 0 1.00131 0 0 0 0 0 0 0 0 0 0 0 0 0 0 0 1.00131 0 0 0 0 0 0 0 0 0 0 0 0 0 0 0 0 0 0 0 
0 0 0 0 0 0.685472 0 0 0 0.685472 0 0 0.685472 -6.5623 0 1.50196 0 0 0 0 0 0 0 0 0 0 0 0 0 1.50196 0 0 0 0 0 0 0 0 0 0 0 0 0 0 0 1.50196 0 0 0 0 0 0 0 0 0 0 0 0 0 0 0 0 0 0 
0 0 0 0 0 0 0.685472 0 0 0 0.685472 0 0.685472 0 -6.5623 1.50196 0 0 0 0 0 0 0 0 0 0 0 0 0 0 1.50196 0 0 0 0 0 0 0 0 0 0 0 0 0 0 0 1.50196 0 0 0 0 0 0 0 0 0 0 0 0 0 0 0 0 0 
0 0 0 0 0 0 0 0.685472 0 0 0 0.685472 0 0.685472 0.685472 -6.74712 0 0 0 0 0 0 0 0 0 0 0 0 0 0 0 2.00262 0 0 0 0 0 0 0 0 0 0 0 0 0 0 0 2.00262 0 0 0 0 0 0 0 0 0 0 0 0 0 0 0 0 
0.685472 0 0 0 0 0 0 0 0 0 0 0 0 0 0 0 -3.18874 0.500654 0.500654 0 0.500654 0 0 0 0.500654 0 0 0 0 0 0 0 0 0 0 0 0 0 0 0 0 0 0 0 0 0 0 0 0.500654 0 0 0 0 0 0 0 0 0 0 0 0 0 0 0 
0 0.685472 0 0 0 0 0 0 0 0 0 0 0 0 0 0 0.685472 -5.37618 0 1.00131 0 1.00131 0 0 0 1.00131 0 0 0 0 0 0 0 0 0 0 0 0 0 0 0 0 0 0 0 0 0 0 0 1.00131 0 0 0 0 0 0 0 0 0 0 0 0 0 0 
0 0 0.685472 0 0 0 0 0 0 0 0 0 0 0 0 0 0.685472 0 -5.37618 1.00131 0 0 1.00131 0 0 0 1.00131 0 0 0 0 0 0 0 0 0 0 0 0 0 0 0 0 0 0 0 0 0 0 0 1.00131 0 0 0 0 0 0 0 0 0 0 0 0 0 
0 0 0 0.685472 0 0 0 0 0 0 0 0 0 0 0 0 0 0.685472 0.685472 -6.5623 0 0 0 1.50196 0 0 0 1.50196 0 0 0 0 0 0 0 0 0 0 0 0 0 0 0 0 0 0 0 0 0 0 0 1.50196 0 0 0 0 0 0 0 0 0 0 0 0 
0 0 0 0 0.685472 0 0 0 0 0 0 0 0 0 0 0 0.685472 0 0 0 -5.37618 1.00131 1.00131 0 0 0 0 0 1.00131 0 0 0 0 0 0 0 0 0 0 0 0 0 0 0 0 0 0 0 0 0 0 0 1.00131 0 0 0 0 0 0 0 0 0 0 0 
0 0 0 0 0 0.685472 0 0 0 0 0 0 0 0 0 0 0 0.685472 0 0 0.685472 -6.5623 0 1.50196 0 0 0 0 0 1.50196 0 0 0 0 0 0 0 0 0 0 0 0 0 0 0 0 0 0 0 0 0 0 0 1.50196 0 0 0 0 0 0 0 0 0 0 
0 0 0 0 0 0 0.685472 0 0 0 0 0 0 0 0 0 0 0 0.685472 0 0.685472 0 -6.5623 1.50196 0 0 0 0 0 0 1.50196 0 0 0 0 0 0 0 0 0 0 0 0 0 0 0 0 0 0 0 0 0 0 0 1.50196 0 0 0 0 0 0 0 0 0 
0 0 0 0 0 0 0 0.685472 0 0 0 0 0 0 0 0 0 0 0 0.685472 0 0.685472 0.685472 -6.74712 0 0 0 0 0 0 0 2.00262 0 0 0 0 0 0 0 0 0 0 0 0 0 0 0 0 0 0 0 0 0 0 0 2.00262 0 0 0 0 0 0 0 0 
0 0 0 0 0 0 0 0 0.685472 0 0 0 0 0 0 0 0.685472 0 0 0 0 0 0 0 -5.37618 1.00131 1.00131 0 1.00131 0 0 0 0 0 0 0 0 0 0 0 0 0 0 0 0 0 0 0 0 0 0 0 0 0 0 0 1.00131 0 0 0 0 0 0 0 
0 0 0 0 0 0 0 0 0 0.685472 0 0 0 0 0 0 0 0.685472 0 0 0 0 0 0 0.685472 -6.5623 0 1.50196 0 1.50196 0 0 0 0 0 0 0 0 0 0 0 0 0 0 0 0 0 0 0 0 0 0 0 0 0 0 0 1.50196 0 0 0 0 0 0 
0 0 0 0 0 0 0 0 0 0 0.685472 0 0 0 0 0 0 0 0.685472 0 0 0 0 0 0.685472 0 -6.5623 1.50196 0 0 1.50196 0 0 0 0 0 0 0 0 0 0 0 0 0 0 0 0 0 0 0 0 0 0 0 0 0 0 0 1.50196 0 0 0 0 0 
0 0 0 0 0 0 0 0 0 0 0 0.685472 0 0 0 0 0 0 0 0.685472 0 0 0 0 0 0.685472 0.685472 -6.74712 0 0 0 2.00262 0 0 0 0 0 0 0 0 0 0 0 0 0 0 0 0 0 0 0 0 0 0 0 0 0 0 0 2.00262 0 0 0 0 
0 0 0 0 0 0 0 0 0 0 0 0 0.685472 0 0 0 0 0 0 0 0.685472 0 0 0 0.685472 0 0 0 -6.5623 1.50196 1.50196 0 0 0 0 0 0 0 0 0 0 0 0 0 0 0 0 0 0 0 0 0 0 0 0 0 0 0 0 0 1.50196 0 0 0 
0 0 0 0 0 0 0 0 0 0 0 0 0 0.685472 0 0 0 0 0 0 0 0.685472 0 0 0 0.685472 0 0 0.685472 -6.74712 0 2.00262 0 0 0 0 0 0 0 0 0 0 0 0 0 0 0 0 0 0 0 0 0 0 0 0 0 0 0 0 0 2.00262 0 0 
0 0 0 0 0 0 0 0 0 0 0 0 0 0 0.685472 0 0 0 0 0 0 0 0.685472 0 0 0 0.685472 0 0.685472 0 -6.74712 2.00262 0 0 0 0 0 0 0 0 0 0 0 0 0 0 0 0 0 0 0 0 0 0 0 0 0 0 0 0 0 0 2.00262 0 
0 0 0 0 0 0 0 0 0 0 0 0 0 0 0 0.685472 0 0 0 0 0 0 0 0.685472 0 0 0 0.685472 0 0.685472 0.685472 -5.93063 0 0 0 0 0 0 0 0 0 0 0 0 0 0 0 0 0 0 0 0 0 0 0 0 0 0 0 0 0 0 0 2.50327 
0.685472 0 0 0 0 0 0 0 0 0 0 0 0 0 0 0 0 0 0 0 0 0 0 0 0 0 0 0 0 0 0 0 -3.18874 0.500654 0.500654 0 0.500654 0 0 0 0.500654 0 0 0 0 0 0 0 0.500654 0 0 0 0 0 0 0 0 0 0 0 0 0 0 0 
0 0.685472 0 0 0 0 0 0 0 0 0 0 0 0 0 0 0 0 0 0 0 0 0 0 0 0 0 0 0 0 0 0 0.685472 -5.37618 0 1.00131 0 1.00131 0 0 0 1.00131 0 0 0 0 0 0 0 1.00131 0 0 0 0 0 0 0 0 0 0 0 0 0 0 
0 0 0.685472 0 0 0 0 0 0 0 0 0 0 0 0 0 0 0 0 0 0 0 0 0 0 0 0 0 0 0 0 0 0.685472 0 -5.37618 1.00131 0 0 1.00131 0 0 0 1.00131 0 0 0 0 0 0 0 1.00131 0 0 0 0 0 0 0 0 0 0 0 0 0 
0 0 0 0.685472 0 0 0 0 0 0 0 0 0 0 0 0 0 0 0 0 0 0 0 0 0 0 0 0 0 0 0 0 0 0.685472 0.685472 -6.5623 0 0 0 1.50196 0 0 0 1.50196 0 0 0 0 0 0 0 1.50196 0 0 0 0 0 0 0 0 0 0 0 0 
0 0 0 0 0.685472 0 0 0 0 0 0 0 0 0 0 0 0 0 0 0 0 0 0 0 0 0 0 0 0 0 0 0 0.685472 0 0 0 -5.37618 1.00131 1.00131 0 0 0 0 0 1.00131 0 0 0 0 0 0 0 1.00131 0 0 0 0 0 0 0 0 0 0 0 
0 0 0 0 0 0.685472 0 0 0 0 0 0 0 0 0 0 0 0 0 0 0 0 0 0 0 0 0 0 0 0 0 0 0 0.685472 0 0 0.685472 -6.5623 0 1.50196 0 0 0 0 0 1.50196 0 0 0 0 0 0 0 1.50196 0 0 0 0 0 0 0 0 0 0 
0 0 0 0 0 0 0.685472 0 0 0 0 0 0 0 0 0 0 0 0 0 0 0 0 0 0 0 0 0 0 0 0 0 0 0 0.685472 0 0.685472 0 -6.5623 1.50196 0 0 0 0 0 0 1.50196 0 0 0 0 0 0 0 1.50196 0 0 0 0 0 0 0 0 0 
0 0 0 0 0 0 0 0.685472 0 0 0 0 0 0 0 0 0 0 0 0 0 0 0 0 0 0 0 0 0 0 0 0 0 0 0 0.685472 0 0.685472 0.685472 -6.74712 0 0 0 0 0 0 0 2.00262 0 0 0 0 0 0 0 2.00262 0 0 0 0 0 0 0 0 
0 0 0 0 0 0 0 0 0.685472 0 0 0 0 0 0 0 0 0 0 0 0 0 0 0 0 0 0 0 0 0 0 0 0.685472 0 0 0 0 0 0 0 -5.37618 1.00131 1.00131 0 1.00131 0 0 0 0 0 0 0 0 0 0 0 1.00131 0 0 0 0 0 0 0 
0 0 0 0 0 0 0 0 0 0.685472 0 0 0 0 0 0 0 0 0 0 0 0 0 0 0 0 0 0 0 0 0 0 0 0.685472 0 0 0 0 0 0 0.685472 -6.5623 0 1.50196 0 1.50196 0 0 0 0 0 0 0 0 0 0 0 1.50196 0 0 0 0 0 0 
0 0 0 0 0 0 0 0 0 0 0.685472 0 0 0 0 0 0 0 0 0 0 0 0 0 0 0 0 0 0 0 0 0 0 0 0.685472 0 0 0 0 0 0.685472 0 -6.5623 1.50196 0 0 1.50196 0 0 0 0 0 0 0 0 0 0 0 1.50196 0 0 0 0 0 
0 0 0 0 0 0 0 0 0 0 0 0.685472 0 0 0 0 0 0 0 0 0 0 0 0 0 0 0 0 0 0 0 0 0 0 0 0.685472 0 0 0 0 0 0.685472 0.685472 -6.74712 0 0 0 2.00262 0 0 0 0 0 0 0 0 0 0 0 2.00262 0 0 0 0 
0 0 0 0 0 0 0 0 0 0 0 0 0.685472 0 0 0 0 0 0 0 0 0 0 0 0 0 0 0 0 0 0 0 0 0 0 0 0.685472 0 0 0 0.685472 0 0 0 -6.5623 1.50196 1.50196 0 0 0 0 0 0 0 0 0 0 0 0 0 1.50196 0 0 0 
0 0 0 0 0 0 0 0 0 0 0 0 0 0.685472 0 0 0 0 0 0 0 0 0 0 0 0 0 0 0 0 0 0 0 0 0 0 0 0.685472 0 0 0 0.685472 0 0 0.685472 -6.74712 0 2.00262 0 0 0 0 0 0 0 0 0 0 0 0 0 2.00262 0 0 
0 0 0 0 0 0 0 0 0 0 0 0 0 0 0.685472 0 0 0 0 0 0 0 0 0 0 0 0 0 0 0 0 0 0 0 0 0 0 0 0.685472 0 0 0 0.685472 0 0.685472 0 -6.74712 2.00262 0 0 0 0 0 0 0 0 0 0 0 0 0 0 2.00262 0 
0 0 0 0 0 0 0 0 0 0 0 0 0 0 0 0.685472 0 0 0 0 0 0 0 0 0 0 0 0 0 0 0 0 0 0 0 0 0 0 0 0.685472 0 0 0 0.685472 0 0.685472 0.685472 -5.93063 0 0 0 0 0 0 0 0 0 0 0 0 0 0 0 2.50327 
0 0 0 0 0 0 0 0 0 0 0 0 0 0 0 0 0.685472 0 0 0 0 0 0 0 0 0 0 0 0 0 0 0 0.685472 0 0 0 0 0 0 0 0 0 0 0 0 0 0 0 -5.37618 1.00131 1.00131 0 1.00131 0 0 0 1.00131 0 0 0 0 0 0 0 
0 0 0 0 0 0 0 0 0 0 0 0 0 0 0 0 0 0.685472 0 0 0 0 0 0 0 0 0 0 0 0 0 0 0 0.685472 0 0 0 0 0 0 0 0 0 0 0 0 0 0 0.685472 -6.5623 0 1.50196 0 1.50196 0 0 0 1.50196 0 0 0 0 0 0 
0 0 0 0 0 0 0 0 0 0 0 0 0 0 0 0 0 0 0.685472 0 0 0 0 0 0 0 0 0 0 0 0 0 0 0 0.685472 0 0 0 0 0 0 0 0 0 0 0 0 0 0.685472 0 -6.5623 1.50196 0 0 1.50196 0 0 0 1.50196 0 0 0 0 0 
0 0 0 0 0 0 0 0 0 0 0 0 0 0 0 0 0 0 0 0.685472 0 0 0 0 0 0 0 0 0 0 0 0 0 0 0 0.685472 0 0 0 0 0 0 0 0 0 0 0 0 0 0.685472 0.685472 -6.74712 0 0 0 2.00262 0 0 0 2.00262 0 0 0 0 
0 0 0 0 0 0 0 0 0 0 0 0 0 0 0 0 0 0 0 0 0.685472 0 0 0 0 0 0 0 0 0 0 0 0 0 0 0 0.685472 0 0 0 0 0 0 0 0 0 0 0 0.685472 0 0 0 -6.5623 1.50196 1.50196 0 0 0 0 0 1.50196 0 0 0 
0 0 0 0 0 0 0 0 0 0 0 0 0 0 0 0 0 0 0 0 0 0.685472 0 0 0 0 0 0 0 0 0 0 0 0 0 0 0 0.685472 0 0 0 0 0 0 0 0 0 0 0 0.685472 0 0 0.685472 -6.74712 0 2.00262 0 0 0 0 0 2.00262 0 0 
0 0 0 0 0 0 0 0 0 0 0 0 0 0 0 0 0 0 0 0 0 0 0.685472 0 0 0 0 0 0 0 0 0 0 0 0 0 0 0 0.685472 0 0 0 0 0 0 0 0 0 0 0 0.685472 0 0.685472 0 -6.74712 2.00262 0 0 0 0 0 0 2.00262 0 
0 0 0 0 0 0 0 0 0 0 0 0 0 0 0 0 0 0 0 0 0 0 0 0.685472 0 0 0 0 0 0 0 0 0 0 0 0 0 0 0 0.685472 0 0 0 0 0 0 0 0 0 0 0 0.685472 0 0.685472 0.685472 -5.93063 0 0 0 0 0 0 0 2.50327 
0 0 0 0 0 0 0 0 0 0 0 0 0 0 0 0 0 0 0 0 0 0 0 0 0.685472 0 0 0 0 0 0 0 0 0 0 0 0 0 0 0 0.685472 0 0 0 0 0 0 0 0.685472 0 0 0 0 0 0 0 -6.5623 1.50196 1.50196 0 1.50196 0 0 0 
0 0 0 0 0 0 0 0 0 0 0 0 0 0 0 0 0 0 0 0 0 0 0 0 0 0.685472 0 0 0 0 0 0 0 0 0 0 0 0 0 0 0 0.685472 0 0 0 0 0 0 0 0.685472 0 0 0 0 0 0 0.685472 -6.74712 0 2.00262 0 2.00262 0 0 
0 0 0 0 0 0 0 0 0 0 0 0 0 0 0 0 0 0 0 0 0 0 0 0 0 0 0.685472 0 0 0 0 0 0 0 0 0 0 0 0 0 0 0 0.685472 0 0 0 0 0 0 0 0.685472 0 0 0 0 0 0.685472 0 -6.74712 2.00262 0 0 2.00262 0 
0 0 0 0 0 0 0 0 0 0 0 0 0 0 0 0 0 0 0 0 0 0 0 0 0 0 0 0.685472 0 0 0 0 0 0 0 0 0 0 0 0 0 0 0 0.685472 0 0 0 0 0 0 0 0.685472 0 0 0 0 0 0.685472 0.685472 -5.93063 0 0 0 2.50327 
0 0 0 0 0 0 0 0 0 0 0 0 0 0 0 0 0 0 0 0 0 0 0 0 0 0 0 0 0.685472 0 0 0 0 0 0 0 0 0 0 0 0 0 0 0 0.685472 0 0 0 0 0 0 0 0.685472 0 0 0 0.685472 0 0 0 -6.74712 2.00262 2.00262 0 
0 0 0 0 0 0 0 0 0 0 0 0 0 0 0 0 0 0 0 0 0 0 0 0 0 0 0 0 0 0.685472 0 0 0 0 0 0 0 0 0 0 0 0 0 0 0 0.685472 0 0 0 0 0 0 0 0.685472 0 0 0 0.685472 0 0 0.685472 -5.93063 0 2.50327 
0 0 0 0 0 0 0 0 0 0 0 0 0 0 0 0 0 0 0 0 0 0 0 0 0 0 0 0 0 0 0.685472 0 0 0 0 0 0 0 0 0 0 0 0 0 0 0 0.685472 0 0 0 0 0 0 0 0.685472 0 0 0 0.685472 0 0.685472 0 -5.93063 2.50327 
0 0 0 0 0 0 0 0 0 0 0 0 0 0 0 0 0 0 0 0 0 0 0 0 0 0 0 0 0 0 0 0.685472 0 0 0 0 0 0 0 0 0 0 0 0 0 0 0 0.685472 0 0 0 0 0 0 0 0.685472 0 0 0 0.685472 0 0.685472 0.685472 -4.11283 
