64
-0 0 0 0 0 0 0 0 0 0 0 0 0 0 0 0 0 0 0 0 0 0 0 0 0 0 0 0 0 0 0 0 0 0 0 0 0 0 0 0 0 0 0 0 0 0 0 0 0 0 0 0 0 0 0 0 0 0 0 0 0 0 0 0 
0.459162 -2.19877 0 0.347922 0 0.347922 0 0 0 0.347922 0 0 0 0 0 0 0 0.347922 0 0 0 0 0 0 0 0 0 0 0 0 0 0 0 0.347922 0 0 0 0 0 0 0 0 0 0 0 0 0 0 0 0 0 0 0 0 0 0 0 0 0 0 0 0 0 0 
0.459162 0 -2.19877 0.347922 0 0 0.347922 0 0 0 0.347922 0 0 0 0 0 0 0 0.347922 0 0 0 0 0 0 0 0 0 0 0 0 0 0 0 0.347922 0 0 0 0 0 0 0 0 0 0 0 0 0 0 0 0 0 0 0 0 0 0 0 0 0 0 0 0 0 
0 0.459162 0.459162 -3.7017 0 0 0 0.695844 0 0 0 0.695844 0 0 0 0 0 0 0 0.695844 0 0 0 0 0 0 0 0 0 0 0 0 0 0 0 0.695844 0 0 0 0 0 0 0 0 0 0 0 0 0 0 0 0 0 0 0 0 0 0 0 0 0 0 0 0 
0.459162 0 0 0 -2.19877 0.347922 0.347922 0 0 0 0 0 0.347922 0 0 0 0 0 0 0 0.347922 0 0 0 0 0 0 0 0 0 0 0 0 0 0 0 0.347922 0 0 0 0 0 0 0 0 0 0 0 0 0 0 0 0 0 0 0 0 0 0 0 0 0 0 0 
0 0.459162 0 0 0.459162 -3.7017 0 0.695844 0 0 0 0 0 0.695844 0 0 0 0 0 0 0 0.695844 0 0 0 0 0 0 0 0 0 0 0 0 0 0 0 0.695844 0 0 0 0 0 0 0 0 0 0 0 0 0 0 0 0 0 0 0 0 0 0 0 0 0 0 
0 0 0.459162 0 0.459162 0 -3.7017 0.695844 0 0 0 0 0 0 0.695844 0 0 0 0 0 0 0 0.695844 0 0 0 0 0 0 0 0 0 0 0 0 0 0 0 0.695844 0 0 0 0 0 0 0 0 0 0 0 0 0 0 0 0 0 0 0 0 0 0 0 0 0 
0 0 0 0.459162 0 0.459162 0.459162 -4.50879 0 0 0 0 0 0 0 1.04377 0 0 0 0 0 0 0 1.04377 0 0 0 0 0 0 0 0 0 0 0 0 0 0 0 1.04377 0 0 0 0 0 0 0 0 0 0 0 0 0 0 0 0 0 0 0 0 0 0 0 0 
0.459162 0 0 0 0 0 0 0 -2.19877 0.347922 0.347922 0 0.347922 0 0 0 0 0 0 0 0 0 0 0 0.347922 0 0 0 0 0 0 0 0 0 0 0 0 0 0 0 0.347922 0 0 0 0 0 0 0 0 0 0 0 0 0 0 0 0 0 0 0 0 0 0 0 
0 0.459162 0 0 0 0 0 0 0.459162 -3.7017 0 0.695844 0 0.695844 0 0 0 0 0 0 0 0 0 0 0 0.695844 0 0 0 0 0 0 0 0 0 0 0 0 0 0 0 0.695844 0 0 0 0 0 0 0 0 0 0 0 0 0 0 0 0 0 0 0 0 0 0 
0 0 0.459162 0 0 0 0 0 0.459162 0 -3.7017 0.695844 0 0 0.695844 0 0 0 0 0 0 0 0 0 0 0 0.695844 0 0 0 0 0 0 0 0 0 0 0 0 0 0 0 0.695844 0 0 0 0 0 0 0 0 0 0 0 0 0 0 0 0 0 0 0 0 0 
0 0 0 0.459162 0 0 0 0 0 0.459162 0.459162 -4.50879 0 0 0 1.04377 0 0 0 0 0 0 0 0 0 0 0 1.04377 0 0 0 0 0 0 0 0 0 0 0 0 0 0 0 1.04377 0 0 0 0 0 0 0 0 0 0 0 0 0 0 0 0 0 0 0 0 
0 0 0 0 0.459162 0 0 0 0.459162 0 0 0 -3.7017 0.695844 0.695844 0 0 0 0 0 0 0 0 0 0 0 0 0 0.695844 0 0 0 0 0 0 0 0 0 0 0 0 0 0 0 0.695844 0 0 0 0 0 0 0 0 0 0 0 0 0 0 0 0 0 0 0 
0 0 0 0 0 0.459162 0 0 0 0.459162 0 0 0.459162 -4.50879 0 1.04377 0 0 0 0 0 0 0 0 0 0 0 0 0 1.04377 0 0 0 0 0 0 0 0 0 0 0 0 0 0 0 1.04377 0 0 0 0 0 0 0 0 0 0 0 0 0 0 0 0 0 0 
0 0 0 0 0 0 0.459162 0 0 0 0.459162 0 0.459162 0 -4.50879 1.04377 0 0 0 0 0 0 0 0 0 0 0 0 0 0 1.04377 0 0 0 0 0 0 0 0 0 0 0 0 0 0 0 1.04377 0 0 0 0 0 0 0 0 0 0 0 0 0 0 0 0 0 
0 0 0 0 0 0 0 0.459162 0 0 0 0.459162 0 0.459162 0.459162 -4.62003 0 0 0 0 0 0 0 0 0 0 0 0 0 0 0 1.39169 0 0 0 0 0 0 0 0 0 0 0 0 0 0 0 1.39169 0 0 0 0 0 0 0 0 0 0 0 0 0 0 0 0 
0.459162 0 0 0 0 0 0 0 0 0 0 0 0 0 0 0 -2.19877 0.347922 0.347922 0 0.347922 0 0 0 0.347922 0 0 0 0 0 0 0 0 0 0 0 0 0 0 0 0 0 0 0 0 0 0 0 0.347922 0 0 0 0 0 0 0 0 0 0 0 0 0 0 0 
0 0.459162 0 0 0 0 0 0 0 0 0 0 0 0 0 0 0.459162 -3.7017 0 0.695844 0 0.695844 0 0 0 0.695844 0 0 0 0 0 0 0 0 0 0 0 0 0 0 0 0 0 0 0 0 0 0 0 0.695844 0 0 0 0 0 0 0 0 0 0 0 0 0 0 
0 0 0.459162 0 0 0 0 0 0 0 0 0 0 0 0 0 0.459162 0 -3.7017 0.695844 0 0 0.695844 0 0 0 0.695844 0 0 0 0 0 0 0 0 0 0 0 0 0 0 0 0 0 0 0 0 0 0 0 0.695844 0 0 0 0 0 0 0 0 0 0 0 0 0 
0 0 0 0.459162 0 0 0 0 0 0 0 0 0 0 0 0 0 0.459162 0.459162 -4.50879 0 0 0 1.04377 0 0 0 1.04377 0 0 0 0 0 0 0 0 0 0 0 0 0 0 0 0 0 0 0 0 0 0 0 1.04377 0 0 0 0 0 0 0 0 0 0 0 0 
0 0 0 0 0.459162 0 0 0 0 0 0 0 0 0 0 0 0.459162 0 0 0 -3.7017 0.695844 0.695844 0 0 0 0 0 0.695844 0 0 0 0 0 0 0 0 0 0 0 0 0 0 0 0 0 0 0 0 0 0 0 0.695844 0 0 0 0 0 0 0 0 0 0 0 
0 0 0 0 0 0.459162 0 0 0 0 0 0 0 0 0 0 0 0.459162 0 0 0.459162 -4.50879 0 1.04377 0 0 0 0 0 1.04377 0 0 0 0 0 0 0 0 0 0 0 0 0 0 0 0 0 0 0 0 0 0 0 1.04377 0 0 0 0 0 0 0 0 0 0 
0 0 0 0 0 0 0.459162 0 0 0 0 0 0 0 0 0 0 0 0.459162 0 0.459162 0 -4.50879 1.04377 0 0 0 0 0 0 1.04377 0 0 0 0 0 0 0 0 0 0 0 0 0 0 0 0 0 0 0 0 0 0 0 1.04377 0 0 0 0 0 0 0 0 0 
0 0 0 0 0 0 0 0.459162 0 0 0 0 0 0 0 0 0 0 0 0.459162 0 0.459162 0.459162 -4.62003 0 0 0 0 0 0 0 1.39169 0 0 0 0 0 0 0 0 0 0 0 0 0 0 0 0 0 0 0 0 0 0 0 1.39169 0 0 0 0 0 0 0 0 
0 0 0 0 0 0 0 0 0.459162 0 0 0 0 0 0 0 0.459162 0 0 0 0 0 0 0 -3.7017 0.695844 0.695844 0 0.695844 0 0 0 0 0 0 0 0 0 0 0 0 0 0 0 0 0 0 0 0 0 0 0 0 0 0 0 0.695844 0 0 0 0 0 0 0 
0 0 0 0 0 0 0 0 0 0.459162 0 0 0 0 0 0 0 0.459162 0 0 0 0 0 0 0.459162 -4.50879 0 1.04377 0 1.04377 0 0 0 0 0 0 0 0 0 0 0 0 0 0 0 0 0 0 0 0 0 0 0 0 0 0 0 1.04377 0 0 0 0 0 0 
0 0 0 0 0 0 0 0 0 0 0.459162 0 0 0 0 0 0 0 0.459162 0 0 0 0 0 0.459162 0 -4.50879 1.04377 0 0 1.04377 0 0 0 0 0 0 0 0 0 0 0 0 0 0 0 0 0 0 0 0 0 0 0 0 0 0 0 1.04377 0 0 0 0 0 
0 0 0 0 0 0 0 0 0 0 0 0.459162 0 0 0 0 0 0 0 0.459162 0 0 0 0 0 0.459162 0.459162 -4.62003 0 0 0 1.39169 0 0 0 0 0 0 0 0 0 0 0 0 0 0 0 0 0 0 0 0 0 0 0 0 0 0 0 1.39169 0 0 0 0 
0 0 0 0 0 0 0 0 0 0 0 0 0.459162 0 0 0 0 0 0 0 0.459162 0 0 0 0.459162 0 0 0 -4.50879 1.04377 1.04377 0 0 0 0 0 0 0 0 0 0 0 0 0 0 0 0 0 0 0 0 0 0 0 0 0 0 0 0 0 1.04377 0 0 0 
0 0 0 0 0 0 0 0 0 0 0 0 0 0.459162 0 0 0 0 0 0 0 0.459162 0 0 0 0.459162 0 0 0.459162 -4.62003 0 1.39169 0 0 0 0 0 0 0 0 0 0 0 0 0 0 0 0 0 0 0 0 0 0 0 0 0 0 0 0 0 1.39169 0 0 
0 0 0 0 0 0 0 0 0 0 0 0 0 0 0.459162 0 0 0 0 0 0 0 0.459162 0 0 0 0.459162 0 0.459162 0 -4.62003 1.39169 0 0 0 0 0 0 0 0 0 0 0 0 0 0 0 0 0 0 0 0 0 0 0 0 0 0 0 0 0 0 1.39169 0 
0 0 0 0 0 0 0 0 0 0 0 0 0 0 0 0.459162 0 0 0 0 0 0 0 0.459162 0 0 0 0.459162 0 0.459162 0.459162 -4.03542 0 0 0 0 0 0 0 0 0 0 0 0 0 0 0 0 0 0 0 0 0 0 0 0 0 0 0 0 0 0 0 1.73961 
0.459162 0 0 0 0 0 0 0 0 0 0 0 0 0 0 0 0 0 0 0 0 0 0 0 0 0 0 0 0 0 0 0 -2.19877 0.347922 0.347922 0 0.347922 0 0 0 0.347922 0 0 0 0 0 0 0 0.347922 0 0 0 0 0 0 0 0 0 0 0 0 0 0 0 
0 0.459162 0 0 0 0 0 0 0 0 0 0 0 0 0 0 0 0 0 0 0 0 0 0 0 0 0 0 0 0 0 0 0.459162 -3.7017 0 0.695844 0 0.695844 0 0 0 0.695844 0 0 0 0 0 0 0 0.695844 0 0 0 0 0 0 0 0 0 0 0 0 0 0 
0 0 0.459162 0 0 0 0 0 0 0 0 0 0 0 0 0 0 0 0 0 0 0 0 0 0 0 0 0 0 0 0 0 0.459162 0 -3.7017 0.695844 0 0 0.695844 0 0 0 0.695844 0 0 0 0 0 0 0 0.695844 0 0 0 0 0 0 0 0 0 0 0 0 0 
0 0 0 0.459162 0 0 0 0 0 0 0 0 0 0 0 0 0 0 0 0 0 0 0 0 0 0 0 0 0 0 0 0 0 0.459162 0.459162 -4.50879 0 0 0 1.04377 0 0 0 1.04377 0 0 0 0 0 0 0 1.04377 0 0 0 0 0 0 0 0 0 0 0 0 
0 0 0 0 0.459162 0 0 0 0 0 0 0 0 0 0 0 0 0 0 0 0 0 0 0 0 0 0 0 0 0 0 0 0.459162 0 0 0 -3.7017 0.695844 0.695844 0 0 0 0 0 0.695844 0 0 0 0 0 0 0 0.695844 0 0 0 0 0 0 0 0 0 0 0 
0 0 0 0 0 0.459162 0 0 0 0 0 0 0 0 0 0 0 0 0 0 0 0 0 0 0 0 0 0 0 0 0 0 0 0.459162 0 0 0.459162 -4.50879 0 1.04377 0 0 0 0 0 1.04377 0 0 0 0 0 0 0 1.04377 0 0 0 0 0 0 0 0 0 0 
0 0 0 0 0 0 0.459162 0 0 0 0 0 0 0 0 0 0 0 0 0 0 0 0 0 0 0 0 0 0 0 0 0 0 0 0.459162 0 0.459162 0 -4.50879 1.04377 0 0 0 0 0 0 1.04377 0 0 0 0 0 0 0 1.04377 0 0 0 0 0 0 0 0 0 
0 0 0 0 0 0 0 0.459162 0 0 0 0 0 0 0 0 0 0 0 0 0 0 0 0 0 0 0 0 0 0 0 0 0 0 0 0.459162 0 0.459162 0.459162 -4.62003 0 0 0 0 0 0 0 1.39169 0 0 0 0 0 0 0 1.39169 0 0 0 0 0 0 0 0 
0 0 0 0 0 0 0 0 0.459162 0 0 0 0 0 0 0 0 0 0 0 0 0 0 0 0 0 0 0 0 0 0 0 0.459162 0 0 0 0 0 0 0 -3.7017 0.695844 0.695844 0 0.695844 0 0 0 0 0 0 0 0 0 0 0 0.695844 0 0 0 0 0 0 0 
0 0 0 0 0 0 0 0 0 0.459162 0 0 0 0 0 0 0 0 0 0 0 0 0 0 0 0 0 0 0 0 0 0 0 0.459162 0 0 0 0 0 0 0.459162 -4.50879 0 1.04377 0 1.04377 0 0 0 0 0 0 0 0 0 0 0 1.04377 0 0 0 0 0 0 
0 0 0 0 0 0 0 0 0 0 0.459162 0 0 0 0 0 0 0 0 0 0 0 0 0 0 0 0 0 0 0 0 0 0 0 0.459162 0 0 0 0 0 0.459162 0 -4.50879 1.04377 0 0 1.04377 0 0 0 0 0 0 0 0 0 0 0 1.04377 0 0 0 0 0 
0 0 0 0 0 0 0 0 0 0 0 0.459162 0 0 0 0 0 0 0 0 0 0 0 0 0 0 0 0 0 0 0 0 0 0 0 0.459162 0 0 0 0 0 0.459162 0.459162 -4.62003 0 0 0 1.39169 0 0 0 0 0 0 0 0 0 0 0 1.39169 0 0 0 0 
0 0 0 0 0 0 0 0 0 0 0 0 0.459162 0 0 0 0 0 0 0 0 0 0 0 0 0 0 0 0 0 0 0 0 0 0 0 0.459162 0 0 0 0.459162 0 0 0 -4.50879 1.04377 1.04377 0 0 0 0 0 0 0 0 0 0 0 0 0 1.04377 0 0 0 
0 0 0 0 0 0 0 0 0 0 0 0 0 0.459162 0 0 0 0 0 0 0 0 0 0 0 0 0 0 0 0 0 0 0 0 0 0 0 0.459162 0 0 0 0.459162 0 0 0.459162 -4.62003 0 1.39169 0 0 0 0 0 0 0 0 0 0 0 0 0 1.39169 0 0 
0 0 0 0 0 0 0 0 0 0 0 0 0 0 0.459162 0 0 0 0 0 0 0 0 0 0 0 0 0 0 0 0 0 0 0 0 0 0 0 0.459162 0 0 0 0.459162 0 0.459162 0 -4.62003 1.39169 0 0 0 0 0 0 0 0 0 0 0 0 0 0 1.39169 0 
0 0 0 0 0 0 0 0 0 0 0 0 0 0 0 0.459162 0 0 0 0 0 0 0 0 0 0 0 0 0 0 0 0 0 0 0 0 0 0 0 0.459162 0 0 0 0.459162 0 0.459162 0.459162 -4.03542 0 0 0 0 0 0 0 0 0 0 0 0 0 0 0 1.73961 
0 0 0 0 0 0 0 0 0 0 0 0 0 0 0 0 0.459162 0 0 0 0 0 0 0 0 0 0 0 0 0 0 0 0.459162 0 0 0 0 0 0 0 0 0 0 0 0 0 0 0 -3.7017 0.695844 0.695844 0 0.695844 0 0 0 0.695844 0 0 0 0 0 0 0 
0 0 0 0 0 0 0 0 0 0 0 0 0 0 0 0 0 0.459162 0 0 0 0 0 0 0 0 0 0 0 0 0 0 0 0.459162 0 0 0 0 0 0 0 0 0 0 0 0 0 0 0.459162 -4.50879 0 1.04377 0 1.04377 0 0 0 1.04377 0 0 0 0 0 0 
0 0 0 0 0 0 0 0 0 0 0 0 0 0 0 0 0 0 0.459162 0 0 0 0 0 0 0 0 0 0 0 0 0 0 0 0.459162 0 0 0 0 0 0 0 0 0 0 0 0 0 0.459162 0 -4.50879 1.04377 0 0 1.04377 0 0 0 1.04377 0 0 0 0 0 
0 0 0 0 0 0 0 0 0 0 0 0 0 0 0 0 0 0 0 0.459162 0 0 0 0 0 0 0 0 0 0 0 0 0 0 0 0.459162 0 0 0 0 0 0 0 0 0 0 0 0 0 0.459162 0.459162 -4.62003 0 0 0 1.39169 0 0 0 1.39169 0 0 0 0 
0 0 0 0 0 0 0 0 0 0 0 0 0 0 0 0 0 0 0 0 0.459162 0 0 0 0 0 0 0 0 0 0 0 0 0 0 0 0.459162 0 0 0 0 0 0 0 0 0 0 0 0.459162 0 0 0 -4.50879 1.04377 1.04377 0 0 0 0 0 1.04377 0 0 0 
0 0 0 0 0 0 0 0 0 0 0 0 0 0 0 0 0 0 0 0 0 0.459162 0 0 0 0 0 0 0 0 0 0 0 0 0 0 0 0.459162 0 0 0 0 0 0 0 0 0 0 0 0.459162 0 0 0.459162 -4.62003 0 1.39169 0 0 0 0 0 1.39169 0 0 
0 0 0 0 0 0 0 0 0 0 0 0 0 0 0 0 0 0 0 0 0 0 0.459162 0 0 0 0 0 0 0 0 0 0 0 0 0 0 0 0.459162 0 0 0 0 0 0 0 0 0 0 0 0.459162 0 0.459162 0 -4.62003 1.39169 0 0 0 0 0 0 1.39169 0 
0 0 0 0 0 0 0 0 0 0 0 0 0 0 0 0 0 0 0 0 0 0 0 0.459162 0 0 0 0 0 0 0 0 0 0 0 0 0 0 0 0.459162 0 0 0 0 0 0 0 0 0 0 0 0.459162 0 0.459162 0.459162 -4.03542 0 0 0 0 0 0 0 1.73961 
0 0 0 0 0 0 0 0 0 0 0 0 0 0 0 0 0 0 0 0 0 0 0 0 0.459162 0 0 0 0 0 0 0 0 0 0 0 0 0 0 0 0.459162 0 0 0 0 0 0 0 0.459162 0 0 0 0 0 0 0 -4.50879 1.04377 1.04377 0 1.04377 0 0 0 
0 0 0 0 0 0 0 0 0 0 0 0 0 0 0 0 0 0 0 0 0 0 0 0 0 0.459162 0 0 0 0 0 0 0 0 0 0 0 0 0 0 0 0.459162 0 0 0 0 0 0 0 0.459162 0 0 0 0 0 0 0.459162 -4.62003 0 1.39169 0 1.39169 0 0 
0 0 0 0 0 0 0 0 0 0 0 0 0 0 0 0 0 0 0 0 0 0 0 0 0 0 0.459162 0 0 0 0 0 0 0 0 0 0 0 0 0 0 0 0.459162 0 0 0 0 0 0 0 0.459162 0 0 0 0 0 0.459162 0 -4.62003 1.39169 0 0 1.39169 0 
0 0 0 0 0 0 0 0 0 0 0 0 0 0 0 0 0 0 0 0 0 0 0 0 0 0 0 0.459162 0 0 0 0 0 0 0 0 0 0 0 0 0 0 0 0.459162 0 0 0 0 0 0 0 0.459162 0 0 0 0 0 0.459162 0.459162 -4.03542 0 0 0 1.73961 
0 0 0 0 0 0 0 0 0 0 0 0 0 0 0 0 0 0 0 0 0 0 0 0 0 0 0 0 0.459162 0 0 0 0 0 0 0 0 0 0 0 0 0 0 0 0.459162 0 0 0 0 0 0 0 0.459162 0 0 0 0.459162 0 0 0 -4.62003 1.39169 1.39169 0 
0 0 0 0 0 0 0 0 0 0 0 0 0 0 0 0 0 0 0 0 0 0 0 0 0 0 0 0 0 0.459162 0 0 0 0 0 0 0 0 0 0 0 0 0 0 0 0.459162 0 0 0 0 0 0 0 0.459162 0 0 0 0.459162 0 0 0.459162 -4.03542 0 1.73961 
0 0 0 0 0 0 0 0 0 0 0 0 0 0 0 0 0 0 0 0 0 0 0 0 0 0 0 0 0 0 0.459162 0 0 0 0 0 0 0 0 0 0 0 0 0 0 0 0.459162 0 0 0 0 0 0 0 0.459162 0 0 0 0.459162 0 0.459162 0 -4.03542 1.73961 
0 0 0 0 0 0 0 0 0 0 0 0 0 0 0 0 0 0 0 0 0 0 0 0 0 0 0 0 0 0 0 0.459162 0 0 0 0 0 0 0 0 0 0 0 0 0 0 0 0.459162 0 0 0 0 0 0 0 0.459162 0 0 0 0.459162 0 0.459162 0.459162 -2.75497 
