32
-0 0 0 0 0 0 0 0 0 0 0 0 0 0 0 0 0 0 0 0 0 0 0 0 0 0 0 0 0 0 0 0 
0.407316 -2.23329 0 0.456492 0 0.456492 0 0 0 0.456492 0 0 0 0 0 0 0 0.456492 0 0 0 0 0 0 0 0 0 0 0 0 0 0 
0.407316 0 -2.23329 0.456492 0 0 0.456492 0 0 0 0.456492 0 0 0 0 0 0 0 0.456492 0 0 0 0 0 0 0 0 0 0 0 0 0 
0 0.407316 0.407316 -3.55359 0 0 0 0.912985 0 0 0 0.912985 0 0 0 0 0 0 0 0.912985 0 0 0 0 0 0 0 0 0 0 0 0 
0.407316 0 0 0 -2.23329 0.456492 0.456492 0 0 0 0 0 0.456492 0 0 0 0 0 0 0 0.456492 0 0 0 0 0 0 0 0 0 0 0 
0 0.407316 0 0 0.407316 -3.55359 0 0.912985 0 0 0 0 0 0.912985 0 0 0 0 0 0 0 0.912985 0 0 0 0 0 0 0 0 0 0 
0 0 0.407316 0 0.407316 0 -3.55359 0.912985 0 0 0 0 0 0 0.912985 0 0 0 0 0 0 0 0.912985 0 0 0 0 0 0 0 0 0 
0 0 0 0.407316 0 0.407316 0.407316 -3.9609 0 0 0 0 0 0 0 1.36948 0 0 0 0 0 0 0 1.36948 0 0 0 0 0 0 0 0 
0.407316 0 0 0 0 0 0 0 -2.23329 0.456492 0.456492 0 0.456492 0 0 0 0 0 0 0 0 0 0 0 0.456492 0 0 0 0 0 0 0 
0 0.407316 0 0 0 0 0 0 0.407316 -3.55359 0 0.912985 0 0.912985 0 0 0 0 0 0 0 0 0 0 0 0.912985 0 0 0 0 0 0 
0 0 0.407316 0 0 0 0 0 0.407316 0 -3.55359 0.912985 0 0 0.912985 0 0 0 0 0 0 0 0 0 0 0 0.912985 0 0 0 0 0 
0 0 0 0.407316 0 0 0 0 0 0.407316 0.407316 -3.9609 0 0 0 1.36948 0 0 0 0 0 0 0 0 0 0 0 1.36948 0 0 0 0 
0 0 0 0 0.407316 0 0 0 0.407316 0 0 0 -3.55359 0.912985 0.912985 0 0 0 0 0 0 0 0 0 0 0 0 0 0.912985 0 0 0 
0 0 0 0 0 0.407316 0 0 0 0.407316 0 0 0.407316 -3.9609 0 1.36948 0 0 0 0 0 0 0 0 0 0 0 0 0 1.36948 0 0 
0 0 0 0 0 0 0.407316 0 0 0 0.407316 0 0.407316 0 -3.9609 1.36948 0 0 0 0 0 0 0 0 0 0 0 0 0 0 1.36948 0 
0 0 0 0 0 0 0 0.407316 0 0 0 0.407316 0 0.407316 0.407316 -3.45523 0 0 0 0 0 0 0 0 0 0 0 0 0 0 0 1.82597 
0.407316 0 0 0 0 0 0 0 0 0 0 0 0 0 0 0 -2.23329 0.456492 0.456492 0 0.456492 0 0 0 0.456492 0 0 0 0 0 0 0 
0 0.407316 0 0 0 0 0 0 0 0 0 0 0 0 0 0 0.407316 -3.55359 0 0.912985 0 0.912985 0 0 0 0.912985 0 0 0 0 0 0 
0 0 0.407316 0 0 0 0 0 0 0 0 0 0 0 0 0 0.407316 0 -3.55359 0.912985 0 0 0.912985 0 0 0 0.912985 0 0 0 0 0 
0 0 0 0.407316 0 0 0 0 0 0 0 0 0 0 0 0 0 0.407316 0.407316 -3.9609 0 0 0 1.36948 0 0 0 1.36948 0 0 0 0 
0 0 0 0 0.407316 0 0 0 0 0 0 0 0 0 0 0 0.407316 0 0 0 -3.55359 0.912985 0.912985 0 0 0 0 0 0.912985 0 0 0 
0 0 0 0 0 0.407316 0 0 0 0 0 0 0 0 0 0 0 0.407316 0 0 0.407316 -3.9609 0 1.36948 0 0 0 0 0 1.36948 0 0 
0 0 0 0 0 0 0.407316 0 0 0 0 0 0 0 0 0 0 0 0.407316 0 0.407316 0 -3.9609 1.36948 0 0 0 0 0 0 1.36948 0 
0 0 0 0 0 0 0 0.407316 0 0 0 0 0 0 0 0 0 0 0 0.407316 0 0.407316 0.407316 -3.45523 0 0 0 0 0 0 0 1.82597 
0 0 0 0 0 0 0 0 0.407316 0 0 0 0 0 0 0 0.407316 0 0 0 0 0 0 0 -3.55359 0.912985 0.912985 0 0.912985 0 0 0 
0 0 0 0 0 0 0 0 0 0.407316 0 0 0 0 0 0 0 0.407316 0 0 0 0 0 0 0.407316 -3.9609 0 1.36948 0 1.36948 0 0 
0 0 0 0 0 0 0 0 0 0 0.407316 0 0 0 0 0 0 0 0.407316 0 0 0 0 0 0.407316 0 -3.9609 1.36948 0 0 1.36948 0 
0 0 0 0 0 0 0 0 0 0 0 0.407316 0 0 0 0 0 0 0 0.407316 0 0 0 0 0 0.407316 0.407316 -3.45523 0 0 0 1.82597 
0 0 0 0 0 0 0 0 0 0 0 0 0.407316 0 0 0 0 0 0 0 0.407316 0 0 0 0.407316 0 0 0 -3.9609 1.36948 1.36948 0 
0 0 0 0 0 0 0 0 0 0 0 0 0 0.407316 0 0 0 0 0 0 0 0.407316 0 0 0 0.407316 0 0 0.407316 -3.45523 0 1.82597 
0 0 0 0 0 0 0 0 0 0 0 0 0 0 0.407316 0 0 0 0 0 0 0 0.407316 0 0 0 0.407316 0 0.407316 0 -3.45523 1.82597 
0 0 0 0 0 0 0 0 0 0 0 0 0 0 0 0.407316 0 0 0 0 0 0 0 0.407316 0 0 0 0.407316 0 0.407316 0.407316 -2.03658 
