32
-0 0 0 0 0 0 0 0 0 0 0 0 0 0 0 0 0 0 0 0 0 0 0 0 0 0 0 0 0 0 0 0 
0.351547 -2.05603 0 0.426121 0 0.426121 0 0 0 0.426121 0 0 0 0 0 0 0 0.426121 0 0 0 0 0 0 0 0 0 0 0 0 0 0 
0.351547 0 -2.05603 0.426121 0 0 0.426121 0 0 0 0.426121 0 0 0 0 0 0 0 0.426121 0 0 0 0 0 0 0 0 0 0 0 0 0 
0 0.351547 0.351547 -3.25982 0 0 0 0.852242 0 0 0 0.852242 0 0 0 0 0 0 0 0.852242 0 0 0 0 0 0 0 0 0 0 0 0 
0.351547 0 0 0 -2.05603 0.426121 0.426121 0 0 0 0 0 0.426121 0 0 0 0 0 0 0 0.426121 0 0 0 0 0 0 0 0 0 0 0 
0 0.351547 0 0 0.351547 -3.25982 0 0.852242 0 0 0 0 0 0.852242 0 0 0 0 0 0 0 0.852242 0 0 0 0 0 0 0 0 0 0 
0 0 0.351547 0 0.351547 0 -3.25982 0.852242 0 0 0 0 0 0 0.852242 0 0 0 0 0 0 0 0.852242 0 0 0 0 0 0 0 0 0 
0 0 0 0.351547 0 0.351547 0.351547 -3.61137 0 0 0 0 0 0 0 1.27836 0 0 0 0 0 0 0 1.27836 0 0 0 0 0 0 0 0 
0.351547 0 0 0 0 0 0 0 -2.05603 0.426121 0.426121 0 0.426121 0 0 0 0 0 0 0 0 0 0 0 0.426121 0 0 0 0 0 0 0 
0 0.351547 0 0 0 0 0 0 0.351547 -3.25982 0 0.852242 0 0.852242 0 0 0 0 0 0 0 0 0 0 0 0.852242 0 0 0 0 0 0 
0 0 0.351547 0 0 0 0 0 0.351547 0 -3.25982 0.852242 0 0 0.852242 0 0 0 0 0 0 0 0 0 0 0 0.852242 0 0 0 0 0 
0 0 0 0.351547 0 0 0 0 0 0.351547 0.351547 -3.61137 0 0 0 1.27836 0 0 0 0 0 0 0 0 0 0 0 1.27836 0 0 0 0 
0 0 0 0 0.351547 0 0 0 0.351547 0 0 0 -3.25982 0.852242 0.852242 0 0 0 0 0 0 0 0 0 0 0 0 0 0.852242 0 0 0 
0 0 0 0 0 0.351547 0 0 0 0.351547 0 0 0.351547 -3.61137 0 1.27836 0 0 0 0 0 0 0 0 0 0 0 0 0 1.27836 0 0 
0 0 0 0 0 0 0.351547 0 0 0 0.351547 0 0.351547 0 -3.61137 1.27836 0 0 0 0 0 0 0 0 0 0 0 0 0 0 1.27836 0 
0 0 0 0 0 0 0 0.351547 0 0 0 0.351547 0 0.351547 0.351547 -3.11067 0 0 0 0 0 0 0 0 0 0 0 0 0 0 0 1.70448 
0.351547 0 0 0 0 0 0 0 0 0 0 0 0 0 0 0 -2.05603 0.426121 0.426121 0 0.426121 0 0 0 0.426121 0 0 0 0 0 0 0 
0 0.351547 0 0 0 0 0 0 0 0 0 0 0 0 0 0 0.351547 -3.25982 0 0.852242 0 0.852242 0 0 0 0.852242 0 0 0 0 0 0 
0 0 0.351547 0 0 0 0 0 0 0 0 0 0 0 0 0 0.351547 0 -3.25982 0.852242 0 0 0.852242 0 0 0 0.852242 0 0 0 0 0 
0 0 0 0.351547 0 0 0 0 0 0 0 0 0 0 0 0 0 0.351547 0.351547 -3.61137 0 0 0 1.27836 0 0 0 1.27836 0 0 0 0 
0 0 0 0 0.351547 0 0 0 0 0 0 0 0 0 0 0 0.351547 0 0 0 -3.25982 0.852242 0.852242 0 0 0 0 0 0.852242 0 0 0 
0 0 0 0 0 0.351547 0 0 0 0 0 0 0 0 0 0 0 0.351547 0 0 0.351547 -3.61137 0 1.27836 0 0 0 0 0 1.27836 0 0 
0 0 0 0 0 0 0.351547 0 0 0 0 0 0 0 0 0 0 0 0.351547 0 0.351547 0 -3.61137 1.27836 0 0 0 0 0 0 1.27836 0 
0 0 0 0 0 0 0 0.351547 0 0 0 0 0 0 0 0 0 0 0 0.351547 0 0.351547 0.351547 -3.11067 0 0 0 0 0 0 0 1.70448 
0 0 0 0 0 0 0 0 0.351547 0 0 0 0 0 0 0 0.351547 0 0 0 0 0 0 0 -3.25982 0.852242 0.852242 0 0.852242 0 0 0 
0 0 0 0 0 0 0 0 0 0.351547 0 0 0 0 0 0 0 0.351547 0 0 0 0 0 0 0.351547 -3.61137 0 1.27836 0 1.27836 0 0 
0 0 0 0 0 0 0 0 0 0 0.351547 0 0 0 0 0 0 0 0.351547 0 0 0 0 0 0.351547 0 -3.61137 1.27836 0 0 1.27836 0 
0 0 0 0 0 0 0 0 0 0 0 0.351547 0 0 0 0 0 0 0 0.351547 0 0 0 0 0 0.351547 0.351547 -3.11067 0 0 0 1.70448 
0 0 0 0 0 0 0 0 0 0 0 0 0.351547 0 0 0 0 0 0 0 0.351547 0 0 0 0.351547 0 0 0 -3.61137 1.27836 1.27836 0 
0 0 0 0 0 0 0 0 0 0 0 0 0 0.351547 0 0 0 0 0 0 0 0.351547 0 0 0 0.351547 0 0 0.351547 -3.11067 0 1.70448 
0 0 0 0 0 0 0 0 0 0 0 0 0 0 0.351547 0 0 0 0 0 0 0 0.351547 0 0 0 0.351547 0 0.351547 0 -3.11067 1.70448 
0 0 0 0 0 0 0 0 0 0 0 0 0 0 0 0.351547 0 0 0 0 0 0 0 0.351547 0 0 0 0.351547 0 0.351547 0.351547 -1.75774 
