64
-0 0 0 0 0 0 0 0 0 0 0 0 0 0 0 0 0 0 0 0 0 0 0 0 0 0 0 0 0 0 0 0 0 0 0 0 0 0 0 0 0 0 0 0 0 0 0 0 0 0 0 0 0 0 0 0 0 0 0 0 0 0 0 0 
0.999089 -4.7329 0 0.746763 0 0.746763 0 0 0 0.746763 0 0 0 0 0 0 0 0.746763 0 0 0 0 0 0 0 0 0 0 0 0 0 0 0 0.746763 0 0 0 0 0 0 0 0 0 0 0 0 0 0 0 0 0 0 0 0 0 0 0 0 0 0 0 0 0 0 
0.999089 0 -4.7329 0.746763 0 0 0.746763 0 0 0 0.746763 0 0 0 0 0 0 0 0.746763 0 0 0 0 0 0 0 0 0 0 0 0 0 0 0 0.746763 0 0 0 0 0 0 0 0 0 0 0 0 0 0 0 0 0 0 0 0 0 0 0 0 0 0 0 0 0 
0 0.999089 0.999089 -7.97228 0 0 0 1.49353 0 0 0 1.49353 0 0 0 0 0 0 0 1.49353 0 0 0 0 0 0 0 0 0 0 0 0 0 0 0 1.49353 0 0 0 0 0 0 0 0 0 0 0 0 0 0 0 0 0 0 0 0 0 0 0 0 0 0 0 0 
0.999089 0 0 0 -4.7329 0.746763 0.746763 0 0 0 0 0 0.746763 0 0 0 0 0 0 0 0.746763 0 0 0 0 0 0 0 0 0 0 0 0 0 0 0 0.746763 0 0 0 0 0 0 0 0 0 0 0 0 0 0 0 0 0 0 0 0 0 0 0 0 0 0 0 
0 0.999089 0 0 0.999089 -7.97228 0 1.49353 0 0 0 0 0 1.49353 0 0 0 0 0 0 0 1.49353 0 0 0 0 0 0 0 0 0 0 0 0 0 0 0 1.49353 0 0 0 0 0 0 0 0 0 0 0 0 0 0 0 0 0 0 0 0 0 0 0 0 0 0 
0 0 0.999089 0 0.999089 0 -7.97228 1.49353 0 0 0 0 0 0 1.49353 0 0 0 0 0 0 0 1.49353 0 0 0 0 0 0 0 0 0 0 0 0 0 0 0 1.49353 0 0 0 0 0 0 0 0 0 0 0 0 0 0 0 0 0 0 0 0 0 0 0 0 0 
0 0 0 0.999089 0 0.999089 0.999089 -9.71813 0 0 0 0 0 0 0 2.24029 0 0 0 0 0 0 0 2.24029 0 0 0 0 0 0 0 0 0 0 0 0 0 0 0 2.24029 0 0 0 0 0 0 0 0 0 0 0 0 0 0 0 0 0 0 0 0 0 0 0 0 
0.999089 0 0 0 0 0 0 0 -4.7329 0.746763 0.746763 0 0.746763 0 0 0 0 0 0 0 0 0 0 0 0.746763 0 0 0 0 0 0 0 0 0 0 0 0 0 0 0 0.746763 0 0 0 0 0 0 0 0 0 0 0 0 0 0 0 0 0 0 0 0 0 0 0 
0 0.999089 0 0 0 0 0 0 0.999089 -7.97228 0 1.49353 0 1.49353 0 0 0 0 0 0 0 0 0 0 0 1.49353 0 0 0 0 0 0 0 0 0 0 0 0 0 0 0 1.49353 0 0 0 0 0 0 0 0 0 0 0 0 0 0 0 0 0 0 0 0 0 0 
0 0 0.999089 0 0 0 0 0 0.999089 0 -7.97228 1.49353 0 0 1.49353 0 0 0 0 0 0 0 0 0 0 0 1.49353 0 0 0 0 0 0 0 0 0 0 0 0 0 0 0 1.49353 0 0 0 0 0 0 0 0 0 0 0 0 0 0 0 0 0 0 0 0 0 
0 0 0 0.999089 0 0 0 0 0 0.999089 0.999089 -9.71813 0 0 0 2.24029 0 0 0 0 0 0 0 0 0 0 0 2.24029 0 0 0 0 0 0 0 0 0 0 0 0 0 0 0 2.24029 0 0 0 0 0 0 0 0 0 0 0 0 0 0 0 0 0 0 0 0 
0 0 0 0 0.999089 0 0 0 0.999089 0 0 0 -7.97228 1.49353 1.49353 0 0 0 0 0 0 0 0 0 0 0 0 0 1.49353 0 0 0 0 0 0 0 0 0 0 0 0 0 0 0 1.49353 0 0 0 0 0 0 0 0 0 0 0 0 0 0 0 0 0 0 0 
0 0 0 0 0 0.999089 0 0 0 0.999089 0 0 0.999089 -9.71813 0 2.24029 0 0 0 0 0 0 0 0 0 0 0 0 0 2.24029 0 0 0 0 0 0 0 0 0 0 0 0 0 0 0 2.24029 0 0 0 0 0 0 0 0 0 0 0 0 0 0 0 0 0 0 
0 0 0 0 0 0 0.999089 0 0 0 0.999089 0 0.999089 0 -9.71813 2.24029 0 0 0 0 0 0 0 0 0 0 0 0 0 0 2.24029 0 0 0 0 0 0 0 0 0 0 0 0 0 0 0 2.24029 0 0 0 0 0 0 0 0 0 0 0 0 0 0 0 0 0 
0 0 0 0 0 0 0 0.999089 0 0 0 0.999089 0 0.999089 0.999089 -9.97046 0 0 0 0 0 0 0 0 0 0 0 0 0 0 0 2.98705 0 0 0 0 0 0 0 0 0 0 0 0 0 0 0 2.98705 0 0 0 0 0 0 0 0 0 0 0 0 0 0 0 0 
0.999089 0 0 0 0 0 0 0 0 0 0 0 0 0 0 0 -4.7329 0.746763 0.746763 0 0.746763 0 0 0 0.746763 0 0 0 0 0 0 0 0 0 0 0 0 0 0 0 0 0 0 0 0 0 0 0 0.746763 0 0 0 0 0 0 0 0 0 0 0 0 0 0 0 
0 0.999089 0 0 0 0 0 0 0 0 0 0 0 0 0 0 0.999089 -7.97228 0 1.49353 0 1.49353 0 0 0 1.49353 0 0 0 0 0 0 0 0 0 0 0 0 0 0 0 0 0 0 0 0 0 0 0 1.49353 0 0 0 0 0 0 0 0 0 0 0 0 0 0 
0 0 0.999089 0 0 0 0 0 0 0 0 0 0 0 0 0 0.999089 0 -7.97228 1.49353 0 0 1.49353 0 0 0 1.49353 0 0 0 0 0 0 0 0 0 0 0 0 0 0 0 0 0 0 0 0 0 0 0 1.49353 0 0 0 0 0 0 0 0 0 0 0 0 0 
0 0 0 0.999089 0 0 0 0 0 0 0 0 0 0 0 0 0 0.999089 0.999089 -9.71813 0 0 0 2.24029 0 0 0 2.24029 0 0 0 0 0 0 0 0 0 0 0 0 0 0 0 0 0 0 0 0 0 0 0 2.24029 0 0 0 0 0 0 0 0 0 0 0 0 
0 0 0 0 0.999089 0 0 0 0 0 0 0 0 0 0 0 0.999089 0 0 0 -7.97228 1.49353 1.49353 0 0 0 0 0 1.49353 0 0 0 0 0 0 0 0 0 0 0 0 0 0 0 0 0 0 0 0 0 0 0 1.49353 0 0 0 0 0 0 0 0 0 0 0 
0 0 0 0 0 0.999089 0 0 0 0 0 0 0 0 0 0 0 0.999089 0 0 0.999089 -9.71813 0 2.24029 0 0 0 0 0 2.24029 0 0 0 0 0 0 0 0 0 0 0 0 0 0 0 0 0 0 0 0 0 0 0 2.24029 0 0 0 0 0 0 0 0 0 0 
0 0 0 0 0 0 0.999089 0 0 0 0 0 0 0 0 0 0 0 0.999089 0 0.999089 0 -9.71813 2.24029 0 0 0 0 0 0 2.24029 0 0 0 0 0 0 0 0 0 0 0 0 0 0 0 0 0 0 0 0 0 0 0 2.24029 0 0 0 0 0 0 0 0 0 
0 0 0 0 0 0 0 0.999089 0 0 0 0 0 0 0 0 0 0 0 0.999089 0 0.999089 0.999089 -9.97046 0 0 0 0 0 0 0 2.98705 0 0 0 0 0 0 0 0 0 0 0 0 0 0 0 0 0 0 0 0 0 0 0 2.98705 0 0 0 0 0 0 0 0 
0 0 0 0 0 0 0 0 0.999089 0 0 0 0 0 0 0 0.999089 0 0 0 0 0 0 0 -7.97228 1.49353 1.49353 0 1.49353 0 0 0 0 0 0 0 0 0 0 0 0 0 0 0 0 0 0 0 0 0 0 0 0 0 0 0 1.49353 0 0 0 0 0 0 0 
0 0 0 0 0 0 0 0 0 0.999089 0 0 0 0 0 0 0 0.999089 0 0 0 0 0 0 0.999089 -9.71813 0 2.24029 0 2.24029 0 0 0 0 0 0 0 0 0 0 0 0 0 0 0 0 0 0 0 0 0 0 0 0 0 0 0 2.24029 0 0 0 0 0 0 
0 0 0 0 0 0 0 0 0 0 0.999089 0 0 0 0 0 0 0 0.999089 0 0 0 0 0 0.999089 0 -9.71813 2.24029 0 0 2.24029 0 0 0 0 0 0 0 0 0 0 0 0 0 0 0 0 0 0 0 0 0 0 0 0 0 0 0 2.24029 0 0 0 0 0 
0 0 0 0 0 0 0 0 0 0 0 0.999089 0 0 0 0 0 0 0 0.999089 0 0 0 0 0 0.999089 0.999089 -9.97046 0 0 0 2.98705 0 0 0 0 0 0 0 0 0 0 0 0 0 0 0 0 0 0 0 0 0 0 0 0 0 0 0 2.98705 0 0 0 0 
0 0 0 0 0 0 0 0 0 0 0 0 0.999089 0 0 0 0 0 0 0 0.999089 0 0 0 0.999089 0 0 0 -9.71813 2.24029 2.24029 0 0 0 0 0 0 0 0 0 0 0 0 0 0 0 0 0 0 0 0 0 0 0 0 0 0 0 0 0 2.24029 0 0 0 
0 0 0 0 0 0 0 0 0 0 0 0 0 0.999089 0 0 0 0 0 0 0 0.999089 0 0 0 0.999089 0 0 0.999089 -9.97046 0 2.98705 0 0 0 0 0 0 0 0 0 0 0 0 0 0 0 0 0 0 0 0 0 0 0 0 0 0 0 0 0 2.98705 0 0 
0 0 0 0 0 0 0 0 0 0 0 0 0 0 0.999089 0 0 0 0 0 0 0 0.999089 0 0 0 0.999089 0 0.999089 0 -9.97046 2.98705 0 0 0 0 0 0 0 0 0 0 0 0 0 0 0 0 0 0 0 0 0 0 0 0 0 0 0 0 0 0 2.98705 0 
0 0 0 0 0 0 0 0 0 0 0 0 0 0 0 0.999089 0 0 0 0 0 0 0 0.999089 0 0 0 0.999089 0 0.999089 0.999089 -8.72926 0 0 0 0 0 0 0 0 0 0 0 0 0 0 0 0 0 0 0 0 0 0 0 0 0 0 0 0 0 0 0 3.73381 
0.999089 0 0 0 0 0 0 0 0 0 0 0 0 0 0 0 0 0 0 0 0 0 0 0 0 0 0 0 0 0 0 0 -4.7329 0.746763 0.746763 0 0.746763 0 0 0 0.746763 0 0 0 0 0 0 0 0.746763 0 0 0 0 0 0 0 0 0 0 0 0 0 0 0 
0 0.999089 0 0 0 0 0 0 0 0 0 0 0 0 0 0 0 0 0 0 0 0 0 0 0 0 0 0 0 0 0 0 0.999089 -7.97228 0 1.49353 0 1.49353 0 0 0 1.49353 0 0 0 0 0 0 0 1.49353 0 0 0 0 0 0 0 0 0 0 0 0 0 0 
0 0 0.999089 0 0 0 0 0 0 0 0 0 0 0 0 0 0 0 0 0 0 0 0 0 0 0 0 0 0 0 0 0 0.999089 0 -7.97228 1.49353 0 0 1.49353 0 0 0 1.49353 0 0 0 0 0 0 0 1.49353 0 0 0 0 0 0 0 0 0 0 0 0 0 
0 0 0 0.999089 0 0 0 0 0 0 0 0 0 0 0 0 0 0 0 0 0 0 0 0 0 0 0 0 0 0 0 0 0 0.999089 0.999089 -9.71813 0 0 0 2.24029 0 0 0 2.24029 0 0 0 0 0 0 0 2.24029 0 0 0 0 0 0 0 0 0 0 0 0 
0 0 0 0 0.999089 0 0 0 0 0 0 0 0 0 0 0 0 0 0 0 0 0 0 0 0 0 0 0 0 0 0 0 0.999089 0 0 0 -7.97228 1.49353 1.49353 0 0 0 0 0 1.49353 0 0 0 0 0 0 0 1.49353 0 0 0 0 0 0 0 0 0 0 0 
0 0 0 0 0 0.999089 0 0 0 0 0 0 0 0 0 0 0 0 0 0 0 0 0 0 0 0 0 0 0 0 0 0 0 0.999089 0 0 0.999089 -9.71813 0 2.24029 0 0 0 0 0 2.24029 0 0 0 0 0 0 0 2.24029 0 0 0 0 0 0 0 0 0 0 
0 0 0 0 0 0 0.999089 0 0 0 0 0 0 0 0 0 0 0 0 0 0 0 0 0 0 0 0 0 0 0 0 0 0 0 0.999089 0 0.999089 0 -9.71813 2.24029 0 0 0 0 0 0 2.24029 0 0 0 0 0 0 0 2.24029 0 0 0 0 0 0 0 0 0 
0 0 0 0 0 0 0 0.999089 0 0 0 0 0 0 0 0 0 0 0 0 0 0 0 0 0 0 0 0 0 0 0 0 0 0 0 0.999089 0 0.999089 0.999089 -9.97046 0 0 0 0 0 0 0 2.98705 0 0 0 0 0 0 0 2.98705 0 0 0 0 0 0 0 0 
0 0 0 0 0 0 0 0 0.999089 0 0 0 0 0 0 0 0 0 0 0 0 0 0 0 0 0 0 0 0 0 0 0 0.999089 0 0 0 0 0 0 0 -7.97228 1.49353 1.49353 0 1.49353 0 0 0 0 0 0 0 0 0 0 0 1.49353 0 0 0 0 0 0 0 
0 0 0 0 0 0 0 0 0 0.999089 0 0 0 0 0 0 0 0 0 0 0 0 0 0 0 0 0 0 0 0 0 0 0 0.999089 0 0 0 0 0 0 0.999089 -9.71813 0 2.24029 0 2.24029 0 0 0 0 0 0 0 0 0 0 0 2.24029 0 0 0 0 0 0 
0 0 0 0 0 0 0 0 0 0 0.999089 0 0 0 0 0 0 0 0 0 0 0 0 0 0 0 0 0 0 0 0 0 0 0 0.999089 0 0 0 0 0 0.999089 0 -9.71813 2.24029 0 0 2.24029 0 0 0 0 0 0 0 0 0 0 0 2.24029 0 0 0 0 0 
0 0 0 0 0 0 0 0 0 0 0 0.999089 0 0 0 0 0 0 0 0 0 0 0 0 0 0 0 0 0 0 0 0 0 0 0 0.999089 0 0 0 0 0 0.999089 0.999089 -9.97046 0 0 0 2.98705 0 0 0 0 0 0 0 0 0 0 0 2.98705 0 0 0 0 
0 0 0 0 0 0 0 0 0 0 0 0 0.999089 0 0 0 0 0 0 0 0 0 0 0 0 0 0 0 0 0 0 0 0 0 0 0 0.999089 0 0 0 0.999089 0 0 0 -9.71813 2.24029 2.24029 0 0 0 0 0 0 0 0 0 0 0 0 0 2.24029 0 0 0 
0 0 0 0 0 0 0 0 0 0 0 0 0 0.999089 0 0 0 0 0 0 0 0 0 0 0 0 0 0 0 0 0 0 0 0 0 0 0 0.999089 0 0 0 0.999089 0 0 0.999089 -9.97046 0 2.98705 0 0 0 0 0 0 0 0 0 0 0 0 0 2.98705 0 0 
0 0 0 0 0 0 0 0 0 0 0 0 0 0 0.999089 0 0 0 0 0 0 0 0 0 0 0 0 0 0 0 0 0 0 0 0 0 0 0 0.999089 0 0 0 0.999089 0 0.999089 0 -9.97046 2.98705 0 0 0 0 0 0 0 0 0 0 0 0 0 0 2.98705 0 
0 0 0 0 0 0 0 0 0 0 0 0 0 0 0 0.999089 0 0 0 0 0 0 0 0 0 0 0 0 0 0 0 0 0 0 0 0 0 0 0 0.999089 0 0 0 0.999089 0 0.999089 0.999089 -8.72926 0 0 0 0 0 0 0 0 0 0 0 0 0 0 0 3.73381 
0 0 0 0 0 0 0 0 0 0 0 0 0 0 0 0 0.999089 0 0 0 0 0 0 0 0 0 0 0 0 0 0 0 0.999089 0 0 0 0 0 0 0 0 0 0 0 0 0 0 0 -7.97228 1.49353 1.49353 0 1.49353 0 0 0 1.49353 0 0 0 0 0 0 0 
0 0 0 0 0 0 0 0 0 0 0 0 0 0 0 0 0 0.999089 0 0 0 0 0 0 0 0 0 0 0 0 0 0 0 0.999089 0 0 0 0 0 0 0 0 0 0 0 0 0 0 0.999089 -9.71813 0 2.24029 0 2.24029 0 0 0 2.24029 0 0 0 0 0 0 
0 0 0 0 0 0 0 0 0 0 0 0 0 0 0 0 0 0 0.999089 0 0 0 0 0 0 0 0 0 0 0 0 0 0 0 0.999089 0 0 0 0 0 0 0 0 0 0 0 0 0 0.999089 0 -9.71813 2.24029 0 0 2.24029 0 0 0 2.24029 0 0 0 0 0 
0 0 0 0 0 0 0 0 0 0 0 0 0 0 0 0 0 0 0 0.999089 0 0 0 0 0 0 0 0 0 0 0 0 0 0 0 0.999089 0 0 0 0 0 0 0 0 0 0 0 0 0 0.999089 0.999089 -9.97046 0 0 0 2.98705 0 0 0 2.98705 0 0 0 0 
0 0 0 0 0 0 0 0 0 0 0 0 0 0 0 0 0 0 0 0 0.999089 0 0 0 0 0 0 0 0 0 0 0 0 0 0 0 0.999089 0 0 0 0 0 0 0 0 0 0 0 0.999089 0 0 0 -9.71813 2.24029 2.24029 0 0 0 0 0 2.24029 0 0 0 
0 0 0 0 0 0 0 0 0 0 0 0 0 0 0 0 0 0 0 0 0 0.999089 0 0 0 0 0 0 0 0 0 0 0 0 0 0 0 0.999089 0 0 0 0 0 0 0 0 0 0 0 0.999089 0 0 0.999089 -9.97046 0 2.98705 0 0 0 0 0 2.98705 0 0 
0 0 0 0 0 0 0 0 0 0 0 0 0 0 0 0 0 0 0 0 0 0 0.999089 0 0 0 0 0 0 0 0 0 0 0 0 0 0 0 0.999089 0 0 0 0 0 0 0 0 0 0 0 0.999089 0 0.999089 0 -9.97046 2.98705 0 0 0 0 0 0 2.98705 0 
0 0 0 0 0 0 0 0 0 0 0 0 0 0 0 0 0 0 0 0 0 0 0 0.999089 0 0 0 0 0 0 0 0 0 0 0 0 0 0 0 0.999089 0 0 0 0 0 0 0 0 0 0 0 0.999089 0 0.999089 0.999089 -8.72926 0 0 0 0 0 0 0 3.73381 
0 0 0 0 0 0 0 0 0 0 0 0 0 0 0 0 0 0 0 0 0 0 0 0 0.999089 0 0 0 0 0 0 0 0 0 0 0 0 0 0 0 0.999089 0 0 0 0 0 0 0 0.999089 0 0 0 0 0 0 0 -9.71813 2.24029 2.24029 0 2.24029 0 0 0 
0 0 0 0 0 0 0 0 0 0 0 0 0 0 0 0 0 0 0 0 0 0 0 0 0 0.999089 0 0 0 0 0 0 0 0 0 0 0 0 0 0 0 0.999089 0 0 0 0 0 0 0 0.999089 0 0 0 0 0 0 0.999089 -9.97046 0 2.98705 0 2.98705 0 0 
0 0 0 0 0 0 0 0 0 0 0 0 0 0 0 0 0 0 0 0 0 0 0 0 0 0 0.999089 0 0 0 0 0 0 0 0 0 0 0 0 0 0 0 0.999089 0 0 0 0 0 0 0 0.999089 0 0 0 0 0 0.999089 0 -9.97046 2.98705 0 0 2.98705 0 
0 0 0 0 0 0 0 0 0 0 0 0 0 0 0 0 0 0 0 0 0 0 0 0 0 0 0 0.999089 0 0 0 0 0 0 0 0 0 0 0 0 0 0 0 0.999089 0 0 0 0 0 0 0 0.999089 0 0 0 0 0 0.999089 0.999089 -8.72926 0 0 0 3.73381 
0 0 0 0 0 0 0 0 0 0 0 0 0 0 0 0 0 0 0 0 0 0 0 0 0 0 0 0 0.999089 0 0 0 0 0 0 0 0 0 0 0 0 0 0 0 0.999089 0 0 0 0 0 0 0 0.999089 0 0 0 0.999089 0 0 0 -9.97046 2.98705 2.98705 0 
0 0 0 0 0 0 0 0 0 0 0 0 0 0 0 0 0 0 0 0 0 0 0 0 0 0 0 0 0 0.999089 0 0 0 0 0 0 0 0 0 0 0 0 0 0 0 0.999089 0 0 0 0 0 0 0 0.999089 0 0 0 0.999089 0 0 0.999089 -8.72926 0 3.73381 
0 0 0 0 0 0 0 0 0 0 0 0 0 0 0 0 0 0 0 0 0 0 0 0 0 0 0 0 0 0 0.999089 0 0 0 0 0 0 0 0 0 0 0 0 0 0 0 0.999089 0 0 0 0 0 0 0 0.999089 0 0 0 0.999089 0 0.999089 0 -8.72926 3.73381 
0 0 0 0 0 0 0 0 0 0 0 0 0 0 0 0 0 0 0 0 0 0 0 0 0 0 0 0 0 0 0 0.999089 0 0 0 0 0 0 0 0 0 0 0 0 0 0 0 0.999089 0 0 0 0 0 0 0 0.999089 0 0 0 0.999089 0 0.999089 0.999089 -5.99453 
