32
-0 0 0 0 0 0 0 0 0 0 0 0 0 0 0 0 0 0 0 0 0 0 0 0 0 0 0 0 0 0 0 0 
0.155919 -1.43781 0 0.320473 0 0.320473 0 0 0 0.320473 0 0 0 0 0 0 0 0.320473 0 0 0 0 0 0 0 0 0 0 0 0 0 0 
0.155919 0 -1.43781 0.320473 0 0 0.320473 0 0 0 0.320473 0 0 0 0 0 0 0 0.320473 0 0 0 0 0 0 0 0 0 0 0 0 0 
0 0.155919 0.155919 -2.23468 0 0 0 0.640947 0 0 0 0.640947 0 0 0 0 0 0 0 0.640947 0 0 0 0 0 0 0 0 0 0 0 0 
0.155919 0 0 0 -1.43781 0.320473 0.320473 0 0 0 0 0 0.320473 0 0 0 0 0 0 0 0.320473 0 0 0 0 0 0 0 0 0 0 0 
0 0.155919 0 0 0.155919 -2.23468 0 0.640947 0 0 0 0 0 0.640947 0 0 0 0 0 0 0 0.640947 0 0 0 0 0 0 0 0 0 0 
0 0 0.155919 0 0.155919 0 -2.23468 0.640947 0 0 0 0 0 0 0.640947 0 0 0 0 0 0 0 0.640947 0 0 0 0 0 0 0 0 0 
0 0 0 0.155919 0 0.155919 0.155919 -2.3906 0 0 0 0 0 0 0 0.96142 0 0 0 0 0 0 0 0.96142 0 0 0 0 0 0 0 0 
0.155919 0 0 0 0 0 0 0 -1.43781 0.320473 0.320473 0 0.320473 0 0 0 0 0 0 0 0 0 0 0 0.320473 0 0 0 0 0 0 0 
0 0.155919 0 0 0 0 0 0 0.155919 -2.23468 0 0.640947 0 0.640947 0 0 0 0 0 0 0 0 0 0 0 0.640947 0 0 0 0 0 0 
0 0 0.155919 0 0 0 0 0 0.155919 0 -2.23468 0.640947 0 0 0.640947 0 0 0 0 0 0 0 0 0 0 0 0.640947 0 0 0 0 0 
0 0 0 0.155919 0 0 0 0 0 0.155919 0.155919 -2.3906 0 0 0 0.96142 0 0 0 0 0 0 0 0 0 0 0 0.96142 0 0 0 0 
0 0 0 0 0.155919 0 0 0 0.155919 0 0 0 -2.23468 0.640947 0.640947 0 0 0 0 0 0 0 0 0 0 0 0 0 0.640947 0 0 0 
0 0 0 0 0 0.155919 0 0 0 0.155919 0 0 0.155919 -2.3906 0 0.96142 0 0 0 0 0 0 0 0 0 0 0 0 0 0.96142 0 0 
0 0 0 0 0 0 0.155919 0 0 0 0.155919 0 0.155919 0 -2.3906 0.96142 0 0 0 0 0 0 0 0 0 0 0 0 0 0 0.96142 0 
0 0 0 0 0 0 0 0.155919 0 0 0 0.155919 0 0.155919 0.155919 -1.90557 0 0 0 0 0 0 0 0 0 0 0 0 0 0 0 1.28189 
0.155919 0 0 0 0 0 0 0 0 0 0 0 0 0 0 0 -1.43781 0.320473 0.320473 0 0.320473 0 0 0 0.320473 0 0 0 0 0 0 0 
0 0.155919 0 0 0 0 0 0 0 0 0 0 0 0 0 0 0.155919 -2.23468 0 0.640947 0 0.640947 0 0 0 0.640947 0 0 0 0 0 0 
0 0 0.155919 0 0 0 0 0 0 0 0 0 0 0 0 0 0.155919 0 -2.23468 0.640947 0 0 0.640947 0 0 0 0.640947 0 0 0 0 0 
0 0 0 0.155919 0 0 0 0 0 0 0 0 0 0 0 0 0 0.155919 0.155919 -2.3906 0 0 0 0.96142 0 0 0 0.96142 0 0 0 0 
0 0 0 0 0.155919 0 0 0 0 0 0 0 0 0 0 0 0.155919 0 0 0 -2.23468 0.640947 0.640947 0 0 0 0 0 0.640947 0 0 0 
0 0 0 0 0 0.155919 0 0 0 0 0 0 0 0 0 0 0 0.155919 0 0 0.155919 -2.3906 0 0.96142 0 0 0 0 0 0.96142 0 0 
0 0 0 0 0 0 0.155919 0 0 0 0 0 0 0 0 0 0 0 0.155919 0 0.155919 0 -2.3906 0.96142 0 0 0 0 0 0 0.96142 0 
0 0 0 0 0 0 0 0.155919 0 0 0 0 0 0 0 0 0 0 0 0.155919 0 0.155919 0.155919 -1.90557 0 0 0 0 0 0 0 1.28189 
0 0 0 0 0 0 0 0 0.155919 0 0 0 0 0 0 0 0.155919 0 0 0 0 0 0 0 -2.23468 0.640947 0.640947 0 0.640947 0 0 0 
0 0 0 0 0 0 0 0 0 0.155919 0 0 0 0 0 0 0 0.155919 0 0 0 0 0 0 0.155919 -2.3906 0 0.96142 0 0.96142 0 0 
0 0 0 0 0 0 0 0 0 0 0.155919 0 0 0 0 0 0 0 0.155919 0 0 0 0 0 0.155919 0 -2.3906 0.96142 0 0 0.96142 0 
0 0 0 0 0 0 0 0 0 0 0 0.155919 0 0 0 0 0 0 0 0.155919 0 0 0 0 0 0.155919 0.155919 -1.90557 0 0 0 1.28189 
0 0 0 0 0 0 0 0 0 0 0 0 0.155919 0 0 0 0 0 0 0 0.155919 0 0 0 0.155919 0 0 0 -2.3906 0.96142 0.96142 0 
0 0 0 0 0 0 0 0 0 0 0 0 0 0.155919 0 0 0 0 0 0 0 0.155919 0 0 0 0.155919 0 0 0.155919 -1.90557 0 1.28189 
0 0 0 0 0 0 0 0 0 0 0 0 0 0 0.155919 0 0 0 0 0 0 0 0.155919 0 0 0 0.155919 0 0.155919 0 -1.90557 1.28189 
0 0 0 0 0 0 0 0 0 0 0 0 0 0 0 0.155919 0 0 0 0 0 0 0 0.155919 0 0 0 0.155919 0 0.155919 0.155919 -0.779597 
