32
-0 0 0 0 0 0 0 0 0 0 0 0 0 0 0 0 0 0 0 0 0 0 0 0 0 0 0 0 0 0 0 0 
0.28283 -1.85763 0 0.393701 0 0.393701 0 0 0 0.393701 0 0 0 0 0 0 0 0.393701 0 0 0 0 0 0 0 0 0 0 0 0 0 0 
0.28283 0 -1.85763 0.393701 0 0 0.393701 0 0 0 0.393701 0 0 0 0 0 0 0 0.393701 0 0 0 0 0 0 0 0 0 0 0 0 0 
0 0.28283 0.28283 -2.92786 0 0 0 0.787402 0 0 0 0.787402 0 0 0 0 0 0 0 0.787402 0 0 0 0 0 0 0 0 0 0 0 0 
0.28283 0 0 0 -1.85763 0.393701 0.393701 0 0 0 0 0 0.393701 0 0 0 0 0 0 0 0.393701 0 0 0 0 0 0 0 0 0 0 0 
0 0.28283 0 0 0.28283 -2.92786 0 0.787402 0 0 0 0 0 0.787402 0 0 0 0 0 0 0 0.787402 0 0 0 0 0 0 0 0 0 0 
0 0 0.28283 0 0.28283 0 -2.92786 0.787402 0 0 0 0 0 0 0.787402 0 0 0 0 0 0 0 0.787402 0 0 0 0 0 0 0 0 0 
0 0 0 0.28283 0 0.28283 0.28283 -3.21069 0 0 0 0 0 0 0 1.1811 0 0 0 0 0 0 0 1.1811 0 0 0 0 0 0 0 0 
0.28283 0 0 0 0 0 0 0 -1.85763 0.393701 0.393701 0 0.393701 0 0 0 0 0 0 0 0 0 0 0 0.393701 0 0 0 0 0 0 0 
0 0.28283 0 0 0 0 0 0 0.28283 -2.92786 0 0.787402 0 0.787402 0 0 0 0 0 0 0 0 0 0 0 0.787402 0 0 0 0 0 0 
0 0 0.28283 0 0 0 0 0 0.28283 0 -2.92786 0.787402 0 0 0.787402 0 0 0 0 0 0 0 0 0 0 0 0.787402 0 0 0 0 0 
0 0 0 0.28283 0 0 0 0 0 0.28283 0.28283 -3.21069 0 0 0 1.1811 0 0 0 0 0 0 0 0 0 0 0 1.1811 0 0 0 0 
0 0 0 0 0.28283 0 0 0 0.28283 0 0 0 -2.92786 0.787402 0.787402 0 0 0 0 0 0 0 0 0 0 0 0 0 0.787402 0 0 0 
0 0 0 0 0 0.28283 0 0 0 0.28283 0 0 0.28283 -3.21069 0 1.1811 0 0 0 0 0 0 0 0 0 0 0 0 0 1.1811 0 0 
0 0 0 0 0 0 0.28283 0 0 0 0.28283 0 0.28283 0 -3.21069 1.1811 0 0 0 0 0 0 0 0 0 0 0 0 0 0 1.1811 0 
0 0 0 0 0 0 0 0.28283 0 0 0 0.28283 0 0.28283 0.28283 -2.70612 0 0 0 0 0 0 0 0 0 0 0 0 0 0 0 1.5748 
0.28283 0 0 0 0 0 0 0 0 0 0 0 0 0 0 0 -1.85763 0.393701 0.393701 0 0.393701 0 0 0 0.393701 0 0 0 0 0 0 0 
0 0.28283 0 0 0 0 0 0 0 0 0 0 0 0 0 0 0.28283 -2.92786 0 0.787402 0 0.787402 0 0 0 0.787402 0 0 0 0 0 0 
0 0 0.28283 0 0 0 0 0 0 0 0 0 0 0 0 0 0.28283 0 -2.92786 0.787402 0 0 0.787402 0 0 0 0.787402 0 0 0 0 0 
0 0 0 0.28283 0 0 0 0 0 0 0 0 0 0 0 0 0 0.28283 0.28283 -3.21069 0 0 0 1.1811 0 0 0 1.1811 0 0 0 0 
0 0 0 0 0.28283 0 0 0 0 0 0 0 0 0 0 0 0.28283 0 0 0 -2.92786 0.787402 0.787402 0 0 0 0 0 0.787402 0 0 0 
0 0 0 0 0 0.28283 0 0 0 0 0 0 0 0 0 0 0 0.28283 0 0 0.28283 -3.21069 0 1.1811 0 0 0 0 0 1.1811 0 0 
0 0 0 0 0 0 0.28283 0 0 0 0 0 0 0 0 0 0 0 0.28283 0 0.28283 0 -3.21069 1.1811 0 0 0 0 0 0 1.1811 0 
0 0 0 0 0 0 0 0.28283 0 0 0 0 0 0 0 0 0 0 0 0.28283 0 0.28283 0.28283 -2.70612 0 0 0 0 0 0 0 1.5748 
0 0 0 0 0 0 0 0 0.28283 0 0 0 0 0 0 0 0.28283 0 0 0 0 0 0 0 -2.92786 0.787402 0.787402 0 0.787402 0 0 0 
0 0 0 0 0 0 0 0 0 0.28283 0 0 0 0 0 0 0 0.28283 0 0 0 0 0 0 0.28283 -3.21069 0 1.1811 0 1.1811 0 0 
0 0 0 0 0 0 0 0 0 0 0.28283 0 0 0 0 0 0 0 0.28283 0 0 0 0 0 0.28283 0 -3.21069 1.1811 0 0 1.1811 0 
0 0 0 0 0 0 0 0 0 0 0 0.28283 0 0 0 0 0 0 0 0.28283 0 0 0 0 0 0.28283 0.28283 -2.70612 0 0 0 1.5748 
0 0 0 0 0 0 0 0 0 0 0 0 0.28283 0 0 0 0 0 0 0 0.28283 0 0 0 0.28283 0 0 0 -3.21069 1.1811 1.1811 0 
0 0 0 0 0 0 0 0 0 0 0 0 0 0.28283 0 0 0 0 0 0 0 0.28283 0 0 0 0.28283 0 0 0.28283 -2.70612 0 1.5748 
0 0 0 0 0 0 0 0 0 0 0 0 0 0 0.28283 0 0 0 0 0 0 0 0.28283 0 0 0 0.28283 0 0.28283 0 -2.70612 1.5748 
0 0 0 0 0 0 0 0 0 0 0 0 0 0 0 0.28283 0 0 0 0 0 0 0 0.28283 0 0 0 0.28283 0 0.28283 0.28283 -1.41415 
