32
-0 0 0 0 0 0 0 0 0 0 0 0 0 0 0 0 0 0 0 0 0 0 0 0 0 0 0 0 0 0 0 0 
0.434165 -2.15348 0 0.429829 0 0.429829 0 0 0 0.429829 0 0 0 0 0 0 0 0.429829 0 0 0 0 0 0 0 0 0 0 0 0 0 0 
0.434165 0 -2.15348 0.429829 0 0 0.429829 0 0 0 0.429829 0 0 0 0 0 0 0 0.429829 0 0 0 0 0 0 0 0 0 0 0 0 0 
0 0.434165 0.434165 -3.4473 0 0 0 0.859657 0 0 0 0.859657 0 0 0 0 0 0 0 0.859657 0 0 0 0 0 0 0 0 0 0 0 0 
0.434165 0 0 0 -2.15348 0.429829 0.429829 0 0 0 0 0 0.429829 0 0 0 0 0 0 0 0.429829 0 0 0 0 0 0 0 0 0 0 0 
0 0.434165 0 0 0.434165 -3.4473 0 0.859657 0 0 0 0 0 0.859657 0 0 0 0 0 0 0 0.859657 0 0 0 0 0 0 0 0 0 0 
0 0 0.434165 0 0.434165 0 -3.4473 0.859657 0 0 0 0 0 0 0.859657 0 0 0 0 0 0 0 0.859657 0 0 0 0 0 0 0 0 0 
0 0 0 0.434165 0 0.434165 0.434165 -3.88147 0 0 0 0 0 0 0 1.28949 0 0 0 0 0 0 0 1.28949 0 0 0 0 0 0 0 0 
0.434165 0 0 0 0 0 0 0 -2.15348 0.429829 0.429829 0 0.429829 0 0 0 0 0 0 0 0 0 0 0 0.429829 0 0 0 0 0 0 0 
0 0.434165 0 0 0 0 0 0 0.434165 -3.4473 0 0.859657 0 0.859657 0 0 0 0 0 0 0 0 0 0 0 0.859657 0 0 0 0 0 0 
0 0 0.434165 0 0 0 0 0 0.434165 0 -3.4473 0.859657 0 0 0.859657 0 0 0 0 0 0 0 0 0 0 0 0.859657 0 0 0 0 0 
0 0 0 0.434165 0 0 0 0 0 0.434165 0.434165 -3.88147 0 0 0 1.28949 0 0 0 0 0 0 0 0 0 0 0 1.28949 0 0 0 0 
0 0 0 0 0.434165 0 0 0 0.434165 0 0 0 -3.4473 0.859657 0.859657 0 0 0 0 0 0 0 0 0 0 0 0 0 0.859657 0 0 0 
0 0 0 0 0 0.434165 0 0 0 0.434165 0 0 0.434165 -3.88147 0 1.28949 0 0 0 0 0 0 0 0 0 0 0 0 0 1.28949 0 0 
0 0 0 0 0 0 0.434165 0 0 0 0.434165 0 0.434165 0 -3.88147 1.28949 0 0 0 0 0 0 0 0 0 0 0 0 0 0 1.28949 0 
0 0 0 0 0 0 0 0.434165 0 0 0 0.434165 0 0.434165 0.434165 -3.45597 0 0 0 0 0 0 0 0 0 0 0 0 0 0 0 1.71931 
0.434165 0 0 0 0 0 0 0 0 0 0 0 0 0 0 0 -2.15348 0.429829 0.429829 0 0.429829 0 0 0 0.429829 0 0 0 0 0 0 0 
0 0.434165 0 0 0 0 0 0 0 0 0 0 0 0 0 0 0.434165 -3.4473 0 0.859657 0 0.859657 0 0 0 0.859657 0 0 0 0 0 0 
0 0 0.434165 0 0 0 0 0 0 0 0 0 0 0 0 0 0.434165 0 -3.4473 0.859657 0 0 0.859657 0 0 0 0.859657 0 0 0 0 0 
0 0 0 0.434165 0 0 0 0 0 0 0 0 0 0 0 0 0 0.434165 0.434165 -3.88147 0 0 0 1.28949 0 0 0 1.28949 0 0 0 0 
0 0 0 0 0.434165 0 0 0 0 0 0 0 0 0 0 0 0.434165 0 0 0 -3.4473 0.859657 0.859657 0 0 0 0 0 0.859657 0 0 0 
0 0 0 0 0 0.434165 0 0 0 0 0 0 0 0 0 0 0 0.434165 0 0 0.434165 -3.88147 0 1.28949 0 0 0 0 0 1.28949 0 0 
0 0 0 0 0 0 0.434165 0 0 0 0 0 0 0 0 0 0 0 0.434165 0 0.434165 0 -3.88147 1.28949 0 0 0 0 0 0 1.28949 0 
0 0 0 0 0 0 0 0.434165 0 0 0 0 0 0 0 0 0 0 0 0.434165 0 0.434165 0.434165 -3.45597 0 0 0 0 0 0 0 1.71931 
0 0 0 0 0 0 0 0 0.434165 0 0 0 0 0 0 0 0.434165 0 0 0 0 0 0 0 -3.4473 0.859657 0.859657 0 0.859657 0 0 0 
0 0 0 0 0 0 0 0 0 0.434165 0 0 0 0 0 0 0 0.434165 0 0 0 0 0 0 0.434165 -3.88147 0 1.28949 0 1.28949 0 0 
0 0 0 0 0 0 0 0 0 0 0.434165 0 0 0 0 0 0 0 0.434165 0 0 0 0 0 0.434165 0 -3.88147 1.28949 0 0 1.28949 0 
0 0 0 0 0 0 0 0 0 0 0 0.434165 0 0 0 0 0 0 0 0.434165 0 0 0 0 0 0.434165 0.434165 -3.45597 0 0 0 1.71931 
0 0 0 0 0 0 0 0 0 0 0 0 0.434165 0 0 0 0 0 0 0 0.434165 0 0 0 0.434165 0 0 0 -3.88147 1.28949 1.28949 0 
0 0 0 0 0 0 0 0 0 0 0 0 0 0.434165 0 0 0 0 0 0 0 0.434165 0 0 0 0.434165 0 0 0.434165 -3.45597 0 1.71931 
0 0 0 0 0 0 0 0 0 0 0 0 0 0 0.434165 0 0 0 0 0 0 0 0.434165 0 0 0 0.434165 0 0.434165 0 -3.45597 1.71931 
0 0 0 0 0 0 0 0 0 0 0 0 0 0 0 0.434165 0 0 0 0 0 0 0 0.434165 0 0 0 0.434165 0 0.434165 0.434165 -2.17082 
