64
-0 0 0 0 0 0 0 0 0 0 0 0 0 0 0 0 0 0 0 0 0 0 0 0 0 0 0 0 0 0 0 0 0 0 0 0 0 0 0 0 0 0 0 0 0 0 0 0 0 0 0 0 0 0 0 0 0 0 0 0 0 0 0 0 
0.499627 -2.6794 0 0.435954 0 0.435954 0 0 0 0.435954 0 0 0 0 0 0 0 0.435954 0 0 0 0 0 0 0 0 0 0 0 0 0 0 0 0.435954 0 0 0 0 0 0 0 0 0 0 0 0 0 0 0 0 0 0 0 0 0 0 0 0 0 0 0 0 0 0 
0.499627 0 -2.6794 0.435954 0 0 0.435954 0 0 0 0.435954 0 0 0 0 0 0 0 0.435954 0 0 0 0 0 0 0 0 0 0 0 0 0 0 0 0.435954 0 0 0 0 0 0 0 0 0 0 0 0 0 0 0 0 0 0 0 0 0 0 0 0 0 0 0 0 0 
0 0.499627 0.499627 -4.48689 0 0 0 0.871908 0 0 0 0.871908 0 0 0 0 0 0 0 0.871908 0 0 0 0 0 0 0 0 0 0 0 0 0 0 0 0.871908 0 0 0 0 0 0 0 0 0 0 0 0 0 0 0 0 0 0 0 0 0 0 0 0 0 0 0 0 
0.499627 0 0 0 -2.6794 0.435954 0.435954 0 0 0 0 0 0.435954 0 0 0 0 0 0 0 0.435954 0 0 0 0 0 0 0 0 0 0 0 0 0 0 0 0.435954 0 0 0 0 0 0 0 0 0 0 0 0 0 0 0 0 0 0 0 0 0 0 0 0 0 0 0 
0 0.499627 0 0 0.499627 -4.48689 0 0.871908 0 0 0 0 0 0.871908 0 0 0 0 0 0 0 0.871908 0 0 0 0 0 0 0 0 0 0 0 0 0 0 0 0.871908 0 0 0 0 0 0 0 0 0 0 0 0 0 0 0 0 0 0 0 0 0 0 0 0 0 0 
0 0 0.499627 0 0.499627 0 -4.48689 0.871908 0 0 0 0 0 0 0.871908 0 0 0 0 0 0 0 0.871908 0 0 0 0 0 0 0 0 0 0 0 0 0 0 0 0.871908 0 0 0 0 0 0 0 0 0 0 0 0 0 0 0 0 0 0 0 0 0 0 0 0 0 
0 0 0 0.499627 0 0.499627 0.499627 -5.42247 0 0 0 0 0 0 0 1.30786 0 0 0 0 0 0 0 1.30786 0 0 0 0 0 0 0 0 0 0 0 0 0 0 0 1.30786 0 0 0 0 0 0 0 0 0 0 0 0 0 0 0 0 0 0 0 0 0 0 0 0 
0.499627 0 0 0 0 0 0 0 -2.6794 0.435954 0.435954 0 0.435954 0 0 0 0 0 0 0 0 0 0 0 0.435954 0 0 0 0 0 0 0 0 0 0 0 0 0 0 0 0.435954 0 0 0 0 0 0 0 0 0 0 0 0 0 0 0 0 0 0 0 0 0 0 0 
0 0.499627 0 0 0 0 0 0 0.499627 -4.48689 0 0.871908 0 0.871908 0 0 0 0 0 0 0 0 0 0 0 0.871908 0 0 0 0 0 0 0 0 0 0 0 0 0 0 0 0.871908 0 0 0 0 0 0 0 0 0 0 0 0 0 0 0 0 0 0 0 0 0 0 
0 0 0.499627 0 0 0 0 0 0.499627 0 -4.48689 0.871908 0 0 0.871908 0 0 0 0 0 0 0 0 0 0 0 0.871908 0 0 0 0 0 0 0 0 0 0 0 0 0 0 0 0.871908 0 0 0 0 0 0 0 0 0 0 0 0 0 0 0 0 0 0 0 0 0 
0 0 0 0.499627 0 0 0 0 0 0.499627 0.499627 -5.42247 0 0 0 1.30786 0 0 0 0 0 0 0 0 0 0 0 1.30786 0 0 0 0 0 0 0 0 0 0 0 0 0 0 0 1.30786 0 0 0 0 0 0 0 0 0 0 0 0 0 0 0 0 0 0 0 0 
0 0 0 0 0.499627 0 0 0 0.499627 0 0 0 -4.48689 0.871908 0.871908 0 0 0 0 0 0 0 0 0 0 0 0 0 0.871908 0 0 0 0 0 0 0 0 0 0 0 0 0 0 0 0.871908 0 0 0 0 0 0 0 0 0 0 0 0 0 0 0 0 0 0 0 
0 0 0 0 0 0.499627 0 0 0 0.499627 0 0 0.499627 -5.42247 0 1.30786 0 0 0 0 0 0 0 0 0 0 0 0 0 1.30786 0 0 0 0 0 0 0 0 0 0 0 0 0 0 0 1.30786 0 0 0 0 0 0 0 0 0 0 0 0 0 0 0 0 0 0 
0 0 0 0 0 0 0.499627 0 0 0 0.499627 0 0.499627 0 -5.42247 1.30786 0 0 0 0 0 0 0 0 0 0 0 0 0 0 1.30786 0 0 0 0 0 0 0 0 0 0 0 0 0 0 0 1.30786 0 0 0 0 0 0 0 0 0 0 0 0 0 0 0 0 0 
0 0 0 0 0 0 0 0.499627 0 0 0 0.499627 0 0.499627 0.499627 -5.48614 0 0 0 0 0 0 0 0 0 0 0 0 0 0 0 1.74382 0 0 0 0 0 0 0 0 0 0 0 0 0 0 0 1.74382 0 0 0 0 0 0 0 0 0 0 0 0 0 0 0 0 
0.499627 0 0 0 0 0 0 0 0 0 0 0 0 0 0 0 -2.6794 0.435954 0.435954 0 0.435954 0 0 0 0.435954 0 0 0 0 0 0 0 0 0 0 0 0 0 0 0 0 0 0 0 0 0 0 0 0.435954 0 0 0 0 0 0 0 0 0 0 0 0 0 0 0 
0 0.499627 0 0 0 0 0 0 0 0 0 0 0 0 0 0 0.499627 -4.48689 0 0.871908 0 0.871908 0 0 0 0.871908 0 0 0 0 0 0 0 0 0 0 0 0 0 0 0 0 0 0 0 0 0 0 0 0.871908 0 0 0 0 0 0 0 0 0 0 0 0 0 0 
0 0 0.499627 0 0 0 0 0 0 0 0 0 0 0 0 0 0.499627 0 -4.48689 0.871908 0 0 0.871908 0 0 0 0.871908 0 0 0 0 0 0 0 0 0 0 0 0 0 0 0 0 0 0 0 0 0 0 0 0.871908 0 0 0 0 0 0 0 0 0 0 0 0 0 
0 0 0 0.499627 0 0 0 0 0 0 0 0 0 0 0 0 0 0.499627 0.499627 -5.42247 0 0 0 1.30786 0 0 0 1.30786 0 0 0 0 0 0 0 0 0 0 0 0 0 0 0 0 0 0 0 0 0 0 0 1.30786 0 0 0 0 0 0 0 0 0 0 0 0 
0 0 0 0 0.499627 0 0 0 0 0 0 0 0 0 0 0 0.499627 0 0 0 -4.48689 0.871908 0.871908 0 0 0 0 0 0.871908 0 0 0 0 0 0 0 0 0 0 0 0 0 0 0 0 0 0 0 0 0 0 0 0.871908 0 0 0 0 0 0 0 0 0 0 0 
0 0 0 0 0 0.499627 0 0 0 0 0 0 0 0 0 0 0 0.499627 0 0 0.499627 -5.42247 0 1.30786 0 0 0 0 0 1.30786 0 0 0 0 0 0 0 0 0 0 0 0 0 0 0 0 0 0 0 0 0 0 0 1.30786 0 0 0 0 0 0 0 0 0 0 
0 0 0 0 0 0 0.499627 0 0 0 0 0 0 0 0 0 0 0 0.499627 0 0.499627 0 -5.42247 1.30786 0 0 0 0 0 0 1.30786 0 0 0 0 0 0 0 0 0 0 0 0 0 0 0 0 0 0 0 0 0 0 0 1.30786 0 0 0 0 0 0 0 0 0 
0 0 0 0 0 0 0 0.499627 0 0 0 0 0 0 0 0 0 0 0 0.499627 0 0.499627 0.499627 -5.48614 0 0 0 0 0 0 0 1.74382 0 0 0 0 0 0 0 0 0 0 0 0 0 0 0 0 0 0 0 0 0 0 0 1.74382 0 0 0 0 0 0 0 0 
0 0 0 0 0 0 0 0 0.499627 0 0 0 0 0 0 0 0.499627 0 0 0 0 0 0 0 -4.48689 0.871908 0.871908 0 0.871908 0 0 0 0 0 0 0 0 0 0 0 0 0 0 0 0 0 0 0 0 0 0 0 0 0 0 0 0.871908 0 0 0 0 0 0 0 
0 0 0 0 0 0 0 0 0 0.499627 0 0 0 0 0 0 0 0.499627 0 0 0 0 0 0 0.499627 -5.42247 0 1.30786 0 1.30786 0 0 0 0 0 0 0 0 0 0 0 0 0 0 0 0 0 0 0 0 0 0 0 0 0 0 0 1.30786 0 0 0 0 0 0 
0 0 0 0 0 0 0 0 0 0 0.499627 0 0 0 0 0 0 0 0.499627 0 0 0 0 0 0.499627 0 -5.42247 1.30786 0 0 1.30786 0 0 0 0 0 0 0 0 0 0 0 0 0 0 0 0 0 0 0 0 0 0 0 0 0 0 0 1.30786 0 0 0 0 0 
0 0 0 0 0 0 0 0 0 0 0 0.499627 0 0 0 0 0 0 0 0.499627 0 0 0 0 0 0.499627 0.499627 -5.48614 0 0 0 1.74382 0 0 0 0 0 0 0 0 0 0 0 0 0 0 0 0 0 0 0 0 0 0 0 0 0 0 0 1.74382 0 0 0 0 
0 0 0 0 0 0 0 0 0 0 0 0 0.499627 0 0 0 0 0 0 0 0.499627 0 0 0 0.499627 0 0 0 -5.42247 1.30786 1.30786 0 0 0 0 0 0 0 0 0 0 0 0 0 0 0 0 0 0 0 0 0 0 0 0 0 0 0 0 0 1.30786 0 0 0 
0 0 0 0 0 0 0 0 0 0 0 0 0 0.499627 0 0 0 0 0 0 0 0.499627 0 0 0 0.499627 0 0 0.499627 -5.48614 0 1.74382 0 0 0 0 0 0 0 0 0 0 0 0 0 0 0 0 0 0 0 0 0 0 0 0 0 0 0 0 0 1.74382 0 0 
0 0 0 0 0 0 0 0 0 0 0 0 0 0 0.499627 0 0 0 0 0 0 0 0.499627 0 0 0 0.499627 0 0.499627 0 -5.48614 1.74382 0 0 0 0 0 0 0 0 0 0 0 0 0 0 0 0 0 0 0 0 0 0 0 0 0 0 0 0 0 0 1.74382 0 
0 0 0 0 0 0 0 0 0 0 0 0 0 0 0 0.499627 0 0 0 0 0 0 0 0.499627 0 0 0 0.499627 0 0.499627 0.499627 -4.67791 0 0 0 0 0 0 0 0 0 0 0 0 0 0 0 0 0 0 0 0 0 0 0 0 0 0 0 0 0 0 0 2.17977 
0.499627 0 0 0 0 0 0 0 0 0 0 0 0 0 0 0 0 0 0 0 0 0 0 0 0 0 0 0 0 0 0 0 -2.6794 0.435954 0.435954 0 0.435954 0 0 0 0.435954 0 0 0 0 0 0 0 0.435954 0 0 0 0 0 0 0 0 0 0 0 0 0 0 0 
0 0.499627 0 0 0 0 0 0 0 0 0 0 0 0 0 0 0 0 0 0 0 0 0 0 0 0 0 0 0 0 0 0 0.499627 -4.48689 0 0.871908 0 0.871908 0 0 0 0.871908 0 0 0 0 0 0 0 0.871908 0 0 0 0 0 0 0 0 0 0 0 0 0 0 
0 0 0.499627 0 0 0 0 0 0 0 0 0 0 0 0 0 0 0 0 0 0 0 0 0 0 0 0 0 0 0 0 0 0.499627 0 -4.48689 0.871908 0 0 0.871908 0 0 0 0.871908 0 0 0 0 0 0 0 0.871908 0 0 0 0 0 0 0 0 0 0 0 0 0 
0 0 0 0.499627 0 0 0 0 0 0 0 0 0 0 0 0 0 0 0 0 0 0 0 0 0 0 0 0 0 0 0 0 0 0.499627 0.499627 -5.42247 0 0 0 1.30786 0 0 0 1.30786 0 0 0 0 0 0 0 1.30786 0 0 0 0 0 0 0 0 0 0 0 0 
0 0 0 0 0.499627 0 0 0 0 0 0 0 0 0 0 0 0 0 0 0 0 0 0 0 0 0 0 0 0 0 0 0 0.499627 0 0 0 -4.48689 0.871908 0.871908 0 0 0 0 0 0.871908 0 0 0 0 0 0 0 0.871908 0 0 0 0 0 0 0 0 0 0 0 
0 0 0 0 0 0.499627 0 0 0 0 0 0 0 0 0 0 0 0 0 0 0 0 0 0 0 0 0 0 0 0 0 0 0 0.499627 0 0 0.499627 -5.42247 0 1.30786 0 0 0 0 0 1.30786 0 0 0 0 0 0 0 1.30786 0 0 0 0 0 0 0 0 0 0 
0 0 0 0 0 0 0.499627 0 0 0 0 0 0 0 0 0 0 0 0 0 0 0 0 0 0 0 0 0 0 0 0 0 0 0 0.499627 0 0.499627 0 -5.42247 1.30786 0 0 0 0 0 0 1.30786 0 0 0 0 0 0 0 1.30786 0 0 0 0 0 0 0 0 0 
0 0 0 0 0 0 0 0.499627 0 0 0 0 0 0 0 0 0 0 0 0 0 0 0 0 0 0 0 0 0 0 0 0 0 0 0 0.499627 0 0.499627 0.499627 -5.48614 0 0 0 0 0 0 0 1.74382 0 0 0 0 0 0 0 1.74382 0 0 0 0 0 0 0 0 
0 0 0 0 0 0 0 0 0.499627 0 0 0 0 0 0 0 0 0 0 0 0 0 0 0 0 0 0 0 0 0 0 0 0.499627 0 0 0 0 0 0 0 -4.48689 0.871908 0.871908 0 0.871908 0 0 0 0 0 0 0 0 0 0 0 0.871908 0 0 0 0 0 0 0 
0 0 0 0 0 0 0 0 0 0.499627 0 0 0 0 0 0 0 0 0 0 0 0 0 0 0 0 0 0 0 0 0 0 0 0.499627 0 0 0 0 0 0 0.499627 -5.42247 0 1.30786 0 1.30786 0 0 0 0 0 0 0 0 0 0 0 1.30786 0 0 0 0 0 0 
0 0 0 0 0 0 0 0 0 0 0.499627 0 0 0 0 0 0 0 0 0 0 0 0 0 0 0 0 0 0 0 0 0 0 0 0.499627 0 0 0 0 0 0.499627 0 -5.42247 1.30786 0 0 1.30786 0 0 0 0 0 0 0 0 0 0 0 1.30786 0 0 0 0 0 
0 0 0 0 0 0 0 0 0 0 0 0.499627 0 0 0 0 0 0 0 0 0 0 0 0 0 0 0 0 0 0 0 0 0 0 0 0.499627 0 0 0 0 0 0.499627 0.499627 -5.48614 0 0 0 1.74382 0 0 0 0 0 0 0 0 0 0 0 1.74382 0 0 0 0 
0 0 0 0 0 0 0 0 0 0 0 0 0.499627 0 0 0 0 0 0 0 0 0 0 0 0 0 0 0 0 0 0 0 0 0 0 0 0.499627 0 0 0 0.499627 0 0 0 -5.42247 1.30786 1.30786 0 0 0 0 0 0 0 0 0 0 0 0 0 1.30786 0 0 0 
0 0 0 0 0 0 0 0 0 0 0 0 0 0.499627 0 0 0 0 0 0 0 0 0 0 0 0 0 0 0 0 0 0 0 0 0 0 0 0.499627 0 0 0 0.499627 0 0 0.499627 -5.48614 0 1.74382 0 0 0 0 0 0 0 0 0 0 0 0 0 1.74382 0 0 
0 0 0 0 0 0 0 0 0 0 0 0 0 0 0.499627 0 0 0 0 0 0 0 0 0 0 0 0 0 0 0 0 0 0 0 0 0 0 0 0.499627 0 0 0 0.499627 0 0.499627 0 -5.48614 1.74382 0 0 0 0 0 0 0 0 0 0 0 0 0 0 1.74382 0 
0 0 0 0 0 0 0 0 0 0 0 0 0 0 0 0.499627 0 0 0 0 0 0 0 0 0 0 0 0 0 0 0 0 0 0 0 0 0 0 0 0.499627 0 0 0 0.499627 0 0.499627 0.499627 -4.67791 0 0 0 0 0 0 0 0 0 0 0 0 0 0 0 2.17977 
0 0 0 0 0 0 0 0 0 0 0 0 0 0 0 0 0.499627 0 0 0 0 0 0 0 0 0 0 0 0 0 0 0 0.499627 0 0 0 0 0 0 0 0 0 0 0 0 0 0 0 -4.48689 0.871908 0.871908 0 0.871908 0 0 0 0.871908 0 0 0 0 0 0 0 
0 0 0 0 0 0 0 0 0 0 0 0 0 0 0 0 0 0.499627 0 0 0 0 0 0 0 0 0 0 0 0 0 0 0 0.499627 0 0 0 0 0 0 0 0 0 0 0 0 0 0 0.499627 -5.42247 0 1.30786 0 1.30786 0 0 0 1.30786 0 0 0 0 0 0 
0 0 0 0 0 0 0 0 0 0 0 0 0 0 0 0 0 0 0.499627 0 0 0 0 0 0 0 0 0 0 0 0 0 0 0 0.499627 0 0 0 0 0 0 0 0 0 0 0 0 0 0.499627 0 -5.42247 1.30786 0 0 1.30786 0 0 0 1.30786 0 0 0 0 0 
0 0 0 0 0 0 0 0 0 0 0 0 0 0 0 0 0 0 0 0.499627 0 0 0 0 0 0 0 0 0 0 0 0 0 0 0 0.499627 0 0 0 0 0 0 0 0 0 0 0 0 0 0.499627 0.499627 -5.48614 0 0 0 1.74382 0 0 0 1.74382 0 0 0 0 
0 0 0 0 0 0 0 0 0 0 0 0 0 0 0 0 0 0 0 0 0.499627 0 0 0 0 0 0 0 0 0 0 0 0 0 0 0 0.499627 0 0 0 0 0 0 0 0 0 0 0 0.499627 0 0 0 -5.42247 1.30786 1.30786 0 0 0 0 0 1.30786 0 0 0 
0 0 0 0 0 0 0 0 0 0 0 0 0 0 0 0 0 0 0 0 0 0.499627 0 0 0 0 0 0 0 0 0 0 0 0 0 0 0 0.499627 0 0 0 0 0 0 0 0 0 0 0 0.499627 0 0 0.499627 -5.48614 0 1.74382 0 0 0 0 0 1.74382 0 0 
0 0 0 0 0 0 0 0 0 0 0 0 0 0 0 0 0 0 0 0 0 0 0.499627 0 0 0 0 0 0 0 0 0 0 0 0 0 0 0 0.499627 0 0 0 0 0 0 0 0 0 0 0 0.499627 0 0.499627 0 -5.48614 1.74382 0 0 0 0 0 0 1.74382 0 
0 0 0 0 0 0 0 0 0 0 0 0 0 0 0 0 0 0 0 0 0 0 0 0.499627 0 0 0 0 0 0 0 0 0 0 0 0 0 0 0 0.499627 0 0 0 0 0 0 0 0 0 0 0 0.499627 0 0.499627 0.499627 -4.67791 0 0 0 0 0 0 0 2.17977 
0 0 0 0 0 0 0 0 0 0 0 0 0 0 0 0 0 0 0 0 0 0 0 0 0.499627 0 0 0 0 0 0 0 0 0 0 0 0 0 0 0 0.499627 0 0 0 0 0 0 0 0.499627 0 0 0 0 0 0 0 -5.42247 1.30786 1.30786 0 1.30786 0 0 0 
0 0 0 0 0 0 0 0 0 0 0 0 0 0 0 0 0 0 0 0 0 0 0 0 0 0.499627 0 0 0 0 0 0 0 0 0 0 0 0 0 0 0 0.499627 0 0 0 0 0 0 0 0.499627 0 0 0 0 0 0 0.499627 -5.48614 0 1.74382 0 1.74382 0 0 
0 0 0 0 0 0 0 0 0 0 0 0 0 0 0 0 0 0 0 0 0 0 0 0 0 0 0.499627 0 0 0 0 0 0 0 0 0 0 0 0 0 0 0 0.499627 0 0 0 0 0 0 0 0.499627 0 0 0 0 0 0.499627 0 -5.48614 1.74382 0 0 1.74382 0 
0 0 0 0 0 0 0 0 0 0 0 0 0 0 0 0 0 0 0 0 0 0 0 0 0 0 0 0.499627 0 0 0 0 0 0 0 0 0 0 0 0 0 0 0 0.499627 0 0 0 0 0 0 0 0.499627 0 0 0 0 0 0.499627 0.499627 -4.67791 0 0 0 2.17977 
0 0 0 0 0 0 0 0 0 0 0 0 0 0 0 0 0 0 0 0 0 0 0 0 0 0 0 0 0.499627 0 0 0 0 0 0 0 0 0 0 0 0 0 0 0 0.499627 0 0 0 0 0 0 0 0.499627 0 0 0 0.499627 0 0 0 -5.48614 1.74382 1.74382 0 
0 0 0 0 0 0 0 0 0 0 0 0 0 0 0 0 0 0 0 0 0 0 0 0 0 0 0 0 0 0.499627 0 0 0 0 0 0 0 0 0 0 0 0 0 0 0 0.499627 0 0 0 0 0 0 0 0.499627 0 0 0 0.499627 0 0 0.499627 -4.67791 0 2.17977 
0 0 0 0 0 0 0 0 0 0 0 0 0 0 0 0 0 0 0 0 0 0 0 0 0 0 0 0 0 0 0.499627 0 0 0 0 0 0 0 0 0 0 0 0 0 0 0 0.499627 0 0 0 0 0 0 0 0.499627 0 0 0 0.499627 0 0.499627 0 -4.67791 2.17977 
0 0 0 0 0 0 0 0 0 0 0 0 0 0 0 0 0 0 0 0 0 0 0 0 0 0 0 0 0 0 0 0.499627 0 0 0 0 0 0 0 0 0 0 0 0 0 0 0 0.499627 0 0 0 0 0 0 0 0.499627 0 0 0 0.499627 0 0.499627 0.499627 -2.99776 
