64
-0 0 0 0 0 0 0 0 0 0 0 0 0 0 0 0 0 0 0 0 0 0 0 0 0 0 0 0 0 0 0 0 0 0 0 0 0 0 0 0 0 0 0 0 0 0 0 0 0 0 0 0 0 0 0 0 0 0 0 0 0 0 0 0 
0.803331 -4.26603 0 0.69254 0 0.69254 0 0 0 0.69254 0 0 0 0 0 0 0 0.69254 0 0 0 0 0 0 0 0 0 0 0 0 0 0 0 0.69254 0 0 0 0 0 0 0 0 0 0 0 0 0 0 0 0 0 0 0 0 0 0 0 0 0 0 0 0 0 0 
0.803331 0 -4.26603 0.69254 0 0 0.69254 0 0 0 0.69254 0 0 0 0 0 0 0 0.69254 0 0 0 0 0 0 0 0 0 0 0 0 0 0 0 0.69254 0 0 0 0 0 0 0 0 0 0 0 0 0 0 0 0 0 0 0 0 0 0 0 0 0 0 0 0 0 
0 0.803331 0.803331 -7.14698 0 0 0 1.38508 0 0 0 1.38508 0 0 0 0 0 0 0 1.38508 0 0 0 0 0 0 0 0 0 0 0 0 0 0 0 1.38508 0 0 0 0 0 0 0 0 0 0 0 0 0 0 0 0 0 0 0 0 0 0 0 0 0 0 0 0 
0.803331 0 0 0 -4.26603 0.69254 0.69254 0 0 0 0 0 0.69254 0 0 0 0 0 0 0 0.69254 0 0 0 0 0 0 0 0 0 0 0 0 0 0 0 0.69254 0 0 0 0 0 0 0 0 0 0 0 0 0 0 0 0 0 0 0 0 0 0 0 0 0 0 0 
0 0.803331 0 0 0.803331 -7.14698 0 1.38508 0 0 0 0 0 1.38508 0 0 0 0 0 0 0 1.38508 0 0 0 0 0 0 0 0 0 0 0 0 0 0 0 1.38508 0 0 0 0 0 0 0 0 0 0 0 0 0 0 0 0 0 0 0 0 0 0 0 0 0 0 
0 0 0.803331 0 0.803331 0 -7.14698 1.38508 0 0 0 0 0 0 1.38508 0 0 0 0 0 0 0 1.38508 0 0 0 0 0 0 0 0 0 0 0 0 0 0 0 1.38508 0 0 0 0 0 0 0 0 0 0 0 0 0 0 0 0 0 0 0 0 0 0 0 0 0 
0 0 0 0.803331 0 0.803331 0.803331 -8.64285 0 0 0 0 0 0 0 2.07762 0 0 0 0 0 0 0 2.07762 0 0 0 0 0 0 0 0 0 0 0 0 0 0 0 2.07762 0 0 0 0 0 0 0 0 0 0 0 0 0 0 0 0 0 0 0 0 0 0 0 0 
0.803331 0 0 0 0 0 0 0 -4.26603 0.69254 0.69254 0 0.69254 0 0 0 0 0 0 0 0 0 0 0 0.69254 0 0 0 0 0 0 0 0 0 0 0 0 0 0 0 0.69254 0 0 0 0 0 0 0 0 0 0 0 0 0 0 0 0 0 0 0 0 0 0 0 
0 0.803331 0 0 0 0 0 0 0.803331 -7.14698 0 1.38508 0 1.38508 0 0 0 0 0 0 0 0 0 0 0 1.38508 0 0 0 0 0 0 0 0 0 0 0 0 0 0 0 1.38508 0 0 0 0 0 0 0 0 0 0 0 0 0 0 0 0 0 0 0 0 0 0 
0 0 0.803331 0 0 0 0 0 0.803331 0 -7.14698 1.38508 0 0 1.38508 0 0 0 0 0 0 0 0 0 0 0 1.38508 0 0 0 0 0 0 0 0 0 0 0 0 0 0 0 1.38508 0 0 0 0 0 0 0 0 0 0 0 0 0 0 0 0 0 0 0 0 0 
0 0 0 0.803331 0 0 0 0 0 0.803331 0.803331 -8.64285 0 0 0 2.07762 0 0 0 0 0 0 0 0 0 0 0 2.07762 0 0 0 0 0 0 0 0 0 0 0 0 0 0 0 2.07762 0 0 0 0 0 0 0 0 0 0 0 0 0 0 0 0 0 0 0 0 
0 0 0 0 0.803331 0 0 0 0.803331 0 0 0 -7.14698 1.38508 1.38508 0 0 0 0 0 0 0 0 0 0 0 0 0 1.38508 0 0 0 0 0 0 0 0 0 0 0 0 0 0 0 1.38508 0 0 0 0 0 0 0 0 0 0 0 0 0 0 0 0 0 0 0 
0 0 0 0 0 0.803331 0 0 0 0.803331 0 0 0.803331 -8.64285 0 2.07762 0 0 0 0 0 0 0 0 0 0 0 0 0 2.07762 0 0 0 0 0 0 0 0 0 0 0 0 0 0 0 2.07762 0 0 0 0 0 0 0 0 0 0 0 0 0 0 0 0 0 0 
0 0 0 0 0 0 0.803331 0 0 0 0.803331 0 0.803331 0 -8.64285 2.07762 0 0 0 0 0 0 0 0 0 0 0 0 0 0 2.07762 0 0 0 0 0 0 0 0 0 0 0 0 0 0 0 2.07762 0 0 0 0 0 0 0 0 0 0 0 0 0 0 0 0 0 
0 0 0 0 0 0 0 0.803331 0 0 0 0.803331 0 0.803331 0.803331 -8.75364 0 0 0 0 0 0 0 0 0 0 0 0 0 0 0 2.77016 0 0 0 0 0 0 0 0 0 0 0 0 0 0 0 2.77016 0 0 0 0 0 0 0 0 0 0 0 0 0 0 0 0 
0.803331 0 0 0 0 0 0 0 0 0 0 0 0 0 0 0 -4.26603 0.69254 0.69254 0 0.69254 0 0 0 0.69254 0 0 0 0 0 0 0 0 0 0 0 0 0 0 0 0 0 0 0 0 0 0 0 0.69254 0 0 0 0 0 0 0 0 0 0 0 0 0 0 0 
0 0.803331 0 0 0 0 0 0 0 0 0 0 0 0 0 0 0.803331 -7.14698 0 1.38508 0 1.38508 0 0 0 1.38508 0 0 0 0 0 0 0 0 0 0 0 0 0 0 0 0 0 0 0 0 0 0 0 1.38508 0 0 0 0 0 0 0 0 0 0 0 0 0 0 
0 0 0.803331 0 0 0 0 0 0 0 0 0 0 0 0 0 0.803331 0 -7.14698 1.38508 0 0 1.38508 0 0 0 1.38508 0 0 0 0 0 0 0 0 0 0 0 0 0 0 0 0 0 0 0 0 0 0 0 1.38508 0 0 0 0 0 0 0 0 0 0 0 0 0 
0 0 0 0.803331 0 0 0 0 0 0 0 0 0 0 0 0 0 0.803331 0.803331 -8.64285 0 0 0 2.07762 0 0 0 2.07762 0 0 0 0 0 0 0 0 0 0 0 0 0 0 0 0 0 0 0 0 0 0 0 2.07762 0 0 0 0 0 0 0 0 0 0 0 0 
0 0 0 0 0.803331 0 0 0 0 0 0 0 0 0 0 0 0.803331 0 0 0 -7.14698 1.38508 1.38508 0 0 0 0 0 1.38508 0 0 0 0 0 0 0 0 0 0 0 0 0 0 0 0 0 0 0 0 0 0 0 1.38508 0 0 0 0 0 0 0 0 0 0 0 
0 0 0 0 0 0.803331 0 0 0 0 0 0 0 0 0 0 0 0.803331 0 0 0.803331 -8.64285 0 2.07762 0 0 0 0 0 2.07762 0 0 0 0 0 0 0 0 0 0 0 0 0 0 0 0 0 0 0 0 0 0 0 2.07762 0 0 0 0 0 0 0 0 0 0 
0 0 0 0 0 0 0.803331 0 0 0 0 0 0 0 0 0 0 0 0.803331 0 0.803331 0 -8.64285 2.07762 0 0 0 0 0 0 2.07762 0 0 0 0 0 0 0 0 0 0 0 0 0 0 0 0 0 0 0 0 0 0 0 2.07762 0 0 0 0 0 0 0 0 0 
0 0 0 0 0 0 0 0.803331 0 0 0 0 0 0 0 0 0 0 0 0.803331 0 0.803331 0.803331 -8.75364 0 0 0 0 0 0 0 2.77016 0 0 0 0 0 0 0 0 0 0 0 0 0 0 0 0 0 0 0 0 0 0 0 2.77016 0 0 0 0 0 0 0 0 
0 0 0 0 0 0 0 0 0.803331 0 0 0 0 0 0 0 0.803331 0 0 0 0 0 0 0 -7.14698 1.38508 1.38508 0 1.38508 0 0 0 0 0 0 0 0 0 0 0 0 0 0 0 0 0 0 0 0 0 0 0 0 0 0 0 1.38508 0 0 0 0 0 0 0 
0 0 0 0 0 0 0 0 0 0.803331 0 0 0 0 0 0 0 0.803331 0 0 0 0 0 0 0.803331 -8.64285 0 2.07762 0 2.07762 0 0 0 0 0 0 0 0 0 0 0 0 0 0 0 0 0 0 0 0 0 0 0 0 0 0 0 2.07762 0 0 0 0 0 0 
0 0 0 0 0 0 0 0 0 0 0.803331 0 0 0 0 0 0 0 0.803331 0 0 0 0 0 0.803331 0 -8.64285 2.07762 0 0 2.07762 0 0 0 0 0 0 0 0 0 0 0 0 0 0 0 0 0 0 0 0 0 0 0 0 0 0 0 2.07762 0 0 0 0 0 
0 0 0 0 0 0 0 0 0 0 0 0.803331 0 0 0 0 0 0 0 0.803331 0 0 0 0 0 0.803331 0.803331 -8.75364 0 0 0 2.77016 0 0 0 0 0 0 0 0 0 0 0 0 0 0 0 0 0 0 0 0 0 0 0 0 0 0 0 2.77016 0 0 0 0 
0 0 0 0 0 0 0 0 0 0 0 0 0.803331 0 0 0 0 0 0 0 0.803331 0 0 0 0.803331 0 0 0 -8.64285 2.07762 2.07762 0 0 0 0 0 0 0 0 0 0 0 0 0 0 0 0 0 0 0 0 0 0 0 0 0 0 0 0 0 2.07762 0 0 0 
0 0 0 0 0 0 0 0 0 0 0 0 0 0.803331 0 0 0 0 0 0 0 0.803331 0 0 0 0.803331 0 0 0.803331 -8.75364 0 2.77016 0 0 0 0 0 0 0 0 0 0 0 0 0 0 0 0 0 0 0 0 0 0 0 0 0 0 0 0 0 2.77016 0 0 
0 0 0 0 0 0 0 0 0 0 0 0 0 0 0.803331 0 0 0 0 0 0 0 0.803331 0 0 0 0.803331 0 0.803331 0 -8.75364 2.77016 0 0 0 0 0 0 0 0 0 0 0 0 0 0 0 0 0 0 0 0 0 0 0 0 0 0 0 0 0 0 2.77016 0 
0 0 0 0 0 0 0 0 0 0 0 0 0 0 0 0.803331 0 0 0 0 0 0 0 0.803331 0 0 0 0.803331 0 0.803331 0.803331 -7.47935 0 0 0 0 0 0 0 0 0 0 0 0 0 0 0 0 0 0 0 0 0 0 0 0 0 0 0 0 0 0 0 3.4627 
0.803331 0 0 0 0 0 0 0 0 0 0 0 0 0 0 0 0 0 0 0 0 0 0 0 0 0 0 0 0 0 0 0 -4.26603 0.69254 0.69254 0 0.69254 0 0 0 0.69254 0 0 0 0 0 0 0 0.69254 0 0 0 0 0 0 0 0 0 0 0 0 0 0 0 
0 0.803331 0 0 0 0 0 0 0 0 0 0 0 0 0 0 0 0 0 0 0 0 0 0 0 0 0 0 0 0 0 0 0.803331 -7.14698 0 1.38508 0 1.38508 0 0 0 1.38508 0 0 0 0 0 0 0 1.38508 0 0 0 0 0 0 0 0 0 0 0 0 0 0 
0 0 0.803331 0 0 0 0 0 0 0 0 0 0 0 0 0 0 0 0 0 0 0 0 0 0 0 0 0 0 0 0 0 0.803331 0 -7.14698 1.38508 0 0 1.38508 0 0 0 1.38508 0 0 0 0 0 0 0 1.38508 0 0 0 0 0 0 0 0 0 0 0 0 0 
0 0 0 0.803331 0 0 0 0 0 0 0 0 0 0 0 0 0 0 0 0 0 0 0 0 0 0 0 0 0 0 0 0 0 0.803331 0.803331 -8.64285 0 0 0 2.07762 0 0 0 2.07762 0 0 0 0 0 0 0 2.07762 0 0 0 0 0 0 0 0 0 0 0 0 
0 0 0 0 0.803331 0 0 0 0 0 0 0 0 0 0 0 0 0 0 0 0 0 0 0 0 0 0 0 0 0 0 0 0.803331 0 0 0 -7.14698 1.38508 1.38508 0 0 0 0 0 1.38508 0 0 0 0 0 0 0 1.38508 0 0 0 0 0 0 0 0 0 0 0 
0 0 0 0 0 0.803331 0 0 0 0 0 0 0 0 0 0 0 0 0 0 0 0 0 0 0 0 0 0 0 0 0 0 0 0.803331 0 0 0.803331 -8.64285 0 2.07762 0 0 0 0 0 2.07762 0 0 0 0 0 0 0 2.07762 0 0 0 0 0 0 0 0 0 0 
0 0 0 0 0 0 0.803331 0 0 0 0 0 0 0 0 0 0 0 0 0 0 0 0 0 0 0 0 0 0 0 0 0 0 0 0.803331 0 0.803331 0 -8.64285 2.07762 0 0 0 0 0 0 2.07762 0 0 0 0 0 0 0 2.07762 0 0 0 0 0 0 0 0 0 
0 0 0 0 0 0 0 0.803331 0 0 0 0 0 0 0 0 0 0 0 0 0 0 0 0 0 0 0 0 0 0 0 0 0 0 0 0.803331 0 0.803331 0.803331 -8.75364 0 0 0 0 0 0 0 2.77016 0 0 0 0 0 0 0 2.77016 0 0 0 0 0 0 0 0 
0 0 0 0 0 0 0 0 0.803331 0 0 0 0 0 0 0 0 0 0 0 0 0 0 0 0 0 0 0 0 0 0 0 0.803331 0 0 0 0 0 0 0 -7.14698 1.38508 1.38508 0 1.38508 0 0 0 0 0 0 0 0 0 0 0 1.38508 0 0 0 0 0 0 0 
0 0 0 0 0 0 0 0 0 0.803331 0 0 0 0 0 0 0 0 0 0 0 0 0 0 0 0 0 0 0 0 0 0 0 0.803331 0 0 0 0 0 0 0.803331 -8.64285 0 2.07762 0 2.07762 0 0 0 0 0 0 0 0 0 0 0 2.07762 0 0 0 0 0 0 
0 0 0 0 0 0 0 0 0 0 0.803331 0 0 0 0 0 0 0 0 0 0 0 0 0 0 0 0 0 0 0 0 0 0 0 0.803331 0 0 0 0 0 0.803331 0 -8.64285 2.07762 0 0 2.07762 0 0 0 0 0 0 0 0 0 0 0 2.07762 0 0 0 0 0 
0 0 0 0 0 0 0 0 0 0 0 0.803331 0 0 0 0 0 0 0 0 0 0 0 0 0 0 0 0 0 0 0 0 0 0 0 0.803331 0 0 0 0 0 0.803331 0.803331 -8.75364 0 0 0 2.77016 0 0 0 0 0 0 0 0 0 0 0 2.77016 0 0 0 0 
0 0 0 0 0 0 0 0 0 0 0 0 0.803331 0 0 0 0 0 0 0 0 0 0 0 0 0 0 0 0 0 0 0 0 0 0 0 0.803331 0 0 0 0.803331 0 0 0 -8.64285 2.07762 2.07762 0 0 0 0 0 0 0 0 0 0 0 0 0 2.07762 0 0 0 
0 0 0 0 0 0 0 0 0 0 0 0 0 0.803331 0 0 0 0 0 0 0 0 0 0 0 0 0 0 0 0 0 0 0 0 0 0 0 0.803331 0 0 0 0.803331 0 0 0.803331 -8.75364 0 2.77016 0 0 0 0 0 0 0 0 0 0 0 0 0 2.77016 0 0 
0 0 0 0 0 0 0 0 0 0 0 0 0 0 0.803331 0 0 0 0 0 0 0 0 0 0 0 0 0 0 0 0 0 0 0 0 0 0 0 0.803331 0 0 0 0.803331 0 0.803331 0 -8.75364 2.77016 0 0 0 0 0 0 0 0 0 0 0 0 0 0 2.77016 0 
0 0 0 0 0 0 0 0 0 0 0 0 0 0 0 0.803331 0 0 0 0 0 0 0 0 0 0 0 0 0 0 0 0 0 0 0 0 0 0 0 0.803331 0 0 0 0.803331 0 0.803331 0.803331 -7.47935 0 0 0 0 0 0 0 0 0 0 0 0 0 0 0 3.4627 
0 0 0 0 0 0 0 0 0 0 0 0 0 0 0 0 0.803331 0 0 0 0 0 0 0 0 0 0 0 0 0 0 0 0.803331 0 0 0 0 0 0 0 0 0 0 0 0 0 0 0 -7.14698 1.38508 1.38508 0 1.38508 0 0 0 1.38508 0 0 0 0 0 0 0 
0 0 0 0 0 0 0 0 0 0 0 0 0 0 0 0 0 0.803331 0 0 0 0 0 0 0 0 0 0 0 0 0 0 0 0.803331 0 0 0 0 0 0 0 0 0 0 0 0 0 0 0.803331 -8.64285 0 2.07762 0 2.07762 0 0 0 2.07762 0 0 0 0 0 0 
0 0 0 0 0 0 0 0 0 0 0 0 0 0 0 0 0 0 0.803331 0 0 0 0 0 0 0 0 0 0 0 0 0 0 0 0.803331 0 0 0 0 0 0 0 0 0 0 0 0 0 0.803331 0 -8.64285 2.07762 0 0 2.07762 0 0 0 2.07762 0 0 0 0 0 
0 0 0 0 0 0 0 0 0 0 0 0 0 0 0 0 0 0 0 0.803331 0 0 0 0 0 0 0 0 0 0 0 0 0 0 0 0.803331 0 0 0 0 0 0 0 0 0 0 0 0 0 0.803331 0.803331 -8.75364 0 0 0 2.77016 0 0 0 2.77016 0 0 0 0 
0 0 0 0 0 0 0 0 0 0 0 0 0 0 0 0 0 0 0 0 0.803331 0 0 0 0 0 0 0 0 0 0 0 0 0 0 0 0.803331 0 0 0 0 0 0 0 0 0 0 0 0.803331 0 0 0 -8.64285 2.07762 2.07762 0 0 0 0 0 2.07762 0 0 0 
0 0 0 0 0 0 0 0 0 0 0 0 0 0 0 0 0 0 0 0 0 0.803331 0 0 0 0 0 0 0 0 0 0 0 0 0 0 0 0.803331 0 0 0 0 0 0 0 0 0 0 0 0.803331 0 0 0.803331 -8.75364 0 2.77016 0 0 0 0 0 2.77016 0 0 
0 0 0 0 0 0 0 0 0 0 0 0 0 0 0 0 0 0 0 0 0 0 0.803331 0 0 0 0 0 0 0 0 0 0 0 0 0 0 0 0.803331 0 0 0 0 0 0 0 0 0 0 0 0.803331 0 0.803331 0 -8.75364 2.77016 0 0 0 0 0 0 2.77016 0 
0 0 0 0 0 0 0 0 0 0 0 0 0 0 0 0 0 0 0 0 0 0 0 0.803331 0 0 0 0 0 0 0 0 0 0 0 0 0 0 0 0.803331 0 0 0 0 0 0 0 0 0 0 0 0.803331 0 0.803331 0.803331 -7.47935 0 0 0 0 0 0 0 3.4627 
0 0 0 0 0 0 0 0 0 0 0 0 0 0 0 0 0 0 0 0 0 0 0 0 0.803331 0 0 0 0 0 0 0 0 0 0 0 0 0 0 0 0.803331 0 0 0 0 0 0 0 0.803331 0 0 0 0 0 0 0 -8.64285 2.07762 2.07762 0 2.07762 0 0 0 
0 0 0 0 0 0 0 0 0 0 0 0 0 0 0 0 0 0 0 0 0 0 0 0 0 0.803331 0 0 0 0 0 0 0 0 0 0 0 0 0 0 0 0.803331 0 0 0 0 0 0 0 0.803331 0 0 0 0 0 0 0.803331 -8.75364 0 2.77016 0 2.77016 0 0 
0 0 0 0 0 0 0 0 0 0 0 0 0 0 0 0 0 0 0 0 0 0 0 0 0 0 0.803331 0 0 0 0 0 0 0 0 0 0 0 0 0 0 0 0.803331 0 0 0 0 0 0 0 0.803331 0 0 0 0 0 0.803331 0 -8.75364 2.77016 0 0 2.77016 0 
0 0 0 0 0 0 0 0 0 0 0 0 0 0 0 0 0 0 0 0 0 0 0 0 0 0 0 0.803331 0 0 0 0 0 0 0 0 0 0 0 0 0 0 0 0.803331 0 0 0 0 0 0 0 0.803331 0 0 0 0 0 0.803331 0.803331 -7.47935 0 0 0 3.4627 
0 0 0 0 0 0 0 0 0 0 0 0 0 0 0 0 0 0 0 0 0 0 0 0 0 0 0 0 0.803331 0 0 0 0 0 0 0 0 0 0 0 0 0 0 0 0.803331 0 0 0 0 0 0 0 0.803331 0 0 0 0.803331 0 0 0 -8.75364 2.77016 2.77016 0 
0 0 0 0 0 0 0 0 0 0 0 0 0 0 0 0 0 0 0 0 0 0 0 0 0 0 0 0 0 0.803331 0 0 0 0 0 0 0 0 0 0 0 0 0 0 0 0.803331 0 0 0 0 0 0 0 0.803331 0 0 0 0.803331 0 0 0.803331 -7.47935 0 3.4627 
0 0 0 0 0 0 0 0 0 0 0 0 0 0 0 0 0 0 0 0 0 0 0 0 0 0 0 0 0 0 0.803331 0 0 0 0 0 0 0 0 0 0 0 0 0 0 0 0.803331 0 0 0 0 0 0 0 0.803331 0 0 0 0.803331 0 0.803331 0 -7.47935 3.4627 
0 0 0 0 0 0 0 0 0 0 0 0 0 0 0 0 0 0 0 0 0 0 0 0 0 0 0 0 0 0 0 0.803331 0 0 0 0 0 0 0 0 0 0 0 0 0 0 0 0.803331 0 0 0 0 0 0 0 0.803331 0 0 0 0.803331 0 0.803331 0.803331 -4.81998 
