64
-0 0 0 0 0 0 0 0 0 0 0 0 0 0 0 0 0 0 0 0 0 0 0 0 0 0 0 0 0 0 0 0 0 0 0 0 0 0 0 0 0 0 0 0 0 0 0 0 0 0 0 0 0 0 0 0 0 0 0 0 0 0 0 0 
0.592326 -2.95553 0 0.472641 0 0.472641 0 0 0 0.472641 0 0 0 0 0 0 0 0.472641 0 0 0 0 0 0 0 0 0 0 0 0 0 0 0 0.472641 0 0 0 0 0 0 0 0 0 0 0 0 0 0 0 0 0 0 0 0 0 0 0 0 0 0 0 0 0 0 
0.592326 0 -2.95553 0.472641 0 0 0.472641 0 0 0 0.472641 0 0 0 0 0 0 0 0.472641 0 0 0 0 0 0 0 0 0 0 0 0 0 0 0 0.472641 0 0 0 0 0 0 0 0 0 0 0 0 0 0 0 0 0 0 0 0 0 0 0 0 0 0 0 0 0 
0 0.592326 0.592326 -4.96578 0 0 0 0.945283 0 0 0 0.945283 0 0 0 0 0 0 0 0.945283 0 0 0 0 0 0 0 0 0 0 0 0 0 0 0 0.945283 0 0 0 0 0 0 0 0 0 0 0 0 0 0 0 0 0 0 0 0 0 0 0 0 0 0 0 0 
0.592326 0 0 0 -2.95553 0.472641 0.472641 0 0 0 0 0 0.472641 0 0 0 0 0 0 0 0.472641 0 0 0 0 0 0 0 0 0 0 0 0 0 0 0 0.472641 0 0 0 0 0 0 0 0 0 0 0 0 0 0 0 0 0 0 0 0 0 0 0 0 0 0 0 
0 0.592326 0 0 0.592326 -4.96578 0 0.945283 0 0 0 0 0 0.945283 0 0 0 0 0 0 0 0.945283 0 0 0 0 0 0 0 0 0 0 0 0 0 0 0 0.945283 0 0 0 0 0 0 0 0 0 0 0 0 0 0 0 0 0 0 0 0 0 0 0 0 0 0 
0 0 0.592326 0 0.592326 0 -4.96578 0.945283 0 0 0 0 0 0 0.945283 0 0 0 0 0 0 0 0.945283 0 0 0 0 0 0 0 0 0 0 0 0 0 0 0 0.945283 0 0 0 0 0 0 0 0 0 0 0 0 0 0 0 0 0 0 0 0 0 0 0 0 0 
0 0 0 0.592326 0 0.592326 0.592326 -6.03075 0 0 0 0 0 0 0 1.41792 0 0 0 0 0 0 0 1.41792 0 0 0 0 0 0 0 0 0 0 0 0 0 0 0 1.41792 0 0 0 0 0 0 0 0 0 0 0 0 0 0 0 0 0 0 0 0 0 0 0 0 
0.592326 0 0 0 0 0 0 0 -2.95553 0.472641 0.472641 0 0.472641 0 0 0 0 0 0 0 0 0 0 0 0.472641 0 0 0 0 0 0 0 0 0 0 0 0 0 0 0 0.472641 0 0 0 0 0 0 0 0 0 0 0 0 0 0 0 0 0 0 0 0 0 0 0 
0 0.592326 0 0 0 0 0 0 0.592326 -4.96578 0 0.945283 0 0.945283 0 0 0 0 0 0 0 0 0 0 0 0.945283 0 0 0 0 0 0 0 0 0 0 0 0 0 0 0 0.945283 0 0 0 0 0 0 0 0 0 0 0 0 0 0 0 0 0 0 0 0 0 0 
0 0 0.592326 0 0 0 0 0 0.592326 0 -4.96578 0.945283 0 0 0.945283 0 0 0 0 0 0 0 0 0 0 0 0.945283 0 0 0 0 0 0 0 0 0 0 0 0 0 0 0 0.945283 0 0 0 0 0 0 0 0 0 0 0 0 0 0 0 0 0 0 0 0 0 
0 0 0 0.592326 0 0 0 0 0 0.592326 0.592326 -6.03075 0 0 0 1.41792 0 0 0 0 0 0 0 0 0 0 0 1.41792 0 0 0 0 0 0 0 0 0 0 0 0 0 0 0 1.41792 0 0 0 0 0 0 0 0 0 0 0 0 0 0 0 0 0 0 0 0 
0 0 0 0 0.592326 0 0 0 0.592326 0 0 0 -4.96578 0.945283 0.945283 0 0 0 0 0 0 0 0 0 0 0 0 0 0.945283 0 0 0 0 0 0 0 0 0 0 0 0 0 0 0 0.945283 0 0 0 0 0 0 0 0 0 0 0 0 0 0 0 0 0 0 0 
0 0 0 0 0 0.592326 0 0 0 0.592326 0 0 0.592326 -6.03075 0 1.41792 0 0 0 0 0 0 0 0 0 0 0 0 0 1.41792 0 0 0 0 0 0 0 0 0 0 0 0 0 0 0 1.41792 0 0 0 0 0 0 0 0 0 0 0 0 0 0 0 0 0 0 
0 0 0 0 0 0 0.592326 0 0 0 0.592326 0 0.592326 0 -6.03075 1.41792 0 0 0 0 0 0 0 0 0 0 0 0 0 0 1.41792 0 0 0 0 0 0 0 0 0 0 0 0 0 0 0 1.41792 0 0 0 0 0 0 0 0 0 0 0 0 0 0 0 0 0 
0 0 0 0 0 0 0 0.592326 0 0 0 0.592326 0 0.592326 0.592326 -6.15043 0 0 0 0 0 0 0 0 0 0 0 0 0 0 0 1.89057 0 0 0 0 0 0 0 0 0 0 0 0 0 0 0 1.89057 0 0 0 0 0 0 0 0 0 0 0 0 0 0 0 0 
0.592326 0 0 0 0 0 0 0 0 0 0 0 0 0 0 0 -2.95553 0.472641 0.472641 0 0.472641 0 0 0 0.472641 0 0 0 0 0 0 0 0 0 0 0 0 0 0 0 0 0 0 0 0 0 0 0 0.472641 0 0 0 0 0 0 0 0 0 0 0 0 0 0 0 
0 0.592326 0 0 0 0 0 0 0 0 0 0 0 0 0 0 0.592326 -4.96578 0 0.945283 0 0.945283 0 0 0 0.945283 0 0 0 0 0 0 0 0 0 0 0 0 0 0 0 0 0 0 0 0 0 0 0 0.945283 0 0 0 0 0 0 0 0 0 0 0 0 0 0 
0 0 0.592326 0 0 0 0 0 0 0 0 0 0 0 0 0 0.592326 0 -4.96578 0.945283 0 0 0.945283 0 0 0 0.945283 0 0 0 0 0 0 0 0 0 0 0 0 0 0 0 0 0 0 0 0 0 0 0 0.945283 0 0 0 0 0 0 0 0 0 0 0 0 0 
0 0 0 0.592326 0 0 0 0 0 0 0 0 0 0 0 0 0 0.592326 0.592326 -6.03075 0 0 0 1.41792 0 0 0 1.41792 0 0 0 0 0 0 0 0 0 0 0 0 0 0 0 0 0 0 0 0 0 0 0 1.41792 0 0 0 0 0 0 0 0 0 0 0 0 
0 0 0 0 0.592326 0 0 0 0 0 0 0 0 0 0 0 0.592326 0 0 0 -4.96578 0.945283 0.945283 0 0 0 0 0 0.945283 0 0 0 0 0 0 0 0 0 0 0 0 0 0 0 0 0 0 0 0 0 0 0 0.945283 0 0 0 0 0 0 0 0 0 0 0 
0 0 0 0 0 0.592326 0 0 0 0 0 0 0 0 0 0 0 0.592326 0 0 0.592326 -6.03075 0 1.41792 0 0 0 0 0 1.41792 0 0 0 0 0 0 0 0 0 0 0 0 0 0 0 0 0 0 0 0 0 0 0 1.41792 0 0 0 0 0 0 0 0 0 0 
0 0 0 0 0 0 0.592326 0 0 0 0 0 0 0 0 0 0 0 0.592326 0 0.592326 0 -6.03075 1.41792 0 0 0 0 0 0 1.41792 0 0 0 0 0 0 0 0 0 0 0 0 0 0 0 0 0 0 0 0 0 0 0 1.41792 0 0 0 0 0 0 0 0 0 
0 0 0 0 0 0 0 0.592326 0 0 0 0 0 0 0 0 0 0 0 0.592326 0 0.592326 0.592326 -6.15043 0 0 0 0 0 0 0 1.89057 0 0 0 0 0 0 0 0 0 0 0 0 0 0 0 0 0 0 0 0 0 0 0 1.89057 0 0 0 0 0 0 0 0 
0 0 0 0 0 0 0 0 0.592326 0 0 0 0 0 0 0 0.592326 0 0 0 0 0 0 0 -4.96578 0.945283 0.945283 0 0.945283 0 0 0 0 0 0 0 0 0 0 0 0 0 0 0 0 0 0 0 0 0 0 0 0 0 0 0 0.945283 0 0 0 0 0 0 0 
0 0 0 0 0 0 0 0 0 0.592326 0 0 0 0 0 0 0 0.592326 0 0 0 0 0 0 0.592326 -6.03075 0 1.41792 0 1.41792 0 0 0 0 0 0 0 0 0 0 0 0 0 0 0 0 0 0 0 0 0 0 0 0 0 0 0 1.41792 0 0 0 0 0 0 
0 0 0 0 0 0 0 0 0 0 0.592326 0 0 0 0 0 0 0 0.592326 0 0 0 0 0 0.592326 0 -6.03075 1.41792 0 0 1.41792 0 0 0 0 0 0 0 0 0 0 0 0 0 0 0 0 0 0 0 0 0 0 0 0 0 0 0 1.41792 0 0 0 0 0 
0 0 0 0 0 0 0 0 0 0 0 0.592326 0 0 0 0 0 0 0 0.592326 0 0 0 0 0 0.592326 0.592326 -6.15043 0 0 0 1.89057 0 0 0 0 0 0 0 0 0 0 0 0 0 0 0 0 0 0 0 0 0 0 0 0 0 0 0 1.89057 0 0 0 0 
0 0 0 0 0 0 0 0 0 0 0 0 0.592326 0 0 0 0 0 0 0 0.592326 0 0 0 0.592326 0 0 0 -6.03075 1.41792 1.41792 0 0 0 0 0 0 0 0 0 0 0 0 0 0 0 0 0 0 0 0 0 0 0 0 0 0 0 0 0 1.41792 0 0 0 
0 0 0 0 0 0 0 0 0 0 0 0 0 0.592326 0 0 0 0 0 0 0 0.592326 0 0 0 0.592326 0 0 0.592326 -6.15043 0 1.89057 0 0 0 0 0 0 0 0 0 0 0 0 0 0 0 0 0 0 0 0 0 0 0 0 0 0 0 0 0 1.89057 0 0 
0 0 0 0 0 0 0 0 0 0 0 0 0 0 0.592326 0 0 0 0 0 0 0 0.592326 0 0 0 0.592326 0 0.592326 0 -6.15043 1.89057 0 0 0 0 0 0 0 0 0 0 0 0 0 0 0 0 0 0 0 0 0 0 0 0 0 0 0 0 0 0 1.89057 0 
0 0 0 0 0 0 0 0 0 0 0 0 0 0 0 0.592326 0 0 0 0 0 0 0 0.592326 0 0 0 0.592326 0 0.592326 0.592326 -5.32484 0 0 0 0 0 0 0 0 0 0 0 0 0 0 0 0 0 0 0 0 0 0 0 0 0 0 0 0 0 0 0 2.36321 
0.592326 0 0 0 0 0 0 0 0 0 0 0 0 0 0 0 0 0 0 0 0 0 0 0 0 0 0 0 0 0 0 0 -2.95553 0.472641 0.472641 0 0.472641 0 0 0 0.472641 0 0 0 0 0 0 0 0.472641 0 0 0 0 0 0 0 0 0 0 0 0 0 0 0 
0 0.592326 0 0 0 0 0 0 0 0 0 0 0 0 0 0 0 0 0 0 0 0 0 0 0 0 0 0 0 0 0 0 0.592326 -4.96578 0 0.945283 0 0.945283 0 0 0 0.945283 0 0 0 0 0 0 0 0.945283 0 0 0 0 0 0 0 0 0 0 0 0 0 0 
0 0 0.592326 0 0 0 0 0 0 0 0 0 0 0 0 0 0 0 0 0 0 0 0 0 0 0 0 0 0 0 0 0 0.592326 0 -4.96578 0.945283 0 0 0.945283 0 0 0 0.945283 0 0 0 0 0 0 0 0.945283 0 0 0 0 0 0 0 0 0 0 0 0 0 
0 0 0 0.592326 0 0 0 0 0 0 0 0 0 0 0 0 0 0 0 0 0 0 0 0 0 0 0 0 0 0 0 0 0 0.592326 0.592326 -6.03075 0 0 0 1.41792 0 0 0 1.41792 0 0 0 0 0 0 0 1.41792 0 0 0 0 0 0 0 0 0 0 0 0 
0 0 0 0 0.592326 0 0 0 0 0 0 0 0 0 0 0 0 0 0 0 0 0 0 0 0 0 0 0 0 0 0 0 0.592326 0 0 0 -4.96578 0.945283 0.945283 0 0 0 0 0 0.945283 0 0 0 0 0 0 0 0.945283 0 0 0 0 0 0 0 0 0 0 0 
0 0 0 0 0 0.592326 0 0 0 0 0 0 0 0 0 0 0 0 0 0 0 0 0 0 0 0 0 0 0 0 0 0 0 0.592326 0 0 0.592326 -6.03075 0 1.41792 0 0 0 0 0 1.41792 0 0 0 0 0 0 0 1.41792 0 0 0 0 0 0 0 0 0 0 
0 0 0 0 0 0 0.592326 0 0 0 0 0 0 0 0 0 0 0 0 0 0 0 0 0 0 0 0 0 0 0 0 0 0 0 0.592326 0 0.592326 0 -6.03075 1.41792 0 0 0 0 0 0 1.41792 0 0 0 0 0 0 0 1.41792 0 0 0 0 0 0 0 0 0 
0 0 0 0 0 0 0 0.592326 0 0 0 0 0 0 0 0 0 0 0 0 0 0 0 0 0 0 0 0 0 0 0 0 0 0 0 0.592326 0 0.592326 0.592326 -6.15043 0 0 0 0 0 0 0 1.89057 0 0 0 0 0 0 0 1.89057 0 0 0 0 0 0 0 0 
0 0 0 0 0 0 0 0 0.592326 0 0 0 0 0 0 0 0 0 0 0 0 0 0 0 0 0 0 0 0 0 0 0 0.592326 0 0 0 0 0 0 0 -4.96578 0.945283 0.945283 0 0.945283 0 0 0 0 0 0 0 0 0 0 0 0.945283 0 0 0 0 0 0 0 
0 0 0 0 0 0 0 0 0 0.592326 0 0 0 0 0 0 0 0 0 0 0 0 0 0 0 0 0 0 0 0 0 0 0 0.592326 0 0 0 0 0 0 0.592326 -6.03075 0 1.41792 0 1.41792 0 0 0 0 0 0 0 0 0 0 0 1.41792 0 0 0 0 0 0 
0 0 0 0 0 0 0 0 0 0 0.592326 0 0 0 0 0 0 0 0 0 0 0 0 0 0 0 0 0 0 0 0 0 0 0 0.592326 0 0 0 0 0 0.592326 0 -6.03075 1.41792 0 0 1.41792 0 0 0 0 0 0 0 0 0 0 0 1.41792 0 0 0 0 0 
0 0 0 0 0 0 0 0 0 0 0 0.592326 0 0 0 0 0 0 0 0 0 0 0 0 0 0 0 0 0 0 0 0 0 0 0 0.592326 0 0 0 0 0 0.592326 0.592326 -6.15043 0 0 0 1.89057 0 0 0 0 0 0 0 0 0 0 0 1.89057 0 0 0 0 
0 0 0 0 0 0 0 0 0 0 0 0 0.592326 0 0 0 0 0 0 0 0 0 0 0 0 0 0 0 0 0 0 0 0 0 0 0 0.592326 0 0 0 0.592326 0 0 0 -6.03075 1.41792 1.41792 0 0 0 0 0 0 0 0 0 0 0 0 0 1.41792 0 0 0 
0 0 0 0 0 0 0 0 0 0 0 0 0 0.592326 0 0 0 0 0 0 0 0 0 0 0 0 0 0 0 0 0 0 0 0 0 0 0 0.592326 0 0 0 0.592326 0 0 0.592326 -6.15043 0 1.89057 0 0 0 0 0 0 0 0 0 0 0 0 0 1.89057 0 0 
0 0 0 0 0 0 0 0 0 0 0 0 0 0 0.592326 0 0 0 0 0 0 0 0 0 0 0 0 0 0 0 0 0 0 0 0 0 0 0 0.592326 0 0 0 0.592326 0 0.592326 0 -6.15043 1.89057 0 0 0 0 0 0 0 0 0 0 0 0 0 0 1.89057 0 
0 0 0 0 0 0 0 0 0 0 0 0 0 0 0 0.592326 0 0 0 0 0 0 0 0 0 0 0 0 0 0 0 0 0 0 0 0 0 0 0 0.592326 0 0 0 0.592326 0 0.592326 0.592326 -5.32484 0 0 0 0 0 0 0 0 0 0 0 0 0 0 0 2.36321 
0 0 0 0 0 0 0 0 0 0 0 0 0 0 0 0 0.592326 0 0 0 0 0 0 0 0 0 0 0 0 0 0 0 0.592326 0 0 0 0 0 0 0 0 0 0 0 0 0 0 0 -4.96578 0.945283 0.945283 0 0.945283 0 0 0 0.945283 0 0 0 0 0 0 0 
0 0 0 0 0 0 0 0 0 0 0 0 0 0 0 0 0 0.592326 0 0 0 0 0 0 0 0 0 0 0 0 0 0 0 0.592326 0 0 0 0 0 0 0 0 0 0 0 0 0 0 0.592326 -6.03075 0 1.41792 0 1.41792 0 0 0 1.41792 0 0 0 0 0 0 
0 0 0 0 0 0 0 0 0 0 0 0 0 0 0 0 0 0 0.592326 0 0 0 0 0 0 0 0 0 0 0 0 0 0 0 0.592326 0 0 0 0 0 0 0 0 0 0 0 0 0 0.592326 0 -6.03075 1.41792 0 0 1.41792 0 0 0 1.41792 0 0 0 0 0 
0 0 0 0 0 0 0 0 0 0 0 0 0 0 0 0 0 0 0 0.592326 0 0 0 0 0 0 0 0 0 0 0 0 0 0 0 0.592326 0 0 0 0 0 0 0 0 0 0 0 0 0 0.592326 0.592326 -6.15043 0 0 0 1.89057 0 0 0 1.89057 0 0 0 0 
0 0 0 0 0 0 0 0 0 0 0 0 0 0 0 0 0 0 0 0 0.592326 0 0 0 0 0 0 0 0 0 0 0 0 0 0 0 0.592326 0 0 0 0 0 0 0 0 0 0 0 0.592326 0 0 0 -6.03075 1.41792 1.41792 0 0 0 0 0 1.41792 0 0 0 
0 0 0 0 0 0 0 0 0 0 0 0 0 0 0 0 0 0 0 0 0 0.592326 0 0 0 0 0 0 0 0 0 0 0 0 0 0 0 0.592326 0 0 0 0 0 0 0 0 0 0 0 0.592326 0 0 0.592326 -6.15043 0 1.89057 0 0 0 0 0 1.89057 0 0 
0 0 0 0 0 0 0 0 0 0 0 0 0 0 0 0 0 0 0 0 0 0 0.592326 0 0 0 0 0 0 0 0 0 0 0 0 0 0 0 0.592326 0 0 0 0 0 0 0 0 0 0 0 0.592326 0 0.592326 0 -6.15043 1.89057 0 0 0 0 0 0 1.89057 0 
0 0 0 0 0 0 0 0 0 0 0 0 0 0 0 0 0 0 0 0 0 0 0 0.592326 0 0 0 0 0 0 0 0 0 0 0 0 0 0 0 0.592326 0 0 0 0 0 0 0 0 0 0 0 0.592326 0 0.592326 0.592326 -5.32484 0 0 0 0 0 0 0 2.36321 
0 0 0 0 0 0 0 0 0 0 0 0 0 0 0 0 0 0 0 0 0 0 0 0 0.592326 0 0 0 0 0 0 0 0 0 0 0 0 0 0 0 0.592326 0 0 0 0 0 0 0 0.592326 0 0 0 0 0 0 0 -6.03075 1.41792 1.41792 0 1.41792 0 0 0 
0 0 0 0 0 0 0 0 0 0 0 0 0 0 0 0 0 0 0 0 0 0 0 0 0 0.592326 0 0 0 0 0 0 0 0 0 0 0 0 0 0 0 0.592326 0 0 0 0 0 0 0 0.592326 0 0 0 0 0 0 0.592326 -6.15043 0 1.89057 0 1.89057 0 0 
0 0 0 0 0 0 0 0 0 0 0 0 0 0 0 0 0 0 0 0 0 0 0 0 0 0 0.592326 0 0 0 0 0 0 0 0 0 0 0 0 0 0 0 0.592326 0 0 0 0 0 0 0 0.592326 0 0 0 0 0 0.592326 0 -6.15043 1.89057 0 0 1.89057 0 
0 0 0 0 0 0 0 0 0 0 0 0 0 0 0 0 0 0 0 0 0 0 0 0 0 0 0 0.592326 0 0 0 0 0 0 0 0 0 0 0 0 0 0 0 0.592326 0 0 0 0 0 0 0 0.592326 0 0 0 0 0 0.592326 0.592326 -5.32484 0 0 0 2.36321 
0 0 0 0 0 0 0 0 0 0 0 0 0 0 0 0 0 0 0 0 0 0 0 0 0 0 0 0 0.592326 0 0 0 0 0 0 0 0 0 0 0 0 0 0 0 0.592326 0 0 0 0 0 0 0 0.592326 0 0 0 0.592326 0 0 0 -6.15043 1.89057 1.89057 0 
0 0 0 0 0 0 0 0 0 0 0 0 0 0 0 0 0 0 0 0 0 0 0 0 0 0 0 0 0 0.592326 0 0 0 0 0 0 0 0 0 0 0 0 0 0 0 0.592326 0 0 0 0 0 0 0 0.592326 0 0 0 0.592326 0 0 0.592326 -5.32484 0 2.36321 
0 0 0 0 0 0 0 0 0 0 0 0 0 0 0 0 0 0 0 0 0 0 0 0 0 0 0 0 0 0 0.592326 0 0 0 0 0 0 0 0 0 0 0 0 0 0 0 0.592326 0 0 0 0 0 0 0 0.592326 0 0 0 0.592326 0 0.592326 0 -5.32484 2.36321 
0 0 0 0 0 0 0 0 0 0 0 0 0 0 0 0 0 0 0 0 0 0 0 0 0 0 0 0 0 0 0 0.592326 0 0 0 0 0 0 0 0 0 0 0 0 0 0 0 0.592326 0 0 0 0 0 0 0 0.592326 0 0 0 0.592326 0 0.592326 0.592326 -3.55395 
