64
-0 0 0 0 0 0 0 0 0 0 0 0 0 0 0 0 0 0 0 0 0 0 0 0 0 0 0 0 0 0 0 0 0 0 0 0 0 0 0 0 0 0 0 0 0 0 0 0 0 0 0 0 0 0 0 0 0 0 0 0 0 0 0 0 
0.536618 -2.58038 0 0.408753 0 0.408753 0 0 0 0.408753 0 0 0 0 0 0 0 0.408753 0 0 0 0 0 0 0 0 0 0 0 0 0 0 0 0.408753 0 0 0 0 0 0 0 0 0 0 0 0 0 0 0 0 0 0 0 0 0 0 0 0 0 0 0 0 0 0 
0.536618 0 -2.58038 0.408753 0 0 0.408753 0 0 0 0.408753 0 0 0 0 0 0 0 0.408753 0 0 0 0 0 0 0 0 0 0 0 0 0 0 0 0.408753 0 0 0 0 0 0 0 0 0 0 0 0 0 0 0 0 0 0 0 0 0 0 0 0 0 0 0 0 0 
0 0.536618 0.536618 -4.34326 0 0 0 0.817505 0 0 0 0.817505 0 0 0 0 0 0 0 0.817505 0 0 0 0 0 0 0 0 0 0 0 0 0 0 0 0.817505 0 0 0 0 0 0 0 0 0 0 0 0 0 0 0 0 0 0 0 0 0 0 0 0 0 0 0 0 
0.536618 0 0 0 -2.58038 0.408753 0.408753 0 0 0 0 0 0.408753 0 0 0 0 0 0 0 0.408753 0 0 0 0 0 0 0 0 0 0 0 0 0 0 0 0.408753 0 0 0 0 0 0 0 0 0 0 0 0 0 0 0 0 0 0 0 0 0 0 0 0 0 0 0 
0 0.536618 0 0 0.536618 -4.34326 0 0.817505 0 0 0 0 0 0.817505 0 0 0 0 0 0 0 0.817505 0 0 0 0 0 0 0 0 0 0 0 0 0 0 0 0.817505 0 0 0 0 0 0 0 0 0 0 0 0 0 0 0 0 0 0 0 0 0 0 0 0 0 0 
0 0 0.536618 0 0.536618 0 -4.34326 0.817505 0 0 0 0 0 0 0.817505 0 0 0 0 0 0 0 0.817505 0 0 0 0 0 0 0 0 0 0 0 0 0 0 0 0.817505 0 0 0 0 0 0 0 0 0 0 0 0 0 0 0 0 0 0 0 0 0 0 0 0 0 
0 0 0 0.536618 0 0.536618 0.536618 -5.28863 0 0 0 0 0 0 0 1.22626 0 0 0 0 0 0 0 1.22626 0 0 0 0 0 0 0 0 0 0 0 0 0 0 0 1.22626 0 0 0 0 0 0 0 0 0 0 0 0 0 0 0 0 0 0 0 0 0 0 0 0 
0.536618 0 0 0 0 0 0 0 -2.58038 0.408753 0.408753 0 0.408753 0 0 0 0 0 0 0 0 0 0 0 0.408753 0 0 0 0 0 0 0 0 0 0 0 0 0 0 0 0.408753 0 0 0 0 0 0 0 0 0 0 0 0 0 0 0 0 0 0 0 0 0 0 0 
0 0.536618 0 0 0 0 0 0 0.536618 -4.34326 0 0.817505 0 0.817505 0 0 0 0 0 0 0 0 0 0 0 0.817505 0 0 0 0 0 0 0 0 0 0 0 0 0 0 0 0.817505 0 0 0 0 0 0 0 0 0 0 0 0 0 0 0 0 0 0 0 0 0 0 
0 0 0.536618 0 0 0 0 0 0.536618 0 -4.34326 0.817505 0 0 0.817505 0 0 0 0 0 0 0 0 0 0 0 0.817505 0 0 0 0 0 0 0 0 0 0 0 0 0 0 0 0.817505 0 0 0 0 0 0 0 0 0 0 0 0 0 0 0 0 0 0 0 0 0 
0 0 0 0.536618 0 0 0 0 0 0.536618 0.536618 -5.28863 0 0 0 1.22626 0 0 0 0 0 0 0 0 0 0 0 1.22626 0 0 0 0 0 0 0 0 0 0 0 0 0 0 0 1.22626 0 0 0 0 0 0 0 0 0 0 0 0 0 0 0 0 0 0 0 0 
0 0 0 0 0.536618 0 0 0 0.536618 0 0 0 -4.34326 0.817505 0.817505 0 0 0 0 0 0 0 0 0 0 0 0 0 0.817505 0 0 0 0 0 0 0 0 0 0 0 0 0 0 0 0.817505 0 0 0 0 0 0 0 0 0 0 0 0 0 0 0 0 0 0 0 
0 0 0 0 0 0.536618 0 0 0 0.536618 0 0 0.536618 -5.28863 0 1.22626 0 0 0 0 0 0 0 0 0 0 0 0 0 1.22626 0 0 0 0 0 0 0 0 0 0 0 0 0 0 0 1.22626 0 0 0 0 0 0 0 0 0 0 0 0 0 0 0 0 0 0 
0 0 0 0 0 0 0.536618 0 0 0 0.536618 0 0.536618 0 -5.28863 1.22626 0 0 0 0 0 0 0 0 0 0 0 0 0 0 1.22626 0 0 0 0 0 0 0 0 0 0 0 0 0 0 0 1.22626 0 0 0 0 0 0 0 0 0 0 0 0 0 0 0 0 0 
0 0 0 0 0 0 0 0.536618 0 0 0 0.536618 0 0.536618 0.536618 -5.41649 0 0 0 0 0 0 0 0 0 0 0 0 0 0 0 1.63501 0 0 0 0 0 0 0 0 0 0 0 0 0 0 0 1.63501 0 0 0 0 0 0 0 0 0 0 0 0 0 0 0 0 
0.536618 0 0 0 0 0 0 0 0 0 0 0 0 0 0 0 -2.58038 0.408753 0.408753 0 0.408753 0 0 0 0.408753 0 0 0 0 0 0 0 0 0 0 0 0 0 0 0 0 0 0 0 0 0 0 0 0.408753 0 0 0 0 0 0 0 0 0 0 0 0 0 0 0 
0 0.536618 0 0 0 0 0 0 0 0 0 0 0 0 0 0 0.536618 -4.34326 0 0.817505 0 0.817505 0 0 0 0.817505 0 0 0 0 0 0 0 0 0 0 0 0 0 0 0 0 0 0 0 0 0 0 0 0.817505 0 0 0 0 0 0 0 0 0 0 0 0 0 0 
0 0 0.536618 0 0 0 0 0 0 0 0 0 0 0 0 0 0.536618 0 -4.34326 0.817505 0 0 0.817505 0 0 0 0.817505 0 0 0 0 0 0 0 0 0 0 0 0 0 0 0 0 0 0 0 0 0 0 0 0.817505 0 0 0 0 0 0 0 0 0 0 0 0 0 
0 0 0 0.536618 0 0 0 0 0 0 0 0 0 0 0 0 0 0.536618 0.536618 -5.28863 0 0 0 1.22626 0 0 0 1.22626 0 0 0 0 0 0 0 0 0 0 0 0 0 0 0 0 0 0 0 0 0 0 0 1.22626 0 0 0 0 0 0 0 0 0 0 0 0 
0 0 0 0 0.536618 0 0 0 0 0 0 0 0 0 0 0 0.536618 0 0 0 -4.34326 0.817505 0.817505 0 0 0 0 0 0.817505 0 0 0 0 0 0 0 0 0 0 0 0 0 0 0 0 0 0 0 0 0 0 0 0.817505 0 0 0 0 0 0 0 0 0 0 0 
0 0 0 0 0 0.536618 0 0 0 0 0 0 0 0 0 0 0 0.536618 0 0 0.536618 -5.28863 0 1.22626 0 0 0 0 0 1.22626 0 0 0 0 0 0 0 0 0 0 0 0 0 0 0 0 0 0 0 0 0 0 0 1.22626 0 0 0 0 0 0 0 0 0 0 
0 0 0 0 0 0 0.536618 0 0 0 0 0 0 0 0 0 0 0 0.536618 0 0.536618 0 -5.28863 1.22626 0 0 0 0 0 0 1.22626 0 0 0 0 0 0 0 0 0 0 0 0 0 0 0 0 0 0 0 0 0 0 0 1.22626 0 0 0 0 0 0 0 0 0 
0 0 0 0 0 0 0 0.536618 0 0 0 0 0 0 0 0 0 0 0 0.536618 0 0.536618 0.536618 -5.41649 0 0 0 0 0 0 0 1.63501 0 0 0 0 0 0 0 0 0 0 0 0 0 0 0 0 0 0 0 0 0 0 0 1.63501 0 0 0 0 0 0 0 0 
0 0 0 0 0 0 0 0 0.536618 0 0 0 0 0 0 0 0.536618 0 0 0 0 0 0 0 -4.34326 0.817505 0.817505 0 0.817505 0 0 0 0 0 0 0 0 0 0 0 0 0 0 0 0 0 0 0 0 0 0 0 0 0 0 0 0.817505 0 0 0 0 0 0 0 
0 0 0 0 0 0 0 0 0 0.536618 0 0 0 0 0 0 0 0.536618 0 0 0 0 0 0 0.536618 -5.28863 0 1.22626 0 1.22626 0 0 0 0 0 0 0 0 0 0 0 0 0 0 0 0 0 0 0 0 0 0 0 0 0 0 0 1.22626 0 0 0 0 0 0 
0 0 0 0 0 0 0 0 0 0 0.536618 0 0 0 0 0 0 0 0.536618 0 0 0 0 0 0.536618 0 -5.28863 1.22626 0 0 1.22626 0 0 0 0 0 0 0 0 0 0 0 0 0 0 0 0 0 0 0 0 0 0 0 0 0 0 0 1.22626 0 0 0 0 0 
0 0 0 0 0 0 0 0 0 0 0 0.536618 0 0 0 0 0 0 0 0.536618 0 0 0 0 0 0.536618 0.536618 -5.41649 0 0 0 1.63501 0 0 0 0 0 0 0 0 0 0 0 0 0 0 0 0 0 0 0 0 0 0 0 0 0 0 0 1.63501 0 0 0 0 
0 0 0 0 0 0 0 0 0 0 0 0 0.536618 0 0 0 0 0 0 0 0.536618 0 0 0 0.536618 0 0 0 -5.28863 1.22626 1.22626 0 0 0 0 0 0 0 0 0 0 0 0 0 0 0 0 0 0 0 0 0 0 0 0 0 0 0 0 0 1.22626 0 0 0 
0 0 0 0 0 0 0 0 0 0 0 0 0 0.536618 0 0 0 0 0 0 0 0.536618 0 0 0 0.536618 0 0 0.536618 -5.41649 0 1.63501 0 0 0 0 0 0 0 0 0 0 0 0 0 0 0 0 0 0 0 0 0 0 0 0 0 0 0 0 0 1.63501 0 0 
0 0 0 0 0 0 0 0 0 0 0 0 0 0 0.536618 0 0 0 0 0 0 0 0.536618 0 0 0 0.536618 0 0.536618 0 -5.41649 1.63501 0 0 0 0 0 0 0 0 0 0 0 0 0 0 0 0 0 0 0 0 0 0 0 0 0 0 0 0 0 0 1.63501 0 
0 0 0 0 0 0 0 0 0 0 0 0 0 0 0 0.536618 0 0 0 0 0 0 0 0.536618 0 0 0 0.536618 0 0.536618 0.536618 -4.72685 0 0 0 0 0 0 0 0 0 0 0 0 0 0 0 0 0 0 0 0 0 0 0 0 0 0 0 0 0 0 0 2.04376 
0.536618 0 0 0 0 0 0 0 0 0 0 0 0 0 0 0 0 0 0 0 0 0 0 0 0 0 0 0 0 0 0 0 -2.58038 0.408753 0.408753 0 0.408753 0 0 0 0.408753 0 0 0 0 0 0 0 0.408753 0 0 0 0 0 0 0 0 0 0 0 0 0 0 0 
0 0.536618 0 0 0 0 0 0 0 0 0 0 0 0 0 0 0 0 0 0 0 0 0 0 0 0 0 0 0 0 0 0 0.536618 -4.34326 0 0.817505 0 0.817505 0 0 0 0.817505 0 0 0 0 0 0 0 0.817505 0 0 0 0 0 0 0 0 0 0 0 0 0 0 
0 0 0.536618 0 0 0 0 0 0 0 0 0 0 0 0 0 0 0 0 0 0 0 0 0 0 0 0 0 0 0 0 0 0.536618 0 -4.34326 0.817505 0 0 0.817505 0 0 0 0.817505 0 0 0 0 0 0 0 0.817505 0 0 0 0 0 0 0 0 0 0 0 0 0 
0 0 0 0.536618 0 0 0 0 0 0 0 0 0 0 0 0 0 0 0 0 0 0 0 0 0 0 0 0 0 0 0 0 0 0.536618 0.536618 -5.28863 0 0 0 1.22626 0 0 0 1.22626 0 0 0 0 0 0 0 1.22626 0 0 0 0 0 0 0 0 0 0 0 0 
0 0 0 0 0.536618 0 0 0 0 0 0 0 0 0 0 0 0 0 0 0 0 0 0 0 0 0 0 0 0 0 0 0 0.536618 0 0 0 -4.34326 0.817505 0.817505 0 0 0 0 0 0.817505 0 0 0 0 0 0 0 0.817505 0 0 0 0 0 0 0 0 0 0 0 
0 0 0 0 0 0.536618 0 0 0 0 0 0 0 0 0 0 0 0 0 0 0 0 0 0 0 0 0 0 0 0 0 0 0 0.536618 0 0 0.536618 -5.28863 0 1.22626 0 0 0 0 0 1.22626 0 0 0 0 0 0 0 1.22626 0 0 0 0 0 0 0 0 0 0 
0 0 0 0 0 0 0.536618 0 0 0 0 0 0 0 0 0 0 0 0 0 0 0 0 0 0 0 0 0 0 0 0 0 0 0 0.536618 0 0.536618 0 -5.28863 1.22626 0 0 0 0 0 0 1.22626 0 0 0 0 0 0 0 1.22626 0 0 0 0 0 0 0 0 0 
0 0 0 0 0 0 0 0.536618 0 0 0 0 0 0 0 0 0 0 0 0 0 0 0 0 0 0 0 0 0 0 0 0 0 0 0 0.536618 0 0.536618 0.536618 -5.41649 0 0 0 0 0 0 0 1.63501 0 0 0 0 0 0 0 1.63501 0 0 0 0 0 0 0 0 
0 0 0 0 0 0 0 0 0.536618 0 0 0 0 0 0 0 0 0 0 0 0 0 0 0 0 0 0 0 0 0 0 0 0.536618 0 0 0 0 0 0 0 -4.34326 0.817505 0.817505 0 0.817505 0 0 0 0 0 0 0 0 0 0 0 0.817505 0 0 0 0 0 0 0 
0 0 0 0 0 0 0 0 0 0.536618 0 0 0 0 0 0 0 0 0 0 0 0 0 0 0 0 0 0 0 0 0 0 0 0.536618 0 0 0 0 0 0 0.536618 -5.28863 0 1.22626 0 1.22626 0 0 0 0 0 0 0 0 0 0 0 1.22626 0 0 0 0 0 0 
0 0 0 0 0 0 0 0 0 0 0.536618 0 0 0 0 0 0 0 0 0 0 0 0 0 0 0 0 0 0 0 0 0 0 0 0.536618 0 0 0 0 0 0.536618 0 -5.28863 1.22626 0 0 1.22626 0 0 0 0 0 0 0 0 0 0 0 1.22626 0 0 0 0 0 
0 0 0 0 0 0 0 0 0 0 0 0.536618 0 0 0 0 0 0 0 0 0 0 0 0 0 0 0 0 0 0 0 0 0 0 0 0.536618 0 0 0 0 0 0.536618 0.536618 -5.41649 0 0 0 1.63501 0 0 0 0 0 0 0 0 0 0 0 1.63501 0 0 0 0 
0 0 0 0 0 0 0 0 0 0 0 0 0.536618 0 0 0 0 0 0 0 0 0 0 0 0 0 0 0 0 0 0 0 0 0 0 0 0.536618 0 0 0 0.536618 0 0 0 -5.28863 1.22626 1.22626 0 0 0 0 0 0 0 0 0 0 0 0 0 1.22626 0 0 0 
0 0 0 0 0 0 0 0 0 0 0 0 0 0.536618 0 0 0 0 0 0 0 0 0 0 0 0 0 0 0 0 0 0 0 0 0 0 0 0.536618 0 0 0 0.536618 0 0 0.536618 -5.41649 0 1.63501 0 0 0 0 0 0 0 0 0 0 0 0 0 1.63501 0 0 
0 0 0 0 0 0 0 0 0 0 0 0 0 0 0.536618 0 0 0 0 0 0 0 0 0 0 0 0 0 0 0 0 0 0 0 0 0 0 0 0.536618 0 0 0 0.536618 0 0.536618 0 -5.41649 1.63501 0 0 0 0 0 0 0 0 0 0 0 0 0 0 1.63501 0 
0 0 0 0 0 0 0 0 0 0 0 0 0 0 0 0.536618 0 0 0 0 0 0 0 0 0 0 0 0 0 0 0 0 0 0 0 0 0 0 0 0.536618 0 0 0 0.536618 0 0.536618 0.536618 -4.72685 0 0 0 0 0 0 0 0 0 0 0 0 0 0 0 2.04376 
0 0 0 0 0 0 0 0 0 0 0 0 0 0 0 0 0.536618 0 0 0 0 0 0 0 0 0 0 0 0 0 0 0 0.536618 0 0 0 0 0 0 0 0 0 0 0 0 0 0 0 -4.34326 0.817505 0.817505 0 0.817505 0 0 0 0.817505 0 0 0 0 0 0 0 
0 0 0 0 0 0 0 0 0 0 0 0 0 0 0 0 0 0.536618 0 0 0 0 0 0 0 0 0 0 0 0 0 0 0 0.536618 0 0 0 0 0 0 0 0 0 0 0 0 0 0 0.536618 -5.28863 0 1.22626 0 1.22626 0 0 0 1.22626 0 0 0 0 0 0 
0 0 0 0 0 0 0 0 0 0 0 0 0 0 0 0 0 0 0.536618 0 0 0 0 0 0 0 0 0 0 0 0 0 0 0 0.536618 0 0 0 0 0 0 0 0 0 0 0 0 0 0.536618 0 -5.28863 1.22626 0 0 1.22626 0 0 0 1.22626 0 0 0 0 0 
0 0 0 0 0 0 0 0 0 0 0 0 0 0 0 0 0 0 0 0.536618 0 0 0 0 0 0 0 0 0 0 0 0 0 0 0 0.536618 0 0 0 0 0 0 0 0 0 0 0 0 0 0.536618 0.536618 -5.41649 0 0 0 1.63501 0 0 0 1.63501 0 0 0 0 
0 0 0 0 0 0 0 0 0 0 0 0 0 0 0 0 0 0 0 0 0.536618 0 0 0 0 0 0 0 0 0 0 0 0 0 0 0 0.536618 0 0 0 0 0 0 0 0 0 0 0 0.536618 0 0 0 -5.28863 1.22626 1.22626 0 0 0 0 0 1.22626 0 0 0 
0 0 0 0 0 0 0 0 0 0 0 0 0 0 0 0 0 0 0 0 0 0.536618 0 0 0 0 0 0 0 0 0 0 0 0 0 0 0 0.536618 0 0 0 0 0 0 0 0 0 0 0 0.536618 0 0 0.536618 -5.41649 0 1.63501 0 0 0 0 0 1.63501 0 0 
0 0 0 0 0 0 0 0 0 0 0 0 0 0 0 0 0 0 0 0 0 0 0.536618 0 0 0 0 0 0 0 0 0 0 0 0 0 0 0 0.536618 0 0 0 0 0 0 0 0 0 0 0 0.536618 0 0.536618 0 -5.41649 1.63501 0 0 0 0 0 0 1.63501 0 
0 0 0 0 0 0 0 0 0 0 0 0 0 0 0 0 0 0 0 0 0 0 0 0.536618 0 0 0 0 0 0 0 0 0 0 0 0 0 0 0 0.536618 0 0 0 0 0 0 0 0 0 0 0 0.536618 0 0.536618 0.536618 -4.72685 0 0 0 0 0 0 0 2.04376 
0 0 0 0 0 0 0 0 0 0 0 0 0 0 0 0 0 0 0 0 0 0 0 0 0.536618 0 0 0 0 0 0 0 0 0 0 0 0 0 0 0 0.536618 0 0 0 0 0 0 0 0.536618 0 0 0 0 0 0 0 -5.28863 1.22626 1.22626 0 1.22626 0 0 0 
0 0 0 0 0 0 0 0 0 0 0 0 0 0 0 0 0 0 0 0 0 0 0 0 0 0.536618 0 0 0 0 0 0 0 0 0 0 0 0 0 0 0 0.536618 0 0 0 0 0 0 0 0.536618 0 0 0 0 0 0 0.536618 -5.41649 0 1.63501 0 1.63501 0 0 
0 0 0 0 0 0 0 0 0 0 0 0 0 0 0 0 0 0 0 0 0 0 0 0 0 0 0.536618 0 0 0 0 0 0 0 0 0 0 0 0 0 0 0 0.536618 0 0 0 0 0 0 0 0.536618 0 0 0 0 0 0.536618 0 -5.41649 1.63501 0 0 1.63501 0 
0 0 0 0 0 0 0 0 0 0 0 0 0 0 0 0 0 0 0 0 0 0 0 0 0 0 0 0.536618 0 0 0 0 0 0 0 0 0 0 0 0 0 0 0 0.536618 0 0 0 0 0 0 0 0.536618 0 0 0 0 0 0.536618 0.536618 -4.72685 0 0 0 2.04376 
0 0 0 0 0 0 0 0 0 0 0 0 0 0 0 0 0 0 0 0 0 0 0 0 0 0 0 0 0.536618 0 0 0 0 0 0 0 0 0 0 0 0 0 0 0 0.536618 0 0 0 0 0 0 0 0.536618 0 0 0 0.536618 0 0 0 -5.41649 1.63501 1.63501 0 
0 0 0 0 0 0 0 0 0 0 0 0 0 0 0 0 0 0 0 0 0 0 0 0 0 0 0 0 0 0.536618 0 0 0 0 0 0 0 0 0 0 0 0 0 0 0 0.536618 0 0 0 0 0 0 0 0.536618 0 0 0 0.536618 0 0 0.536618 -4.72685 0 2.04376 
0 0 0 0 0 0 0 0 0 0 0 0 0 0 0 0 0 0 0 0 0 0 0 0 0 0 0 0 0 0 0.536618 0 0 0 0 0 0 0 0 0 0 0 0 0 0 0 0.536618 0 0 0 0 0 0 0 0.536618 0 0 0 0.536618 0 0.536618 0 -4.72685 2.04376 
0 0 0 0 0 0 0 0 0 0 0 0 0 0 0 0 0 0 0 0 0 0 0 0 0 0 0 0 0 0 0 0.536618 0 0 0 0 0 0 0 0 0 0 0 0 0 0 0 0.536618 0 0 0 0 0 0 0 0.536618 0 0 0 0.536618 0 0.536618 0.536618 -3.21971 
