64
-0 0 0 0 0 0 0 0 0 0 0 0 0 0 0 0 0 0 0 0 0 0 0 0 0 0 0 0 0 0 0 0 0 0 0 0 0 0 0 0 0 0 0 0 0 0 0 0 0 0 0 0 0 0 0 0 0 0 0 0 0 0 0 0 
0.494893 -2.42152 0 0.385326 0 0.385326 0 0 0 0.385326 0 0 0 0 0 0 0 0.385326 0 0 0 0 0 0 0 0 0 0 0 0 0 0 0 0.385326 0 0 0 0 0 0 0 0 0 0 0 0 0 0 0 0 0 0 0 0 0 0 0 0 0 0 0 0 0 0 
0.494893 0 -2.42152 0.385326 0 0 0.385326 0 0 0 0.385326 0 0 0 0 0 0 0 0.385326 0 0 0 0 0 0 0 0 0 0 0 0 0 0 0 0.385326 0 0 0 0 0 0 0 0 0 0 0 0 0 0 0 0 0 0 0 0 0 0 0 0 0 0 0 0 0 
0 0.494893 0.494893 -4.07239 0 0 0 0.770651 0 0 0 0.770651 0 0 0 0 0 0 0 0.770651 0 0 0 0 0 0 0 0 0 0 0 0 0 0 0 0.770651 0 0 0 0 0 0 0 0 0 0 0 0 0 0 0 0 0 0 0 0 0 0 0 0 0 0 0 0 
0.494893 0 0 0 -2.42152 0.385326 0.385326 0 0 0 0 0 0.385326 0 0 0 0 0 0 0 0.385326 0 0 0 0 0 0 0 0 0 0 0 0 0 0 0 0.385326 0 0 0 0 0 0 0 0 0 0 0 0 0 0 0 0 0 0 0 0 0 0 0 0 0 0 0 
0 0.494893 0 0 0.494893 -4.07239 0 0.770651 0 0 0 0 0 0.770651 0 0 0 0 0 0 0 0.770651 0 0 0 0 0 0 0 0 0 0 0 0 0 0 0 0.770651 0 0 0 0 0 0 0 0 0 0 0 0 0 0 0 0 0 0 0 0 0 0 0 0 0 0 
0 0 0.494893 0 0.494893 0 -4.07239 0.770651 0 0 0 0 0 0 0.770651 0 0 0 0 0 0 0 0.770651 0 0 0 0 0 0 0 0 0 0 0 0 0 0 0 0.770651 0 0 0 0 0 0 0 0 0 0 0 0 0 0 0 0 0 0 0 0 0 0 0 0 0 
0 0 0 0.494893 0 0.494893 0.494893 -4.95261 0 0 0 0 0 0 0 1.15598 0 0 0 0 0 0 0 1.15598 0 0 0 0 0 0 0 0 0 0 0 0 0 0 0 1.15598 0 0 0 0 0 0 0 0 0 0 0 0 0 0 0 0 0 0 0 0 0 0 0 0 
0.494893 0 0 0 0 0 0 0 -2.42152 0.385326 0.385326 0 0.385326 0 0 0 0 0 0 0 0 0 0 0 0.385326 0 0 0 0 0 0 0 0 0 0 0 0 0 0 0 0.385326 0 0 0 0 0 0 0 0 0 0 0 0 0 0 0 0 0 0 0 0 0 0 0 
0 0.494893 0 0 0 0 0 0 0.494893 -4.07239 0 0.770651 0 0.770651 0 0 0 0 0 0 0 0 0 0 0 0.770651 0 0 0 0 0 0 0 0 0 0 0 0 0 0 0 0.770651 0 0 0 0 0 0 0 0 0 0 0 0 0 0 0 0 0 0 0 0 0 0 
0 0 0.494893 0 0 0 0 0 0.494893 0 -4.07239 0.770651 0 0 0.770651 0 0 0 0 0 0 0 0 0 0 0 0.770651 0 0 0 0 0 0 0 0 0 0 0 0 0 0 0 0.770651 0 0 0 0 0 0 0 0 0 0 0 0 0 0 0 0 0 0 0 0 0 
0 0 0 0.494893 0 0 0 0 0 0.494893 0.494893 -4.95261 0 0 0 1.15598 0 0 0 0 0 0 0 0 0 0 0 1.15598 0 0 0 0 0 0 0 0 0 0 0 0 0 0 0 1.15598 0 0 0 0 0 0 0 0 0 0 0 0 0 0 0 0 0 0 0 0 
0 0 0 0 0.494893 0 0 0 0.494893 0 0 0 -4.07239 0.770651 0.770651 0 0 0 0 0 0 0 0 0 0 0 0 0 0.770651 0 0 0 0 0 0 0 0 0 0 0 0 0 0 0 0.770651 0 0 0 0 0 0 0 0 0 0 0 0 0 0 0 0 0 0 0 
0 0 0 0 0 0.494893 0 0 0 0.494893 0 0 0.494893 -4.95261 0 1.15598 0 0 0 0 0 0 0 0 0 0 0 0 0 1.15598 0 0 0 0 0 0 0 0 0 0 0 0 0 0 0 1.15598 0 0 0 0 0 0 0 0 0 0 0 0 0 0 0 0 0 0 
0 0 0 0 0 0 0.494893 0 0 0 0.494893 0 0.494893 0 -4.95261 1.15598 0 0 0 0 0 0 0 0 0 0 0 0 0 0 1.15598 0 0 0 0 0 0 0 0 0 0 0 0 0 0 0 1.15598 0 0 0 0 0 0 0 0 0 0 0 0 0 0 0 0 0 
0 0 0 0 0 0 0 0.494893 0 0 0 0.494893 0 0.494893 0.494893 -5.06218 0 0 0 0 0 0 0 0 0 0 0 0 0 0 0 1.5413 0 0 0 0 0 0 0 0 0 0 0 0 0 0 0 1.5413 0 0 0 0 0 0 0 0 0 0 0 0 0 0 0 0 
0.494893 0 0 0 0 0 0 0 0 0 0 0 0 0 0 0 -2.42152 0.385326 0.385326 0 0.385326 0 0 0 0.385326 0 0 0 0 0 0 0 0 0 0 0 0 0 0 0 0 0 0 0 0 0 0 0 0.385326 0 0 0 0 0 0 0 0 0 0 0 0 0 0 0 
0 0.494893 0 0 0 0 0 0 0 0 0 0 0 0 0 0 0.494893 -4.07239 0 0.770651 0 0.770651 0 0 0 0.770651 0 0 0 0 0 0 0 0 0 0 0 0 0 0 0 0 0 0 0 0 0 0 0 0.770651 0 0 0 0 0 0 0 0 0 0 0 0 0 0 
0 0 0.494893 0 0 0 0 0 0 0 0 0 0 0 0 0 0.494893 0 -4.07239 0.770651 0 0 0.770651 0 0 0 0.770651 0 0 0 0 0 0 0 0 0 0 0 0 0 0 0 0 0 0 0 0 0 0 0 0.770651 0 0 0 0 0 0 0 0 0 0 0 0 0 
0 0 0 0.494893 0 0 0 0 0 0 0 0 0 0 0 0 0 0.494893 0.494893 -4.95261 0 0 0 1.15598 0 0 0 1.15598 0 0 0 0 0 0 0 0 0 0 0 0 0 0 0 0 0 0 0 0 0 0 0 1.15598 0 0 0 0 0 0 0 0 0 0 0 0 
0 0 0 0 0.494893 0 0 0 0 0 0 0 0 0 0 0 0.494893 0 0 0 -4.07239 0.770651 0.770651 0 0 0 0 0 0.770651 0 0 0 0 0 0 0 0 0 0 0 0 0 0 0 0 0 0 0 0 0 0 0 0.770651 0 0 0 0 0 0 0 0 0 0 0 
0 0 0 0 0 0.494893 0 0 0 0 0 0 0 0 0 0 0 0.494893 0 0 0.494893 -4.95261 0 1.15598 0 0 0 0 0 1.15598 0 0 0 0 0 0 0 0 0 0 0 0 0 0 0 0 0 0 0 0 0 0 0 1.15598 0 0 0 0 0 0 0 0 0 0 
0 0 0 0 0 0 0.494893 0 0 0 0 0 0 0 0 0 0 0 0.494893 0 0.494893 0 -4.95261 1.15598 0 0 0 0 0 0 1.15598 0 0 0 0 0 0 0 0 0 0 0 0 0 0 0 0 0 0 0 0 0 0 0 1.15598 0 0 0 0 0 0 0 0 0 
0 0 0 0 0 0 0 0.494893 0 0 0 0 0 0 0 0 0 0 0 0.494893 0 0.494893 0.494893 -5.06218 0 0 0 0 0 0 0 1.5413 0 0 0 0 0 0 0 0 0 0 0 0 0 0 0 0 0 0 0 0 0 0 0 1.5413 0 0 0 0 0 0 0 0 
0 0 0 0 0 0 0 0 0.494893 0 0 0 0 0 0 0 0.494893 0 0 0 0 0 0 0 -4.07239 0.770651 0.770651 0 0.770651 0 0 0 0 0 0 0 0 0 0 0 0 0 0 0 0 0 0 0 0 0 0 0 0 0 0 0 0.770651 0 0 0 0 0 0 0 
0 0 0 0 0 0 0 0 0 0.494893 0 0 0 0 0 0 0 0.494893 0 0 0 0 0 0 0.494893 -4.95261 0 1.15598 0 1.15598 0 0 0 0 0 0 0 0 0 0 0 0 0 0 0 0 0 0 0 0 0 0 0 0 0 0 0 1.15598 0 0 0 0 0 0 
0 0 0 0 0 0 0 0 0 0 0.494893 0 0 0 0 0 0 0 0.494893 0 0 0 0 0 0.494893 0 -4.95261 1.15598 0 0 1.15598 0 0 0 0 0 0 0 0 0 0 0 0 0 0 0 0 0 0 0 0 0 0 0 0 0 0 0 1.15598 0 0 0 0 0 
0 0 0 0 0 0 0 0 0 0 0 0.494893 0 0 0 0 0 0 0 0.494893 0 0 0 0 0 0.494893 0.494893 -5.06218 0 0 0 1.5413 0 0 0 0 0 0 0 0 0 0 0 0 0 0 0 0 0 0 0 0 0 0 0 0 0 0 0 1.5413 0 0 0 0 
0 0 0 0 0 0 0 0 0 0 0 0 0.494893 0 0 0 0 0 0 0 0.494893 0 0 0 0.494893 0 0 0 -4.95261 1.15598 1.15598 0 0 0 0 0 0 0 0 0 0 0 0 0 0 0 0 0 0 0 0 0 0 0 0 0 0 0 0 0 1.15598 0 0 0 
0 0 0 0 0 0 0 0 0 0 0 0 0 0.494893 0 0 0 0 0 0 0 0.494893 0 0 0 0.494893 0 0 0.494893 -5.06218 0 1.5413 0 0 0 0 0 0 0 0 0 0 0 0 0 0 0 0 0 0 0 0 0 0 0 0 0 0 0 0 0 1.5413 0 0 
0 0 0 0 0 0 0 0 0 0 0 0 0 0 0.494893 0 0 0 0 0 0 0 0.494893 0 0 0 0.494893 0 0.494893 0 -5.06218 1.5413 0 0 0 0 0 0 0 0 0 0 0 0 0 0 0 0 0 0 0 0 0 0 0 0 0 0 0 0 0 0 1.5413 0 
0 0 0 0 0 0 0 0 0 0 0 0 0 0 0 0.494893 0 0 0 0 0 0 0 0.494893 0 0 0 0.494893 0 0.494893 0.494893 -4.40109 0 0 0 0 0 0 0 0 0 0 0 0 0 0 0 0 0 0 0 0 0 0 0 0 0 0 0 0 0 0 0 1.92663 
0.494893 0 0 0 0 0 0 0 0 0 0 0 0 0 0 0 0 0 0 0 0 0 0 0 0 0 0 0 0 0 0 0 -2.42152 0.385326 0.385326 0 0.385326 0 0 0 0.385326 0 0 0 0 0 0 0 0.385326 0 0 0 0 0 0 0 0 0 0 0 0 0 0 0 
0 0.494893 0 0 0 0 0 0 0 0 0 0 0 0 0 0 0 0 0 0 0 0 0 0 0 0 0 0 0 0 0 0 0.494893 -4.07239 0 0.770651 0 0.770651 0 0 0 0.770651 0 0 0 0 0 0 0 0.770651 0 0 0 0 0 0 0 0 0 0 0 0 0 0 
0 0 0.494893 0 0 0 0 0 0 0 0 0 0 0 0 0 0 0 0 0 0 0 0 0 0 0 0 0 0 0 0 0 0.494893 0 -4.07239 0.770651 0 0 0.770651 0 0 0 0.770651 0 0 0 0 0 0 0 0.770651 0 0 0 0 0 0 0 0 0 0 0 0 0 
0 0 0 0.494893 0 0 0 0 0 0 0 0 0 0 0 0 0 0 0 0 0 0 0 0 0 0 0 0 0 0 0 0 0 0.494893 0.494893 -4.95261 0 0 0 1.15598 0 0 0 1.15598 0 0 0 0 0 0 0 1.15598 0 0 0 0 0 0 0 0 0 0 0 0 
0 0 0 0 0.494893 0 0 0 0 0 0 0 0 0 0 0 0 0 0 0 0 0 0 0 0 0 0 0 0 0 0 0 0.494893 0 0 0 -4.07239 0.770651 0.770651 0 0 0 0 0 0.770651 0 0 0 0 0 0 0 0.770651 0 0 0 0 0 0 0 0 0 0 0 
0 0 0 0 0 0.494893 0 0 0 0 0 0 0 0 0 0 0 0 0 0 0 0 0 0 0 0 0 0 0 0 0 0 0 0.494893 0 0 0.494893 -4.95261 0 1.15598 0 0 0 0 0 1.15598 0 0 0 0 0 0 0 1.15598 0 0 0 0 0 0 0 0 0 0 
0 0 0 0 0 0 0.494893 0 0 0 0 0 0 0 0 0 0 0 0 0 0 0 0 0 0 0 0 0 0 0 0 0 0 0 0.494893 0 0.494893 0 -4.95261 1.15598 0 0 0 0 0 0 1.15598 0 0 0 0 0 0 0 1.15598 0 0 0 0 0 0 0 0 0 
0 0 0 0 0 0 0 0.494893 0 0 0 0 0 0 0 0 0 0 0 0 0 0 0 0 0 0 0 0 0 0 0 0 0 0 0 0.494893 0 0.494893 0.494893 -5.06218 0 0 0 0 0 0 0 1.5413 0 0 0 0 0 0 0 1.5413 0 0 0 0 0 0 0 0 
0 0 0 0 0 0 0 0 0.494893 0 0 0 0 0 0 0 0 0 0 0 0 0 0 0 0 0 0 0 0 0 0 0 0.494893 0 0 0 0 0 0 0 -4.07239 0.770651 0.770651 0 0.770651 0 0 0 0 0 0 0 0 0 0 0 0.770651 0 0 0 0 0 0 0 
0 0 0 0 0 0 0 0 0 0.494893 0 0 0 0 0 0 0 0 0 0 0 0 0 0 0 0 0 0 0 0 0 0 0 0.494893 0 0 0 0 0 0 0.494893 -4.95261 0 1.15598 0 1.15598 0 0 0 0 0 0 0 0 0 0 0 1.15598 0 0 0 0 0 0 
0 0 0 0 0 0 0 0 0 0 0.494893 0 0 0 0 0 0 0 0 0 0 0 0 0 0 0 0 0 0 0 0 0 0 0 0.494893 0 0 0 0 0 0.494893 0 -4.95261 1.15598 0 0 1.15598 0 0 0 0 0 0 0 0 0 0 0 1.15598 0 0 0 0 0 
0 0 0 0 0 0 0 0 0 0 0 0.494893 0 0 0 0 0 0 0 0 0 0 0 0 0 0 0 0 0 0 0 0 0 0 0 0.494893 0 0 0 0 0 0.494893 0.494893 -5.06218 0 0 0 1.5413 0 0 0 0 0 0 0 0 0 0 0 1.5413 0 0 0 0 
0 0 0 0 0 0 0 0 0 0 0 0 0.494893 0 0 0 0 0 0 0 0 0 0 0 0 0 0 0 0 0 0 0 0 0 0 0 0.494893 0 0 0 0.494893 0 0 0 -4.95261 1.15598 1.15598 0 0 0 0 0 0 0 0 0 0 0 0 0 1.15598 0 0 0 
0 0 0 0 0 0 0 0 0 0 0 0 0 0.494893 0 0 0 0 0 0 0 0 0 0 0 0 0 0 0 0 0 0 0 0 0 0 0 0.494893 0 0 0 0.494893 0 0 0.494893 -5.06218 0 1.5413 0 0 0 0 0 0 0 0 0 0 0 0 0 1.5413 0 0 
0 0 0 0 0 0 0 0 0 0 0 0 0 0 0.494893 0 0 0 0 0 0 0 0 0 0 0 0 0 0 0 0 0 0 0 0 0 0 0 0.494893 0 0 0 0.494893 0 0.494893 0 -5.06218 1.5413 0 0 0 0 0 0 0 0 0 0 0 0 0 0 1.5413 0 
0 0 0 0 0 0 0 0 0 0 0 0 0 0 0 0.494893 0 0 0 0 0 0 0 0 0 0 0 0 0 0 0 0 0 0 0 0 0 0 0 0.494893 0 0 0 0.494893 0 0.494893 0.494893 -4.40109 0 0 0 0 0 0 0 0 0 0 0 0 0 0 0 1.92663 
0 0 0 0 0 0 0 0 0 0 0 0 0 0 0 0 0.494893 0 0 0 0 0 0 0 0 0 0 0 0 0 0 0 0.494893 0 0 0 0 0 0 0 0 0 0 0 0 0 0 0 -4.07239 0.770651 0.770651 0 0.770651 0 0 0 0.770651 0 0 0 0 0 0 0 
0 0 0 0 0 0 0 0 0 0 0 0 0 0 0 0 0 0.494893 0 0 0 0 0 0 0 0 0 0 0 0 0 0 0 0.494893 0 0 0 0 0 0 0 0 0 0 0 0 0 0 0.494893 -4.95261 0 1.15598 0 1.15598 0 0 0 1.15598 0 0 0 0 0 0 
0 0 0 0 0 0 0 0 0 0 0 0 0 0 0 0 0 0 0.494893 0 0 0 0 0 0 0 0 0 0 0 0 0 0 0 0.494893 0 0 0 0 0 0 0 0 0 0 0 0 0 0.494893 0 -4.95261 1.15598 0 0 1.15598 0 0 0 1.15598 0 0 0 0 0 
0 0 0 0 0 0 0 0 0 0 0 0 0 0 0 0 0 0 0 0.494893 0 0 0 0 0 0 0 0 0 0 0 0 0 0 0 0.494893 0 0 0 0 0 0 0 0 0 0 0 0 0 0.494893 0.494893 -5.06218 0 0 0 1.5413 0 0 0 1.5413 0 0 0 0 
0 0 0 0 0 0 0 0 0 0 0 0 0 0 0 0 0 0 0 0 0.494893 0 0 0 0 0 0 0 0 0 0 0 0 0 0 0 0.494893 0 0 0 0 0 0 0 0 0 0 0 0.494893 0 0 0 -4.95261 1.15598 1.15598 0 0 0 0 0 1.15598 0 0 0 
0 0 0 0 0 0 0 0 0 0 0 0 0 0 0 0 0 0 0 0 0 0.494893 0 0 0 0 0 0 0 0 0 0 0 0 0 0 0 0.494893 0 0 0 0 0 0 0 0 0 0 0 0.494893 0 0 0.494893 -5.06218 0 1.5413 0 0 0 0 0 1.5413 0 0 
0 0 0 0 0 0 0 0 0 0 0 0 0 0 0 0 0 0 0 0 0 0 0.494893 0 0 0 0 0 0 0 0 0 0 0 0 0 0 0 0.494893 0 0 0 0 0 0 0 0 0 0 0 0.494893 0 0.494893 0 -5.06218 1.5413 0 0 0 0 0 0 1.5413 0 
0 0 0 0 0 0 0 0 0 0 0 0 0 0 0 0 0 0 0 0 0 0 0 0.494893 0 0 0 0 0 0 0 0 0 0 0 0 0 0 0 0.494893 0 0 0 0 0 0 0 0 0 0 0 0.494893 0 0.494893 0.494893 -4.40109 0 0 0 0 0 0 0 1.92663 
0 0 0 0 0 0 0 0 0 0 0 0 0 0 0 0 0 0 0 0 0 0 0 0 0.494893 0 0 0 0 0 0 0 0 0 0 0 0 0 0 0 0.494893 0 0 0 0 0 0 0 0.494893 0 0 0 0 0 0 0 -4.95261 1.15598 1.15598 0 1.15598 0 0 0 
0 0 0 0 0 0 0 0 0 0 0 0 0 0 0 0 0 0 0 0 0 0 0 0 0 0.494893 0 0 0 0 0 0 0 0 0 0 0 0 0 0 0 0.494893 0 0 0 0 0 0 0 0.494893 0 0 0 0 0 0 0.494893 -5.06218 0 1.5413 0 1.5413 0 0 
0 0 0 0 0 0 0 0 0 0 0 0 0 0 0 0 0 0 0 0 0 0 0 0 0 0 0.494893 0 0 0 0 0 0 0 0 0 0 0 0 0 0 0 0.494893 0 0 0 0 0 0 0 0.494893 0 0 0 0 0 0.494893 0 -5.06218 1.5413 0 0 1.5413 0 
0 0 0 0 0 0 0 0 0 0 0 0 0 0 0 0 0 0 0 0 0 0 0 0 0 0 0 0.494893 0 0 0 0 0 0 0 0 0 0 0 0 0 0 0 0.494893 0 0 0 0 0 0 0 0.494893 0 0 0 0 0 0.494893 0.494893 -4.40109 0 0 0 1.92663 
0 0 0 0 0 0 0 0 0 0 0 0 0 0 0 0 0 0 0 0 0 0 0 0 0 0 0 0 0.494893 0 0 0 0 0 0 0 0 0 0 0 0 0 0 0 0.494893 0 0 0 0 0 0 0 0.494893 0 0 0 0.494893 0 0 0 -5.06218 1.5413 1.5413 0 
0 0 0 0 0 0 0 0 0 0 0 0 0 0 0 0 0 0 0 0 0 0 0 0 0 0 0 0 0 0.494893 0 0 0 0 0 0 0 0 0 0 0 0 0 0 0 0.494893 0 0 0 0 0 0 0 0.494893 0 0 0 0.494893 0 0 0.494893 -4.40109 0 1.92663 
0 0 0 0 0 0 0 0 0 0 0 0 0 0 0 0 0 0 0 0 0 0 0 0 0 0 0 0 0 0 0.494893 0 0 0 0 0 0 0 0 0 0 0 0 0 0 0 0.494893 0 0 0 0 0 0 0 0.494893 0 0 0 0.494893 0 0.494893 0 -4.40109 1.92663 
0 0 0 0 0 0 0 0 0 0 0 0 0 0 0 0 0 0 0 0 0 0 0 0 0 0 0 0 0 0 0 0.494893 0 0 0 0 0 0 0 0 0 0 0 0 0 0 0 0.494893 0 0 0 0 0 0 0 0.494893 0 0 0 0.494893 0 0.494893 0.494893 -2.96936 
