64
-0 0 0 0 0 0 0 0 0 0 0 0 0 0 0 0 0 0 0 0 0 0 0 0 0 0 0 0 0 0 0 0 0 0 0 0 0 0 0 0 0 0 0 0 0 0 0 0 0 0 0 0 0 0 0 0 0 0 0 0 0 0 0 0 
0.545931 -2.73446 0 0.437705 0 0.437705 0 0 0 0.437705 0 0 0 0 0 0 0 0.437705 0 0 0 0 0 0 0 0 0 0 0 0 0 0 0 0.437705 0 0 0 0 0 0 0 0 0 0 0 0 0 0 0 0 0 0 0 0 0 0 0 0 0 0 0 0 0 0 
0.545931 0 -2.73446 0.437705 0 0 0.437705 0 0 0 0.437705 0 0 0 0 0 0 0 0.437705 0 0 0 0 0 0 0 0 0 0 0 0 0 0 0 0.437705 0 0 0 0 0 0 0 0 0 0 0 0 0 0 0 0 0 0 0 0 0 0 0 0 0 0 0 0 0 
0 0.545931 0.545931 -4.5935 0 0 0 0.87541 0 0 0 0.87541 0 0 0 0 0 0 0 0.87541 0 0 0 0 0 0 0 0 0 0 0 0 0 0 0 0.87541 0 0 0 0 0 0 0 0 0 0 0 0 0 0 0 0 0 0 0 0 0 0 0 0 0 0 0 0 
0.545931 0 0 0 -2.73446 0.437705 0.437705 0 0 0 0 0 0.437705 0 0 0 0 0 0 0 0.437705 0 0 0 0 0 0 0 0 0 0 0 0 0 0 0 0.437705 0 0 0 0 0 0 0 0 0 0 0 0 0 0 0 0 0 0 0 0 0 0 0 0 0 0 0 
0 0.545931 0 0 0.545931 -4.5935 0 0.87541 0 0 0 0 0 0.87541 0 0 0 0 0 0 0 0.87541 0 0 0 0 0 0 0 0 0 0 0 0 0 0 0 0.87541 0 0 0 0 0 0 0 0 0 0 0 0 0 0 0 0 0 0 0 0 0 0 0 0 0 0 
0 0 0.545931 0 0.545931 0 -4.5935 0.87541 0 0 0 0 0 0 0.87541 0 0 0 0 0 0 0 0.87541 0 0 0 0 0 0 0 0 0 0 0 0 0 0 0 0.87541 0 0 0 0 0 0 0 0 0 0 0 0 0 0 0 0 0 0 0 0 0 0 0 0 0 
0 0 0 0.545931 0 0.545931 0.545931 -5.57714 0 0 0 0 0 0 0 1.31311 0 0 0 0 0 0 0 1.31311 0 0 0 0 0 0 0 0 0 0 0 0 0 0 0 1.31311 0 0 0 0 0 0 0 0 0 0 0 0 0 0 0 0 0 0 0 0 0 0 0 0 
0.545931 0 0 0 0 0 0 0 -2.73446 0.437705 0.437705 0 0.437705 0 0 0 0 0 0 0 0 0 0 0 0.437705 0 0 0 0 0 0 0 0 0 0 0 0 0 0 0 0.437705 0 0 0 0 0 0 0 0 0 0 0 0 0 0 0 0 0 0 0 0 0 0 0 
0 0.545931 0 0 0 0 0 0 0.545931 -4.5935 0 0.87541 0 0.87541 0 0 0 0 0 0 0 0 0 0 0 0.87541 0 0 0 0 0 0 0 0 0 0 0 0 0 0 0 0.87541 0 0 0 0 0 0 0 0 0 0 0 0 0 0 0 0 0 0 0 0 0 0 
0 0 0.545931 0 0 0 0 0 0.545931 0 -4.5935 0.87541 0 0 0.87541 0 0 0 0 0 0 0 0 0 0 0 0.87541 0 0 0 0 0 0 0 0 0 0 0 0 0 0 0 0.87541 0 0 0 0 0 0 0 0 0 0 0 0 0 0 0 0 0 0 0 0 0 
0 0 0 0.545931 0 0 0 0 0 0.545931 0.545931 -5.57714 0 0 0 1.31311 0 0 0 0 0 0 0 0 0 0 0 1.31311 0 0 0 0 0 0 0 0 0 0 0 0 0 0 0 1.31311 0 0 0 0 0 0 0 0 0 0 0 0 0 0 0 0 0 0 0 0 
0 0 0 0 0.545931 0 0 0 0.545931 0 0 0 -4.5935 0.87541 0.87541 0 0 0 0 0 0 0 0 0 0 0 0 0 0.87541 0 0 0 0 0 0 0 0 0 0 0 0 0 0 0 0.87541 0 0 0 0 0 0 0 0 0 0 0 0 0 0 0 0 0 0 0 
0 0 0 0 0 0.545931 0 0 0 0.545931 0 0 0.545931 -5.57714 0 1.31311 0 0 0 0 0 0 0 0 0 0 0 0 0 1.31311 0 0 0 0 0 0 0 0 0 0 0 0 0 0 0 1.31311 0 0 0 0 0 0 0 0 0 0 0 0 0 0 0 0 0 0 
0 0 0 0 0 0 0.545931 0 0 0 0.545931 0 0.545931 0 -5.57714 1.31311 0 0 0 0 0 0 0 0 0 0 0 0 0 0 1.31311 0 0 0 0 0 0 0 0 0 0 0 0 0 0 0 1.31311 0 0 0 0 0 0 0 0 0 0 0 0 0 0 0 0 0 
0 0 0 0 0 0 0 0.545931 0 0 0 0.545931 0 0.545931 0.545931 -5.68536 0 0 0 0 0 0 0 0 0 0 0 0 0 0 0 1.75082 0 0 0 0 0 0 0 0 0 0 0 0 0 0 0 1.75082 0 0 0 0 0 0 0 0 0 0 0 0 0 0 0 0 
0.545931 0 0 0 0 0 0 0 0 0 0 0 0 0 0 0 -2.73446 0.437705 0.437705 0 0.437705 0 0 0 0.437705 0 0 0 0 0 0 0 0 0 0 0 0 0 0 0 0 0 0 0 0 0 0 0 0.437705 0 0 0 0 0 0 0 0 0 0 0 0 0 0 0 
0 0.545931 0 0 0 0 0 0 0 0 0 0 0 0 0 0 0.545931 -4.5935 0 0.87541 0 0.87541 0 0 0 0.87541 0 0 0 0 0 0 0 0 0 0 0 0 0 0 0 0 0 0 0 0 0 0 0 0.87541 0 0 0 0 0 0 0 0 0 0 0 0 0 0 
0 0 0.545931 0 0 0 0 0 0 0 0 0 0 0 0 0 0.545931 0 -4.5935 0.87541 0 0 0.87541 0 0 0 0.87541 0 0 0 0 0 0 0 0 0 0 0 0 0 0 0 0 0 0 0 0 0 0 0 0.87541 0 0 0 0 0 0 0 0 0 0 0 0 0 
0 0 0 0.545931 0 0 0 0 0 0 0 0 0 0 0 0 0 0.545931 0.545931 -5.57714 0 0 0 1.31311 0 0 0 1.31311 0 0 0 0 0 0 0 0 0 0 0 0 0 0 0 0 0 0 0 0 0 0 0 1.31311 0 0 0 0 0 0 0 0 0 0 0 0 
0 0 0 0 0.545931 0 0 0 0 0 0 0 0 0 0 0 0.545931 0 0 0 -4.5935 0.87541 0.87541 0 0 0 0 0 0.87541 0 0 0 0 0 0 0 0 0 0 0 0 0 0 0 0 0 0 0 0 0 0 0 0.87541 0 0 0 0 0 0 0 0 0 0 0 
0 0 0 0 0 0.545931 0 0 0 0 0 0 0 0 0 0 0 0.545931 0 0 0.545931 -5.57714 0 1.31311 0 0 0 0 0 1.31311 0 0 0 0 0 0 0 0 0 0 0 0 0 0 0 0 0 0 0 0 0 0 0 1.31311 0 0 0 0 0 0 0 0 0 0 
0 0 0 0 0 0 0.545931 0 0 0 0 0 0 0 0 0 0 0 0.545931 0 0.545931 0 -5.57714 1.31311 0 0 0 0 0 0 1.31311 0 0 0 0 0 0 0 0 0 0 0 0 0 0 0 0 0 0 0 0 0 0 0 1.31311 0 0 0 0 0 0 0 0 0 
0 0 0 0 0 0 0 0.545931 0 0 0 0 0 0 0 0 0 0 0 0.545931 0 0.545931 0.545931 -5.68536 0 0 0 0 0 0 0 1.75082 0 0 0 0 0 0 0 0 0 0 0 0 0 0 0 0 0 0 0 0 0 0 0 1.75082 0 0 0 0 0 0 0 0 
0 0 0 0 0 0 0 0 0.545931 0 0 0 0 0 0 0 0.545931 0 0 0 0 0 0 0 -4.5935 0.87541 0.87541 0 0.87541 0 0 0 0 0 0 0 0 0 0 0 0 0 0 0 0 0 0 0 0 0 0 0 0 0 0 0 0.87541 0 0 0 0 0 0 0 
0 0 0 0 0 0 0 0 0 0.545931 0 0 0 0 0 0 0 0.545931 0 0 0 0 0 0 0.545931 -5.57714 0 1.31311 0 1.31311 0 0 0 0 0 0 0 0 0 0 0 0 0 0 0 0 0 0 0 0 0 0 0 0 0 0 0 1.31311 0 0 0 0 0 0 
0 0 0 0 0 0 0 0 0 0 0.545931 0 0 0 0 0 0 0 0.545931 0 0 0 0 0 0.545931 0 -5.57714 1.31311 0 0 1.31311 0 0 0 0 0 0 0 0 0 0 0 0 0 0 0 0 0 0 0 0 0 0 0 0 0 0 0 1.31311 0 0 0 0 0 
0 0 0 0 0 0 0 0 0 0 0 0.545931 0 0 0 0 0 0 0 0.545931 0 0 0 0 0 0.545931 0.545931 -5.68536 0 0 0 1.75082 0 0 0 0 0 0 0 0 0 0 0 0 0 0 0 0 0 0 0 0 0 0 0 0 0 0 0 1.75082 0 0 0 0 
0 0 0 0 0 0 0 0 0 0 0 0 0.545931 0 0 0 0 0 0 0 0.545931 0 0 0 0.545931 0 0 0 -5.57714 1.31311 1.31311 0 0 0 0 0 0 0 0 0 0 0 0 0 0 0 0 0 0 0 0 0 0 0 0 0 0 0 0 0 1.31311 0 0 0 
0 0 0 0 0 0 0 0 0 0 0 0 0 0.545931 0 0 0 0 0 0 0 0.545931 0 0 0 0.545931 0 0 0.545931 -5.68536 0 1.75082 0 0 0 0 0 0 0 0 0 0 0 0 0 0 0 0 0 0 0 0 0 0 0 0 0 0 0 0 0 1.75082 0 0 
0 0 0 0 0 0 0 0 0 0 0 0 0 0 0.545931 0 0 0 0 0 0 0 0.545931 0 0 0 0.545931 0 0.545931 0 -5.68536 1.75082 0 0 0 0 0 0 0 0 0 0 0 0 0 0 0 0 0 0 0 0 0 0 0 0 0 0 0 0 0 0 1.75082 0 
0 0 0 0 0 0 0 0 0 0 0 0 0 0 0 0.545931 0 0 0 0 0 0 0 0.545931 0 0 0 0.545931 0 0.545931 0.545931 -4.91818 0 0 0 0 0 0 0 0 0 0 0 0 0 0 0 0 0 0 0 0 0 0 0 0 0 0 0 0 0 0 0 2.18852 
0.545931 0 0 0 0 0 0 0 0 0 0 0 0 0 0 0 0 0 0 0 0 0 0 0 0 0 0 0 0 0 0 0 -2.73446 0.437705 0.437705 0 0.437705 0 0 0 0.437705 0 0 0 0 0 0 0 0.437705 0 0 0 0 0 0 0 0 0 0 0 0 0 0 0 
0 0.545931 0 0 0 0 0 0 0 0 0 0 0 0 0 0 0 0 0 0 0 0 0 0 0 0 0 0 0 0 0 0 0.545931 -4.5935 0 0.87541 0 0.87541 0 0 0 0.87541 0 0 0 0 0 0 0 0.87541 0 0 0 0 0 0 0 0 0 0 0 0 0 0 
0 0 0.545931 0 0 0 0 0 0 0 0 0 0 0 0 0 0 0 0 0 0 0 0 0 0 0 0 0 0 0 0 0 0.545931 0 -4.5935 0.87541 0 0 0.87541 0 0 0 0.87541 0 0 0 0 0 0 0 0.87541 0 0 0 0 0 0 0 0 0 0 0 0 0 
0 0 0 0.545931 0 0 0 0 0 0 0 0 0 0 0 0 0 0 0 0 0 0 0 0 0 0 0 0 0 0 0 0 0 0.545931 0.545931 -5.57714 0 0 0 1.31311 0 0 0 1.31311 0 0 0 0 0 0 0 1.31311 0 0 0 0 0 0 0 0 0 0 0 0 
0 0 0 0 0.545931 0 0 0 0 0 0 0 0 0 0 0 0 0 0 0 0 0 0 0 0 0 0 0 0 0 0 0 0.545931 0 0 0 -4.5935 0.87541 0.87541 0 0 0 0 0 0.87541 0 0 0 0 0 0 0 0.87541 0 0 0 0 0 0 0 0 0 0 0 
0 0 0 0 0 0.545931 0 0 0 0 0 0 0 0 0 0 0 0 0 0 0 0 0 0 0 0 0 0 0 0 0 0 0 0.545931 0 0 0.545931 -5.57714 0 1.31311 0 0 0 0 0 1.31311 0 0 0 0 0 0 0 1.31311 0 0 0 0 0 0 0 0 0 0 
0 0 0 0 0 0 0.545931 0 0 0 0 0 0 0 0 0 0 0 0 0 0 0 0 0 0 0 0 0 0 0 0 0 0 0 0.545931 0 0.545931 0 -5.57714 1.31311 0 0 0 0 0 0 1.31311 0 0 0 0 0 0 0 1.31311 0 0 0 0 0 0 0 0 0 
0 0 0 0 0 0 0 0.545931 0 0 0 0 0 0 0 0 0 0 0 0 0 0 0 0 0 0 0 0 0 0 0 0 0 0 0 0.545931 0 0.545931 0.545931 -5.68536 0 0 0 0 0 0 0 1.75082 0 0 0 0 0 0 0 1.75082 0 0 0 0 0 0 0 0 
0 0 0 0 0 0 0 0 0.545931 0 0 0 0 0 0 0 0 0 0 0 0 0 0 0 0 0 0 0 0 0 0 0 0.545931 0 0 0 0 0 0 0 -4.5935 0.87541 0.87541 0 0.87541 0 0 0 0 0 0 0 0 0 0 0 0.87541 0 0 0 0 0 0 0 
0 0 0 0 0 0 0 0 0 0.545931 0 0 0 0 0 0 0 0 0 0 0 0 0 0 0 0 0 0 0 0 0 0 0 0.545931 0 0 0 0 0 0 0.545931 -5.57714 0 1.31311 0 1.31311 0 0 0 0 0 0 0 0 0 0 0 1.31311 0 0 0 0 0 0 
0 0 0 0 0 0 0 0 0 0 0.545931 0 0 0 0 0 0 0 0 0 0 0 0 0 0 0 0 0 0 0 0 0 0 0 0.545931 0 0 0 0 0 0.545931 0 -5.57714 1.31311 0 0 1.31311 0 0 0 0 0 0 0 0 0 0 0 1.31311 0 0 0 0 0 
0 0 0 0 0 0 0 0 0 0 0 0.545931 0 0 0 0 0 0 0 0 0 0 0 0 0 0 0 0 0 0 0 0 0 0 0 0.545931 0 0 0 0 0 0.545931 0.545931 -5.68536 0 0 0 1.75082 0 0 0 0 0 0 0 0 0 0 0 1.75082 0 0 0 0 
0 0 0 0 0 0 0 0 0 0 0 0 0.545931 0 0 0 0 0 0 0 0 0 0 0 0 0 0 0 0 0 0 0 0 0 0 0 0.545931 0 0 0 0.545931 0 0 0 -5.57714 1.31311 1.31311 0 0 0 0 0 0 0 0 0 0 0 0 0 1.31311 0 0 0 
0 0 0 0 0 0 0 0 0 0 0 0 0 0.545931 0 0 0 0 0 0 0 0 0 0 0 0 0 0 0 0 0 0 0 0 0 0 0 0.545931 0 0 0 0.545931 0 0 0.545931 -5.68536 0 1.75082 0 0 0 0 0 0 0 0 0 0 0 0 0 1.75082 0 0 
0 0 0 0 0 0 0 0 0 0 0 0 0 0 0.545931 0 0 0 0 0 0 0 0 0 0 0 0 0 0 0 0 0 0 0 0 0 0 0 0.545931 0 0 0 0.545931 0 0.545931 0 -5.68536 1.75082 0 0 0 0 0 0 0 0 0 0 0 0 0 0 1.75082 0 
0 0 0 0 0 0 0 0 0 0 0 0 0 0 0 0.545931 0 0 0 0 0 0 0 0 0 0 0 0 0 0 0 0 0 0 0 0 0 0 0 0.545931 0 0 0 0.545931 0 0.545931 0.545931 -4.91818 0 0 0 0 0 0 0 0 0 0 0 0 0 0 0 2.18852 
0 0 0 0 0 0 0 0 0 0 0 0 0 0 0 0 0.545931 0 0 0 0 0 0 0 0 0 0 0 0 0 0 0 0.545931 0 0 0 0 0 0 0 0 0 0 0 0 0 0 0 -4.5935 0.87541 0.87541 0 0.87541 0 0 0 0.87541 0 0 0 0 0 0 0 
0 0 0 0 0 0 0 0 0 0 0 0 0 0 0 0 0 0.545931 0 0 0 0 0 0 0 0 0 0 0 0 0 0 0 0.545931 0 0 0 0 0 0 0 0 0 0 0 0 0 0 0.545931 -5.57714 0 1.31311 0 1.31311 0 0 0 1.31311 0 0 0 0 0 0 
0 0 0 0 0 0 0 0 0 0 0 0 0 0 0 0 0 0 0.545931 0 0 0 0 0 0 0 0 0 0 0 0 0 0 0 0.545931 0 0 0 0 0 0 0 0 0 0 0 0 0 0.545931 0 -5.57714 1.31311 0 0 1.31311 0 0 0 1.31311 0 0 0 0 0 
0 0 0 0 0 0 0 0 0 0 0 0 0 0 0 0 0 0 0 0.545931 0 0 0 0 0 0 0 0 0 0 0 0 0 0 0 0.545931 0 0 0 0 0 0 0 0 0 0 0 0 0 0.545931 0.545931 -5.68536 0 0 0 1.75082 0 0 0 1.75082 0 0 0 0 
0 0 0 0 0 0 0 0 0 0 0 0 0 0 0 0 0 0 0 0 0.545931 0 0 0 0 0 0 0 0 0 0 0 0 0 0 0 0.545931 0 0 0 0 0 0 0 0 0 0 0 0.545931 0 0 0 -5.57714 1.31311 1.31311 0 0 0 0 0 1.31311 0 0 0 
0 0 0 0 0 0 0 0 0 0 0 0 0 0 0 0 0 0 0 0 0 0.545931 0 0 0 0 0 0 0 0 0 0 0 0 0 0 0 0.545931 0 0 0 0 0 0 0 0 0 0 0 0.545931 0 0 0.545931 -5.68536 0 1.75082 0 0 0 0 0 1.75082 0 0 
0 0 0 0 0 0 0 0 0 0 0 0 0 0 0 0 0 0 0 0 0 0 0.545931 0 0 0 0 0 0 0 0 0 0 0 0 0 0 0 0.545931 0 0 0 0 0 0 0 0 0 0 0 0.545931 0 0.545931 0 -5.68536 1.75082 0 0 0 0 0 0 1.75082 0 
0 0 0 0 0 0 0 0 0 0 0 0 0 0 0 0 0 0 0 0 0 0 0 0.545931 0 0 0 0 0 0 0 0 0 0 0 0 0 0 0 0.545931 0 0 0 0 0 0 0 0 0 0 0 0.545931 0 0.545931 0.545931 -4.91818 0 0 0 0 0 0 0 2.18852 
0 0 0 0 0 0 0 0 0 0 0 0 0 0 0 0 0 0 0 0 0 0 0 0 0.545931 0 0 0 0 0 0 0 0 0 0 0 0 0 0 0 0.545931 0 0 0 0 0 0 0 0.545931 0 0 0 0 0 0 0 -5.57714 1.31311 1.31311 0 1.31311 0 0 0 
0 0 0 0 0 0 0 0 0 0 0 0 0 0 0 0 0 0 0 0 0 0 0 0 0 0.545931 0 0 0 0 0 0 0 0 0 0 0 0 0 0 0 0.545931 0 0 0 0 0 0 0 0.545931 0 0 0 0 0 0 0.545931 -5.68536 0 1.75082 0 1.75082 0 0 
0 0 0 0 0 0 0 0 0 0 0 0 0 0 0 0 0 0 0 0 0 0 0 0 0 0 0.545931 0 0 0 0 0 0 0 0 0 0 0 0 0 0 0 0.545931 0 0 0 0 0 0 0 0.545931 0 0 0 0 0 0.545931 0 -5.68536 1.75082 0 0 1.75082 0 
0 0 0 0 0 0 0 0 0 0 0 0 0 0 0 0 0 0 0 0 0 0 0 0 0 0 0 0.545931 0 0 0 0 0 0 0 0 0 0 0 0 0 0 0 0.545931 0 0 0 0 0 0 0 0.545931 0 0 0 0 0 0.545931 0.545931 -4.91818 0 0 0 2.18852 
0 0 0 0 0 0 0 0 0 0 0 0 0 0 0 0 0 0 0 0 0 0 0 0 0 0 0 0 0.545931 0 0 0 0 0 0 0 0 0 0 0 0 0 0 0 0.545931 0 0 0 0 0 0 0 0.545931 0 0 0 0.545931 0 0 0 -5.68536 1.75082 1.75082 0 
0 0 0 0 0 0 0 0 0 0 0 0 0 0 0 0 0 0 0 0 0 0 0 0 0 0 0 0 0 0.545931 0 0 0 0 0 0 0 0 0 0 0 0 0 0 0 0.545931 0 0 0 0 0 0 0 0.545931 0 0 0 0.545931 0 0 0.545931 -4.91818 0 2.18852 
0 0 0 0 0 0 0 0 0 0 0 0 0 0 0 0 0 0 0 0 0 0 0 0 0 0 0 0 0 0 0.545931 0 0 0 0 0 0 0 0 0 0 0 0 0 0 0 0.545931 0 0 0 0 0 0 0 0.545931 0 0 0 0.545931 0 0.545931 0 -4.91818 2.18852 
0 0 0 0 0 0 0 0 0 0 0 0 0 0 0 0 0 0 0 0 0 0 0 0 0 0 0 0 0 0 0 0.545931 0 0 0 0 0 0 0 0 0 0 0 0 0 0 0 0.545931 0 0 0 0 0 0 0 0.545931 0 0 0 0.545931 0 0.545931 0.545931 -3.27559 
