64
-0 0 0 0 0 0 0 0 0 0 0 0 0 0 0 0 0 0 0 0 0 0 0 0 0 0 0 0 0 0 0 0 0 0 0 0 0 0 0 0 0 0 0 0 0 0 0 0 0 0 0 0 0 0 0 0 0 0 0 0 0 0 0 0 
0.408207 -2.08945 0 0.336248 0 0.336248 0 0 0 0.336248 0 0 0 0 0 0 0 0.336248 0 0 0 0 0 0 0 0 0 0 0 0 0 0 0 0.336248 0 0 0 0 0 0 0 0 0 0 0 0 0 0 0 0 0 0 0 0 0 0 0 0 0 0 0 0 0 0 
0.408207 0 -2.08945 0.336248 0 0 0.336248 0 0 0 0.336248 0 0 0 0 0 0 0 0.336248 0 0 0 0 0 0 0 0 0 0 0 0 0 0 0 0.336248 0 0 0 0 0 0 0 0 0 0 0 0 0 0 0 0 0 0 0 0 0 0 0 0 0 0 0 0 0 
0 0.408207 0.408207 -3.5064 0 0 0 0.672496 0 0 0 0.672496 0 0 0 0 0 0 0 0.672496 0 0 0 0 0 0 0 0 0 0 0 0 0 0 0 0.672496 0 0 0 0 0 0 0 0 0 0 0 0 0 0 0 0 0 0 0 0 0 0 0 0 0 0 0 0 
0.408207 0 0 0 -2.08945 0.336248 0.336248 0 0 0 0 0 0.336248 0 0 0 0 0 0 0 0.336248 0 0 0 0 0 0 0 0 0 0 0 0 0 0 0 0.336248 0 0 0 0 0 0 0 0 0 0 0 0 0 0 0 0 0 0 0 0 0 0 0 0 0 0 0 
0 0.408207 0 0 0.408207 -3.5064 0 0.672496 0 0 0 0 0 0.672496 0 0 0 0 0 0 0 0.672496 0 0 0 0 0 0 0 0 0 0 0 0 0 0 0 0.672496 0 0 0 0 0 0 0 0 0 0 0 0 0 0 0 0 0 0 0 0 0 0 0 0 0 0 
0 0 0.408207 0 0.408207 0 -3.5064 0.672496 0 0 0 0 0 0 0.672496 0 0 0 0 0 0 0 0.672496 0 0 0 0 0 0 0 0 0 0 0 0 0 0 0 0.672496 0 0 0 0 0 0 0 0 0 0 0 0 0 0 0 0 0 0 0 0 0 0 0 0 0 
0 0 0 0.408207 0 0.408207 0.408207 -4.25085 0 0 0 0 0 0 0 1.00874 0 0 0 0 0 0 0 1.00874 0 0 0 0 0 0 0 0 0 0 0 0 0 0 0 1.00874 0 0 0 0 0 0 0 0 0 0 0 0 0 0 0 0 0 0 0 0 0 0 0 0 
0.408207 0 0 0 0 0 0 0 -2.08945 0.336248 0.336248 0 0.336248 0 0 0 0 0 0 0 0 0 0 0 0.336248 0 0 0 0 0 0 0 0 0 0 0 0 0 0 0 0.336248 0 0 0 0 0 0 0 0 0 0 0 0 0 0 0 0 0 0 0 0 0 0 0 
0 0.408207 0 0 0 0 0 0 0.408207 -3.5064 0 0.672496 0 0.672496 0 0 0 0 0 0 0 0 0 0 0 0.672496 0 0 0 0 0 0 0 0 0 0 0 0 0 0 0 0.672496 0 0 0 0 0 0 0 0 0 0 0 0 0 0 0 0 0 0 0 0 0 0 
0 0 0.408207 0 0 0 0 0 0.408207 0 -3.5064 0.672496 0 0 0.672496 0 0 0 0 0 0 0 0 0 0 0 0.672496 0 0 0 0 0 0 0 0 0 0 0 0 0 0 0 0.672496 0 0 0 0 0 0 0 0 0 0 0 0 0 0 0 0 0 0 0 0 0 
0 0 0 0.408207 0 0 0 0 0 0.408207 0.408207 -4.25085 0 0 0 1.00874 0 0 0 0 0 0 0 0 0 0 0 1.00874 0 0 0 0 0 0 0 0 0 0 0 0 0 0 0 1.00874 0 0 0 0 0 0 0 0 0 0 0 0 0 0 0 0 0 0 0 0 
0 0 0 0 0.408207 0 0 0 0.408207 0 0 0 -3.5064 0.672496 0.672496 0 0 0 0 0 0 0 0 0 0 0 0 0 0.672496 0 0 0 0 0 0 0 0 0 0 0 0 0 0 0 0.672496 0 0 0 0 0 0 0 0 0 0 0 0 0 0 0 0 0 0 0 
0 0 0 0 0 0.408207 0 0 0 0.408207 0 0 0.408207 -4.25085 0 1.00874 0 0 0 0 0 0 0 0 0 0 0 0 0 1.00874 0 0 0 0 0 0 0 0 0 0 0 0 0 0 0 1.00874 0 0 0 0 0 0 0 0 0 0 0 0 0 0 0 0 0 0 
0 0 0 0 0 0 0.408207 0 0 0 0.408207 0 0.408207 0 -4.25085 1.00874 0 0 0 0 0 0 0 0 0 0 0 0 0 0 1.00874 0 0 0 0 0 0 0 0 0 0 0 0 0 0 0 1.00874 0 0 0 0 0 0 0 0 0 0 0 0 0 0 0 0 0 
0 0 0 0 0 0 0 0.408207 0 0 0 0.408207 0 0.408207 0.408207 -4.32281 0 0 0 0 0 0 0 0 0 0 0 0 0 0 0 1.34499 0 0 0 0 0 0 0 0 0 0 0 0 0 0 0 1.34499 0 0 0 0 0 0 0 0 0 0 0 0 0 0 0 0 
0.408207 0 0 0 0 0 0 0 0 0 0 0 0 0 0 0 -2.08945 0.336248 0.336248 0 0.336248 0 0 0 0.336248 0 0 0 0 0 0 0 0 0 0 0 0 0 0 0 0 0 0 0 0 0 0 0 0.336248 0 0 0 0 0 0 0 0 0 0 0 0 0 0 0 
0 0.408207 0 0 0 0 0 0 0 0 0 0 0 0 0 0 0.408207 -3.5064 0 0.672496 0 0.672496 0 0 0 0.672496 0 0 0 0 0 0 0 0 0 0 0 0 0 0 0 0 0 0 0 0 0 0 0 0.672496 0 0 0 0 0 0 0 0 0 0 0 0 0 0 
0 0 0.408207 0 0 0 0 0 0 0 0 0 0 0 0 0 0.408207 0 -3.5064 0.672496 0 0 0.672496 0 0 0 0.672496 0 0 0 0 0 0 0 0 0 0 0 0 0 0 0 0 0 0 0 0 0 0 0 0.672496 0 0 0 0 0 0 0 0 0 0 0 0 0 
0 0 0 0.408207 0 0 0 0 0 0 0 0 0 0 0 0 0 0.408207 0.408207 -4.25085 0 0 0 1.00874 0 0 0 1.00874 0 0 0 0 0 0 0 0 0 0 0 0 0 0 0 0 0 0 0 0 0 0 0 1.00874 0 0 0 0 0 0 0 0 0 0 0 0 
0 0 0 0 0.408207 0 0 0 0 0 0 0 0 0 0 0 0.408207 0 0 0 -3.5064 0.672496 0.672496 0 0 0 0 0 0.672496 0 0 0 0 0 0 0 0 0 0 0 0 0 0 0 0 0 0 0 0 0 0 0 0.672496 0 0 0 0 0 0 0 0 0 0 0 
0 0 0 0 0 0.408207 0 0 0 0 0 0 0 0 0 0 0 0.408207 0 0 0.408207 -4.25085 0 1.00874 0 0 0 0 0 1.00874 0 0 0 0 0 0 0 0 0 0 0 0 0 0 0 0 0 0 0 0 0 0 0 1.00874 0 0 0 0 0 0 0 0 0 0 
0 0 0 0 0 0 0.408207 0 0 0 0 0 0 0 0 0 0 0 0.408207 0 0.408207 0 -4.25085 1.00874 0 0 0 0 0 0 1.00874 0 0 0 0 0 0 0 0 0 0 0 0 0 0 0 0 0 0 0 0 0 0 0 1.00874 0 0 0 0 0 0 0 0 0 
0 0 0 0 0 0 0 0.408207 0 0 0 0 0 0 0 0 0 0 0 0.408207 0 0.408207 0.408207 -4.32281 0 0 0 0 0 0 0 1.34499 0 0 0 0 0 0 0 0 0 0 0 0 0 0 0 0 0 0 0 0 0 0 0 1.34499 0 0 0 0 0 0 0 0 
0 0 0 0 0 0 0 0 0.408207 0 0 0 0 0 0 0 0.408207 0 0 0 0 0 0 0 -3.5064 0.672496 0.672496 0 0.672496 0 0 0 0 0 0 0 0 0 0 0 0 0 0 0 0 0 0 0 0 0 0 0 0 0 0 0 0.672496 0 0 0 0 0 0 0 
0 0 0 0 0 0 0 0 0 0.408207 0 0 0 0 0 0 0 0.408207 0 0 0 0 0 0 0.408207 -4.25085 0 1.00874 0 1.00874 0 0 0 0 0 0 0 0 0 0 0 0 0 0 0 0 0 0 0 0 0 0 0 0 0 0 0 1.00874 0 0 0 0 0 0 
0 0 0 0 0 0 0 0 0 0 0.408207 0 0 0 0 0 0 0 0.408207 0 0 0 0 0 0.408207 0 -4.25085 1.00874 0 0 1.00874 0 0 0 0 0 0 0 0 0 0 0 0 0 0 0 0 0 0 0 0 0 0 0 0 0 0 0 1.00874 0 0 0 0 0 
0 0 0 0 0 0 0 0 0 0 0 0.408207 0 0 0 0 0 0 0 0.408207 0 0 0 0 0 0.408207 0.408207 -4.32281 0 0 0 1.34499 0 0 0 0 0 0 0 0 0 0 0 0 0 0 0 0 0 0 0 0 0 0 0 0 0 0 0 1.34499 0 0 0 0 
0 0 0 0 0 0 0 0 0 0 0 0 0.408207 0 0 0 0 0 0 0 0.408207 0 0 0 0.408207 0 0 0 -4.25085 1.00874 1.00874 0 0 0 0 0 0 0 0 0 0 0 0 0 0 0 0 0 0 0 0 0 0 0 0 0 0 0 0 0 1.00874 0 0 0 
0 0 0 0 0 0 0 0 0 0 0 0 0 0.408207 0 0 0 0 0 0 0 0.408207 0 0 0 0.408207 0 0 0.408207 -4.32281 0 1.34499 0 0 0 0 0 0 0 0 0 0 0 0 0 0 0 0 0 0 0 0 0 0 0 0 0 0 0 0 0 1.34499 0 0 
0 0 0 0 0 0 0 0 0 0 0 0 0 0 0.408207 0 0 0 0 0 0 0 0.408207 0 0 0 0.408207 0 0.408207 0 -4.32281 1.34499 0 0 0 0 0 0 0 0 0 0 0 0 0 0 0 0 0 0 0 0 0 0 0 0 0 0 0 0 0 0 1.34499 0 
0 0 0 0 0 0 0 0 0 0 0 0 0 0 0 0.408207 0 0 0 0 0 0 0 0.408207 0 0 0 0.408207 0 0.408207 0.408207 -3.72228 0 0 0 0 0 0 0 0 0 0 0 0 0 0 0 0 0 0 0 0 0 0 0 0 0 0 0 0 0 0 0 1.68124 
0.408207 0 0 0 0 0 0 0 0 0 0 0 0 0 0 0 0 0 0 0 0 0 0 0 0 0 0 0 0 0 0 0 -2.08945 0.336248 0.336248 0 0.336248 0 0 0 0.336248 0 0 0 0 0 0 0 0.336248 0 0 0 0 0 0 0 0 0 0 0 0 0 0 0 
0 0.408207 0 0 0 0 0 0 0 0 0 0 0 0 0 0 0 0 0 0 0 0 0 0 0 0 0 0 0 0 0 0 0.408207 -3.5064 0 0.672496 0 0.672496 0 0 0 0.672496 0 0 0 0 0 0 0 0.672496 0 0 0 0 0 0 0 0 0 0 0 0 0 0 
0 0 0.408207 0 0 0 0 0 0 0 0 0 0 0 0 0 0 0 0 0 0 0 0 0 0 0 0 0 0 0 0 0 0.408207 0 -3.5064 0.672496 0 0 0.672496 0 0 0 0.672496 0 0 0 0 0 0 0 0.672496 0 0 0 0 0 0 0 0 0 0 0 0 0 
0 0 0 0.408207 0 0 0 0 0 0 0 0 0 0 0 0 0 0 0 0 0 0 0 0 0 0 0 0 0 0 0 0 0 0.408207 0.408207 -4.25085 0 0 0 1.00874 0 0 0 1.00874 0 0 0 0 0 0 0 1.00874 0 0 0 0 0 0 0 0 0 0 0 0 
0 0 0 0 0.408207 0 0 0 0 0 0 0 0 0 0 0 0 0 0 0 0 0 0 0 0 0 0 0 0 0 0 0 0.408207 0 0 0 -3.5064 0.672496 0.672496 0 0 0 0 0 0.672496 0 0 0 0 0 0 0 0.672496 0 0 0 0 0 0 0 0 0 0 0 
0 0 0 0 0 0.408207 0 0 0 0 0 0 0 0 0 0 0 0 0 0 0 0 0 0 0 0 0 0 0 0 0 0 0 0.408207 0 0 0.408207 -4.25085 0 1.00874 0 0 0 0 0 1.00874 0 0 0 0 0 0 0 1.00874 0 0 0 0 0 0 0 0 0 0 
0 0 0 0 0 0 0.408207 0 0 0 0 0 0 0 0 0 0 0 0 0 0 0 0 0 0 0 0 0 0 0 0 0 0 0 0.408207 0 0.408207 0 -4.25085 1.00874 0 0 0 0 0 0 1.00874 0 0 0 0 0 0 0 1.00874 0 0 0 0 0 0 0 0 0 
0 0 0 0 0 0 0 0.408207 0 0 0 0 0 0 0 0 0 0 0 0 0 0 0 0 0 0 0 0 0 0 0 0 0 0 0 0.408207 0 0.408207 0.408207 -4.32281 0 0 0 0 0 0 0 1.34499 0 0 0 0 0 0 0 1.34499 0 0 0 0 0 0 0 0 
0 0 0 0 0 0 0 0 0.408207 0 0 0 0 0 0 0 0 0 0 0 0 0 0 0 0 0 0 0 0 0 0 0 0.408207 0 0 0 0 0 0 0 -3.5064 0.672496 0.672496 0 0.672496 0 0 0 0 0 0 0 0 0 0 0 0.672496 0 0 0 0 0 0 0 
0 0 0 0 0 0 0 0 0 0.408207 0 0 0 0 0 0 0 0 0 0 0 0 0 0 0 0 0 0 0 0 0 0 0 0.408207 0 0 0 0 0 0 0.408207 -4.25085 0 1.00874 0 1.00874 0 0 0 0 0 0 0 0 0 0 0 1.00874 0 0 0 0 0 0 
0 0 0 0 0 0 0 0 0 0 0.408207 0 0 0 0 0 0 0 0 0 0 0 0 0 0 0 0 0 0 0 0 0 0 0 0.408207 0 0 0 0 0 0.408207 0 -4.25085 1.00874 0 0 1.00874 0 0 0 0 0 0 0 0 0 0 0 1.00874 0 0 0 0 0 
0 0 0 0 0 0 0 0 0 0 0 0.408207 0 0 0 0 0 0 0 0 0 0 0 0 0 0 0 0 0 0 0 0 0 0 0 0.408207 0 0 0 0 0 0.408207 0.408207 -4.32281 0 0 0 1.34499 0 0 0 0 0 0 0 0 0 0 0 1.34499 0 0 0 0 
0 0 0 0 0 0 0 0 0 0 0 0 0.408207 0 0 0 0 0 0 0 0 0 0 0 0 0 0 0 0 0 0 0 0 0 0 0 0.408207 0 0 0 0.408207 0 0 0 -4.25085 1.00874 1.00874 0 0 0 0 0 0 0 0 0 0 0 0 0 1.00874 0 0 0 
0 0 0 0 0 0 0 0 0 0 0 0 0 0.408207 0 0 0 0 0 0 0 0 0 0 0 0 0 0 0 0 0 0 0 0 0 0 0 0.408207 0 0 0 0.408207 0 0 0.408207 -4.32281 0 1.34499 0 0 0 0 0 0 0 0 0 0 0 0 0 1.34499 0 0 
0 0 0 0 0 0 0 0 0 0 0 0 0 0 0.408207 0 0 0 0 0 0 0 0 0 0 0 0 0 0 0 0 0 0 0 0 0 0 0 0.408207 0 0 0 0.408207 0 0.408207 0 -4.32281 1.34499 0 0 0 0 0 0 0 0 0 0 0 0 0 0 1.34499 0 
0 0 0 0 0 0 0 0 0 0 0 0 0 0 0 0.408207 0 0 0 0 0 0 0 0 0 0 0 0 0 0 0 0 0 0 0 0 0 0 0 0.408207 0 0 0 0.408207 0 0.408207 0.408207 -3.72228 0 0 0 0 0 0 0 0 0 0 0 0 0 0 0 1.68124 
0 0 0 0 0 0 0 0 0 0 0 0 0 0 0 0 0.408207 0 0 0 0 0 0 0 0 0 0 0 0 0 0 0 0.408207 0 0 0 0 0 0 0 0 0 0 0 0 0 0 0 -3.5064 0.672496 0.672496 0 0.672496 0 0 0 0.672496 0 0 0 0 0 0 0 
0 0 0 0 0 0 0 0 0 0 0 0 0 0 0 0 0 0.408207 0 0 0 0 0 0 0 0 0 0 0 0 0 0 0 0.408207 0 0 0 0 0 0 0 0 0 0 0 0 0 0 0.408207 -4.25085 0 1.00874 0 1.00874 0 0 0 1.00874 0 0 0 0 0 0 
0 0 0 0 0 0 0 0 0 0 0 0 0 0 0 0 0 0 0.408207 0 0 0 0 0 0 0 0 0 0 0 0 0 0 0 0.408207 0 0 0 0 0 0 0 0 0 0 0 0 0 0.408207 0 -4.25085 1.00874 0 0 1.00874 0 0 0 1.00874 0 0 0 0 0 
0 0 0 0 0 0 0 0 0 0 0 0 0 0 0 0 0 0 0 0.408207 0 0 0 0 0 0 0 0 0 0 0 0 0 0 0 0.408207 0 0 0 0 0 0 0 0 0 0 0 0 0 0.408207 0.408207 -4.32281 0 0 0 1.34499 0 0 0 1.34499 0 0 0 0 
0 0 0 0 0 0 0 0 0 0 0 0 0 0 0 0 0 0 0 0 0.408207 0 0 0 0 0 0 0 0 0 0 0 0 0 0 0 0.408207 0 0 0 0 0 0 0 0 0 0 0 0.408207 0 0 0 -4.25085 1.00874 1.00874 0 0 0 0 0 1.00874 0 0 0 
0 0 0 0 0 0 0 0 0 0 0 0 0 0 0 0 0 0 0 0 0 0.408207 0 0 0 0 0 0 0 0 0 0 0 0 0 0 0 0.408207 0 0 0 0 0 0 0 0 0 0 0 0.408207 0 0 0.408207 -4.32281 0 1.34499 0 0 0 0 0 1.34499 0 0 
0 0 0 0 0 0 0 0 0 0 0 0 0 0 0 0 0 0 0 0 0 0 0.408207 0 0 0 0 0 0 0 0 0 0 0 0 0 0 0 0.408207 0 0 0 0 0 0 0 0 0 0 0 0.408207 0 0.408207 0 -4.32281 1.34499 0 0 0 0 0 0 1.34499 0 
0 0 0 0 0 0 0 0 0 0 0 0 0 0 0 0 0 0 0 0 0 0 0 0.408207 0 0 0 0 0 0 0 0 0 0 0 0 0 0 0 0.408207 0 0 0 0 0 0 0 0 0 0 0 0.408207 0 0.408207 0.408207 -3.72228 0 0 0 0 0 0 0 1.68124 
0 0 0 0 0 0 0 0 0 0 0 0 0 0 0 0 0 0 0 0 0 0 0 0 0.408207 0 0 0 0 0 0 0 0 0 0 0 0 0 0 0 0.408207 0 0 0 0 0 0 0 0.408207 0 0 0 0 0 0 0 -4.25085 1.00874 1.00874 0 1.00874 0 0 0 
0 0 0 0 0 0 0 0 0 0 0 0 0 0 0 0 0 0 0 0 0 0 0 0 0 0.408207 0 0 0 0 0 0 0 0 0 0 0 0 0 0 0 0.408207 0 0 0 0 0 0 0 0.408207 0 0 0 0 0 0 0.408207 -4.32281 0 1.34499 0 1.34499 0 0 
0 0 0 0 0 0 0 0 0 0 0 0 0 0 0 0 0 0 0 0 0 0 0 0 0 0 0.408207 0 0 0 0 0 0 0 0 0 0 0 0 0 0 0 0.408207 0 0 0 0 0 0 0 0.408207 0 0 0 0 0 0.408207 0 -4.32281 1.34499 0 0 1.34499 0 
0 0 0 0 0 0 0 0 0 0 0 0 0 0 0 0 0 0 0 0 0 0 0 0 0 0 0 0.408207 0 0 0 0 0 0 0 0 0 0 0 0 0 0 0 0.408207 0 0 0 0 0 0 0 0.408207 0 0 0 0 0 0.408207 0.408207 -3.72228 0 0 0 1.68124 
0 0 0 0 0 0 0 0 0 0 0 0 0 0 0 0 0 0 0 0 0 0 0 0 0 0 0 0 0.408207 0 0 0 0 0 0 0 0 0 0 0 0 0 0 0 0.408207 0 0 0 0 0 0 0 0.408207 0 0 0 0.408207 0 0 0 -4.32281 1.34499 1.34499 0 
0 0 0 0 0 0 0 0 0 0 0 0 0 0 0 0 0 0 0 0 0 0 0 0 0 0 0 0 0 0.408207 0 0 0 0 0 0 0 0 0 0 0 0 0 0 0 0.408207 0 0 0 0 0 0 0 0.408207 0 0 0 0.408207 0 0 0.408207 -3.72228 0 1.68124 
0 0 0 0 0 0 0 0 0 0 0 0 0 0 0 0 0 0 0 0 0 0 0 0 0 0 0 0 0 0 0.408207 0 0 0 0 0 0 0 0 0 0 0 0 0 0 0 0.408207 0 0 0 0 0 0 0 0.408207 0 0 0 0.408207 0 0.408207 0 -3.72228 1.68124 
0 0 0 0 0 0 0 0 0 0 0 0 0 0 0 0 0 0 0 0 0 0 0 0 0 0 0 0 0 0 0 0.408207 0 0 0 0 0 0 0 0 0 0 0 0 0 0 0 0.408207 0 0 0 0 0 0 0 0.408207 0 0 0 0.408207 0 0.408207 0.408207 -2.44924 
