64
-0 0 0 0 0 0 0 0 0 0 0 0 0 0 0 0 0 0 0 0 0 0 0 0 0 0 0 0 0 0 0 0 0 0 0 0 0 0 0 0 0 0 0 0 0 0 0 0 0 0 0 0 0 0 0 0 0 0 0 0 0 0 0 0 
0.523186 -2.41717 0 0.378796 0 0.378796 0 0 0 0.378796 0 0 0 0 0 0 0 0.378796 0 0 0 0 0 0 0 0 0 0 0 0 0 0 0 0.378796 0 0 0 0 0 0 0 0 0 0 0 0 0 0 0 0 0 0 0 0 0 0 0 0 0 0 0 0 0 0 
0.523186 0 -2.41717 0.378796 0 0 0.378796 0 0 0 0.378796 0 0 0 0 0 0 0 0.378796 0 0 0 0 0 0 0 0 0 0 0 0 0 0 0 0.378796 0 0 0 0 0 0 0 0 0 0 0 0 0 0 0 0 0 0 0 0 0 0 0 0 0 0 0 0 0 
0 0.523186 0.523186 -4.07674 0 0 0 0.757592 0 0 0 0.757592 0 0 0 0 0 0 0 0.757592 0 0 0 0 0 0 0 0 0 0 0 0 0 0 0 0.757592 0 0 0 0 0 0 0 0 0 0 0 0 0 0 0 0 0 0 0 0 0 0 0 0 0 0 0 0 
0.523186 0 0 0 -2.41717 0.378796 0.378796 0 0 0 0 0 0.378796 0 0 0 0 0 0 0 0.378796 0 0 0 0 0 0 0 0 0 0 0 0 0 0 0 0.378796 0 0 0 0 0 0 0 0 0 0 0 0 0 0 0 0 0 0 0 0 0 0 0 0 0 0 0 
0 0.523186 0 0 0.523186 -4.07674 0 0.757592 0 0 0 0 0 0.757592 0 0 0 0 0 0 0 0.757592 0 0 0 0 0 0 0 0 0 0 0 0 0 0 0 0.757592 0 0 0 0 0 0 0 0 0 0 0 0 0 0 0 0 0 0 0 0 0 0 0 0 0 0 
0 0 0.523186 0 0.523186 0 -4.07674 0.757592 0 0 0 0 0 0 0.757592 0 0 0 0 0 0 0 0.757592 0 0 0 0 0 0 0 0 0 0 0 0 0 0 0 0.757592 0 0 0 0 0 0 0 0 0 0 0 0 0 0 0 0 0 0 0 0 0 0 0 0 0 
0 0 0 0.523186 0 0.523186 0.523186 -4.97872 0 0 0 0 0 0 0 1.13639 0 0 0 0 0 0 0 1.13639 0 0 0 0 0 0 0 0 0 0 0 0 0 0 0 1.13639 0 0 0 0 0 0 0 0 0 0 0 0 0 0 0 0 0 0 0 0 0 0 0 0 
0.523186 0 0 0 0 0 0 0 -2.41717 0.378796 0.378796 0 0.378796 0 0 0 0 0 0 0 0 0 0 0 0.378796 0 0 0 0 0 0 0 0 0 0 0 0 0 0 0 0.378796 0 0 0 0 0 0 0 0 0 0 0 0 0 0 0 0 0 0 0 0 0 0 0 
0 0.523186 0 0 0 0 0 0 0.523186 -4.07674 0 0.757592 0 0.757592 0 0 0 0 0 0 0 0 0 0 0 0.757592 0 0 0 0 0 0 0 0 0 0 0 0 0 0 0 0.757592 0 0 0 0 0 0 0 0 0 0 0 0 0 0 0 0 0 0 0 0 0 0 
0 0 0.523186 0 0 0 0 0 0.523186 0 -4.07674 0.757592 0 0 0.757592 0 0 0 0 0 0 0 0 0 0 0 0.757592 0 0 0 0 0 0 0 0 0 0 0 0 0 0 0 0.757592 0 0 0 0 0 0 0 0 0 0 0 0 0 0 0 0 0 0 0 0 0 
0 0 0 0.523186 0 0 0 0 0 0.523186 0.523186 -4.97872 0 0 0 1.13639 0 0 0 0 0 0 0 0 0 0 0 1.13639 0 0 0 0 0 0 0 0 0 0 0 0 0 0 0 1.13639 0 0 0 0 0 0 0 0 0 0 0 0 0 0 0 0 0 0 0 0 
0 0 0 0 0.523186 0 0 0 0.523186 0 0 0 -4.07674 0.757592 0.757592 0 0 0 0 0 0 0 0 0 0 0 0 0 0.757592 0 0 0 0 0 0 0 0 0 0 0 0 0 0 0 0.757592 0 0 0 0 0 0 0 0 0 0 0 0 0 0 0 0 0 0 0 
0 0 0 0 0 0.523186 0 0 0 0.523186 0 0 0.523186 -4.97872 0 1.13639 0 0 0 0 0 0 0 0 0 0 0 0 0 1.13639 0 0 0 0 0 0 0 0 0 0 0 0 0 0 0 1.13639 0 0 0 0 0 0 0 0 0 0 0 0 0 0 0 0 0 0 
0 0 0 0 0 0 0.523186 0 0 0 0.523186 0 0.523186 0 -4.97872 1.13639 0 0 0 0 0 0 0 0 0 0 0 0 0 0 1.13639 0 0 0 0 0 0 0 0 0 0 0 0 0 0 0 1.13639 0 0 0 0 0 0 0 0 0 0 0 0 0 0 0 0 0 
0 0 0 0 0 0 0 0.523186 0 0 0 0.523186 0 0.523186 0.523186 -5.12311 0 0 0 0 0 0 0 0 0 0 0 0 0 0 0 1.51518 0 0 0 0 0 0 0 0 0 0 0 0 0 0 0 1.51518 0 0 0 0 0 0 0 0 0 0 0 0 0 0 0 0 
0.523186 0 0 0 0 0 0 0 0 0 0 0 0 0 0 0 -2.41717 0.378796 0.378796 0 0.378796 0 0 0 0.378796 0 0 0 0 0 0 0 0 0 0 0 0 0 0 0 0 0 0 0 0 0 0 0 0.378796 0 0 0 0 0 0 0 0 0 0 0 0 0 0 0 
0 0.523186 0 0 0 0 0 0 0 0 0 0 0 0 0 0 0.523186 -4.07674 0 0.757592 0 0.757592 0 0 0 0.757592 0 0 0 0 0 0 0 0 0 0 0 0 0 0 0 0 0 0 0 0 0 0 0 0.757592 0 0 0 0 0 0 0 0 0 0 0 0 0 0 
0 0 0.523186 0 0 0 0 0 0 0 0 0 0 0 0 0 0.523186 0 -4.07674 0.757592 0 0 0.757592 0 0 0 0.757592 0 0 0 0 0 0 0 0 0 0 0 0 0 0 0 0 0 0 0 0 0 0 0 0.757592 0 0 0 0 0 0 0 0 0 0 0 0 0 
0 0 0 0.523186 0 0 0 0 0 0 0 0 0 0 0 0 0 0.523186 0.523186 -4.97872 0 0 0 1.13639 0 0 0 1.13639 0 0 0 0 0 0 0 0 0 0 0 0 0 0 0 0 0 0 0 0 0 0 0 1.13639 0 0 0 0 0 0 0 0 0 0 0 0 
0 0 0 0 0.523186 0 0 0 0 0 0 0 0 0 0 0 0.523186 0 0 0 -4.07674 0.757592 0.757592 0 0 0 0 0 0.757592 0 0 0 0 0 0 0 0 0 0 0 0 0 0 0 0 0 0 0 0 0 0 0 0.757592 0 0 0 0 0 0 0 0 0 0 0 
0 0 0 0 0 0.523186 0 0 0 0 0 0 0 0 0 0 0 0.523186 0 0 0.523186 -4.97872 0 1.13639 0 0 0 0 0 1.13639 0 0 0 0 0 0 0 0 0 0 0 0 0 0 0 0 0 0 0 0 0 0 0 1.13639 0 0 0 0 0 0 0 0 0 0 
0 0 0 0 0 0 0.523186 0 0 0 0 0 0 0 0 0 0 0 0.523186 0 0.523186 0 -4.97872 1.13639 0 0 0 0 0 0 1.13639 0 0 0 0 0 0 0 0 0 0 0 0 0 0 0 0 0 0 0 0 0 0 0 1.13639 0 0 0 0 0 0 0 0 0 
0 0 0 0 0 0 0 0.523186 0 0 0 0 0 0 0 0 0 0 0 0.523186 0 0.523186 0.523186 -5.12311 0 0 0 0 0 0 0 1.51518 0 0 0 0 0 0 0 0 0 0 0 0 0 0 0 0 0 0 0 0 0 0 0 1.51518 0 0 0 0 0 0 0 0 
0 0 0 0 0 0 0 0 0.523186 0 0 0 0 0 0 0 0.523186 0 0 0 0 0 0 0 -4.07674 0.757592 0.757592 0 0.757592 0 0 0 0 0 0 0 0 0 0 0 0 0 0 0 0 0 0 0 0 0 0 0 0 0 0 0 0.757592 0 0 0 0 0 0 0 
0 0 0 0 0 0 0 0 0 0.523186 0 0 0 0 0 0 0 0.523186 0 0 0 0 0 0 0.523186 -4.97872 0 1.13639 0 1.13639 0 0 0 0 0 0 0 0 0 0 0 0 0 0 0 0 0 0 0 0 0 0 0 0 0 0 0 1.13639 0 0 0 0 0 0 
0 0 0 0 0 0 0 0 0 0 0.523186 0 0 0 0 0 0 0 0.523186 0 0 0 0 0 0.523186 0 -4.97872 1.13639 0 0 1.13639 0 0 0 0 0 0 0 0 0 0 0 0 0 0 0 0 0 0 0 0 0 0 0 0 0 0 0 1.13639 0 0 0 0 0 
0 0 0 0 0 0 0 0 0 0 0 0.523186 0 0 0 0 0 0 0 0.523186 0 0 0 0 0 0.523186 0.523186 -5.12311 0 0 0 1.51518 0 0 0 0 0 0 0 0 0 0 0 0 0 0 0 0 0 0 0 0 0 0 0 0 0 0 0 1.51518 0 0 0 0 
0 0 0 0 0 0 0 0 0 0 0 0 0.523186 0 0 0 0 0 0 0 0.523186 0 0 0 0.523186 0 0 0 -4.97872 1.13639 1.13639 0 0 0 0 0 0 0 0 0 0 0 0 0 0 0 0 0 0 0 0 0 0 0 0 0 0 0 0 0 1.13639 0 0 0 
0 0 0 0 0 0 0 0 0 0 0 0 0 0.523186 0 0 0 0 0 0 0 0.523186 0 0 0 0.523186 0 0 0.523186 -5.12311 0 1.51518 0 0 0 0 0 0 0 0 0 0 0 0 0 0 0 0 0 0 0 0 0 0 0 0 0 0 0 0 0 1.51518 0 0 
0 0 0 0 0 0 0 0 0 0 0 0 0 0 0.523186 0 0 0 0 0 0 0 0.523186 0 0 0 0.523186 0 0.523186 0 -5.12311 1.51518 0 0 0 0 0 0 0 0 0 0 0 0 0 0 0 0 0 0 0 0 0 0 0 0 0 0 0 0 0 0 1.51518 0 
0 0 0 0 0 0 0 0 0 0 0 0 0 0 0 0.523186 0 0 0 0 0 0 0 0.523186 0 0 0 0.523186 0 0.523186 0.523186 -4.50991 0 0 0 0 0 0 0 0 0 0 0 0 0 0 0 0 0 0 0 0 0 0 0 0 0 0 0 0 0 0 0 1.89398 
0.523186 0 0 0 0 0 0 0 0 0 0 0 0 0 0 0 0 0 0 0 0 0 0 0 0 0 0 0 0 0 0 0 -2.41717 0.378796 0.378796 0 0.378796 0 0 0 0.378796 0 0 0 0 0 0 0 0.378796 0 0 0 0 0 0 0 0 0 0 0 0 0 0 0 
0 0.523186 0 0 0 0 0 0 0 0 0 0 0 0 0 0 0 0 0 0 0 0 0 0 0 0 0 0 0 0 0 0 0.523186 -4.07674 0 0.757592 0 0.757592 0 0 0 0.757592 0 0 0 0 0 0 0 0.757592 0 0 0 0 0 0 0 0 0 0 0 0 0 0 
0 0 0.523186 0 0 0 0 0 0 0 0 0 0 0 0 0 0 0 0 0 0 0 0 0 0 0 0 0 0 0 0 0 0.523186 0 -4.07674 0.757592 0 0 0.757592 0 0 0 0.757592 0 0 0 0 0 0 0 0.757592 0 0 0 0 0 0 0 0 0 0 0 0 0 
0 0 0 0.523186 0 0 0 0 0 0 0 0 0 0 0 0 0 0 0 0 0 0 0 0 0 0 0 0 0 0 0 0 0 0.523186 0.523186 -4.97872 0 0 0 1.13639 0 0 0 1.13639 0 0 0 0 0 0 0 1.13639 0 0 0 0 0 0 0 0 0 0 0 0 
0 0 0 0 0.523186 0 0 0 0 0 0 0 0 0 0 0 0 0 0 0 0 0 0 0 0 0 0 0 0 0 0 0 0.523186 0 0 0 -4.07674 0.757592 0.757592 0 0 0 0 0 0.757592 0 0 0 0 0 0 0 0.757592 0 0 0 0 0 0 0 0 0 0 0 
0 0 0 0 0 0.523186 0 0 0 0 0 0 0 0 0 0 0 0 0 0 0 0 0 0 0 0 0 0 0 0 0 0 0 0.523186 0 0 0.523186 -4.97872 0 1.13639 0 0 0 0 0 1.13639 0 0 0 0 0 0 0 1.13639 0 0 0 0 0 0 0 0 0 0 
0 0 0 0 0 0 0.523186 0 0 0 0 0 0 0 0 0 0 0 0 0 0 0 0 0 0 0 0 0 0 0 0 0 0 0 0.523186 0 0.523186 0 -4.97872 1.13639 0 0 0 0 0 0 1.13639 0 0 0 0 0 0 0 1.13639 0 0 0 0 0 0 0 0 0 
0 0 0 0 0 0 0 0.523186 0 0 0 0 0 0 0 0 0 0 0 0 0 0 0 0 0 0 0 0 0 0 0 0 0 0 0 0.523186 0 0.523186 0.523186 -5.12311 0 0 0 0 0 0 0 1.51518 0 0 0 0 0 0 0 1.51518 0 0 0 0 0 0 0 0 
0 0 0 0 0 0 0 0 0.523186 0 0 0 0 0 0 0 0 0 0 0 0 0 0 0 0 0 0 0 0 0 0 0 0.523186 0 0 0 0 0 0 0 -4.07674 0.757592 0.757592 0 0.757592 0 0 0 0 0 0 0 0 0 0 0 0.757592 0 0 0 0 0 0 0 
0 0 0 0 0 0 0 0 0 0.523186 0 0 0 0 0 0 0 0 0 0 0 0 0 0 0 0 0 0 0 0 0 0 0 0.523186 0 0 0 0 0 0 0.523186 -4.97872 0 1.13639 0 1.13639 0 0 0 0 0 0 0 0 0 0 0 1.13639 0 0 0 0 0 0 
0 0 0 0 0 0 0 0 0 0 0.523186 0 0 0 0 0 0 0 0 0 0 0 0 0 0 0 0 0 0 0 0 0 0 0 0.523186 0 0 0 0 0 0.523186 0 -4.97872 1.13639 0 0 1.13639 0 0 0 0 0 0 0 0 0 0 0 1.13639 0 0 0 0 0 
0 0 0 0 0 0 0 0 0 0 0 0.523186 0 0 0 0 0 0 0 0 0 0 0 0 0 0 0 0 0 0 0 0 0 0 0 0.523186 0 0 0 0 0 0.523186 0.523186 -5.12311 0 0 0 1.51518 0 0 0 0 0 0 0 0 0 0 0 1.51518 0 0 0 0 
0 0 0 0 0 0 0 0 0 0 0 0 0.523186 0 0 0 0 0 0 0 0 0 0 0 0 0 0 0 0 0 0 0 0 0 0 0 0.523186 0 0 0 0.523186 0 0 0 -4.97872 1.13639 1.13639 0 0 0 0 0 0 0 0 0 0 0 0 0 1.13639 0 0 0 
0 0 0 0 0 0 0 0 0 0 0 0 0 0.523186 0 0 0 0 0 0 0 0 0 0 0 0 0 0 0 0 0 0 0 0 0 0 0 0.523186 0 0 0 0.523186 0 0 0.523186 -5.12311 0 1.51518 0 0 0 0 0 0 0 0 0 0 0 0 0 1.51518 0 0 
0 0 0 0 0 0 0 0 0 0 0 0 0 0 0.523186 0 0 0 0 0 0 0 0 0 0 0 0 0 0 0 0 0 0 0 0 0 0 0 0.523186 0 0 0 0.523186 0 0.523186 0 -5.12311 1.51518 0 0 0 0 0 0 0 0 0 0 0 0 0 0 1.51518 0 
0 0 0 0 0 0 0 0 0 0 0 0 0 0 0 0.523186 0 0 0 0 0 0 0 0 0 0 0 0 0 0 0 0 0 0 0 0 0 0 0 0.523186 0 0 0 0.523186 0 0.523186 0.523186 -4.50991 0 0 0 0 0 0 0 0 0 0 0 0 0 0 0 1.89398 
0 0 0 0 0 0 0 0 0 0 0 0 0 0 0 0 0.523186 0 0 0 0 0 0 0 0 0 0 0 0 0 0 0 0.523186 0 0 0 0 0 0 0 0 0 0 0 0 0 0 0 -4.07674 0.757592 0.757592 0 0.757592 0 0 0 0.757592 0 0 0 0 0 0 0 
0 0 0 0 0 0 0 0 0 0 0 0 0 0 0 0 0 0.523186 0 0 0 0 0 0 0 0 0 0 0 0 0 0 0 0.523186 0 0 0 0 0 0 0 0 0 0 0 0 0 0 0.523186 -4.97872 0 1.13639 0 1.13639 0 0 0 1.13639 0 0 0 0 0 0 
0 0 0 0 0 0 0 0 0 0 0 0 0 0 0 0 0 0 0.523186 0 0 0 0 0 0 0 0 0 0 0 0 0 0 0 0.523186 0 0 0 0 0 0 0 0 0 0 0 0 0 0.523186 0 -4.97872 1.13639 0 0 1.13639 0 0 0 1.13639 0 0 0 0 0 
0 0 0 0 0 0 0 0 0 0 0 0 0 0 0 0 0 0 0 0.523186 0 0 0 0 0 0 0 0 0 0 0 0 0 0 0 0.523186 0 0 0 0 0 0 0 0 0 0 0 0 0 0.523186 0.523186 -5.12311 0 0 0 1.51518 0 0 0 1.51518 0 0 0 0 
0 0 0 0 0 0 0 0 0 0 0 0 0 0 0 0 0 0 0 0 0.523186 0 0 0 0 0 0 0 0 0 0 0 0 0 0 0 0.523186 0 0 0 0 0 0 0 0 0 0 0 0.523186 0 0 0 -4.97872 1.13639 1.13639 0 0 0 0 0 1.13639 0 0 0 
0 0 0 0 0 0 0 0 0 0 0 0 0 0 0 0 0 0 0 0 0 0.523186 0 0 0 0 0 0 0 0 0 0 0 0 0 0 0 0.523186 0 0 0 0 0 0 0 0 0 0 0 0.523186 0 0 0.523186 -5.12311 0 1.51518 0 0 0 0 0 1.51518 0 0 
0 0 0 0 0 0 0 0 0 0 0 0 0 0 0 0 0 0 0 0 0 0 0.523186 0 0 0 0 0 0 0 0 0 0 0 0 0 0 0 0.523186 0 0 0 0 0 0 0 0 0 0 0 0.523186 0 0.523186 0 -5.12311 1.51518 0 0 0 0 0 0 1.51518 0 
0 0 0 0 0 0 0 0 0 0 0 0 0 0 0 0 0 0 0 0 0 0 0 0.523186 0 0 0 0 0 0 0 0 0 0 0 0 0 0 0 0.523186 0 0 0 0 0 0 0 0 0 0 0 0.523186 0 0.523186 0.523186 -4.50991 0 0 0 0 0 0 0 1.89398 
0 0 0 0 0 0 0 0 0 0 0 0 0 0 0 0 0 0 0 0 0 0 0 0 0.523186 0 0 0 0 0 0 0 0 0 0 0 0 0 0 0 0.523186 0 0 0 0 0 0 0 0.523186 0 0 0 0 0 0 0 -4.97872 1.13639 1.13639 0 1.13639 0 0 0 
0 0 0 0 0 0 0 0 0 0 0 0 0 0 0 0 0 0 0 0 0 0 0 0 0 0.523186 0 0 0 0 0 0 0 0 0 0 0 0 0 0 0 0.523186 0 0 0 0 0 0 0 0.523186 0 0 0 0 0 0 0.523186 -5.12311 0 1.51518 0 1.51518 0 0 
0 0 0 0 0 0 0 0 0 0 0 0 0 0 0 0 0 0 0 0 0 0 0 0 0 0 0.523186 0 0 0 0 0 0 0 0 0 0 0 0 0 0 0 0.523186 0 0 0 0 0 0 0 0.523186 0 0 0 0 0 0.523186 0 -5.12311 1.51518 0 0 1.51518 0 
0 0 0 0 0 0 0 0 0 0 0 0 0 0 0 0 0 0 0 0 0 0 0 0 0 0 0 0.523186 0 0 0 0 0 0 0 0 0 0 0 0 0 0 0 0.523186 0 0 0 0 0 0 0 0.523186 0 0 0 0 0 0.523186 0.523186 -4.50991 0 0 0 1.89398 
0 0 0 0 0 0 0 0 0 0 0 0 0 0 0 0 0 0 0 0 0 0 0 0 0 0 0 0 0.523186 0 0 0 0 0 0 0 0 0 0 0 0 0 0 0 0.523186 0 0 0 0 0 0 0 0.523186 0 0 0 0.523186 0 0 0 -5.12311 1.51518 1.51518 0 
0 0 0 0 0 0 0 0 0 0 0 0 0 0 0 0 0 0 0 0 0 0 0 0 0 0 0 0 0 0.523186 0 0 0 0 0 0 0 0 0 0 0 0 0 0 0 0.523186 0 0 0 0 0 0 0 0.523186 0 0 0 0.523186 0 0 0.523186 -4.50991 0 1.89398 
0 0 0 0 0 0 0 0 0 0 0 0 0 0 0 0 0 0 0 0 0 0 0 0 0 0 0 0 0 0 0.523186 0 0 0 0 0 0 0 0 0 0 0 0 0 0 0 0.523186 0 0 0 0 0 0 0 0.523186 0 0 0 0.523186 0 0.523186 0 -4.50991 1.89398 
0 0 0 0 0 0 0 0 0 0 0 0 0 0 0 0 0 0 0 0 0 0 0 0 0 0 0 0 0 0 0 0.523186 0 0 0 0 0 0 0 0 0 0 0 0 0 0 0 0.523186 0 0 0 0 0 0 0 0.523186 0 0 0 0.523186 0 0.523186 0.523186 -3.13912 
