32
-0 0 0 0 0 0 0 0 0 0 0 0 0 0 0 0 0 0 0 0 0 0 0 0 0 0 0 0 0 0 0 0 
0.239345 -1.10419 0 0.216211 0 0.216211 0 0 0 0.216211 0 0 0 0 0 0 0 0.216211 0 0 0 0 0 0 0 0 0 0 0 0 0 0 
0.239345 0 -1.10419 0.216211 0 0 0.216211 0 0 0 0.216211 0 0 0 0 0 0 0 0.216211 0 0 0 0 0 0 0 0 0 0 0 0 0 
0 0.239345 0.239345 -1.77595 0 0 0 0.432422 0 0 0 0.432422 0 0 0 0 0 0 0 0.432422 0 0 0 0 0 0 0 0 0 0 0 0 
0.239345 0 0 0 -1.10419 0.216211 0.216211 0 0 0 0 0 0.216211 0 0 0 0 0 0 0 0.216211 0 0 0 0 0 0 0 0 0 0 0 
0 0.239345 0 0 0.239345 -1.77595 0 0.432422 0 0 0 0 0 0.432422 0 0 0 0 0 0 0 0.432422 0 0 0 0 0 0 0 0 0 0 
0 0 0.239345 0 0.239345 0 -1.77595 0.432422 0 0 0 0 0 0 0.432422 0 0 0 0 0 0 0 0.432422 0 0 0 0 0 0 0 0 0 
0 0 0 0.239345 0 0.239345 0.239345 -2.0153 0 0 0 0 0 0 0 0.648633 0 0 0 0 0 0 0 0.648633 0 0 0 0 0 0 0 0 
0.239345 0 0 0 0 0 0 0 -1.10419 0.216211 0.216211 0 0.216211 0 0 0 0 0 0 0 0 0 0 0 0.216211 0 0 0 0 0 0 0 
0 0.239345 0 0 0 0 0 0 0.239345 -1.77595 0 0.432422 0 0.432422 0 0 0 0 0 0 0 0 0 0 0 0.432422 0 0 0 0 0 0 
0 0 0.239345 0 0 0 0 0 0.239345 0 -1.77595 0.432422 0 0 0.432422 0 0 0 0 0 0 0 0 0 0 0 0.432422 0 0 0 0 0 
0 0 0 0.239345 0 0 0 0 0 0.239345 0.239345 -2.0153 0 0 0 0.648633 0 0 0 0 0 0 0 0 0 0 0 0.648633 0 0 0 0 
0 0 0 0 0.239345 0 0 0 0.239345 0 0 0 -1.77595 0.432422 0.432422 0 0 0 0 0 0 0 0 0 0 0 0 0 0.432422 0 0 0 
0 0 0 0 0 0.239345 0 0 0 0.239345 0 0 0.239345 -2.0153 0 0.648633 0 0 0 0 0 0 0 0 0 0 0 0 0 0.648633 0 0 
0 0 0 0 0 0 0.239345 0 0 0 0.239345 0 0.239345 0 -2.0153 0.648633 0 0 0 0 0 0 0 0 0 0 0 0 0 0 0.648633 0 
0 0 0 0 0 0 0 0.239345 0 0 0 0.239345 0 0.239345 0.239345 -1.82222 0 0 0 0 0 0 0 0 0 0 0 0 0 0 0 0.864844 
0.239345 0 0 0 0 0 0 0 0 0 0 0 0 0 0 0 -1.10419 0.216211 0.216211 0 0.216211 0 0 0 0.216211 0 0 0 0 0 0 0 
0 0.239345 0 0 0 0 0 0 0 0 0 0 0 0 0 0 0.239345 -1.77595 0 0.432422 0 0.432422 0 0 0 0.432422 0 0 0 0 0 0 
0 0 0.239345 0 0 0 0 0 0 0 0 0 0 0 0 0 0.239345 0 -1.77595 0.432422 0 0 0.432422 0 0 0 0.432422 0 0 0 0 0 
0 0 0 0.239345 0 0 0 0 0 0 0 0 0 0 0 0 0 0.239345 0.239345 -2.0153 0 0 0 0.648633 0 0 0 0.648633 0 0 0 0 
0 0 0 0 0.239345 0 0 0 0 0 0 0 0 0 0 0 0.239345 0 0 0 -1.77595 0.432422 0.432422 0 0 0 0 0 0.432422 0 0 0 
0 0 0 0 0 0.239345 0 0 0 0 0 0 0 0 0 0 0 0.239345 0 0 0.239345 -2.0153 0 0.648633 0 0 0 0 0 0.648633 0 0 
0 0 0 0 0 0 0.239345 0 0 0 0 0 0 0 0 0 0 0 0.239345 0 0.239345 0 -2.0153 0.648633 0 0 0 0 0 0 0.648633 0 
0 0 0 0 0 0 0 0.239345 0 0 0 0 0 0 0 0 0 0 0 0.239345 0 0.239345 0.239345 -1.82222 0 0 0 0 0 0 0 0.864844 
0 0 0 0 0 0 0 0 0.239345 0 0 0 0 0 0 0 0.239345 0 0 0 0 0 0 0 -1.77595 0.432422 0.432422 0 0.432422 0 0 0 
0 0 0 0 0 0 0 0 0 0.239345 0 0 0 0 0 0 0 0.239345 0 0 0 0 0 0 0.239345 -2.0153 0 0.648633 0 0.648633 0 0 
0 0 0 0 0 0 0 0 0 0 0.239345 0 0 0 0 0 0 0 0.239345 0 0 0 0 0 0.239345 0 -2.0153 0.648633 0 0 0.648633 0 
0 0 0 0 0 0 0 0 0 0 0 0.239345 0 0 0 0 0 0 0 0.239345 0 0 0 0 0 0.239345 0.239345 -1.82222 0 0 0 0.864844 
0 0 0 0 0 0 0 0 0 0 0 0 0.239345 0 0 0 0 0 0 0 0.239345 0 0 0 0.239345 0 0 0 -2.0153 0.648633 0.648633 0 
0 0 0 0 0 0 0 0 0 0 0 0 0 0.239345 0 0 0 0 0 0 0 0.239345 0 0 0 0.239345 0 0 0.239345 -1.82222 0 0.864844 
0 0 0 0 0 0 0 0 0 0 0 0 0 0 0.239345 0 0 0 0 0 0 0 0.239345 0 0 0 0.239345 0 0.239345 0 -1.82222 0.864844 
0 0 0 0 0 0 0 0 0 0 0 0 0 0 0 0.239345 0 0 0 0 0 0 0 0.239345 0 0 0 0.239345 0 0.239345 0.239345 -1.19672 
