32
-0 0 0 0 0 0 0 0 0 0 0 0 0 0 0 0 0 0 0 0 0 0 0 0 0 0 0 0 0 0 0 0 
0.108641 -0.79335 0 0.171177 0 0.171177 0 0 0 0.171177 0 0 0 0 0 0 0 0.171177 0 0 0 0 0 0 0 0 0 0 0 0 0 0 
0.108641 0 -0.79335 0.171177 0 0 0.171177 0 0 0 0.171177 0 0 0 0 0 0 0 0.171177 0 0 0 0 0 0 0 0 0 0 0 0 0 
0 0.108641 0.108641 -1.24434 0 0 0 0.342355 0 0 0 0.342355 0 0 0 0 0 0 0 0.342355 0 0 0 0 0 0 0 0 0 0 0 0 
0.108641 0 0 0 -0.79335 0.171177 0.171177 0 0 0 0 0 0.171177 0 0 0 0 0 0 0 0.171177 0 0 0 0 0 0 0 0 0 0 0 
0 0.108641 0 0 0.108641 -1.24434 0 0.342355 0 0 0 0 0 0.342355 0 0 0 0 0 0 0 0.342355 0 0 0 0 0 0 0 0 0 0 
0 0 0.108641 0 0.108641 0 -1.24434 0.342355 0 0 0 0 0 0 0.342355 0 0 0 0 0 0 0 0.342355 0 0 0 0 0 0 0 0 0 
0 0 0 0.108641 0 0.108641 0.108641 -1.35299 0 0 0 0 0 0 0 0.513532 0 0 0 0 0 0 0 0.513532 0 0 0 0 0 0 0 0 
0.108641 0 0 0 0 0 0 0 -0.79335 0.171177 0.171177 0 0.171177 0 0 0 0 0 0 0 0 0 0 0 0.171177 0 0 0 0 0 0 0 
0 0.108641 0 0 0 0 0 0 0.108641 -1.24434 0 0.342355 0 0.342355 0 0 0 0 0 0 0 0 0 0 0 0.342355 0 0 0 0 0 0 
0 0 0.108641 0 0 0 0 0 0.108641 0 -1.24434 0.342355 0 0 0.342355 0 0 0 0 0 0 0 0 0 0 0 0.342355 0 0 0 0 0 
0 0 0 0.108641 0 0 0 0 0 0.108641 0.108641 -1.35299 0 0 0 0.513532 0 0 0 0 0 0 0 0 0 0 0 0.513532 0 0 0 0 
0 0 0 0 0.108641 0 0 0 0.108641 0 0 0 -1.24434 0.342355 0.342355 0 0 0 0 0 0 0 0 0 0 0 0 0 0.342355 0 0 0 
0 0 0 0 0 0.108641 0 0 0 0.108641 0 0 0.108641 -1.35299 0 0.513532 0 0 0 0 0 0 0 0 0 0 0 0 0 0.513532 0 0 
0 0 0 0 0 0 0.108641 0 0 0 0.108641 0 0.108641 0 -1.35299 0.513532 0 0 0 0 0 0 0 0 0 0 0 0 0 0 0.513532 0 
0 0 0 0 0 0 0 0.108641 0 0 0 0.108641 0 0.108641 0.108641 -1.11927 0 0 0 0 0 0 0 0 0 0 0 0 0 0 0 0.684709 
0.108641 0 0 0 0 0 0 0 0 0 0 0 0 0 0 0 -0.79335 0.171177 0.171177 0 0.171177 0 0 0 0.171177 0 0 0 0 0 0 0 
0 0.108641 0 0 0 0 0 0 0 0 0 0 0 0 0 0 0.108641 -1.24434 0 0.342355 0 0.342355 0 0 0 0.342355 0 0 0 0 0 0 
0 0 0.108641 0 0 0 0 0 0 0 0 0 0 0 0 0 0.108641 0 -1.24434 0.342355 0 0 0.342355 0 0 0 0.342355 0 0 0 0 0 
0 0 0 0.108641 0 0 0 0 0 0 0 0 0 0 0 0 0 0.108641 0.108641 -1.35299 0 0 0 0.513532 0 0 0 0.513532 0 0 0 0 
0 0 0 0 0.108641 0 0 0 0 0 0 0 0 0 0 0 0.108641 0 0 0 -1.24434 0.342355 0.342355 0 0 0 0 0 0.342355 0 0 0 
0 0 0 0 0 0.108641 0 0 0 0 0 0 0 0 0 0 0 0.108641 0 0 0.108641 -1.35299 0 0.513532 0 0 0 0 0 0.513532 0 0 
0 0 0 0 0 0 0.108641 0 0 0 0 0 0 0 0 0 0 0 0.108641 0 0.108641 0 -1.35299 0.513532 0 0 0 0 0 0 0.513532 0 
0 0 0 0 0 0 0 0.108641 0 0 0 0 0 0 0 0 0 0 0 0.108641 0 0.108641 0.108641 -1.11927 0 0 0 0 0 0 0 0.684709 
0 0 0 0 0 0 0 0 0.108641 0 0 0 0 0 0 0 0.108641 0 0 0 0 0 0 0 -1.24434 0.342355 0.342355 0 0.342355 0 0 0 
0 0 0 0 0 0 0 0 0 0.108641 0 0 0 0 0 0 0 0.108641 0 0 0 0 0 0 0.108641 -1.35299 0 0.513532 0 0.513532 0 0 
0 0 0 0 0 0 0 0 0 0 0.108641 0 0 0 0 0 0 0 0.108641 0 0 0 0 0 0.108641 0 -1.35299 0.513532 0 0 0.513532 0 
0 0 0 0 0 0 0 0 0 0 0 0.108641 0 0 0 0 0 0 0 0.108641 0 0 0 0 0 0.108641 0.108641 -1.11927 0 0 0 0.684709 
0 0 0 0 0 0 0 0 0 0 0 0 0.108641 0 0 0 0 0 0 0 0.108641 0 0 0 0.108641 0 0 0 -1.35299 0.513532 0.513532 0 
0 0 0 0 0 0 0 0 0 0 0 0 0 0.108641 0 0 0 0 0 0 0 0.108641 0 0 0 0.108641 0 0 0.108641 -1.11927 0 0.684709 
0 0 0 0 0 0 0 0 0 0 0 0 0 0 0.108641 0 0 0 0 0 0 0 0.108641 0 0 0 0.108641 0 0.108641 0 -1.11927 0.684709 
0 0 0 0 0 0 0 0 0 0 0 0 0 0 0 0.108641 0 0 0 0 0 0 0 0.108641 0 0 0 0.108641 0 0.108641 0.108641 -0.543203 
