64
-0 0 0 0 0 0 0 0 0 0 0 0 0 0 0 0 0 0 0 0 0 0 0 0 0 0 0 0 0 0 0 0 0 0 0 0 0 0 0 0 0 0 0 0 0 0 0 0 0 0 0 0 0 0 0 0 0 0 0 0 0 0 0 0 
0.525369 -2.48367 0 0.39166 0 0.39166 0 0 0 0.39166 0 0 0 0 0 0 0 0.39166 0 0 0 0 0 0 0 0 0 0 0 0 0 0 0 0.39166 0 0 0 0 0 0 0 0 0 0 0 0 0 0 0 0 0 0 0 0 0 0 0 0 0 0 0 0 0 0 
0.525369 0 -2.48367 0.39166 0 0 0.39166 0 0 0 0.39166 0 0 0 0 0 0 0 0.39166 0 0 0 0 0 0 0 0 0 0 0 0 0 0 0 0.39166 0 0 0 0 0 0 0 0 0 0 0 0 0 0 0 0 0 0 0 0 0 0 0 0 0 0 0 0 0 
0 0.525369 0.525369 -4.18402 0 0 0 0.78332 0 0 0 0.78332 0 0 0 0 0 0 0 0.78332 0 0 0 0 0 0 0 0 0 0 0 0 0 0 0 0.78332 0 0 0 0 0 0 0 0 0 0 0 0 0 0 0 0 0 0 0 0 0 0 0 0 0 0 0 0 
0.525369 0 0 0 -2.48367 0.39166 0.39166 0 0 0 0 0 0.39166 0 0 0 0 0 0 0 0.39166 0 0 0 0 0 0 0 0 0 0 0 0 0 0 0 0.39166 0 0 0 0 0 0 0 0 0 0 0 0 0 0 0 0 0 0 0 0 0 0 0 0 0 0 0 
0 0.525369 0 0 0.525369 -4.18402 0 0.78332 0 0 0 0 0 0.78332 0 0 0 0 0 0 0 0.78332 0 0 0 0 0 0 0 0 0 0 0 0 0 0 0 0.78332 0 0 0 0 0 0 0 0 0 0 0 0 0 0 0 0 0 0 0 0 0 0 0 0 0 0 
0 0 0.525369 0 0.525369 0 -4.18402 0.78332 0 0 0 0 0 0 0.78332 0 0 0 0 0 0 0 0.78332 0 0 0 0 0 0 0 0 0 0 0 0 0 0 0 0.78332 0 0 0 0 0 0 0 0 0 0 0 0 0 0 0 0 0 0 0 0 0 0 0 0 0 
0 0 0 0.525369 0 0.525369 0.525369 -5.10105 0 0 0 0 0 0 0 1.17498 0 0 0 0 0 0 0 1.17498 0 0 0 0 0 0 0 0 0 0 0 0 0 0 0 1.17498 0 0 0 0 0 0 0 0 0 0 0 0 0 0 0 0 0 0 0 0 0 0 0 0 
0.525369 0 0 0 0 0 0 0 -2.48367 0.39166 0.39166 0 0.39166 0 0 0 0 0 0 0 0 0 0 0 0.39166 0 0 0 0 0 0 0 0 0 0 0 0 0 0 0 0.39166 0 0 0 0 0 0 0 0 0 0 0 0 0 0 0 0 0 0 0 0 0 0 0 
0 0.525369 0 0 0 0 0 0 0.525369 -4.18402 0 0.78332 0 0.78332 0 0 0 0 0 0 0 0 0 0 0 0.78332 0 0 0 0 0 0 0 0 0 0 0 0 0 0 0 0.78332 0 0 0 0 0 0 0 0 0 0 0 0 0 0 0 0 0 0 0 0 0 0 
0 0 0.525369 0 0 0 0 0 0.525369 0 -4.18402 0.78332 0 0 0.78332 0 0 0 0 0 0 0 0 0 0 0 0.78332 0 0 0 0 0 0 0 0 0 0 0 0 0 0 0 0.78332 0 0 0 0 0 0 0 0 0 0 0 0 0 0 0 0 0 0 0 0 0 
0 0 0 0.525369 0 0 0 0 0 0.525369 0.525369 -5.10105 0 0 0 1.17498 0 0 0 0 0 0 0 0 0 0 0 1.17498 0 0 0 0 0 0 0 0 0 0 0 0 0 0 0 1.17498 0 0 0 0 0 0 0 0 0 0 0 0 0 0 0 0 0 0 0 0 
0 0 0 0 0.525369 0 0 0 0.525369 0 0 0 -4.18402 0.78332 0.78332 0 0 0 0 0 0 0 0 0 0 0 0 0 0.78332 0 0 0 0 0 0 0 0 0 0 0 0 0 0 0 0.78332 0 0 0 0 0 0 0 0 0 0 0 0 0 0 0 0 0 0 0 
0 0 0 0 0 0.525369 0 0 0 0.525369 0 0 0.525369 -5.10105 0 1.17498 0 0 0 0 0 0 0 0 0 0 0 0 0 1.17498 0 0 0 0 0 0 0 0 0 0 0 0 0 0 0 1.17498 0 0 0 0 0 0 0 0 0 0 0 0 0 0 0 0 0 0 
0 0 0 0 0 0 0.525369 0 0 0 0.525369 0 0.525369 0 -5.10105 1.17498 0 0 0 0 0 0 0 0 0 0 0 0 0 0 1.17498 0 0 0 0 0 0 0 0 0 0 0 0 0 0 0 1.17498 0 0 0 0 0 0 0 0 0 0 0 0 0 0 0 0 0 
0 0 0 0 0 0 0 0.525369 0 0 0 0.525369 0 0.525369 0.525369 -5.23476 0 0 0 0 0 0 0 0 0 0 0 0 0 0 0 1.56664 0 0 0 0 0 0 0 0 0 0 0 0 0 0 0 1.56664 0 0 0 0 0 0 0 0 0 0 0 0 0 0 0 0 
0.525369 0 0 0 0 0 0 0 0 0 0 0 0 0 0 0 -2.48367 0.39166 0.39166 0 0.39166 0 0 0 0.39166 0 0 0 0 0 0 0 0 0 0 0 0 0 0 0 0 0 0 0 0 0 0 0 0.39166 0 0 0 0 0 0 0 0 0 0 0 0 0 0 0 
0 0.525369 0 0 0 0 0 0 0 0 0 0 0 0 0 0 0.525369 -4.18402 0 0.78332 0 0.78332 0 0 0 0.78332 0 0 0 0 0 0 0 0 0 0 0 0 0 0 0 0 0 0 0 0 0 0 0 0.78332 0 0 0 0 0 0 0 0 0 0 0 0 0 0 
0 0 0.525369 0 0 0 0 0 0 0 0 0 0 0 0 0 0.525369 0 -4.18402 0.78332 0 0 0.78332 0 0 0 0.78332 0 0 0 0 0 0 0 0 0 0 0 0 0 0 0 0 0 0 0 0 0 0 0 0.78332 0 0 0 0 0 0 0 0 0 0 0 0 0 
0 0 0 0.525369 0 0 0 0 0 0 0 0 0 0 0 0 0 0.525369 0.525369 -5.10105 0 0 0 1.17498 0 0 0 1.17498 0 0 0 0 0 0 0 0 0 0 0 0 0 0 0 0 0 0 0 0 0 0 0 1.17498 0 0 0 0 0 0 0 0 0 0 0 0 
0 0 0 0 0.525369 0 0 0 0 0 0 0 0 0 0 0 0.525369 0 0 0 -4.18402 0.78332 0.78332 0 0 0 0 0 0.78332 0 0 0 0 0 0 0 0 0 0 0 0 0 0 0 0 0 0 0 0 0 0 0 0.78332 0 0 0 0 0 0 0 0 0 0 0 
0 0 0 0 0 0.525369 0 0 0 0 0 0 0 0 0 0 0 0.525369 0 0 0.525369 -5.10105 0 1.17498 0 0 0 0 0 1.17498 0 0 0 0 0 0 0 0 0 0 0 0 0 0 0 0 0 0 0 0 0 0 0 1.17498 0 0 0 0 0 0 0 0 0 0 
0 0 0 0 0 0 0.525369 0 0 0 0 0 0 0 0 0 0 0 0.525369 0 0.525369 0 -5.10105 1.17498 0 0 0 0 0 0 1.17498 0 0 0 0 0 0 0 0 0 0 0 0 0 0 0 0 0 0 0 0 0 0 0 1.17498 0 0 0 0 0 0 0 0 0 
0 0 0 0 0 0 0 0.525369 0 0 0 0 0 0 0 0 0 0 0 0.525369 0 0.525369 0.525369 -5.23476 0 0 0 0 0 0 0 1.56664 0 0 0 0 0 0 0 0 0 0 0 0 0 0 0 0 0 0 0 0 0 0 0 1.56664 0 0 0 0 0 0 0 0 
0 0 0 0 0 0 0 0 0.525369 0 0 0 0 0 0 0 0.525369 0 0 0 0 0 0 0 -4.18402 0.78332 0.78332 0 0.78332 0 0 0 0 0 0 0 0 0 0 0 0 0 0 0 0 0 0 0 0 0 0 0 0 0 0 0 0.78332 0 0 0 0 0 0 0 
0 0 0 0 0 0 0 0 0 0.525369 0 0 0 0 0 0 0 0.525369 0 0 0 0 0 0 0.525369 -5.10105 0 1.17498 0 1.17498 0 0 0 0 0 0 0 0 0 0 0 0 0 0 0 0 0 0 0 0 0 0 0 0 0 0 0 1.17498 0 0 0 0 0 0 
0 0 0 0 0 0 0 0 0 0 0.525369 0 0 0 0 0 0 0 0.525369 0 0 0 0 0 0.525369 0 -5.10105 1.17498 0 0 1.17498 0 0 0 0 0 0 0 0 0 0 0 0 0 0 0 0 0 0 0 0 0 0 0 0 0 0 0 1.17498 0 0 0 0 0 
0 0 0 0 0 0 0 0 0 0 0 0.525369 0 0 0 0 0 0 0 0.525369 0 0 0 0 0 0.525369 0.525369 -5.23476 0 0 0 1.56664 0 0 0 0 0 0 0 0 0 0 0 0 0 0 0 0 0 0 0 0 0 0 0 0 0 0 0 1.56664 0 0 0 0 
0 0 0 0 0 0 0 0 0 0 0 0 0.525369 0 0 0 0 0 0 0 0.525369 0 0 0 0.525369 0 0 0 -5.10105 1.17498 1.17498 0 0 0 0 0 0 0 0 0 0 0 0 0 0 0 0 0 0 0 0 0 0 0 0 0 0 0 0 0 1.17498 0 0 0 
0 0 0 0 0 0 0 0 0 0 0 0 0 0.525369 0 0 0 0 0 0 0 0.525369 0 0 0 0.525369 0 0 0.525369 -5.23476 0 1.56664 0 0 0 0 0 0 0 0 0 0 0 0 0 0 0 0 0 0 0 0 0 0 0 0 0 0 0 0 0 1.56664 0 0 
0 0 0 0 0 0 0 0 0 0 0 0 0 0 0.525369 0 0 0 0 0 0 0 0.525369 0 0 0 0.525369 0 0.525369 0 -5.23476 1.56664 0 0 0 0 0 0 0 0 0 0 0 0 0 0 0 0 0 0 0 0 0 0 0 0 0 0 0 0 0 0 1.56664 0 
0 0 0 0 0 0 0 0 0 0 0 0 0 0 0 0.525369 0 0 0 0 0 0 0 0.525369 0 0 0 0.525369 0 0.525369 0.525369 -4.58515 0 0 0 0 0 0 0 0 0 0 0 0 0 0 0 0 0 0 0 0 0 0 0 0 0 0 0 0 0 0 0 1.9583 
0.525369 0 0 0 0 0 0 0 0 0 0 0 0 0 0 0 0 0 0 0 0 0 0 0 0 0 0 0 0 0 0 0 -2.48367 0.39166 0.39166 0 0.39166 0 0 0 0.39166 0 0 0 0 0 0 0 0.39166 0 0 0 0 0 0 0 0 0 0 0 0 0 0 0 
0 0.525369 0 0 0 0 0 0 0 0 0 0 0 0 0 0 0 0 0 0 0 0 0 0 0 0 0 0 0 0 0 0 0.525369 -4.18402 0 0.78332 0 0.78332 0 0 0 0.78332 0 0 0 0 0 0 0 0.78332 0 0 0 0 0 0 0 0 0 0 0 0 0 0 
0 0 0.525369 0 0 0 0 0 0 0 0 0 0 0 0 0 0 0 0 0 0 0 0 0 0 0 0 0 0 0 0 0 0.525369 0 -4.18402 0.78332 0 0 0.78332 0 0 0 0.78332 0 0 0 0 0 0 0 0.78332 0 0 0 0 0 0 0 0 0 0 0 0 0 
0 0 0 0.525369 0 0 0 0 0 0 0 0 0 0 0 0 0 0 0 0 0 0 0 0 0 0 0 0 0 0 0 0 0 0.525369 0.525369 -5.10105 0 0 0 1.17498 0 0 0 1.17498 0 0 0 0 0 0 0 1.17498 0 0 0 0 0 0 0 0 0 0 0 0 
0 0 0 0 0.525369 0 0 0 0 0 0 0 0 0 0 0 0 0 0 0 0 0 0 0 0 0 0 0 0 0 0 0 0.525369 0 0 0 -4.18402 0.78332 0.78332 0 0 0 0 0 0.78332 0 0 0 0 0 0 0 0.78332 0 0 0 0 0 0 0 0 0 0 0 
0 0 0 0 0 0.525369 0 0 0 0 0 0 0 0 0 0 0 0 0 0 0 0 0 0 0 0 0 0 0 0 0 0 0 0.525369 0 0 0.525369 -5.10105 0 1.17498 0 0 0 0 0 1.17498 0 0 0 0 0 0 0 1.17498 0 0 0 0 0 0 0 0 0 0 
0 0 0 0 0 0 0.525369 0 0 0 0 0 0 0 0 0 0 0 0 0 0 0 0 0 0 0 0 0 0 0 0 0 0 0 0.525369 0 0.525369 0 -5.10105 1.17498 0 0 0 0 0 0 1.17498 0 0 0 0 0 0 0 1.17498 0 0 0 0 0 0 0 0 0 
0 0 0 0 0 0 0 0.525369 0 0 0 0 0 0 0 0 0 0 0 0 0 0 0 0 0 0 0 0 0 0 0 0 0 0 0 0.525369 0 0.525369 0.525369 -5.23476 0 0 0 0 0 0 0 1.56664 0 0 0 0 0 0 0 1.56664 0 0 0 0 0 0 0 0 
0 0 0 0 0 0 0 0 0.525369 0 0 0 0 0 0 0 0 0 0 0 0 0 0 0 0 0 0 0 0 0 0 0 0.525369 0 0 0 0 0 0 0 -4.18402 0.78332 0.78332 0 0.78332 0 0 0 0 0 0 0 0 0 0 0 0.78332 0 0 0 0 0 0 0 
0 0 0 0 0 0 0 0 0 0.525369 0 0 0 0 0 0 0 0 0 0 0 0 0 0 0 0 0 0 0 0 0 0 0 0.525369 0 0 0 0 0 0 0.525369 -5.10105 0 1.17498 0 1.17498 0 0 0 0 0 0 0 0 0 0 0 1.17498 0 0 0 0 0 0 
0 0 0 0 0 0 0 0 0 0 0.525369 0 0 0 0 0 0 0 0 0 0 0 0 0 0 0 0 0 0 0 0 0 0 0 0.525369 0 0 0 0 0 0.525369 0 -5.10105 1.17498 0 0 1.17498 0 0 0 0 0 0 0 0 0 0 0 1.17498 0 0 0 0 0 
0 0 0 0 0 0 0 0 0 0 0 0.525369 0 0 0 0 0 0 0 0 0 0 0 0 0 0 0 0 0 0 0 0 0 0 0 0.525369 0 0 0 0 0 0.525369 0.525369 -5.23476 0 0 0 1.56664 0 0 0 0 0 0 0 0 0 0 0 1.56664 0 0 0 0 
0 0 0 0 0 0 0 0 0 0 0 0 0.525369 0 0 0 0 0 0 0 0 0 0 0 0 0 0 0 0 0 0 0 0 0 0 0 0.525369 0 0 0 0.525369 0 0 0 -5.10105 1.17498 1.17498 0 0 0 0 0 0 0 0 0 0 0 0 0 1.17498 0 0 0 
0 0 0 0 0 0 0 0 0 0 0 0 0 0.525369 0 0 0 0 0 0 0 0 0 0 0 0 0 0 0 0 0 0 0 0 0 0 0 0.525369 0 0 0 0.525369 0 0 0.525369 -5.23476 0 1.56664 0 0 0 0 0 0 0 0 0 0 0 0 0 1.56664 0 0 
0 0 0 0 0 0 0 0 0 0 0 0 0 0 0.525369 0 0 0 0 0 0 0 0 0 0 0 0 0 0 0 0 0 0 0 0 0 0 0 0.525369 0 0 0 0.525369 0 0.525369 0 -5.23476 1.56664 0 0 0 0 0 0 0 0 0 0 0 0 0 0 1.56664 0 
0 0 0 0 0 0 0 0 0 0 0 0 0 0 0 0.525369 0 0 0 0 0 0 0 0 0 0 0 0 0 0 0 0 0 0 0 0 0 0 0 0.525369 0 0 0 0.525369 0 0.525369 0.525369 -4.58515 0 0 0 0 0 0 0 0 0 0 0 0 0 0 0 1.9583 
0 0 0 0 0 0 0 0 0 0 0 0 0 0 0 0 0.525369 0 0 0 0 0 0 0 0 0 0 0 0 0 0 0 0.525369 0 0 0 0 0 0 0 0 0 0 0 0 0 0 0 -4.18402 0.78332 0.78332 0 0.78332 0 0 0 0.78332 0 0 0 0 0 0 0 
0 0 0 0 0 0 0 0 0 0 0 0 0 0 0 0 0 0.525369 0 0 0 0 0 0 0 0 0 0 0 0 0 0 0 0.525369 0 0 0 0 0 0 0 0 0 0 0 0 0 0 0.525369 -5.10105 0 1.17498 0 1.17498 0 0 0 1.17498 0 0 0 0 0 0 
0 0 0 0 0 0 0 0 0 0 0 0 0 0 0 0 0 0 0.525369 0 0 0 0 0 0 0 0 0 0 0 0 0 0 0 0.525369 0 0 0 0 0 0 0 0 0 0 0 0 0 0.525369 0 -5.10105 1.17498 0 0 1.17498 0 0 0 1.17498 0 0 0 0 0 
0 0 0 0 0 0 0 0 0 0 0 0 0 0 0 0 0 0 0 0.525369 0 0 0 0 0 0 0 0 0 0 0 0 0 0 0 0.525369 0 0 0 0 0 0 0 0 0 0 0 0 0 0.525369 0.525369 -5.23476 0 0 0 1.56664 0 0 0 1.56664 0 0 0 0 
0 0 0 0 0 0 0 0 0 0 0 0 0 0 0 0 0 0 0 0 0.525369 0 0 0 0 0 0 0 0 0 0 0 0 0 0 0 0.525369 0 0 0 0 0 0 0 0 0 0 0 0.525369 0 0 0 -5.10105 1.17498 1.17498 0 0 0 0 0 1.17498 0 0 0 
0 0 0 0 0 0 0 0 0 0 0 0 0 0 0 0 0 0 0 0 0 0.525369 0 0 0 0 0 0 0 0 0 0 0 0 0 0 0 0.525369 0 0 0 0 0 0 0 0 0 0 0 0.525369 0 0 0.525369 -5.23476 0 1.56664 0 0 0 0 0 1.56664 0 0 
0 0 0 0 0 0 0 0 0 0 0 0 0 0 0 0 0 0 0 0 0 0 0.525369 0 0 0 0 0 0 0 0 0 0 0 0 0 0 0 0.525369 0 0 0 0 0 0 0 0 0 0 0 0.525369 0 0.525369 0 -5.23476 1.56664 0 0 0 0 0 0 1.56664 0 
0 0 0 0 0 0 0 0 0 0 0 0 0 0 0 0 0 0 0 0 0 0 0 0.525369 0 0 0 0 0 0 0 0 0 0 0 0 0 0 0 0.525369 0 0 0 0 0 0 0 0 0 0 0 0.525369 0 0.525369 0.525369 -4.58515 0 0 0 0 0 0 0 1.9583 
0 0 0 0 0 0 0 0 0 0 0 0 0 0 0 0 0 0 0 0 0 0 0 0 0.525369 0 0 0 0 0 0 0 0 0 0 0 0 0 0 0 0.525369 0 0 0 0 0 0 0 0.525369 0 0 0 0 0 0 0 -5.10105 1.17498 1.17498 0 1.17498 0 0 0 
0 0 0 0 0 0 0 0 0 0 0 0 0 0 0 0 0 0 0 0 0 0 0 0 0 0.525369 0 0 0 0 0 0 0 0 0 0 0 0 0 0 0 0.525369 0 0 0 0 0 0 0 0.525369 0 0 0 0 0 0 0.525369 -5.23476 0 1.56664 0 1.56664 0 0 
0 0 0 0 0 0 0 0 0 0 0 0 0 0 0 0 0 0 0 0 0 0 0 0 0 0 0.525369 0 0 0 0 0 0 0 0 0 0 0 0 0 0 0 0.525369 0 0 0 0 0 0 0 0.525369 0 0 0 0 0 0.525369 0 -5.23476 1.56664 0 0 1.56664 0 
0 0 0 0 0 0 0 0 0 0 0 0 0 0 0 0 0 0 0 0 0 0 0 0 0 0 0 0.525369 0 0 0 0 0 0 0 0 0 0 0 0 0 0 0 0.525369 0 0 0 0 0 0 0 0.525369 0 0 0 0 0 0.525369 0.525369 -4.58515 0 0 0 1.9583 
0 0 0 0 0 0 0 0 0 0 0 0 0 0 0 0 0 0 0 0 0 0 0 0 0 0 0 0 0.525369 0 0 0 0 0 0 0 0 0 0 0 0 0 0 0 0.525369 0 0 0 0 0 0 0 0.525369 0 0 0 0.525369 0 0 0 -5.23476 1.56664 1.56664 0 
0 0 0 0 0 0 0 0 0 0 0 0 0 0 0 0 0 0 0 0 0 0 0 0 0 0 0 0 0 0.525369 0 0 0 0 0 0 0 0 0 0 0 0 0 0 0 0.525369 0 0 0 0 0 0 0 0.525369 0 0 0 0.525369 0 0 0.525369 -4.58515 0 1.9583 
0 0 0 0 0 0 0 0 0 0 0 0 0 0 0 0 0 0 0 0 0 0 0 0 0 0 0 0 0 0 0.525369 0 0 0 0 0 0 0 0 0 0 0 0 0 0 0 0.525369 0 0 0 0 0 0 0 0.525369 0 0 0 0.525369 0 0.525369 0 -4.58515 1.9583 
0 0 0 0 0 0 0 0 0 0 0 0 0 0 0 0 0 0 0 0 0 0 0 0 0 0 0 0 0 0 0 0.525369 0 0 0 0 0 0 0 0 0 0 0 0 0 0 0 0.525369 0 0 0 0 0 0 0 0.525369 0 0 0 0.525369 0 0.525369 0.525369 -3.15222 
