64
-0 0 0 0 0 0 0 0 0 0 0 0 0 0 0 0 0 0 0 0 0 0 0 0 0 0 0 0 0 0 0 0 0 0 0 0 0 0 0 0 0 0 0 0 0 0 0 0 0 0 0 0 0 0 0 0 0 0 0 0 0 0 0 0 
0.669408 -3.34823 0 0.535765 0 0.535765 0 0 0 0.535765 0 0 0 0 0 0 0 0.535765 0 0 0 0 0 0 0 0 0 0 0 0 0 0 0 0.535765 0 0 0 0 0 0 0 0 0 0 0 0 0 0 0 0 0 0 0 0 0 0 0 0 0 0 0 0 0 0 
0.669408 0 -3.34823 0.535765 0 0 0.535765 0 0 0 0.535765 0 0 0 0 0 0 0 0.535765 0 0 0 0 0 0 0 0 0 0 0 0 0 0 0 0.535765 0 0 0 0 0 0 0 0 0 0 0 0 0 0 0 0 0 0 0 0 0 0 0 0 0 0 0 0 0 
0 0.669408 0.669408 -5.62493 0 0 0 1.07153 0 0 0 1.07153 0 0 0 0 0 0 0 1.07153 0 0 0 0 0 0 0 0 0 0 0 0 0 0 0 1.07153 0 0 0 0 0 0 0 0 0 0 0 0 0 0 0 0 0 0 0 0 0 0 0 0 0 0 0 0 
0.669408 0 0 0 -3.34823 0.535765 0.535765 0 0 0 0 0 0.535765 0 0 0 0 0 0 0 0.535765 0 0 0 0 0 0 0 0 0 0 0 0 0 0 0 0.535765 0 0 0 0 0 0 0 0 0 0 0 0 0 0 0 0 0 0 0 0 0 0 0 0 0 0 0 
0 0.669408 0 0 0.669408 -5.62493 0 1.07153 0 0 0 0 0 1.07153 0 0 0 0 0 0 0 1.07153 0 0 0 0 0 0 0 0 0 0 0 0 0 0 0 1.07153 0 0 0 0 0 0 0 0 0 0 0 0 0 0 0 0 0 0 0 0 0 0 0 0 0 0 
0 0 0.669408 0 0.669408 0 -5.62493 1.07153 0 0 0 0 0 0 1.07153 0 0 0 0 0 0 0 1.07153 0 0 0 0 0 0 0 0 0 0 0 0 0 0 0 1.07153 0 0 0 0 0 0 0 0 0 0 0 0 0 0 0 0 0 0 0 0 0 0 0 0 0 
0 0 0 0.669408 0 0.669408 0.669408 -6.83011 0 0 0 0 0 0 0 1.60729 0 0 0 0 0 0 0 1.60729 0 0 0 0 0 0 0 0 0 0 0 0 0 0 0 1.60729 0 0 0 0 0 0 0 0 0 0 0 0 0 0 0 0 0 0 0 0 0 0 0 0 
0.669408 0 0 0 0 0 0 0 -3.34823 0.535765 0.535765 0 0.535765 0 0 0 0 0 0 0 0 0 0 0 0.535765 0 0 0 0 0 0 0 0 0 0 0 0 0 0 0 0.535765 0 0 0 0 0 0 0 0 0 0 0 0 0 0 0 0 0 0 0 0 0 0 0 
0 0.669408 0 0 0 0 0 0 0.669408 -5.62493 0 1.07153 0 1.07153 0 0 0 0 0 0 0 0 0 0 0 1.07153 0 0 0 0 0 0 0 0 0 0 0 0 0 0 0 1.07153 0 0 0 0 0 0 0 0 0 0 0 0 0 0 0 0 0 0 0 0 0 0 
0 0 0.669408 0 0 0 0 0 0.669408 0 -5.62493 1.07153 0 0 1.07153 0 0 0 0 0 0 0 0 0 0 0 1.07153 0 0 0 0 0 0 0 0 0 0 0 0 0 0 0 1.07153 0 0 0 0 0 0 0 0 0 0 0 0 0 0 0 0 0 0 0 0 0 
0 0 0 0.669408 0 0 0 0 0 0.669408 0.669408 -6.83011 0 0 0 1.60729 0 0 0 0 0 0 0 0 0 0 0 1.60729 0 0 0 0 0 0 0 0 0 0 0 0 0 0 0 1.60729 0 0 0 0 0 0 0 0 0 0 0 0 0 0 0 0 0 0 0 0 
0 0 0 0 0.669408 0 0 0 0.669408 0 0 0 -5.62493 1.07153 1.07153 0 0 0 0 0 0 0 0 0 0 0 0 0 1.07153 0 0 0 0 0 0 0 0 0 0 0 0 0 0 0 1.07153 0 0 0 0 0 0 0 0 0 0 0 0 0 0 0 0 0 0 0 
0 0 0 0 0 0.669408 0 0 0 0.669408 0 0 0.669408 -6.83011 0 1.60729 0 0 0 0 0 0 0 0 0 0 0 0 0 1.60729 0 0 0 0 0 0 0 0 0 0 0 0 0 0 0 1.60729 0 0 0 0 0 0 0 0 0 0 0 0 0 0 0 0 0 0 
0 0 0 0 0 0 0.669408 0 0 0 0.669408 0 0.669408 0 -6.83011 1.60729 0 0 0 0 0 0 0 0 0 0 0 0 0 0 1.60729 0 0 0 0 0 0 0 0 0 0 0 0 0 0 0 1.60729 0 0 0 0 0 0 0 0 0 0 0 0 0 0 0 0 0 
0 0 0 0 0 0 0 0.669408 0 0 0 0.669408 0 0.669408 0.669408 -6.96375 0 0 0 0 0 0 0 0 0 0 0 0 0 0 0 2.14306 0 0 0 0 0 0 0 0 0 0 0 0 0 0 0 2.14306 0 0 0 0 0 0 0 0 0 0 0 0 0 0 0 0 
0.669408 0 0 0 0 0 0 0 0 0 0 0 0 0 0 0 -3.34823 0.535765 0.535765 0 0.535765 0 0 0 0.535765 0 0 0 0 0 0 0 0 0 0 0 0 0 0 0 0 0 0 0 0 0 0 0 0.535765 0 0 0 0 0 0 0 0 0 0 0 0 0 0 0 
0 0.669408 0 0 0 0 0 0 0 0 0 0 0 0 0 0 0.669408 -5.62493 0 1.07153 0 1.07153 0 0 0 1.07153 0 0 0 0 0 0 0 0 0 0 0 0 0 0 0 0 0 0 0 0 0 0 0 1.07153 0 0 0 0 0 0 0 0 0 0 0 0 0 0 
0 0 0.669408 0 0 0 0 0 0 0 0 0 0 0 0 0 0.669408 0 -5.62493 1.07153 0 0 1.07153 0 0 0 1.07153 0 0 0 0 0 0 0 0 0 0 0 0 0 0 0 0 0 0 0 0 0 0 0 1.07153 0 0 0 0 0 0 0 0 0 0 0 0 0 
0 0 0 0.669408 0 0 0 0 0 0 0 0 0 0 0 0 0 0.669408 0.669408 -6.83011 0 0 0 1.60729 0 0 0 1.60729 0 0 0 0 0 0 0 0 0 0 0 0 0 0 0 0 0 0 0 0 0 0 0 1.60729 0 0 0 0 0 0 0 0 0 0 0 0 
0 0 0 0 0.669408 0 0 0 0 0 0 0 0 0 0 0 0.669408 0 0 0 -5.62493 1.07153 1.07153 0 0 0 0 0 1.07153 0 0 0 0 0 0 0 0 0 0 0 0 0 0 0 0 0 0 0 0 0 0 0 1.07153 0 0 0 0 0 0 0 0 0 0 0 
0 0 0 0 0 0.669408 0 0 0 0 0 0 0 0 0 0 0 0.669408 0 0 0.669408 -6.83011 0 1.60729 0 0 0 0 0 1.60729 0 0 0 0 0 0 0 0 0 0 0 0 0 0 0 0 0 0 0 0 0 0 0 1.60729 0 0 0 0 0 0 0 0 0 0 
0 0 0 0 0 0 0.669408 0 0 0 0 0 0 0 0 0 0 0 0.669408 0 0.669408 0 -6.83011 1.60729 0 0 0 0 0 0 1.60729 0 0 0 0 0 0 0 0 0 0 0 0 0 0 0 0 0 0 0 0 0 0 0 1.60729 0 0 0 0 0 0 0 0 0 
0 0 0 0 0 0 0 0.669408 0 0 0 0 0 0 0 0 0 0 0 0.669408 0 0.669408 0.669408 -6.96375 0 0 0 0 0 0 0 2.14306 0 0 0 0 0 0 0 0 0 0 0 0 0 0 0 0 0 0 0 0 0 0 0 2.14306 0 0 0 0 0 0 0 0 
0 0 0 0 0 0 0 0 0.669408 0 0 0 0 0 0 0 0.669408 0 0 0 0 0 0 0 -5.62493 1.07153 1.07153 0 1.07153 0 0 0 0 0 0 0 0 0 0 0 0 0 0 0 0 0 0 0 0 0 0 0 0 0 0 0 1.07153 0 0 0 0 0 0 0 
0 0 0 0 0 0 0 0 0 0.669408 0 0 0 0 0 0 0 0.669408 0 0 0 0 0 0 0.669408 -6.83011 0 1.60729 0 1.60729 0 0 0 0 0 0 0 0 0 0 0 0 0 0 0 0 0 0 0 0 0 0 0 0 0 0 0 1.60729 0 0 0 0 0 0 
0 0 0 0 0 0 0 0 0 0 0.669408 0 0 0 0 0 0 0 0.669408 0 0 0 0 0 0.669408 0 -6.83011 1.60729 0 0 1.60729 0 0 0 0 0 0 0 0 0 0 0 0 0 0 0 0 0 0 0 0 0 0 0 0 0 0 0 1.60729 0 0 0 0 0 
0 0 0 0 0 0 0 0 0 0 0 0.669408 0 0 0 0 0 0 0 0.669408 0 0 0 0 0 0.669408 0.669408 -6.96375 0 0 0 2.14306 0 0 0 0 0 0 0 0 0 0 0 0 0 0 0 0 0 0 0 0 0 0 0 0 0 0 0 2.14306 0 0 0 0 
0 0 0 0 0 0 0 0 0 0 0 0 0.669408 0 0 0 0 0 0 0 0.669408 0 0 0 0.669408 0 0 0 -6.83011 1.60729 1.60729 0 0 0 0 0 0 0 0 0 0 0 0 0 0 0 0 0 0 0 0 0 0 0 0 0 0 0 0 0 1.60729 0 0 0 
0 0 0 0 0 0 0 0 0 0 0 0 0 0.669408 0 0 0 0 0 0 0 0.669408 0 0 0 0.669408 0 0 0.669408 -6.96375 0 2.14306 0 0 0 0 0 0 0 0 0 0 0 0 0 0 0 0 0 0 0 0 0 0 0 0 0 0 0 0 0 2.14306 0 0 
0 0 0 0 0 0 0 0 0 0 0 0 0 0 0.669408 0 0 0 0 0 0 0 0.669408 0 0 0 0.669408 0 0.669408 0 -6.96375 2.14306 0 0 0 0 0 0 0 0 0 0 0 0 0 0 0 0 0 0 0 0 0 0 0 0 0 0 0 0 0 0 2.14306 0 
0 0 0 0 0 0 0 0 0 0 0 0 0 0 0 0.669408 0 0 0 0 0 0 0 0.669408 0 0 0 0.669408 0 0.669408 0.669408 -6.02586 0 0 0 0 0 0 0 0 0 0 0 0 0 0 0 0 0 0 0 0 0 0 0 0 0 0 0 0 0 0 0 2.67882 
0.669408 0 0 0 0 0 0 0 0 0 0 0 0 0 0 0 0 0 0 0 0 0 0 0 0 0 0 0 0 0 0 0 -3.34823 0.535765 0.535765 0 0.535765 0 0 0 0.535765 0 0 0 0 0 0 0 0.535765 0 0 0 0 0 0 0 0 0 0 0 0 0 0 0 
0 0.669408 0 0 0 0 0 0 0 0 0 0 0 0 0 0 0 0 0 0 0 0 0 0 0 0 0 0 0 0 0 0 0.669408 -5.62493 0 1.07153 0 1.07153 0 0 0 1.07153 0 0 0 0 0 0 0 1.07153 0 0 0 0 0 0 0 0 0 0 0 0 0 0 
0 0 0.669408 0 0 0 0 0 0 0 0 0 0 0 0 0 0 0 0 0 0 0 0 0 0 0 0 0 0 0 0 0 0.669408 0 -5.62493 1.07153 0 0 1.07153 0 0 0 1.07153 0 0 0 0 0 0 0 1.07153 0 0 0 0 0 0 0 0 0 0 0 0 0 
0 0 0 0.669408 0 0 0 0 0 0 0 0 0 0 0 0 0 0 0 0 0 0 0 0 0 0 0 0 0 0 0 0 0 0.669408 0.669408 -6.83011 0 0 0 1.60729 0 0 0 1.60729 0 0 0 0 0 0 0 1.60729 0 0 0 0 0 0 0 0 0 0 0 0 
0 0 0 0 0.669408 0 0 0 0 0 0 0 0 0 0 0 0 0 0 0 0 0 0 0 0 0 0 0 0 0 0 0 0.669408 0 0 0 -5.62493 1.07153 1.07153 0 0 0 0 0 1.07153 0 0 0 0 0 0 0 1.07153 0 0 0 0 0 0 0 0 0 0 0 
0 0 0 0 0 0.669408 0 0 0 0 0 0 0 0 0 0 0 0 0 0 0 0 0 0 0 0 0 0 0 0 0 0 0 0.669408 0 0 0.669408 -6.83011 0 1.60729 0 0 0 0 0 1.60729 0 0 0 0 0 0 0 1.60729 0 0 0 0 0 0 0 0 0 0 
0 0 0 0 0 0 0.669408 0 0 0 0 0 0 0 0 0 0 0 0 0 0 0 0 0 0 0 0 0 0 0 0 0 0 0 0.669408 0 0.669408 0 -6.83011 1.60729 0 0 0 0 0 0 1.60729 0 0 0 0 0 0 0 1.60729 0 0 0 0 0 0 0 0 0 
0 0 0 0 0 0 0 0.669408 0 0 0 0 0 0 0 0 0 0 0 0 0 0 0 0 0 0 0 0 0 0 0 0 0 0 0 0.669408 0 0.669408 0.669408 -6.96375 0 0 0 0 0 0 0 2.14306 0 0 0 0 0 0 0 2.14306 0 0 0 0 0 0 0 0 
0 0 0 0 0 0 0 0 0.669408 0 0 0 0 0 0 0 0 0 0 0 0 0 0 0 0 0 0 0 0 0 0 0 0.669408 0 0 0 0 0 0 0 -5.62493 1.07153 1.07153 0 1.07153 0 0 0 0 0 0 0 0 0 0 0 1.07153 0 0 0 0 0 0 0 
0 0 0 0 0 0 0 0 0 0.669408 0 0 0 0 0 0 0 0 0 0 0 0 0 0 0 0 0 0 0 0 0 0 0 0.669408 0 0 0 0 0 0 0.669408 -6.83011 0 1.60729 0 1.60729 0 0 0 0 0 0 0 0 0 0 0 1.60729 0 0 0 0 0 0 
0 0 0 0 0 0 0 0 0 0 0.669408 0 0 0 0 0 0 0 0 0 0 0 0 0 0 0 0 0 0 0 0 0 0 0 0.669408 0 0 0 0 0 0.669408 0 -6.83011 1.60729 0 0 1.60729 0 0 0 0 0 0 0 0 0 0 0 1.60729 0 0 0 0 0 
0 0 0 0 0 0 0 0 0 0 0 0.669408 0 0 0 0 0 0 0 0 0 0 0 0 0 0 0 0 0 0 0 0 0 0 0 0.669408 0 0 0 0 0 0.669408 0.669408 -6.96375 0 0 0 2.14306 0 0 0 0 0 0 0 0 0 0 0 2.14306 0 0 0 0 
0 0 0 0 0 0 0 0 0 0 0 0 0.669408 0 0 0 0 0 0 0 0 0 0 0 0 0 0 0 0 0 0 0 0 0 0 0 0.669408 0 0 0 0.669408 0 0 0 -6.83011 1.60729 1.60729 0 0 0 0 0 0 0 0 0 0 0 0 0 1.60729 0 0 0 
0 0 0 0 0 0 0 0 0 0 0 0 0 0.669408 0 0 0 0 0 0 0 0 0 0 0 0 0 0 0 0 0 0 0 0 0 0 0 0.669408 0 0 0 0.669408 0 0 0.669408 -6.96375 0 2.14306 0 0 0 0 0 0 0 0 0 0 0 0 0 2.14306 0 0 
0 0 0 0 0 0 0 0 0 0 0 0 0 0 0.669408 0 0 0 0 0 0 0 0 0 0 0 0 0 0 0 0 0 0 0 0 0 0 0 0.669408 0 0 0 0.669408 0 0.669408 0 -6.96375 2.14306 0 0 0 0 0 0 0 0 0 0 0 0 0 0 2.14306 0 
0 0 0 0 0 0 0 0 0 0 0 0 0 0 0 0.669408 0 0 0 0 0 0 0 0 0 0 0 0 0 0 0 0 0 0 0 0 0 0 0 0.669408 0 0 0 0.669408 0 0.669408 0.669408 -6.02586 0 0 0 0 0 0 0 0 0 0 0 0 0 0 0 2.67882 
0 0 0 0 0 0 0 0 0 0 0 0 0 0 0 0 0.669408 0 0 0 0 0 0 0 0 0 0 0 0 0 0 0 0.669408 0 0 0 0 0 0 0 0 0 0 0 0 0 0 0 -5.62493 1.07153 1.07153 0 1.07153 0 0 0 1.07153 0 0 0 0 0 0 0 
0 0 0 0 0 0 0 0 0 0 0 0 0 0 0 0 0 0.669408 0 0 0 0 0 0 0 0 0 0 0 0 0 0 0 0.669408 0 0 0 0 0 0 0 0 0 0 0 0 0 0 0.669408 -6.83011 0 1.60729 0 1.60729 0 0 0 1.60729 0 0 0 0 0 0 
0 0 0 0 0 0 0 0 0 0 0 0 0 0 0 0 0 0 0.669408 0 0 0 0 0 0 0 0 0 0 0 0 0 0 0 0.669408 0 0 0 0 0 0 0 0 0 0 0 0 0 0.669408 0 -6.83011 1.60729 0 0 1.60729 0 0 0 1.60729 0 0 0 0 0 
0 0 0 0 0 0 0 0 0 0 0 0 0 0 0 0 0 0 0 0.669408 0 0 0 0 0 0 0 0 0 0 0 0 0 0 0 0.669408 0 0 0 0 0 0 0 0 0 0 0 0 0 0.669408 0.669408 -6.96375 0 0 0 2.14306 0 0 0 2.14306 0 0 0 0 
0 0 0 0 0 0 0 0 0 0 0 0 0 0 0 0 0 0 0 0 0.669408 0 0 0 0 0 0 0 0 0 0 0 0 0 0 0 0.669408 0 0 0 0 0 0 0 0 0 0 0 0.669408 0 0 0 -6.83011 1.60729 1.60729 0 0 0 0 0 1.60729 0 0 0 
0 0 0 0 0 0 0 0 0 0 0 0 0 0 0 0 0 0 0 0 0 0.669408 0 0 0 0 0 0 0 0 0 0 0 0 0 0 0 0.669408 0 0 0 0 0 0 0 0 0 0 0 0.669408 0 0 0.669408 -6.96375 0 2.14306 0 0 0 0 0 2.14306 0 0 
0 0 0 0 0 0 0 0 0 0 0 0 0 0 0 0 0 0 0 0 0 0 0.669408 0 0 0 0 0 0 0 0 0 0 0 0 0 0 0 0.669408 0 0 0 0 0 0 0 0 0 0 0 0.669408 0 0.669408 0 -6.96375 2.14306 0 0 0 0 0 0 2.14306 0 
0 0 0 0 0 0 0 0 0 0 0 0 0 0 0 0 0 0 0 0 0 0 0 0.669408 0 0 0 0 0 0 0 0 0 0 0 0 0 0 0 0.669408 0 0 0 0 0 0 0 0 0 0 0 0.669408 0 0.669408 0.669408 -6.02586 0 0 0 0 0 0 0 2.67882 
0 0 0 0 0 0 0 0 0 0 0 0 0 0 0 0 0 0 0 0 0 0 0 0 0.669408 0 0 0 0 0 0 0 0 0 0 0 0 0 0 0 0.669408 0 0 0 0 0 0 0 0.669408 0 0 0 0 0 0 0 -6.83011 1.60729 1.60729 0 1.60729 0 0 0 
0 0 0 0 0 0 0 0 0 0 0 0 0 0 0 0 0 0 0 0 0 0 0 0 0 0.669408 0 0 0 0 0 0 0 0 0 0 0 0 0 0 0 0.669408 0 0 0 0 0 0 0 0.669408 0 0 0 0 0 0 0.669408 -6.96375 0 2.14306 0 2.14306 0 0 
0 0 0 0 0 0 0 0 0 0 0 0 0 0 0 0 0 0 0 0 0 0 0 0 0 0 0.669408 0 0 0 0 0 0 0 0 0 0 0 0 0 0 0 0.669408 0 0 0 0 0 0 0 0.669408 0 0 0 0 0 0.669408 0 -6.96375 2.14306 0 0 2.14306 0 
0 0 0 0 0 0 0 0 0 0 0 0 0 0 0 0 0 0 0 0 0 0 0 0 0 0 0 0.669408 0 0 0 0 0 0 0 0 0 0 0 0 0 0 0 0.669408 0 0 0 0 0 0 0 0.669408 0 0 0 0 0 0.669408 0.669408 -6.02586 0 0 0 2.67882 
0 0 0 0 0 0 0 0 0 0 0 0 0 0 0 0 0 0 0 0 0 0 0 0 0 0 0 0 0.669408 0 0 0 0 0 0 0 0 0 0 0 0 0 0 0 0.669408 0 0 0 0 0 0 0 0.669408 0 0 0 0.669408 0 0 0 -6.96375 2.14306 2.14306 0 
0 0 0 0 0 0 0 0 0 0 0 0 0 0 0 0 0 0 0 0 0 0 0 0 0 0 0 0 0 0.669408 0 0 0 0 0 0 0 0 0 0 0 0 0 0 0 0.669408 0 0 0 0 0 0 0 0.669408 0 0 0 0.669408 0 0 0.669408 -6.02586 0 2.67882 
0 0 0 0 0 0 0 0 0 0 0 0 0 0 0 0 0 0 0 0 0 0 0 0 0 0 0 0 0 0 0.669408 0 0 0 0 0 0 0 0 0 0 0 0 0 0 0 0.669408 0 0 0 0 0 0 0 0.669408 0 0 0 0.669408 0 0.669408 0 -6.02586 2.67882 
0 0 0 0 0 0 0 0 0 0 0 0 0 0 0 0 0 0 0 0 0 0 0 0 0 0 0 0 0 0 0 0.669408 0 0 0 0 0 0 0 0 0 0 0 0 0 0 0 0.669408 0 0 0 0 0 0 0 0.669408 0 0 0 0.669408 0 0.669408 0.669408 -4.01645 
