32
-0 0 0 0 0 0 0 0 0 0 0 0 0 0 0 0 0 0 0 0 0 0 0 0 0 0 0 0 0 0 0 0 
0.2938 -1.76854 0 0.368684 0 0.368684 0 0 0 0.368684 0 0 0 0 0 0 0 0.368684 0 0 0 0 0 0 0 0 0 0 0 0 0 0 
0.2938 0 -1.76854 0.368684 0 0 0.368684 0 0 0 0.368684 0 0 0 0 0 0 0 0.368684 0 0 0 0 0 0 0 0 0 0 0 0 0 
0 0.2938 0.2938 -2.7997 0 0 0 0.737368 0 0 0 0.737368 0 0 0 0 0 0 0 0.737368 0 0 0 0 0 0 0 0 0 0 0 0 
0.2938 0 0 0 -1.76854 0.368684 0.368684 0 0 0 0 0 0.368684 0 0 0 0 0 0 0 0.368684 0 0 0 0 0 0 0 0 0 0 0 
0 0.2938 0 0 0.2938 -2.7997 0 0.737368 0 0 0 0 0 0.737368 0 0 0 0 0 0 0 0.737368 0 0 0 0 0 0 0 0 0 0 
0 0 0.2938 0 0.2938 0 -2.7997 0.737368 0 0 0 0 0 0 0.737368 0 0 0 0 0 0 0 0.737368 0 0 0 0 0 0 0 0 0 
0 0 0 0.2938 0 0.2938 0.2938 -3.0935 0 0 0 0 0 0 0 1.10605 0 0 0 0 0 0 0 1.10605 0 0 0 0 0 0 0 0 
0.2938 0 0 0 0 0 0 0 -1.76854 0.368684 0.368684 0 0.368684 0 0 0 0 0 0 0 0 0 0 0 0.368684 0 0 0 0 0 0 0 
0 0.2938 0 0 0 0 0 0 0.2938 -2.7997 0 0.737368 0 0.737368 0 0 0 0 0 0 0 0 0 0 0 0.737368 0 0 0 0 0 0 
0 0 0.2938 0 0 0 0 0 0.2938 0 -2.7997 0.737368 0 0 0.737368 0 0 0 0 0 0 0 0 0 0 0 0.737368 0 0 0 0 0 
0 0 0 0.2938 0 0 0 0 0 0.2938 0.2938 -3.0935 0 0 0 1.10605 0 0 0 0 0 0 0 0 0 0 0 1.10605 0 0 0 0 
0 0 0 0 0.2938 0 0 0 0.2938 0 0 0 -2.7997 0.737368 0.737368 0 0 0 0 0 0 0 0 0 0 0 0 0 0.737368 0 0 0 
0 0 0 0 0 0.2938 0 0 0 0.2938 0 0 0.2938 -3.0935 0 1.10605 0 0 0 0 0 0 0 0 0 0 0 0 0 1.10605 0 0 
0 0 0 0 0 0 0.2938 0 0 0 0.2938 0 0.2938 0 -3.0935 1.10605 0 0 0 0 0 0 0 0 0 0 0 0 0 0 1.10605 0 
0 0 0 0 0 0 0 0.2938 0 0 0 0.2938 0 0.2938 0.2938 -2.64993 0 0 0 0 0 0 0 0 0 0 0 0 0 0 0 1.47474 
0.2938 0 0 0 0 0 0 0 0 0 0 0 0 0 0 0 -1.76854 0.368684 0.368684 0 0.368684 0 0 0 0.368684 0 0 0 0 0 0 0 
0 0.2938 0 0 0 0 0 0 0 0 0 0 0 0 0 0 0.2938 -2.7997 0 0.737368 0 0.737368 0 0 0 0.737368 0 0 0 0 0 0 
0 0 0.2938 0 0 0 0 0 0 0 0 0 0 0 0 0 0.2938 0 -2.7997 0.737368 0 0 0.737368 0 0 0 0.737368 0 0 0 0 0 
0 0 0 0.2938 0 0 0 0 0 0 0 0 0 0 0 0 0 0.2938 0.2938 -3.0935 0 0 0 1.10605 0 0 0 1.10605 0 0 0 0 
0 0 0 0 0.2938 0 0 0 0 0 0 0 0 0 0 0 0.2938 0 0 0 -2.7997 0.737368 0.737368 0 0 0 0 0 0.737368 0 0 0 
0 0 0 0 0 0.2938 0 0 0 0 0 0 0 0 0 0 0 0.2938 0 0 0.2938 -3.0935 0 1.10605 0 0 0 0 0 1.10605 0 0 
0 0 0 0 0 0 0.2938 0 0 0 0 0 0 0 0 0 0 0 0.2938 0 0.2938 0 -3.0935 1.10605 0 0 0 0 0 0 1.10605 0 
0 0 0 0 0 0 0 0.2938 0 0 0 0 0 0 0 0 0 0 0 0.2938 0 0.2938 0.2938 -2.64993 0 0 0 0 0 0 0 1.47474 
0 0 0 0 0 0 0 0 0.2938 0 0 0 0 0 0 0 0.2938 0 0 0 0 0 0 0 -2.7997 0.737368 0.737368 0 0.737368 0 0 0 
0 0 0 0 0 0 0 0 0 0.2938 0 0 0 0 0 0 0 0.2938 0 0 0 0 0 0 0.2938 -3.0935 0 1.10605 0 1.10605 0 0 
0 0 0 0 0 0 0 0 0 0 0.2938 0 0 0 0 0 0 0 0.2938 0 0 0 0 0 0.2938 0 -3.0935 1.10605 0 0 1.10605 0 
0 0 0 0 0 0 0 0 0 0 0 0.2938 0 0 0 0 0 0 0 0.2938 0 0 0 0 0 0.2938 0.2938 -2.64993 0 0 0 1.47474 
0 0 0 0 0 0 0 0 0 0 0 0 0.2938 0 0 0 0 0 0 0 0.2938 0 0 0 0.2938 0 0 0 -3.0935 1.10605 1.10605 0 
0 0 0 0 0 0 0 0 0 0 0 0 0 0.2938 0 0 0 0 0 0 0 0.2938 0 0 0 0.2938 0 0 0.2938 -2.64993 0 1.47474 
0 0 0 0 0 0 0 0 0 0 0 0 0 0 0.2938 0 0 0 0 0 0 0 0.2938 0 0 0 0.2938 0 0.2938 0 -2.64993 1.47474 
0 0 0 0 0 0 0 0 0 0 0 0 0 0 0 0.2938 0 0 0 0 0 0 0 0.2938 0 0 0 0.2938 0 0.2938 0.2938 -1.469 
