32
-0 0 0 0 0 0 0 0 0 0 0 0 0 0 0 0 0 0 0 0 0 0 0 0 0 0 0 0 0 0 0 0 
0.423036 -2.29697 0 0.468484 0 0.468484 0 0 0 0.468484 0 0 0 0 0 0 0 0.468484 0 0 0 0 0 0 0 0 0 0 0 0 0 0 
0.423036 0 -2.29697 0.468484 0 0 0.468484 0 0 0 0.468484 0 0 0 0 0 0 0 0.468484 0 0 0 0 0 0 0 0 0 0 0 0 0 
0 0.423036 0.423036 -3.65698 0 0 0 0.936968 0 0 0 0.936968 0 0 0 0 0 0 0 0.936968 0 0 0 0 0 0 0 0 0 0 0 0 
0.423036 0 0 0 -2.29697 0.468484 0.468484 0 0 0 0 0 0.468484 0 0 0 0 0 0 0 0.468484 0 0 0 0 0 0 0 0 0 0 0 
0 0.423036 0 0 0.423036 -3.65698 0 0.936968 0 0 0 0 0 0.936968 0 0 0 0 0 0 0 0.936968 0 0 0 0 0 0 0 0 0 0 
0 0 0.423036 0 0.423036 0 -3.65698 0.936968 0 0 0 0 0 0 0.936968 0 0 0 0 0 0 0 0.936968 0 0 0 0 0 0 0 0 0 
0 0 0 0.423036 0 0.423036 0.423036 -4.08001 0 0 0 0 0 0 0 1.40545 0 0 0 0 0 0 0 1.40545 0 0 0 0 0 0 0 0 
0.423036 0 0 0 0 0 0 0 -2.29697 0.468484 0.468484 0 0.468484 0 0 0 0 0 0 0 0 0 0 0 0.468484 0 0 0 0 0 0 0 
0 0.423036 0 0 0 0 0 0 0.423036 -3.65698 0 0.936968 0 0.936968 0 0 0 0 0 0 0 0 0 0 0 0.936968 0 0 0 0 0 0 
0 0 0.423036 0 0 0 0 0 0.423036 0 -3.65698 0.936968 0 0 0.936968 0 0 0 0 0 0 0 0 0 0 0 0.936968 0 0 0 0 0 
0 0 0 0.423036 0 0 0 0 0 0.423036 0.423036 -4.08001 0 0 0 1.40545 0 0 0 0 0 0 0 0 0 0 0 1.40545 0 0 0 0 
0 0 0 0 0.423036 0 0 0 0.423036 0 0 0 -3.65698 0.936968 0.936968 0 0 0 0 0 0 0 0 0 0 0 0 0 0.936968 0 0 0 
0 0 0 0 0 0.423036 0 0 0 0.423036 0 0 0.423036 -4.08001 0 1.40545 0 0 0 0 0 0 0 0 0 0 0 0 0 1.40545 0 0 
0 0 0 0 0 0 0.423036 0 0 0 0.423036 0 0.423036 0 -4.08001 1.40545 0 0 0 0 0 0 0 0 0 0 0 0 0 0 1.40545 0 
0 0 0 0 0 0 0 0.423036 0 0 0 0.423036 0 0.423036 0.423036 -3.56608 0 0 0 0 0 0 0 0 0 0 0 0 0 0 0 1.87394 
0.423036 0 0 0 0 0 0 0 0 0 0 0 0 0 0 0 -2.29697 0.468484 0.468484 0 0.468484 0 0 0 0.468484 0 0 0 0 0 0 0 
0 0.423036 0 0 0 0 0 0 0 0 0 0 0 0 0 0 0.423036 -3.65698 0 0.936968 0 0.936968 0 0 0 0.936968 0 0 0 0 0 0 
0 0 0.423036 0 0 0 0 0 0 0 0 0 0 0 0 0 0.423036 0 -3.65698 0.936968 0 0 0.936968 0 0 0 0.936968 0 0 0 0 0 
0 0 0 0.423036 0 0 0 0 0 0 0 0 0 0 0 0 0 0.423036 0.423036 -4.08001 0 0 0 1.40545 0 0 0 1.40545 0 0 0 0 
0 0 0 0 0.423036 0 0 0 0 0 0 0 0 0 0 0 0.423036 0 0 0 -3.65698 0.936968 0.936968 0 0 0 0 0 0.936968 0 0 0 
0 0 0 0 0 0.423036 0 0 0 0 0 0 0 0 0 0 0 0.423036 0 0 0.423036 -4.08001 0 1.40545 0 0 0 0 0 1.40545 0 0 
0 0 0 0 0 0 0.423036 0 0 0 0 0 0 0 0 0 0 0 0.423036 0 0.423036 0 -4.08001 1.40545 0 0 0 0 0 0 1.40545 0 
0 0 0 0 0 0 0 0.423036 0 0 0 0 0 0 0 0 0 0 0 0.423036 0 0.423036 0.423036 -3.56608 0 0 0 0 0 0 0 1.87394 
0 0 0 0 0 0 0 0 0.423036 0 0 0 0 0 0 0 0.423036 0 0 0 0 0 0 0 -3.65698 0.936968 0.936968 0 0.936968 0 0 0 
0 0 0 0 0 0 0 0 0 0.423036 0 0 0 0 0 0 0 0.423036 0 0 0 0 0 0 0.423036 -4.08001 0 1.40545 0 1.40545 0 0 
0 0 0 0 0 0 0 0 0 0 0.423036 0 0 0 0 0 0 0 0.423036 0 0 0 0 0 0.423036 0 -4.08001 1.40545 0 0 1.40545 0 
0 0 0 0 0 0 0 0 0 0 0 0.423036 0 0 0 0 0 0 0 0.423036 0 0 0 0 0 0.423036 0.423036 -3.56608 0 0 0 1.87394 
0 0 0 0 0 0 0 0 0 0 0 0 0.423036 0 0 0 0 0 0 0 0.423036 0 0 0 0.423036 0 0 0 -4.08001 1.40545 1.40545 0 
0 0 0 0 0 0 0 0 0 0 0 0 0 0.423036 0 0 0 0 0 0 0 0.423036 0 0 0 0.423036 0 0 0.423036 -3.56608 0 1.87394 
0 0 0 0 0 0 0 0 0 0 0 0 0 0 0.423036 0 0 0 0 0 0 0 0.423036 0 0 0 0.423036 0 0.423036 0 -3.56608 1.87394 
0 0 0 0 0 0 0 0 0 0 0 0 0 0 0 0.423036 0 0 0 0 0 0 0 0.423036 0 0 0 0.423036 0 0.423036 0.423036 -2.11518 
