32
-0 0 0 0 0 0 0 0 0 0 0 0 0 0 0 0 0 0 0 0 0 0 0 0 0 0 0 0 0 0 0 0 
0.210706 -1.26627 0 0.263891 0 0.263891 0 0 0 0.263891 0 0 0 0 0 0 0 0.263891 0 0 0 0 0 0 0 0 0 0 0 0 0 0 
0.210706 0 -1.26627 0.263891 0 0 0.263891 0 0 0 0.263891 0 0 0 0 0 0 0 0.263891 0 0 0 0 0 0 0 0 0 0 0 0 0 
0 0.210706 0.210706 -2.00476 0 0 0 0.527782 0 0 0 0.527782 0 0 0 0 0 0 0 0.527782 0 0 0 0 0 0 0 0 0 0 0 0 
0.210706 0 0 0 -1.26627 0.263891 0.263891 0 0 0 0 0 0.263891 0 0 0 0 0 0 0 0.263891 0 0 0 0 0 0 0 0 0 0 0 
0 0.210706 0 0 0.210706 -2.00476 0 0.527782 0 0 0 0 0 0.527782 0 0 0 0 0 0 0 0.527782 0 0 0 0 0 0 0 0 0 0 
0 0 0.210706 0 0.210706 0 -2.00476 0.527782 0 0 0 0 0 0 0.527782 0 0 0 0 0 0 0 0.527782 0 0 0 0 0 0 0 0 0 
0 0 0 0.210706 0 0.210706 0.210706 -2.21546 0 0 0 0 0 0 0 0.791673 0 0 0 0 0 0 0 0.791673 0 0 0 0 0 0 0 0 
0.210706 0 0 0 0 0 0 0 -1.26627 0.263891 0.263891 0 0.263891 0 0 0 0 0 0 0 0 0 0 0 0.263891 0 0 0 0 0 0 0 
0 0.210706 0 0 0 0 0 0 0.210706 -2.00476 0 0.527782 0 0.527782 0 0 0 0 0 0 0 0 0 0 0 0.527782 0 0 0 0 0 0 
0 0 0.210706 0 0 0 0 0 0.210706 0 -2.00476 0.527782 0 0 0.527782 0 0 0 0 0 0 0 0 0 0 0 0.527782 0 0 0 0 0 
0 0 0 0.210706 0 0 0 0 0 0.210706 0.210706 -2.21546 0 0 0 0.791673 0 0 0 0 0 0 0 0 0 0 0 0.791673 0 0 0 0 
0 0 0 0 0.210706 0 0 0 0.210706 0 0 0 -2.00476 0.527782 0.527782 0 0 0 0 0 0 0 0 0 0 0 0 0 0.527782 0 0 0 
0 0 0 0 0 0.210706 0 0 0 0.210706 0 0 0.210706 -2.21546 0 0.791673 0 0 0 0 0 0 0 0 0 0 0 0 0 0.791673 0 0 
0 0 0 0 0 0 0.210706 0 0 0 0.210706 0 0.210706 0 -2.21546 0.791673 0 0 0 0 0 0 0 0 0 0 0 0 0 0 0.791673 0 
0 0 0 0 0 0 0 0.210706 0 0 0 0.210706 0 0.210706 0.210706 -1.89839 0 0 0 0 0 0 0 0 0 0 0 0 0 0 0 1.05556 
0.210706 0 0 0 0 0 0 0 0 0 0 0 0 0 0 0 -1.26627 0.263891 0.263891 0 0.263891 0 0 0 0.263891 0 0 0 0 0 0 0 
0 0.210706 0 0 0 0 0 0 0 0 0 0 0 0 0 0 0.210706 -2.00476 0 0.527782 0 0.527782 0 0 0 0.527782 0 0 0 0 0 0 
0 0 0.210706 0 0 0 0 0 0 0 0 0 0 0 0 0 0.210706 0 -2.00476 0.527782 0 0 0.527782 0 0 0 0.527782 0 0 0 0 0 
0 0 0 0.210706 0 0 0 0 0 0 0 0 0 0 0 0 0 0.210706 0.210706 -2.21546 0 0 0 0.791673 0 0 0 0.791673 0 0 0 0 
0 0 0 0 0.210706 0 0 0 0 0 0 0 0 0 0 0 0.210706 0 0 0 -2.00476 0.527782 0.527782 0 0 0 0 0 0.527782 0 0 0 
0 0 0 0 0 0.210706 0 0 0 0 0 0 0 0 0 0 0 0.210706 0 0 0.210706 -2.21546 0 0.791673 0 0 0 0 0 0.791673 0 0 
0 0 0 0 0 0 0.210706 0 0 0 0 0 0 0 0 0 0 0 0.210706 0 0.210706 0 -2.21546 0.791673 0 0 0 0 0 0 0.791673 0 
0 0 0 0 0 0 0 0.210706 0 0 0 0 0 0 0 0 0 0 0 0.210706 0 0.210706 0.210706 -1.89839 0 0 0 0 0 0 0 1.05556 
0 0 0 0 0 0 0 0 0.210706 0 0 0 0 0 0 0 0.210706 0 0 0 0 0 0 0 -2.00476 0.527782 0.527782 0 0.527782 0 0 0 
0 0 0 0 0 0 0 0 0 0.210706 0 0 0 0 0 0 0 0.210706 0 0 0 0 0 0 0.210706 -2.21546 0 0.791673 0 0.791673 0 0 
0 0 0 0 0 0 0 0 0 0 0.210706 0 0 0 0 0 0 0 0.210706 0 0 0 0 0 0.210706 0 -2.21546 0.791673 0 0 0.791673 0 
0 0 0 0 0 0 0 0 0 0 0 0.210706 0 0 0 0 0 0 0 0.210706 0 0 0 0 0 0.210706 0.210706 -1.89839 0 0 0 1.05556 
0 0 0 0 0 0 0 0 0 0 0 0 0.210706 0 0 0 0 0 0 0 0.210706 0 0 0 0.210706 0 0 0 -2.21546 0.791673 0.791673 0 
0 0 0 0 0 0 0 0 0 0 0 0 0 0.210706 0 0 0 0 0 0 0 0.210706 0 0 0 0.210706 0 0 0.210706 -1.89839 0 1.05556 
0 0 0 0 0 0 0 0 0 0 0 0 0 0 0.210706 0 0 0 0 0 0 0 0.210706 0 0 0 0.210706 0 0.210706 0 -1.89839 1.05556 
0 0 0 0 0 0 0 0 0 0 0 0 0 0 0 0.210706 0 0 0 0 0 0 0 0.210706 0 0 0 0.210706 0 0.210706 0.210706 -1.05353 
