64
-0 0 0 0 0 0 0 0 0 0 0 0 0 0 0 0 0 0 0 0 0 0 0 0 0 0 0 0 0 0 0 0 0 0 0 0 0 0 0 0 0 0 0 0 0 0 0 0 0 0 0 0 0 0 0 0 0 0 0 0 0 0 0 0 
0.72608 -3.43863 0 0.542511 0 0.542511 0 0 0 0.542511 0 0 0 0 0 0 0 0.542511 0 0 0 0 0 0 0 0 0 0 0 0 0 0 0 0.542511 0 0 0 0 0 0 0 0 0 0 0 0 0 0 0 0 0 0 0 0 0 0 0 0 0 0 0 0 0 0 
0.72608 0 -3.43863 0.542511 0 0 0.542511 0 0 0 0.542511 0 0 0 0 0 0 0 0.542511 0 0 0 0 0 0 0 0 0 0 0 0 0 0 0 0.542511 0 0 0 0 0 0 0 0 0 0 0 0 0 0 0 0 0 0 0 0 0 0 0 0 0 0 0 0 0 
0 0.72608 0.72608 -5.79225 0 0 0 1.08502 0 0 0 1.08502 0 0 0 0 0 0 0 1.08502 0 0 0 0 0 0 0 0 0 0 0 0 0 0 0 1.08502 0 0 0 0 0 0 0 0 0 0 0 0 0 0 0 0 0 0 0 0 0 0 0 0 0 0 0 0 
0.72608 0 0 0 -3.43863 0.542511 0.542511 0 0 0 0 0 0.542511 0 0 0 0 0 0 0 0.542511 0 0 0 0 0 0 0 0 0 0 0 0 0 0 0 0.542511 0 0 0 0 0 0 0 0 0 0 0 0 0 0 0 0 0 0 0 0 0 0 0 0 0 0 0 
0 0.72608 0 0 0.72608 -5.79225 0 1.08502 0 0 0 0 0 1.08502 0 0 0 0 0 0 0 1.08502 0 0 0 0 0 0 0 0 0 0 0 0 0 0 0 1.08502 0 0 0 0 0 0 0 0 0 0 0 0 0 0 0 0 0 0 0 0 0 0 0 0 0 0 
0 0 0.72608 0 0.72608 0 -5.79225 1.08502 0 0 0 0 0 0 1.08502 0 0 0 0 0 0 0 1.08502 0 0 0 0 0 0 0 0 0 0 0 0 0 0 0 1.08502 0 0 0 0 0 0 0 0 0 0 0 0 0 0 0 0 0 0 0 0 0 0 0 0 0 
0 0 0 0.72608 0 0.72608 0.72608 -7.06084 0 0 0 0 0 0 0 1.62753 0 0 0 0 0 0 0 1.62753 0 0 0 0 0 0 0 0 0 0 0 0 0 0 0 1.62753 0 0 0 0 0 0 0 0 0 0 0 0 0 0 0 0 0 0 0 0 0 0 0 0 
0.72608 0 0 0 0 0 0 0 -3.43863 0.542511 0.542511 0 0.542511 0 0 0 0 0 0 0 0 0 0 0 0.542511 0 0 0 0 0 0 0 0 0 0 0 0 0 0 0 0.542511 0 0 0 0 0 0 0 0 0 0 0 0 0 0 0 0 0 0 0 0 0 0 0 
0 0.72608 0 0 0 0 0 0 0.72608 -5.79225 0 1.08502 0 1.08502 0 0 0 0 0 0 0 0 0 0 0 1.08502 0 0 0 0 0 0 0 0 0 0 0 0 0 0 0 1.08502 0 0 0 0 0 0 0 0 0 0 0 0 0 0 0 0 0 0 0 0 0 0 
0 0 0.72608 0 0 0 0 0 0.72608 0 -5.79225 1.08502 0 0 1.08502 0 0 0 0 0 0 0 0 0 0 0 1.08502 0 0 0 0 0 0 0 0 0 0 0 0 0 0 0 1.08502 0 0 0 0 0 0 0 0 0 0 0 0 0 0 0 0 0 0 0 0 0 
0 0 0 0.72608 0 0 0 0 0 0.72608 0.72608 -7.06084 0 0 0 1.62753 0 0 0 0 0 0 0 0 0 0 0 1.62753 0 0 0 0 0 0 0 0 0 0 0 0 0 0 0 1.62753 0 0 0 0 0 0 0 0 0 0 0 0 0 0 0 0 0 0 0 0 
0 0 0 0 0.72608 0 0 0 0.72608 0 0 0 -5.79225 1.08502 1.08502 0 0 0 0 0 0 0 0 0 0 0 0 0 1.08502 0 0 0 0 0 0 0 0 0 0 0 0 0 0 0 1.08502 0 0 0 0 0 0 0 0 0 0 0 0 0 0 0 0 0 0 0 
0 0 0 0 0 0.72608 0 0 0 0.72608 0 0 0.72608 -7.06084 0 1.62753 0 0 0 0 0 0 0 0 0 0 0 0 0 1.62753 0 0 0 0 0 0 0 0 0 0 0 0 0 0 0 1.62753 0 0 0 0 0 0 0 0 0 0 0 0 0 0 0 0 0 0 
0 0 0 0 0 0 0.72608 0 0 0 0.72608 0 0.72608 0 -7.06084 1.62753 0 0 0 0 0 0 0 0 0 0 0 0 0 0 1.62753 0 0 0 0 0 0 0 0 0 0 0 0 0 0 0 1.62753 0 0 0 0 0 0 0 0 0 0 0 0 0 0 0 0 0 
0 0 0 0 0 0 0 0.72608 0 0 0 0.72608 0 0.72608 0.72608 -7.24441 0 0 0 0 0 0 0 0 0 0 0 0 0 0 0 2.17004 0 0 0 0 0 0 0 0 0 0 0 0 0 0 0 2.17004 0 0 0 0 0 0 0 0 0 0 0 0 0 0 0 0 
0.72608 0 0 0 0 0 0 0 0 0 0 0 0 0 0 0 -3.43863 0.542511 0.542511 0 0.542511 0 0 0 0.542511 0 0 0 0 0 0 0 0 0 0 0 0 0 0 0 0 0 0 0 0 0 0 0 0.542511 0 0 0 0 0 0 0 0 0 0 0 0 0 0 0 
0 0.72608 0 0 0 0 0 0 0 0 0 0 0 0 0 0 0.72608 -5.79225 0 1.08502 0 1.08502 0 0 0 1.08502 0 0 0 0 0 0 0 0 0 0 0 0 0 0 0 0 0 0 0 0 0 0 0 1.08502 0 0 0 0 0 0 0 0 0 0 0 0 0 0 
0 0 0.72608 0 0 0 0 0 0 0 0 0 0 0 0 0 0.72608 0 -5.79225 1.08502 0 0 1.08502 0 0 0 1.08502 0 0 0 0 0 0 0 0 0 0 0 0 0 0 0 0 0 0 0 0 0 0 0 1.08502 0 0 0 0 0 0 0 0 0 0 0 0 0 
0 0 0 0.72608 0 0 0 0 0 0 0 0 0 0 0 0 0 0.72608 0.72608 -7.06084 0 0 0 1.62753 0 0 0 1.62753 0 0 0 0 0 0 0 0 0 0 0 0 0 0 0 0 0 0 0 0 0 0 0 1.62753 0 0 0 0 0 0 0 0 0 0 0 0 
0 0 0 0 0.72608 0 0 0 0 0 0 0 0 0 0 0 0.72608 0 0 0 -5.79225 1.08502 1.08502 0 0 0 0 0 1.08502 0 0 0 0 0 0 0 0 0 0 0 0 0 0 0 0 0 0 0 0 0 0 0 1.08502 0 0 0 0 0 0 0 0 0 0 0 
0 0 0 0 0 0.72608 0 0 0 0 0 0 0 0 0 0 0 0.72608 0 0 0.72608 -7.06084 0 1.62753 0 0 0 0 0 1.62753 0 0 0 0 0 0 0 0 0 0 0 0 0 0 0 0 0 0 0 0 0 0 0 1.62753 0 0 0 0 0 0 0 0 0 0 
0 0 0 0 0 0 0.72608 0 0 0 0 0 0 0 0 0 0 0 0.72608 0 0.72608 0 -7.06084 1.62753 0 0 0 0 0 0 1.62753 0 0 0 0 0 0 0 0 0 0 0 0 0 0 0 0 0 0 0 0 0 0 0 1.62753 0 0 0 0 0 0 0 0 0 
0 0 0 0 0 0 0 0.72608 0 0 0 0 0 0 0 0 0 0 0 0.72608 0 0.72608 0.72608 -7.24441 0 0 0 0 0 0 0 2.17004 0 0 0 0 0 0 0 0 0 0 0 0 0 0 0 0 0 0 0 0 0 0 0 2.17004 0 0 0 0 0 0 0 0 
0 0 0 0 0 0 0 0 0.72608 0 0 0 0 0 0 0 0.72608 0 0 0 0 0 0 0 -5.79225 1.08502 1.08502 0 1.08502 0 0 0 0 0 0 0 0 0 0 0 0 0 0 0 0 0 0 0 0 0 0 0 0 0 0 0 1.08502 0 0 0 0 0 0 0 
0 0 0 0 0 0 0 0 0 0.72608 0 0 0 0 0 0 0 0.72608 0 0 0 0 0 0 0.72608 -7.06084 0 1.62753 0 1.62753 0 0 0 0 0 0 0 0 0 0 0 0 0 0 0 0 0 0 0 0 0 0 0 0 0 0 0 1.62753 0 0 0 0 0 0 
0 0 0 0 0 0 0 0 0 0 0.72608 0 0 0 0 0 0 0 0.72608 0 0 0 0 0 0.72608 0 -7.06084 1.62753 0 0 1.62753 0 0 0 0 0 0 0 0 0 0 0 0 0 0 0 0 0 0 0 0 0 0 0 0 0 0 0 1.62753 0 0 0 0 0 
0 0 0 0 0 0 0 0 0 0 0 0.72608 0 0 0 0 0 0 0 0.72608 0 0 0 0 0 0.72608 0.72608 -7.24441 0 0 0 2.17004 0 0 0 0 0 0 0 0 0 0 0 0 0 0 0 0 0 0 0 0 0 0 0 0 0 0 0 2.17004 0 0 0 0 
0 0 0 0 0 0 0 0 0 0 0 0 0.72608 0 0 0 0 0 0 0 0.72608 0 0 0 0.72608 0 0 0 -7.06084 1.62753 1.62753 0 0 0 0 0 0 0 0 0 0 0 0 0 0 0 0 0 0 0 0 0 0 0 0 0 0 0 0 0 1.62753 0 0 0 
0 0 0 0 0 0 0 0 0 0 0 0 0 0.72608 0 0 0 0 0 0 0 0.72608 0 0 0 0.72608 0 0 0.72608 -7.24441 0 2.17004 0 0 0 0 0 0 0 0 0 0 0 0 0 0 0 0 0 0 0 0 0 0 0 0 0 0 0 0 0 2.17004 0 0 
0 0 0 0 0 0 0 0 0 0 0 0 0 0 0.72608 0 0 0 0 0 0 0 0.72608 0 0 0 0.72608 0 0.72608 0 -7.24441 2.17004 0 0 0 0 0 0 0 0 0 0 0 0 0 0 0 0 0 0 0 0 0 0 0 0 0 0 0 0 0 0 2.17004 0 
0 0 0 0 0 0 0 0 0 0 0 0 0 0 0 0.72608 0 0 0 0 0 0 0 0.72608 0 0 0 0.72608 0 0.72608 0.72608 -6.34296 0 0 0 0 0 0 0 0 0 0 0 0 0 0 0 0 0 0 0 0 0 0 0 0 0 0 0 0 0 0 0 2.71255 
0.72608 0 0 0 0 0 0 0 0 0 0 0 0 0 0 0 0 0 0 0 0 0 0 0 0 0 0 0 0 0 0 0 -3.43863 0.542511 0.542511 0 0.542511 0 0 0 0.542511 0 0 0 0 0 0 0 0.542511 0 0 0 0 0 0 0 0 0 0 0 0 0 0 0 
0 0.72608 0 0 0 0 0 0 0 0 0 0 0 0 0 0 0 0 0 0 0 0 0 0 0 0 0 0 0 0 0 0 0.72608 -5.79225 0 1.08502 0 1.08502 0 0 0 1.08502 0 0 0 0 0 0 0 1.08502 0 0 0 0 0 0 0 0 0 0 0 0 0 0 
0 0 0.72608 0 0 0 0 0 0 0 0 0 0 0 0 0 0 0 0 0 0 0 0 0 0 0 0 0 0 0 0 0 0.72608 0 -5.79225 1.08502 0 0 1.08502 0 0 0 1.08502 0 0 0 0 0 0 0 1.08502 0 0 0 0 0 0 0 0 0 0 0 0 0 
0 0 0 0.72608 0 0 0 0 0 0 0 0 0 0 0 0 0 0 0 0 0 0 0 0 0 0 0 0 0 0 0 0 0 0.72608 0.72608 -7.06084 0 0 0 1.62753 0 0 0 1.62753 0 0 0 0 0 0 0 1.62753 0 0 0 0 0 0 0 0 0 0 0 0 
0 0 0 0 0.72608 0 0 0 0 0 0 0 0 0 0 0 0 0 0 0 0 0 0 0 0 0 0 0 0 0 0 0 0.72608 0 0 0 -5.79225 1.08502 1.08502 0 0 0 0 0 1.08502 0 0 0 0 0 0 0 1.08502 0 0 0 0 0 0 0 0 0 0 0 
0 0 0 0 0 0.72608 0 0 0 0 0 0 0 0 0 0 0 0 0 0 0 0 0 0 0 0 0 0 0 0 0 0 0 0.72608 0 0 0.72608 -7.06084 0 1.62753 0 0 0 0 0 1.62753 0 0 0 0 0 0 0 1.62753 0 0 0 0 0 0 0 0 0 0 
0 0 0 0 0 0 0.72608 0 0 0 0 0 0 0 0 0 0 0 0 0 0 0 0 0 0 0 0 0 0 0 0 0 0 0 0.72608 0 0.72608 0 -7.06084 1.62753 0 0 0 0 0 0 1.62753 0 0 0 0 0 0 0 1.62753 0 0 0 0 0 0 0 0 0 
0 0 0 0 0 0 0 0.72608 0 0 0 0 0 0 0 0 0 0 0 0 0 0 0 0 0 0 0 0 0 0 0 0 0 0 0 0.72608 0 0.72608 0.72608 -7.24441 0 0 0 0 0 0 0 2.17004 0 0 0 0 0 0 0 2.17004 0 0 0 0 0 0 0 0 
0 0 0 0 0 0 0 0 0.72608 0 0 0 0 0 0 0 0 0 0 0 0 0 0 0 0 0 0 0 0 0 0 0 0.72608 0 0 0 0 0 0 0 -5.79225 1.08502 1.08502 0 1.08502 0 0 0 0 0 0 0 0 0 0 0 1.08502 0 0 0 0 0 0 0 
0 0 0 0 0 0 0 0 0 0.72608 0 0 0 0 0 0 0 0 0 0 0 0 0 0 0 0 0 0 0 0 0 0 0 0.72608 0 0 0 0 0 0 0.72608 -7.06084 0 1.62753 0 1.62753 0 0 0 0 0 0 0 0 0 0 0 1.62753 0 0 0 0 0 0 
0 0 0 0 0 0 0 0 0 0 0.72608 0 0 0 0 0 0 0 0 0 0 0 0 0 0 0 0 0 0 0 0 0 0 0 0.72608 0 0 0 0 0 0.72608 0 -7.06084 1.62753 0 0 1.62753 0 0 0 0 0 0 0 0 0 0 0 1.62753 0 0 0 0 0 
0 0 0 0 0 0 0 0 0 0 0 0.72608 0 0 0 0 0 0 0 0 0 0 0 0 0 0 0 0 0 0 0 0 0 0 0 0.72608 0 0 0 0 0 0.72608 0.72608 -7.24441 0 0 0 2.17004 0 0 0 0 0 0 0 0 0 0 0 2.17004 0 0 0 0 
0 0 0 0 0 0 0 0 0 0 0 0 0.72608 0 0 0 0 0 0 0 0 0 0 0 0 0 0 0 0 0 0 0 0 0 0 0 0.72608 0 0 0 0.72608 0 0 0 -7.06084 1.62753 1.62753 0 0 0 0 0 0 0 0 0 0 0 0 0 1.62753 0 0 0 
0 0 0 0 0 0 0 0 0 0 0 0 0 0.72608 0 0 0 0 0 0 0 0 0 0 0 0 0 0 0 0 0 0 0 0 0 0 0 0.72608 0 0 0 0.72608 0 0 0.72608 -7.24441 0 2.17004 0 0 0 0 0 0 0 0 0 0 0 0 0 2.17004 0 0 
0 0 0 0 0 0 0 0 0 0 0 0 0 0 0.72608 0 0 0 0 0 0 0 0 0 0 0 0 0 0 0 0 0 0 0 0 0 0 0 0.72608 0 0 0 0.72608 0 0.72608 0 -7.24441 2.17004 0 0 0 0 0 0 0 0 0 0 0 0 0 0 2.17004 0 
0 0 0 0 0 0 0 0 0 0 0 0 0 0 0 0.72608 0 0 0 0 0 0 0 0 0 0 0 0 0 0 0 0 0 0 0 0 0 0 0 0.72608 0 0 0 0.72608 0 0.72608 0.72608 -6.34296 0 0 0 0 0 0 0 0 0 0 0 0 0 0 0 2.71255 
0 0 0 0 0 0 0 0 0 0 0 0 0 0 0 0 0.72608 0 0 0 0 0 0 0 0 0 0 0 0 0 0 0 0.72608 0 0 0 0 0 0 0 0 0 0 0 0 0 0 0 -5.79225 1.08502 1.08502 0 1.08502 0 0 0 1.08502 0 0 0 0 0 0 0 
0 0 0 0 0 0 0 0 0 0 0 0 0 0 0 0 0 0.72608 0 0 0 0 0 0 0 0 0 0 0 0 0 0 0 0.72608 0 0 0 0 0 0 0 0 0 0 0 0 0 0 0.72608 -7.06084 0 1.62753 0 1.62753 0 0 0 1.62753 0 0 0 0 0 0 
0 0 0 0 0 0 0 0 0 0 0 0 0 0 0 0 0 0 0.72608 0 0 0 0 0 0 0 0 0 0 0 0 0 0 0 0.72608 0 0 0 0 0 0 0 0 0 0 0 0 0 0.72608 0 -7.06084 1.62753 0 0 1.62753 0 0 0 1.62753 0 0 0 0 0 
0 0 0 0 0 0 0 0 0 0 0 0 0 0 0 0 0 0 0 0.72608 0 0 0 0 0 0 0 0 0 0 0 0 0 0 0 0.72608 0 0 0 0 0 0 0 0 0 0 0 0 0 0.72608 0.72608 -7.24441 0 0 0 2.17004 0 0 0 2.17004 0 0 0 0 
0 0 0 0 0 0 0 0 0 0 0 0 0 0 0 0 0 0 0 0 0.72608 0 0 0 0 0 0 0 0 0 0 0 0 0 0 0 0.72608 0 0 0 0 0 0 0 0 0 0 0 0.72608 0 0 0 -7.06084 1.62753 1.62753 0 0 0 0 0 1.62753 0 0 0 
0 0 0 0 0 0 0 0 0 0 0 0 0 0 0 0 0 0 0 0 0 0.72608 0 0 0 0 0 0 0 0 0 0 0 0 0 0 0 0.72608 0 0 0 0 0 0 0 0 0 0 0 0.72608 0 0 0.72608 -7.24441 0 2.17004 0 0 0 0 0 2.17004 0 0 
0 0 0 0 0 0 0 0 0 0 0 0 0 0 0 0 0 0 0 0 0 0 0.72608 0 0 0 0 0 0 0 0 0 0 0 0 0 0 0 0.72608 0 0 0 0 0 0 0 0 0 0 0 0.72608 0 0.72608 0 -7.24441 2.17004 0 0 0 0 0 0 2.17004 0 
0 0 0 0 0 0 0 0 0 0 0 0 0 0 0 0 0 0 0 0 0 0 0 0.72608 0 0 0 0 0 0 0 0 0 0 0 0 0 0 0 0.72608 0 0 0 0 0 0 0 0 0 0 0 0.72608 0 0.72608 0.72608 -6.34296 0 0 0 0 0 0 0 2.71255 
0 0 0 0 0 0 0 0 0 0 0 0 0 0 0 0 0 0 0 0 0 0 0 0 0.72608 0 0 0 0 0 0 0 0 0 0 0 0 0 0 0 0.72608 0 0 0 0 0 0 0 0.72608 0 0 0 0 0 0 0 -7.06084 1.62753 1.62753 0 1.62753 0 0 0 
0 0 0 0 0 0 0 0 0 0 0 0 0 0 0 0 0 0 0 0 0 0 0 0 0 0.72608 0 0 0 0 0 0 0 0 0 0 0 0 0 0 0 0.72608 0 0 0 0 0 0 0 0.72608 0 0 0 0 0 0 0.72608 -7.24441 0 2.17004 0 2.17004 0 0 
0 0 0 0 0 0 0 0 0 0 0 0 0 0 0 0 0 0 0 0 0 0 0 0 0 0 0.72608 0 0 0 0 0 0 0 0 0 0 0 0 0 0 0 0.72608 0 0 0 0 0 0 0 0.72608 0 0 0 0 0 0.72608 0 -7.24441 2.17004 0 0 2.17004 0 
0 0 0 0 0 0 0 0 0 0 0 0 0 0 0 0 0 0 0 0 0 0 0 0 0 0 0 0.72608 0 0 0 0 0 0 0 0 0 0 0 0 0 0 0 0.72608 0 0 0 0 0 0 0 0.72608 0 0 0 0 0 0.72608 0.72608 -6.34296 0 0 0 2.71255 
0 0 0 0 0 0 0 0 0 0 0 0 0 0 0 0 0 0 0 0 0 0 0 0 0 0 0 0 0.72608 0 0 0 0 0 0 0 0 0 0 0 0 0 0 0 0.72608 0 0 0 0 0 0 0 0.72608 0 0 0 0.72608 0 0 0 -7.24441 2.17004 2.17004 0 
0 0 0 0 0 0 0 0 0 0 0 0 0 0 0 0 0 0 0 0 0 0 0 0 0 0 0 0 0 0.72608 0 0 0 0 0 0 0 0 0 0 0 0 0 0 0 0.72608 0 0 0 0 0 0 0 0.72608 0 0 0 0.72608 0 0 0.72608 -6.34296 0 2.71255 
0 0 0 0 0 0 0 0 0 0 0 0 0 0 0 0 0 0 0 0 0 0 0 0 0 0 0 0 0 0 0.72608 0 0 0 0 0 0 0 0 0 0 0 0 0 0 0 0.72608 0 0 0 0 0 0 0 0.72608 0 0 0 0.72608 0 0.72608 0 -6.34296 2.71255 
0 0 0 0 0 0 0 0 0 0 0 0 0 0 0 0 0 0 0 0 0 0 0 0 0 0 0 0 0 0 0 0.72608 0 0 0 0 0 0 0 0 0 0 0 0 0 0 0 0.72608 0 0 0 0 0 0 0 0.72608 0 0 0 0.72608 0 0.72608 0.72608 -4.35648 
