32
-0 0 0 0 0 0 0 0 0 0 0 0 0 0 0 0 0 0 0 0 0 0 0 0 0 0 0 0 0 0 0 0 
0.0770782 -0.868646 0 0.197892 0 0.197892 0 0 0 0.197892 0 0 0 0 0 0 0 0.197892 0 0 0 0 0 0 0 0 0 0 0 0 0 0 
0.0770782 0 -0.868646 0.197892 0 0 0.197892 0 0 0 0.197892 0 0 0 0 0 0 0 0.197892 0 0 0 0 0 0 0 0 0 0 0 0 0 
0 0.0770782 0.0770782 -1.34151 0 0 0 0.395784 0 0 0 0.395784 0 0 0 0 0 0 0 0.395784 0 0 0 0 0 0 0 0 0 0 0 0 
0.0770782 0 0 0 -0.868646 0.197892 0.197892 0 0 0 0 0 0.197892 0 0 0 0 0 0 0 0.197892 0 0 0 0 0 0 0 0 0 0 0 
0 0.0770782 0 0 0.0770782 -1.34151 0 0.395784 0 0 0 0 0 0.395784 0 0 0 0 0 0 0 0.395784 0 0 0 0 0 0 0 0 0 0 
0 0 0.0770782 0 0.0770782 0 -1.34151 0.395784 0 0 0 0 0 0 0.395784 0 0 0 0 0 0 0 0.395784 0 0 0 0 0 0 0 0 0 
0 0 0 0.0770782 0 0.0770782 0.0770782 -1.41859 0 0 0 0 0 0 0 0.593676 0 0 0 0 0 0 0 0.593676 0 0 0 0 0 0 0 0 
0.0770782 0 0 0 0 0 0 0 -0.868646 0.197892 0.197892 0 0.197892 0 0 0 0 0 0 0 0 0 0 0 0.197892 0 0 0 0 0 0 0 
0 0.0770782 0 0 0 0 0 0 0.0770782 -1.34151 0 0.395784 0 0.395784 0 0 0 0 0 0 0 0 0 0 0 0.395784 0 0 0 0 0 0 
0 0 0.0770782 0 0 0 0 0 0.0770782 0 -1.34151 0.395784 0 0 0.395784 0 0 0 0 0 0 0 0 0 0 0 0.395784 0 0 0 0 0 
0 0 0 0.0770782 0 0 0 0 0 0.0770782 0.0770782 -1.41859 0 0 0 0.593676 0 0 0 0 0 0 0 0 0 0 0 0.593676 0 0 0 0 
0 0 0 0 0.0770782 0 0 0 0.0770782 0 0 0 -1.34151 0.395784 0.395784 0 0 0 0 0 0 0 0 0 0 0 0 0 0.395784 0 0 0 
0 0 0 0 0 0.0770782 0 0 0 0.0770782 0 0 0.0770782 -1.41859 0 0.593676 0 0 0 0 0 0 0 0 0 0 0 0 0 0.593676 0 0 
0 0 0 0 0 0 0.0770782 0 0 0 0.0770782 0 0.0770782 0 -1.41859 0.593676 0 0 0 0 0 0 0 0 0 0 0 0 0 0 0.593676 0 
0 0 0 0 0 0 0 0.0770782 0 0 0 0.0770782 0 0.0770782 0.0770782 -1.09988 0 0 0 0 0 0 0 0 0 0 0 0 0 0 0 0.791568 
0.0770782 0 0 0 0 0 0 0 0 0 0 0 0 0 0 0 -0.868646 0.197892 0.197892 0 0.197892 0 0 0 0.197892 0 0 0 0 0 0 0 
0 0.0770782 0 0 0 0 0 0 0 0 0 0 0 0 0 0 0.0770782 -1.34151 0 0.395784 0 0.395784 0 0 0 0.395784 0 0 0 0 0 0 
0 0 0.0770782 0 0 0 0 0 0 0 0 0 0 0 0 0 0.0770782 0 -1.34151 0.395784 0 0 0.395784 0 0 0 0.395784 0 0 0 0 0 
0 0 0 0.0770782 0 0 0 0 0 0 0 0 0 0 0 0 0 0.0770782 0.0770782 -1.41859 0 0 0 0.593676 0 0 0 0.593676 0 0 0 0 
0 0 0 0 0.0770782 0 0 0 0 0 0 0 0 0 0 0 0.0770782 0 0 0 -1.34151 0.395784 0.395784 0 0 0 0 0 0.395784 0 0 0 
0 0 0 0 0 0.0770782 0 0 0 0 0 0 0 0 0 0 0 0.0770782 0 0 0.0770782 -1.41859 0 0.593676 0 0 0 0 0 0.593676 0 0 
0 0 0 0 0 0 0.0770782 0 0 0 0 0 0 0 0 0 0 0 0.0770782 0 0.0770782 0 -1.41859 0.593676 0 0 0 0 0 0 0.593676 0 
0 0 0 0 0 0 0 0.0770782 0 0 0 0 0 0 0 0 0 0 0 0.0770782 0 0.0770782 0.0770782 -1.09988 0 0 0 0 0 0 0 0.791568 
0 0 0 0 0 0 0 0 0.0770782 0 0 0 0 0 0 0 0.0770782 0 0 0 0 0 0 0 -1.34151 0.395784 0.395784 0 0.395784 0 0 0 
0 0 0 0 0 0 0 0 0 0.0770782 0 0 0 0 0 0 0 0.0770782 0 0 0 0 0 0 0.0770782 -1.41859 0 0.593676 0 0.593676 0 0 
0 0 0 0 0 0 0 0 0 0 0.0770782 0 0 0 0 0 0 0 0.0770782 0 0 0 0 0 0.0770782 0 -1.41859 0.593676 0 0 0.593676 0 
0 0 0 0 0 0 0 0 0 0 0 0.0770782 0 0 0 0 0 0 0 0.0770782 0 0 0 0 0 0.0770782 0.0770782 -1.09988 0 0 0 0.791568 
0 0 0 0 0 0 0 0 0 0 0 0 0.0770782 0 0 0 0 0 0 0 0.0770782 0 0 0 0.0770782 0 0 0 -1.41859 0.593676 0.593676 0 
0 0 0 0 0 0 0 0 0 0 0 0 0 0.0770782 0 0 0 0 0 0 0 0.0770782 0 0 0 0.0770782 0 0 0.0770782 -1.09988 0 0.791568 
0 0 0 0 0 0 0 0 0 0 0 0 0 0 0.0770782 0 0 0 0 0 0 0 0.0770782 0 0 0 0.0770782 0 0.0770782 0 -1.09988 0.791568 
0 0 0 0 0 0 0 0 0 0 0 0 0 0 0 0.0770782 0 0 0 0 0 0 0 0.0770782 0 0 0 0.0770782 0 0.0770782 0.0770782 -0.385391 
