32
-0 0 0 0 0 0 0 0 0 0 0 0 0 0 0 0 0 0 0 0 0 0 0 0 0 0 0 0 0 0 0 0 
0.573876 -3.3498 0 0.69398 0 0.69398 0 0 0 0.69398 0 0 0 0 0 0 0 0.69398 0 0 0 0 0 0 0 0 0 0 0 0 0 0 
0.573876 0 -3.3498 0.69398 0 0 0.69398 0 0 0 0.69398 0 0 0 0 0 0 0 0.69398 0 0 0 0 0 0 0 0 0 0 0 0 0 
0 0.573876 0.573876 -5.31163 0 0 0 1.38796 0 0 0 1.38796 0 0 0 0 0 0 0 1.38796 0 0 0 0 0 0 0 0 0 0 0 0 
0.573876 0 0 0 -3.3498 0.69398 0.69398 0 0 0 0 0 0.69398 0 0 0 0 0 0 0 0.69398 0 0 0 0 0 0 0 0 0 0 0 
0 0.573876 0 0 0.573876 -5.31163 0 1.38796 0 0 0 0 0 1.38796 0 0 0 0 0 0 0 1.38796 0 0 0 0 0 0 0 0 0 0 
0 0 0.573876 0 0.573876 0 -5.31163 1.38796 0 0 0 0 0 0 1.38796 0 0 0 0 0 0 0 1.38796 0 0 0 0 0 0 0 0 0 
0 0 0 0.573876 0 0.573876 0.573876 -5.88551 0 0 0 0 0 0 0 2.08194 0 0 0 0 0 0 0 2.08194 0 0 0 0 0 0 0 0 
0.573876 0 0 0 0 0 0 0 -3.3498 0.69398 0.69398 0 0.69398 0 0 0 0 0 0 0 0 0 0 0 0.69398 0 0 0 0 0 0 0 
0 0.573876 0 0 0 0 0 0 0.573876 -5.31163 0 1.38796 0 1.38796 0 0 0 0 0 0 0 0 0 0 0 1.38796 0 0 0 0 0 0 
0 0 0.573876 0 0 0 0 0 0.573876 0 -5.31163 1.38796 0 0 1.38796 0 0 0 0 0 0 0 0 0 0 0 1.38796 0 0 0 0 0 
0 0 0 0.573876 0 0 0 0 0 0.573876 0.573876 -5.88551 0 0 0 2.08194 0 0 0 0 0 0 0 0 0 0 0 2.08194 0 0 0 0 
0 0 0 0 0.573876 0 0 0 0.573876 0 0 0 -5.31163 1.38796 1.38796 0 0 0 0 0 0 0 0 0 0 0 0 0 1.38796 0 0 0 
0 0 0 0 0 0.573876 0 0 0 0.573876 0 0 0.573876 -5.88551 0 2.08194 0 0 0 0 0 0 0 0 0 0 0 0 0 2.08194 0 0 
0 0 0 0 0 0 0.573876 0 0 0 0.573876 0 0.573876 0 -5.88551 2.08194 0 0 0 0 0 0 0 0 0 0 0 0 0 0 2.08194 0 
0 0 0 0 0 0 0 0.573876 0 0 0 0.573876 0 0.573876 0.573876 -5.07142 0 0 0 0 0 0 0 0 0 0 0 0 0 0 0 2.77592 
0.573876 0 0 0 0 0 0 0 0 0 0 0 0 0 0 0 -3.3498 0.69398 0.69398 0 0.69398 0 0 0 0.69398 0 0 0 0 0 0 0 
0 0.573876 0 0 0 0 0 0 0 0 0 0 0 0 0 0 0.573876 -5.31163 0 1.38796 0 1.38796 0 0 0 1.38796 0 0 0 0 0 0 
0 0 0.573876 0 0 0 0 0 0 0 0 0 0 0 0 0 0.573876 0 -5.31163 1.38796 0 0 1.38796 0 0 0 1.38796 0 0 0 0 0 
0 0 0 0.573876 0 0 0 0 0 0 0 0 0 0 0 0 0 0.573876 0.573876 -5.88551 0 0 0 2.08194 0 0 0 2.08194 0 0 0 0 
0 0 0 0 0.573876 0 0 0 0 0 0 0 0 0 0 0 0.573876 0 0 0 -5.31163 1.38796 1.38796 0 0 0 0 0 1.38796 0 0 0 
0 0 0 0 0 0.573876 0 0 0 0 0 0 0 0 0 0 0 0.573876 0 0 0.573876 -5.88551 0 2.08194 0 0 0 0 0 2.08194 0 0 
0 0 0 0 0 0 0.573876 0 0 0 0 0 0 0 0 0 0 0 0.573876 0 0.573876 0 -5.88551 2.08194 0 0 0 0 0 0 2.08194 0 
0 0 0 0 0 0 0 0.573876 0 0 0 0 0 0 0 0 0 0 0 0.573876 0 0.573876 0.573876 -5.07142 0 0 0 0 0 0 0 2.77592 
0 0 0 0 0 0 0 0 0.573876 0 0 0 0 0 0 0 0.573876 0 0 0 0 0 0 0 -5.31163 1.38796 1.38796 0 1.38796 0 0 0 
0 0 0 0 0 0 0 0 0 0.573876 0 0 0 0 0 0 0 0.573876 0 0 0 0 0 0 0.573876 -5.88551 0 2.08194 0 2.08194 0 0 
0 0 0 0 0 0 0 0 0 0 0.573876 0 0 0 0 0 0 0 0.573876 0 0 0 0 0 0.573876 0 -5.88551 2.08194 0 0 2.08194 0 
0 0 0 0 0 0 0 0 0 0 0 0.573876 0 0 0 0 0 0 0 0.573876 0 0 0 0 0 0.573876 0.573876 -5.07142 0 0 0 2.77592 
0 0 0 0 0 0 0 0 0 0 0 0 0.573876 0 0 0 0 0 0 0 0.573876 0 0 0 0.573876 0 0 0 -5.88551 2.08194 2.08194 0 
0 0 0 0 0 0 0 0 0 0 0 0 0 0.573876 0 0 0 0 0 0 0 0.573876 0 0 0 0.573876 0 0 0.573876 -5.07142 0 2.77592 
0 0 0 0 0 0 0 0 0 0 0 0 0 0 0.573876 0 0 0 0 0 0 0 0.573876 0 0 0 0.573876 0 0.573876 0 -5.07142 2.77592 
0 0 0 0 0 0 0 0 0 0 0 0 0 0 0 0.573876 0 0 0 0 0 0 0 0.573876 0 0 0 0.573876 0 0.573876 0.573876 -2.86938 
