64
-0 0 0 0 0 0 0 0 0 0 0 0 0 0 0 0 0 0 0 0 0 0 0 0 0 0 0 0 0 0 0 0 0 0 0 0 0 0 0 0 0 0 0 0 0 0 0 0 0 0 0 0 0 0 0 0 0 0 0 0 0 0 0 0 
0.75914 -3.78776 0 0.605723 0 0.605723 0 0 0 0.605723 0 0 0 0 0 0 0 0.605723 0 0 0 0 0 0 0 0 0 0 0 0 0 0 0 0.605723 0 0 0 0 0 0 0 0 0 0 0 0 0 0 0 0 0 0 0 0 0 0 0 0 0 0 0 0 0 0 
0.75914 0 -3.78776 0.605723 0 0 0.605723 0 0 0 0.605723 0 0 0 0 0 0 0 0.605723 0 0 0 0 0 0 0 0 0 0 0 0 0 0 0 0.605723 0 0 0 0 0 0 0 0 0 0 0 0 0 0 0 0 0 0 0 0 0 0 0 0 0 0 0 0 0 
0 0.75914 0.75914 -6.36407 0 0 0 1.21145 0 0 0 1.21145 0 0 0 0 0 0 0 1.21145 0 0 0 0 0 0 0 0 0 0 0 0 0 0 0 1.21145 0 0 0 0 0 0 0 0 0 0 0 0 0 0 0 0 0 0 0 0 0 0 0 0 0 0 0 0 
0.75914 0 0 0 -3.78776 0.605723 0.605723 0 0 0 0 0 0.605723 0 0 0 0 0 0 0 0.605723 0 0 0 0 0 0 0 0 0 0 0 0 0 0 0 0.605723 0 0 0 0 0 0 0 0 0 0 0 0 0 0 0 0 0 0 0 0 0 0 0 0 0 0 0 
0 0.75914 0 0 0.75914 -6.36407 0 1.21145 0 0 0 0 0 1.21145 0 0 0 0 0 0 0 1.21145 0 0 0 0 0 0 0 0 0 0 0 0 0 0 0 1.21145 0 0 0 0 0 0 0 0 0 0 0 0 0 0 0 0 0 0 0 0 0 0 0 0 0 0 
0 0 0.75914 0 0.75914 0 -6.36407 1.21145 0 0 0 0 0 0 1.21145 0 0 0 0 0 0 0 1.21145 0 0 0 0 0 0 0 0 0 0 0 0 0 0 0 1.21145 0 0 0 0 0 0 0 0 0 0 0 0 0 0 0 0 0 0 0 0 0 0 0 0 0 
0 0 0 0.75914 0 0.75914 0.75914 -7.72893 0 0 0 0 0 0 0 1.81717 0 0 0 0 0 0 0 1.81717 0 0 0 0 0 0 0 0 0 0 0 0 0 0 0 1.81717 0 0 0 0 0 0 0 0 0 0 0 0 0 0 0 0 0 0 0 0 0 0 0 0 
0.75914 0 0 0 0 0 0 0 -3.78776 0.605723 0.605723 0 0.605723 0 0 0 0 0 0 0 0 0 0 0 0.605723 0 0 0 0 0 0 0 0 0 0 0 0 0 0 0 0.605723 0 0 0 0 0 0 0 0 0 0 0 0 0 0 0 0 0 0 0 0 0 0 0 
0 0.75914 0 0 0 0 0 0 0.75914 -6.36407 0 1.21145 0 1.21145 0 0 0 0 0 0 0 0 0 0 0 1.21145 0 0 0 0 0 0 0 0 0 0 0 0 0 0 0 1.21145 0 0 0 0 0 0 0 0 0 0 0 0 0 0 0 0 0 0 0 0 0 0 
0 0 0.75914 0 0 0 0 0 0.75914 0 -6.36407 1.21145 0 0 1.21145 0 0 0 0 0 0 0 0 0 0 0 1.21145 0 0 0 0 0 0 0 0 0 0 0 0 0 0 0 1.21145 0 0 0 0 0 0 0 0 0 0 0 0 0 0 0 0 0 0 0 0 0 
0 0 0 0.75914 0 0 0 0 0 0.75914 0.75914 -7.72893 0 0 0 1.81717 0 0 0 0 0 0 0 0 0 0 0 1.81717 0 0 0 0 0 0 0 0 0 0 0 0 0 0 0 1.81717 0 0 0 0 0 0 0 0 0 0 0 0 0 0 0 0 0 0 0 0 
0 0 0 0 0.75914 0 0 0 0.75914 0 0 0 -6.36407 1.21145 1.21145 0 0 0 0 0 0 0 0 0 0 0 0 0 1.21145 0 0 0 0 0 0 0 0 0 0 0 0 0 0 0 1.21145 0 0 0 0 0 0 0 0 0 0 0 0 0 0 0 0 0 0 0 
0 0 0 0 0 0.75914 0 0 0 0.75914 0 0 0.75914 -7.72893 0 1.81717 0 0 0 0 0 0 0 0 0 0 0 0 0 1.81717 0 0 0 0 0 0 0 0 0 0 0 0 0 0 0 1.81717 0 0 0 0 0 0 0 0 0 0 0 0 0 0 0 0 0 0 
0 0 0 0 0 0 0.75914 0 0 0 0.75914 0 0.75914 0 -7.72893 1.81717 0 0 0 0 0 0 0 0 0 0 0 0 0 0 1.81717 0 0 0 0 0 0 0 0 0 0 0 0 0 0 0 1.81717 0 0 0 0 0 0 0 0 0 0 0 0 0 0 0 0 0 
0 0 0 0 0 0 0 0.75914 0 0 0 0.75914 0 0.75914 0.75914 -7.88235 0 0 0 0 0 0 0 0 0 0 0 0 0 0 0 2.42289 0 0 0 0 0 0 0 0 0 0 0 0 0 0 0 2.42289 0 0 0 0 0 0 0 0 0 0 0 0 0 0 0 0 
0.75914 0 0 0 0 0 0 0 0 0 0 0 0 0 0 0 -3.78776 0.605723 0.605723 0 0.605723 0 0 0 0.605723 0 0 0 0 0 0 0 0 0 0 0 0 0 0 0 0 0 0 0 0 0 0 0 0.605723 0 0 0 0 0 0 0 0 0 0 0 0 0 0 0 
0 0.75914 0 0 0 0 0 0 0 0 0 0 0 0 0 0 0.75914 -6.36407 0 1.21145 0 1.21145 0 0 0 1.21145 0 0 0 0 0 0 0 0 0 0 0 0 0 0 0 0 0 0 0 0 0 0 0 1.21145 0 0 0 0 0 0 0 0 0 0 0 0 0 0 
0 0 0.75914 0 0 0 0 0 0 0 0 0 0 0 0 0 0.75914 0 -6.36407 1.21145 0 0 1.21145 0 0 0 1.21145 0 0 0 0 0 0 0 0 0 0 0 0 0 0 0 0 0 0 0 0 0 0 0 1.21145 0 0 0 0 0 0 0 0 0 0 0 0 0 
0 0 0 0.75914 0 0 0 0 0 0 0 0 0 0 0 0 0 0.75914 0.75914 -7.72893 0 0 0 1.81717 0 0 0 1.81717 0 0 0 0 0 0 0 0 0 0 0 0 0 0 0 0 0 0 0 0 0 0 0 1.81717 0 0 0 0 0 0 0 0 0 0 0 0 
0 0 0 0 0.75914 0 0 0 0 0 0 0 0 0 0 0 0.75914 0 0 0 -6.36407 1.21145 1.21145 0 0 0 0 0 1.21145 0 0 0 0 0 0 0 0 0 0 0 0 0 0 0 0 0 0 0 0 0 0 0 1.21145 0 0 0 0 0 0 0 0 0 0 0 
0 0 0 0 0 0.75914 0 0 0 0 0 0 0 0 0 0 0 0.75914 0 0 0.75914 -7.72893 0 1.81717 0 0 0 0 0 1.81717 0 0 0 0 0 0 0 0 0 0 0 0 0 0 0 0 0 0 0 0 0 0 0 1.81717 0 0 0 0 0 0 0 0 0 0 
0 0 0 0 0 0 0.75914 0 0 0 0 0 0 0 0 0 0 0 0.75914 0 0.75914 0 -7.72893 1.81717 0 0 0 0 0 0 1.81717 0 0 0 0 0 0 0 0 0 0 0 0 0 0 0 0 0 0 0 0 0 0 0 1.81717 0 0 0 0 0 0 0 0 0 
0 0 0 0 0 0 0 0.75914 0 0 0 0 0 0 0 0 0 0 0 0.75914 0 0.75914 0.75914 -7.88235 0 0 0 0 0 0 0 2.42289 0 0 0 0 0 0 0 0 0 0 0 0 0 0 0 0 0 0 0 0 0 0 0 2.42289 0 0 0 0 0 0 0 0 
0 0 0 0 0 0 0 0 0.75914 0 0 0 0 0 0 0 0.75914 0 0 0 0 0 0 0 -6.36407 1.21145 1.21145 0 1.21145 0 0 0 0 0 0 0 0 0 0 0 0 0 0 0 0 0 0 0 0 0 0 0 0 0 0 0 1.21145 0 0 0 0 0 0 0 
0 0 0 0 0 0 0 0 0 0.75914 0 0 0 0 0 0 0 0.75914 0 0 0 0 0 0 0.75914 -7.72893 0 1.81717 0 1.81717 0 0 0 0 0 0 0 0 0 0 0 0 0 0 0 0 0 0 0 0 0 0 0 0 0 0 0 1.81717 0 0 0 0 0 0 
0 0 0 0 0 0 0 0 0 0 0.75914 0 0 0 0 0 0 0 0.75914 0 0 0 0 0 0.75914 0 -7.72893 1.81717 0 0 1.81717 0 0 0 0 0 0 0 0 0 0 0 0 0 0 0 0 0 0 0 0 0 0 0 0 0 0 0 1.81717 0 0 0 0 0 
0 0 0 0 0 0 0 0 0 0 0 0.75914 0 0 0 0 0 0 0 0.75914 0 0 0 0 0 0.75914 0.75914 -7.88235 0 0 0 2.42289 0 0 0 0 0 0 0 0 0 0 0 0 0 0 0 0 0 0 0 0 0 0 0 0 0 0 0 2.42289 0 0 0 0 
0 0 0 0 0 0 0 0 0 0 0 0 0.75914 0 0 0 0 0 0 0 0.75914 0 0 0 0.75914 0 0 0 -7.72893 1.81717 1.81717 0 0 0 0 0 0 0 0 0 0 0 0 0 0 0 0 0 0 0 0 0 0 0 0 0 0 0 0 0 1.81717 0 0 0 
0 0 0 0 0 0 0 0 0 0 0 0 0 0.75914 0 0 0 0 0 0 0 0.75914 0 0 0 0.75914 0 0 0.75914 -7.88235 0 2.42289 0 0 0 0 0 0 0 0 0 0 0 0 0 0 0 0 0 0 0 0 0 0 0 0 0 0 0 0 0 2.42289 0 0 
0 0 0 0 0 0 0 0 0 0 0 0 0 0 0.75914 0 0 0 0 0 0 0 0.75914 0 0 0 0.75914 0 0.75914 0 -7.88235 2.42289 0 0 0 0 0 0 0 0 0 0 0 0 0 0 0 0 0 0 0 0 0 0 0 0 0 0 0 0 0 0 2.42289 0 
0 0 0 0 0 0 0 0 0 0 0 0 0 0 0 0.75914 0 0 0 0 0 0 0 0.75914 0 0 0 0.75914 0 0.75914 0.75914 -6.82432 0 0 0 0 0 0 0 0 0 0 0 0 0 0 0 0 0 0 0 0 0 0 0 0 0 0 0 0 0 0 0 3.02862 
0.75914 0 0 0 0 0 0 0 0 0 0 0 0 0 0 0 0 0 0 0 0 0 0 0 0 0 0 0 0 0 0 0 -3.78776 0.605723 0.605723 0 0.605723 0 0 0 0.605723 0 0 0 0 0 0 0 0.605723 0 0 0 0 0 0 0 0 0 0 0 0 0 0 0 
0 0.75914 0 0 0 0 0 0 0 0 0 0 0 0 0 0 0 0 0 0 0 0 0 0 0 0 0 0 0 0 0 0 0.75914 -6.36407 0 1.21145 0 1.21145 0 0 0 1.21145 0 0 0 0 0 0 0 1.21145 0 0 0 0 0 0 0 0 0 0 0 0 0 0 
0 0 0.75914 0 0 0 0 0 0 0 0 0 0 0 0 0 0 0 0 0 0 0 0 0 0 0 0 0 0 0 0 0 0.75914 0 -6.36407 1.21145 0 0 1.21145 0 0 0 1.21145 0 0 0 0 0 0 0 1.21145 0 0 0 0 0 0 0 0 0 0 0 0 0 
0 0 0 0.75914 0 0 0 0 0 0 0 0 0 0 0 0 0 0 0 0 0 0 0 0 0 0 0 0 0 0 0 0 0 0.75914 0.75914 -7.72893 0 0 0 1.81717 0 0 0 1.81717 0 0 0 0 0 0 0 1.81717 0 0 0 0 0 0 0 0 0 0 0 0 
0 0 0 0 0.75914 0 0 0 0 0 0 0 0 0 0 0 0 0 0 0 0 0 0 0 0 0 0 0 0 0 0 0 0.75914 0 0 0 -6.36407 1.21145 1.21145 0 0 0 0 0 1.21145 0 0 0 0 0 0 0 1.21145 0 0 0 0 0 0 0 0 0 0 0 
0 0 0 0 0 0.75914 0 0 0 0 0 0 0 0 0 0 0 0 0 0 0 0 0 0 0 0 0 0 0 0 0 0 0 0.75914 0 0 0.75914 -7.72893 0 1.81717 0 0 0 0 0 1.81717 0 0 0 0 0 0 0 1.81717 0 0 0 0 0 0 0 0 0 0 
0 0 0 0 0 0 0.75914 0 0 0 0 0 0 0 0 0 0 0 0 0 0 0 0 0 0 0 0 0 0 0 0 0 0 0 0.75914 0 0.75914 0 -7.72893 1.81717 0 0 0 0 0 0 1.81717 0 0 0 0 0 0 0 1.81717 0 0 0 0 0 0 0 0 0 
0 0 0 0 0 0 0 0.75914 0 0 0 0 0 0 0 0 0 0 0 0 0 0 0 0 0 0 0 0 0 0 0 0 0 0 0 0.75914 0 0.75914 0.75914 -7.88235 0 0 0 0 0 0 0 2.42289 0 0 0 0 0 0 0 2.42289 0 0 0 0 0 0 0 0 
0 0 0 0 0 0 0 0 0.75914 0 0 0 0 0 0 0 0 0 0 0 0 0 0 0 0 0 0 0 0 0 0 0 0.75914 0 0 0 0 0 0 0 -6.36407 1.21145 1.21145 0 1.21145 0 0 0 0 0 0 0 0 0 0 0 1.21145 0 0 0 0 0 0 0 
0 0 0 0 0 0 0 0 0 0.75914 0 0 0 0 0 0 0 0 0 0 0 0 0 0 0 0 0 0 0 0 0 0 0 0.75914 0 0 0 0 0 0 0.75914 -7.72893 0 1.81717 0 1.81717 0 0 0 0 0 0 0 0 0 0 0 1.81717 0 0 0 0 0 0 
0 0 0 0 0 0 0 0 0 0 0.75914 0 0 0 0 0 0 0 0 0 0 0 0 0 0 0 0 0 0 0 0 0 0 0 0.75914 0 0 0 0 0 0.75914 0 -7.72893 1.81717 0 0 1.81717 0 0 0 0 0 0 0 0 0 0 0 1.81717 0 0 0 0 0 
0 0 0 0 0 0 0 0 0 0 0 0.75914 0 0 0 0 0 0 0 0 0 0 0 0 0 0 0 0 0 0 0 0 0 0 0 0.75914 0 0 0 0 0 0.75914 0.75914 -7.88235 0 0 0 2.42289 0 0 0 0 0 0 0 0 0 0 0 2.42289 0 0 0 0 
0 0 0 0 0 0 0 0 0 0 0 0 0.75914 0 0 0 0 0 0 0 0 0 0 0 0 0 0 0 0 0 0 0 0 0 0 0 0.75914 0 0 0 0.75914 0 0 0 -7.72893 1.81717 1.81717 0 0 0 0 0 0 0 0 0 0 0 0 0 1.81717 0 0 0 
0 0 0 0 0 0 0 0 0 0 0 0 0 0.75914 0 0 0 0 0 0 0 0 0 0 0 0 0 0 0 0 0 0 0 0 0 0 0 0.75914 0 0 0 0.75914 0 0 0.75914 -7.88235 0 2.42289 0 0 0 0 0 0 0 0 0 0 0 0 0 2.42289 0 0 
0 0 0 0 0 0 0 0 0 0 0 0 0 0 0.75914 0 0 0 0 0 0 0 0 0 0 0 0 0 0 0 0 0 0 0 0 0 0 0 0.75914 0 0 0 0.75914 0 0.75914 0 -7.88235 2.42289 0 0 0 0 0 0 0 0 0 0 0 0 0 0 2.42289 0 
0 0 0 0 0 0 0 0 0 0 0 0 0 0 0 0.75914 0 0 0 0 0 0 0 0 0 0 0 0 0 0 0 0 0 0 0 0 0 0 0 0.75914 0 0 0 0.75914 0 0.75914 0.75914 -6.82432 0 0 0 0 0 0 0 0 0 0 0 0 0 0 0 3.02862 
0 0 0 0 0 0 0 0 0 0 0 0 0 0 0 0 0.75914 0 0 0 0 0 0 0 0 0 0 0 0 0 0 0 0.75914 0 0 0 0 0 0 0 0 0 0 0 0 0 0 0 -6.36407 1.21145 1.21145 0 1.21145 0 0 0 1.21145 0 0 0 0 0 0 0 
0 0 0 0 0 0 0 0 0 0 0 0 0 0 0 0 0 0.75914 0 0 0 0 0 0 0 0 0 0 0 0 0 0 0 0.75914 0 0 0 0 0 0 0 0 0 0 0 0 0 0 0.75914 -7.72893 0 1.81717 0 1.81717 0 0 0 1.81717 0 0 0 0 0 0 
0 0 0 0 0 0 0 0 0 0 0 0 0 0 0 0 0 0 0.75914 0 0 0 0 0 0 0 0 0 0 0 0 0 0 0 0.75914 0 0 0 0 0 0 0 0 0 0 0 0 0 0.75914 0 -7.72893 1.81717 0 0 1.81717 0 0 0 1.81717 0 0 0 0 0 
0 0 0 0 0 0 0 0 0 0 0 0 0 0 0 0 0 0 0 0.75914 0 0 0 0 0 0 0 0 0 0 0 0 0 0 0 0.75914 0 0 0 0 0 0 0 0 0 0 0 0 0 0.75914 0.75914 -7.88235 0 0 0 2.42289 0 0 0 2.42289 0 0 0 0 
0 0 0 0 0 0 0 0 0 0 0 0 0 0 0 0 0 0 0 0 0.75914 0 0 0 0 0 0 0 0 0 0 0 0 0 0 0 0.75914 0 0 0 0 0 0 0 0 0 0 0 0.75914 0 0 0 -7.72893 1.81717 1.81717 0 0 0 0 0 1.81717 0 0 0 
0 0 0 0 0 0 0 0 0 0 0 0 0 0 0 0 0 0 0 0 0 0.75914 0 0 0 0 0 0 0 0 0 0 0 0 0 0 0 0.75914 0 0 0 0 0 0 0 0 0 0 0 0.75914 0 0 0.75914 -7.88235 0 2.42289 0 0 0 0 0 2.42289 0 0 
0 0 0 0 0 0 0 0 0 0 0 0 0 0 0 0 0 0 0 0 0 0 0.75914 0 0 0 0 0 0 0 0 0 0 0 0 0 0 0 0.75914 0 0 0 0 0 0 0 0 0 0 0 0.75914 0 0.75914 0 -7.88235 2.42289 0 0 0 0 0 0 2.42289 0 
0 0 0 0 0 0 0 0 0 0 0 0 0 0 0 0 0 0 0 0 0 0 0 0.75914 0 0 0 0 0 0 0 0 0 0 0 0 0 0 0 0.75914 0 0 0 0 0 0 0 0 0 0 0 0.75914 0 0.75914 0.75914 -6.82432 0 0 0 0 0 0 0 3.02862 
0 0 0 0 0 0 0 0 0 0 0 0 0 0 0 0 0 0 0 0 0 0 0 0 0.75914 0 0 0 0 0 0 0 0 0 0 0 0 0 0 0 0.75914 0 0 0 0 0 0 0 0.75914 0 0 0 0 0 0 0 -7.72893 1.81717 1.81717 0 1.81717 0 0 0 
0 0 0 0 0 0 0 0 0 0 0 0 0 0 0 0 0 0 0 0 0 0 0 0 0 0.75914 0 0 0 0 0 0 0 0 0 0 0 0 0 0 0 0.75914 0 0 0 0 0 0 0 0.75914 0 0 0 0 0 0 0.75914 -7.88235 0 2.42289 0 2.42289 0 0 
0 0 0 0 0 0 0 0 0 0 0 0 0 0 0 0 0 0 0 0 0 0 0 0 0 0 0.75914 0 0 0 0 0 0 0 0 0 0 0 0 0 0 0 0.75914 0 0 0 0 0 0 0 0.75914 0 0 0 0 0 0.75914 0 -7.88235 2.42289 0 0 2.42289 0 
0 0 0 0 0 0 0 0 0 0 0 0 0 0 0 0 0 0 0 0 0 0 0 0 0 0 0 0.75914 0 0 0 0 0 0 0 0 0 0 0 0 0 0 0 0.75914 0 0 0 0 0 0 0 0.75914 0 0 0 0 0 0.75914 0.75914 -6.82432 0 0 0 3.02862 
0 0 0 0 0 0 0 0 0 0 0 0 0 0 0 0 0 0 0 0 0 0 0 0 0 0 0 0 0.75914 0 0 0 0 0 0 0 0 0 0 0 0 0 0 0 0.75914 0 0 0 0 0 0 0 0.75914 0 0 0 0.75914 0 0 0 -7.88235 2.42289 2.42289 0 
0 0 0 0 0 0 0 0 0 0 0 0 0 0 0 0 0 0 0 0 0 0 0 0 0 0 0 0 0 0.75914 0 0 0 0 0 0 0 0 0 0 0 0 0 0 0 0.75914 0 0 0 0 0 0 0 0.75914 0 0 0 0.75914 0 0 0.75914 -6.82432 0 3.02862 
0 0 0 0 0 0 0 0 0 0 0 0 0 0 0 0 0 0 0 0 0 0 0 0 0 0 0 0 0 0 0.75914 0 0 0 0 0 0 0 0 0 0 0 0 0 0 0 0.75914 0 0 0 0 0 0 0 0.75914 0 0 0 0.75914 0 0.75914 0 -6.82432 3.02862 
0 0 0 0 0 0 0 0 0 0 0 0 0 0 0 0 0 0 0 0 0 0 0 0 0 0 0 0 0 0 0 0.75914 0 0 0 0 0 0 0 0 0 0 0 0 0 0 0 0.75914 0 0 0 0 0 0 0 0.75914 0 0 0 0.75914 0 0.75914 0.75914 -4.55484 
