64
-0 0 0 0 0 0 0 0 0 0 0 0 0 0 0 0 0 0 0 0 0 0 0 0 0 0 0 0 0 0 0 0 0 0 0 0 0 0 0 0 0 0 0 0 0 0 0 0 0 0 0 0 0 0 0 0 0 0 0 0 0 0 0 0 
0.617962 -3.18778 0 0.513963 0 0.513963 0 0 0 0.513963 0 0 0 0 0 0 0 0.513963 0 0 0 0 0 0 0 0 0 0 0 0 0 0 0 0.513963 0 0 0 0 0 0 0 0 0 0 0 0 0 0 0 0 0 0 0 0 0 0 0 0 0 0 0 0 0 0 
0.617962 0 -3.18778 0.513963 0 0 0.513963 0 0 0 0.513963 0 0 0 0 0 0 0 0.513963 0 0 0 0 0 0 0 0 0 0 0 0 0 0 0 0.513963 0 0 0 0 0 0 0 0 0 0 0 0 0 0 0 0 0 0 0 0 0 0 0 0 0 0 0 0 0 
0 0.617962 0.617962 -5.34763 0 0 0 1.02793 0 0 0 1.02793 0 0 0 0 0 0 0 1.02793 0 0 0 0 0 0 0 0 0 0 0 0 0 0 0 1.02793 0 0 0 0 0 0 0 0 0 0 0 0 0 0 0 0 0 0 0 0 0 0 0 0 0 0 0 0 
0.617962 0 0 0 -3.18778 0.513963 0.513963 0 0 0 0 0 0.513963 0 0 0 0 0 0 0 0.513963 0 0 0 0 0 0 0 0 0 0 0 0 0 0 0 0.513963 0 0 0 0 0 0 0 0 0 0 0 0 0 0 0 0 0 0 0 0 0 0 0 0 0 0 0 
0 0.617962 0 0 0.617962 -5.34763 0 1.02793 0 0 0 0 0 1.02793 0 0 0 0 0 0 0 1.02793 0 0 0 0 0 0 0 0 0 0 0 0 0 0 0 1.02793 0 0 0 0 0 0 0 0 0 0 0 0 0 0 0 0 0 0 0 0 0 0 0 0 0 0 
0 0 0.617962 0 0.617962 0 -5.34763 1.02793 0 0 0 0 0 0 1.02793 0 0 0 0 0 0 0 1.02793 0 0 0 0 0 0 0 0 0 0 0 0 0 0 0 1.02793 0 0 0 0 0 0 0 0 0 0 0 0 0 0 0 0 0 0 0 0 0 0 0 0 0 
0 0 0 0.617962 0 0.617962 0.617962 -6.47956 0 0 0 0 0 0 0 1.54189 0 0 0 0 0 0 0 1.54189 0 0 0 0 0 0 0 0 0 0 0 0 0 0 0 1.54189 0 0 0 0 0 0 0 0 0 0 0 0 0 0 0 0 0 0 0 0 0 0 0 0 
0.617962 0 0 0 0 0 0 0 -3.18778 0.513963 0.513963 0 0.513963 0 0 0 0 0 0 0 0 0 0 0 0.513963 0 0 0 0 0 0 0 0 0 0 0 0 0 0 0 0.513963 0 0 0 0 0 0 0 0 0 0 0 0 0 0 0 0 0 0 0 0 0 0 0 
0 0.617962 0 0 0 0 0 0 0.617962 -5.34763 0 1.02793 0 1.02793 0 0 0 0 0 0 0 0 0 0 0 1.02793 0 0 0 0 0 0 0 0 0 0 0 0 0 0 0 1.02793 0 0 0 0 0 0 0 0 0 0 0 0 0 0 0 0 0 0 0 0 0 0 
0 0 0.617962 0 0 0 0 0 0.617962 0 -5.34763 1.02793 0 0 1.02793 0 0 0 0 0 0 0 0 0 0 0 1.02793 0 0 0 0 0 0 0 0 0 0 0 0 0 0 0 1.02793 0 0 0 0 0 0 0 0 0 0 0 0 0 0 0 0 0 0 0 0 0 
0 0 0 0.617962 0 0 0 0 0 0.617962 0.617962 -6.47956 0 0 0 1.54189 0 0 0 0 0 0 0 0 0 0 0 1.54189 0 0 0 0 0 0 0 0 0 0 0 0 0 0 0 1.54189 0 0 0 0 0 0 0 0 0 0 0 0 0 0 0 0 0 0 0 0 
0 0 0 0 0.617962 0 0 0 0.617962 0 0 0 -5.34763 1.02793 1.02793 0 0 0 0 0 0 0 0 0 0 0 0 0 1.02793 0 0 0 0 0 0 0 0 0 0 0 0 0 0 0 1.02793 0 0 0 0 0 0 0 0 0 0 0 0 0 0 0 0 0 0 0 
0 0 0 0 0 0.617962 0 0 0 0.617962 0 0 0.617962 -6.47956 0 1.54189 0 0 0 0 0 0 0 0 0 0 0 0 0 1.54189 0 0 0 0 0 0 0 0 0 0 0 0 0 0 0 1.54189 0 0 0 0 0 0 0 0 0 0 0 0 0 0 0 0 0 0 
0 0 0 0 0 0 0.617962 0 0 0 0.617962 0 0.617962 0 -6.47956 1.54189 0 0 0 0 0 0 0 0 0 0 0 0 0 0 1.54189 0 0 0 0 0 0 0 0 0 0 0 0 0 0 0 1.54189 0 0 0 0 0 0 0 0 0 0 0 0 0 0 0 0 0 
0 0 0 0 0 0 0 0.617962 0 0 0 0.617962 0 0.617962 0.617962 -6.58356 0 0 0 0 0 0 0 0 0 0 0 0 0 0 0 2.05585 0 0 0 0 0 0 0 0 0 0 0 0 0 0 0 2.05585 0 0 0 0 0 0 0 0 0 0 0 0 0 0 0 0 
0.617962 0 0 0 0 0 0 0 0 0 0 0 0 0 0 0 -3.18778 0.513963 0.513963 0 0.513963 0 0 0 0.513963 0 0 0 0 0 0 0 0 0 0 0 0 0 0 0 0 0 0 0 0 0 0 0 0.513963 0 0 0 0 0 0 0 0 0 0 0 0 0 0 0 
0 0.617962 0 0 0 0 0 0 0 0 0 0 0 0 0 0 0.617962 -5.34763 0 1.02793 0 1.02793 0 0 0 1.02793 0 0 0 0 0 0 0 0 0 0 0 0 0 0 0 0 0 0 0 0 0 0 0 1.02793 0 0 0 0 0 0 0 0 0 0 0 0 0 0 
0 0 0.617962 0 0 0 0 0 0 0 0 0 0 0 0 0 0.617962 0 -5.34763 1.02793 0 0 1.02793 0 0 0 1.02793 0 0 0 0 0 0 0 0 0 0 0 0 0 0 0 0 0 0 0 0 0 0 0 1.02793 0 0 0 0 0 0 0 0 0 0 0 0 0 
0 0 0 0.617962 0 0 0 0 0 0 0 0 0 0 0 0 0 0.617962 0.617962 -6.47956 0 0 0 1.54189 0 0 0 1.54189 0 0 0 0 0 0 0 0 0 0 0 0 0 0 0 0 0 0 0 0 0 0 0 1.54189 0 0 0 0 0 0 0 0 0 0 0 0 
0 0 0 0 0.617962 0 0 0 0 0 0 0 0 0 0 0 0.617962 0 0 0 -5.34763 1.02793 1.02793 0 0 0 0 0 1.02793 0 0 0 0 0 0 0 0 0 0 0 0 0 0 0 0 0 0 0 0 0 0 0 1.02793 0 0 0 0 0 0 0 0 0 0 0 
0 0 0 0 0 0.617962 0 0 0 0 0 0 0 0 0 0 0 0.617962 0 0 0.617962 -6.47956 0 1.54189 0 0 0 0 0 1.54189 0 0 0 0 0 0 0 0 0 0 0 0 0 0 0 0 0 0 0 0 0 0 0 1.54189 0 0 0 0 0 0 0 0 0 0 
0 0 0 0 0 0 0.617962 0 0 0 0 0 0 0 0 0 0 0 0.617962 0 0.617962 0 -6.47956 1.54189 0 0 0 0 0 0 1.54189 0 0 0 0 0 0 0 0 0 0 0 0 0 0 0 0 0 0 0 0 0 0 0 1.54189 0 0 0 0 0 0 0 0 0 
0 0 0 0 0 0 0 0.617962 0 0 0 0 0 0 0 0 0 0 0 0.617962 0 0.617962 0.617962 -6.58356 0 0 0 0 0 0 0 2.05585 0 0 0 0 0 0 0 0 0 0 0 0 0 0 0 0 0 0 0 0 0 0 0 2.05585 0 0 0 0 0 0 0 0 
0 0 0 0 0 0 0 0 0.617962 0 0 0 0 0 0 0 0.617962 0 0 0 0 0 0 0 -5.34763 1.02793 1.02793 0 1.02793 0 0 0 0 0 0 0 0 0 0 0 0 0 0 0 0 0 0 0 0 0 0 0 0 0 0 0 1.02793 0 0 0 0 0 0 0 
0 0 0 0 0 0 0 0 0 0.617962 0 0 0 0 0 0 0 0.617962 0 0 0 0 0 0 0.617962 -6.47956 0 1.54189 0 1.54189 0 0 0 0 0 0 0 0 0 0 0 0 0 0 0 0 0 0 0 0 0 0 0 0 0 0 0 1.54189 0 0 0 0 0 0 
0 0 0 0 0 0 0 0 0 0 0.617962 0 0 0 0 0 0 0 0.617962 0 0 0 0 0 0.617962 0 -6.47956 1.54189 0 0 1.54189 0 0 0 0 0 0 0 0 0 0 0 0 0 0 0 0 0 0 0 0 0 0 0 0 0 0 0 1.54189 0 0 0 0 0 
0 0 0 0 0 0 0 0 0 0 0 0.617962 0 0 0 0 0 0 0 0.617962 0 0 0 0 0 0.617962 0.617962 -6.58356 0 0 0 2.05585 0 0 0 0 0 0 0 0 0 0 0 0 0 0 0 0 0 0 0 0 0 0 0 0 0 0 0 2.05585 0 0 0 0 
0 0 0 0 0 0 0 0 0 0 0 0 0.617962 0 0 0 0 0 0 0 0.617962 0 0 0 0.617962 0 0 0 -6.47956 1.54189 1.54189 0 0 0 0 0 0 0 0 0 0 0 0 0 0 0 0 0 0 0 0 0 0 0 0 0 0 0 0 0 1.54189 0 0 0 
0 0 0 0 0 0 0 0 0 0 0 0 0 0.617962 0 0 0 0 0 0 0 0.617962 0 0 0 0.617962 0 0 0.617962 -6.58356 0 2.05585 0 0 0 0 0 0 0 0 0 0 0 0 0 0 0 0 0 0 0 0 0 0 0 0 0 0 0 0 0 2.05585 0 0 
0 0 0 0 0 0 0 0 0 0 0 0 0 0 0.617962 0 0 0 0 0 0 0 0.617962 0 0 0 0.617962 0 0.617962 0 -6.58356 2.05585 0 0 0 0 0 0 0 0 0 0 0 0 0 0 0 0 0 0 0 0 0 0 0 0 0 0 0 0 0 0 2.05585 0 
0 0 0 0 0 0 0 0 0 0 0 0 0 0 0 0.617962 0 0 0 0 0 0 0 0.617962 0 0 0 0.617962 0 0.617962 0.617962 -5.65963 0 0 0 0 0 0 0 0 0 0 0 0 0 0 0 0 0 0 0 0 0 0 0 0 0 0 0 0 0 0 0 2.56982 
0.617962 0 0 0 0 0 0 0 0 0 0 0 0 0 0 0 0 0 0 0 0 0 0 0 0 0 0 0 0 0 0 0 -3.18778 0.513963 0.513963 0 0.513963 0 0 0 0.513963 0 0 0 0 0 0 0 0.513963 0 0 0 0 0 0 0 0 0 0 0 0 0 0 0 
0 0.617962 0 0 0 0 0 0 0 0 0 0 0 0 0 0 0 0 0 0 0 0 0 0 0 0 0 0 0 0 0 0 0.617962 -5.34763 0 1.02793 0 1.02793 0 0 0 1.02793 0 0 0 0 0 0 0 1.02793 0 0 0 0 0 0 0 0 0 0 0 0 0 0 
0 0 0.617962 0 0 0 0 0 0 0 0 0 0 0 0 0 0 0 0 0 0 0 0 0 0 0 0 0 0 0 0 0 0.617962 0 -5.34763 1.02793 0 0 1.02793 0 0 0 1.02793 0 0 0 0 0 0 0 1.02793 0 0 0 0 0 0 0 0 0 0 0 0 0 
0 0 0 0.617962 0 0 0 0 0 0 0 0 0 0 0 0 0 0 0 0 0 0 0 0 0 0 0 0 0 0 0 0 0 0.617962 0.617962 -6.47956 0 0 0 1.54189 0 0 0 1.54189 0 0 0 0 0 0 0 1.54189 0 0 0 0 0 0 0 0 0 0 0 0 
0 0 0 0 0.617962 0 0 0 0 0 0 0 0 0 0 0 0 0 0 0 0 0 0 0 0 0 0 0 0 0 0 0 0.617962 0 0 0 -5.34763 1.02793 1.02793 0 0 0 0 0 1.02793 0 0 0 0 0 0 0 1.02793 0 0 0 0 0 0 0 0 0 0 0 
0 0 0 0 0 0.617962 0 0 0 0 0 0 0 0 0 0 0 0 0 0 0 0 0 0 0 0 0 0 0 0 0 0 0 0.617962 0 0 0.617962 -6.47956 0 1.54189 0 0 0 0 0 1.54189 0 0 0 0 0 0 0 1.54189 0 0 0 0 0 0 0 0 0 0 
0 0 0 0 0 0 0.617962 0 0 0 0 0 0 0 0 0 0 0 0 0 0 0 0 0 0 0 0 0 0 0 0 0 0 0 0.617962 0 0.617962 0 -6.47956 1.54189 0 0 0 0 0 0 1.54189 0 0 0 0 0 0 0 1.54189 0 0 0 0 0 0 0 0 0 
0 0 0 0 0 0 0 0.617962 0 0 0 0 0 0 0 0 0 0 0 0 0 0 0 0 0 0 0 0 0 0 0 0 0 0 0 0.617962 0 0.617962 0.617962 -6.58356 0 0 0 0 0 0 0 2.05585 0 0 0 0 0 0 0 2.05585 0 0 0 0 0 0 0 0 
0 0 0 0 0 0 0 0 0.617962 0 0 0 0 0 0 0 0 0 0 0 0 0 0 0 0 0 0 0 0 0 0 0 0.617962 0 0 0 0 0 0 0 -5.34763 1.02793 1.02793 0 1.02793 0 0 0 0 0 0 0 0 0 0 0 1.02793 0 0 0 0 0 0 0 
0 0 0 0 0 0 0 0 0 0.617962 0 0 0 0 0 0 0 0 0 0 0 0 0 0 0 0 0 0 0 0 0 0 0 0.617962 0 0 0 0 0 0 0.617962 -6.47956 0 1.54189 0 1.54189 0 0 0 0 0 0 0 0 0 0 0 1.54189 0 0 0 0 0 0 
0 0 0 0 0 0 0 0 0 0 0.617962 0 0 0 0 0 0 0 0 0 0 0 0 0 0 0 0 0 0 0 0 0 0 0 0.617962 0 0 0 0 0 0.617962 0 -6.47956 1.54189 0 0 1.54189 0 0 0 0 0 0 0 0 0 0 0 1.54189 0 0 0 0 0 
0 0 0 0 0 0 0 0 0 0 0 0.617962 0 0 0 0 0 0 0 0 0 0 0 0 0 0 0 0 0 0 0 0 0 0 0 0.617962 0 0 0 0 0 0.617962 0.617962 -6.58356 0 0 0 2.05585 0 0 0 0 0 0 0 0 0 0 0 2.05585 0 0 0 0 
0 0 0 0 0 0 0 0 0 0 0 0 0.617962 0 0 0 0 0 0 0 0 0 0 0 0 0 0 0 0 0 0 0 0 0 0 0 0.617962 0 0 0 0.617962 0 0 0 -6.47956 1.54189 1.54189 0 0 0 0 0 0 0 0 0 0 0 0 0 1.54189 0 0 0 
0 0 0 0 0 0 0 0 0 0 0 0 0 0.617962 0 0 0 0 0 0 0 0 0 0 0 0 0 0 0 0 0 0 0 0 0 0 0 0.617962 0 0 0 0.617962 0 0 0.617962 -6.58356 0 2.05585 0 0 0 0 0 0 0 0 0 0 0 0 0 2.05585 0 0 
0 0 0 0 0 0 0 0 0 0 0 0 0 0 0.617962 0 0 0 0 0 0 0 0 0 0 0 0 0 0 0 0 0 0 0 0 0 0 0 0.617962 0 0 0 0.617962 0 0.617962 0 -6.58356 2.05585 0 0 0 0 0 0 0 0 0 0 0 0 0 0 2.05585 0 
0 0 0 0 0 0 0 0 0 0 0 0 0 0 0 0.617962 0 0 0 0 0 0 0 0 0 0 0 0 0 0 0 0 0 0 0 0 0 0 0 0.617962 0 0 0 0.617962 0 0.617962 0.617962 -5.65963 0 0 0 0 0 0 0 0 0 0 0 0 0 0 0 2.56982 
0 0 0 0 0 0 0 0 0 0 0 0 0 0 0 0 0.617962 0 0 0 0 0 0 0 0 0 0 0 0 0 0 0 0.617962 0 0 0 0 0 0 0 0 0 0 0 0 0 0 0 -5.34763 1.02793 1.02793 0 1.02793 0 0 0 1.02793 0 0 0 0 0 0 0 
0 0 0 0 0 0 0 0 0 0 0 0 0 0 0 0 0 0.617962 0 0 0 0 0 0 0 0 0 0 0 0 0 0 0 0.617962 0 0 0 0 0 0 0 0 0 0 0 0 0 0 0.617962 -6.47956 0 1.54189 0 1.54189 0 0 0 1.54189 0 0 0 0 0 0 
0 0 0 0 0 0 0 0 0 0 0 0 0 0 0 0 0 0 0.617962 0 0 0 0 0 0 0 0 0 0 0 0 0 0 0 0.617962 0 0 0 0 0 0 0 0 0 0 0 0 0 0.617962 0 -6.47956 1.54189 0 0 1.54189 0 0 0 1.54189 0 0 0 0 0 
0 0 0 0 0 0 0 0 0 0 0 0 0 0 0 0 0 0 0 0.617962 0 0 0 0 0 0 0 0 0 0 0 0 0 0 0 0.617962 0 0 0 0 0 0 0 0 0 0 0 0 0 0.617962 0.617962 -6.58356 0 0 0 2.05585 0 0 0 2.05585 0 0 0 0 
0 0 0 0 0 0 0 0 0 0 0 0 0 0 0 0 0 0 0 0 0.617962 0 0 0 0 0 0 0 0 0 0 0 0 0 0 0 0.617962 0 0 0 0 0 0 0 0 0 0 0 0.617962 0 0 0 -6.47956 1.54189 1.54189 0 0 0 0 0 1.54189 0 0 0 
0 0 0 0 0 0 0 0 0 0 0 0 0 0 0 0 0 0 0 0 0 0.617962 0 0 0 0 0 0 0 0 0 0 0 0 0 0 0 0.617962 0 0 0 0 0 0 0 0 0 0 0 0.617962 0 0 0.617962 -6.58356 0 2.05585 0 0 0 0 0 2.05585 0 0 
0 0 0 0 0 0 0 0 0 0 0 0 0 0 0 0 0 0 0 0 0 0 0.617962 0 0 0 0 0 0 0 0 0 0 0 0 0 0 0 0.617962 0 0 0 0 0 0 0 0 0 0 0 0.617962 0 0.617962 0 -6.58356 2.05585 0 0 0 0 0 0 2.05585 0 
0 0 0 0 0 0 0 0 0 0 0 0 0 0 0 0 0 0 0 0 0 0 0 0.617962 0 0 0 0 0 0 0 0 0 0 0 0 0 0 0 0.617962 0 0 0 0 0 0 0 0 0 0 0 0.617962 0 0.617962 0.617962 -5.65963 0 0 0 0 0 0 0 2.56982 
0 0 0 0 0 0 0 0 0 0 0 0 0 0 0 0 0 0 0 0 0 0 0 0 0.617962 0 0 0 0 0 0 0 0 0 0 0 0 0 0 0 0.617962 0 0 0 0 0 0 0 0.617962 0 0 0 0 0 0 0 -6.47956 1.54189 1.54189 0 1.54189 0 0 0 
0 0 0 0 0 0 0 0 0 0 0 0 0 0 0 0 0 0 0 0 0 0 0 0 0 0.617962 0 0 0 0 0 0 0 0 0 0 0 0 0 0 0 0.617962 0 0 0 0 0 0 0 0.617962 0 0 0 0 0 0 0.617962 -6.58356 0 2.05585 0 2.05585 0 0 
0 0 0 0 0 0 0 0 0 0 0 0 0 0 0 0 0 0 0 0 0 0 0 0 0 0 0.617962 0 0 0 0 0 0 0 0 0 0 0 0 0 0 0 0.617962 0 0 0 0 0 0 0 0.617962 0 0 0 0 0 0.617962 0 -6.58356 2.05585 0 0 2.05585 0 
0 0 0 0 0 0 0 0 0 0 0 0 0 0 0 0 0 0 0 0 0 0 0 0 0 0 0 0.617962 0 0 0 0 0 0 0 0 0 0 0 0 0 0 0 0.617962 0 0 0 0 0 0 0 0.617962 0 0 0 0 0 0.617962 0.617962 -5.65963 0 0 0 2.56982 
0 0 0 0 0 0 0 0 0 0 0 0 0 0 0 0 0 0 0 0 0 0 0 0 0 0 0 0 0.617962 0 0 0 0 0 0 0 0 0 0 0 0 0 0 0 0.617962 0 0 0 0 0 0 0 0.617962 0 0 0 0.617962 0 0 0 -6.58356 2.05585 2.05585 0 
0 0 0 0 0 0 0 0 0 0 0 0 0 0 0 0 0 0 0 0 0 0 0 0 0 0 0 0 0 0.617962 0 0 0 0 0 0 0 0 0 0 0 0 0 0 0 0.617962 0 0 0 0 0 0 0 0.617962 0 0 0 0.617962 0 0 0.617962 -5.65963 0 2.56982 
0 0 0 0 0 0 0 0 0 0 0 0 0 0 0 0 0 0 0 0 0 0 0 0 0 0 0 0 0 0 0.617962 0 0 0 0 0 0 0 0 0 0 0 0 0 0 0 0.617962 0 0 0 0 0 0 0 0.617962 0 0 0 0.617962 0 0.617962 0 -5.65963 2.56982 
0 0 0 0 0 0 0 0 0 0 0 0 0 0 0 0 0 0 0 0 0 0 0 0 0 0 0 0 0 0 0 0.617962 0 0 0 0 0 0 0 0 0 0 0 0 0 0 0 0.617962 0 0 0 0 0 0 0 0.617962 0 0 0 0.617962 0 0.617962 0.617962 -3.70777 
