64
-0 0 0 0 0 0 0 0 0 0 0 0 0 0 0 0 0 0 0 0 0 0 0 0 0 0 0 0 0 0 0 0 0 0 0 0 0 0 0 0 0 0 0 0 0 0 0 0 0 0 0 0 0 0 0 0 0 0 0 0 0 0 0 0 
0.218132 -1.41289 0 0.238952 0 0.238952 0 0 0 0.238952 0 0 0 0 0 0 0 0.238952 0 0 0 0 0 0 0 0 0 0 0 0 0 0 0 0.238952 0 0 0 0 0 0 0 0 0 0 0 0 0 0 0 0 0 0 0 0 0 0 0 0 0 0 0 0 0 0 
0.218132 0 -1.41289 0.238952 0 0 0.238952 0 0 0 0.238952 0 0 0 0 0 0 0 0.238952 0 0 0 0 0 0 0 0 0 0 0 0 0 0 0 0.238952 0 0 0 0 0 0 0 0 0 0 0 0 0 0 0 0 0 0 0 0 0 0 0 0 0 0 0 0 0 
0 0.218132 0.218132 -2.34788 0 0 0 0.477903 0 0 0 0.477903 0 0 0 0 0 0 0 0.477903 0 0 0 0 0 0 0 0 0 0 0 0 0 0 0 0.477903 0 0 0 0 0 0 0 0 0 0 0 0 0 0 0 0 0 0 0 0 0 0 0 0 0 0 0 0 
0.218132 0 0 0 -1.41289 0.238952 0.238952 0 0 0 0 0 0.238952 0 0 0 0 0 0 0 0.238952 0 0 0 0 0 0 0 0 0 0 0 0 0 0 0 0.238952 0 0 0 0 0 0 0 0 0 0 0 0 0 0 0 0 0 0 0 0 0 0 0 0 0 0 0 
0 0.218132 0 0 0.218132 -2.34788 0 0.477903 0 0 0 0 0 0.477903 0 0 0 0 0 0 0 0.477903 0 0 0 0 0 0 0 0 0 0 0 0 0 0 0 0.477903 0 0 0 0 0 0 0 0 0 0 0 0 0 0 0 0 0 0 0 0 0 0 0 0 0 0 
0 0 0.218132 0 0.218132 0 -2.34788 0.477903 0 0 0 0 0 0 0.477903 0 0 0 0 0 0 0 0.477903 0 0 0 0 0 0 0 0 0 0 0 0 0 0 0 0.477903 0 0 0 0 0 0 0 0 0 0 0 0 0 0 0 0 0 0 0 0 0 0 0 0 0 
0 0 0 0.218132 0 0.218132 0.218132 -2.80496 0 0 0 0 0 0 0 0.716855 0 0 0 0 0 0 0 0.716855 0 0 0 0 0 0 0 0 0 0 0 0 0 0 0 0.716855 0 0 0 0 0 0 0 0 0 0 0 0 0 0 0 0 0 0 0 0 0 0 0 0 
0.218132 0 0 0 0 0 0 0 -1.41289 0.238952 0.238952 0 0.238952 0 0 0 0 0 0 0 0 0 0 0 0.238952 0 0 0 0 0 0 0 0 0 0 0 0 0 0 0 0.238952 0 0 0 0 0 0 0 0 0 0 0 0 0 0 0 0 0 0 0 0 0 0 0 
0 0.218132 0 0 0 0 0 0 0.218132 -2.34788 0 0.477903 0 0.477903 0 0 0 0 0 0 0 0 0 0 0 0.477903 0 0 0 0 0 0 0 0 0 0 0 0 0 0 0 0.477903 0 0 0 0 0 0 0 0 0 0 0 0 0 0 0 0 0 0 0 0 0 0 
0 0 0.218132 0 0 0 0 0 0.218132 0 -2.34788 0.477903 0 0 0.477903 0 0 0 0 0 0 0 0 0 0 0 0.477903 0 0 0 0 0 0 0 0 0 0 0 0 0 0 0 0.477903 0 0 0 0 0 0 0 0 0 0 0 0 0 0 0 0 0 0 0 0 0 
0 0 0 0.218132 0 0 0 0 0 0.218132 0.218132 -2.80496 0 0 0 0.716855 0 0 0 0 0 0 0 0 0 0 0 0.716855 0 0 0 0 0 0 0 0 0 0 0 0 0 0 0 0.716855 0 0 0 0 0 0 0 0 0 0 0 0 0 0 0 0 0 0 0 0 
0 0 0 0 0.218132 0 0 0 0.218132 0 0 0 -2.34788 0.477903 0.477903 0 0 0 0 0 0 0 0 0 0 0 0 0 0.477903 0 0 0 0 0 0 0 0 0 0 0 0 0 0 0 0.477903 0 0 0 0 0 0 0 0 0 0 0 0 0 0 0 0 0 0 0 
0 0 0 0 0 0.218132 0 0 0 0.218132 0 0 0.218132 -2.80496 0 0.716855 0 0 0 0 0 0 0 0 0 0 0 0 0 0.716855 0 0 0 0 0 0 0 0 0 0 0 0 0 0 0 0.716855 0 0 0 0 0 0 0 0 0 0 0 0 0 0 0 0 0 0 
0 0 0 0 0 0 0.218132 0 0 0 0.218132 0 0.218132 0 -2.80496 0.716855 0 0 0 0 0 0 0 0 0 0 0 0 0 0 0.716855 0 0 0 0 0 0 0 0 0 0 0 0 0 0 0 0.716855 0 0 0 0 0 0 0 0 0 0 0 0 0 0 0 0 0 
0 0 0 0 0 0 0 0.218132 0 0 0 0.218132 0 0.218132 0.218132 -2.78414 0 0 0 0 0 0 0 0 0 0 0 0 0 0 0 0.955806 0 0 0 0 0 0 0 0 0 0 0 0 0 0 0 0.955806 0 0 0 0 0 0 0 0 0 0 0 0 0 0 0 0 
0.218132 0 0 0 0 0 0 0 0 0 0 0 0 0 0 0 -1.41289 0.238952 0.238952 0 0.238952 0 0 0 0.238952 0 0 0 0 0 0 0 0 0 0 0 0 0 0 0 0 0 0 0 0 0 0 0 0.238952 0 0 0 0 0 0 0 0 0 0 0 0 0 0 0 
0 0.218132 0 0 0 0 0 0 0 0 0 0 0 0 0 0 0.218132 -2.34788 0 0.477903 0 0.477903 0 0 0 0.477903 0 0 0 0 0 0 0 0 0 0 0 0 0 0 0 0 0 0 0 0 0 0 0 0.477903 0 0 0 0 0 0 0 0 0 0 0 0 0 0 
0 0 0.218132 0 0 0 0 0 0 0 0 0 0 0 0 0 0.218132 0 -2.34788 0.477903 0 0 0.477903 0 0 0 0.477903 0 0 0 0 0 0 0 0 0 0 0 0 0 0 0 0 0 0 0 0 0 0 0 0.477903 0 0 0 0 0 0 0 0 0 0 0 0 0 
0 0 0 0.218132 0 0 0 0 0 0 0 0 0 0 0 0 0 0.218132 0.218132 -2.80496 0 0 0 0.716855 0 0 0 0.716855 0 0 0 0 0 0 0 0 0 0 0 0 0 0 0 0 0 0 0 0 0 0 0 0.716855 0 0 0 0 0 0 0 0 0 0 0 0 
0 0 0 0 0.218132 0 0 0 0 0 0 0 0 0 0 0 0.218132 0 0 0 -2.34788 0.477903 0.477903 0 0 0 0 0 0.477903 0 0 0 0 0 0 0 0 0 0 0 0 0 0 0 0 0 0 0 0 0 0 0 0.477903 0 0 0 0 0 0 0 0 0 0 0 
0 0 0 0 0 0.218132 0 0 0 0 0 0 0 0 0 0 0 0.218132 0 0 0.218132 -2.80496 0 0.716855 0 0 0 0 0 0.716855 0 0 0 0 0 0 0 0 0 0 0 0 0 0 0 0 0 0 0 0 0 0 0 0.716855 0 0 0 0 0 0 0 0 0 0 
0 0 0 0 0 0 0.218132 0 0 0 0 0 0 0 0 0 0 0 0.218132 0 0.218132 0 -2.80496 0.716855 0 0 0 0 0 0 0.716855 0 0 0 0 0 0 0 0 0 0 0 0 0 0 0 0 0 0 0 0 0 0 0 0.716855 0 0 0 0 0 0 0 0 0 
0 0 0 0 0 0 0 0.218132 0 0 0 0 0 0 0 0 0 0 0 0.218132 0 0.218132 0.218132 -2.78414 0 0 0 0 0 0 0 0.955806 0 0 0 0 0 0 0 0 0 0 0 0 0 0 0 0 0 0 0 0 0 0 0 0.955806 0 0 0 0 0 0 0 0 
0 0 0 0 0 0 0 0 0.218132 0 0 0 0 0 0 0 0.218132 0 0 0 0 0 0 0 -2.34788 0.477903 0.477903 0 0.477903 0 0 0 0 0 0 0 0 0 0 0 0 0 0 0 0 0 0 0 0 0 0 0 0 0 0 0 0.477903 0 0 0 0 0 0 0 
0 0 0 0 0 0 0 0 0 0.218132 0 0 0 0 0 0 0 0.218132 0 0 0 0 0 0 0.218132 -2.80496 0 0.716855 0 0.716855 0 0 0 0 0 0 0 0 0 0 0 0 0 0 0 0 0 0 0 0 0 0 0 0 0 0 0 0.716855 0 0 0 0 0 0 
0 0 0 0 0 0 0 0 0 0 0.218132 0 0 0 0 0 0 0 0.218132 0 0 0 0 0 0.218132 0 -2.80496 0.716855 0 0 0.716855 0 0 0 0 0 0 0 0 0 0 0 0 0 0 0 0 0 0 0 0 0 0 0 0 0 0 0 0.716855 0 0 0 0 0 
0 0 0 0 0 0 0 0 0 0 0 0.218132 0 0 0 0 0 0 0 0.218132 0 0 0 0 0 0.218132 0.218132 -2.78414 0 0 0 0.955806 0 0 0 0 0 0 0 0 0 0 0 0 0 0 0 0 0 0 0 0 0 0 0 0 0 0 0 0.955806 0 0 0 0 
0 0 0 0 0 0 0 0 0 0 0 0 0.218132 0 0 0 0 0 0 0 0.218132 0 0 0 0.218132 0 0 0 -2.80496 0.716855 0.716855 0 0 0 0 0 0 0 0 0 0 0 0 0 0 0 0 0 0 0 0 0 0 0 0 0 0 0 0 0 0.716855 0 0 0 
0 0 0 0 0 0 0 0 0 0 0 0 0 0.218132 0 0 0 0 0 0 0 0.218132 0 0 0 0.218132 0 0 0.218132 -2.78414 0 0.955806 0 0 0 0 0 0 0 0 0 0 0 0 0 0 0 0 0 0 0 0 0 0 0 0 0 0 0 0 0 0.955806 0 0 
0 0 0 0 0 0 0 0 0 0 0 0 0 0 0.218132 0 0 0 0 0 0 0 0.218132 0 0 0 0.218132 0 0.218132 0 -2.78414 0.955806 0 0 0 0 0 0 0 0 0 0 0 0 0 0 0 0 0 0 0 0 0 0 0 0 0 0 0 0 0 0 0.955806 0 
0 0 0 0 0 0 0 0 0 0 0 0 0 0 0 0.218132 0 0 0 0 0 0 0 0.218132 0 0 0 0.218132 0 0.218132 0.218132 -2.28542 0 0 0 0 0 0 0 0 0 0 0 0 0 0 0 0 0 0 0 0 0 0 0 0 0 0 0 0 0 0 0 1.19476 
0.218132 0 0 0 0 0 0 0 0 0 0 0 0 0 0 0 0 0 0 0 0 0 0 0 0 0 0 0 0 0 0 0 -1.41289 0.238952 0.238952 0 0.238952 0 0 0 0.238952 0 0 0 0 0 0 0 0.238952 0 0 0 0 0 0 0 0 0 0 0 0 0 0 0 
0 0.218132 0 0 0 0 0 0 0 0 0 0 0 0 0 0 0 0 0 0 0 0 0 0 0 0 0 0 0 0 0 0 0.218132 -2.34788 0 0.477903 0 0.477903 0 0 0 0.477903 0 0 0 0 0 0 0 0.477903 0 0 0 0 0 0 0 0 0 0 0 0 0 0 
0 0 0.218132 0 0 0 0 0 0 0 0 0 0 0 0 0 0 0 0 0 0 0 0 0 0 0 0 0 0 0 0 0 0.218132 0 -2.34788 0.477903 0 0 0.477903 0 0 0 0.477903 0 0 0 0 0 0 0 0.477903 0 0 0 0 0 0 0 0 0 0 0 0 0 
0 0 0 0.218132 0 0 0 0 0 0 0 0 0 0 0 0 0 0 0 0 0 0 0 0 0 0 0 0 0 0 0 0 0 0.218132 0.218132 -2.80496 0 0 0 0.716855 0 0 0 0.716855 0 0 0 0 0 0 0 0.716855 0 0 0 0 0 0 0 0 0 0 0 0 
0 0 0 0 0.218132 0 0 0 0 0 0 0 0 0 0 0 0 0 0 0 0 0 0 0 0 0 0 0 0 0 0 0 0.218132 0 0 0 -2.34788 0.477903 0.477903 0 0 0 0 0 0.477903 0 0 0 0 0 0 0 0.477903 0 0 0 0 0 0 0 0 0 0 0 
0 0 0 0 0 0.218132 0 0 0 0 0 0 0 0 0 0 0 0 0 0 0 0 0 0 0 0 0 0 0 0 0 0 0 0.218132 0 0 0.218132 -2.80496 0 0.716855 0 0 0 0 0 0.716855 0 0 0 0 0 0 0 0.716855 0 0 0 0 0 0 0 0 0 0 
0 0 0 0 0 0 0.218132 0 0 0 0 0 0 0 0 0 0 0 0 0 0 0 0 0 0 0 0 0 0 0 0 0 0 0 0.218132 0 0.218132 0 -2.80496 0.716855 0 0 0 0 0 0 0.716855 0 0 0 0 0 0 0 0.716855 0 0 0 0 0 0 0 0 0 
0 0 0 0 0 0 0 0.218132 0 0 0 0 0 0 0 0 0 0 0 0 0 0 0 0 0 0 0 0 0 0 0 0 0 0 0 0.218132 0 0.218132 0.218132 -2.78414 0 0 0 0 0 0 0 0.955806 0 0 0 0 0 0 0 0.955806 0 0 0 0 0 0 0 0 
0 0 0 0 0 0 0 0 0.218132 0 0 0 0 0 0 0 0 0 0 0 0 0 0 0 0 0 0 0 0 0 0 0 0.218132 0 0 0 0 0 0 0 -2.34788 0.477903 0.477903 0 0.477903 0 0 0 0 0 0 0 0 0 0 0 0.477903 0 0 0 0 0 0 0 
0 0 0 0 0 0 0 0 0 0.218132 0 0 0 0 0 0 0 0 0 0 0 0 0 0 0 0 0 0 0 0 0 0 0 0.218132 0 0 0 0 0 0 0.218132 -2.80496 0 0.716855 0 0.716855 0 0 0 0 0 0 0 0 0 0 0 0.716855 0 0 0 0 0 0 
0 0 0 0 0 0 0 0 0 0 0.218132 0 0 0 0 0 0 0 0 0 0 0 0 0 0 0 0 0 0 0 0 0 0 0 0.218132 0 0 0 0 0 0.218132 0 -2.80496 0.716855 0 0 0.716855 0 0 0 0 0 0 0 0 0 0 0 0.716855 0 0 0 0 0 
0 0 0 0 0 0 0 0 0 0 0 0.218132 0 0 0 0 0 0 0 0 0 0 0 0 0 0 0 0 0 0 0 0 0 0 0 0.218132 0 0 0 0 0 0.218132 0.218132 -2.78414 0 0 0 0.955806 0 0 0 0 0 0 0 0 0 0 0 0.955806 0 0 0 0 
0 0 0 0 0 0 0 0 0 0 0 0 0.218132 0 0 0 0 0 0 0 0 0 0 0 0 0 0 0 0 0 0 0 0 0 0 0 0.218132 0 0 0 0.218132 0 0 0 -2.80496 0.716855 0.716855 0 0 0 0 0 0 0 0 0 0 0 0 0 0.716855 0 0 0 
0 0 0 0 0 0 0 0 0 0 0 0 0 0.218132 0 0 0 0 0 0 0 0 0 0 0 0 0 0 0 0 0 0 0 0 0 0 0 0.218132 0 0 0 0.218132 0 0 0.218132 -2.78414 0 0.955806 0 0 0 0 0 0 0 0 0 0 0 0 0 0.955806 0 0 
0 0 0 0 0 0 0 0 0 0 0 0 0 0 0.218132 0 0 0 0 0 0 0 0 0 0 0 0 0 0 0 0 0 0 0 0 0 0 0 0.218132 0 0 0 0.218132 0 0.218132 0 -2.78414 0.955806 0 0 0 0 0 0 0 0 0 0 0 0 0 0 0.955806 0 
0 0 0 0 0 0 0 0 0 0 0 0 0 0 0 0.218132 0 0 0 0 0 0 0 0 0 0 0 0 0 0 0 0 0 0 0 0 0 0 0 0.218132 0 0 0 0.218132 0 0.218132 0.218132 -2.28542 0 0 0 0 0 0 0 0 0 0 0 0 0 0 0 1.19476 
0 0 0 0 0 0 0 0 0 0 0 0 0 0 0 0 0.218132 0 0 0 0 0 0 0 0 0 0 0 0 0 0 0 0.218132 0 0 0 0 0 0 0 0 0 0 0 0 0 0 0 -2.34788 0.477903 0.477903 0 0.477903 0 0 0 0.477903 0 0 0 0 0 0 0 
0 0 0 0 0 0 0 0 0 0 0 0 0 0 0 0 0 0.218132 0 0 0 0 0 0 0 0 0 0 0 0 0 0 0 0.218132 0 0 0 0 0 0 0 0 0 0 0 0 0 0 0.218132 -2.80496 0 0.716855 0 0.716855 0 0 0 0.716855 0 0 0 0 0 0 
0 0 0 0 0 0 0 0 0 0 0 0 0 0 0 0 0 0 0.218132 0 0 0 0 0 0 0 0 0 0 0 0 0 0 0 0.218132 0 0 0 0 0 0 0 0 0 0 0 0 0 0.218132 0 -2.80496 0.716855 0 0 0.716855 0 0 0 0.716855 0 0 0 0 0 
0 0 0 0 0 0 0 0 0 0 0 0 0 0 0 0 0 0 0 0.218132 0 0 0 0 0 0 0 0 0 0 0 0 0 0 0 0.218132 0 0 0 0 0 0 0 0 0 0 0 0 0 0.218132 0.218132 -2.78414 0 0 0 0.955806 0 0 0 0.955806 0 0 0 0 
0 0 0 0 0 0 0 0 0 0 0 0 0 0 0 0 0 0 0 0 0.218132 0 0 0 0 0 0 0 0 0 0 0 0 0 0 0 0.218132 0 0 0 0 0 0 0 0 0 0 0 0.218132 0 0 0 -2.80496 0.716855 0.716855 0 0 0 0 0 0.716855 0 0 0 
0 0 0 0 0 0 0 0 0 0 0 0 0 0 0 0 0 0 0 0 0 0.218132 0 0 0 0 0 0 0 0 0 0 0 0 0 0 0 0.218132 0 0 0 0 0 0 0 0 0 0 0 0.218132 0 0 0.218132 -2.78414 0 0.955806 0 0 0 0 0 0.955806 0 0 
0 0 0 0 0 0 0 0 0 0 0 0 0 0 0 0 0 0 0 0 0 0 0.218132 0 0 0 0 0 0 0 0 0 0 0 0 0 0 0 0.218132 0 0 0 0 0 0 0 0 0 0 0 0.218132 0 0.218132 0 -2.78414 0.955806 0 0 0 0 0 0 0.955806 0 
0 0 0 0 0 0 0 0 0 0 0 0 0 0 0 0 0 0 0 0 0 0 0 0.218132 0 0 0 0 0 0 0 0 0 0 0 0 0 0 0 0.218132 0 0 0 0 0 0 0 0 0 0 0 0.218132 0 0.218132 0.218132 -2.28542 0 0 0 0 0 0 0 1.19476 
0 0 0 0 0 0 0 0 0 0 0 0 0 0 0 0 0 0 0 0 0 0 0 0 0.218132 0 0 0 0 0 0 0 0 0 0 0 0 0 0 0 0.218132 0 0 0 0 0 0 0 0.218132 0 0 0 0 0 0 0 -2.80496 0.716855 0.716855 0 0.716855 0 0 0 
0 0 0 0 0 0 0 0 0 0 0 0 0 0 0 0 0 0 0 0 0 0 0 0 0 0.218132 0 0 0 0 0 0 0 0 0 0 0 0 0 0 0 0.218132 0 0 0 0 0 0 0 0.218132 0 0 0 0 0 0 0.218132 -2.78414 0 0.955806 0 0.955806 0 0 
0 0 0 0 0 0 0 0 0 0 0 0 0 0 0 0 0 0 0 0 0 0 0 0 0 0 0.218132 0 0 0 0 0 0 0 0 0 0 0 0 0 0 0 0.218132 0 0 0 0 0 0 0 0.218132 0 0 0 0 0 0.218132 0 -2.78414 0.955806 0 0 0.955806 0 
0 0 0 0 0 0 0 0 0 0 0 0 0 0 0 0 0 0 0 0 0 0 0 0 0 0 0 0.218132 0 0 0 0 0 0 0 0 0 0 0 0 0 0 0 0.218132 0 0 0 0 0 0 0 0.218132 0 0 0 0 0 0.218132 0.218132 -2.28542 0 0 0 1.19476 
0 0 0 0 0 0 0 0 0 0 0 0 0 0 0 0 0 0 0 0 0 0 0 0 0 0 0 0 0.218132 0 0 0 0 0 0 0 0 0 0 0 0 0 0 0 0.218132 0 0 0 0 0 0 0 0.218132 0 0 0 0.218132 0 0 0 -2.78414 0.955806 0.955806 0 
0 0 0 0 0 0 0 0 0 0 0 0 0 0 0 0 0 0 0 0 0 0 0 0 0 0 0 0 0 0.218132 0 0 0 0 0 0 0 0 0 0 0 0 0 0 0 0.218132 0 0 0 0 0 0 0 0.218132 0 0 0 0.218132 0 0 0.218132 -2.28542 0 1.19476 
0 0 0 0 0 0 0 0 0 0 0 0 0 0 0 0 0 0 0 0 0 0 0 0 0 0 0 0 0 0 0.218132 0 0 0 0 0 0 0 0 0 0 0 0 0 0 0 0.218132 0 0 0 0 0 0 0 0.218132 0 0 0 0.218132 0 0.218132 0 -2.28542 1.19476 
0 0 0 0 0 0 0 0 0 0 0 0 0 0 0 0 0 0 0 0 0 0 0 0 0 0 0 0 0 0 0 0.218132 0 0 0 0 0 0 0 0 0 0 0 0 0 0 0 0.218132 0 0 0 0 0 0 0 0.218132 0 0 0 0.218132 0 0.218132 0.218132 -1.30879 
