32
-0 0 0 0 0 0 0 0 0 0 0 0 0 0 0 0 0 0 0 0 0 0 0 0 0 0 0 0 0 0 0 0 
0.201221 -1.16505 0 0.240957 0 0.240957 0 0 0 0.240957 0 0 0 0 0 0 0 0.240957 0 0 0 0 0 0 0 0 0 0 0 0 0 0 
0.201221 0 -1.16505 0.240957 0 0 0.240957 0 0 0 0.240957 0 0 0 0 0 0 0 0.240957 0 0 0 0 0 0 0 0 0 0 0 0 0 
0 0.201221 0.201221 -1.84819 0 0 0 0.481914 0 0 0 0.481914 0 0 0 0 0 0 0 0.481914 0 0 0 0 0 0 0 0 0 0 0 0 
0.201221 0 0 0 -1.16505 0.240957 0.240957 0 0 0 0 0 0.240957 0 0 0 0 0 0 0 0.240957 0 0 0 0 0 0 0 0 0 0 0 
0 0.201221 0 0 0.201221 -1.84819 0 0.481914 0 0 0 0 0 0.481914 0 0 0 0 0 0 0 0.481914 0 0 0 0 0 0 0 0 0 0 
0 0 0.201221 0 0.201221 0 -1.84819 0.481914 0 0 0 0 0 0 0.481914 0 0 0 0 0 0 0 0.481914 0 0 0 0 0 0 0 0 0 
0 0 0 0.201221 0 0.201221 0.201221 -2.04941 0 0 0 0 0 0 0 0.722871 0 0 0 0 0 0 0 0.722871 0 0 0 0 0 0 0 0 
0.201221 0 0 0 0 0 0 0 -1.16505 0.240957 0.240957 0 0.240957 0 0 0 0 0 0 0 0 0 0 0 0.240957 0 0 0 0 0 0 0 
0 0.201221 0 0 0 0 0 0 0.201221 -1.84819 0 0.481914 0 0.481914 0 0 0 0 0 0 0 0 0 0 0 0.481914 0 0 0 0 0 0 
0 0 0.201221 0 0 0 0 0 0.201221 0 -1.84819 0.481914 0 0 0.481914 0 0 0 0 0 0 0 0 0 0 0 0.481914 0 0 0 0 0 
0 0 0 0.201221 0 0 0 0 0 0.201221 0.201221 -2.04941 0 0 0 0.722871 0 0 0 0 0 0 0 0 0 0 0 0.722871 0 0 0 0 
0 0 0 0 0.201221 0 0 0 0.201221 0 0 0 -1.84819 0.481914 0.481914 0 0 0 0 0 0 0 0 0 0 0 0 0 0.481914 0 0 0 
0 0 0 0 0 0.201221 0 0 0 0.201221 0 0 0.201221 -2.04941 0 0.722871 0 0 0 0 0 0 0 0 0 0 0 0 0 0.722871 0 0 
0 0 0 0 0 0 0.201221 0 0 0 0.201221 0 0.201221 0 -2.04941 0.722871 0 0 0 0 0 0 0 0 0 0 0 0 0 0 0.722871 0 
0 0 0 0 0 0 0 0.201221 0 0 0 0.201221 0 0.201221 0.201221 -1.76871 0 0 0 0 0 0 0 0 0 0 0 0 0 0 0 0.963828 
0.201221 0 0 0 0 0 0 0 0 0 0 0 0 0 0 0 -1.16505 0.240957 0.240957 0 0.240957 0 0 0 0.240957 0 0 0 0 0 0 0 
0 0.201221 0 0 0 0 0 0 0 0 0 0 0 0 0 0 0.201221 -1.84819 0 0.481914 0 0.481914 0 0 0 0.481914 0 0 0 0 0 0 
0 0 0.201221 0 0 0 0 0 0 0 0 0 0 0 0 0 0.201221 0 -1.84819 0.481914 0 0 0.481914 0 0 0 0.481914 0 0 0 0 0 
0 0 0 0.201221 0 0 0 0 0 0 0 0 0 0 0 0 0 0.201221 0.201221 -2.04941 0 0 0 0.722871 0 0 0 0.722871 0 0 0 0 
0 0 0 0 0.201221 0 0 0 0 0 0 0 0 0 0 0 0.201221 0 0 0 -1.84819 0.481914 0.481914 0 0 0 0 0 0.481914 0 0 0 
0 0 0 0 0 0.201221 0 0 0 0 0 0 0 0 0 0 0 0.201221 0 0 0.201221 -2.04941 0 0.722871 0 0 0 0 0 0.722871 0 0 
0 0 0 0 0 0 0.201221 0 0 0 0 0 0 0 0 0 0 0 0.201221 0 0.201221 0 -2.04941 0.722871 0 0 0 0 0 0 0.722871 0 
0 0 0 0 0 0 0 0.201221 0 0 0 0 0 0 0 0 0 0 0 0.201221 0 0.201221 0.201221 -1.76871 0 0 0 0 0 0 0 0.963828 
0 0 0 0 0 0 0 0 0.201221 0 0 0 0 0 0 0 0.201221 0 0 0 0 0 0 0 -1.84819 0.481914 0.481914 0 0.481914 0 0 0 
0 0 0 0 0 0 0 0 0 0.201221 0 0 0 0 0 0 0 0.201221 0 0 0 0 0 0 0.201221 -2.04941 0 0.722871 0 0.722871 0 0 
0 0 0 0 0 0 0 0 0 0 0.201221 0 0 0 0 0 0 0 0.201221 0 0 0 0 0 0.201221 0 -2.04941 0.722871 0 0 0.722871 0 
0 0 0 0 0 0 0 0 0 0 0 0.201221 0 0 0 0 0 0 0 0.201221 0 0 0 0 0 0.201221 0.201221 -1.76871 0 0 0 0.963828 
0 0 0 0 0 0 0 0 0 0 0 0 0.201221 0 0 0 0 0 0 0 0.201221 0 0 0 0.201221 0 0 0 -2.04941 0.722871 0.722871 0 
0 0 0 0 0 0 0 0 0 0 0 0 0 0.201221 0 0 0 0 0 0 0 0.201221 0 0 0 0.201221 0 0 0.201221 -1.76871 0 0.963828 
0 0 0 0 0 0 0 0 0 0 0 0 0 0 0.201221 0 0 0 0 0 0 0 0.201221 0 0 0 0.201221 0 0.201221 0 -1.76871 0.963828 
0 0 0 0 0 0 0 0 0 0 0 0 0 0 0 0.201221 0 0 0 0 0 0 0 0.201221 0 0 0 0.201221 0 0.201221 0.201221 -1.00611 
