64
-0 0 0 0 0 0 0 0 0 0 0 0 0 0 0 0 0 0 0 0 0 0 0 0 0 0 0 0 0 0 0 0 0 0 0 0 0 0 0 0 0 0 0 0 0 0 0 0 0 0 0 0 0 0 0 0 0 0 0 0 0 0 0 0 
0.244574 -1.41887 0 0.234859 0 0.234859 0 0 0 0.234859 0 0 0 0 0 0 0 0.234859 0 0 0 0 0 0 0 0 0 0 0 0 0 0 0 0.234859 0 0 0 0 0 0 0 0 0 0 0 0 0 0 0 0 0 0 0 0 0 0 0 0 0 0 0 0 0 0 
0.244574 0 -1.41887 0.234859 0 0 0.234859 0 0 0 0.234859 0 0 0 0 0 0 0 0.234859 0 0 0 0 0 0 0 0 0 0 0 0 0 0 0 0.234859 0 0 0 0 0 0 0 0 0 0 0 0 0 0 0 0 0 0 0 0 0 0 0 0 0 0 0 0 0 
0 0.244574 0.244574 -2.36802 0 0 0 0.469718 0 0 0 0.469718 0 0 0 0 0 0 0 0.469718 0 0 0 0 0 0 0 0 0 0 0 0 0 0 0 0.469718 0 0 0 0 0 0 0 0 0 0 0 0 0 0 0 0 0 0 0 0 0 0 0 0 0 0 0 0 
0.244574 0 0 0 -1.41887 0.234859 0.234859 0 0 0 0 0 0.234859 0 0 0 0 0 0 0 0.234859 0 0 0 0 0 0 0 0 0 0 0 0 0 0 0 0.234859 0 0 0 0 0 0 0 0 0 0 0 0 0 0 0 0 0 0 0 0 0 0 0 0 0 0 0 
0 0.244574 0 0 0.244574 -2.36802 0 0.469718 0 0 0 0 0 0.469718 0 0 0 0 0 0 0 0.469718 0 0 0 0 0 0 0 0 0 0 0 0 0 0 0 0.469718 0 0 0 0 0 0 0 0 0 0 0 0 0 0 0 0 0 0 0 0 0 0 0 0 0 0 
0 0 0.244574 0 0.244574 0 -2.36802 0.469718 0 0 0 0 0 0 0.469718 0 0 0 0 0 0 0 0.469718 0 0 0 0 0 0 0 0 0 0 0 0 0 0 0 0.469718 0 0 0 0 0 0 0 0 0 0 0 0 0 0 0 0 0 0 0 0 0 0 0 0 0 
0 0 0 0.244574 0 0.244574 0.244574 -2.84745 0 0 0 0 0 0 0 0.704578 0 0 0 0 0 0 0 0.704578 0 0 0 0 0 0 0 0 0 0 0 0 0 0 0 0.704578 0 0 0 0 0 0 0 0 0 0 0 0 0 0 0 0 0 0 0 0 0 0 0 0 
0.244574 0 0 0 0 0 0 0 -1.41887 0.234859 0.234859 0 0.234859 0 0 0 0 0 0 0 0 0 0 0 0.234859 0 0 0 0 0 0 0 0 0 0 0 0 0 0 0 0.234859 0 0 0 0 0 0 0 0 0 0 0 0 0 0 0 0 0 0 0 0 0 0 0 
0 0.244574 0 0 0 0 0 0 0.244574 -2.36802 0 0.469718 0 0.469718 0 0 0 0 0 0 0 0 0 0 0 0.469718 0 0 0 0 0 0 0 0 0 0 0 0 0 0 0 0.469718 0 0 0 0 0 0 0 0 0 0 0 0 0 0 0 0 0 0 0 0 0 0 
0 0 0.244574 0 0 0 0 0 0.244574 0 -2.36802 0.469718 0 0 0.469718 0 0 0 0 0 0 0 0 0 0 0 0.469718 0 0 0 0 0 0 0 0 0 0 0 0 0 0 0 0.469718 0 0 0 0 0 0 0 0 0 0 0 0 0 0 0 0 0 0 0 0 0 
0 0 0 0.244574 0 0 0 0 0 0.244574 0.244574 -2.84745 0 0 0 0.704578 0 0 0 0 0 0 0 0 0 0 0 0.704578 0 0 0 0 0 0 0 0 0 0 0 0 0 0 0 0.704578 0 0 0 0 0 0 0 0 0 0 0 0 0 0 0 0 0 0 0 0 
0 0 0 0 0.244574 0 0 0 0.244574 0 0 0 -2.36802 0.469718 0.469718 0 0 0 0 0 0 0 0 0 0 0 0 0 0.469718 0 0 0 0 0 0 0 0 0 0 0 0 0 0 0 0.469718 0 0 0 0 0 0 0 0 0 0 0 0 0 0 0 0 0 0 0 
0 0 0 0 0 0.244574 0 0 0 0.244574 0 0 0.244574 -2.84745 0 0.704578 0 0 0 0 0 0 0 0 0 0 0 0 0 0.704578 0 0 0 0 0 0 0 0 0 0 0 0 0 0 0 0.704578 0 0 0 0 0 0 0 0 0 0 0 0 0 0 0 0 0 0 
0 0 0 0 0 0 0.244574 0 0 0 0.244574 0 0.244574 0 -2.84745 0.704578 0 0 0 0 0 0 0 0 0 0 0 0 0 0 0.704578 0 0 0 0 0 0 0 0 0 0 0 0 0 0 0 0.704578 0 0 0 0 0 0 0 0 0 0 0 0 0 0 0 0 0 
0 0 0 0 0 0 0 0.244574 0 0 0 0.244574 0 0.244574 0.244574 -2.85717 0 0 0 0 0 0 0 0 0 0 0 0 0 0 0 0.939437 0 0 0 0 0 0 0 0 0 0 0 0 0 0 0 0.939437 0 0 0 0 0 0 0 0 0 0 0 0 0 0 0 0 
0.244574 0 0 0 0 0 0 0 0 0 0 0 0 0 0 0 -1.41887 0.234859 0.234859 0 0.234859 0 0 0 0.234859 0 0 0 0 0 0 0 0 0 0 0 0 0 0 0 0 0 0 0 0 0 0 0 0.234859 0 0 0 0 0 0 0 0 0 0 0 0 0 0 0 
0 0.244574 0 0 0 0 0 0 0 0 0 0 0 0 0 0 0.244574 -2.36802 0 0.469718 0 0.469718 0 0 0 0.469718 0 0 0 0 0 0 0 0 0 0 0 0 0 0 0 0 0 0 0 0 0 0 0 0.469718 0 0 0 0 0 0 0 0 0 0 0 0 0 0 
0 0 0.244574 0 0 0 0 0 0 0 0 0 0 0 0 0 0.244574 0 -2.36802 0.469718 0 0 0.469718 0 0 0 0.469718 0 0 0 0 0 0 0 0 0 0 0 0 0 0 0 0 0 0 0 0 0 0 0 0.469718 0 0 0 0 0 0 0 0 0 0 0 0 0 
0 0 0 0.244574 0 0 0 0 0 0 0 0 0 0 0 0 0 0.244574 0.244574 -2.84745 0 0 0 0.704578 0 0 0 0.704578 0 0 0 0 0 0 0 0 0 0 0 0 0 0 0 0 0 0 0 0 0 0 0 0.704578 0 0 0 0 0 0 0 0 0 0 0 0 
0 0 0 0 0.244574 0 0 0 0 0 0 0 0 0 0 0 0.244574 0 0 0 -2.36802 0.469718 0.469718 0 0 0 0 0 0.469718 0 0 0 0 0 0 0 0 0 0 0 0 0 0 0 0 0 0 0 0 0 0 0 0.469718 0 0 0 0 0 0 0 0 0 0 0 
0 0 0 0 0 0.244574 0 0 0 0 0 0 0 0 0 0 0 0.244574 0 0 0.244574 -2.84745 0 0.704578 0 0 0 0 0 0.704578 0 0 0 0 0 0 0 0 0 0 0 0 0 0 0 0 0 0 0 0 0 0 0 0.704578 0 0 0 0 0 0 0 0 0 0 
0 0 0 0 0 0 0.244574 0 0 0 0 0 0 0 0 0 0 0 0.244574 0 0.244574 0 -2.84745 0.704578 0 0 0 0 0 0 0.704578 0 0 0 0 0 0 0 0 0 0 0 0 0 0 0 0 0 0 0 0 0 0 0 0.704578 0 0 0 0 0 0 0 0 0 
0 0 0 0 0 0 0 0.244574 0 0 0 0 0 0 0 0 0 0 0 0.244574 0 0.244574 0.244574 -2.85717 0 0 0 0 0 0 0 0.939437 0 0 0 0 0 0 0 0 0 0 0 0 0 0 0 0 0 0 0 0 0 0 0 0.939437 0 0 0 0 0 0 0 0 
0 0 0 0 0 0 0 0 0.244574 0 0 0 0 0 0 0 0.244574 0 0 0 0 0 0 0 -2.36802 0.469718 0.469718 0 0.469718 0 0 0 0 0 0 0 0 0 0 0 0 0 0 0 0 0 0 0 0 0 0 0 0 0 0 0 0.469718 0 0 0 0 0 0 0 
0 0 0 0 0 0 0 0 0 0.244574 0 0 0 0 0 0 0 0.244574 0 0 0 0 0 0 0.244574 -2.84745 0 0.704578 0 0.704578 0 0 0 0 0 0 0 0 0 0 0 0 0 0 0 0 0 0 0 0 0 0 0 0 0 0 0 0.704578 0 0 0 0 0 0 
0 0 0 0 0 0 0 0 0 0 0.244574 0 0 0 0 0 0 0 0.244574 0 0 0 0 0 0.244574 0 -2.84745 0.704578 0 0 0.704578 0 0 0 0 0 0 0 0 0 0 0 0 0 0 0 0 0 0 0 0 0 0 0 0 0 0 0 0.704578 0 0 0 0 0 
0 0 0 0 0 0 0 0 0 0 0 0.244574 0 0 0 0 0 0 0 0.244574 0 0 0 0 0 0.244574 0.244574 -2.85717 0 0 0 0.939437 0 0 0 0 0 0 0 0 0 0 0 0 0 0 0 0 0 0 0 0 0 0 0 0 0 0 0 0.939437 0 0 0 0 
0 0 0 0 0 0 0 0 0 0 0 0 0.244574 0 0 0 0 0 0 0 0.244574 0 0 0 0.244574 0 0 0 -2.84745 0.704578 0.704578 0 0 0 0 0 0 0 0 0 0 0 0 0 0 0 0 0 0 0 0 0 0 0 0 0 0 0 0 0 0.704578 0 0 0 
0 0 0 0 0 0 0 0 0 0 0 0 0 0.244574 0 0 0 0 0 0 0 0.244574 0 0 0 0.244574 0 0 0.244574 -2.85717 0 0.939437 0 0 0 0 0 0 0 0 0 0 0 0 0 0 0 0 0 0 0 0 0 0 0 0 0 0 0 0 0 0.939437 0 0 
0 0 0 0 0 0 0 0 0 0 0 0 0 0 0.244574 0 0 0 0 0 0 0 0.244574 0 0 0 0.244574 0 0.244574 0 -2.85717 0.939437 0 0 0 0 0 0 0 0 0 0 0 0 0 0 0 0 0 0 0 0 0 0 0 0 0 0 0 0 0 0 0.939437 0 
0 0 0 0 0 0 0 0 0 0 0 0 0 0 0 0.244574 0 0 0 0 0 0 0 0.244574 0 0 0 0.244574 0 0.244574 0.244574 -2.39717 0 0 0 0 0 0 0 0 0 0 0 0 0 0 0 0 0 0 0 0 0 0 0 0 0 0 0 0 0 0 0 1.1743 
0.244574 0 0 0 0 0 0 0 0 0 0 0 0 0 0 0 0 0 0 0 0 0 0 0 0 0 0 0 0 0 0 0 -1.41887 0.234859 0.234859 0 0.234859 0 0 0 0.234859 0 0 0 0 0 0 0 0.234859 0 0 0 0 0 0 0 0 0 0 0 0 0 0 0 
0 0.244574 0 0 0 0 0 0 0 0 0 0 0 0 0 0 0 0 0 0 0 0 0 0 0 0 0 0 0 0 0 0 0.244574 -2.36802 0 0.469718 0 0.469718 0 0 0 0.469718 0 0 0 0 0 0 0 0.469718 0 0 0 0 0 0 0 0 0 0 0 0 0 0 
0 0 0.244574 0 0 0 0 0 0 0 0 0 0 0 0 0 0 0 0 0 0 0 0 0 0 0 0 0 0 0 0 0 0.244574 0 -2.36802 0.469718 0 0 0.469718 0 0 0 0.469718 0 0 0 0 0 0 0 0.469718 0 0 0 0 0 0 0 0 0 0 0 0 0 
0 0 0 0.244574 0 0 0 0 0 0 0 0 0 0 0 0 0 0 0 0 0 0 0 0 0 0 0 0 0 0 0 0 0 0.244574 0.244574 -2.84745 0 0 0 0.704578 0 0 0 0.704578 0 0 0 0 0 0 0 0.704578 0 0 0 0 0 0 0 0 0 0 0 0 
0 0 0 0 0.244574 0 0 0 0 0 0 0 0 0 0 0 0 0 0 0 0 0 0 0 0 0 0 0 0 0 0 0 0.244574 0 0 0 -2.36802 0.469718 0.469718 0 0 0 0 0 0.469718 0 0 0 0 0 0 0 0.469718 0 0 0 0 0 0 0 0 0 0 0 
0 0 0 0 0 0.244574 0 0 0 0 0 0 0 0 0 0 0 0 0 0 0 0 0 0 0 0 0 0 0 0 0 0 0 0.244574 0 0 0.244574 -2.84745 0 0.704578 0 0 0 0 0 0.704578 0 0 0 0 0 0 0 0.704578 0 0 0 0 0 0 0 0 0 0 
0 0 0 0 0 0 0.244574 0 0 0 0 0 0 0 0 0 0 0 0 0 0 0 0 0 0 0 0 0 0 0 0 0 0 0 0.244574 0 0.244574 0 -2.84745 0.704578 0 0 0 0 0 0 0.704578 0 0 0 0 0 0 0 0.704578 0 0 0 0 0 0 0 0 0 
0 0 0 0 0 0 0 0.244574 0 0 0 0 0 0 0 0 0 0 0 0 0 0 0 0 0 0 0 0 0 0 0 0 0 0 0 0.244574 0 0.244574 0.244574 -2.85717 0 0 0 0 0 0 0 0.939437 0 0 0 0 0 0 0 0.939437 0 0 0 0 0 0 0 0 
0 0 0 0 0 0 0 0 0.244574 0 0 0 0 0 0 0 0 0 0 0 0 0 0 0 0 0 0 0 0 0 0 0 0.244574 0 0 0 0 0 0 0 -2.36802 0.469718 0.469718 0 0.469718 0 0 0 0 0 0 0 0 0 0 0 0.469718 0 0 0 0 0 0 0 
0 0 0 0 0 0 0 0 0 0.244574 0 0 0 0 0 0 0 0 0 0 0 0 0 0 0 0 0 0 0 0 0 0 0 0.244574 0 0 0 0 0 0 0.244574 -2.84745 0 0.704578 0 0.704578 0 0 0 0 0 0 0 0 0 0 0 0.704578 0 0 0 0 0 0 
0 0 0 0 0 0 0 0 0 0 0.244574 0 0 0 0 0 0 0 0 0 0 0 0 0 0 0 0 0 0 0 0 0 0 0 0.244574 0 0 0 0 0 0.244574 0 -2.84745 0.704578 0 0 0.704578 0 0 0 0 0 0 0 0 0 0 0 0.704578 0 0 0 0 0 
0 0 0 0 0 0 0 0 0 0 0 0.244574 0 0 0 0 0 0 0 0 0 0 0 0 0 0 0 0 0 0 0 0 0 0 0 0.244574 0 0 0 0 0 0.244574 0.244574 -2.85717 0 0 0 0.939437 0 0 0 0 0 0 0 0 0 0 0 0.939437 0 0 0 0 
0 0 0 0 0 0 0 0 0 0 0 0 0.244574 0 0 0 0 0 0 0 0 0 0 0 0 0 0 0 0 0 0 0 0 0 0 0 0.244574 0 0 0 0.244574 0 0 0 -2.84745 0.704578 0.704578 0 0 0 0 0 0 0 0 0 0 0 0 0 0.704578 0 0 0 
0 0 0 0 0 0 0 0 0 0 0 0 0 0.244574 0 0 0 0 0 0 0 0 0 0 0 0 0 0 0 0 0 0 0 0 0 0 0 0.244574 0 0 0 0.244574 0 0 0.244574 -2.85717 0 0.939437 0 0 0 0 0 0 0 0 0 0 0 0 0 0.939437 0 0 
0 0 0 0 0 0 0 0 0 0 0 0 0 0 0.244574 0 0 0 0 0 0 0 0 0 0 0 0 0 0 0 0 0 0 0 0 0 0 0 0.244574 0 0 0 0.244574 0 0.244574 0 -2.85717 0.939437 0 0 0 0 0 0 0 0 0 0 0 0 0 0 0.939437 0 
0 0 0 0 0 0 0 0 0 0 0 0 0 0 0 0.244574 0 0 0 0 0 0 0 0 0 0 0 0 0 0 0 0 0 0 0 0 0 0 0 0.244574 0 0 0 0.244574 0 0.244574 0.244574 -2.39717 0 0 0 0 0 0 0 0 0 0 0 0 0 0 0 1.1743 
0 0 0 0 0 0 0 0 0 0 0 0 0 0 0 0 0.244574 0 0 0 0 0 0 0 0 0 0 0 0 0 0 0 0.244574 0 0 0 0 0 0 0 0 0 0 0 0 0 0 0 -2.36802 0.469718 0.469718 0 0.469718 0 0 0 0.469718 0 0 0 0 0 0 0 
0 0 0 0 0 0 0 0 0 0 0 0 0 0 0 0 0 0.244574 0 0 0 0 0 0 0 0 0 0 0 0 0 0 0 0.244574 0 0 0 0 0 0 0 0 0 0 0 0 0 0 0.244574 -2.84745 0 0.704578 0 0.704578 0 0 0 0.704578 0 0 0 0 0 0 
0 0 0 0 0 0 0 0 0 0 0 0 0 0 0 0 0 0 0.244574 0 0 0 0 0 0 0 0 0 0 0 0 0 0 0 0.244574 0 0 0 0 0 0 0 0 0 0 0 0 0 0.244574 0 -2.84745 0.704578 0 0 0.704578 0 0 0 0.704578 0 0 0 0 0 
0 0 0 0 0 0 0 0 0 0 0 0 0 0 0 0 0 0 0 0.244574 0 0 0 0 0 0 0 0 0 0 0 0 0 0 0 0.244574 0 0 0 0 0 0 0 0 0 0 0 0 0 0.244574 0.244574 -2.85717 0 0 0 0.939437 0 0 0 0.939437 0 0 0 0 
0 0 0 0 0 0 0 0 0 0 0 0 0 0 0 0 0 0 0 0 0.244574 0 0 0 0 0 0 0 0 0 0 0 0 0 0 0 0.244574 0 0 0 0 0 0 0 0 0 0 0 0.244574 0 0 0 -2.84745 0.704578 0.704578 0 0 0 0 0 0.704578 0 0 0 
0 0 0 0 0 0 0 0 0 0 0 0 0 0 0 0 0 0 0 0 0 0.244574 0 0 0 0 0 0 0 0 0 0 0 0 0 0 0 0.244574 0 0 0 0 0 0 0 0 0 0 0 0.244574 0 0 0.244574 -2.85717 0 0.939437 0 0 0 0 0 0.939437 0 0 
0 0 0 0 0 0 0 0 0 0 0 0 0 0 0 0 0 0 0 0 0 0 0.244574 0 0 0 0 0 0 0 0 0 0 0 0 0 0 0 0.244574 0 0 0 0 0 0 0 0 0 0 0 0.244574 0 0.244574 0 -2.85717 0.939437 0 0 0 0 0 0 0.939437 0 
0 0 0 0 0 0 0 0 0 0 0 0 0 0 0 0 0 0 0 0 0 0 0 0.244574 0 0 0 0 0 0 0 0 0 0 0 0 0 0 0 0.244574 0 0 0 0 0 0 0 0 0 0 0 0.244574 0 0.244574 0.244574 -2.39717 0 0 0 0 0 0 0 1.1743 
0 0 0 0 0 0 0 0 0 0 0 0 0 0 0 0 0 0 0 0 0 0 0 0 0.244574 0 0 0 0 0 0 0 0 0 0 0 0 0 0 0 0.244574 0 0 0 0 0 0 0 0.244574 0 0 0 0 0 0 0 -2.84745 0.704578 0.704578 0 0.704578 0 0 0 
0 0 0 0 0 0 0 0 0 0 0 0 0 0 0 0 0 0 0 0 0 0 0 0 0 0.244574 0 0 0 0 0 0 0 0 0 0 0 0 0 0 0 0.244574 0 0 0 0 0 0 0 0.244574 0 0 0 0 0 0 0.244574 -2.85717 0 0.939437 0 0.939437 0 0 
0 0 0 0 0 0 0 0 0 0 0 0 0 0 0 0 0 0 0 0 0 0 0 0 0 0 0.244574 0 0 0 0 0 0 0 0 0 0 0 0 0 0 0 0.244574 0 0 0 0 0 0 0 0.244574 0 0 0 0 0 0.244574 0 -2.85717 0.939437 0 0 0.939437 0 
0 0 0 0 0 0 0 0 0 0 0 0 0 0 0 0 0 0 0 0 0 0 0 0 0 0 0 0.244574 0 0 0 0 0 0 0 0 0 0 0 0 0 0 0 0.244574 0 0 0 0 0 0 0 0.244574 0 0 0 0 0 0.244574 0.244574 -2.39717 0 0 0 1.1743 
0 0 0 0 0 0 0 0 0 0 0 0 0 0 0 0 0 0 0 0 0 0 0 0 0 0 0 0 0.244574 0 0 0 0 0 0 0 0 0 0 0 0 0 0 0 0.244574 0 0 0 0 0 0 0 0.244574 0 0 0 0.244574 0 0 0 -2.85717 0.939437 0.939437 0 
0 0 0 0 0 0 0 0 0 0 0 0 0 0 0 0 0 0 0 0 0 0 0 0 0 0 0 0 0 0.244574 0 0 0 0 0 0 0 0 0 0 0 0 0 0 0 0.244574 0 0 0 0 0 0 0 0.244574 0 0 0 0.244574 0 0 0.244574 -2.39717 0 1.1743 
0 0 0 0 0 0 0 0 0 0 0 0 0 0 0 0 0 0 0 0 0 0 0 0 0 0 0 0 0 0 0.244574 0 0 0 0 0 0 0 0 0 0 0 0 0 0 0 0.244574 0 0 0 0 0 0 0 0.244574 0 0 0 0.244574 0 0.244574 0 -2.39717 1.1743 
0 0 0 0 0 0 0 0 0 0 0 0 0 0 0 0 0 0 0 0 0 0 0 0 0 0 0 0 0 0 0 0.244574 0 0 0 0 0 0 0 0 0 0 0 0 0 0 0 0.244574 0 0 0 0 0 0 0 0.244574 0 0 0 0.244574 0 0.244574 0.244574 -1.46744 
