32
-0 0 0 0 0 0 0 0 0 0 0 0 0 0 0 0 0 0 0 0 0 0 0 0 0 0 0 0 0 0 0 0 
0.218526 -1.1442 0 0.231419 0 0.231419 0 0 0 0.231419 0 0 0 0 0 0 0 0.231419 0 0 0 0 0 0 0 0 0 0 0 0 0 0 
0.218526 0 -1.1442 0.231419 0 0 0.231419 0 0 0 0.231419 0 0 0 0 0 0 0 0.231419 0 0 0 0 0 0 0 0 0 0 0 0 0 
0 0.218526 0.218526 -1.82557 0 0 0 0.462838 0 0 0 0.462838 0 0 0 0 0 0 0 0.462838 0 0 0 0 0 0 0 0 0 0 0 0 
0.218526 0 0 0 -1.1442 0.231419 0.231419 0 0 0 0 0 0.231419 0 0 0 0 0 0 0 0.231419 0 0 0 0 0 0 0 0 0 0 0 
0 0.218526 0 0 0.218526 -1.82557 0 0.462838 0 0 0 0 0 0.462838 0 0 0 0 0 0 0 0.462838 0 0 0 0 0 0 0 0 0 0 
0 0 0.218526 0 0.218526 0 -1.82557 0.462838 0 0 0 0 0 0 0.462838 0 0 0 0 0 0 0 0.462838 0 0 0 0 0 0 0 0 0 
0 0 0 0.218526 0 0.218526 0.218526 -2.04409 0 0 0 0 0 0 0 0.694257 0 0 0 0 0 0 0 0.694257 0 0 0 0 0 0 0 0 
0.218526 0 0 0 0 0 0 0 -1.1442 0.231419 0.231419 0 0.231419 0 0 0 0 0 0 0 0 0 0 0 0.231419 0 0 0 0 0 0 0 
0 0.218526 0 0 0 0 0 0 0.218526 -1.82557 0 0.462838 0 0.462838 0 0 0 0 0 0 0 0 0 0 0 0.462838 0 0 0 0 0 0 
0 0 0.218526 0 0 0 0 0 0.218526 0 -1.82557 0.462838 0 0 0.462838 0 0 0 0 0 0 0 0 0 0 0 0.462838 0 0 0 0 0 
0 0 0 0.218526 0 0 0 0 0 0.218526 0.218526 -2.04409 0 0 0 0.694257 0 0 0 0 0 0 0 0 0 0 0 0.694257 0 0 0 0 
0 0 0 0 0.218526 0 0 0 0.218526 0 0 0 -1.82557 0.462838 0.462838 0 0 0 0 0 0 0 0 0 0 0 0 0 0.462838 0 0 0 
0 0 0 0 0 0.218526 0 0 0 0.218526 0 0 0.218526 -2.04409 0 0.694257 0 0 0 0 0 0 0 0 0 0 0 0 0 0.694257 0 0 
0 0 0 0 0 0 0.218526 0 0 0 0.218526 0 0.218526 0 -2.04409 0.694257 0 0 0 0 0 0 0 0 0 0 0 0 0 0 0.694257 0 
0 0 0 0 0 0 0 0.218526 0 0 0 0.218526 0 0.218526 0.218526 -1.79978 0 0 0 0 0 0 0 0 0 0 0 0 0 0 0 0.925675 
0.218526 0 0 0 0 0 0 0 0 0 0 0 0 0 0 0 -1.1442 0.231419 0.231419 0 0.231419 0 0 0 0.231419 0 0 0 0 0 0 0 
0 0.218526 0 0 0 0 0 0 0 0 0 0 0 0 0 0 0.218526 -1.82557 0 0.462838 0 0.462838 0 0 0 0.462838 0 0 0 0 0 0 
0 0 0.218526 0 0 0 0 0 0 0 0 0 0 0 0 0 0.218526 0 -1.82557 0.462838 0 0 0.462838 0 0 0 0.462838 0 0 0 0 0 
0 0 0 0.218526 0 0 0 0 0 0 0 0 0 0 0 0 0 0.218526 0.218526 -2.04409 0 0 0 0.694257 0 0 0 0.694257 0 0 0 0 
0 0 0 0 0.218526 0 0 0 0 0 0 0 0 0 0 0 0.218526 0 0 0 -1.82557 0.462838 0.462838 0 0 0 0 0 0.462838 0 0 0 
0 0 0 0 0 0.218526 0 0 0 0 0 0 0 0 0 0 0 0.218526 0 0 0.218526 -2.04409 0 0.694257 0 0 0 0 0 0.694257 0 0 
0 0 0 0 0 0 0.218526 0 0 0 0 0 0 0 0 0 0 0 0.218526 0 0.218526 0 -2.04409 0.694257 0 0 0 0 0 0 0.694257 0 
0 0 0 0 0 0 0 0.218526 0 0 0 0 0 0 0 0 0 0 0 0.218526 0 0.218526 0.218526 -1.79978 0 0 0 0 0 0 0 0.925675 
0 0 0 0 0 0 0 0 0.218526 0 0 0 0 0 0 0 0.218526 0 0 0 0 0 0 0 -1.82557 0.462838 0.462838 0 0.462838 0 0 0 
0 0 0 0 0 0 0 0 0 0.218526 0 0 0 0 0 0 0 0.218526 0 0 0 0 0 0 0.218526 -2.04409 0 0.694257 0 0.694257 0 0 
0 0 0 0 0 0 0 0 0 0 0.218526 0 0 0 0 0 0 0 0.218526 0 0 0 0 0 0.218526 0 -2.04409 0.694257 0 0 0.694257 0 
0 0 0 0 0 0 0 0 0 0 0 0.218526 0 0 0 0 0 0 0 0.218526 0 0 0 0 0 0.218526 0.218526 -1.79978 0 0 0 0.925675 
0 0 0 0 0 0 0 0 0 0 0 0 0.218526 0 0 0 0 0 0 0 0.218526 0 0 0 0.218526 0 0 0 -2.04409 0.694257 0.694257 0 
0 0 0 0 0 0 0 0 0 0 0 0 0 0.218526 0 0 0 0 0 0 0 0.218526 0 0 0 0.218526 0 0 0.218526 -1.79978 0 0.925675 
0 0 0 0 0 0 0 0 0 0 0 0 0 0 0.218526 0 0 0 0 0 0 0 0.218526 0 0 0 0.218526 0 0.218526 0 -1.79978 0.925675 
0 0 0 0 0 0 0 0 0 0 0 0 0 0 0 0.218526 0 0 0 0 0 0 0 0.218526 0 0 0 0.218526 0 0.218526 0.218526 -1.09263 
