32
-0 0 0 0 0 0 0 0 0 0 0 0 0 0 0 0 0 0 0 0 0 0 0 0 0 0 0 0 0 0 0 0 
0.225684 -1.25681 0 0.257782 0 0.257782 0 0 0 0.257782 0 0 0 0 0 0 0 0.257782 0 0 0 0 0 0 0 0 0 0 0 0 0 0 
0.225684 0 -1.25681 0.257782 0 0 0.257782 0 0 0 0.257782 0 0 0 0 0 0 0 0.257782 0 0 0 0 0 0 0 0 0 0 0 0 0 
0 0.225684 0.225684 -1.99806 0 0 0 0.515565 0 0 0 0.515565 0 0 0 0 0 0 0 0.515565 0 0 0 0 0 0 0 0 0 0 0 0 
0.225684 0 0 0 -1.25681 0.257782 0.257782 0 0 0 0 0 0.257782 0 0 0 0 0 0 0 0.257782 0 0 0 0 0 0 0 0 0 0 0 
0 0.225684 0 0 0.225684 -1.99806 0 0.515565 0 0 0 0 0 0.515565 0 0 0 0 0 0 0 0.515565 0 0 0 0 0 0 0 0 0 0 
0 0 0.225684 0 0.225684 0 -1.99806 0.515565 0 0 0 0 0 0 0.515565 0 0 0 0 0 0 0 0.515565 0 0 0 0 0 0 0 0 0 
0 0 0 0.225684 0 0.225684 0.225684 -2.22375 0 0 0 0 0 0 0 0.773347 0 0 0 0 0 0 0 0.773347 0 0 0 0 0 0 0 0 
0.225684 0 0 0 0 0 0 0 -1.25681 0.257782 0.257782 0 0.257782 0 0 0 0 0 0 0 0 0 0 0 0.257782 0 0 0 0 0 0 0 
0 0.225684 0 0 0 0 0 0 0.225684 -1.99806 0 0.515565 0 0.515565 0 0 0 0 0 0 0 0 0 0 0 0.515565 0 0 0 0 0 0 
0 0 0.225684 0 0 0 0 0 0.225684 0 -1.99806 0.515565 0 0 0.515565 0 0 0 0 0 0 0 0 0 0 0 0.515565 0 0 0 0 0 
0 0 0 0.225684 0 0 0 0 0 0.225684 0.225684 -2.22375 0 0 0 0.773347 0 0 0 0 0 0 0 0 0 0 0 0.773347 0 0 0 0 
0 0 0 0 0.225684 0 0 0 0.225684 0 0 0 -1.99806 0.515565 0.515565 0 0 0 0 0 0 0 0 0 0 0 0 0 0.515565 0 0 0 
0 0 0 0 0 0.225684 0 0 0 0.225684 0 0 0.225684 -2.22375 0 0.773347 0 0 0 0 0 0 0 0 0 0 0 0 0 0.773347 0 0 
0 0 0 0 0 0 0.225684 0 0 0 0.225684 0 0.225684 0 -2.22375 0.773347 0 0 0 0 0 0 0 0 0 0 0 0 0 0 0.773347 0 
0 0 0 0 0 0 0 0.225684 0 0 0 0.225684 0 0.225684 0.225684 -1.93386 0 0 0 0 0 0 0 0 0 0 0 0 0 0 0 1.03113 
0.225684 0 0 0 0 0 0 0 0 0 0 0 0 0 0 0 -1.25681 0.257782 0.257782 0 0.257782 0 0 0 0.257782 0 0 0 0 0 0 0 
0 0.225684 0 0 0 0 0 0 0 0 0 0 0 0 0 0 0.225684 -1.99806 0 0.515565 0 0.515565 0 0 0 0.515565 0 0 0 0 0 0 
0 0 0.225684 0 0 0 0 0 0 0 0 0 0 0 0 0 0.225684 0 -1.99806 0.515565 0 0 0.515565 0 0 0 0.515565 0 0 0 0 0 
0 0 0 0.225684 0 0 0 0 0 0 0 0 0 0 0 0 0 0.225684 0.225684 -2.22375 0 0 0 0.773347 0 0 0 0.773347 0 0 0 0 
0 0 0 0 0.225684 0 0 0 0 0 0 0 0 0 0 0 0.225684 0 0 0 -1.99806 0.515565 0.515565 0 0 0 0 0 0.515565 0 0 0 
0 0 0 0 0 0.225684 0 0 0 0 0 0 0 0 0 0 0 0.225684 0 0 0.225684 -2.22375 0 0.773347 0 0 0 0 0 0.773347 0 0 
0 0 0 0 0 0 0.225684 0 0 0 0 0 0 0 0 0 0 0 0.225684 0 0.225684 0 -2.22375 0.773347 0 0 0 0 0 0 0.773347 0 
0 0 0 0 0 0 0 0.225684 0 0 0 0 0 0 0 0 0 0 0 0.225684 0 0.225684 0.225684 -1.93386 0 0 0 0 0 0 0 1.03113 
0 0 0 0 0 0 0 0 0.225684 0 0 0 0 0 0 0 0.225684 0 0 0 0 0 0 0 -1.99806 0.515565 0.515565 0 0.515565 0 0 0 
0 0 0 0 0 0 0 0 0 0.225684 0 0 0 0 0 0 0 0.225684 0 0 0 0 0 0 0.225684 -2.22375 0 0.773347 0 0.773347 0 0 
0 0 0 0 0 0 0 0 0 0 0.225684 0 0 0 0 0 0 0 0.225684 0 0 0 0 0 0.225684 0 -2.22375 0.773347 0 0 0.773347 0 
0 0 0 0 0 0 0 0 0 0 0 0.225684 0 0 0 0 0 0 0 0.225684 0 0 0 0 0 0.225684 0.225684 -1.93386 0 0 0 1.03113 
0 0 0 0 0 0 0 0 0 0 0 0 0.225684 0 0 0 0 0 0 0 0.225684 0 0 0 0.225684 0 0 0 -2.22375 0.773347 0.773347 0 
0 0 0 0 0 0 0 0 0 0 0 0 0 0.225684 0 0 0 0 0 0 0 0.225684 0 0 0 0.225684 0 0 0.225684 -1.93386 0 1.03113 
0 0 0 0 0 0 0 0 0 0 0 0 0 0 0.225684 0 0 0 0 0 0 0 0.225684 0 0 0 0.225684 0 0.225684 0 -1.93386 1.03113 
0 0 0 0 0 0 0 0 0 0 0 0 0 0 0 0.225684 0 0 0 0 0 0 0 0.225684 0 0 0 0.225684 0 0.225684 0.225684 -1.12842 
