64
-0 0 0 0 0 0 0 0 0 0 0 0 0 0 0 0 0 0 0 0 0 0 0 0 0 0 0 0 0 0 0 0 0 0 0 0 0 0 0 0 0 0 0 0 0 0 0 0 0 0 0 0 0 0 0 0 0 0 0 0 0 0 0 0 
0.75945 -3.55028 0 0.558166 0 0.558166 0 0 0 0.558166 0 0 0 0 0 0 0 0.558166 0 0 0 0 0 0 0 0 0 0 0 0 0 0 0 0.558166 0 0 0 0 0 0 0 0 0 0 0 0 0 0 0 0 0 0 0 0 0 0 0 0 0 0 0 0 0 0 
0.75945 0 -3.55028 0.558166 0 0 0.558166 0 0 0 0.558166 0 0 0 0 0 0 0 0.558166 0 0 0 0 0 0 0 0 0 0 0 0 0 0 0 0.558166 0 0 0 0 0 0 0 0 0 0 0 0 0 0 0 0 0 0 0 0 0 0 0 0 0 0 0 0 0 
0 0.75945 0.75945 -5.98423 0 0 0 1.11633 0 0 0 1.11633 0 0 0 0 0 0 0 1.11633 0 0 0 0 0 0 0 0 0 0 0 0 0 0 0 1.11633 0 0 0 0 0 0 0 0 0 0 0 0 0 0 0 0 0 0 0 0 0 0 0 0 0 0 0 0 
0.75945 0 0 0 -3.55028 0.558166 0.558166 0 0 0 0 0 0.558166 0 0 0 0 0 0 0 0.558166 0 0 0 0 0 0 0 0 0 0 0 0 0 0 0 0.558166 0 0 0 0 0 0 0 0 0 0 0 0 0 0 0 0 0 0 0 0 0 0 0 0 0 0 0 
0 0.75945 0 0 0.75945 -5.98423 0 1.11633 0 0 0 0 0 1.11633 0 0 0 0 0 0 0 1.11633 0 0 0 0 0 0 0 0 0 0 0 0 0 0 0 1.11633 0 0 0 0 0 0 0 0 0 0 0 0 0 0 0 0 0 0 0 0 0 0 0 0 0 0 
0 0 0.75945 0 0.75945 0 -5.98423 1.11633 0 0 0 0 0 0 1.11633 0 0 0 0 0 0 0 1.11633 0 0 0 0 0 0 0 0 0 0 0 0 0 0 0 1.11633 0 0 0 0 0 0 0 0 0 0 0 0 0 0 0 0 0 0 0 0 0 0 0 0 0 
0 0 0 0.75945 0 0.75945 0.75945 -7.30184 0 0 0 0 0 0 0 1.6745 0 0 0 0 0 0 0 1.6745 0 0 0 0 0 0 0 0 0 0 0 0 0 0 0 1.6745 0 0 0 0 0 0 0 0 0 0 0 0 0 0 0 0 0 0 0 0 0 0 0 0 
0.75945 0 0 0 0 0 0 0 -3.55028 0.558166 0.558166 0 0.558166 0 0 0 0 0 0 0 0 0 0 0 0.558166 0 0 0 0 0 0 0 0 0 0 0 0 0 0 0 0.558166 0 0 0 0 0 0 0 0 0 0 0 0 0 0 0 0 0 0 0 0 0 0 0 
0 0.75945 0 0 0 0 0 0 0.75945 -5.98423 0 1.11633 0 1.11633 0 0 0 0 0 0 0 0 0 0 0 1.11633 0 0 0 0 0 0 0 0 0 0 0 0 0 0 0 1.11633 0 0 0 0 0 0 0 0 0 0 0 0 0 0 0 0 0 0 0 0 0 0 
0 0 0.75945 0 0 0 0 0 0.75945 0 -5.98423 1.11633 0 0 1.11633 0 0 0 0 0 0 0 0 0 0 0 1.11633 0 0 0 0 0 0 0 0 0 0 0 0 0 0 0 1.11633 0 0 0 0 0 0 0 0 0 0 0 0 0 0 0 0 0 0 0 0 0 
0 0 0 0.75945 0 0 0 0 0 0.75945 0.75945 -7.30184 0 0 0 1.6745 0 0 0 0 0 0 0 0 0 0 0 1.6745 0 0 0 0 0 0 0 0 0 0 0 0 0 0 0 1.6745 0 0 0 0 0 0 0 0 0 0 0 0 0 0 0 0 0 0 0 0 
0 0 0 0 0.75945 0 0 0 0.75945 0 0 0 -5.98423 1.11633 1.11633 0 0 0 0 0 0 0 0 0 0 0 0 0 1.11633 0 0 0 0 0 0 0 0 0 0 0 0 0 0 0 1.11633 0 0 0 0 0 0 0 0 0 0 0 0 0 0 0 0 0 0 0 
0 0 0 0 0 0.75945 0 0 0 0.75945 0 0 0.75945 -7.30184 0 1.6745 0 0 0 0 0 0 0 0 0 0 0 0 0 1.6745 0 0 0 0 0 0 0 0 0 0 0 0 0 0 0 1.6745 0 0 0 0 0 0 0 0 0 0 0 0 0 0 0 0 0 0 
0 0 0 0 0 0 0.75945 0 0 0 0.75945 0 0.75945 0 -7.30184 1.6745 0 0 0 0 0 0 0 0 0 0 0 0 0 0 1.6745 0 0 0 0 0 0 0 0 0 0 0 0 0 0 0 1.6745 0 0 0 0 0 0 0 0 0 0 0 0 0 0 0 0 0 
0 0 0 0 0 0 0 0.75945 0 0 0 0.75945 0 0.75945 0.75945 -7.50313 0 0 0 0 0 0 0 0 0 0 0 0 0 0 0 2.23266 0 0 0 0 0 0 0 0 0 0 0 0 0 0 0 2.23266 0 0 0 0 0 0 0 0 0 0 0 0 0 0 0 0 
0.75945 0 0 0 0 0 0 0 0 0 0 0 0 0 0 0 -3.55028 0.558166 0.558166 0 0.558166 0 0 0 0.558166 0 0 0 0 0 0 0 0 0 0 0 0 0 0 0 0 0 0 0 0 0 0 0 0.558166 0 0 0 0 0 0 0 0 0 0 0 0 0 0 0 
0 0.75945 0 0 0 0 0 0 0 0 0 0 0 0 0 0 0.75945 -5.98423 0 1.11633 0 1.11633 0 0 0 1.11633 0 0 0 0 0 0 0 0 0 0 0 0 0 0 0 0 0 0 0 0 0 0 0 1.11633 0 0 0 0 0 0 0 0 0 0 0 0 0 0 
0 0 0.75945 0 0 0 0 0 0 0 0 0 0 0 0 0 0.75945 0 -5.98423 1.11633 0 0 1.11633 0 0 0 1.11633 0 0 0 0 0 0 0 0 0 0 0 0 0 0 0 0 0 0 0 0 0 0 0 1.11633 0 0 0 0 0 0 0 0 0 0 0 0 0 
0 0 0 0.75945 0 0 0 0 0 0 0 0 0 0 0 0 0 0.75945 0.75945 -7.30184 0 0 0 1.6745 0 0 0 1.6745 0 0 0 0 0 0 0 0 0 0 0 0 0 0 0 0 0 0 0 0 0 0 0 1.6745 0 0 0 0 0 0 0 0 0 0 0 0 
0 0 0 0 0.75945 0 0 0 0 0 0 0 0 0 0 0 0.75945 0 0 0 -5.98423 1.11633 1.11633 0 0 0 0 0 1.11633 0 0 0 0 0 0 0 0 0 0 0 0 0 0 0 0 0 0 0 0 0 0 0 1.11633 0 0 0 0 0 0 0 0 0 0 0 
0 0 0 0 0 0.75945 0 0 0 0 0 0 0 0 0 0 0 0.75945 0 0 0.75945 -7.30184 0 1.6745 0 0 0 0 0 1.6745 0 0 0 0 0 0 0 0 0 0 0 0 0 0 0 0 0 0 0 0 0 0 0 1.6745 0 0 0 0 0 0 0 0 0 0 
0 0 0 0 0 0 0.75945 0 0 0 0 0 0 0 0 0 0 0 0.75945 0 0.75945 0 -7.30184 1.6745 0 0 0 0 0 0 1.6745 0 0 0 0 0 0 0 0 0 0 0 0 0 0 0 0 0 0 0 0 0 0 0 1.6745 0 0 0 0 0 0 0 0 0 
0 0 0 0 0 0 0 0.75945 0 0 0 0 0 0 0 0 0 0 0 0.75945 0 0.75945 0.75945 -7.50313 0 0 0 0 0 0 0 2.23266 0 0 0 0 0 0 0 0 0 0 0 0 0 0 0 0 0 0 0 0 0 0 0 2.23266 0 0 0 0 0 0 0 0 
0 0 0 0 0 0 0 0 0.75945 0 0 0 0 0 0 0 0.75945 0 0 0 0 0 0 0 -5.98423 1.11633 1.11633 0 1.11633 0 0 0 0 0 0 0 0 0 0 0 0 0 0 0 0 0 0 0 0 0 0 0 0 0 0 0 1.11633 0 0 0 0 0 0 0 
0 0 0 0 0 0 0 0 0 0.75945 0 0 0 0 0 0 0 0.75945 0 0 0 0 0 0 0.75945 -7.30184 0 1.6745 0 1.6745 0 0 0 0 0 0 0 0 0 0 0 0 0 0 0 0 0 0 0 0 0 0 0 0 0 0 0 1.6745 0 0 0 0 0 0 
0 0 0 0 0 0 0 0 0 0 0.75945 0 0 0 0 0 0 0 0.75945 0 0 0 0 0 0.75945 0 -7.30184 1.6745 0 0 1.6745 0 0 0 0 0 0 0 0 0 0 0 0 0 0 0 0 0 0 0 0 0 0 0 0 0 0 0 1.6745 0 0 0 0 0 
0 0 0 0 0 0 0 0 0 0 0 0.75945 0 0 0 0 0 0 0 0.75945 0 0 0 0 0 0.75945 0.75945 -7.50313 0 0 0 2.23266 0 0 0 0 0 0 0 0 0 0 0 0 0 0 0 0 0 0 0 0 0 0 0 0 0 0 0 2.23266 0 0 0 0 
0 0 0 0 0 0 0 0 0 0 0 0 0.75945 0 0 0 0 0 0 0 0.75945 0 0 0 0.75945 0 0 0 -7.30184 1.6745 1.6745 0 0 0 0 0 0 0 0 0 0 0 0 0 0 0 0 0 0 0 0 0 0 0 0 0 0 0 0 0 1.6745 0 0 0 
0 0 0 0 0 0 0 0 0 0 0 0 0 0.75945 0 0 0 0 0 0 0 0.75945 0 0 0 0.75945 0 0 0.75945 -7.50313 0 2.23266 0 0 0 0 0 0 0 0 0 0 0 0 0 0 0 0 0 0 0 0 0 0 0 0 0 0 0 0 0 2.23266 0 0 
0 0 0 0 0 0 0 0 0 0 0 0 0 0 0.75945 0 0 0 0 0 0 0 0.75945 0 0 0 0.75945 0 0.75945 0 -7.50313 2.23266 0 0 0 0 0 0 0 0 0 0 0 0 0 0 0 0 0 0 0 0 0 0 0 0 0 0 0 0 0 0 2.23266 0 
0 0 0 0 0 0 0 0 0 0 0 0 0 0 0 0.75945 0 0 0 0 0 0 0 0.75945 0 0 0 0.75945 0 0.75945 0.75945 -6.58808 0 0 0 0 0 0 0 0 0 0 0 0 0 0 0 0 0 0 0 0 0 0 0 0 0 0 0 0 0 0 0 2.79083 
0.75945 0 0 0 0 0 0 0 0 0 0 0 0 0 0 0 0 0 0 0 0 0 0 0 0 0 0 0 0 0 0 0 -3.55028 0.558166 0.558166 0 0.558166 0 0 0 0.558166 0 0 0 0 0 0 0 0.558166 0 0 0 0 0 0 0 0 0 0 0 0 0 0 0 
0 0.75945 0 0 0 0 0 0 0 0 0 0 0 0 0 0 0 0 0 0 0 0 0 0 0 0 0 0 0 0 0 0 0.75945 -5.98423 0 1.11633 0 1.11633 0 0 0 1.11633 0 0 0 0 0 0 0 1.11633 0 0 0 0 0 0 0 0 0 0 0 0 0 0 
0 0 0.75945 0 0 0 0 0 0 0 0 0 0 0 0 0 0 0 0 0 0 0 0 0 0 0 0 0 0 0 0 0 0.75945 0 -5.98423 1.11633 0 0 1.11633 0 0 0 1.11633 0 0 0 0 0 0 0 1.11633 0 0 0 0 0 0 0 0 0 0 0 0 0 
0 0 0 0.75945 0 0 0 0 0 0 0 0 0 0 0 0 0 0 0 0 0 0 0 0 0 0 0 0 0 0 0 0 0 0.75945 0.75945 -7.30184 0 0 0 1.6745 0 0 0 1.6745 0 0 0 0 0 0 0 1.6745 0 0 0 0 0 0 0 0 0 0 0 0 
0 0 0 0 0.75945 0 0 0 0 0 0 0 0 0 0 0 0 0 0 0 0 0 0 0 0 0 0 0 0 0 0 0 0.75945 0 0 0 -5.98423 1.11633 1.11633 0 0 0 0 0 1.11633 0 0 0 0 0 0 0 1.11633 0 0 0 0 0 0 0 0 0 0 0 
0 0 0 0 0 0.75945 0 0 0 0 0 0 0 0 0 0 0 0 0 0 0 0 0 0 0 0 0 0 0 0 0 0 0 0.75945 0 0 0.75945 -7.30184 0 1.6745 0 0 0 0 0 1.6745 0 0 0 0 0 0 0 1.6745 0 0 0 0 0 0 0 0 0 0 
0 0 0 0 0 0 0.75945 0 0 0 0 0 0 0 0 0 0 0 0 0 0 0 0 0 0 0 0 0 0 0 0 0 0 0 0.75945 0 0.75945 0 -7.30184 1.6745 0 0 0 0 0 0 1.6745 0 0 0 0 0 0 0 1.6745 0 0 0 0 0 0 0 0 0 
0 0 0 0 0 0 0 0.75945 0 0 0 0 0 0 0 0 0 0 0 0 0 0 0 0 0 0 0 0 0 0 0 0 0 0 0 0.75945 0 0.75945 0.75945 -7.50313 0 0 0 0 0 0 0 2.23266 0 0 0 0 0 0 0 2.23266 0 0 0 0 0 0 0 0 
0 0 0 0 0 0 0 0 0.75945 0 0 0 0 0 0 0 0 0 0 0 0 0 0 0 0 0 0 0 0 0 0 0 0.75945 0 0 0 0 0 0 0 -5.98423 1.11633 1.11633 0 1.11633 0 0 0 0 0 0 0 0 0 0 0 1.11633 0 0 0 0 0 0 0 
0 0 0 0 0 0 0 0 0 0.75945 0 0 0 0 0 0 0 0 0 0 0 0 0 0 0 0 0 0 0 0 0 0 0 0.75945 0 0 0 0 0 0 0.75945 -7.30184 0 1.6745 0 1.6745 0 0 0 0 0 0 0 0 0 0 0 1.6745 0 0 0 0 0 0 
0 0 0 0 0 0 0 0 0 0 0.75945 0 0 0 0 0 0 0 0 0 0 0 0 0 0 0 0 0 0 0 0 0 0 0 0.75945 0 0 0 0 0 0.75945 0 -7.30184 1.6745 0 0 1.6745 0 0 0 0 0 0 0 0 0 0 0 1.6745 0 0 0 0 0 
0 0 0 0 0 0 0 0 0 0 0 0.75945 0 0 0 0 0 0 0 0 0 0 0 0 0 0 0 0 0 0 0 0 0 0 0 0.75945 0 0 0 0 0 0.75945 0.75945 -7.50313 0 0 0 2.23266 0 0 0 0 0 0 0 0 0 0 0 2.23266 0 0 0 0 
0 0 0 0 0 0 0 0 0 0 0 0 0.75945 0 0 0 0 0 0 0 0 0 0 0 0 0 0 0 0 0 0 0 0 0 0 0 0.75945 0 0 0 0.75945 0 0 0 -7.30184 1.6745 1.6745 0 0 0 0 0 0 0 0 0 0 0 0 0 1.6745 0 0 0 
0 0 0 0 0 0 0 0 0 0 0 0 0 0.75945 0 0 0 0 0 0 0 0 0 0 0 0 0 0 0 0 0 0 0 0 0 0 0 0.75945 0 0 0 0.75945 0 0 0.75945 -7.50313 0 2.23266 0 0 0 0 0 0 0 0 0 0 0 0 0 2.23266 0 0 
0 0 0 0 0 0 0 0 0 0 0 0 0 0 0.75945 0 0 0 0 0 0 0 0 0 0 0 0 0 0 0 0 0 0 0 0 0 0 0 0.75945 0 0 0 0.75945 0 0.75945 0 -7.50313 2.23266 0 0 0 0 0 0 0 0 0 0 0 0 0 0 2.23266 0 
0 0 0 0 0 0 0 0 0 0 0 0 0 0 0 0.75945 0 0 0 0 0 0 0 0 0 0 0 0 0 0 0 0 0 0 0 0 0 0 0 0.75945 0 0 0 0.75945 0 0.75945 0.75945 -6.58808 0 0 0 0 0 0 0 0 0 0 0 0 0 0 0 2.79083 
0 0 0 0 0 0 0 0 0 0 0 0 0 0 0 0 0.75945 0 0 0 0 0 0 0 0 0 0 0 0 0 0 0 0.75945 0 0 0 0 0 0 0 0 0 0 0 0 0 0 0 -5.98423 1.11633 1.11633 0 1.11633 0 0 0 1.11633 0 0 0 0 0 0 0 
0 0 0 0 0 0 0 0 0 0 0 0 0 0 0 0 0 0.75945 0 0 0 0 0 0 0 0 0 0 0 0 0 0 0 0.75945 0 0 0 0 0 0 0 0 0 0 0 0 0 0 0.75945 -7.30184 0 1.6745 0 1.6745 0 0 0 1.6745 0 0 0 0 0 0 
0 0 0 0 0 0 0 0 0 0 0 0 0 0 0 0 0 0 0.75945 0 0 0 0 0 0 0 0 0 0 0 0 0 0 0 0.75945 0 0 0 0 0 0 0 0 0 0 0 0 0 0.75945 0 -7.30184 1.6745 0 0 1.6745 0 0 0 1.6745 0 0 0 0 0 
0 0 0 0 0 0 0 0 0 0 0 0 0 0 0 0 0 0 0 0.75945 0 0 0 0 0 0 0 0 0 0 0 0 0 0 0 0.75945 0 0 0 0 0 0 0 0 0 0 0 0 0 0.75945 0.75945 -7.50313 0 0 0 2.23266 0 0 0 2.23266 0 0 0 0 
0 0 0 0 0 0 0 0 0 0 0 0 0 0 0 0 0 0 0 0 0.75945 0 0 0 0 0 0 0 0 0 0 0 0 0 0 0 0.75945 0 0 0 0 0 0 0 0 0 0 0 0.75945 0 0 0 -7.30184 1.6745 1.6745 0 0 0 0 0 1.6745 0 0 0 
0 0 0 0 0 0 0 0 0 0 0 0 0 0 0 0 0 0 0 0 0 0.75945 0 0 0 0 0 0 0 0 0 0 0 0 0 0 0 0.75945 0 0 0 0 0 0 0 0 0 0 0 0.75945 0 0 0.75945 -7.50313 0 2.23266 0 0 0 0 0 2.23266 0 0 
0 0 0 0 0 0 0 0 0 0 0 0 0 0 0 0 0 0 0 0 0 0 0.75945 0 0 0 0 0 0 0 0 0 0 0 0 0 0 0 0.75945 0 0 0 0 0 0 0 0 0 0 0 0.75945 0 0.75945 0 -7.50313 2.23266 0 0 0 0 0 0 2.23266 0 
0 0 0 0 0 0 0 0 0 0 0 0 0 0 0 0 0 0 0 0 0 0 0 0.75945 0 0 0 0 0 0 0 0 0 0 0 0 0 0 0 0.75945 0 0 0 0 0 0 0 0 0 0 0 0.75945 0 0.75945 0.75945 -6.58808 0 0 0 0 0 0 0 2.79083 
0 0 0 0 0 0 0 0 0 0 0 0 0 0 0 0 0 0 0 0 0 0 0 0 0.75945 0 0 0 0 0 0 0 0 0 0 0 0 0 0 0 0.75945 0 0 0 0 0 0 0 0.75945 0 0 0 0 0 0 0 -7.30184 1.6745 1.6745 0 1.6745 0 0 0 
0 0 0 0 0 0 0 0 0 0 0 0 0 0 0 0 0 0 0 0 0 0 0 0 0 0.75945 0 0 0 0 0 0 0 0 0 0 0 0 0 0 0 0.75945 0 0 0 0 0 0 0 0.75945 0 0 0 0 0 0 0.75945 -7.50313 0 2.23266 0 2.23266 0 0 
0 0 0 0 0 0 0 0 0 0 0 0 0 0 0 0 0 0 0 0 0 0 0 0 0 0 0.75945 0 0 0 0 0 0 0 0 0 0 0 0 0 0 0 0.75945 0 0 0 0 0 0 0 0.75945 0 0 0 0 0 0.75945 0 -7.50313 2.23266 0 0 2.23266 0 
0 0 0 0 0 0 0 0 0 0 0 0 0 0 0 0 0 0 0 0 0 0 0 0 0 0 0 0.75945 0 0 0 0 0 0 0 0 0 0 0 0 0 0 0 0.75945 0 0 0 0 0 0 0 0.75945 0 0 0 0 0 0.75945 0.75945 -6.58808 0 0 0 2.79083 
0 0 0 0 0 0 0 0 0 0 0 0 0 0 0 0 0 0 0 0 0 0 0 0 0 0 0 0 0.75945 0 0 0 0 0 0 0 0 0 0 0 0 0 0 0 0.75945 0 0 0 0 0 0 0 0.75945 0 0 0 0.75945 0 0 0 -7.50313 2.23266 2.23266 0 
0 0 0 0 0 0 0 0 0 0 0 0 0 0 0 0 0 0 0 0 0 0 0 0 0 0 0 0 0 0.75945 0 0 0 0 0 0 0 0 0 0 0 0 0 0 0 0.75945 0 0 0 0 0 0 0 0.75945 0 0 0 0.75945 0 0 0.75945 -6.58808 0 2.79083 
0 0 0 0 0 0 0 0 0 0 0 0 0 0 0 0 0 0 0 0 0 0 0 0 0 0 0 0 0 0 0.75945 0 0 0 0 0 0 0 0 0 0 0 0 0 0 0 0.75945 0 0 0 0 0 0 0 0.75945 0 0 0 0.75945 0 0.75945 0 -6.58808 2.79083 
0 0 0 0 0 0 0 0 0 0 0 0 0 0 0 0 0 0 0 0 0 0 0 0 0 0 0 0 0 0 0 0.75945 0 0 0 0 0 0 0 0 0 0 0 0 0 0 0 0.75945 0 0 0 0 0 0 0 0.75945 0 0 0 0.75945 0 0.75945 0.75945 -4.5567 
