64
-0 0 0 0 0 0 0 0 0 0 0 0 0 0 0 0 0 0 0 0 0 0 0 0 0 0 0 0 0 0 0 0 0 0 0 0 0 0 0 0 0 0 0 0 0 0 0 0 0 0 0 0 0 0 0 0 0 0 0 0 0 0 0 0 
0.556444 -2.88596 0 0.465903 0 0.465903 0 0 0 0.465903 0 0 0 0 0 0 0 0.465903 0 0 0 0 0 0 0 0 0 0 0 0 0 0 0 0.465903 0 0 0 0 0 0 0 0 0 0 0 0 0 0 0 0 0 0 0 0 0 0 0 0 0 0 0 0 0 0 
0.556444 0 -2.88596 0.465903 0 0 0.465903 0 0 0 0.465903 0 0 0 0 0 0 0 0.465903 0 0 0 0 0 0 0 0 0 0 0 0 0 0 0 0.465903 0 0 0 0 0 0 0 0 0 0 0 0 0 0 0 0 0 0 0 0 0 0 0 0 0 0 0 0 0 
0 0.556444 0.556444 -4.84012 0 0 0 0.931807 0 0 0 0.931807 0 0 0 0 0 0 0 0.931807 0 0 0 0 0 0 0 0 0 0 0 0 0 0 0 0.931807 0 0 0 0 0 0 0 0 0 0 0 0 0 0 0 0 0 0 0 0 0 0 0 0 0 0 0 0 
0.556444 0 0 0 -2.88596 0.465903 0.465903 0 0 0 0 0 0.465903 0 0 0 0 0 0 0 0.465903 0 0 0 0 0 0 0 0 0 0 0 0 0 0 0 0.465903 0 0 0 0 0 0 0 0 0 0 0 0 0 0 0 0 0 0 0 0 0 0 0 0 0 0 0 
0 0.556444 0 0 0.556444 -4.84012 0 0.931807 0 0 0 0 0 0.931807 0 0 0 0 0 0 0 0.931807 0 0 0 0 0 0 0 0 0 0 0 0 0 0 0 0.931807 0 0 0 0 0 0 0 0 0 0 0 0 0 0 0 0 0 0 0 0 0 0 0 0 0 0 
0 0 0.556444 0 0.556444 0 -4.84012 0.931807 0 0 0 0 0 0 0.931807 0 0 0 0 0 0 0 0.931807 0 0 0 0 0 0 0 0 0 0 0 0 0 0 0 0.931807 0 0 0 0 0 0 0 0 0 0 0 0 0 0 0 0 0 0 0 0 0 0 0 0 0 
0 0 0 0.556444 0 0.556444 0.556444 -5.86246 0 0 0 0 0 0 0 1.39771 0 0 0 0 0 0 0 1.39771 0 0 0 0 0 0 0 0 0 0 0 0 0 0 0 1.39771 0 0 0 0 0 0 0 0 0 0 0 0 0 0 0 0 0 0 0 0 0 0 0 0 
0.556444 0 0 0 0 0 0 0 -2.88596 0.465903 0.465903 0 0.465903 0 0 0 0 0 0 0 0 0 0 0 0.465903 0 0 0 0 0 0 0 0 0 0 0 0 0 0 0 0.465903 0 0 0 0 0 0 0 0 0 0 0 0 0 0 0 0 0 0 0 0 0 0 0 
0 0.556444 0 0 0 0 0 0 0.556444 -4.84012 0 0.931807 0 0.931807 0 0 0 0 0 0 0 0 0 0 0 0.931807 0 0 0 0 0 0 0 0 0 0 0 0 0 0 0 0.931807 0 0 0 0 0 0 0 0 0 0 0 0 0 0 0 0 0 0 0 0 0 0 
0 0 0.556444 0 0 0 0 0 0.556444 0 -4.84012 0.931807 0 0 0.931807 0 0 0 0 0 0 0 0 0 0 0 0.931807 0 0 0 0 0 0 0 0 0 0 0 0 0 0 0 0.931807 0 0 0 0 0 0 0 0 0 0 0 0 0 0 0 0 0 0 0 0 0 
0 0 0 0.556444 0 0 0 0 0 0.556444 0.556444 -5.86246 0 0 0 1.39771 0 0 0 0 0 0 0 0 0 0 0 1.39771 0 0 0 0 0 0 0 0 0 0 0 0 0 0 0 1.39771 0 0 0 0 0 0 0 0 0 0 0 0 0 0 0 0 0 0 0 0 
0 0 0 0 0.556444 0 0 0 0.556444 0 0 0 -4.84012 0.931807 0.931807 0 0 0 0 0 0 0 0 0 0 0 0 0 0.931807 0 0 0 0 0 0 0 0 0 0 0 0 0 0 0 0.931807 0 0 0 0 0 0 0 0 0 0 0 0 0 0 0 0 0 0 0 
0 0 0 0 0 0.556444 0 0 0 0.556444 0 0 0.556444 -5.86246 0 1.39771 0 0 0 0 0 0 0 0 0 0 0 0 0 1.39771 0 0 0 0 0 0 0 0 0 0 0 0 0 0 0 1.39771 0 0 0 0 0 0 0 0 0 0 0 0 0 0 0 0 0 0 
0 0 0 0 0 0 0.556444 0 0 0 0.556444 0 0.556444 0 -5.86246 1.39771 0 0 0 0 0 0 0 0 0 0 0 0 0 0 1.39771 0 0 0 0 0 0 0 0 0 0 0 0 0 0 0 1.39771 0 0 0 0 0 0 0 0 0 0 0 0 0 0 0 0 0 
0 0 0 0 0 0 0 0.556444 0 0 0 0.556444 0 0.556444 0.556444 -5.953 0 0 0 0 0 0 0 0 0 0 0 0 0 0 0 1.86361 0 0 0 0 0 0 0 0 0 0 0 0 0 0 0 1.86361 0 0 0 0 0 0 0 0 0 0 0 0 0 0 0 0 
0.556444 0 0 0 0 0 0 0 0 0 0 0 0 0 0 0 -2.88596 0.465903 0.465903 0 0.465903 0 0 0 0.465903 0 0 0 0 0 0 0 0 0 0 0 0 0 0 0 0 0 0 0 0 0 0 0 0.465903 0 0 0 0 0 0 0 0 0 0 0 0 0 0 0 
0 0.556444 0 0 0 0 0 0 0 0 0 0 0 0 0 0 0.556444 -4.84012 0 0.931807 0 0.931807 0 0 0 0.931807 0 0 0 0 0 0 0 0 0 0 0 0 0 0 0 0 0 0 0 0 0 0 0 0.931807 0 0 0 0 0 0 0 0 0 0 0 0 0 0 
0 0 0.556444 0 0 0 0 0 0 0 0 0 0 0 0 0 0.556444 0 -4.84012 0.931807 0 0 0.931807 0 0 0 0.931807 0 0 0 0 0 0 0 0 0 0 0 0 0 0 0 0 0 0 0 0 0 0 0 0.931807 0 0 0 0 0 0 0 0 0 0 0 0 0 
0 0 0 0.556444 0 0 0 0 0 0 0 0 0 0 0 0 0 0.556444 0.556444 -5.86246 0 0 0 1.39771 0 0 0 1.39771 0 0 0 0 0 0 0 0 0 0 0 0 0 0 0 0 0 0 0 0 0 0 0 1.39771 0 0 0 0 0 0 0 0 0 0 0 0 
0 0 0 0 0.556444 0 0 0 0 0 0 0 0 0 0 0 0.556444 0 0 0 -4.84012 0.931807 0.931807 0 0 0 0 0 0.931807 0 0 0 0 0 0 0 0 0 0 0 0 0 0 0 0 0 0 0 0 0 0 0 0.931807 0 0 0 0 0 0 0 0 0 0 0 
0 0 0 0 0 0.556444 0 0 0 0 0 0 0 0 0 0 0 0.556444 0 0 0.556444 -5.86246 0 1.39771 0 0 0 0 0 1.39771 0 0 0 0 0 0 0 0 0 0 0 0 0 0 0 0 0 0 0 0 0 0 0 1.39771 0 0 0 0 0 0 0 0 0 0 
0 0 0 0 0 0 0.556444 0 0 0 0 0 0 0 0 0 0 0 0.556444 0 0.556444 0 -5.86246 1.39771 0 0 0 0 0 0 1.39771 0 0 0 0 0 0 0 0 0 0 0 0 0 0 0 0 0 0 0 0 0 0 0 1.39771 0 0 0 0 0 0 0 0 0 
0 0 0 0 0 0 0 0.556444 0 0 0 0 0 0 0 0 0 0 0 0.556444 0 0.556444 0.556444 -5.953 0 0 0 0 0 0 0 1.86361 0 0 0 0 0 0 0 0 0 0 0 0 0 0 0 0 0 0 0 0 0 0 0 1.86361 0 0 0 0 0 0 0 0 
0 0 0 0 0 0 0 0 0.556444 0 0 0 0 0 0 0 0.556444 0 0 0 0 0 0 0 -4.84012 0.931807 0.931807 0 0.931807 0 0 0 0 0 0 0 0 0 0 0 0 0 0 0 0 0 0 0 0 0 0 0 0 0 0 0 0.931807 0 0 0 0 0 0 0 
0 0 0 0 0 0 0 0 0 0.556444 0 0 0 0 0 0 0 0.556444 0 0 0 0 0 0 0.556444 -5.86246 0 1.39771 0 1.39771 0 0 0 0 0 0 0 0 0 0 0 0 0 0 0 0 0 0 0 0 0 0 0 0 0 0 0 1.39771 0 0 0 0 0 0 
0 0 0 0 0 0 0 0 0 0 0.556444 0 0 0 0 0 0 0 0.556444 0 0 0 0 0 0.556444 0 -5.86246 1.39771 0 0 1.39771 0 0 0 0 0 0 0 0 0 0 0 0 0 0 0 0 0 0 0 0 0 0 0 0 0 0 0 1.39771 0 0 0 0 0 
0 0 0 0 0 0 0 0 0 0 0 0.556444 0 0 0 0 0 0 0 0.556444 0 0 0 0 0 0.556444 0.556444 -5.953 0 0 0 1.86361 0 0 0 0 0 0 0 0 0 0 0 0 0 0 0 0 0 0 0 0 0 0 0 0 0 0 0 1.86361 0 0 0 0 
0 0 0 0 0 0 0 0 0 0 0 0 0.556444 0 0 0 0 0 0 0 0.556444 0 0 0 0.556444 0 0 0 -5.86246 1.39771 1.39771 0 0 0 0 0 0 0 0 0 0 0 0 0 0 0 0 0 0 0 0 0 0 0 0 0 0 0 0 0 1.39771 0 0 0 
0 0 0 0 0 0 0 0 0 0 0 0 0 0.556444 0 0 0 0 0 0 0 0.556444 0 0 0 0.556444 0 0 0.556444 -5.953 0 1.86361 0 0 0 0 0 0 0 0 0 0 0 0 0 0 0 0 0 0 0 0 0 0 0 0 0 0 0 0 0 1.86361 0 0 
0 0 0 0 0 0 0 0 0 0 0 0 0 0 0.556444 0 0 0 0 0 0 0 0.556444 0 0 0 0.556444 0 0.556444 0 -5.953 1.86361 0 0 0 0 0 0 0 0 0 0 0 0 0 0 0 0 0 0 0 0 0 0 0 0 0 0 0 0 0 0 1.86361 0 
0 0 0 0 0 0 0 0 0 0 0 0 0 0 0 0.556444 0 0 0 0 0 0 0 0.556444 0 0 0 0.556444 0 0.556444 0.556444 -5.11174 0 0 0 0 0 0 0 0 0 0 0 0 0 0 0 0 0 0 0 0 0 0 0 0 0 0 0 0 0 0 0 2.32952 
0.556444 0 0 0 0 0 0 0 0 0 0 0 0 0 0 0 0 0 0 0 0 0 0 0 0 0 0 0 0 0 0 0 -2.88596 0.465903 0.465903 0 0.465903 0 0 0 0.465903 0 0 0 0 0 0 0 0.465903 0 0 0 0 0 0 0 0 0 0 0 0 0 0 0 
0 0.556444 0 0 0 0 0 0 0 0 0 0 0 0 0 0 0 0 0 0 0 0 0 0 0 0 0 0 0 0 0 0 0.556444 -4.84012 0 0.931807 0 0.931807 0 0 0 0.931807 0 0 0 0 0 0 0 0.931807 0 0 0 0 0 0 0 0 0 0 0 0 0 0 
0 0 0.556444 0 0 0 0 0 0 0 0 0 0 0 0 0 0 0 0 0 0 0 0 0 0 0 0 0 0 0 0 0 0.556444 0 -4.84012 0.931807 0 0 0.931807 0 0 0 0.931807 0 0 0 0 0 0 0 0.931807 0 0 0 0 0 0 0 0 0 0 0 0 0 
0 0 0 0.556444 0 0 0 0 0 0 0 0 0 0 0 0 0 0 0 0 0 0 0 0 0 0 0 0 0 0 0 0 0 0.556444 0.556444 -5.86246 0 0 0 1.39771 0 0 0 1.39771 0 0 0 0 0 0 0 1.39771 0 0 0 0 0 0 0 0 0 0 0 0 
0 0 0 0 0.556444 0 0 0 0 0 0 0 0 0 0 0 0 0 0 0 0 0 0 0 0 0 0 0 0 0 0 0 0.556444 0 0 0 -4.84012 0.931807 0.931807 0 0 0 0 0 0.931807 0 0 0 0 0 0 0 0.931807 0 0 0 0 0 0 0 0 0 0 0 
0 0 0 0 0 0.556444 0 0 0 0 0 0 0 0 0 0 0 0 0 0 0 0 0 0 0 0 0 0 0 0 0 0 0 0.556444 0 0 0.556444 -5.86246 0 1.39771 0 0 0 0 0 1.39771 0 0 0 0 0 0 0 1.39771 0 0 0 0 0 0 0 0 0 0 
0 0 0 0 0 0 0.556444 0 0 0 0 0 0 0 0 0 0 0 0 0 0 0 0 0 0 0 0 0 0 0 0 0 0 0 0.556444 0 0.556444 0 -5.86246 1.39771 0 0 0 0 0 0 1.39771 0 0 0 0 0 0 0 1.39771 0 0 0 0 0 0 0 0 0 
0 0 0 0 0 0 0 0.556444 0 0 0 0 0 0 0 0 0 0 0 0 0 0 0 0 0 0 0 0 0 0 0 0 0 0 0 0.556444 0 0.556444 0.556444 -5.953 0 0 0 0 0 0 0 1.86361 0 0 0 0 0 0 0 1.86361 0 0 0 0 0 0 0 0 
0 0 0 0 0 0 0 0 0.556444 0 0 0 0 0 0 0 0 0 0 0 0 0 0 0 0 0 0 0 0 0 0 0 0.556444 0 0 0 0 0 0 0 -4.84012 0.931807 0.931807 0 0.931807 0 0 0 0 0 0 0 0 0 0 0 0.931807 0 0 0 0 0 0 0 
0 0 0 0 0 0 0 0 0 0.556444 0 0 0 0 0 0 0 0 0 0 0 0 0 0 0 0 0 0 0 0 0 0 0 0.556444 0 0 0 0 0 0 0.556444 -5.86246 0 1.39771 0 1.39771 0 0 0 0 0 0 0 0 0 0 0 1.39771 0 0 0 0 0 0 
0 0 0 0 0 0 0 0 0 0 0.556444 0 0 0 0 0 0 0 0 0 0 0 0 0 0 0 0 0 0 0 0 0 0 0 0.556444 0 0 0 0 0 0.556444 0 -5.86246 1.39771 0 0 1.39771 0 0 0 0 0 0 0 0 0 0 0 1.39771 0 0 0 0 0 
0 0 0 0 0 0 0 0 0 0 0 0.556444 0 0 0 0 0 0 0 0 0 0 0 0 0 0 0 0 0 0 0 0 0 0 0 0.556444 0 0 0 0 0 0.556444 0.556444 -5.953 0 0 0 1.86361 0 0 0 0 0 0 0 0 0 0 0 1.86361 0 0 0 0 
0 0 0 0 0 0 0 0 0 0 0 0 0.556444 0 0 0 0 0 0 0 0 0 0 0 0 0 0 0 0 0 0 0 0 0 0 0 0.556444 0 0 0 0.556444 0 0 0 -5.86246 1.39771 1.39771 0 0 0 0 0 0 0 0 0 0 0 0 0 1.39771 0 0 0 
0 0 0 0 0 0 0 0 0 0 0 0 0 0.556444 0 0 0 0 0 0 0 0 0 0 0 0 0 0 0 0 0 0 0 0 0 0 0 0.556444 0 0 0 0.556444 0 0 0.556444 -5.953 0 1.86361 0 0 0 0 0 0 0 0 0 0 0 0 0 1.86361 0 0 
0 0 0 0 0 0 0 0 0 0 0 0 0 0 0.556444 0 0 0 0 0 0 0 0 0 0 0 0 0 0 0 0 0 0 0 0 0 0 0 0.556444 0 0 0 0.556444 0 0.556444 0 -5.953 1.86361 0 0 0 0 0 0 0 0 0 0 0 0 0 0 1.86361 0 
0 0 0 0 0 0 0 0 0 0 0 0 0 0 0 0.556444 0 0 0 0 0 0 0 0 0 0 0 0 0 0 0 0 0 0 0 0 0 0 0 0.556444 0 0 0 0.556444 0 0.556444 0.556444 -5.11174 0 0 0 0 0 0 0 0 0 0 0 0 0 0 0 2.32952 
0 0 0 0 0 0 0 0 0 0 0 0 0 0 0 0 0.556444 0 0 0 0 0 0 0 0 0 0 0 0 0 0 0 0.556444 0 0 0 0 0 0 0 0 0 0 0 0 0 0 0 -4.84012 0.931807 0.931807 0 0.931807 0 0 0 0.931807 0 0 0 0 0 0 0 
0 0 0 0 0 0 0 0 0 0 0 0 0 0 0 0 0 0.556444 0 0 0 0 0 0 0 0 0 0 0 0 0 0 0 0.556444 0 0 0 0 0 0 0 0 0 0 0 0 0 0 0.556444 -5.86246 0 1.39771 0 1.39771 0 0 0 1.39771 0 0 0 0 0 0 
0 0 0 0 0 0 0 0 0 0 0 0 0 0 0 0 0 0 0.556444 0 0 0 0 0 0 0 0 0 0 0 0 0 0 0 0.556444 0 0 0 0 0 0 0 0 0 0 0 0 0 0.556444 0 -5.86246 1.39771 0 0 1.39771 0 0 0 1.39771 0 0 0 0 0 
0 0 0 0 0 0 0 0 0 0 0 0 0 0 0 0 0 0 0 0.556444 0 0 0 0 0 0 0 0 0 0 0 0 0 0 0 0.556444 0 0 0 0 0 0 0 0 0 0 0 0 0 0.556444 0.556444 -5.953 0 0 0 1.86361 0 0 0 1.86361 0 0 0 0 
0 0 0 0 0 0 0 0 0 0 0 0 0 0 0 0 0 0 0 0 0.556444 0 0 0 0 0 0 0 0 0 0 0 0 0 0 0 0.556444 0 0 0 0 0 0 0 0 0 0 0 0.556444 0 0 0 -5.86246 1.39771 1.39771 0 0 0 0 0 1.39771 0 0 0 
0 0 0 0 0 0 0 0 0 0 0 0 0 0 0 0 0 0 0 0 0 0.556444 0 0 0 0 0 0 0 0 0 0 0 0 0 0 0 0.556444 0 0 0 0 0 0 0 0 0 0 0 0.556444 0 0 0.556444 -5.953 0 1.86361 0 0 0 0 0 1.86361 0 0 
0 0 0 0 0 0 0 0 0 0 0 0 0 0 0 0 0 0 0 0 0 0 0.556444 0 0 0 0 0 0 0 0 0 0 0 0 0 0 0 0.556444 0 0 0 0 0 0 0 0 0 0 0 0.556444 0 0.556444 0 -5.953 1.86361 0 0 0 0 0 0 1.86361 0 
0 0 0 0 0 0 0 0 0 0 0 0 0 0 0 0 0 0 0 0 0 0 0 0.556444 0 0 0 0 0 0 0 0 0 0 0 0 0 0 0 0.556444 0 0 0 0 0 0 0 0 0 0 0 0.556444 0 0.556444 0.556444 -5.11174 0 0 0 0 0 0 0 2.32952 
0 0 0 0 0 0 0 0 0 0 0 0 0 0 0 0 0 0 0 0 0 0 0 0 0.556444 0 0 0 0 0 0 0 0 0 0 0 0 0 0 0 0.556444 0 0 0 0 0 0 0 0.556444 0 0 0 0 0 0 0 -5.86246 1.39771 1.39771 0 1.39771 0 0 0 
0 0 0 0 0 0 0 0 0 0 0 0 0 0 0 0 0 0 0 0 0 0 0 0 0 0.556444 0 0 0 0 0 0 0 0 0 0 0 0 0 0 0 0.556444 0 0 0 0 0 0 0 0.556444 0 0 0 0 0 0 0.556444 -5.953 0 1.86361 0 1.86361 0 0 
0 0 0 0 0 0 0 0 0 0 0 0 0 0 0 0 0 0 0 0 0 0 0 0 0 0 0.556444 0 0 0 0 0 0 0 0 0 0 0 0 0 0 0 0.556444 0 0 0 0 0 0 0 0.556444 0 0 0 0 0 0.556444 0 -5.953 1.86361 0 0 1.86361 0 
0 0 0 0 0 0 0 0 0 0 0 0 0 0 0 0 0 0 0 0 0 0 0 0 0 0 0 0.556444 0 0 0 0 0 0 0 0 0 0 0 0 0 0 0 0.556444 0 0 0 0 0 0 0 0.556444 0 0 0 0 0 0.556444 0.556444 -5.11174 0 0 0 2.32952 
0 0 0 0 0 0 0 0 0 0 0 0 0 0 0 0 0 0 0 0 0 0 0 0 0 0 0 0 0.556444 0 0 0 0 0 0 0 0 0 0 0 0 0 0 0 0.556444 0 0 0 0 0 0 0 0.556444 0 0 0 0.556444 0 0 0 -5.953 1.86361 1.86361 0 
0 0 0 0 0 0 0 0 0 0 0 0 0 0 0 0 0 0 0 0 0 0 0 0 0 0 0 0 0 0.556444 0 0 0 0 0 0 0 0 0 0 0 0 0 0 0 0.556444 0 0 0 0 0 0 0 0.556444 0 0 0 0.556444 0 0 0.556444 -5.11174 0 2.32952 
0 0 0 0 0 0 0 0 0 0 0 0 0 0 0 0 0 0 0 0 0 0 0 0 0 0 0 0 0 0 0.556444 0 0 0 0 0 0 0 0 0 0 0 0 0 0 0 0.556444 0 0 0 0 0 0 0 0.556444 0 0 0 0.556444 0 0.556444 0 -5.11174 2.32952 
0 0 0 0 0 0 0 0 0 0 0 0 0 0 0 0 0 0 0 0 0 0 0 0 0 0 0 0 0 0 0 0.556444 0 0 0 0 0 0 0 0 0 0 0 0 0 0 0 0.556444 0 0 0 0 0 0 0 0.556444 0 0 0 0.556444 0 0.556444 0.556444 -3.33867 
