32
-0 0 0 0 0 0 0 0 0 0 0 0 0 0 0 0 0 0 0 0 0 0 0 0 0 0 0 0 0 0 0 0 
0.218108 -1.50901 0 0.322724 0 0.322724 0 0 0 0.322724 0 0 0 0 0 0 0 0.322724 0 0 0 0 0 0 0 0 0 0 0 0 0 0 
0.218108 0 -1.50901 0.322724 0 0 0.322724 0 0 0 0.322724 0 0 0 0 0 0 0 0.322724 0 0 0 0 0 0 0 0 0 0 0 0 0 
0 0.218108 0.218108 -2.37256 0 0 0 0.645449 0 0 0 0.645449 0 0 0 0 0 0 0 0.645449 0 0 0 0 0 0 0 0 0 0 0 0 
0.218108 0 0 0 -1.50901 0.322724 0.322724 0 0 0 0 0 0.322724 0 0 0 0 0 0 0 0.322724 0 0 0 0 0 0 0 0 0 0 0 
0 0.218108 0 0 0.218108 -2.37256 0 0.645449 0 0 0 0 0 0.645449 0 0 0 0 0 0 0 0.645449 0 0 0 0 0 0 0 0 0 0 
0 0 0.218108 0 0.218108 0 -2.37256 0.645449 0 0 0 0 0 0 0.645449 0 0 0 0 0 0 0 0.645449 0 0 0 0 0 0 0 0 0 
0 0 0 0.218108 0 0.218108 0.218108 -2.59067 0 0 0 0 0 0 0 0.968173 0 0 0 0 0 0 0 0.968173 0 0 0 0 0 0 0 0 
0.218108 0 0 0 0 0 0 0 -1.50901 0.322724 0.322724 0 0.322724 0 0 0 0 0 0 0 0 0 0 0 0.322724 0 0 0 0 0 0 0 
0 0.218108 0 0 0 0 0 0 0.218108 -2.37256 0 0.645449 0 0.645449 0 0 0 0 0 0 0 0 0 0 0 0.645449 0 0 0 0 0 0 
0 0 0.218108 0 0 0 0 0 0.218108 0 -2.37256 0.645449 0 0 0.645449 0 0 0 0 0 0 0 0 0 0 0 0.645449 0 0 0 0 0 
0 0 0 0.218108 0 0 0 0 0 0.218108 0.218108 -2.59067 0 0 0 0.968173 0 0 0 0 0 0 0 0 0 0 0 0.968173 0 0 0 0 
0 0 0 0 0.218108 0 0 0 0.218108 0 0 0 -2.37256 0.645449 0.645449 0 0 0 0 0 0 0 0 0 0 0 0 0 0.645449 0 0 0 
0 0 0 0 0 0.218108 0 0 0 0.218108 0 0 0.218108 -2.59067 0 0.968173 0 0 0 0 0 0 0 0 0 0 0 0 0 0.968173 0 0 
0 0 0 0 0 0 0.218108 0 0 0 0.218108 0 0.218108 0 -2.59067 0.968173 0 0 0 0 0 0 0 0 0 0 0 0 0 0 0.968173 0 
0 0 0 0 0 0 0 0.218108 0 0 0 0.218108 0 0.218108 0.218108 -2.16333 0 0 0 0 0 0 0 0 0 0 0 0 0 0 0 1.2909 
0.218108 0 0 0 0 0 0 0 0 0 0 0 0 0 0 0 -1.50901 0.322724 0.322724 0 0.322724 0 0 0 0.322724 0 0 0 0 0 0 0 
0 0.218108 0 0 0 0 0 0 0 0 0 0 0 0 0 0 0.218108 -2.37256 0 0.645449 0 0.645449 0 0 0 0.645449 0 0 0 0 0 0 
0 0 0.218108 0 0 0 0 0 0 0 0 0 0 0 0 0 0.218108 0 -2.37256 0.645449 0 0 0.645449 0 0 0 0.645449 0 0 0 0 0 
0 0 0 0.218108 0 0 0 0 0 0 0 0 0 0 0 0 0 0.218108 0.218108 -2.59067 0 0 0 0.968173 0 0 0 0.968173 0 0 0 0 
0 0 0 0 0.218108 0 0 0 0 0 0 0 0 0 0 0 0.218108 0 0 0 -2.37256 0.645449 0.645449 0 0 0 0 0 0.645449 0 0 0 
0 0 0 0 0 0.218108 0 0 0 0 0 0 0 0 0 0 0 0.218108 0 0 0.218108 -2.59067 0 0.968173 0 0 0 0 0 0.968173 0 0 
0 0 0 0 0 0 0.218108 0 0 0 0 0 0 0 0 0 0 0 0.218108 0 0.218108 0 -2.59067 0.968173 0 0 0 0 0 0 0.968173 0 
0 0 0 0 0 0 0 0.218108 0 0 0 0 0 0 0 0 0 0 0 0.218108 0 0.218108 0.218108 -2.16333 0 0 0 0 0 0 0 1.2909 
0 0 0 0 0 0 0 0 0.218108 0 0 0 0 0 0 0 0.218108 0 0 0 0 0 0 0 -2.37256 0.645449 0.645449 0 0.645449 0 0 0 
0 0 0 0 0 0 0 0 0 0.218108 0 0 0 0 0 0 0 0.218108 0 0 0 0 0 0 0.218108 -2.59067 0 0.968173 0 0.968173 0 0 
0 0 0 0 0 0 0 0 0 0 0.218108 0 0 0 0 0 0 0 0.218108 0 0 0 0 0 0.218108 0 -2.59067 0.968173 0 0 0.968173 0 
0 0 0 0 0 0 0 0 0 0 0 0.218108 0 0 0 0 0 0 0 0.218108 0 0 0 0 0 0.218108 0.218108 -2.16333 0 0 0 1.2909 
0 0 0 0 0 0 0 0 0 0 0 0 0.218108 0 0 0 0 0 0 0 0.218108 0 0 0 0.218108 0 0 0 -2.59067 0.968173 0.968173 0 
0 0 0 0 0 0 0 0 0 0 0 0 0 0.218108 0 0 0 0 0 0 0 0.218108 0 0 0 0.218108 0 0 0.218108 -2.16333 0 1.2909 
0 0 0 0 0 0 0 0 0 0 0 0 0 0 0.218108 0 0 0 0 0 0 0 0.218108 0 0 0 0.218108 0 0.218108 0 -2.16333 1.2909 
0 0 0 0 0 0 0 0 0 0 0 0 0 0 0 0.218108 0 0 0 0 0 0 0 0.218108 0 0 0 0.218108 0 0.218108 0.218108 -1.09054 
