64
-0 0 0 0 0 0 0 0 0 0 0 0 0 0 0 0 0 0 0 0 0 0 0 0 0 0 0 0 0 0 0 0 0 0 0 0 0 0 0 0 0 0 0 0 0 0 0 0 0 0 0 0 0 0 0 0 0 0 0 0 0 0 0 0 
0.379841 -2.04442 0 0.332916 0 0.332916 0 0 0 0.332916 0 0 0 0 0 0 0 0.332916 0 0 0 0 0 0 0 0 0 0 0 0 0 0 0 0.332916 0 0 0 0 0 0 0 0 0 0 0 0 0 0 0 0 0 0 0 0 0 0 0 0 0 0 0 0 0 0 
0.379841 0 -2.04442 0.332916 0 0 0.332916 0 0 0 0.332916 0 0 0 0 0 0 0 0.332916 0 0 0 0 0 0 0 0 0 0 0 0 0 0 0 0.332916 0 0 0 0 0 0 0 0 0 0 0 0 0 0 0 0 0 0 0 0 0 0 0 0 0 0 0 0 0 
0 0.379841 0.379841 -3.42301 0 0 0 0.665831 0 0 0 0.665831 0 0 0 0 0 0 0 0.665831 0 0 0 0 0 0 0 0 0 0 0 0 0 0 0 0.665831 0 0 0 0 0 0 0 0 0 0 0 0 0 0 0 0 0 0 0 0 0 0 0 0 0 0 0 0 
0.379841 0 0 0 -2.04442 0.332916 0.332916 0 0 0 0 0 0.332916 0 0 0 0 0 0 0 0.332916 0 0 0 0 0 0 0 0 0 0 0 0 0 0 0 0.332916 0 0 0 0 0 0 0 0 0 0 0 0 0 0 0 0 0 0 0 0 0 0 0 0 0 0 0 
0 0.379841 0 0 0.379841 -3.42301 0 0.665831 0 0 0 0 0 0.665831 0 0 0 0 0 0 0 0.665831 0 0 0 0 0 0 0 0 0 0 0 0 0 0 0 0.665831 0 0 0 0 0 0 0 0 0 0 0 0 0 0 0 0 0 0 0 0 0 0 0 0 0 0 
0 0 0.379841 0 0.379841 0 -3.42301 0.665831 0 0 0 0 0 0 0.665831 0 0 0 0 0 0 0 0.665831 0 0 0 0 0 0 0 0 0 0 0 0 0 0 0 0.665831 0 0 0 0 0 0 0 0 0 0 0 0 0 0 0 0 0 0 0 0 0 0 0 0 0 
0 0 0 0.379841 0 0.379841 0.379841 -4.13576 0 0 0 0 0 0 0 0.998747 0 0 0 0 0 0 0 0.998747 0 0 0 0 0 0 0 0 0 0 0 0 0 0 0 0.998747 0 0 0 0 0 0 0 0 0 0 0 0 0 0 0 0 0 0 0 0 0 0 0 0 
0.379841 0 0 0 0 0 0 0 -2.04442 0.332916 0.332916 0 0.332916 0 0 0 0 0 0 0 0 0 0 0 0.332916 0 0 0 0 0 0 0 0 0 0 0 0 0 0 0 0.332916 0 0 0 0 0 0 0 0 0 0 0 0 0 0 0 0 0 0 0 0 0 0 0 
0 0.379841 0 0 0 0 0 0 0.379841 -3.42301 0 0.665831 0 0.665831 0 0 0 0 0 0 0 0 0 0 0 0.665831 0 0 0 0 0 0 0 0 0 0 0 0 0 0 0 0.665831 0 0 0 0 0 0 0 0 0 0 0 0 0 0 0 0 0 0 0 0 0 0 
0 0 0.379841 0 0 0 0 0 0.379841 0 -3.42301 0.665831 0 0 0.665831 0 0 0 0 0 0 0 0 0 0 0 0.665831 0 0 0 0 0 0 0 0 0 0 0 0 0 0 0 0.665831 0 0 0 0 0 0 0 0 0 0 0 0 0 0 0 0 0 0 0 0 0 
0 0 0 0.379841 0 0 0 0 0 0.379841 0.379841 -4.13576 0 0 0 0.998747 0 0 0 0 0 0 0 0 0 0 0 0.998747 0 0 0 0 0 0 0 0 0 0 0 0 0 0 0 0.998747 0 0 0 0 0 0 0 0 0 0 0 0 0 0 0 0 0 0 0 0 
0 0 0 0 0.379841 0 0 0 0.379841 0 0 0 -3.42301 0.665831 0.665831 0 0 0 0 0 0 0 0 0 0 0 0 0 0.665831 0 0 0 0 0 0 0 0 0 0 0 0 0 0 0 0.665831 0 0 0 0 0 0 0 0 0 0 0 0 0 0 0 0 0 0 0 
0 0 0 0 0 0.379841 0 0 0 0.379841 0 0 0.379841 -4.13576 0 0.998747 0 0 0 0 0 0 0 0 0 0 0 0 0 0.998747 0 0 0 0 0 0 0 0 0 0 0 0 0 0 0 0.998747 0 0 0 0 0 0 0 0 0 0 0 0 0 0 0 0 0 0 
0 0 0 0 0 0 0.379841 0 0 0 0.379841 0 0.379841 0 -4.13576 0.998747 0 0 0 0 0 0 0 0 0 0 0 0 0 0 0.998747 0 0 0 0 0 0 0 0 0 0 0 0 0 0 0 0.998747 0 0 0 0 0 0 0 0 0 0 0 0 0 0 0 0 0 
0 0 0 0 0 0 0 0.379841 0 0 0 0.379841 0 0.379841 0.379841 -4.18269 0 0 0 0 0 0 0 0 0 0 0 0 0 0 0 1.33166 0 0 0 0 0 0 0 0 0 0 0 0 0 0 0 1.33166 0 0 0 0 0 0 0 0 0 0 0 0 0 0 0 0 
0.379841 0 0 0 0 0 0 0 0 0 0 0 0 0 0 0 -2.04442 0.332916 0.332916 0 0.332916 0 0 0 0.332916 0 0 0 0 0 0 0 0 0 0 0 0 0 0 0 0 0 0 0 0 0 0 0 0.332916 0 0 0 0 0 0 0 0 0 0 0 0 0 0 0 
0 0.379841 0 0 0 0 0 0 0 0 0 0 0 0 0 0 0.379841 -3.42301 0 0.665831 0 0.665831 0 0 0 0.665831 0 0 0 0 0 0 0 0 0 0 0 0 0 0 0 0 0 0 0 0 0 0 0 0.665831 0 0 0 0 0 0 0 0 0 0 0 0 0 0 
0 0 0.379841 0 0 0 0 0 0 0 0 0 0 0 0 0 0.379841 0 -3.42301 0.665831 0 0 0.665831 0 0 0 0.665831 0 0 0 0 0 0 0 0 0 0 0 0 0 0 0 0 0 0 0 0 0 0 0 0.665831 0 0 0 0 0 0 0 0 0 0 0 0 0 
0 0 0 0.379841 0 0 0 0 0 0 0 0 0 0 0 0 0 0.379841 0.379841 -4.13576 0 0 0 0.998747 0 0 0 0.998747 0 0 0 0 0 0 0 0 0 0 0 0 0 0 0 0 0 0 0 0 0 0 0 0.998747 0 0 0 0 0 0 0 0 0 0 0 0 
0 0 0 0 0.379841 0 0 0 0 0 0 0 0 0 0 0 0.379841 0 0 0 -3.42301 0.665831 0.665831 0 0 0 0 0 0.665831 0 0 0 0 0 0 0 0 0 0 0 0 0 0 0 0 0 0 0 0 0 0 0 0.665831 0 0 0 0 0 0 0 0 0 0 0 
0 0 0 0 0 0.379841 0 0 0 0 0 0 0 0 0 0 0 0.379841 0 0 0.379841 -4.13576 0 0.998747 0 0 0 0 0 0.998747 0 0 0 0 0 0 0 0 0 0 0 0 0 0 0 0 0 0 0 0 0 0 0 0.998747 0 0 0 0 0 0 0 0 0 0 
0 0 0 0 0 0 0.379841 0 0 0 0 0 0 0 0 0 0 0 0.379841 0 0.379841 0 -4.13576 0.998747 0 0 0 0 0 0 0.998747 0 0 0 0 0 0 0 0 0 0 0 0 0 0 0 0 0 0 0 0 0 0 0 0.998747 0 0 0 0 0 0 0 0 0 
0 0 0 0 0 0 0 0.379841 0 0 0 0 0 0 0 0 0 0 0 0.379841 0 0.379841 0.379841 -4.18269 0 0 0 0 0 0 0 1.33166 0 0 0 0 0 0 0 0 0 0 0 0 0 0 0 0 0 0 0 0 0 0 0 1.33166 0 0 0 0 0 0 0 0 
0 0 0 0 0 0 0 0 0.379841 0 0 0 0 0 0 0 0.379841 0 0 0 0 0 0 0 -3.42301 0.665831 0.665831 0 0.665831 0 0 0 0 0 0 0 0 0 0 0 0 0 0 0 0 0 0 0 0 0 0 0 0 0 0 0 0.665831 0 0 0 0 0 0 0 
0 0 0 0 0 0 0 0 0 0.379841 0 0 0 0 0 0 0 0.379841 0 0 0 0 0 0 0.379841 -4.13576 0 0.998747 0 0.998747 0 0 0 0 0 0 0 0 0 0 0 0 0 0 0 0 0 0 0 0 0 0 0 0 0 0 0 0.998747 0 0 0 0 0 0 
0 0 0 0 0 0 0 0 0 0 0.379841 0 0 0 0 0 0 0 0.379841 0 0 0 0 0 0.379841 0 -4.13576 0.998747 0 0 0.998747 0 0 0 0 0 0 0 0 0 0 0 0 0 0 0 0 0 0 0 0 0 0 0 0 0 0 0 0.998747 0 0 0 0 0 
0 0 0 0 0 0 0 0 0 0 0 0.379841 0 0 0 0 0 0 0 0.379841 0 0 0 0 0 0.379841 0.379841 -4.18269 0 0 0 1.33166 0 0 0 0 0 0 0 0 0 0 0 0 0 0 0 0 0 0 0 0 0 0 0 0 0 0 0 1.33166 0 0 0 0 
0 0 0 0 0 0 0 0 0 0 0 0 0.379841 0 0 0 0 0 0 0 0.379841 0 0 0 0.379841 0 0 0 -4.13576 0.998747 0.998747 0 0 0 0 0 0 0 0 0 0 0 0 0 0 0 0 0 0 0 0 0 0 0 0 0 0 0 0 0 0.998747 0 0 0 
0 0 0 0 0 0 0 0 0 0 0 0 0 0.379841 0 0 0 0 0 0 0 0.379841 0 0 0 0.379841 0 0 0.379841 -4.18269 0 1.33166 0 0 0 0 0 0 0 0 0 0 0 0 0 0 0 0 0 0 0 0 0 0 0 0 0 0 0 0 0 1.33166 0 0 
0 0 0 0 0 0 0 0 0 0 0 0 0 0 0.379841 0 0 0 0 0 0 0 0.379841 0 0 0 0.379841 0 0.379841 0 -4.18269 1.33166 0 0 0 0 0 0 0 0 0 0 0 0 0 0 0 0 0 0 0 0 0 0 0 0 0 0 0 0 0 0 1.33166 0 
0 0 0 0 0 0 0 0 0 0 0 0 0 0 0 0.379841 0 0 0 0 0 0 0 0.379841 0 0 0 0.379841 0 0.379841 0.379841 -3.56378 0 0 0 0 0 0 0 0 0 0 0 0 0 0 0 0 0 0 0 0 0 0 0 0 0 0 0 0 0 0 0 1.66458 
0.379841 0 0 0 0 0 0 0 0 0 0 0 0 0 0 0 0 0 0 0 0 0 0 0 0 0 0 0 0 0 0 0 -2.04442 0.332916 0.332916 0 0.332916 0 0 0 0.332916 0 0 0 0 0 0 0 0.332916 0 0 0 0 0 0 0 0 0 0 0 0 0 0 0 
0 0.379841 0 0 0 0 0 0 0 0 0 0 0 0 0 0 0 0 0 0 0 0 0 0 0 0 0 0 0 0 0 0 0.379841 -3.42301 0 0.665831 0 0.665831 0 0 0 0.665831 0 0 0 0 0 0 0 0.665831 0 0 0 0 0 0 0 0 0 0 0 0 0 0 
0 0 0.379841 0 0 0 0 0 0 0 0 0 0 0 0 0 0 0 0 0 0 0 0 0 0 0 0 0 0 0 0 0 0.379841 0 -3.42301 0.665831 0 0 0.665831 0 0 0 0.665831 0 0 0 0 0 0 0 0.665831 0 0 0 0 0 0 0 0 0 0 0 0 0 
0 0 0 0.379841 0 0 0 0 0 0 0 0 0 0 0 0 0 0 0 0 0 0 0 0 0 0 0 0 0 0 0 0 0 0.379841 0.379841 -4.13576 0 0 0 0.998747 0 0 0 0.998747 0 0 0 0 0 0 0 0.998747 0 0 0 0 0 0 0 0 0 0 0 0 
0 0 0 0 0.379841 0 0 0 0 0 0 0 0 0 0 0 0 0 0 0 0 0 0 0 0 0 0 0 0 0 0 0 0.379841 0 0 0 -3.42301 0.665831 0.665831 0 0 0 0 0 0.665831 0 0 0 0 0 0 0 0.665831 0 0 0 0 0 0 0 0 0 0 0 
0 0 0 0 0 0.379841 0 0 0 0 0 0 0 0 0 0 0 0 0 0 0 0 0 0 0 0 0 0 0 0 0 0 0 0.379841 0 0 0.379841 -4.13576 0 0.998747 0 0 0 0 0 0.998747 0 0 0 0 0 0 0 0.998747 0 0 0 0 0 0 0 0 0 0 
0 0 0 0 0 0 0.379841 0 0 0 0 0 0 0 0 0 0 0 0 0 0 0 0 0 0 0 0 0 0 0 0 0 0 0 0.379841 0 0.379841 0 -4.13576 0.998747 0 0 0 0 0 0 0.998747 0 0 0 0 0 0 0 0.998747 0 0 0 0 0 0 0 0 0 
0 0 0 0 0 0 0 0.379841 0 0 0 0 0 0 0 0 0 0 0 0 0 0 0 0 0 0 0 0 0 0 0 0 0 0 0 0.379841 0 0.379841 0.379841 -4.18269 0 0 0 0 0 0 0 1.33166 0 0 0 0 0 0 0 1.33166 0 0 0 0 0 0 0 0 
0 0 0 0 0 0 0 0 0.379841 0 0 0 0 0 0 0 0 0 0 0 0 0 0 0 0 0 0 0 0 0 0 0 0.379841 0 0 0 0 0 0 0 -3.42301 0.665831 0.665831 0 0.665831 0 0 0 0 0 0 0 0 0 0 0 0.665831 0 0 0 0 0 0 0 
0 0 0 0 0 0 0 0 0 0.379841 0 0 0 0 0 0 0 0 0 0 0 0 0 0 0 0 0 0 0 0 0 0 0 0.379841 0 0 0 0 0 0 0.379841 -4.13576 0 0.998747 0 0.998747 0 0 0 0 0 0 0 0 0 0 0 0.998747 0 0 0 0 0 0 
0 0 0 0 0 0 0 0 0 0 0.379841 0 0 0 0 0 0 0 0 0 0 0 0 0 0 0 0 0 0 0 0 0 0 0 0.379841 0 0 0 0 0 0.379841 0 -4.13576 0.998747 0 0 0.998747 0 0 0 0 0 0 0 0 0 0 0 0.998747 0 0 0 0 0 
0 0 0 0 0 0 0 0 0 0 0 0.379841 0 0 0 0 0 0 0 0 0 0 0 0 0 0 0 0 0 0 0 0 0 0 0 0.379841 0 0 0 0 0 0.379841 0.379841 -4.18269 0 0 0 1.33166 0 0 0 0 0 0 0 0 0 0 0 1.33166 0 0 0 0 
0 0 0 0 0 0 0 0 0 0 0 0 0.379841 0 0 0 0 0 0 0 0 0 0 0 0 0 0 0 0 0 0 0 0 0 0 0 0.379841 0 0 0 0.379841 0 0 0 -4.13576 0.998747 0.998747 0 0 0 0 0 0 0 0 0 0 0 0 0 0.998747 0 0 0 
0 0 0 0 0 0 0 0 0 0 0 0 0 0.379841 0 0 0 0 0 0 0 0 0 0 0 0 0 0 0 0 0 0 0 0 0 0 0 0.379841 0 0 0 0.379841 0 0 0.379841 -4.18269 0 1.33166 0 0 0 0 0 0 0 0 0 0 0 0 0 1.33166 0 0 
0 0 0 0 0 0 0 0 0 0 0 0 0 0 0.379841 0 0 0 0 0 0 0 0 0 0 0 0 0 0 0 0 0 0 0 0 0 0 0 0.379841 0 0 0 0.379841 0 0.379841 0 -4.18269 1.33166 0 0 0 0 0 0 0 0 0 0 0 0 0 0 1.33166 0 
0 0 0 0 0 0 0 0 0 0 0 0 0 0 0 0.379841 0 0 0 0 0 0 0 0 0 0 0 0 0 0 0 0 0 0 0 0 0 0 0 0.379841 0 0 0 0.379841 0 0.379841 0.379841 -3.56378 0 0 0 0 0 0 0 0 0 0 0 0 0 0 0 1.66458 
0 0 0 0 0 0 0 0 0 0 0 0 0 0 0 0 0.379841 0 0 0 0 0 0 0 0 0 0 0 0 0 0 0 0.379841 0 0 0 0 0 0 0 0 0 0 0 0 0 0 0 -3.42301 0.665831 0.665831 0 0.665831 0 0 0 0.665831 0 0 0 0 0 0 0 
0 0 0 0 0 0 0 0 0 0 0 0 0 0 0 0 0 0.379841 0 0 0 0 0 0 0 0 0 0 0 0 0 0 0 0.379841 0 0 0 0 0 0 0 0 0 0 0 0 0 0 0.379841 -4.13576 0 0.998747 0 0.998747 0 0 0 0.998747 0 0 0 0 0 0 
0 0 0 0 0 0 0 0 0 0 0 0 0 0 0 0 0 0 0.379841 0 0 0 0 0 0 0 0 0 0 0 0 0 0 0 0.379841 0 0 0 0 0 0 0 0 0 0 0 0 0 0.379841 0 -4.13576 0.998747 0 0 0.998747 0 0 0 0.998747 0 0 0 0 0 
0 0 0 0 0 0 0 0 0 0 0 0 0 0 0 0 0 0 0 0.379841 0 0 0 0 0 0 0 0 0 0 0 0 0 0 0 0.379841 0 0 0 0 0 0 0 0 0 0 0 0 0 0.379841 0.379841 -4.18269 0 0 0 1.33166 0 0 0 1.33166 0 0 0 0 
0 0 0 0 0 0 0 0 0 0 0 0 0 0 0 0 0 0 0 0 0.379841 0 0 0 0 0 0 0 0 0 0 0 0 0 0 0 0.379841 0 0 0 0 0 0 0 0 0 0 0 0.379841 0 0 0 -4.13576 0.998747 0.998747 0 0 0 0 0 0.998747 0 0 0 
0 0 0 0 0 0 0 0 0 0 0 0 0 0 0 0 0 0 0 0 0 0.379841 0 0 0 0 0 0 0 0 0 0 0 0 0 0 0 0.379841 0 0 0 0 0 0 0 0 0 0 0 0.379841 0 0 0.379841 -4.18269 0 1.33166 0 0 0 0 0 1.33166 0 0 
0 0 0 0 0 0 0 0 0 0 0 0 0 0 0 0 0 0 0 0 0 0 0.379841 0 0 0 0 0 0 0 0 0 0 0 0 0 0 0 0.379841 0 0 0 0 0 0 0 0 0 0 0 0.379841 0 0.379841 0 -4.18269 1.33166 0 0 0 0 0 0 1.33166 0 
0 0 0 0 0 0 0 0 0 0 0 0 0 0 0 0 0 0 0 0 0 0 0 0.379841 0 0 0 0 0 0 0 0 0 0 0 0 0 0 0 0.379841 0 0 0 0 0 0 0 0 0 0 0 0.379841 0 0.379841 0.379841 -3.56378 0 0 0 0 0 0 0 1.66458 
0 0 0 0 0 0 0 0 0 0 0 0 0 0 0 0 0 0 0 0 0 0 0 0 0.379841 0 0 0 0 0 0 0 0 0 0 0 0 0 0 0 0.379841 0 0 0 0 0 0 0 0.379841 0 0 0 0 0 0 0 -4.13576 0.998747 0.998747 0 0.998747 0 0 0 
0 0 0 0 0 0 0 0 0 0 0 0 0 0 0 0 0 0 0 0 0 0 0 0 0 0.379841 0 0 0 0 0 0 0 0 0 0 0 0 0 0 0 0.379841 0 0 0 0 0 0 0 0.379841 0 0 0 0 0 0 0.379841 -4.18269 0 1.33166 0 1.33166 0 0 
0 0 0 0 0 0 0 0 0 0 0 0 0 0 0 0 0 0 0 0 0 0 0 0 0 0 0.379841 0 0 0 0 0 0 0 0 0 0 0 0 0 0 0 0.379841 0 0 0 0 0 0 0 0.379841 0 0 0 0 0 0.379841 0 -4.18269 1.33166 0 0 1.33166 0 
0 0 0 0 0 0 0 0 0 0 0 0 0 0 0 0 0 0 0 0 0 0 0 0 0 0 0 0.379841 0 0 0 0 0 0 0 0 0 0 0 0 0 0 0 0.379841 0 0 0 0 0 0 0 0.379841 0 0 0 0 0 0.379841 0.379841 -3.56378 0 0 0 1.66458 
0 0 0 0 0 0 0 0 0 0 0 0 0 0 0 0 0 0 0 0 0 0 0 0 0 0 0 0 0.379841 0 0 0 0 0 0 0 0 0 0 0 0 0 0 0 0.379841 0 0 0 0 0 0 0 0.379841 0 0 0 0.379841 0 0 0 -4.18269 1.33166 1.33166 0 
0 0 0 0 0 0 0 0 0 0 0 0 0 0 0 0 0 0 0 0 0 0 0 0 0 0 0 0 0 0.379841 0 0 0 0 0 0 0 0 0 0 0 0 0 0 0 0.379841 0 0 0 0 0 0 0 0.379841 0 0 0 0.379841 0 0 0.379841 -3.56378 0 1.66458 
0 0 0 0 0 0 0 0 0 0 0 0 0 0 0 0 0 0 0 0 0 0 0 0 0 0 0 0 0 0 0.379841 0 0 0 0 0 0 0 0 0 0 0 0 0 0 0 0.379841 0 0 0 0 0 0 0 0.379841 0 0 0 0.379841 0 0.379841 0 -3.56378 1.66458 
0 0 0 0 0 0 0 0 0 0 0 0 0 0 0 0 0 0 0 0 0 0 0 0 0 0 0 0 0 0 0 0.379841 0 0 0 0 0 0 0 0 0 0 0 0 0 0 0 0.379841 0 0 0 0 0 0 0 0.379841 0 0 0 0.379841 0 0.379841 0.379841 -2.27905 
