64
-0 0 0 0 0 0 0 0 0 0 0 0 0 0 0 0 0 0 0 0 0 0 0 0 0 0 0 0 0 0 0 0 0 0 0 0 0 0 0 0 0 0 0 0 0 0 0 0 0 0 0 0 0 0 0 0 0 0 0 0 0 0 0 0 
0.397219 -2.15944 0 0.352445 0 0.352445 0 0 0 0.352445 0 0 0 0 0 0 0 0.352445 0 0 0 0 0 0 0 0 0 0 0 0 0 0 0 0.352445 0 0 0 0 0 0 0 0 0 0 0 0 0 0 0 0 0 0 0 0 0 0 0 0 0 0 0 0 0 0 
0.397219 0 -2.15944 0.352445 0 0 0.352445 0 0 0 0.352445 0 0 0 0 0 0 0 0.352445 0 0 0 0 0 0 0 0 0 0 0 0 0 0 0 0.352445 0 0 0 0 0 0 0 0 0 0 0 0 0 0 0 0 0 0 0 0 0 0 0 0 0 0 0 0 0 
0 0.397219 0.397219 -3.614 0 0 0 0.70489 0 0 0 0.70489 0 0 0 0 0 0 0 0.70489 0 0 0 0 0 0 0 0 0 0 0 0 0 0 0 0.70489 0 0 0 0 0 0 0 0 0 0 0 0 0 0 0 0 0 0 0 0 0 0 0 0 0 0 0 0 
0.397219 0 0 0 -2.15944 0.352445 0.352445 0 0 0 0 0 0.352445 0 0 0 0 0 0 0 0.352445 0 0 0 0 0 0 0 0 0 0 0 0 0 0 0 0.352445 0 0 0 0 0 0 0 0 0 0 0 0 0 0 0 0 0 0 0 0 0 0 0 0 0 0 0 
0 0.397219 0 0 0.397219 -3.614 0 0.70489 0 0 0 0 0 0.70489 0 0 0 0 0 0 0 0.70489 0 0 0 0 0 0 0 0 0 0 0 0 0 0 0 0.70489 0 0 0 0 0 0 0 0 0 0 0 0 0 0 0 0 0 0 0 0 0 0 0 0 0 0 
0 0 0.397219 0 0.397219 0 -3.614 0.70489 0 0 0 0 0 0 0.70489 0 0 0 0 0 0 0 0.70489 0 0 0 0 0 0 0 0 0 0 0 0 0 0 0 0.70489 0 0 0 0 0 0 0 0 0 0 0 0 0 0 0 0 0 0 0 0 0 0 0 0 0 
0 0 0 0.397219 0 0.397219 0.397219 -4.36366 0 0 0 0 0 0 0 1.05734 0 0 0 0 0 0 0 1.05734 0 0 0 0 0 0 0 0 0 0 0 0 0 0 0 1.05734 0 0 0 0 0 0 0 0 0 0 0 0 0 0 0 0 0 0 0 0 0 0 0 0 
0.397219 0 0 0 0 0 0 0 -2.15944 0.352445 0.352445 0 0.352445 0 0 0 0 0 0 0 0 0 0 0 0.352445 0 0 0 0 0 0 0 0 0 0 0 0 0 0 0 0.352445 0 0 0 0 0 0 0 0 0 0 0 0 0 0 0 0 0 0 0 0 0 0 0 
0 0.397219 0 0 0 0 0 0 0.397219 -3.614 0 0.70489 0 0.70489 0 0 0 0 0 0 0 0 0 0 0 0.70489 0 0 0 0 0 0 0 0 0 0 0 0 0 0 0 0.70489 0 0 0 0 0 0 0 0 0 0 0 0 0 0 0 0 0 0 0 0 0 0 
0 0 0.397219 0 0 0 0 0 0.397219 0 -3.614 0.70489 0 0 0.70489 0 0 0 0 0 0 0 0 0 0 0 0.70489 0 0 0 0 0 0 0 0 0 0 0 0 0 0 0 0.70489 0 0 0 0 0 0 0 0 0 0 0 0 0 0 0 0 0 0 0 0 0 
0 0 0 0.397219 0 0 0 0 0 0.397219 0.397219 -4.36366 0 0 0 1.05734 0 0 0 0 0 0 0 0 0 0 0 1.05734 0 0 0 0 0 0 0 0 0 0 0 0 0 0 0 1.05734 0 0 0 0 0 0 0 0 0 0 0 0 0 0 0 0 0 0 0 0 
0 0 0 0 0.397219 0 0 0 0.397219 0 0 0 -3.614 0.70489 0.70489 0 0 0 0 0 0 0 0 0 0 0 0 0 0.70489 0 0 0 0 0 0 0 0 0 0 0 0 0 0 0 0.70489 0 0 0 0 0 0 0 0 0 0 0 0 0 0 0 0 0 0 0 
0 0 0 0 0 0.397219 0 0 0 0.397219 0 0 0.397219 -4.36366 0 1.05734 0 0 0 0 0 0 0 0 0 0 0 0 0 1.05734 0 0 0 0 0 0 0 0 0 0 0 0 0 0 0 1.05734 0 0 0 0 0 0 0 0 0 0 0 0 0 0 0 0 0 0 
0 0 0 0 0 0 0.397219 0 0 0 0.397219 0 0.397219 0 -4.36366 1.05734 0 0 0 0 0 0 0 0 0 0 0 0 0 0 1.05734 0 0 0 0 0 0 0 0 0 0 0 0 0 0 0 1.05734 0 0 0 0 0 0 0 0 0 0 0 0 0 0 0 0 0 
0 0 0 0 0 0 0 0.397219 0 0 0 0.397219 0 0.397219 0.397219 -4.40844 0 0 0 0 0 0 0 0 0 0 0 0 0 0 0 1.40978 0 0 0 0 0 0 0 0 0 0 0 0 0 0 0 1.40978 0 0 0 0 0 0 0 0 0 0 0 0 0 0 0 0 
0.397219 0 0 0 0 0 0 0 0 0 0 0 0 0 0 0 -2.15944 0.352445 0.352445 0 0.352445 0 0 0 0.352445 0 0 0 0 0 0 0 0 0 0 0 0 0 0 0 0 0 0 0 0 0 0 0 0.352445 0 0 0 0 0 0 0 0 0 0 0 0 0 0 0 
0 0.397219 0 0 0 0 0 0 0 0 0 0 0 0 0 0 0.397219 -3.614 0 0.70489 0 0.70489 0 0 0 0.70489 0 0 0 0 0 0 0 0 0 0 0 0 0 0 0 0 0 0 0 0 0 0 0 0.70489 0 0 0 0 0 0 0 0 0 0 0 0 0 0 
0 0 0.397219 0 0 0 0 0 0 0 0 0 0 0 0 0 0.397219 0 -3.614 0.70489 0 0 0.70489 0 0 0 0.70489 0 0 0 0 0 0 0 0 0 0 0 0 0 0 0 0 0 0 0 0 0 0 0 0.70489 0 0 0 0 0 0 0 0 0 0 0 0 0 
0 0 0 0.397219 0 0 0 0 0 0 0 0 0 0 0 0 0 0.397219 0.397219 -4.36366 0 0 0 1.05734 0 0 0 1.05734 0 0 0 0 0 0 0 0 0 0 0 0 0 0 0 0 0 0 0 0 0 0 0 1.05734 0 0 0 0 0 0 0 0 0 0 0 0 
0 0 0 0 0.397219 0 0 0 0 0 0 0 0 0 0 0 0.397219 0 0 0 -3.614 0.70489 0.70489 0 0 0 0 0 0.70489 0 0 0 0 0 0 0 0 0 0 0 0 0 0 0 0 0 0 0 0 0 0 0 0.70489 0 0 0 0 0 0 0 0 0 0 0 
0 0 0 0 0 0.397219 0 0 0 0 0 0 0 0 0 0 0 0.397219 0 0 0.397219 -4.36366 0 1.05734 0 0 0 0 0 1.05734 0 0 0 0 0 0 0 0 0 0 0 0 0 0 0 0 0 0 0 0 0 0 0 1.05734 0 0 0 0 0 0 0 0 0 0 
0 0 0 0 0 0 0.397219 0 0 0 0 0 0 0 0 0 0 0 0.397219 0 0.397219 0 -4.36366 1.05734 0 0 0 0 0 0 1.05734 0 0 0 0 0 0 0 0 0 0 0 0 0 0 0 0 0 0 0 0 0 0 0 1.05734 0 0 0 0 0 0 0 0 0 
0 0 0 0 0 0 0 0.397219 0 0 0 0 0 0 0 0 0 0 0 0.397219 0 0.397219 0.397219 -4.40844 0 0 0 0 0 0 0 1.40978 0 0 0 0 0 0 0 0 0 0 0 0 0 0 0 0 0 0 0 0 0 0 0 1.40978 0 0 0 0 0 0 0 0 
0 0 0 0 0 0 0 0 0.397219 0 0 0 0 0 0 0 0.397219 0 0 0 0 0 0 0 -3.614 0.70489 0.70489 0 0.70489 0 0 0 0 0 0 0 0 0 0 0 0 0 0 0 0 0 0 0 0 0 0 0 0 0 0 0 0.70489 0 0 0 0 0 0 0 
0 0 0 0 0 0 0 0 0 0.397219 0 0 0 0 0 0 0 0.397219 0 0 0 0 0 0 0.397219 -4.36366 0 1.05734 0 1.05734 0 0 0 0 0 0 0 0 0 0 0 0 0 0 0 0 0 0 0 0 0 0 0 0 0 0 0 1.05734 0 0 0 0 0 0 
0 0 0 0 0 0 0 0 0 0 0.397219 0 0 0 0 0 0 0 0.397219 0 0 0 0 0 0.397219 0 -4.36366 1.05734 0 0 1.05734 0 0 0 0 0 0 0 0 0 0 0 0 0 0 0 0 0 0 0 0 0 0 0 0 0 0 0 1.05734 0 0 0 0 0 
0 0 0 0 0 0 0 0 0 0 0 0.397219 0 0 0 0 0 0 0 0.397219 0 0 0 0 0 0.397219 0.397219 -4.40844 0 0 0 1.40978 0 0 0 0 0 0 0 0 0 0 0 0 0 0 0 0 0 0 0 0 0 0 0 0 0 0 0 1.40978 0 0 0 0 
0 0 0 0 0 0 0 0 0 0 0 0 0.397219 0 0 0 0 0 0 0 0.397219 0 0 0 0.397219 0 0 0 -4.36366 1.05734 1.05734 0 0 0 0 0 0 0 0 0 0 0 0 0 0 0 0 0 0 0 0 0 0 0 0 0 0 0 0 0 1.05734 0 0 0 
0 0 0 0 0 0 0 0 0 0 0 0 0 0.397219 0 0 0 0 0 0 0 0.397219 0 0 0 0.397219 0 0 0.397219 -4.40844 0 1.40978 0 0 0 0 0 0 0 0 0 0 0 0 0 0 0 0 0 0 0 0 0 0 0 0 0 0 0 0 0 1.40978 0 0 
0 0 0 0 0 0 0 0 0 0 0 0 0 0 0.397219 0 0 0 0 0 0 0 0.397219 0 0 0 0.397219 0 0.397219 0 -4.40844 1.40978 0 0 0 0 0 0 0 0 0 0 0 0 0 0 0 0 0 0 0 0 0 0 0 0 0 0 0 0 0 0 1.40978 0 
0 0 0 0 0 0 0 0 0 0 0 0 0 0 0 0.397219 0 0 0 0 0 0 0 0.397219 0 0 0 0.397219 0 0.397219 0.397219 -3.74832 0 0 0 0 0 0 0 0 0 0 0 0 0 0 0 0 0 0 0 0 0 0 0 0 0 0 0 0 0 0 0 1.76223 
0.397219 0 0 0 0 0 0 0 0 0 0 0 0 0 0 0 0 0 0 0 0 0 0 0 0 0 0 0 0 0 0 0 -2.15944 0.352445 0.352445 0 0.352445 0 0 0 0.352445 0 0 0 0 0 0 0 0.352445 0 0 0 0 0 0 0 0 0 0 0 0 0 0 0 
0 0.397219 0 0 0 0 0 0 0 0 0 0 0 0 0 0 0 0 0 0 0 0 0 0 0 0 0 0 0 0 0 0 0.397219 -3.614 0 0.70489 0 0.70489 0 0 0 0.70489 0 0 0 0 0 0 0 0.70489 0 0 0 0 0 0 0 0 0 0 0 0 0 0 
0 0 0.397219 0 0 0 0 0 0 0 0 0 0 0 0 0 0 0 0 0 0 0 0 0 0 0 0 0 0 0 0 0 0.397219 0 -3.614 0.70489 0 0 0.70489 0 0 0 0.70489 0 0 0 0 0 0 0 0.70489 0 0 0 0 0 0 0 0 0 0 0 0 0 
0 0 0 0.397219 0 0 0 0 0 0 0 0 0 0 0 0 0 0 0 0 0 0 0 0 0 0 0 0 0 0 0 0 0 0.397219 0.397219 -4.36366 0 0 0 1.05734 0 0 0 1.05734 0 0 0 0 0 0 0 1.05734 0 0 0 0 0 0 0 0 0 0 0 0 
0 0 0 0 0.397219 0 0 0 0 0 0 0 0 0 0 0 0 0 0 0 0 0 0 0 0 0 0 0 0 0 0 0 0.397219 0 0 0 -3.614 0.70489 0.70489 0 0 0 0 0 0.70489 0 0 0 0 0 0 0 0.70489 0 0 0 0 0 0 0 0 0 0 0 
0 0 0 0 0 0.397219 0 0 0 0 0 0 0 0 0 0 0 0 0 0 0 0 0 0 0 0 0 0 0 0 0 0 0 0.397219 0 0 0.397219 -4.36366 0 1.05734 0 0 0 0 0 1.05734 0 0 0 0 0 0 0 1.05734 0 0 0 0 0 0 0 0 0 0 
0 0 0 0 0 0 0.397219 0 0 0 0 0 0 0 0 0 0 0 0 0 0 0 0 0 0 0 0 0 0 0 0 0 0 0 0.397219 0 0.397219 0 -4.36366 1.05734 0 0 0 0 0 0 1.05734 0 0 0 0 0 0 0 1.05734 0 0 0 0 0 0 0 0 0 
0 0 0 0 0 0 0 0.397219 0 0 0 0 0 0 0 0 0 0 0 0 0 0 0 0 0 0 0 0 0 0 0 0 0 0 0 0.397219 0 0.397219 0.397219 -4.40844 0 0 0 0 0 0 0 1.40978 0 0 0 0 0 0 0 1.40978 0 0 0 0 0 0 0 0 
0 0 0 0 0 0 0 0 0.397219 0 0 0 0 0 0 0 0 0 0 0 0 0 0 0 0 0 0 0 0 0 0 0 0.397219 0 0 0 0 0 0 0 -3.614 0.70489 0.70489 0 0.70489 0 0 0 0 0 0 0 0 0 0 0 0.70489 0 0 0 0 0 0 0 
0 0 0 0 0 0 0 0 0 0.397219 0 0 0 0 0 0 0 0 0 0 0 0 0 0 0 0 0 0 0 0 0 0 0 0.397219 0 0 0 0 0 0 0.397219 -4.36366 0 1.05734 0 1.05734 0 0 0 0 0 0 0 0 0 0 0 1.05734 0 0 0 0 0 0 
0 0 0 0 0 0 0 0 0 0 0.397219 0 0 0 0 0 0 0 0 0 0 0 0 0 0 0 0 0 0 0 0 0 0 0 0.397219 0 0 0 0 0 0.397219 0 -4.36366 1.05734 0 0 1.05734 0 0 0 0 0 0 0 0 0 0 0 1.05734 0 0 0 0 0 
0 0 0 0 0 0 0 0 0 0 0 0.397219 0 0 0 0 0 0 0 0 0 0 0 0 0 0 0 0 0 0 0 0 0 0 0 0.397219 0 0 0 0 0 0.397219 0.397219 -4.40844 0 0 0 1.40978 0 0 0 0 0 0 0 0 0 0 0 1.40978 0 0 0 0 
0 0 0 0 0 0 0 0 0 0 0 0 0.397219 0 0 0 0 0 0 0 0 0 0 0 0 0 0 0 0 0 0 0 0 0 0 0 0.397219 0 0 0 0.397219 0 0 0 -4.36366 1.05734 1.05734 0 0 0 0 0 0 0 0 0 0 0 0 0 1.05734 0 0 0 
0 0 0 0 0 0 0 0 0 0 0 0 0 0.397219 0 0 0 0 0 0 0 0 0 0 0 0 0 0 0 0 0 0 0 0 0 0 0 0.397219 0 0 0 0.397219 0 0 0.397219 -4.40844 0 1.40978 0 0 0 0 0 0 0 0 0 0 0 0 0 1.40978 0 0 
0 0 0 0 0 0 0 0 0 0 0 0 0 0 0.397219 0 0 0 0 0 0 0 0 0 0 0 0 0 0 0 0 0 0 0 0 0 0 0 0.397219 0 0 0 0.397219 0 0.397219 0 -4.40844 1.40978 0 0 0 0 0 0 0 0 0 0 0 0 0 0 1.40978 0 
0 0 0 0 0 0 0 0 0 0 0 0 0 0 0 0.397219 0 0 0 0 0 0 0 0 0 0 0 0 0 0 0 0 0 0 0 0 0 0 0 0.397219 0 0 0 0.397219 0 0.397219 0.397219 -3.74832 0 0 0 0 0 0 0 0 0 0 0 0 0 0 0 1.76223 
0 0 0 0 0 0 0 0 0 0 0 0 0 0 0 0 0.397219 0 0 0 0 0 0 0 0 0 0 0 0 0 0 0 0.397219 0 0 0 0 0 0 0 0 0 0 0 0 0 0 0 -3.614 0.70489 0.70489 0 0.70489 0 0 0 0.70489 0 0 0 0 0 0 0 
0 0 0 0 0 0 0 0 0 0 0 0 0 0 0 0 0 0.397219 0 0 0 0 0 0 0 0 0 0 0 0 0 0 0 0.397219 0 0 0 0 0 0 0 0 0 0 0 0 0 0 0.397219 -4.36366 0 1.05734 0 1.05734 0 0 0 1.05734 0 0 0 0 0 0 
0 0 0 0 0 0 0 0 0 0 0 0 0 0 0 0 0 0 0.397219 0 0 0 0 0 0 0 0 0 0 0 0 0 0 0 0.397219 0 0 0 0 0 0 0 0 0 0 0 0 0 0.397219 0 -4.36366 1.05734 0 0 1.05734 0 0 0 1.05734 0 0 0 0 0 
0 0 0 0 0 0 0 0 0 0 0 0 0 0 0 0 0 0 0 0.397219 0 0 0 0 0 0 0 0 0 0 0 0 0 0 0 0.397219 0 0 0 0 0 0 0 0 0 0 0 0 0 0.397219 0.397219 -4.40844 0 0 0 1.40978 0 0 0 1.40978 0 0 0 0 
0 0 0 0 0 0 0 0 0 0 0 0 0 0 0 0 0 0 0 0 0.397219 0 0 0 0 0 0 0 0 0 0 0 0 0 0 0 0.397219 0 0 0 0 0 0 0 0 0 0 0 0.397219 0 0 0 -4.36366 1.05734 1.05734 0 0 0 0 0 1.05734 0 0 0 
0 0 0 0 0 0 0 0 0 0 0 0 0 0 0 0 0 0 0 0 0 0.397219 0 0 0 0 0 0 0 0 0 0 0 0 0 0 0 0.397219 0 0 0 0 0 0 0 0 0 0 0 0.397219 0 0 0.397219 -4.40844 0 1.40978 0 0 0 0 0 1.40978 0 0 
0 0 0 0 0 0 0 0 0 0 0 0 0 0 0 0 0 0 0 0 0 0 0.397219 0 0 0 0 0 0 0 0 0 0 0 0 0 0 0 0.397219 0 0 0 0 0 0 0 0 0 0 0 0.397219 0 0.397219 0 -4.40844 1.40978 0 0 0 0 0 0 1.40978 0 
0 0 0 0 0 0 0 0 0 0 0 0 0 0 0 0 0 0 0 0 0 0 0 0.397219 0 0 0 0 0 0 0 0 0 0 0 0 0 0 0 0.397219 0 0 0 0 0 0 0 0 0 0 0 0.397219 0 0.397219 0.397219 -3.74832 0 0 0 0 0 0 0 1.76223 
0 0 0 0 0 0 0 0 0 0 0 0 0 0 0 0 0 0 0 0 0 0 0 0 0.397219 0 0 0 0 0 0 0 0 0 0 0 0 0 0 0 0.397219 0 0 0 0 0 0 0 0.397219 0 0 0 0 0 0 0 -4.36366 1.05734 1.05734 0 1.05734 0 0 0 
0 0 0 0 0 0 0 0 0 0 0 0 0 0 0 0 0 0 0 0 0 0 0 0 0 0.397219 0 0 0 0 0 0 0 0 0 0 0 0 0 0 0 0.397219 0 0 0 0 0 0 0 0.397219 0 0 0 0 0 0 0.397219 -4.40844 0 1.40978 0 1.40978 0 0 
0 0 0 0 0 0 0 0 0 0 0 0 0 0 0 0 0 0 0 0 0 0 0 0 0 0 0.397219 0 0 0 0 0 0 0 0 0 0 0 0 0 0 0 0.397219 0 0 0 0 0 0 0 0.397219 0 0 0 0 0 0.397219 0 -4.40844 1.40978 0 0 1.40978 0 
0 0 0 0 0 0 0 0 0 0 0 0 0 0 0 0 0 0 0 0 0 0 0 0 0 0 0 0.397219 0 0 0 0 0 0 0 0 0 0 0 0 0 0 0 0.397219 0 0 0 0 0 0 0 0.397219 0 0 0 0 0 0.397219 0.397219 -3.74832 0 0 0 1.76223 
0 0 0 0 0 0 0 0 0 0 0 0 0 0 0 0 0 0 0 0 0 0 0 0 0 0 0 0 0.397219 0 0 0 0 0 0 0 0 0 0 0 0 0 0 0 0.397219 0 0 0 0 0 0 0 0.397219 0 0 0 0.397219 0 0 0 -4.40844 1.40978 1.40978 0 
0 0 0 0 0 0 0 0 0 0 0 0 0 0 0 0 0 0 0 0 0 0 0 0 0 0 0 0 0 0.397219 0 0 0 0 0 0 0 0 0 0 0 0 0 0 0 0.397219 0 0 0 0 0 0 0 0.397219 0 0 0 0.397219 0 0 0.397219 -3.74832 0 1.76223 
0 0 0 0 0 0 0 0 0 0 0 0 0 0 0 0 0 0 0 0 0 0 0 0 0 0 0 0 0 0 0.397219 0 0 0 0 0 0 0 0 0 0 0 0 0 0 0 0.397219 0 0 0 0 0 0 0 0.397219 0 0 0 0.397219 0 0.397219 0 -3.74832 1.76223 
0 0 0 0 0 0 0 0 0 0 0 0 0 0 0 0 0 0 0 0 0 0 0 0 0 0 0 0 0 0 0 0.397219 0 0 0 0 0 0 0 0 0 0 0 0 0 0 0 0.397219 0 0 0 0 0 0 0 0.397219 0 0 0 0.397219 0 0.397219 0.397219 -2.38331 
