64
-0 0 0 0 0 0 0 0 0 0 0 0 0 0 0 0 0 0 0 0 0 0 0 0 0 0 0 0 0 0 0 0 0 0 0 0 0 0 0 0 0 0 0 0 0 0 0 0 0 0 0 0 0 0 0 0 0 0 0 0 0 0 0 0 
0.357528 -2.1007 0 0.348634 0 0.348634 0 0 0 0.348634 0 0 0 0 0 0 0 0.348634 0 0 0 0 0 0 0 0 0 0 0 0 0 0 0 0.348634 0 0 0 0 0 0 0 0 0 0 0 0 0 0 0 0 0 0 0 0 0 0 0 0 0 0 0 0 0 0 
0.357528 0 -2.1007 0.348634 0 0 0.348634 0 0 0 0.348634 0 0 0 0 0 0 0 0.348634 0 0 0 0 0 0 0 0 0 0 0 0 0 0 0 0.348634 0 0 0 0 0 0 0 0 0 0 0 0 0 0 0 0 0 0 0 0 0 0 0 0 0 0 0 0 0 
0 0.357528 0.357528 -3.50413 0 0 0 0.697268 0 0 0 0.697268 0 0 0 0 0 0 0 0.697268 0 0 0 0 0 0 0 0 0 0 0 0 0 0 0 0.697268 0 0 0 0 0 0 0 0 0 0 0 0 0 0 0 0 0 0 0 0 0 0 0 0 0 0 0 0 
0.357528 0 0 0 -2.1007 0.348634 0.348634 0 0 0 0 0 0.348634 0 0 0 0 0 0 0 0.348634 0 0 0 0 0 0 0 0 0 0 0 0 0 0 0 0.348634 0 0 0 0 0 0 0 0 0 0 0 0 0 0 0 0 0 0 0 0 0 0 0 0 0 0 0 
0 0.357528 0 0 0.357528 -3.50413 0 0.697268 0 0 0 0 0 0.697268 0 0 0 0 0 0 0 0.697268 0 0 0 0 0 0 0 0 0 0 0 0 0 0 0 0.697268 0 0 0 0 0 0 0 0 0 0 0 0 0 0 0 0 0 0 0 0 0 0 0 0 0 0 
0 0 0.357528 0 0.357528 0 -3.50413 0.697268 0 0 0 0 0 0 0.697268 0 0 0 0 0 0 0 0.697268 0 0 0 0 0 0 0 0 0 0 0 0 0 0 0 0.697268 0 0 0 0 0 0 0 0 0 0 0 0 0 0 0 0 0 0 0 0 0 0 0 0 0 
0 0 0 0.357528 0 0.357528 0.357528 -4.21029 0 0 0 0 0 0 0 1.0459 0 0 0 0 0 0 0 1.0459 0 0 0 0 0 0 0 0 0 0 0 0 0 0 0 1.0459 0 0 0 0 0 0 0 0 0 0 0 0 0 0 0 0 0 0 0 0 0 0 0 0 
0.357528 0 0 0 0 0 0 0 -2.1007 0.348634 0.348634 0 0.348634 0 0 0 0 0 0 0 0 0 0 0 0.348634 0 0 0 0 0 0 0 0 0 0 0 0 0 0 0 0.348634 0 0 0 0 0 0 0 0 0 0 0 0 0 0 0 0 0 0 0 0 0 0 0 
0 0.357528 0 0 0 0 0 0 0.357528 -3.50413 0 0.697268 0 0.697268 0 0 0 0 0 0 0 0 0 0 0 0.697268 0 0 0 0 0 0 0 0 0 0 0 0 0 0 0 0.697268 0 0 0 0 0 0 0 0 0 0 0 0 0 0 0 0 0 0 0 0 0 0 
0 0 0.357528 0 0 0 0 0 0.357528 0 -3.50413 0.697268 0 0 0.697268 0 0 0 0 0 0 0 0 0 0 0 0.697268 0 0 0 0 0 0 0 0 0 0 0 0 0 0 0 0.697268 0 0 0 0 0 0 0 0 0 0 0 0 0 0 0 0 0 0 0 0 0 
0 0 0 0.357528 0 0 0 0 0 0.357528 0.357528 -4.21029 0 0 0 1.0459 0 0 0 0 0 0 0 0 0 0 0 1.0459 0 0 0 0 0 0 0 0 0 0 0 0 0 0 0 1.0459 0 0 0 0 0 0 0 0 0 0 0 0 0 0 0 0 0 0 0 0 
0 0 0 0 0.357528 0 0 0 0.357528 0 0 0 -3.50413 0.697268 0.697268 0 0 0 0 0 0 0 0 0 0 0 0 0 0.697268 0 0 0 0 0 0 0 0 0 0 0 0 0 0 0 0.697268 0 0 0 0 0 0 0 0 0 0 0 0 0 0 0 0 0 0 0 
0 0 0 0 0 0.357528 0 0 0 0.357528 0 0 0.357528 -4.21029 0 1.0459 0 0 0 0 0 0 0 0 0 0 0 0 0 1.0459 0 0 0 0 0 0 0 0 0 0 0 0 0 0 0 1.0459 0 0 0 0 0 0 0 0 0 0 0 0 0 0 0 0 0 0 
0 0 0 0 0 0 0.357528 0 0 0 0.357528 0 0.357528 0 -4.21029 1.0459 0 0 0 0 0 0 0 0 0 0 0 0 0 0 1.0459 0 0 0 0 0 0 0 0 0 0 0 0 0 0 0 1.0459 0 0 0 0 0 0 0 0 0 0 0 0 0 0 0 0 0 
0 0 0 0 0 0 0 0.357528 0 0 0 0.357528 0 0.357528 0.357528 -4.21918 0 0 0 0 0 0 0 0 0 0 0 0 0 0 0 1.39454 0 0 0 0 0 0 0 0 0 0 0 0 0 0 0 1.39454 0 0 0 0 0 0 0 0 0 0 0 0 0 0 0 0 
0.357528 0 0 0 0 0 0 0 0 0 0 0 0 0 0 0 -2.1007 0.348634 0.348634 0 0.348634 0 0 0 0.348634 0 0 0 0 0 0 0 0 0 0 0 0 0 0 0 0 0 0 0 0 0 0 0 0.348634 0 0 0 0 0 0 0 0 0 0 0 0 0 0 0 
0 0.357528 0 0 0 0 0 0 0 0 0 0 0 0 0 0 0.357528 -3.50413 0 0.697268 0 0.697268 0 0 0 0.697268 0 0 0 0 0 0 0 0 0 0 0 0 0 0 0 0 0 0 0 0 0 0 0 0.697268 0 0 0 0 0 0 0 0 0 0 0 0 0 0 
0 0 0.357528 0 0 0 0 0 0 0 0 0 0 0 0 0 0.357528 0 -3.50413 0.697268 0 0 0.697268 0 0 0 0.697268 0 0 0 0 0 0 0 0 0 0 0 0 0 0 0 0 0 0 0 0 0 0 0 0.697268 0 0 0 0 0 0 0 0 0 0 0 0 0 
0 0 0 0.357528 0 0 0 0 0 0 0 0 0 0 0 0 0 0.357528 0.357528 -4.21029 0 0 0 1.0459 0 0 0 1.0459 0 0 0 0 0 0 0 0 0 0 0 0 0 0 0 0 0 0 0 0 0 0 0 1.0459 0 0 0 0 0 0 0 0 0 0 0 0 
0 0 0 0 0.357528 0 0 0 0 0 0 0 0 0 0 0 0.357528 0 0 0 -3.50413 0.697268 0.697268 0 0 0 0 0 0.697268 0 0 0 0 0 0 0 0 0 0 0 0 0 0 0 0 0 0 0 0 0 0 0 0.697268 0 0 0 0 0 0 0 0 0 0 0 
0 0 0 0 0 0.357528 0 0 0 0 0 0 0 0 0 0 0 0.357528 0 0 0.357528 -4.21029 0 1.0459 0 0 0 0 0 1.0459 0 0 0 0 0 0 0 0 0 0 0 0 0 0 0 0 0 0 0 0 0 0 0 1.0459 0 0 0 0 0 0 0 0 0 0 
0 0 0 0 0 0 0.357528 0 0 0 0 0 0 0 0 0 0 0 0.357528 0 0.357528 0 -4.21029 1.0459 0 0 0 0 0 0 1.0459 0 0 0 0 0 0 0 0 0 0 0 0 0 0 0 0 0 0 0 0 0 0 0 1.0459 0 0 0 0 0 0 0 0 0 
0 0 0 0 0 0 0 0.357528 0 0 0 0 0 0 0 0 0 0 0 0.357528 0 0.357528 0.357528 -4.21918 0 0 0 0 0 0 0 1.39454 0 0 0 0 0 0 0 0 0 0 0 0 0 0 0 0 0 0 0 0 0 0 0 1.39454 0 0 0 0 0 0 0 0 
0 0 0 0 0 0 0 0 0.357528 0 0 0 0 0 0 0 0.357528 0 0 0 0 0 0 0 -3.50413 0.697268 0.697268 0 0.697268 0 0 0 0 0 0 0 0 0 0 0 0 0 0 0 0 0 0 0 0 0 0 0 0 0 0 0 0.697268 0 0 0 0 0 0 0 
0 0 0 0 0 0 0 0 0 0.357528 0 0 0 0 0 0 0 0.357528 0 0 0 0 0 0 0.357528 -4.21029 0 1.0459 0 1.0459 0 0 0 0 0 0 0 0 0 0 0 0 0 0 0 0 0 0 0 0 0 0 0 0 0 0 0 1.0459 0 0 0 0 0 0 
0 0 0 0 0 0 0 0 0 0 0.357528 0 0 0 0 0 0 0 0.357528 0 0 0 0 0 0.357528 0 -4.21029 1.0459 0 0 1.0459 0 0 0 0 0 0 0 0 0 0 0 0 0 0 0 0 0 0 0 0 0 0 0 0 0 0 0 1.0459 0 0 0 0 0 
0 0 0 0 0 0 0 0 0 0 0 0.357528 0 0 0 0 0 0 0 0.357528 0 0 0 0 0 0.357528 0.357528 -4.21918 0 0 0 1.39454 0 0 0 0 0 0 0 0 0 0 0 0 0 0 0 0 0 0 0 0 0 0 0 0 0 0 0 1.39454 0 0 0 0 
0 0 0 0 0 0 0 0 0 0 0 0 0.357528 0 0 0 0 0 0 0 0.357528 0 0 0 0.357528 0 0 0 -4.21029 1.0459 1.0459 0 0 0 0 0 0 0 0 0 0 0 0 0 0 0 0 0 0 0 0 0 0 0 0 0 0 0 0 0 1.0459 0 0 0 
0 0 0 0 0 0 0 0 0 0 0 0 0 0.357528 0 0 0 0 0 0 0 0.357528 0 0 0 0.357528 0 0 0.357528 -4.21918 0 1.39454 0 0 0 0 0 0 0 0 0 0 0 0 0 0 0 0 0 0 0 0 0 0 0 0 0 0 0 0 0 1.39454 0 0 
0 0 0 0 0 0 0 0 0 0 0 0 0 0 0.357528 0 0 0 0 0 0 0 0.357528 0 0 0 0.357528 0 0.357528 0 -4.21918 1.39454 0 0 0 0 0 0 0 0 0 0 0 0 0 0 0 0 0 0 0 0 0 0 0 0 0 0 0 0 0 0 1.39454 0 
0 0 0 0 0 0 0 0 0 0 0 0 0 0 0 0.357528 0 0 0 0 0 0 0 0.357528 0 0 0 0.357528 0 0.357528 0.357528 -3.53081 0 0 0 0 0 0 0 0 0 0 0 0 0 0 0 0 0 0 0 0 0 0 0 0 0 0 0 0 0 0 0 1.74317 
0.357528 0 0 0 0 0 0 0 0 0 0 0 0 0 0 0 0 0 0 0 0 0 0 0 0 0 0 0 0 0 0 0 -2.1007 0.348634 0.348634 0 0.348634 0 0 0 0.348634 0 0 0 0 0 0 0 0.348634 0 0 0 0 0 0 0 0 0 0 0 0 0 0 0 
0 0.357528 0 0 0 0 0 0 0 0 0 0 0 0 0 0 0 0 0 0 0 0 0 0 0 0 0 0 0 0 0 0 0.357528 -3.50413 0 0.697268 0 0.697268 0 0 0 0.697268 0 0 0 0 0 0 0 0.697268 0 0 0 0 0 0 0 0 0 0 0 0 0 0 
0 0 0.357528 0 0 0 0 0 0 0 0 0 0 0 0 0 0 0 0 0 0 0 0 0 0 0 0 0 0 0 0 0 0.357528 0 -3.50413 0.697268 0 0 0.697268 0 0 0 0.697268 0 0 0 0 0 0 0 0.697268 0 0 0 0 0 0 0 0 0 0 0 0 0 
0 0 0 0.357528 0 0 0 0 0 0 0 0 0 0 0 0 0 0 0 0 0 0 0 0 0 0 0 0 0 0 0 0 0 0.357528 0.357528 -4.21029 0 0 0 1.0459 0 0 0 1.0459 0 0 0 0 0 0 0 1.0459 0 0 0 0 0 0 0 0 0 0 0 0 
0 0 0 0 0.357528 0 0 0 0 0 0 0 0 0 0 0 0 0 0 0 0 0 0 0 0 0 0 0 0 0 0 0 0.357528 0 0 0 -3.50413 0.697268 0.697268 0 0 0 0 0 0.697268 0 0 0 0 0 0 0 0.697268 0 0 0 0 0 0 0 0 0 0 0 
0 0 0 0 0 0.357528 0 0 0 0 0 0 0 0 0 0 0 0 0 0 0 0 0 0 0 0 0 0 0 0 0 0 0 0.357528 0 0 0.357528 -4.21029 0 1.0459 0 0 0 0 0 1.0459 0 0 0 0 0 0 0 1.0459 0 0 0 0 0 0 0 0 0 0 
0 0 0 0 0 0 0.357528 0 0 0 0 0 0 0 0 0 0 0 0 0 0 0 0 0 0 0 0 0 0 0 0 0 0 0 0.357528 0 0.357528 0 -4.21029 1.0459 0 0 0 0 0 0 1.0459 0 0 0 0 0 0 0 1.0459 0 0 0 0 0 0 0 0 0 
0 0 0 0 0 0 0 0.357528 0 0 0 0 0 0 0 0 0 0 0 0 0 0 0 0 0 0 0 0 0 0 0 0 0 0 0 0.357528 0 0.357528 0.357528 -4.21918 0 0 0 0 0 0 0 1.39454 0 0 0 0 0 0 0 1.39454 0 0 0 0 0 0 0 0 
0 0 0 0 0 0 0 0 0.357528 0 0 0 0 0 0 0 0 0 0 0 0 0 0 0 0 0 0 0 0 0 0 0 0.357528 0 0 0 0 0 0 0 -3.50413 0.697268 0.697268 0 0.697268 0 0 0 0 0 0 0 0 0 0 0 0.697268 0 0 0 0 0 0 0 
0 0 0 0 0 0 0 0 0 0.357528 0 0 0 0 0 0 0 0 0 0 0 0 0 0 0 0 0 0 0 0 0 0 0 0.357528 0 0 0 0 0 0 0.357528 -4.21029 0 1.0459 0 1.0459 0 0 0 0 0 0 0 0 0 0 0 1.0459 0 0 0 0 0 0 
0 0 0 0 0 0 0 0 0 0 0.357528 0 0 0 0 0 0 0 0 0 0 0 0 0 0 0 0 0 0 0 0 0 0 0 0.357528 0 0 0 0 0 0.357528 0 -4.21029 1.0459 0 0 1.0459 0 0 0 0 0 0 0 0 0 0 0 1.0459 0 0 0 0 0 
0 0 0 0 0 0 0 0 0 0 0 0.357528 0 0 0 0 0 0 0 0 0 0 0 0 0 0 0 0 0 0 0 0 0 0 0 0.357528 0 0 0 0 0 0.357528 0.357528 -4.21918 0 0 0 1.39454 0 0 0 0 0 0 0 0 0 0 0 1.39454 0 0 0 0 
0 0 0 0 0 0 0 0 0 0 0 0 0.357528 0 0 0 0 0 0 0 0 0 0 0 0 0 0 0 0 0 0 0 0 0 0 0 0.357528 0 0 0 0.357528 0 0 0 -4.21029 1.0459 1.0459 0 0 0 0 0 0 0 0 0 0 0 0 0 1.0459 0 0 0 
0 0 0 0 0 0 0 0 0 0 0 0 0 0.357528 0 0 0 0 0 0 0 0 0 0 0 0 0 0 0 0 0 0 0 0 0 0 0 0.357528 0 0 0 0.357528 0 0 0.357528 -4.21918 0 1.39454 0 0 0 0 0 0 0 0 0 0 0 0 0 1.39454 0 0 
0 0 0 0 0 0 0 0 0 0 0 0 0 0 0.357528 0 0 0 0 0 0 0 0 0 0 0 0 0 0 0 0 0 0 0 0 0 0 0 0.357528 0 0 0 0.357528 0 0.357528 0 -4.21918 1.39454 0 0 0 0 0 0 0 0 0 0 0 0 0 0 1.39454 0 
0 0 0 0 0 0 0 0 0 0 0 0 0 0 0 0.357528 0 0 0 0 0 0 0 0 0 0 0 0 0 0 0 0 0 0 0 0 0 0 0 0.357528 0 0 0 0.357528 0 0.357528 0.357528 -3.53081 0 0 0 0 0 0 0 0 0 0 0 0 0 0 0 1.74317 
0 0 0 0 0 0 0 0 0 0 0 0 0 0 0 0 0.357528 0 0 0 0 0 0 0 0 0 0 0 0 0 0 0 0.357528 0 0 0 0 0 0 0 0 0 0 0 0 0 0 0 -3.50413 0.697268 0.697268 0 0.697268 0 0 0 0.697268 0 0 0 0 0 0 0 
0 0 0 0 0 0 0 0 0 0 0 0 0 0 0 0 0 0.357528 0 0 0 0 0 0 0 0 0 0 0 0 0 0 0 0.357528 0 0 0 0 0 0 0 0 0 0 0 0 0 0 0.357528 -4.21029 0 1.0459 0 1.0459 0 0 0 1.0459 0 0 0 0 0 0 
0 0 0 0 0 0 0 0 0 0 0 0 0 0 0 0 0 0 0.357528 0 0 0 0 0 0 0 0 0 0 0 0 0 0 0 0.357528 0 0 0 0 0 0 0 0 0 0 0 0 0 0.357528 0 -4.21029 1.0459 0 0 1.0459 0 0 0 1.0459 0 0 0 0 0 
0 0 0 0 0 0 0 0 0 0 0 0 0 0 0 0 0 0 0 0.357528 0 0 0 0 0 0 0 0 0 0 0 0 0 0 0 0.357528 0 0 0 0 0 0 0 0 0 0 0 0 0 0.357528 0.357528 -4.21918 0 0 0 1.39454 0 0 0 1.39454 0 0 0 0 
0 0 0 0 0 0 0 0 0 0 0 0 0 0 0 0 0 0 0 0 0.357528 0 0 0 0 0 0 0 0 0 0 0 0 0 0 0 0.357528 0 0 0 0 0 0 0 0 0 0 0 0.357528 0 0 0 -4.21029 1.0459 1.0459 0 0 0 0 0 1.0459 0 0 0 
0 0 0 0 0 0 0 0 0 0 0 0 0 0 0 0 0 0 0 0 0 0.357528 0 0 0 0 0 0 0 0 0 0 0 0 0 0 0 0.357528 0 0 0 0 0 0 0 0 0 0 0 0.357528 0 0 0.357528 -4.21918 0 1.39454 0 0 0 0 0 1.39454 0 0 
0 0 0 0 0 0 0 0 0 0 0 0 0 0 0 0 0 0 0 0 0 0 0.357528 0 0 0 0 0 0 0 0 0 0 0 0 0 0 0 0.357528 0 0 0 0 0 0 0 0 0 0 0 0.357528 0 0.357528 0 -4.21918 1.39454 0 0 0 0 0 0 1.39454 0 
0 0 0 0 0 0 0 0 0 0 0 0 0 0 0 0 0 0 0 0 0 0 0 0.357528 0 0 0 0 0 0 0 0 0 0 0 0 0 0 0 0.357528 0 0 0 0 0 0 0 0 0 0 0 0.357528 0 0.357528 0.357528 -3.53081 0 0 0 0 0 0 0 1.74317 
0 0 0 0 0 0 0 0 0 0 0 0 0 0 0 0 0 0 0 0 0 0 0 0 0.357528 0 0 0 0 0 0 0 0 0 0 0 0 0 0 0 0.357528 0 0 0 0 0 0 0 0.357528 0 0 0 0 0 0 0 -4.21029 1.0459 1.0459 0 1.0459 0 0 0 
0 0 0 0 0 0 0 0 0 0 0 0 0 0 0 0 0 0 0 0 0 0 0 0 0 0.357528 0 0 0 0 0 0 0 0 0 0 0 0 0 0 0 0.357528 0 0 0 0 0 0 0 0.357528 0 0 0 0 0 0 0.357528 -4.21918 0 1.39454 0 1.39454 0 0 
0 0 0 0 0 0 0 0 0 0 0 0 0 0 0 0 0 0 0 0 0 0 0 0 0 0 0.357528 0 0 0 0 0 0 0 0 0 0 0 0 0 0 0 0.357528 0 0 0 0 0 0 0 0.357528 0 0 0 0 0 0.357528 0 -4.21918 1.39454 0 0 1.39454 0 
0 0 0 0 0 0 0 0 0 0 0 0 0 0 0 0 0 0 0 0 0 0 0 0 0 0 0 0.357528 0 0 0 0 0 0 0 0 0 0 0 0 0 0 0 0.357528 0 0 0 0 0 0 0 0.357528 0 0 0 0 0 0.357528 0.357528 -3.53081 0 0 0 1.74317 
0 0 0 0 0 0 0 0 0 0 0 0 0 0 0 0 0 0 0 0 0 0 0 0 0 0 0 0 0.357528 0 0 0 0 0 0 0 0 0 0 0 0 0 0 0 0.357528 0 0 0 0 0 0 0 0.357528 0 0 0 0.357528 0 0 0 -4.21918 1.39454 1.39454 0 
0 0 0 0 0 0 0 0 0 0 0 0 0 0 0 0 0 0 0 0 0 0 0 0 0 0 0 0 0 0.357528 0 0 0 0 0 0 0 0 0 0 0 0 0 0 0 0.357528 0 0 0 0 0 0 0 0.357528 0 0 0 0.357528 0 0 0.357528 -3.53081 0 1.74317 
0 0 0 0 0 0 0 0 0 0 0 0 0 0 0 0 0 0 0 0 0 0 0 0 0 0 0 0 0 0 0.357528 0 0 0 0 0 0 0 0 0 0 0 0 0 0 0 0.357528 0 0 0 0 0 0 0 0.357528 0 0 0 0.357528 0 0.357528 0 -3.53081 1.74317 
0 0 0 0 0 0 0 0 0 0 0 0 0 0 0 0 0 0 0 0 0 0 0 0 0 0 0 0 0 0 0 0.357528 0 0 0 0 0 0 0 0 0 0 0 0 0 0 0 0.357528 0 0 0 0 0 0 0 0.357528 0 0 0 0.357528 0 0.357528 0.357528 -2.14517 
