32
-0 0 0 0 0 0 0 0 0 0 0 0 0 0 0 0 0 0 0 0 0 0 0 0 0 0 0 0 0 0 0 0 
0.385798 -2.25125 0 0.466364 0 0.466364 0 0 0 0.466364 0 0 0 0 0 0 0 0.466364 0 0 0 0 0 0 0 0 0 0 0 0 0 0 
0.385798 0 -2.25125 0.466364 0 0 0.466364 0 0 0 0.466364 0 0 0 0 0 0 0 0.466364 0 0 0 0 0 0 0 0 0 0 0 0 0 
0 0.385798 0.385798 -3.56978 0 0 0 0.932727 0 0 0 0.932727 0 0 0 0 0 0 0 0.932727 0 0 0 0 0 0 0 0 0 0 0 0 
0.385798 0 0 0 -2.25125 0.466364 0.466364 0 0 0 0 0 0.466364 0 0 0 0 0 0 0 0.466364 0 0 0 0 0 0 0 0 0 0 0 
0 0.385798 0 0 0.385798 -3.56978 0 0.932727 0 0 0 0 0 0.932727 0 0 0 0 0 0 0 0.932727 0 0 0 0 0 0 0 0 0 0 
0 0 0.385798 0 0.385798 0 -3.56978 0.932727 0 0 0 0 0 0 0.932727 0 0 0 0 0 0 0 0.932727 0 0 0 0 0 0 0 0 0 
0 0 0 0.385798 0 0.385798 0.385798 -3.95557 0 0 0 0 0 0 0 1.39909 0 0 0 0 0 0 0 1.39909 0 0 0 0 0 0 0 0 
0.385798 0 0 0 0 0 0 0 -2.25125 0.466364 0.466364 0 0.466364 0 0 0 0 0 0 0 0 0 0 0 0.466364 0 0 0 0 0 0 0 
0 0.385798 0 0 0 0 0 0 0.385798 -3.56978 0 0.932727 0 0.932727 0 0 0 0 0 0 0 0 0 0 0 0.932727 0 0 0 0 0 0 
0 0 0.385798 0 0 0 0 0 0.385798 0 -3.56978 0.932727 0 0 0.932727 0 0 0 0 0 0 0 0 0 0 0 0.932727 0 0 0 0 0 
0 0 0 0.385798 0 0 0 0 0 0.385798 0.385798 -3.95557 0 0 0 1.39909 0 0 0 0 0 0 0 0 0 0 0 1.39909 0 0 0 0 
0 0 0 0 0.385798 0 0 0 0.385798 0 0 0 -3.56978 0.932727 0.932727 0 0 0 0 0 0 0 0 0 0 0 0 0 0.932727 0 0 0 
0 0 0 0 0 0.385798 0 0 0 0.385798 0 0 0.385798 -3.95557 0 1.39909 0 0 0 0 0 0 0 0 0 0 0 0 0 1.39909 0 0 
0 0 0 0 0 0 0.385798 0 0 0 0.385798 0 0.385798 0 -3.95557 1.39909 0 0 0 0 0 0 0 0 0 0 0 0 0 0 1.39909 0 
0 0 0 0 0 0 0 0.385798 0 0 0 0.385798 0 0.385798 0.385798 -3.40864 0 0 0 0 0 0 0 0 0 0 0 0 0 0 0 1.86545 
0.385798 0 0 0 0 0 0 0 0 0 0 0 0 0 0 0 -2.25125 0.466364 0.466364 0 0.466364 0 0 0 0.466364 0 0 0 0 0 0 0 
0 0.385798 0 0 0 0 0 0 0 0 0 0 0 0 0 0 0.385798 -3.56978 0 0.932727 0 0.932727 0 0 0 0.932727 0 0 0 0 0 0 
0 0 0.385798 0 0 0 0 0 0 0 0 0 0 0 0 0 0.385798 0 -3.56978 0.932727 0 0 0.932727 0 0 0 0.932727 0 0 0 0 0 
0 0 0 0.385798 0 0 0 0 0 0 0 0 0 0 0 0 0 0.385798 0.385798 -3.95557 0 0 0 1.39909 0 0 0 1.39909 0 0 0 0 
0 0 0 0 0.385798 0 0 0 0 0 0 0 0 0 0 0 0.385798 0 0 0 -3.56978 0.932727 0.932727 0 0 0 0 0 0.932727 0 0 0 
0 0 0 0 0 0.385798 0 0 0 0 0 0 0 0 0 0 0 0.385798 0 0 0.385798 -3.95557 0 1.39909 0 0 0 0 0 1.39909 0 0 
0 0 0 0 0 0 0.385798 0 0 0 0 0 0 0 0 0 0 0 0.385798 0 0.385798 0 -3.95557 1.39909 0 0 0 0 0 0 1.39909 0 
0 0 0 0 0 0 0 0.385798 0 0 0 0 0 0 0 0 0 0 0 0.385798 0 0.385798 0.385798 -3.40864 0 0 0 0 0 0 0 1.86545 
0 0 0 0 0 0 0 0 0.385798 0 0 0 0 0 0 0 0.385798 0 0 0 0 0 0 0 -3.56978 0.932727 0.932727 0 0.932727 0 0 0 
0 0 0 0 0 0 0 0 0 0.385798 0 0 0 0 0 0 0 0.385798 0 0 0 0 0 0 0.385798 -3.95557 0 1.39909 0 1.39909 0 0 
0 0 0 0 0 0 0 0 0 0 0.385798 0 0 0 0 0 0 0 0.385798 0 0 0 0 0 0.385798 0 -3.95557 1.39909 0 0 1.39909 0 
0 0 0 0 0 0 0 0 0 0 0 0.385798 0 0 0 0 0 0 0 0.385798 0 0 0 0 0 0.385798 0.385798 -3.40864 0 0 0 1.86545 
0 0 0 0 0 0 0 0 0 0 0 0 0.385798 0 0 0 0 0 0 0 0.385798 0 0 0 0.385798 0 0 0 -3.95557 1.39909 1.39909 0 
0 0 0 0 0 0 0 0 0 0 0 0 0 0.385798 0 0 0 0 0 0 0 0.385798 0 0 0 0.385798 0 0 0.385798 -3.40864 0 1.86545 
0 0 0 0 0 0 0 0 0 0 0 0 0 0 0.385798 0 0 0 0 0 0 0 0.385798 0 0 0 0.385798 0 0.385798 0 -3.40864 1.86545 
0 0 0 0 0 0 0 0 0 0 0 0 0 0 0 0.385798 0 0 0 0 0 0 0 0.385798 0 0 0 0.385798 0 0.385798 0.385798 -1.92899 
