32
-0 0 0 0 0 0 0 0 0 0 0 0 0 0 0 0 0 0 0 0 0 0 0 0 0 0 0 0 0 0 0 0 
0.388654 -2.03121 0 0.410639 0 0.410639 0 0 0 0.410639 0 0 0 0 0 0 0 0.410639 0 0 0 0 0 0 0 0 0 0 0 0 0 0 
0.388654 0 -2.03121 0.410639 0 0 0.410639 0 0 0 0.410639 0 0 0 0 0 0 0 0.410639 0 0 0 0 0 0 0 0 0 0 0 0 0 
0 0.388654 0.388654 -3.24114 0 0 0 0.821279 0 0 0 0.821279 0 0 0 0 0 0 0 0.821279 0 0 0 0 0 0 0 0 0 0 0 0 
0.388654 0 0 0 -2.03121 0.410639 0.410639 0 0 0 0 0 0.410639 0 0 0 0 0 0 0 0.410639 0 0 0 0 0 0 0 0 0 0 0 
0 0.388654 0 0 0.388654 -3.24114 0 0.821279 0 0 0 0 0 0.821279 0 0 0 0 0 0 0 0.821279 0 0 0 0 0 0 0 0 0 0 
0 0 0.388654 0 0.388654 0 -3.24114 0.821279 0 0 0 0 0 0 0.821279 0 0 0 0 0 0 0 0.821279 0 0 0 0 0 0 0 0 0 
0 0 0 0.388654 0 0.388654 0.388654 -3.6298 0 0 0 0 0 0 0 1.23192 0 0 0 0 0 0 0 1.23192 0 0 0 0 0 0 0 0 
0.388654 0 0 0 0 0 0 0 -2.03121 0.410639 0.410639 0 0.410639 0 0 0 0 0 0 0 0 0 0 0 0.410639 0 0 0 0 0 0 0 
0 0.388654 0 0 0 0 0 0 0.388654 -3.24114 0 0.821279 0 0.821279 0 0 0 0 0 0 0 0 0 0 0 0.821279 0 0 0 0 0 0 
0 0 0.388654 0 0 0 0 0 0.388654 0 -3.24114 0.821279 0 0 0.821279 0 0 0 0 0 0 0 0 0 0 0 0.821279 0 0 0 0 0 
0 0 0 0.388654 0 0 0 0 0 0.388654 0.388654 -3.6298 0 0 0 1.23192 0 0 0 0 0 0 0 0 0 0 0 1.23192 0 0 0 0 
0 0 0 0 0.388654 0 0 0 0.388654 0 0 0 -3.24114 0.821279 0.821279 0 0 0 0 0 0 0 0 0 0 0 0 0 0.821279 0 0 0 
0 0 0 0 0 0.388654 0 0 0 0.388654 0 0 0.388654 -3.6298 0 1.23192 0 0 0 0 0 0 0 0 0 0 0 0 0 1.23192 0 0 
0 0 0 0 0 0 0.388654 0 0 0 0.388654 0 0.388654 0 -3.6298 1.23192 0 0 0 0 0 0 0 0 0 0 0 0 0 0 1.23192 0 
0 0 0 0 0 0 0 0.388654 0 0 0 0.388654 0 0.388654 0.388654 -3.19717 0 0 0 0 0 0 0 0 0 0 0 0 0 0 0 1.64256 
0.388654 0 0 0 0 0 0 0 0 0 0 0 0 0 0 0 -2.03121 0.410639 0.410639 0 0.410639 0 0 0 0.410639 0 0 0 0 0 0 0 
0 0.388654 0 0 0 0 0 0 0 0 0 0 0 0 0 0 0.388654 -3.24114 0 0.821279 0 0.821279 0 0 0 0.821279 0 0 0 0 0 0 
0 0 0.388654 0 0 0 0 0 0 0 0 0 0 0 0 0 0.388654 0 -3.24114 0.821279 0 0 0.821279 0 0 0 0.821279 0 0 0 0 0 
0 0 0 0.388654 0 0 0 0 0 0 0 0 0 0 0 0 0 0.388654 0.388654 -3.6298 0 0 0 1.23192 0 0 0 1.23192 0 0 0 0 
0 0 0 0 0.388654 0 0 0 0 0 0 0 0 0 0 0 0.388654 0 0 0 -3.24114 0.821279 0.821279 0 0 0 0 0 0.821279 0 0 0 
0 0 0 0 0 0.388654 0 0 0 0 0 0 0 0 0 0 0 0.388654 0 0 0.388654 -3.6298 0 1.23192 0 0 0 0 0 1.23192 0 0 
0 0 0 0 0 0 0.388654 0 0 0 0 0 0 0 0 0 0 0 0.388654 0 0.388654 0 -3.6298 1.23192 0 0 0 0 0 0 1.23192 0 
0 0 0 0 0 0 0 0.388654 0 0 0 0 0 0 0 0 0 0 0 0.388654 0 0.388654 0.388654 -3.19717 0 0 0 0 0 0 0 1.64256 
0 0 0 0 0 0 0 0 0.388654 0 0 0 0 0 0 0 0.388654 0 0 0 0 0 0 0 -3.24114 0.821279 0.821279 0 0.821279 0 0 0 
0 0 0 0 0 0 0 0 0 0.388654 0 0 0 0 0 0 0 0.388654 0 0 0 0 0 0 0.388654 -3.6298 0 1.23192 0 1.23192 0 0 
0 0 0 0 0 0 0 0 0 0 0.388654 0 0 0 0 0 0 0 0.388654 0 0 0 0 0 0.388654 0 -3.6298 1.23192 0 0 1.23192 0 
0 0 0 0 0 0 0 0 0 0 0 0.388654 0 0 0 0 0 0 0 0.388654 0 0 0 0 0 0.388654 0.388654 -3.19717 0 0 0 1.64256 
0 0 0 0 0 0 0 0 0 0 0 0 0.388654 0 0 0 0 0 0 0 0.388654 0 0 0 0.388654 0 0 0 -3.6298 1.23192 1.23192 0 
0 0 0 0 0 0 0 0 0 0 0 0 0 0.388654 0 0 0 0 0 0 0 0.388654 0 0 0 0.388654 0 0 0.388654 -3.19717 0 1.64256 
0 0 0 0 0 0 0 0 0 0 0 0 0 0 0.388654 0 0 0 0 0 0 0 0.388654 0 0 0 0.388654 0 0.388654 0 -3.19717 1.64256 
0 0 0 0 0 0 0 0 0 0 0 0 0 0 0 0.388654 0 0 0 0 0 0 0 0.388654 0 0 0 0.388654 0 0.388654 0.388654 -1.94327 
