32
-0 0 0 0 0 0 0 0 0 0 0 0 0 0 0 0 0 0 0 0 0 0 0 0 0 0 0 0 0 0 0 0 
0.331967 -1.74637 0 0.3536 0 0.3536 0 0 0 0.3536 0 0 0 0 0 0 0 0.3536 0 0 0 0 0 0 0 0 0 0 0 0 0 0 
0.331967 0 -1.74637 0.3536 0 0 0.3536 0 0 0 0.3536 0 0 0 0 0 0 0 0.3536 0 0 0 0 0 0 0 0 0 0 0 0 0 
0 0.331967 0.331967 -2.78553 0 0 0 0.7072 0 0 0 0.7072 0 0 0 0 0 0 0 0.7072 0 0 0 0 0 0 0 0 0 0 0 0 
0.331967 0 0 0 -1.74637 0.3536 0.3536 0 0 0 0 0 0.3536 0 0 0 0 0 0 0 0.3536 0 0 0 0 0 0 0 0 0 0 0 
0 0.331967 0 0 0.331967 -2.78553 0 0.7072 0 0 0 0 0 0.7072 0 0 0 0 0 0 0 0.7072 0 0 0 0 0 0 0 0 0 0 
0 0 0.331967 0 0.331967 0 -2.78553 0.7072 0 0 0 0 0 0 0.7072 0 0 0 0 0 0 0 0.7072 0 0 0 0 0 0 0 0 0 
0 0 0 0.331967 0 0.331967 0.331967 -3.1175 0 0 0 0 0 0 0 1.0608 0 0 0 0 0 0 0 1.0608 0 0 0 0 0 0 0 0 
0.331967 0 0 0 0 0 0 0 -1.74637 0.3536 0.3536 0 0.3536 0 0 0 0 0 0 0 0 0 0 0 0.3536 0 0 0 0 0 0 0 
0 0.331967 0 0 0 0 0 0 0.331967 -2.78553 0 0.7072 0 0.7072 0 0 0 0 0 0 0 0 0 0 0 0.7072 0 0 0 0 0 0 
0 0 0.331967 0 0 0 0 0 0.331967 0 -2.78553 0.7072 0 0 0.7072 0 0 0 0 0 0 0 0 0 0 0 0.7072 0 0 0 0 0 
0 0 0 0.331967 0 0 0 0 0 0.331967 0.331967 -3.1175 0 0 0 1.0608 0 0 0 0 0 0 0 0 0 0 0 1.0608 0 0 0 0 
0 0 0 0 0.331967 0 0 0 0.331967 0 0 0 -2.78553 0.7072 0.7072 0 0 0 0 0 0 0 0 0 0 0 0 0 0.7072 0 0 0 
0 0 0 0 0 0.331967 0 0 0 0.331967 0 0 0.331967 -3.1175 0 1.0608 0 0 0 0 0 0 0 0 0 0 0 0 0 1.0608 0 0 
0 0 0 0 0 0 0.331967 0 0 0 0.331967 0 0.331967 0 -3.1175 1.0608 0 0 0 0 0 0 0 0 0 0 0 0 0 0 1.0608 0 
0 0 0 0 0 0 0 0.331967 0 0 0 0.331967 0 0.331967 0.331967 -2.74227 0 0 0 0 0 0 0 0 0 0 0 0 0 0 0 1.4144 
0.331967 0 0 0 0 0 0 0 0 0 0 0 0 0 0 0 -1.74637 0.3536 0.3536 0 0.3536 0 0 0 0.3536 0 0 0 0 0 0 0 
0 0.331967 0 0 0 0 0 0 0 0 0 0 0 0 0 0 0.331967 -2.78553 0 0.7072 0 0.7072 0 0 0 0.7072 0 0 0 0 0 0 
0 0 0.331967 0 0 0 0 0 0 0 0 0 0 0 0 0 0.331967 0 -2.78553 0.7072 0 0 0.7072 0 0 0 0.7072 0 0 0 0 0 
0 0 0 0.331967 0 0 0 0 0 0 0 0 0 0 0 0 0 0.331967 0.331967 -3.1175 0 0 0 1.0608 0 0 0 1.0608 0 0 0 0 
0 0 0 0 0.331967 0 0 0 0 0 0 0 0 0 0 0 0.331967 0 0 0 -2.78553 0.7072 0.7072 0 0 0 0 0 0.7072 0 0 0 
0 0 0 0 0 0.331967 0 0 0 0 0 0 0 0 0 0 0 0.331967 0 0 0.331967 -3.1175 0 1.0608 0 0 0 0 0 1.0608 0 0 
0 0 0 0 0 0 0.331967 0 0 0 0 0 0 0 0 0 0 0 0.331967 0 0.331967 0 -3.1175 1.0608 0 0 0 0 0 0 1.0608 0 
0 0 0 0 0 0 0 0.331967 0 0 0 0 0 0 0 0 0 0 0 0.331967 0 0.331967 0.331967 -2.74227 0 0 0 0 0 0 0 1.4144 
0 0 0 0 0 0 0 0 0.331967 0 0 0 0 0 0 0 0.331967 0 0 0 0 0 0 0 -2.78553 0.7072 0.7072 0 0.7072 0 0 0 
0 0 0 0 0 0 0 0 0 0.331967 0 0 0 0 0 0 0 0.331967 0 0 0 0 0 0 0.331967 -3.1175 0 1.0608 0 1.0608 0 0 
0 0 0 0 0 0 0 0 0 0 0.331967 0 0 0 0 0 0 0 0.331967 0 0 0 0 0 0.331967 0 -3.1175 1.0608 0 0 1.0608 0 
0 0 0 0 0 0 0 0 0 0 0 0.331967 0 0 0 0 0 0 0 0.331967 0 0 0 0 0 0.331967 0.331967 -2.74227 0 0 0 1.4144 
0 0 0 0 0 0 0 0 0 0 0 0 0.331967 0 0 0 0 0 0 0 0.331967 0 0 0 0.331967 0 0 0 -3.1175 1.0608 1.0608 0 
0 0 0 0 0 0 0 0 0 0 0 0 0 0.331967 0 0 0 0 0 0 0 0.331967 0 0 0 0.331967 0 0 0.331967 -2.74227 0 1.4144 
0 0 0 0 0 0 0 0 0 0 0 0 0 0 0.331967 0 0 0 0 0 0 0 0.331967 0 0 0 0.331967 0 0.331967 0 -2.74227 1.4144 
0 0 0 0 0 0 0 0 0 0 0 0 0 0 0 0.331967 0 0 0 0 0 0 0 0.331967 0 0 0 0.331967 0 0.331967 0.331967 -1.65984 
