32
-0 0 0 0 0 0 0 0 0 0 0 0 0 0 0 0 0 0 0 0 0 0 0 0 0 0 0 0 0 0 0 0 
0.212865 -1.36678 0 0.288478 0 0.288478 0 0 0 0.288478 0 0 0 0 0 0 0 0.288478 0 0 0 0 0 0 0 0 0 0 0 0 0 0 
0.212865 0 -1.36678 0.288478 0 0 0.288478 0 0 0 0.288478 0 0 0 0 0 0 0 0.288478 0 0 0 0 0 0 0 0 0 0 0 0 0 
0 0.212865 0.212865 -2.1566 0 0 0 0.576957 0 0 0 0.576957 0 0 0 0 0 0 0 0.576957 0 0 0 0 0 0 0 0 0 0 0 0 
0.212865 0 0 0 -1.36678 0.288478 0.288478 0 0 0 0 0 0.288478 0 0 0 0 0 0 0 0.288478 0 0 0 0 0 0 0 0 0 0 0 
0 0.212865 0 0 0.212865 -2.1566 0 0.576957 0 0 0 0 0 0.576957 0 0 0 0 0 0 0 0.576957 0 0 0 0 0 0 0 0 0 0 
0 0 0.212865 0 0.212865 0 -2.1566 0.576957 0 0 0 0 0 0 0.576957 0 0 0 0 0 0 0 0.576957 0 0 0 0 0 0 0 0 0 
0 0 0 0.212865 0 0.212865 0.212865 -2.36947 0 0 0 0 0 0 0 0.865435 0 0 0 0 0 0 0 0.865435 0 0 0 0 0 0 0 0 
0.212865 0 0 0 0 0 0 0 -1.36678 0.288478 0.288478 0 0.288478 0 0 0 0 0 0 0 0 0 0 0 0.288478 0 0 0 0 0 0 0 
0 0.212865 0 0 0 0 0 0 0.212865 -2.1566 0 0.576957 0 0.576957 0 0 0 0 0 0 0 0 0 0 0 0.576957 0 0 0 0 0 0 
0 0 0.212865 0 0 0 0 0 0.212865 0 -2.1566 0.576957 0 0 0.576957 0 0 0 0 0 0 0 0 0 0 0 0.576957 0 0 0 0 0 
0 0 0 0.212865 0 0 0 0 0 0.212865 0.212865 -2.36947 0 0 0 0.865435 0 0 0 0 0 0 0 0 0 0 0 0.865435 0 0 0 0 
0 0 0 0 0.212865 0 0 0 0.212865 0 0 0 -2.1566 0.576957 0.576957 0 0 0 0 0 0 0 0 0 0 0 0 0 0.576957 0 0 0 
0 0 0 0 0 0.212865 0 0 0 0.212865 0 0 0.212865 -2.36947 0 0.865435 0 0 0 0 0 0 0 0 0 0 0 0 0 0.865435 0 0 
0 0 0 0 0 0 0.212865 0 0 0 0.212865 0 0.212865 0 -2.36947 0.865435 0 0 0 0 0 0 0 0 0 0 0 0 0 0 0.865435 0 
0 0 0 0 0 0 0 0.212865 0 0 0 0.212865 0 0.212865 0.212865 -2.00537 0 0 0 0 0 0 0 0 0 0 0 0 0 0 0 1.15391 
0.212865 0 0 0 0 0 0 0 0 0 0 0 0 0 0 0 -1.36678 0.288478 0.288478 0 0.288478 0 0 0 0.288478 0 0 0 0 0 0 0 
0 0.212865 0 0 0 0 0 0 0 0 0 0 0 0 0 0 0.212865 -2.1566 0 0.576957 0 0.576957 0 0 0 0.576957 0 0 0 0 0 0 
0 0 0.212865 0 0 0 0 0 0 0 0 0 0 0 0 0 0.212865 0 -2.1566 0.576957 0 0 0.576957 0 0 0 0.576957 0 0 0 0 0 
0 0 0 0.212865 0 0 0 0 0 0 0 0 0 0 0 0 0 0.212865 0.212865 -2.36947 0 0 0 0.865435 0 0 0 0.865435 0 0 0 0 
0 0 0 0 0.212865 0 0 0 0 0 0 0 0 0 0 0 0.212865 0 0 0 -2.1566 0.576957 0.576957 0 0 0 0 0 0.576957 0 0 0 
0 0 0 0 0 0.212865 0 0 0 0 0 0 0 0 0 0 0 0.212865 0 0 0.212865 -2.36947 0 0.865435 0 0 0 0 0 0.865435 0 0 
0 0 0 0 0 0 0.212865 0 0 0 0 0 0 0 0 0 0 0 0.212865 0 0.212865 0 -2.36947 0.865435 0 0 0 0 0 0 0.865435 0 
0 0 0 0 0 0 0 0.212865 0 0 0 0 0 0 0 0 0 0 0 0.212865 0 0.212865 0.212865 -2.00537 0 0 0 0 0 0 0 1.15391 
0 0 0 0 0 0 0 0 0.212865 0 0 0 0 0 0 0 0.212865 0 0 0 0 0 0 0 -2.1566 0.576957 0.576957 0 0.576957 0 0 0 
0 0 0 0 0 0 0 0 0 0.212865 0 0 0 0 0 0 0 0.212865 0 0 0 0 0 0 0.212865 -2.36947 0 0.865435 0 0.865435 0 0 
0 0 0 0 0 0 0 0 0 0 0.212865 0 0 0 0 0 0 0 0.212865 0 0 0 0 0 0.212865 0 -2.36947 0.865435 0 0 0.865435 0 
0 0 0 0 0 0 0 0 0 0 0 0.212865 0 0 0 0 0 0 0 0.212865 0 0 0 0 0 0.212865 0.212865 -2.00537 0 0 0 1.15391 
0 0 0 0 0 0 0 0 0 0 0 0 0.212865 0 0 0 0 0 0 0 0.212865 0 0 0 0.212865 0 0 0 -2.36947 0.865435 0.865435 0 
0 0 0 0 0 0 0 0 0 0 0 0 0 0.212865 0 0 0 0 0 0 0 0.212865 0 0 0 0.212865 0 0 0.212865 -2.00537 0 1.15391 
0 0 0 0 0 0 0 0 0 0 0 0 0 0 0.212865 0 0 0 0 0 0 0 0.212865 0 0 0 0.212865 0 0.212865 0 -2.00537 1.15391 
0 0 0 0 0 0 0 0 0 0 0 0 0 0 0 0.212865 0 0 0 0 0 0 0 0.212865 0 0 0 0.212865 0 0.212865 0.212865 -1.06432 
