32
-0 0 0 0 0 0 0 0 0 0 0 0 0 0 0 0 0 0 0 0 0 0 0 0 0 0 0 0 0 0 0 0 
0.369857 -1.87163 0 0.375444 0 0.375444 0 0 0 0.375444 0 0 0 0 0 0 0 0.375444 0 0 0 0 0 0 0 0 0 0 0 0 0 0 
0.369857 0 -1.87163 0.375444 0 0 0.375444 0 0 0 0.375444 0 0 0 0 0 0 0 0.375444 0 0 0 0 0 0 0 0 0 0 0 0 0 
0 0.369857 0.369857 -2.99238 0 0 0 0.750888 0 0 0 0.750888 0 0 0 0 0 0 0 0.750888 0 0 0 0 0 0 0 0 0 0 0 0 
0.369857 0 0 0 -1.87163 0.375444 0.375444 0 0 0 0 0 0.375444 0 0 0 0 0 0 0 0.375444 0 0 0 0 0 0 0 0 0 0 0 
0 0.369857 0 0 0.369857 -2.99238 0 0.750888 0 0 0 0 0 0.750888 0 0 0 0 0 0 0 0.750888 0 0 0 0 0 0 0 0 0 0 
0 0 0.369857 0 0.369857 0 -2.99238 0.750888 0 0 0 0 0 0 0.750888 0 0 0 0 0 0 0 0.750888 0 0 0 0 0 0 0 0 0 
0 0 0 0.369857 0 0.369857 0.369857 -3.36224 0 0 0 0 0 0 0 1.12633 0 0 0 0 0 0 0 1.12633 0 0 0 0 0 0 0 0 
0.369857 0 0 0 0 0 0 0 -1.87163 0.375444 0.375444 0 0.375444 0 0 0 0 0 0 0 0 0 0 0 0.375444 0 0 0 0 0 0 0 
0 0.369857 0 0 0 0 0 0 0.369857 -2.99238 0 0.750888 0 0.750888 0 0 0 0 0 0 0 0 0 0 0 0.750888 0 0 0 0 0 0 
0 0 0.369857 0 0 0 0 0 0.369857 0 -2.99238 0.750888 0 0 0.750888 0 0 0 0 0 0 0 0 0 0 0 0.750888 0 0 0 0 0 
0 0 0 0.369857 0 0 0 0 0 0.369857 0.369857 -3.36224 0 0 0 1.12633 0 0 0 0 0 0 0 0 0 0 0 1.12633 0 0 0 0 
0 0 0 0 0.369857 0 0 0 0.369857 0 0 0 -2.99238 0.750888 0.750888 0 0 0 0 0 0 0 0 0 0 0 0 0 0.750888 0 0 0 
0 0 0 0 0 0.369857 0 0 0 0.369857 0 0 0.369857 -3.36224 0 1.12633 0 0 0 0 0 0 0 0 0 0 0 0 0 1.12633 0 0 
0 0 0 0 0 0 0.369857 0 0 0 0.369857 0 0.369857 0 -3.36224 1.12633 0 0 0 0 0 0 0 0 0 0 0 0 0 0 1.12633 0 
0 0 0 0 0 0 0 0.369857 0 0 0 0.369857 0 0.369857 0.369857 -2.9812 0 0 0 0 0 0 0 0 0 0 0 0 0 0 0 1.50178 
0.369857 0 0 0 0 0 0 0 0 0 0 0 0 0 0 0 -1.87163 0.375444 0.375444 0 0.375444 0 0 0 0.375444 0 0 0 0 0 0 0 
0 0.369857 0 0 0 0 0 0 0 0 0 0 0 0 0 0 0.369857 -2.99238 0 0.750888 0 0.750888 0 0 0 0.750888 0 0 0 0 0 0 
0 0 0.369857 0 0 0 0 0 0 0 0 0 0 0 0 0 0.369857 0 -2.99238 0.750888 0 0 0.750888 0 0 0 0.750888 0 0 0 0 0 
0 0 0 0.369857 0 0 0 0 0 0 0 0 0 0 0 0 0 0.369857 0.369857 -3.36224 0 0 0 1.12633 0 0 0 1.12633 0 0 0 0 
0 0 0 0 0.369857 0 0 0 0 0 0 0 0 0 0 0 0.369857 0 0 0 -2.99238 0.750888 0.750888 0 0 0 0 0 0.750888 0 0 0 
0 0 0 0 0 0.369857 0 0 0 0 0 0 0 0 0 0 0 0.369857 0 0 0.369857 -3.36224 0 1.12633 0 0 0 0 0 1.12633 0 0 
0 0 0 0 0 0 0.369857 0 0 0 0 0 0 0 0 0 0 0 0.369857 0 0.369857 0 -3.36224 1.12633 0 0 0 0 0 0 1.12633 0 
0 0 0 0 0 0 0 0.369857 0 0 0 0 0 0 0 0 0 0 0 0.369857 0 0.369857 0.369857 -2.9812 0 0 0 0 0 0 0 1.50178 
0 0 0 0 0 0 0 0 0.369857 0 0 0 0 0 0 0 0.369857 0 0 0 0 0 0 0 -2.99238 0.750888 0.750888 0 0.750888 0 0 0 
0 0 0 0 0 0 0 0 0 0.369857 0 0 0 0 0 0 0 0.369857 0 0 0 0 0 0 0.369857 -3.36224 0 1.12633 0 1.12633 0 0 
0 0 0 0 0 0 0 0 0 0 0.369857 0 0 0 0 0 0 0 0.369857 0 0 0 0 0 0.369857 0 -3.36224 1.12633 0 0 1.12633 0 
0 0 0 0 0 0 0 0 0 0 0 0.369857 0 0 0 0 0 0 0 0.369857 0 0 0 0 0 0.369857 0.369857 -2.9812 0 0 0 1.50178 
0 0 0 0 0 0 0 0 0 0 0 0 0.369857 0 0 0 0 0 0 0 0.369857 0 0 0 0.369857 0 0 0 -3.36224 1.12633 1.12633 0 
0 0 0 0 0 0 0 0 0 0 0 0 0 0.369857 0 0 0 0 0 0 0 0.369857 0 0 0 0.369857 0 0 0.369857 -2.9812 0 1.50178 
0 0 0 0 0 0 0 0 0 0 0 0 0 0 0.369857 0 0 0 0 0 0 0 0.369857 0 0 0 0.369857 0 0.369857 0 -2.9812 1.50178 
0 0 0 0 0 0 0 0 0 0 0 0 0 0 0 0.369857 0 0 0 0 0 0 0 0.369857 0 0 0 0.369857 0 0.369857 0.369857 -1.84928 
