32
-0 0 0 0 0 0 0 0 0 0 0 0 0 0 0 0 0 0 0 0 0 0 0 0 0 0 0 0 0 0 0 0 
0.180259 -1.10365 0 0.230848 0 0.230848 0 0 0 0.230848 0 0 0 0 0 0 0 0.230848 0 0 0 0 0 0 0 0 0 0 0 0 0 0 
0.180259 0 -1.10365 0.230848 0 0 0.230848 0 0 0 0.230848 0 0 0 0 0 0 0 0.230848 0 0 0 0 0 0 0 0 0 0 0 0 0 
0 0.180259 0.180259 -1.74561 0 0 0 0.461696 0 0 0 0.461696 0 0 0 0 0 0 0 0.461696 0 0 0 0 0 0 0 0 0 0 0 0 
0.180259 0 0 0 -1.10365 0.230848 0.230848 0 0 0 0 0 0.230848 0 0 0 0 0 0 0 0.230848 0 0 0 0 0 0 0 0 0 0 0 
0 0.180259 0 0 0.180259 -1.74561 0 0.461696 0 0 0 0 0 0.461696 0 0 0 0 0 0 0 0.461696 0 0 0 0 0 0 0 0 0 0 
0 0 0.180259 0 0.180259 0 -1.74561 0.461696 0 0 0 0 0 0 0.461696 0 0 0 0 0 0 0 0.461696 0 0 0 0 0 0 0 0 0 
0 0 0 0.180259 0 0.180259 0.180259 -1.92586 0 0 0 0 0 0 0 0.692544 0 0 0 0 0 0 0 0.692544 0 0 0 0 0 0 0 0 
0.180259 0 0 0 0 0 0 0 -1.10365 0.230848 0.230848 0 0.230848 0 0 0 0 0 0 0 0 0 0 0 0.230848 0 0 0 0 0 0 0 
0 0.180259 0 0 0 0 0 0 0.180259 -1.74561 0 0.461696 0 0.461696 0 0 0 0 0 0 0 0 0 0 0 0.461696 0 0 0 0 0 0 
0 0 0.180259 0 0 0 0 0 0.180259 0 -1.74561 0.461696 0 0 0.461696 0 0 0 0 0 0 0 0 0 0 0 0.461696 0 0 0 0 0 
0 0 0 0.180259 0 0 0 0 0 0.180259 0.180259 -1.92586 0 0 0 0.692544 0 0 0 0 0 0 0 0 0 0 0 0.692544 0 0 0 0 
0 0 0 0 0.180259 0 0 0 0.180259 0 0 0 -1.74561 0.461696 0.461696 0 0 0 0 0 0 0 0 0 0 0 0 0 0.461696 0 0 0 
0 0 0 0 0 0.180259 0 0 0 0.180259 0 0 0.180259 -1.92586 0 0.692544 0 0 0 0 0 0 0 0 0 0 0 0 0 0.692544 0 0 
0 0 0 0 0 0 0.180259 0 0 0 0.180259 0 0.180259 0 -1.92586 0.692544 0 0 0 0 0 0 0 0 0 0 0 0 0 0 0.692544 0 
0 0 0 0 0 0 0 0.180259 0 0 0 0.180259 0 0.180259 0.180259 -1.64443 0 0 0 0 0 0 0 0 0 0 0 0 0 0 0 0.923392 
0.180259 0 0 0 0 0 0 0 0 0 0 0 0 0 0 0 -1.10365 0.230848 0.230848 0 0.230848 0 0 0 0.230848 0 0 0 0 0 0 0 
0 0.180259 0 0 0 0 0 0 0 0 0 0 0 0 0 0 0.180259 -1.74561 0 0.461696 0 0.461696 0 0 0 0.461696 0 0 0 0 0 0 
0 0 0.180259 0 0 0 0 0 0 0 0 0 0 0 0 0 0.180259 0 -1.74561 0.461696 0 0 0.461696 0 0 0 0.461696 0 0 0 0 0 
0 0 0 0.180259 0 0 0 0 0 0 0 0 0 0 0 0 0 0.180259 0.180259 -1.92586 0 0 0 0.692544 0 0 0 0.692544 0 0 0 0 
0 0 0 0 0.180259 0 0 0 0 0 0 0 0 0 0 0 0.180259 0 0 0 -1.74561 0.461696 0.461696 0 0 0 0 0 0.461696 0 0 0 
0 0 0 0 0 0.180259 0 0 0 0 0 0 0 0 0 0 0 0.180259 0 0 0.180259 -1.92586 0 0.692544 0 0 0 0 0 0.692544 0 0 
0 0 0 0 0 0 0.180259 0 0 0 0 0 0 0 0 0 0 0 0.180259 0 0.180259 0 -1.92586 0.692544 0 0 0 0 0 0 0.692544 0 
0 0 0 0 0 0 0 0.180259 0 0 0 0 0 0 0 0 0 0 0 0.180259 0 0.180259 0.180259 -1.64443 0 0 0 0 0 0 0 0.923392 
0 0 0 0 0 0 0 0 0.180259 0 0 0 0 0 0 0 0.180259 0 0 0 0 0 0 0 -1.74561 0.461696 0.461696 0 0.461696 0 0 0 
0 0 0 0 0 0 0 0 0 0.180259 0 0 0 0 0 0 0 0.180259 0 0 0 0 0 0 0.180259 -1.92586 0 0.692544 0 0.692544 0 0 
0 0 0 0 0 0 0 0 0 0 0.180259 0 0 0 0 0 0 0 0.180259 0 0 0 0 0 0.180259 0 -1.92586 0.692544 0 0 0.692544 0 
0 0 0 0 0 0 0 0 0 0 0 0.180259 0 0 0 0 0 0 0 0.180259 0 0 0 0 0 0.180259 0.180259 -1.64443 0 0 0 0.923392 
0 0 0 0 0 0 0 0 0 0 0 0 0.180259 0 0 0 0 0 0 0 0.180259 0 0 0 0.180259 0 0 0 -1.92586 0.692544 0.692544 0 
0 0 0 0 0 0 0 0 0 0 0 0 0 0.180259 0 0 0 0 0 0 0 0.180259 0 0 0 0.180259 0 0 0.180259 -1.64443 0 0.923392 
0 0 0 0 0 0 0 0 0 0 0 0 0 0 0.180259 0 0 0 0 0 0 0 0.180259 0 0 0 0.180259 0 0.180259 0 -1.64443 0.923392 
0 0 0 0 0 0 0 0 0 0 0 0 0 0 0 0.180259 0 0 0 0 0 0 0 0.180259 0 0 0 0.180259 0 0.180259 0.180259 -0.901294 
