32
-0 0 0 0 0 0 0 0 0 0 0 0 0 0 0 0 0 0 0 0 0 0 0 0 0 0 0 0 0 0 0 0 
0.336205 -1.86679 0 0.382645 0 0.382645 0 0 0 0.382645 0 0 0 0 0 0 0 0.382645 0 0 0 0 0 0 0 0 0 0 0 0 0 0 
0.336205 0 -1.86679 0.382645 0 0 0.382645 0 0 0 0.382645 0 0 0 0 0 0 0 0.382645 0 0 0 0 0 0 0 0 0 0 0 0 0 
0 0.336205 0.336205 -2.96828 0 0 0 0.76529 0 0 0 0.76529 0 0 0 0 0 0 0 0.76529 0 0 0 0 0 0 0 0 0 0 0 0 
0.336205 0 0 0 -1.86679 0.382645 0.382645 0 0 0 0 0 0.382645 0 0 0 0 0 0 0 0.382645 0 0 0 0 0 0 0 0 0 0 0 
0 0.336205 0 0 0.336205 -2.96828 0 0.76529 0 0 0 0 0 0.76529 0 0 0 0 0 0 0 0.76529 0 0 0 0 0 0 0 0 0 0 
0 0 0.336205 0 0.336205 0 -2.96828 0.76529 0 0 0 0 0 0 0.76529 0 0 0 0 0 0 0 0.76529 0 0 0 0 0 0 0 0 0 
0 0 0 0.336205 0 0.336205 0.336205 -3.30449 0 0 0 0 0 0 0 1.14793 0 0 0 0 0 0 0 1.14793 0 0 0 0 0 0 0 0 
0.336205 0 0 0 0 0 0 0 -1.86679 0.382645 0.382645 0 0.382645 0 0 0 0 0 0 0 0 0 0 0 0.382645 0 0 0 0 0 0 0 
0 0.336205 0 0 0 0 0 0 0.336205 -2.96828 0 0.76529 0 0.76529 0 0 0 0 0 0 0 0 0 0 0 0.76529 0 0 0 0 0 0 
0 0 0.336205 0 0 0 0 0 0.336205 0 -2.96828 0.76529 0 0 0.76529 0 0 0 0 0 0 0 0 0 0 0 0.76529 0 0 0 0 0 
0 0 0 0.336205 0 0 0 0 0 0.336205 0.336205 -3.30449 0 0 0 1.14793 0 0 0 0 0 0 0 0 0 0 0 1.14793 0 0 0 0 
0 0 0 0 0.336205 0 0 0 0.336205 0 0 0 -2.96828 0.76529 0.76529 0 0 0 0 0 0 0 0 0 0 0 0 0 0.76529 0 0 0 
0 0 0 0 0 0.336205 0 0 0 0.336205 0 0 0.336205 -3.30449 0 1.14793 0 0 0 0 0 0 0 0 0 0 0 0 0 1.14793 0 0 
0 0 0 0 0 0 0.336205 0 0 0 0.336205 0 0.336205 0 -3.30449 1.14793 0 0 0 0 0 0 0 0 0 0 0 0 0 0 1.14793 0 
0 0 0 0 0 0 0 0.336205 0 0 0 0.336205 0 0.336205 0.336205 -2.8754 0 0 0 0 0 0 0 0 0 0 0 0 0 0 0 1.53058 
0.336205 0 0 0 0 0 0 0 0 0 0 0 0 0 0 0 -1.86679 0.382645 0.382645 0 0.382645 0 0 0 0.382645 0 0 0 0 0 0 0 
0 0.336205 0 0 0 0 0 0 0 0 0 0 0 0 0 0 0.336205 -2.96828 0 0.76529 0 0.76529 0 0 0 0.76529 0 0 0 0 0 0 
0 0 0.336205 0 0 0 0 0 0 0 0 0 0 0 0 0 0.336205 0 -2.96828 0.76529 0 0 0.76529 0 0 0 0.76529 0 0 0 0 0 
0 0 0 0.336205 0 0 0 0 0 0 0 0 0 0 0 0 0 0.336205 0.336205 -3.30449 0 0 0 1.14793 0 0 0 1.14793 0 0 0 0 
0 0 0 0 0.336205 0 0 0 0 0 0 0 0 0 0 0 0.336205 0 0 0 -2.96828 0.76529 0.76529 0 0 0 0 0 0.76529 0 0 0 
0 0 0 0 0 0.336205 0 0 0 0 0 0 0 0 0 0 0 0.336205 0 0 0.336205 -3.30449 0 1.14793 0 0 0 0 0 1.14793 0 0 
0 0 0 0 0 0 0.336205 0 0 0 0 0 0 0 0 0 0 0 0.336205 0 0.336205 0 -3.30449 1.14793 0 0 0 0 0 0 1.14793 0 
0 0 0 0 0 0 0 0.336205 0 0 0 0 0 0 0 0 0 0 0 0.336205 0 0.336205 0.336205 -2.8754 0 0 0 0 0 0 0 1.53058 
0 0 0 0 0 0 0 0 0.336205 0 0 0 0 0 0 0 0.336205 0 0 0 0 0 0 0 -2.96828 0.76529 0.76529 0 0.76529 0 0 0 
0 0 0 0 0 0 0 0 0 0.336205 0 0 0 0 0 0 0 0.336205 0 0 0 0 0 0 0.336205 -3.30449 0 1.14793 0 1.14793 0 0 
0 0 0 0 0 0 0 0 0 0 0.336205 0 0 0 0 0 0 0 0.336205 0 0 0 0 0 0.336205 0 -3.30449 1.14793 0 0 1.14793 0 
0 0 0 0 0 0 0 0 0 0 0 0.336205 0 0 0 0 0 0 0 0.336205 0 0 0 0 0 0.336205 0.336205 -2.8754 0 0 0 1.53058 
0 0 0 0 0 0 0 0 0 0 0 0 0.336205 0 0 0 0 0 0 0 0.336205 0 0 0 0.336205 0 0 0 -3.30449 1.14793 1.14793 0 
0 0 0 0 0 0 0 0 0 0 0 0 0 0.336205 0 0 0 0 0 0 0 0.336205 0 0 0 0.336205 0 0 0.336205 -2.8754 0 1.53058 
0 0 0 0 0 0 0 0 0 0 0 0 0 0 0.336205 0 0 0 0 0 0 0 0.336205 0 0 0 0.336205 0 0.336205 0 -2.8754 1.53058 
0 0 0 0 0 0 0 0 0 0 0 0 0 0 0 0.336205 0 0 0 0 0 0 0 0.336205 0 0 0 0.336205 0 0.336205 0.336205 -1.68103 
