32
-0 0 0 0 0 0 0 0 0 0 0 0 0 0 0 0 0 0 0 0 0 0 0 0 0 0 0 0 0 0 0 0 
0.396579 -2.1651 0 0.442129 0 0.442129 0 0 0 0.442129 0 0 0 0 0 0 0 0.442129 0 0 0 0 0 0 0 0 0 0 0 0 0 0 
0.396579 0 -2.1651 0.442129 0 0 0.442129 0 0 0 0.442129 0 0 0 0 0 0 0 0.442129 0 0 0 0 0 0 0 0 0 0 0 0 0 
0 0.396579 0.396579 -3.44593 0 0 0 0.884258 0 0 0 0.884258 0 0 0 0 0 0 0 0.884258 0 0 0 0 0 0 0 0 0 0 0 0 
0.396579 0 0 0 -2.1651 0.442129 0.442129 0 0 0 0 0 0.442129 0 0 0 0 0 0 0 0.442129 0 0 0 0 0 0 0 0 0 0 0 
0 0.396579 0 0 0.396579 -3.44593 0 0.884258 0 0 0 0 0 0.884258 0 0 0 0 0 0 0 0.884258 0 0 0 0 0 0 0 0 0 0 
0 0 0.396579 0 0.396579 0 -3.44593 0.884258 0 0 0 0 0 0 0.884258 0 0 0 0 0 0 0 0.884258 0 0 0 0 0 0 0 0 0 
0 0 0 0.396579 0 0.396579 0.396579 -3.84251 0 0 0 0 0 0 0 1.32639 0 0 0 0 0 0 0 1.32639 0 0 0 0 0 0 0 0 
0.396579 0 0 0 0 0 0 0 -2.1651 0.442129 0.442129 0 0.442129 0 0 0 0 0 0 0 0 0 0 0 0.442129 0 0 0 0 0 0 0 
0 0.396579 0 0 0 0 0 0 0.396579 -3.44593 0 0.884258 0 0.884258 0 0 0 0 0 0 0 0 0 0 0 0.884258 0 0 0 0 0 0 
0 0 0.396579 0 0 0 0 0 0.396579 0 -3.44593 0.884258 0 0 0.884258 0 0 0 0 0 0 0 0 0 0 0 0.884258 0 0 0 0 0 
0 0 0 0.396579 0 0 0 0 0 0.396579 0.396579 -3.84251 0 0 0 1.32639 0 0 0 0 0 0 0 0 0 0 0 1.32639 0 0 0 0 
0 0 0 0 0.396579 0 0 0 0.396579 0 0 0 -3.44593 0.884258 0.884258 0 0 0 0 0 0 0 0 0 0 0 0 0 0.884258 0 0 0 
0 0 0 0 0 0.396579 0 0 0 0.396579 0 0 0.396579 -3.84251 0 1.32639 0 0 0 0 0 0 0 0 0 0 0 0 0 1.32639 0 0 
0 0 0 0 0 0 0.396579 0 0 0 0.396579 0 0.396579 0 -3.84251 1.32639 0 0 0 0 0 0 0 0 0 0 0 0 0 0 1.32639 0 
0 0 0 0 0 0 0 0.396579 0 0 0 0.396579 0 0.396579 0.396579 -3.35483 0 0 0 0 0 0 0 0 0 0 0 0 0 0 0 1.76852 
0.396579 0 0 0 0 0 0 0 0 0 0 0 0 0 0 0 -2.1651 0.442129 0.442129 0 0.442129 0 0 0 0.442129 0 0 0 0 0 0 0 
0 0.396579 0 0 0 0 0 0 0 0 0 0 0 0 0 0 0.396579 -3.44593 0 0.884258 0 0.884258 0 0 0 0.884258 0 0 0 0 0 0 
0 0 0.396579 0 0 0 0 0 0 0 0 0 0 0 0 0 0.396579 0 -3.44593 0.884258 0 0 0.884258 0 0 0 0.884258 0 0 0 0 0 
0 0 0 0.396579 0 0 0 0 0 0 0 0 0 0 0 0 0 0.396579 0.396579 -3.84251 0 0 0 1.32639 0 0 0 1.32639 0 0 0 0 
0 0 0 0 0.396579 0 0 0 0 0 0 0 0 0 0 0 0.396579 0 0 0 -3.44593 0.884258 0.884258 0 0 0 0 0 0.884258 0 0 0 
0 0 0 0 0 0.396579 0 0 0 0 0 0 0 0 0 0 0 0.396579 0 0 0.396579 -3.84251 0 1.32639 0 0 0 0 0 1.32639 0 0 
0 0 0 0 0 0 0.396579 0 0 0 0 0 0 0 0 0 0 0 0.396579 0 0.396579 0 -3.84251 1.32639 0 0 0 0 0 0 1.32639 0 
0 0 0 0 0 0 0 0.396579 0 0 0 0 0 0 0 0 0 0 0 0.396579 0 0.396579 0.396579 -3.35483 0 0 0 0 0 0 0 1.76852 
0 0 0 0 0 0 0 0 0.396579 0 0 0 0 0 0 0 0.396579 0 0 0 0 0 0 0 -3.44593 0.884258 0.884258 0 0.884258 0 0 0 
0 0 0 0 0 0 0 0 0 0.396579 0 0 0 0 0 0 0 0.396579 0 0 0 0 0 0 0.396579 -3.84251 0 1.32639 0 1.32639 0 0 
0 0 0 0 0 0 0 0 0 0 0.396579 0 0 0 0 0 0 0 0.396579 0 0 0 0 0 0.396579 0 -3.84251 1.32639 0 0 1.32639 0 
0 0 0 0 0 0 0 0 0 0 0 0.396579 0 0 0 0 0 0 0 0.396579 0 0 0 0 0 0.396579 0.396579 -3.35483 0 0 0 1.76852 
0 0 0 0 0 0 0 0 0 0 0 0 0.396579 0 0 0 0 0 0 0 0.396579 0 0 0 0.396579 0 0 0 -3.84251 1.32639 1.32639 0 
0 0 0 0 0 0 0 0 0 0 0 0 0 0.396579 0 0 0 0 0 0 0 0.396579 0 0 0 0.396579 0 0 0.396579 -3.35483 0 1.76852 
0 0 0 0 0 0 0 0 0 0 0 0 0 0 0.396579 0 0 0 0 0 0 0 0.396579 0 0 0 0.396579 0 0.396579 0 -3.35483 1.76852 
0 0 0 0 0 0 0 0 0 0 0 0 0 0 0 0.396579 0 0 0 0 0 0 0 0.396579 0 0 0 0.396579 0 0.396579 0.396579 -1.9829 
