32
-0 0 0 0 0 0 0 0 0 0 0 0 0 0 0 0 0 0 0 0 0 0 0 0 0 0 0 0 0 0 0 0 
0.251381 -1.44284 0 0.297865 0 0.297865 0 0 0 0.297865 0 0 0 0 0 0 0 0.297865 0 0 0 0 0 0 0 0 0 0 0 0 0 0 
0.251381 0 -1.44284 0.297865 0 0 0.297865 0 0 0 0.297865 0 0 0 0 0 0 0 0.297865 0 0 0 0 0 0 0 0 0 0 0 0 0 
0 0.251381 0.251381 -2.28995 0 0 0 0.595729 0 0 0 0.595729 0 0 0 0 0 0 0 0.595729 0 0 0 0 0 0 0 0 0 0 0 0 
0.251381 0 0 0 -1.44284 0.297865 0.297865 0 0 0 0 0 0.297865 0 0 0 0 0 0 0 0.297865 0 0 0 0 0 0 0 0 0 0 0 
0 0.251381 0 0 0.251381 -2.28995 0 0.595729 0 0 0 0 0 0.595729 0 0 0 0 0 0 0 0.595729 0 0 0 0 0 0 0 0 0 0 
0 0 0.251381 0 0.251381 0 -2.28995 0.595729 0 0 0 0 0 0 0.595729 0 0 0 0 0 0 0 0.595729 0 0 0 0 0 0 0 0 0 
0 0 0 0.251381 0 0.251381 0.251381 -2.54133 0 0 0 0 0 0 0 0.893594 0 0 0 0 0 0 0 0.893594 0 0 0 0 0 0 0 0 
0.251381 0 0 0 0 0 0 0 -1.44284 0.297865 0.297865 0 0.297865 0 0 0 0 0 0 0 0 0 0 0 0.297865 0 0 0 0 0 0 0 
0 0.251381 0 0 0 0 0 0 0.251381 -2.28995 0 0.595729 0 0.595729 0 0 0 0 0 0 0 0 0 0 0 0.595729 0 0 0 0 0 0 
0 0 0.251381 0 0 0 0 0 0.251381 0 -2.28995 0.595729 0 0 0.595729 0 0 0 0 0 0 0 0 0 0 0 0.595729 0 0 0 0 0 
0 0 0 0.251381 0 0 0 0 0 0.251381 0.251381 -2.54133 0 0 0 0.893594 0 0 0 0 0 0 0 0 0 0 0 0.893594 0 0 0 0 
0 0 0 0 0.251381 0 0 0 0.251381 0 0 0 -2.28995 0.595729 0.595729 0 0 0 0 0 0 0 0 0 0 0 0 0 0.595729 0 0 0 
0 0 0 0 0 0.251381 0 0 0 0.251381 0 0 0.251381 -2.54133 0 0.893594 0 0 0 0 0 0 0 0 0 0 0 0 0 0.893594 0 0 
0 0 0 0 0 0 0.251381 0 0 0 0.251381 0 0.251381 0 -2.54133 0.893594 0 0 0 0 0 0 0 0 0 0 0 0 0 0 0.893594 0 
0 0 0 0 0 0 0 0.251381 0 0 0 0.251381 0 0.251381 0.251381 -2.19698 0 0 0 0 0 0 0 0 0 0 0 0 0 0 0 1.19146 
0.251381 0 0 0 0 0 0 0 0 0 0 0 0 0 0 0 -1.44284 0.297865 0.297865 0 0.297865 0 0 0 0.297865 0 0 0 0 0 0 0 
0 0.251381 0 0 0 0 0 0 0 0 0 0 0 0 0 0 0.251381 -2.28995 0 0.595729 0 0.595729 0 0 0 0.595729 0 0 0 0 0 0 
0 0 0.251381 0 0 0 0 0 0 0 0 0 0 0 0 0 0.251381 0 -2.28995 0.595729 0 0 0.595729 0 0 0 0.595729 0 0 0 0 0 
0 0 0 0.251381 0 0 0 0 0 0 0 0 0 0 0 0 0 0.251381 0.251381 -2.54133 0 0 0 0.893594 0 0 0 0.893594 0 0 0 0 
0 0 0 0 0.251381 0 0 0 0 0 0 0 0 0 0 0 0.251381 0 0 0 -2.28995 0.595729 0.595729 0 0 0 0 0 0.595729 0 0 0 
0 0 0 0 0 0.251381 0 0 0 0 0 0 0 0 0 0 0 0.251381 0 0 0.251381 -2.54133 0 0.893594 0 0 0 0 0 0.893594 0 0 
0 0 0 0 0 0 0.251381 0 0 0 0 0 0 0 0 0 0 0 0.251381 0 0.251381 0 -2.54133 0.893594 0 0 0 0 0 0 0.893594 0 
0 0 0 0 0 0 0 0.251381 0 0 0 0 0 0 0 0 0 0 0 0.251381 0 0.251381 0.251381 -2.19698 0 0 0 0 0 0 0 1.19146 
0 0 0 0 0 0 0 0 0.251381 0 0 0 0 0 0 0 0.251381 0 0 0 0 0 0 0 -2.28995 0.595729 0.595729 0 0.595729 0 0 0 
0 0 0 0 0 0 0 0 0 0.251381 0 0 0 0 0 0 0 0.251381 0 0 0 0 0 0 0.251381 -2.54133 0 0.893594 0 0.893594 0 0 
0 0 0 0 0 0 0 0 0 0 0.251381 0 0 0 0 0 0 0 0.251381 0 0 0 0 0 0.251381 0 -2.54133 0.893594 0 0 0.893594 0 
0 0 0 0 0 0 0 0 0 0 0 0.251381 0 0 0 0 0 0 0 0.251381 0 0 0 0 0 0.251381 0.251381 -2.19698 0 0 0 1.19146 
0 0 0 0 0 0 0 0 0 0 0 0 0.251381 0 0 0 0 0 0 0 0.251381 0 0 0 0.251381 0 0 0 -2.54133 0.893594 0.893594 0 
0 0 0 0 0 0 0 0 0 0 0 0 0 0.251381 0 0 0 0 0 0 0 0.251381 0 0 0 0.251381 0 0 0.251381 -2.19698 0 1.19146 
0 0 0 0 0 0 0 0 0 0 0 0 0 0 0.251381 0 0 0 0 0 0 0 0.251381 0 0 0 0.251381 0 0.251381 0 -2.19698 1.19146 
0 0 0 0 0 0 0 0 0 0 0 0 0 0 0 0.251381 0 0 0 0 0 0 0 0.251381 0 0 0 0.251381 0 0.251381 0.251381 -1.25691 
