32
-0 0 0 0 0 0 0 0 0 0 0 0 0 0 0 0 0 0 0 0 0 0 0 0 0 0 0 0 0 0 0 0 
0.0541439 -0.78167 0 0.181881 0 0.181881 0 0 0 0.181881 0 0 0 0 0 0 0 0.181881 0 0 0 0 0 0 0 0 0 0 0 0 0 0 
0.0541439 0 -0.78167 0.181881 0 0 0.181881 0 0 0 0.181881 0 0 0 0 0 0 0 0.181881 0 0 0 0 0 0 0 0 0 0 0 0 0 
0 0.0541439 0.0541439 -1.19958 0 0 0 0.363763 0 0 0 0.363763 0 0 0 0 0 0 0 0.363763 0 0 0 0 0 0 0 0 0 0 0 0 
0.0541439 0 0 0 -0.78167 0.181881 0.181881 0 0 0 0 0 0.181881 0 0 0 0 0 0 0 0.181881 0 0 0 0 0 0 0 0 0 0 0 
0 0.0541439 0 0 0.0541439 -1.19958 0 0.363763 0 0 0 0 0 0.363763 0 0 0 0 0 0 0 0.363763 0 0 0 0 0 0 0 0 0 0 
0 0 0.0541439 0 0.0541439 0 -1.19958 0.363763 0 0 0 0 0 0 0.363763 0 0 0 0 0 0 0 0.363763 0 0 0 0 0 0 0 0 0 
0 0 0 0.0541439 0 0.0541439 0.0541439 -1.25372 0 0 0 0 0 0 0 0.545644 0 0 0 0 0 0 0 0.545644 0 0 0 0 0 0 0 0 
0.0541439 0 0 0 0 0 0 0 -0.78167 0.181881 0.181881 0 0.181881 0 0 0 0 0 0 0 0 0 0 0 0.181881 0 0 0 0 0 0 0 
0 0.0541439 0 0 0 0 0 0 0.0541439 -1.19958 0 0.363763 0 0.363763 0 0 0 0 0 0 0 0 0 0 0 0.363763 0 0 0 0 0 0 
0 0 0.0541439 0 0 0 0 0 0.0541439 0 -1.19958 0.363763 0 0 0.363763 0 0 0 0 0 0 0 0 0 0 0 0.363763 0 0 0 0 0 
0 0 0 0.0541439 0 0 0 0 0 0.0541439 0.0541439 -1.25372 0 0 0 0.545644 0 0 0 0 0 0 0 0 0 0 0 0.545644 0 0 0 0 
0 0 0 0 0.0541439 0 0 0 0.0541439 0 0 0 -1.19958 0.363763 0.363763 0 0 0 0 0 0 0 0 0 0 0 0 0 0.363763 0 0 0 
0 0 0 0 0 0.0541439 0 0 0 0.0541439 0 0 0.0541439 -1.25372 0 0.545644 0 0 0 0 0 0 0 0 0 0 0 0 0 0.545644 0 0 
0 0 0 0 0 0 0.0541439 0 0 0 0.0541439 0 0.0541439 0 -1.25372 0.545644 0 0 0 0 0 0 0 0 0 0 0 0 0 0 0.545644 0 
0 0 0 0 0 0 0 0.0541439 0 0 0 0.0541439 0 0.0541439 0.0541439 -0.944101 0 0 0 0 0 0 0 0 0 0 0 0 0 0 0 0.727526 
0.0541439 0 0 0 0 0 0 0 0 0 0 0 0 0 0 0 -0.78167 0.181881 0.181881 0 0.181881 0 0 0 0.181881 0 0 0 0 0 0 0 
0 0.0541439 0 0 0 0 0 0 0 0 0 0 0 0 0 0 0.0541439 -1.19958 0 0.363763 0 0.363763 0 0 0 0.363763 0 0 0 0 0 0 
0 0 0.0541439 0 0 0 0 0 0 0 0 0 0 0 0 0 0.0541439 0 -1.19958 0.363763 0 0 0.363763 0 0 0 0.363763 0 0 0 0 0 
0 0 0 0.0541439 0 0 0 0 0 0 0 0 0 0 0 0 0 0.0541439 0.0541439 -1.25372 0 0 0 0.545644 0 0 0 0.545644 0 0 0 0 
0 0 0 0 0.0541439 0 0 0 0 0 0 0 0 0 0 0 0.0541439 0 0 0 -1.19958 0.363763 0.363763 0 0 0 0 0 0.363763 0 0 0 
0 0 0 0 0 0.0541439 0 0 0 0 0 0 0 0 0 0 0 0.0541439 0 0 0.0541439 -1.25372 0 0.545644 0 0 0 0 0 0.545644 0 0 
0 0 0 0 0 0 0.0541439 0 0 0 0 0 0 0 0 0 0 0 0.0541439 0 0.0541439 0 -1.25372 0.545644 0 0 0 0 0 0 0.545644 0 
0 0 0 0 0 0 0 0.0541439 0 0 0 0 0 0 0 0 0 0 0 0.0541439 0 0.0541439 0.0541439 -0.944101 0 0 0 0 0 0 0 0.727526 
0 0 0 0 0 0 0 0 0.0541439 0 0 0 0 0 0 0 0.0541439 0 0 0 0 0 0 0 -1.19958 0.363763 0.363763 0 0.363763 0 0 0 
0 0 0 0 0 0 0 0 0 0.0541439 0 0 0 0 0 0 0 0.0541439 0 0 0 0 0 0 0.0541439 -1.25372 0 0.545644 0 0.545644 0 0 
0 0 0 0 0 0 0 0 0 0 0.0541439 0 0 0 0 0 0 0 0.0541439 0 0 0 0 0 0.0541439 0 -1.25372 0.545644 0 0 0.545644 0 
0 0 0 0 0 0 0 0 0 0 0 0.0541439 0 0 0 0 0 0 0 0.0541439 0 0 0 0 0 0.0541439 0.0541439 -0.944101 0 0 0 0.727526 
0 0 0 0 0 0 0 0 0 0 0 0 0.0541439 0 0 0 0 0 0 0 0.0541439 0 0 0 0.0541439 0 0 0 -1.25372 0.545644 0.545644 0 
0 0 0 0 0 0 0 0 0 0 0 0 0 0.0541439 0 0 0 0 0 0 0 0.0541439 0 0 0 0.0541439 0 0 0.0541439 -0.944101 0 0.727526 
0 0 0 0 0 0 0 0 0 0 0 0 0 0 0.0541439 0 0 0 0 0 0 0 0.0541439 0 0 0 0.0541439 0 0.0541439 0 -0.944101 0.727526 
0 0 0 0 0 0 0 0 0 0 0 0 0 0 0 0.0541439 0 0 0 0 0 0 0 0.0541439 0 0 0 0.0541439 0 0.0541439 0.0541439 -0.270719 
