32
-0 0 0 0 0 0 0 0 0 0 0 0 0 0 0 0 0 0 0 0 0 0 0 0 0 0 0 0 0 0 0 0 
0.170062 -1.09908 0 0.232254 0 0.232254 0 0 0 0.232254 0 0 0 0 0 0 0 0.232254 0 0 0 0 0 0 0 0 0 0 0 0 0 0 
0.170062 0 -1.09908 0.232254 0 0 0.232254 0 0 0 0.232254 0 0 0 0 0 0 0 0.232254 0 0 0 0 0 0 0 0 0 0 0 0 0 
0 0.170062 0.170062 -1.73365 0 0 0 0.464508 0 0 0 0.464508 0 0 0 0 0 0 0 0.464508 0 0 0 0 0 0 0 0 0 0 0 0 
0.170062 0 0 0 -1.09908 0.232254 0.232254 0 0 0 0 0 0.232254 0 0 0 0 0 0 0 0.232254 0 0 0 0 0 0 0 0 0 0 0 
0 0.170062 0 0 0.170062 -1.73365 0 0.464508 0 0 0 0 0 0.464508 0 0 0 0 0 0 0 0.464508 0 0 0 0 0 0 0 0 0 0 
0 0 0.170062 0 0.170062 0 -1.73365 0.464508 0 0 0 0 0 0 0.464508 0 0 0 0 0 0 0 0.464508 0 0 0 0 0 0 0 0 0 
0 0 0 0.170062 0 0.170062 0.170062 -1.90371 0 0 0 0 0 0 0 0.696761 0 0 0 0 0 0 0 0.696761 0 0 0 0 0 0 0 0 
0.170062 0 0 0 0 0 0 0 -1.09908 0.232254 0.232254 0 0.232254 0 0 0 0 0 0 0 0 0 0 0 0.232254 0 0 0 0 0 0 0 
0 0.170062 0 0 0 0 0 0 0.170062 -1.73365 0 0.464508 0 0.464508 0 0 0 0 0 0 0 0 0 0 0 0.464508 0 0 0 0 0 0 
0 0 0.170062 0 0 0 0 0 0.170062 0 -1.73365 0.464508 0 0 0.464508 0 0 0 0 0 0 0 0 0 0 0 0.464508 0 0 0 0 0 
0 0 0 0.170062 0 0 0 0 0 0.170062 0.170062 -1.90371 0 0 0 0.696761 0 0 0 0 0 0 0 0 0 0 0 0.696761 0 0 0 0 
0 0 0 0 0.170062 0 0 0 0.170062 0 0 0 -1.73365 0.464508 0.464508 0 0 0 0 0 0 0 0 0 0 0 0 0 0.464508 0 0 0 
0 0 0 0 0 0.170062 0 0 0 0.170062 0 0 0.170062 -1.90371 0 0.696761 0 0 0 0 0 0 0 0 0 0 0 0 0 0.696761 0 0 
0 0 0 0 0 0 0.170062 0 0 0 0.170062 0 0.170062 0 -1.90371 0.696761 0 0 0 0 0 0 0 0 0 0 0 0 0 0 0.696761 0 
0 0 0 0 0 0 0 0.170062 0 0 0 0.170062 0 0.170062 0.170062 -1.60926 0 0 0 0 0 0 0 0 0 0 0 0 0 0 0 0.929015 
0.170062 0 0 0 0 0 0 0 0 0 0 0 0 0 0 0 -1.09908 0.232254 0.232254 0 0.232254 0 0 0 0.232254 0 0 0 0 0 0 0 
0 0.170062 0 0 0 0 0 0 0 0 0 0 0 0 0 0 0.170062 -1.73365 0 0.464508 0 0.464508 0 0 0 0.464508 0 0 0 0 0 0 
0 0 0.170062 0 0 0 0 0 0 0 0 0 0 0 0 0 0.170062 0 -1.73365 0.464508 0 0 0.464508 0 0 0 0.464508 0 0 0 0 0 
0 0 0 0.170062 0 0 0 0 0 0 0 0 0 0 0 0 0 0.170062 0.170062 -1.90371 0 0 0 0.696761 0 0 0 0.696761 0 0 0 0 
0 0 0 0 0.170062 0 0 0 0 0 0 0 0 0 0 0 0.170062 0 0 0 -1.73365 0.464508 0.464508 0 0 0 0 0 0.464508 0 0 0 
0 0 0 0 0 0.170062 0 0 0 0 0 0 0 0 0 0 0 0.170062 0 0 0.170062 -1.90371 0 0.696761 0 0 0 0 0 0.696761 0 0 
0 0 0 0 0 0 0.170062 0 0 0 0 0 0 0 0 0 0 0 0.170062 0 0.170062 0 -1.90371 0.696761 0 0 0 0 0 0 0.696761 0 
0 0 0 0 0 0 0 0.170062 0 0 0 0 0 0 0 0 0 0 0 0.170062 0 0.170062 0.170062 -1.60926 0 0 0 0 0 0 0 0.929015 
0 0 0 0 0 0 0 0 0.170062 0 0 0 0 0 0 0 0.170062 0 0 0 0 0 0 0 -1.73365 0.464508 0.464508 0 0.464508 0 0 0 
0 0 0 0 0 0 0 0 0 0.170062 0 0 0 0 0 0 0 0.170062 0 0 0 0 0 0 0.170062 -1.90371 0 0.696761 0 0.696761 0 0 
0 0 0 0 0 0 0 0 0 0 0.170062 0 0 0 0 0 0 0 0.170062 0 0 0 0 0 0.170062 0 -1.90371 0.696761 0 0 0.696761 0 
0 0 0 0 0 0 0 0 0 0 0 0.170062 0 0 0 0 0 0 0 0.170062 0 0 0 0 0 0.170062 0.170062 -1.60926 0 0 0 0.929015 
0 0 0 0 0 0 0 0 0 0 0 0 0.170062 0 0 0 0 0 0 0 0.170062 0 0 0 0.170062 0 0 0 -1.90371 0.696761 0.696761 0 
0 0 0 0 0 0 0 0 0 0 0 0 0 0.170062 0 0 0 0 0 0 0 0.170062 0 0 0 0.170062 0 0 0.170062 -1.60926 0 0.929015 
0 0 0 0 0 0 0 0 0 0 0 0 0 0 0.170062 0 0 0 0 0 0 0 0.170062 0 0 0 0.170062 0 0.170062 0 -1.60926 0.929015 
0 0 0 0 0 0 0 0 0 0 0 0 0 0 0 0.170062 0 0 0 0 0 0 0 0.170062 0 0 0 0.170062 0 0.170062 0.170062 -0.85031 
