32
-0 0 0 0 0 0 0 0 0 0 0 0 0 0 0 0 0 0 0 0 0 0 0 0 0 0 0 0 0 0 0 0 
0.567805 -3.31146 0 0.685914 0 0.685914 0 0 0 0.685914 0 0 0 0 0 0 0 0.685914 0 0 0 0 0 0 0 0 0 0 0 0 0 0 
0.567805 0 -3.31146 0.685914 0 0 0.685914 0 0 0 0.685914 0 0 0 0 0 0 0 0.685914 0 0 0 0 0 0 0 0 0 0 0 0 0 
0 0.567805 0.567805 -5.2511 0 0 0 1.37183 0 0 0 1.37183 0 0 0 0 0 0 0 1.37183 0 0 0 0 0 0 0 0 0 0 0 0 
0.567805 0 0 0 -3.31146 0.685914 0.685914 0 0 0 0 0 0.685914 0 0 0 0 0 0 0 0.685914 0 0 0 0 0 0 0 0 0 0 0 
0 0.567805 0 0 0.567805 -5.2511 0 1.37183 0 0 0 0 0 1.37183 0 0 0 0 0 0 0 1.37183 0 0 0 0 0 0 0 0 0 0 
0 0 0.567805 0 0.567805 0 -5.2511 1.37183 0 0 0 0 0 0 1.37183 0 0 0 0 0 0 0 1.37183 0 0 0 0 0 0 0 0 0 
0 0 0 0.567805 0 0.567805 0.567805 -5.8189 0 0 0 0 0 0 0 2.05774 0 0 0 0 0 0 0 2.05774 0 0 0 0 0 0 0 0 
0.567805 0 0 0 0 0 0 0 -3.31146 0.685914 0.685914 0 0.685914 0 0 0 0 0 0 0 0 0 0 0 0.685914 0 0 0 0 0 0 0 
0 0.567805 0 0 0 0 0 0 0.567805 -5.2511 0 1.37183 0 1.37183 0 0 0 0 0 0 0 0 0 0 0 1.37183 0 0 0 0 0 0 
0 0 0.567805 0 0 0 0 0 0.567805 0 -5.2511 1.37183 0 0 1.37183 0 0 0 0 0 0 0 0 0 0 0 1.37183 0 0 0 0 0 
0 0 0 0.567805 0 0 0 0 0 0.567805 0.567805 -5.8189 0 0 0 2.05774 0 0 0 0 0 0 0 0 0 0 0 2.05774 0 0 0 0 
0 0 0 0 0.567805 0 0 0 0.567805 0 0 0 -5.2511 1.37183 1.37183 0 0 0 0 0 0 0 0 0 0 0 0 0 1.37183 0 0 0 
0 0 0 0 0 0.567805 0 0 0 0.567805 0 0 0.567805 -5.8189 0 2.05774 0 0 0 0 0 0 0 0 0 0 0 0 0 2.05774 0 0 
0 0 0 0 0 0 0.567805 0 0 0 0.567805 0 0.567805 0 -5.8189 2.05774 0 0 0 0 0 0 0 0 0 0 0 0 0 0 2.05774 0 
0 0 0 0 0 0 0 0.567805 0 0 0 0.567805 0 0.567805 0.567805 -5.01488 0 0 0 0 0 0 0 0 0 0 0 0 0 0 0 2.74366 
0.567805 0 0 0 0 0 0 0 0 0 0 0 0 0 0 0 -3.31146 0.685914 0.685914 0 0.685914 0 0 0 0.685914 0 0 0 0 0 0 0 
0 0.567805 0 0 0 0 0 0 0 0 0 0 0 0 0 0 0.567805 -5.2511 0 1.37183 0 1.37183 0 0 0 1.37183 0 0 0 0 0 0 
0 0 0.567805 0 0 0 0 0 0 0 0 0 0 0 0 0 0.567805 0 -5.2511 1.37183 0 0 1.37183 0 0 0 1.37183 0 0 0 0 0 
0 0 0 0.567805 0 0 0 0 0 0 0 0 0 0 0 0 0 0.567805 0.567805 -5.8189 0 0 0 2.05774 0 0 0 2.05774 0 0 0 0 
0 0 0 0 0.567805 0 0 0 0 0 0 0 0 0 0 0 0.567805 0 0 0 -5.2511 1.37183 1.37183 0 0 0 0 0 1.37183 0 0 0 
0 0 0 0 0 0.567805 0 0 0 0 0 0 0 0 0 0 0 0.567805 0 0 0.567805 -5.8189 0 2.05774 0 0 0 0 0 2.05774 0 0 
0 0 0 0 0 0 0.567805 0 0 0 0 0 0 0 0 0 0 0 0.567805 0 0.567805 0 -5.8189 2.05774 0 0 0 0 0 0 2.05774 0 
0 0 0 0 0 0 0 0.567805 0 0 0 0 0 0 0 0 0 0 0 0.567805 0 0.567805 0.567805 -5.01488 0 0 0 0 0 0 0 2.74366 
0 0 0 0 0 0 0 0 0.567805 0 0 0 0 0 0 0 0.567805 0 0 0 0 0 0 0 -5.2511 1.37183 1.37183 0 1.37183 0 0 0 
0 0 0 0 0 0 0 0 0 0.567805 0 0 0 0 0 0 0 0.567805 0 0 0 0 0 0 0.567805 -5.8189 0 2.05774 0 2.05774 0 0 
0 0 0 0 0 0 0 0 0 0 0.567805 0 0 0 0 0 0 0 0.567805 0 0 0 0 0 0.567805 0 -5.8189 2.05774 0 0 2.05774 0 
0 0 0 0 0 0 0 0 0 0 0 0.567805 0 0 0 0 0 0 0 0.567805 0 0 0 0 0 0.567805 0.567805 -5.01488 0 0 0 2.74366 
0 0 0 0 0 0 0 0 0 0 0 0 0.567805 0 0 0 0 0 0 0 0.567805 0 0 0 0.567805 0 0 0 -5.8189 2.05774 2.05774 0 
0 0 0 0 0 0 0 0 0 0 0 0 0 0.567805 0 0 0 0 0 0 0 0.567805 0 0 0 0.567805 0 0 0.567805 -5.01488 0 2.74366 
0 0 0 0 0 0 0 0 0 0 0 0 0 0 0.567805 0 0 0 0 0 0 0 0.567805 0 0 0 0.567805 0 0.567805 0 -5.01488 2.74366 
0 0 0 0 0 0 0 0 0 0 0 0 0 0 0 0.567805 0 0 0 0 0 0 0 0.567805 0 0 0 0.567805 0 0.567805 0.567805 -2.83902 
