32
-0 0 0 0 0 0 0 0 0 0 0 0 0 0 0 0 0 0 0 0 0 0 0 0 0 0 0 0 0 0 0 0 
0.357575 -1.93927 0 0.395424 0 0.395424 0 0 0 0.395424 0 0 0 0 0 0 0 0.395424 0 0 0 0 0 0 0 0 0 0 0 0 0 0 
0.357575 0 -1.93927 0.395424 0 0 0.395424 0 0 0 0.395424 0 0 0 0 0 0 0 0.395424 0 0 0 0 0 0 0 0 0 0 0 0 0 
0 0.357575 0.357575 -3.08769 0 0 0 0.790848 0 0 0 0.790848 0 0 0 0 0 0 0 0.790848 0 0 0 0 0 0 0 0 0 0 0 0 
0.357575 0 0 0 -1.93927 0.395424 0.395424 0 0 0 0 0 0.395424 0 0 0 0 0 0 0 0.395424 0 0 0 0 0 0 0 0 0 0 0 
0 0.357575 0 0 0.357575 -3.08769 0 0.790848 0 0 0 0 0 0.790848 0 0 0 0 0 0 0 0.790848 0 0 0 0 0 0 0 0 0 0 
0 0 0.357575 0 0.357575 0 -3.08769 0.790848 0 0 0 0 0 0 0.790848 0 0 0 0 0 0 0 0.790848 0 0 0 0 0 0 0 0 0 
0 0 0 0.357575 0 0.357575 0.357575 -3.44527 0 0 0 0 0 0 0 1.18627 0 0 0 0 0 0 0 1.18627 0 0 0 0 0 0 0 0 
0.357575 0 0 0 0 0 0 0 -1.93927 0.395424 0.395424 0 0.395424 0 0 0 0 0 0 0 0 0 0 0 0.395424 0 0 0 0 0 0 0 
0 0.357575 0 0 0 0 0 0 0.357575 -3.08769 0 0.790848 0 0.790848 0 0 0 0 0 0 0 0 0 0 0 0.790848 0 0 0 0 0 0 
0 0 0.357575 0 0 0 0 0 0.357575 0 -3.08769 0.790848 0 0 0.790848 0 0 0 0 0 0 0 0 0 0 0 0.790848 0 0 0 0 0 
0 0 0 0.357575 0 0 0 0 0 0.357575 0.357575 -3.44527 0 0 0 1.18627 0 0 0 0 0 0 0 0 0 0 0 1.18627 0 0 0 0 
0 0 0 0 0.357575 0 0 0 0.357575 0 0 0 -3.08769 0.790848 0.790848 0 0 0 0 0 0 0 0 0 0 0 0 0 0.790848 0 0 0 
0 0 0 0 0 0.357575 0 0 0 0.357575 0 0 0.357575 -3.44527 0 1.18627 0 0 0 0 0 0 0 0 0 0 0 0 0 1.18627 0 0 
0 0 0 0 0 0 0.357575 0 0 0 0.357575 0 0.357575 0 -3.44527 1.18627 0 0 0 0 0 0 0 0 0 0 0 0 0 0 1.18627 0 
0 0 0 0 0 0 0 0.357575 0 0 0 0.357575 0 0.357575 0.357575 -3.012 0 0 0 0 0 0 0 0 0 0 0 0 0 0 0 1.5817 
0.357575 0 0 0 0 0 0 0 0 0 0 0 0 0 0 0 -1.93927 0.395424 0.395424 0 0.395424 0 0 0 0.395424 0 0 0 0 0 0 0 
0 0.357575 0 0 0 0 0 0 0 0 0 0 0 0 0 0 0.357575 -3.08769 0 0.790848 0 0.790848 0 0 0 0.790848 0 0 0 0 0 0 
0 0 0.357575 0 0 0 0 0 0 0 0 0 0 0 0 0 0.357575 0 -3.08769 0.790848 0 0 0.790848 0 0 0 0.790848 0 0 0 0 0 
0 0 0 0.357575 0 0 0 0 0 0 0 0 0 0 0 0 0 0.357575 0.357575 -3.44527 0 0 0 1.18627 0 0 0 1.18627 0 0 0 0 
0 0 0 0 0.357575 0 0 0 0 0 0 0 0 0 0 0 0.357575 0 0 0 -3.08769 0.790848 0.790848 0 0 0 0 0 0.790848 0 0 0 
0 0 0 0 0 0.357575 0 0 0 0 0 0 0 0 0 0 0 0.357575 0 0 0.357575 -3.44527 0 1.18627 0 0 0 0 0 1.18627 0 0 
0 0 0 0 0 0 0.357575 0 0 0 0 0 0 0 0 0 0 0 0.357575 0 0.357575 0 -3.44527 1.18627 0 0 0 0 0 0 1.18627 0 
0 0 0 0 0 0 0 0.357575 0 0 0 0 0 0 0 0 0 0 0 0.357575 0 0.357575 0.357575 -3.012 0 0 0 0 0 0 0 1.5817 
0 0 0 0 0 0 0 0 0.357575 0 0 0 0 0 0 0 0.357575 0 0 0 0 0 0 0 -3.08769 0.790848 0.790848 0 0.790848 0 0 0 
0 0 0 0 0 0 0 0 0 0.357575 0 0 0 0 0 0 0 0.357575 0 0 0 0 0 0 0.357575 -3.44527 0 1.18627 0 1.18627 0 0 
0 0 0 0 0 0 0 0 0 0 0.357575 0 0 0 0 0 0 0 0.357575 0 0 0 0 0 0.357575 0 -3.44527 1.18627 0 0 1.18627 0 
0 0 0 0 0 0 0 0 0 0 0 0.357575 0 0 0 0 0 0 0 0.357575 0 0 0 0 0 0.357575 0.357575 -3.012 0 0 0 1.5817 
0 0 0 0 0 0 0 0 0 0 0 0 0.357575 0 0 0 0 0 0 0 0.357575 0 0 0 0.357575 0 0 0 -3.44527 1.18627 1.18627 0 
0 0 0 0 0 0 0 0 0 0 0 0 0 0.357575 0 0 0 0 0 0 0 0.357575 0 0 0 0.357575 0 0 0.357575 -3.012 0 1.5817 
0 0 0 0 0 0 0 0 0 0 0 0 0 0 0.357575 0 0 0 0 0 0 0 0.357575 0 0 0 0.357575 0 0.357575 0 -3.012 1.5817 
0 0 0 0 0 0 0 0 0 0 0 0 0 0 0 0.357575 0 0 0 0 0 0 0 0.357575 0 0 0 0.357575 0 0.357575 0.357575 -1.78787 
