32
-0 0 0 0 0 0 0 0 0 0 0 0 0 0 0 0 0 0 0 0 0 0 0 0 0 0 0 0 0 0 0 0 
0.203054 -1.27259 0 0.267383 0 0.267383 0 0 0 0.267383 0 0 0 0 0 0 0 0.267383 0 0 0 0 0 0 0 0 0 0 0 0 0 0 
0.203054 0 -1.27259 0.267383 0 0 0.267383 0 0 0 0.267383 0 0 0 0 0 0 0 0.267383 0 0 0 0 0 0 0 0 0 0 0 0 0 
0 0.203054 0.203054 -2.01041 0 0 0 0.534766 0 0 0 0.534766 0 0 0 0 0 0 0 0.534766 0 0 0 0 0 0 0 0 0 0 0 0 
0.203054 0 0 0 -1.27259 0.267383 0.267383 0 0 0 0 0 0.267383 0 0 0 0 0 0 0 0.267383 0 0 0 0 0 0 0 0 0 0 0 
0 0.203054 0 0 0.203054 -2.01041 0 0.534766 0 0 0 0 0 0.534766 0 0 0 0 0 0 0 0.534766 0 0 0 0 0 0 0 0 0 0 
0 0 0.203054 0 0.203054 0 -2.01041 0.534766 0 0 0 0 0 0 0.534766 0 0 0 0 0 0 0 0.534766 0 0 0 0 0 0 0 0 0 
0 0 0 0.203054 0 0.203054 0.203054 -2.21346 0 0 0 0 0 0 0 0.802149 0 0 0 0 0 0 0 0.802149 0 0 0 0 0 0 0 0 
0.203054 0 0 0 0 0 0 0 -1.27259 0.267383 0.267383 0 0.267383 0 0 0 0 0 0 0 0 0 0 0 0.267383 0 0 0 0 0 0 0 
0 0.203054 0 0 0 0 0 0 0.203054 -2.01041 0 0.534766 0 0.534766 0 0 0 0 0 0 0 0 0 0 0 0.534766 0 0 0 0 0 0 
0 0 0.203054 0 0 0 0 0 0.203054 0 -2.01041 0.534766 0 0 0.534766 0 0 0 0 0 0 0 0 0 0 0 0.534766 0 0 0 0 0 
0 0 0 0.203054 0 0 0 0 0 0.203054 0.203054 -2.21346 0 0 0 0.802149 0 0 0 0 0 0 0 0 0 0 0 0.802149 0 0 0 0 
0 0 0 0 0.203054 0 0 0 0.203054 0 0 0 -2.01041 0.534766 0.534766 0 0 0 0 0 0 0 0 0 0 0 0 0 0.534766 0 0 0 
0 0 0 0 0 0.203054 0 0 0 0.203054 0 0 0.203054 -2.21346 0 0.802149 0 0 0 0 0 0 0 0 0 0 0 0 0 0.802149 0 0 
0 0 0 0 0 0 0.203054 0 0 0 0.203054 0 0.203054 0 -2.21346 0.802149 0 0 0 0 0 0 0 0 0 0 0 0 0 0 0.802149 0 
0 0 0 0 0 0 0 0.203054 0 0 0 0.203054 0 0.203054 0.203054 -1.88175 0 0 0 0 0 0 0 0 0 0 0 0 0 0 0 1.06953 
0.203054 0 0 0 0 0 0 0 0 0 0 0 0 0 0 0 -1.27259 0.267383 0.267383 0 0.267383 0 0 0 0.267383 0 0 0 0 0 0 0 
0 0.203054 0 0 0 0 0 0 0 0 0 0 0 0 0 0 0.203054 -2.01041 0 0.534766 0 0.534766 0 0 0 0.534766 0 0 0 0 0 0 
0 0 0.203054 0 0 0 0 0 0 0 0 0 0 0 0 0 0.203054 0 -2.01041 0.534766 0 0 0.534766 0 0 0 0.534766 0 0 0 0 0 
0 0 0 0.203054 0 0 0 0 0 0 0 0 0 0 0 0 0 0.203054 0.203054 -2.21346 0 0 0 0.802149 0 0 0 0.802149 0 0 0 0 
0 0 0 0 0.203054 0 0 0 0 0 0 0 0 0 0 0 0.203054 0 0 0 -2.01041 0.534766 0.534766 0 0 0 0 0 0.534766 0 0 0 
0 0 0 0 0 0.203054 0 0 0 0 0 0 0 0 0 0 0 0.203054 0 0 0.203054 -2.21346 0 0.802149 0 0 0 0 0 0.802149 0 0 
0 0 0 0 0 0 0.203054 0 0 0 0 0 0 0 0 0 0 0 0.203054 0 0.203054 0 -2.21346 0.802149 0 0 0 0 0 0 0.802149 0 
0 0 0 0 0 0 0 0.203054 0 0 0 0 0 0 0 0 0 0 0 0.203054 0 0.203054 0.203054 -1.88175 0 0 0 0 0 0 0 1.06953 
0 0 0 0 0 0 0 0 0.203054 0 0 0 0 0 0 0 0.203054 0 0 0 0 0 0 0 -2.01041 0.534766 0.534766 0 0.534766 0 0 0 
0 0 0 0 0 0 0 0 0 0.203054 0 0 0 0 0 0 0 0.203054 0 0 0 0 0 0 0.203054 -2.21346 0 0.802149 0 0.802149 0 0 
0 0 0 0 0 0 0 0 0 0 0.203054 0 0 0 0 0 0 0 0.203054 0 0 0 0 0 0.203054 0 -2.21346 0.802149 0 0 0.802149 0 
0 0 0 0 0 0 0 0 0 0 0 0.203054 0 0 0 0 0 0 0 0.203054 0 0 0 0 0 0.203054 0.203054 -1.88175 0 0 0 1.06953 
0 0 0 0 0 0 0 0 0 0 0 0 0.203054 0 0 0 0 0 0 0 0.203054 0 0 0 0.203054 0 0 0 -2.21346 0.802149 0.802149 0 
0 0 0 0 0 0 0 0 0 0 0 0 0 0.203054 0 0 0 0 0 0 0 0.203054 0 0 0 0.203054 0 0 0.203054 -1.88175 0 1.06953 
0 0 0 0 0 0 0 0 0 0 0 0 0 0 0.203054 0 0 0 0 0 0 0 0.203054 0 0 0 0.203054 0 0.203054 0 -1.88175 1.06953 
0 0 0 0 0 0 0 0 0 0 0 0 0 0 0 0.203054 0 0 0 0 0 0 0 0.203054 0 0 0 0.203054 0 0.203054 0.203054 -1.01527 
