32
-0 0 0 0 0 0 0 0 0 0 0 0 0 0 0 0 0 0 0 0 0 0 0 0 0 0 0 0 0 0 0 0 
0.19667 -1.1962 0 0.249882 0 0.249882 0 0 0 0.249882 0 0 0 0 0 0 0 0.249882 0 0 0 0 0 0 0 0 0 0 0 0 0 0 
0.19667 0 -1.1962 0.249882 0 0 0.249882 0 0 0 0.249882 0 0 0 0 0 0 0 0.249882 0 0 0 0 0 0 0 0 0 0 0 0 0 
0 0.19667 0.19667 -1.89263 0 0 0 0.499764 0 0 0 0.499764 0 0 0 0 0 0 0 0.499764 0 0 0 0 0 0 0 0 0 0 0 0 
0.19667 0 0 0 -1.1962 0.249882 0.249882 0 0 0 0 0 0.249882 0 0 0 0 0 0 0 0.249882 0 0 0 0 0 0 0 0 0 0 0 
0 0.19667 0 0 0.19667 -1.89263 0 0.499764 0 0 0 0 0 0.499764 0 0 0 0 0 0 0 0.499764 0 0 0 0 0 0 0 0 0 0 
0 0 0.19667 0 0.19667 0 -1.89263 0.499764 0 0 0 0 0 0 0.499764 0 0 0 0 0 0 0 0.499764 0 0 0 0 0 0 0 0 0 
0 0 0 0.19667 0 0.19667 0.19667 -2.0893 0 0 0 0 0 0 0 0.749646 0 0 0 0 0 0 0 0.749646 0 0 0 0 0 0 0 0 
0.19667 0 0 0 0 0 0 0 -1.1962 0.249882 0.249882 0 0.249882 0 0 0 0 0 0 0 0 0 0 0 0.249882 0 0 0 0 0 0 0 
0 0.19667 0 0 0 0 0 0 0.19667 -1.89263 0 0.499764 0 0.499764 0 0 0 0 0 0 0 0 0 0 0 0.499764 0 0 0 0 0 0 
0 0 0.19667 0 0 0 0 0 0.19667 0 -1.89263 0.499764 0 0 0.499764 0 0 0 0 0 0 0 0 0 0 0 0.499764 0 0 0 0 0 
0 0 0 0.19667 0 0 0 0 0 0.19667 0.19667 -2.0893 0 0 0 0.749646 0 0 0 0 0 0 0 0 0 0 0 0.749646 0 0 0 0 
0 0 0 0 0.19667 0 0 0 0.19667 0 0 0 -1.89263 0.499764 0.499764 0 0 0 0 0 0 0 0 0 0 0 0 0 0.499764 0 0 0 
0 0 0 0 0 0.19667 0 0 0 0.19667 0 0 0.19667 -2.0893 0 0.749646 0 0 0 0 0 0 0 0 0 0 0 0 0 0.749646 0 0 
0 0 0 0 0 0 0.19667 0 0 0 0.19667 0 0.19667 0 -2.0893 0.749646 0 0 0 0 0 0 0 0 0 0 0 0 0 0 0.749646 0 
0 0 0 0 0 0 0 0.19667 0 0 0 0.19667 0 0.19667 0.19667 -1.78621 0 0 0 0 0 0 0 0 0 0 0 0 0 0 0 0.999528 
0.19667 0 0 0 0 0 0 0 0 0 0 0 0 0 0 0 -1.1962 0.249882 0.249882 0 0.249882 0 0 0 0.249882 0 0 0 0 0 0 0 
0 0.19667 0 0 0 0 0 0 0 0 0 0 0 0 0 0 0.19667 -1.89263 0 0.499764 0 0.499764 0 0 0 0.499764 0 0 0 0 0 0 
0 0 0.19667 0 0 0 0 0 0 0 0 0 0 0 0 0 0.19667 0 -1.89263 0.499764 0 0 0.499764 0 0 0 0.499764 0 0 0 0 0 
0 0 0 0.19667 0 0 0 0 0 0 0 0 0 0 0 0 0 0.19667 0.19667 -2.0893 0 0 0 0.749646 0 0 0 0.749646 0 0 0 0 
0 0 0 0 0.19667 0 0 0 0 0 0 0 0 0 0 0 0.19667 0 0 0 -1.89263 0.499764 0.499764 0 0 0 0 0 0.499764 0 0 0 
0 0 0 0 0 0.19667 0 0 0 0 0 0 0 0 0 0 0 0.19667 0 0 0.19667 -2.0893 0 0.749646 0 0 0 0 0 0.749646 0 0 
0 0 0 0 0 0 0.19667 0 0 0 0 0 0 0 0 0 0 0 0.19667 0 0.19667 0 -2.0893 0.749646 0 0 0 0 0 0 0.749646 0 
0 0 0 0 0 0 0 0.19667 0 0 0 0 0 0 0 0 0 0 0 0.19667 0 0.19667 0.19667 -1.78621 0 0 0 0 0 0 0 0.999528 
0 0 0 0 0 0 0 0 0.19667 0 0 0 0 0 0 0 0.19667 0 0 0 0 0 0 0 -1.89263 0.499764 0.499764 0 0.499764 0 0 0 
0 0 0 0 0 0 0 0 0 0.19667 0 0 0 0 0 0 0 0.19667 0 0 0 0 0 0 0.19667 -2.0893 0 0.749646 0 0.749646 0 0 
0 0 0 0 0 0 0 0 0 0 0.19667 0 0 0 0 0 0 0 0.19667 0 0 0 0 0 0.19667 0 -2.0893 0.749646 0 0 0.749646 0 
0 0 0 0 0 0 0 0 0 0 0 0.19667 0 0 0 0 0 0 0 0.19667 0 0 0 0 0 0.19667 0.19667 -1.78621 0 0 0 0.999528 
0 0 0 0 0 0 0 0 0 0 0 0 0.19667 0 0 0 0 0 0 0 0.19667 0 0 0 0.19667 0 0 0 -2.0893 0.749646 0.749646 0 
0 0 0 0 0 0 0 0 0 0 0 0 0 0.19667 0 0 0 0 0 0 0 0.19667 0 0 0 0.19667 0 0 0.19667 -1.78621 0 0.999528 
0 0 0 0 0 0 0 0 0 0 0 0 0 0 0.19667 0 0 0 0 0 0 0 0.19667 0 0 0 0.19667 0 0.19667 0 -1.78621 0.999528 
0 0 0 0 0 0 0 0 0 0 0 0 0 0 0 0.19667 0 0 0 0 0 0 0 0.19667 0 0 0 0.19667 0 0.19667 0.19667 -0.983352 
