32
-0 0 0 0 0 0 0 0 0 0 0 0 0 0 0 0 0 0 0 0 0 0 0 0 0 0 0 0 0 0 0 0 
0.22189 -1.38056 0 0.289667 0 0.289667 0 0 0 0.289667 0 0 0 0 0 0 0 0.289667 0 0 0 0 0 0 0 0 0 0 0 0 0 0 
0.22189 0 -1.38056 0.289667 0 0 0.289667 0 0 0 0.289667 0 0 0 0 0 0 0 0.289667 0 0 0 0 0 0 0 0 0 0 0 0 0 
0 0.22189 0.22189 -2.18179 0 0 0 0.579335 0 0 0 0.579335 0 0 0 0 0 0 0 0.579335 0 0 0 0 0 0 0 0 0 0 0 0 
0.22189 0 0 0 -1.38056 0.289667 0.289667 0 0 0 0 0 0.289667 0 0 0 0 0 0 0 0.289667 0 0 0 0 0 0 0 0 0 0 0 
0 0.22189 0 0 0.22189 -2.18179 0 0.579335 0 0 0 0 0 0.579335 0 0 0 0 0 0 0 0.579335 0 0 0 0 0 0 0 0 0 0 
0 0 0.22189 0 0.22189 0 -2.18179 0.579335 0 0 0 0 0 0 0.579335 0 0 0 0 0 0 0 0.579335 0 0 0 0 0 0 0 0 0 
0 0 0 0.22189 0 0.22189 0.22189 -2.40368 0 0 0 0 0 0 0 0.869002 0 0 0 0 0 0 0 0.869002 0 0 0 0 0 0 0 0 
0.22189 0 0 0 0 0 0 0 -1.38056 0.289667 0.289667 0 0.289667 0 0 0 0 0 0 0 0 0 0 0 0.289667 0 0 0 0 0 0 0 
0 0.22189 0 0 0 0 0 0 0.22189 -2.18179 0 0.579335 0 0.579335 0 0 0 0 0 0 0 0 0 0 0 0.579335 0 0 0 0 0 0 
0 0 0.22189 0 0 0 0 0 0.22189 0 -2.18179 0.579335 0 0 0.579335 0 0 0 0 0 0 0 0 0 0 0 0.579335 0 0 0 0 0 
0 0 0 0.22189 0 0 0 0 0 0.22189 0.22189 -2.40368 0 0 0 0.869002 0 0 0 0 0 0 0 0 0 0 0 0.869002 0 0 0 0 
0 0 0 0 0.22189 0 0 0 0.22189 0 0 0 -2.18179 0.579335 0.579335 0 0 0 0 0 0 0 0 0 0 0 0 0 0.579335 0 0 0 
0 0 0 0 0 0.22189 0 0 0 0.22189 0 0 0.22189 -2.40368 0 0.869002 0 0 0 0 0 0 0 0 0 0 0 0 0 0.869002 0 0 
0 0 0 0 0 0 0.22189 0 0 0 0.22189 0 0.22189 0 -2.40368 0.869002 0 0 0 0 0 0 0 0 0 0 0 0 0 0 0.869002 0 
0 0 0 0 0 0 0 0.22189 0 0 0 0.22189 0 0.22189 0.22189 -2.04623 0 0 0 0 0 0 0 0 0 0 0 0 0 0 0 1.15867 
0.22189 0 0 0 0 0 0 0 0 0 0 0 0 0 0 0 -1.38056 0.289667 0.289667 0 0.289667 0 0 0 0.289667 0 0 0 0 0 0 0 
0 0.22189 0 0 0 0 0 0 0 0 0 0 0 0 0 0 0.22189 -2.18179 0 0.579335 0 0.579335 0 0 0 0.579335 0 0 0 0 0 0 
0 0 0.22189 0 0 0 0 0 0 0 0 0 0 0 0 0 0.22189 0 -2.18179 0.579335 0 0 0.579335 0 0 0 0.579335 0 0 0 0 0 
0 0 0 0.22189 0 0 0 0 0 0 0 0 0 0 0 0 0 0.22189 0.22189 -2.40368 0 0 0 0.869002 0 0 0 0.869002 0 0 0 0 
0 0 0 0 0.22189 0 0 0 0 0 0 0 0 0 0 0 0.22189 0 0 0 -2.18179 0.579335 0.579335 0 0 0 0 0 0.579335 0 0 0 
0 0 0 0 0 0.22189 0 0 0 0 0 0 0 0 0 0 0 0.22189 0 0 0.22189 -2.40368 0 0.869002 0 0 0 0 0 0.869002 0 0 
0 0 0 0 0 0 0.22189 0 0 0 0 0 0 0 0 0 0 0 0.22189 0 0.22189 0 -2.40368 0.869002 0 0 0 0 0 0 0.869002 0 
0 0 0 0 0 0 0 0.22189 0 0 0 0 0 0 0 0 0 0 0 0.22189 0 0.22189 0.22189 -2.04623 0 0 0 0 0 0 0 1.15867 
0 0 0 0 0 0 0 0 0.22189 0 0 0 0 0 0 0 0.22189 0 0 0 0 0 0 0 -2.18179 0.579335 0.579335 0 0.579335 0 0 0 
0 0 0 0 0 0 0 0 0 0.22189 0 0 0 0 0 0 0 0.22189 0 0 0 0 0 0 0.22189 -2.40368 0 0.869002 0 0.869002 0 0 
0 0 0 0 0 0 0 0 0 0 0.22189 0 0 0 0 0 0 0 0.22189 0 0 0 0 0 0.22189 0 -2.40368 0.869002 0 0 0.869002 0 
0 0 0 0 0 0 0 0 0 0 0 0.22189 0 0 0 0 0 0 0 0.22189 0 0 0 0 0 0.22189 0.22189 -2.04623 0 0 0 1.15867 
0 0 0 0 0 0 0 0 0 0 0 0 0.22189 0 0 0 0 0 0 0 0.22189 0 0 0 0.22189 0 0 0 -2.40368 0.869002 0.869002 0 
0 0 0 0 0 0 0 0 0 0 0 0 0 0.22189 0 0 0 0 0 0 0 0.22189 0 0 0 0.22189 0 0 0.22189 -2.04623 0 1.15867 
0 0 0 0 0 0 0 0 0 0 0 0 0 0 0.22189 0 0 0 0 0 0 0 0.22189 0 0 0 0.22189 0 0.22189 0 -2.04623 1.15867 
0 0 0 0 0 0 0 0 0 0 0 0 0 0 0 0.22189 0 0 0 0 0 0 0 0.22189 0 0 0 0.22189 0 0.22189 0.22189 -1.10945 
