64
-0 0 0 0 0 0 0 0 0 0 0 0 0 0 0 0 0 0 0 0 0 0 0 0 0 0 0 0 0 0 0 0 0 0 0 0 0 0 0 0 0 0 0 0 0 0 0 0 0 0 0 0 0 0 0 0 0 0 0 0 0 0 0 0 
0.386037 -2.25391 0 0.373575 0 0.373575 0 0 0 0.373575 0 0 0 0 0 0 0 0.373575 0 0 0 0 0 0 0 0 0 0 0 0 0 0 0 0.373575 0 0 0 0 0 0 0 0 0 0 0 0 0 0 0 0 0 0 0 0 0 0 0 0 0 0 0 0 0 0 
0.386037 0 -2.25391 0.373575 0 0 0.373575 0 0 0 0.373575 0 0 0 0 0 0 0 0.373575 0 0 0 0 0 0 0 0 0 0 0 0 0 0 0 0.373575 0 0 0 0 0 0 0 0 0 0 0 0 0 0 0 0 0 0 0 0 0 0 0 0 0 0 0 0 0 
0 0.386037 0.386037 -3.76068 0 0 0 0.747151 0 0 0 0.747151 0 0 0 0 0 0 0 0.747151 0 0 0 0 0 0 0 0 0 0 0 0 0 0 0 0.747151 0 0 0 0 0 0 0 0 0 0 0 0 0 0 0 0 0 0 0 0 0 0 0 0 0 0 0 0 
0.386037 0 0 0 -2.25391 0.373575 0.373575 0 0 0 0 0 0.373575 0 0 0 0 0 0 0 0.373575 0 0 0 0 0 0 0 0 0 0 0 0 0 0 0 0.373575 0 0 0 0 0 0 0 0 0 0 0 0 0 0 0 0 0 0 0 0 0 0 0 0 0 0 0 
0 0.386037 0 0 0.386037 -3.76068 0 0.747151 0 0 0 0 0 0.747151 0 0 0 0 0 0 0 0.747151 0 0 0 0 0 0 0 0 0 0 0 0 0 0 0 0.747151 0 0 0 0 0 0 0 0 0 0 0 0 0 0 0 0 0 0 0 0 0 0 0 0 0 0 
0 0 0.386037 0 0.386037 0 -3.76068 0.747151 0 0 0 0 0 0 0.747151 0 0 0 0 0 0 0 0.747151 0 0 0 0 0 0 0 0 0 0 0 0 0 0 0 0.747151 0 0 0 0 0 0 0 0 0 0 0 0 0 0 0 0 0 0 0 0 0 0 0 0 0 
0 0 0 0.386037 0 0.386037 0.386037 -4.52029 0 0 0 0 0 0 0 1.12073 0 0 0 0 0 0 0 1.12073 0 0 0 0 0 0 0 0 0 0 0 0 0 0 0 1.12073 0 0 0 0 0 0 0 0 0 0 0 0 0 0 0 0 0 0 0 0 0 0 0 0 
0.386037 0 0 0 0 0 0 0 -2.25391 0.373575 0.373575 0 0.373575 0 0 0 0 0 0 0 0 0 0 0 0.373575 0 0 0 0 0 0 0 0 0 0 0 0 0 0 0 0.373575 0 0 0 0 0 0 0 0 0 0 0 0 0 0 0 0 0 0 0 0 0 0 0 
0 0.386037 0 0 0 0 0 0 0.386037 -3.76068 0 0.747151 0 0.747151 0 0 0 0 0 0 0 0 0 0 0 0.747151 0 0 0 0 0 0 0 0 0 0 0 0 0 0 0 0.747151 0 0 0 0 0 0 0 0 0 0 0 0 0 0 0 0 0 0 0 0 0 0 
0 0 0.386037 0 0 0 0 0 0.386037 0 -3.76068 0.747151 0 0 0.747151 0 0 0 0 0 0 0 0 0 0 0 0.747151 0 0 0 0 0 0 0 0 0 0 0 0 0 0 0 0.747151 0 0 0 0 0 0 0 0 0 0 0 0 0 0 0 0 0 0 0 0 0 
0 0 0 0.386037 0 0 0 0 0 0.386037 0.386037 -4.52029 0 0 0 1.12073 0 0 0 0 0 0 0 0 0 0 0 1.12073 0 0 0 0 0 0 0 0 0 0 0 0 0 0 0 1.12073 0 0 0 0 0 0 0 0 0 0 0 0 0 0 0 0 0 0 0 0 
0 0 0 0 0.386037 0 0 0 0.386037 0 0 0 -3.76068 0.747151 0.747151 0 0 0 0 0 0 0 0 0 0 0 0 0 0.747151 0 0 0 0 0 0 0 0 0 0 0 0 0 0 0 0.747151 0 0 0 0 0 0 0 0 0 0 0 0 0 0 0 0 0 0 0 
0 0 0 0 0 0.386037 0 0 0 0.386037 0 0 0.386037 -4.52029 0 1.12073 0 0 0 0 0 0 0 0 0 0 0 0 0 1.12073 0 0 0 0 0 0 0 0 0 0 0 0 0 0 0 1.12073 0 0 0 0 0 0 0 0 0 0 0 0 0 0 0 0 0 0 
0 0 0 0 0 0 0.386037 0 0 0 0.386037 0 0.386037 0 -4.52029 1.12073 0 0 0 0 0 0 0 0 0 0 0 0 0 0 1.12073 0 0 0 0 0 0 0 0 0 0 0 0 0 0 0 1.12073 0 0 0 0 0 0 0 0 0 0 0 0 0 0 0 0 0 
0 0 0 0 0 0 0 0.386037 0 0 0 0.386037 0 0.386037 0.386037 -4.53275 0 0 0 0 0 0 0 0 0 0 0 0 0 0 0 1.4943 0 0 0 0 0 0 0 0 0 0 0 0 0 0 0 1.4943 0 0 0 0 0 0 0 0 0 0 0 0 0 0 0 0 
0.386037 0 0 0 0 0 0 0 0 0 0 0 0 0 0 0 -2.25391 0.373575 0.373575 0 0.373575 0 0 0 0.373575 0 0 0 0 0 0 0 0 0 0 0 0 0 0 0 0 0 0 0 0 0 0 0 0.373575 0 0 0 0 0 0 0 0 0 0 0 0 0 0 0 
0 0.386037 0 0 0 0 0 0 0 0 0 0 0 0 0 0 0.386037 -3.76068 0 0.747151 0 0.747151 0 0 0 0.747151 0 0 0 0 0 0 0 0 0 0 0 0 0 0 0 0 0 0 0 0 0 0 0 0.747151 0 0 0 0 0 0 0 0 0 0 0 0 0 0 
0 0 0.386037 0 0 0 0 0 0 0 0 0 0 0 0 0 0.386037 0 -3.76068 0.747151 0 0 0.747151 0 0 0 0.747151 0 0 0 0 0 0 0 0 0 0 0 0 0 0 0 0 0 0 0 0 0 0 0 0.747151 0 0 0 0 0 0 0 0 0 0 0 0 0 
0 0 0 0.386037 0 0 0 0 0 0 0 0 0 0 0 0 0 0.386037 0.386037 -4.52029 0 0 0 1.12073 0 0 0 1.12073 0 0 0 0 0 0 0 0 0 0 0 0 0 0 0 0 0 0 0 0 0 0 0 1.12073 0 0 0 0 0 0 0 0 0 0 0 0 
0 0 0 0 0.386037 0 0 0 0 0 0 0 0 0 0 0 0.386037 0 0 0 -3.76068 0.747151 0.747151 0 0 0 0 0 0.747151 0 0 0 0 0 0 0 0 0 0 0 0 0 0 0 0 0 0 0 0 0 0 0 0.747151 0 0 0 0 0 0 0 0 0 0 0 
0 0 0 0 0 0.386037 0 0 0 0 0 0 0 0 0 0 0 0.386037 0 0 0.386037 -4.52029 0 1.12073 0 0 0 0 0 1.12073 0 0 0 0 0 0 0 0 0 0 0 0 0 0 0 0 0 0 0 0 0 0 0 1.12073 0 0 0 0 0 0 0 0 0 0 
0 0 0 0 0 0 0.386037 0 0 0 0 0 0 0 0 0 0 0 0.386037 0 0.386037 0 -4.52029 1.12073 0 0 0 0 0 0 1.12073 0 0 0 0 0 0 0 0 0 0 0 0 0 0 0 0 0 0 0 0 0 0 0 1.12073 0 0 0 0 0 0 0 0 0 
0 0 0 0 0 0 0 0.386037 0 0 0 0 0 0 0 0 0 0 0 0.386037 0 0.386037 0.386037 -4.53275 0 0 0 0 0 0 0 1.4943 0 0 0 0 0 0 0 0 0 0 0 0 0 0 0 0 0 0 0 0 0 0 0 1.4943 0 0 0 0 0 0 0 0 
0 0 0 0 0 0 0 0 0.386037 0 0 0 0 0 0 0 0.386037 0 0 0 0 0 0 0 -3.76068 0.747151 0.747151 0 0.747151 0 0 0 0 0 0 0 0 0 0 0 0 0 0 0 0 0 0 0 0 0 0 0 0 0 0 0 0.747151 0 0 0 0 0 0 0 
0 0 0 0 0 0 0 0 0 0.386037 0 0 0 0 0 0 0 0.386037 0 0 0 0 0 0 0.386037 -4.52029 0 1.12073 0 1.12073 0 0 0 0 0 0 0 0 0 0 0 0 0 0 0 0 0 0 0 0 0 0 0 0 0 0 0 1.12073 0 0 0 0 0 0 
0 0 0 0 0 0 0 0 0 0 0.386037 0 0 0 0 0 0 0 0.386037 0 0 0 0 0 0.386037 0 -4.52029 1.12073 0 0 1.12073 0 0 0 0 0 0 0 0 0 0 0 0 0 0 0 0 0 0 0 0 0 0 0 0 0 0 0 1.12073 0 0 0 0 0 
0 0 0 0 0 0 0 0 0 0 0 0.386037 0 0 0 0 0 0 0 0.386037 0 0 0 0 0 0.386037 0.386037 -4.53275 0 0 0 1.4943 0 0 0 0 0 0 0 0 0 0 0 0 0 0 0 0 0 0 0 0 0 0 0 0 0 0 0 1.4943 0 0 0 0 
0 0 0 0 0 0 0 0 0 0 0 0 0.386037 0 0 0 0 0 0 0 0.386037 0 0 0 0.386037 0 0 0 -4.52029 1.12073 1.12073 0 0 0 0 0 0 0 0 0 0 0 0 0 0 0 0 0 0 0 0 0 0 0 0 0 0 0 0 0 1.12073 0 0 0 
0 0 0 0 0 0 0 0 0 0 0 0 0 0.386037 0 0 0 0 0 0 0 0.386037 0 0 0 0.386037 0 0 0.386037 -4.53275 0 1.4943 0 0 0 0 0 0 0 0 0 0 0 0 0 0 0 0 0 0 0 0 0 0 0 0 0 0 0 0 0 1.4943 0 0 
0 0 0 0 0 0 0 0 0 0 0 0 0 0 0.386037 0 0 0 0 0 0 0 0.386037 0 0 0 0.386037 0 0.386037 0 -4.53275 1.4943 0 0 0 0 0 0 0 0 0 0 0 0 0 0 0 0 0 0 0 0 0 0 0 0 0 0 0 0 0 0 1.4943 0 
0 0 0 0 0 0 0 0 0 0 0 0 0 0 0 0.386037 0 0 0 0 0 0 0 0.386037 0 0 0 0.386037 0 0.386037 0.386037 -3.79806 0 0 0 0 0 0 0 0 0 0 0 0 0 0 0 0 0 0 0 0 0 0 0 0 0 0 0 0 0 0 0 1.86788 
0.386037 0 0 0 0 0 0 0 0 0 0 0 0 0 0 0 0 0 0 0 0 0 0 0 0 0 0 0 0 0 0 0 -2.25391 0.373575 0.373575 0 0.373575 0 0 0 0.373575 0 0 0 0 0 0 0 0.373575 0 0 0 0 0 0 0 0 0 0 0 0 0 0 0 
0 0.386037 0 0 0 0 0 0 0 0 0 0 0 0 0 0 0 0 0 0 0 0 0 0 0 0 0 0 0 0 0 0 0.386037 -3.76068 0 0.747151 0 0.747151 0 0 0 0.747151 0 0 0 0 0 0 0 0.747151 0 0 0 0 0 0 0 0 0 0 0 0 0 0 
0 0 0.386037 0 0 0 0 0 0 0 0 0 0 0 0 0 0 0 0 0 0 0 0 0 0 0 0 0 0 0 0 0 0.386037 0 -3.76068 0.747151 0 0 0.747151 0 0 0 0.747151 0 0 0 0 0 0 0 0.747151 0 0 0 0 0 0 0 0 0 0 0 0 0 
0 0 0 0.386037 0 0 0 0 0 0 0 0 0 0 0 0 0 0 0 0 0 0 0 0 0 0 0 0 0 0 0 0 0 0.386037 0.386037 -4.52029 0 0 0 1.12073 0 0 0 1.12073 0 0 0 0 0 0 0 1.12073 0 0 0 0 0 0 0 0 0 0 0 0 
0 0 0 0 0.386037 0 0 0 0 0 0 0 0 0 0 0 0 0 0 0 0 0 0 0 0 0 0 0 0 0 0 0 0.386037 0 0 0 -3.76068 0.747151 0.747151 0 0 0 0 0 0.747151 0 0 0 0 0 0 0 0.747151 0 0 0 0 0 0 0 0 0 0 0 
0 0 0 0 0 0.386037 0 0 0 0 0 0 0 0 0 0 0 0 0 0 0 0 0 0 0 0 0 0 0 0 0 0 0 0.386037 0 0 0.386037 -4.52029 0 1.12073 0 0 0 0 0 1.12073 0 0 0 0 0 0 0 1.12073 0 0 0 0 0 0 0 0 0 0 
0 0 0 0 0 0 0.386037 0 0 0 0 0 0 0 0 0 0 0 0 0 0 0 0 0 0 0 0 0 0 0 0 0 0 0 0.386037 0 0.386037 0 -4.52029 1.12073 0 0 0 0 0 0 1.12073 0 0 0 0 0 0 0 1.12073 0 0 0 0 0 0 0 0 0 
0 0 0 0 0 0 0 0.386037 0 0 0 0 0 0 0 0 0 0 0 0 0 0 0 0 0 0 0 0 0 0 0 0 0 0 0 0.386037 0 0.386037 0.386037 -4.53275 0 0 0 0 0 0 0 1.4943 0 0 0 0 0 0 0 1.4943 0 0 0 0 0 0 0 0 
0 0 0 0 0 0 0 0 0.386037 0 0 0 0 0 0 0 0 0 0 0 0 0 0 0 0 0 0 0 0 0 0 0 0.386037 0 0 0 0 0 0 0 -3.76068 0.747151 0.747151 0 0.747151 0 0 0 0 0 0 0 0 0 0 0 0.747151 0 0 0 0 0 0 0 
0 0 0 0 0 0 0 0 0 0.386037 0 0 0 0 0 0 0 0 0 0 0 0 0 0 0 0 0 0 0 0 0 0 0 0.386037 0 0 0 0 0 0 0.386037 -4.52029 0 1.12073 0 1.12073 0 0 0 0 0 0 0 0 0 0 0 1.12073 0 0 0 0 0 0 
0 0 0 0 0 0 0 0 0 0 0.386037 0 0 0 0 0 0 0 0 0 0 0 0 0 0 0 0 0 0 0 0 0 0 0 0.386037 0 0 0 0 0 0.386037 0 -4.52029 1.12073 0 0 1.12073 0 0 0 0 0 0 0 0 0 0 0 1.12073 0 0 0 0 0 
0 0 0 0 0 0 0 0 0 0 0 0.386037 0 0 0 0 0 0 0 0 0 0 0 0 0 0 0 0 0 0 0 0 0 0 0 0.386037 0 0 0 0 0 0.386037 0.386037 -4.53275 0 0 0 1.4943 0 0 0 0 0 0 0 0 0 0 0 1.4943 0 0 0 0 
0 0 0 0 0 0 0 0 0 0 0 0 0.386037 0 0 0 0 0 0 0 0 0 0 0 0 0 0 0 0 0 0 0 0 0 0 0 0.386037 0 0 0 0.386037 0 0 0 -4.52029 1.12073 1.12073 0 0 0 0 0 0 0 0 0 0 0 0 0 1.12073 0 0 0 
0 0 0 0 0 0 0 0 0 0 0 0 0 0.386037 0 0 0 0 0 0 0 0 0 0 0 0 0 0 0 0 0 0 0 0 0 0 0 0.386037 0 0 0 0.386037 0 0 0.386037 -4.53275 0 1.4943 0 0 0 0 0 0 0 0 0 0 0 0 0 1.4943 0 0 
0 0 0 0 0 0 0 0 0 0 0 0 0 0 0.386037 0 0 0 0 0 0 0 0 0 0 0 0 0 0 0 0 0 0 0 0 0 0 0 0.386037 0 0 0 0.386037 0 0.386037 0 -4.53275 1.4943 0 0 0 0 0 0 0 0 0 0 0 0 0 0 1.4943 0 
0 0 0 0 0 0 0 0 0 0 0 0 0 0 0 0.386037 0 0 0 0 0 0 0 0 0 0 0 0 0 0 0 0 0 0 0 0 0 0 0 0.386037 0 0 0 0.386037 0 0.386037 0.386037 -3.79806 0 0 0 0 0 0 0 0 0 0 0 0 0 0 0 1.86788 
0 0 0 0 0 0 0 0 0 0 0 0 0 0 0 0 0.386037 0 0 0 0 0 0 0 0 0 0 0 0 0 0 0 0.386037 0 0 0 0 0 0 0 0 0 0 0 0 0 0 0 -3.76068 0.747151 0.747151 0 0.747151 0 0 0 0.747151 0 0 0 0 0 0 0 
0 0 0 0 0 0 0 0 0 0 0 0 0 0 0 0 0 0.386037 0 0 0 0 0 0 0 0 0 0 0 0 0 0 0 0.386037 0 0 0 0 0 0 0 0 0 0 0 0 0 0 0.386037 -4.52029 0 1.12073 0 1.12073 0 0 0 1.12073 0 0 0 0 0 0 
0 0 0 0 0 0 0 0 0 0 0 0 0 0 0 0 0 0 0.386037 0 0 0 0 0 0 0 0 0 0 0 0 0 0 0 0.386037 0 0 0 0 0 0 0 0 0 0 0 0 0 0.386037 0 -4.52029 1.12073 0 0 1.12073 0 0 0 1.12073 0 0 0 0 0 
0 0 0 0 0 0 0 0 0 0 0 0 0 0 0 0 0 0 0 0.386037 0 0 0 0 0 0 0 0 0 0 0 0 0 0 0 0.386037 0 0 0 0 0 0 0 0 0 0 0 0 0 0.386037 0.386037 -4.53275 0 0 0 1.4943 0 0 0 1.4943 0 0 0 0 
0 0 0 0 0 0 0 0 0 0 0 0 0 0 0 0 0 0 0 0 0.386037 0 0 0 0 0 0 0 0 0 0 0 0 0 0 0 0.386037 0 0 0 0 0 0 0 0 0 0 0 0.386037 0 0 0 -4.52029 1.12073 1.12073 0 0 0 0 0 1.12073 0 0 0 
0 0 0 0 0 0 0 0 0 0 0 0 0 0 0 0 0 0 0 0 0 0.386037 0 0 0 0 0 0 0 0 0 0 0 0 0 0 0 0.386037 0 0 0 0 0 0 0 0 0 0 0 0.386037 0 0 0.386037 -4.53275 0 1.4943 0 0 0 0 0 1.4943 0 0 
0 0 0 0 0 0 0 0 0 0 0 0 0 0 0 0 0 0 0 0 0 0 0.386037 0 0 0 0 0 0 0 0 0 0 0 0 0 0 0 0.386037 0 0 0 0 0 0 0 0 0 0 0 0.386037 0 0.386037 0 -4.53275 1.4943 0 0 0 0 0 0 1.4943 0 
0 0 0 0 0 0 0 0 0 0 0 0 0 0 0 0 0 0 0 0 0 0 0 0.386037 0 0 0 0 0 0 0 0 0 0 0 0 0 0 0 0.386037 0 0 0 0 0 0 0 0 0 0 0 0.386037 0 0.386037 0.386037 -3.79806 0 0 0 0 0 0 0 1.86788 
0 0 0 0 0 0 0 0 0 0 0 0 0 0 0 0 0 0 0 0 0 0 0 0 0.386037 0 0 0 0 0 0 0 0 0 0 0 0 0 0 0 0.386037 0 0 0 0 0 0 0 0.386037 0 0 0 0 0 0 0 -4.52029 1.12073 1.12073 0 1.12073 0 0 0 
0 0 0 0 0 0 0 0 0 0 0 0 0 0 0 0 0 0 0 0 0 0 0 0 0 0.386037 0 0 0 0 0 0 0 0 0 0 0 0 0 0 0 0.386037 0 0 0 0 0 0 0 0.386037 0 0 0 0 0 0 0.386037 -4.53275 0 1.4943 0 1.4943 0 0 
0 0 0 0 0 0 0 0 0 0 0 0 0 0 0 0 0 0 0 0 0 0 0 0 0 0 0.386037 0 0 0 0 0 0 0 0 0 0 0 0 0 0 0 0.386037 0 0 0 0 0 0 0 0.386037 0 0 0 0 0 0.386037 0 -4.53275 1.4943 0 0 1.4943 0 
0 0 0 0 0 0 0 0 0 0 0 0 0 0 0 0 0 0 0 0 0 0 0 0 0 0 0 0.386037 0 0 0 0 0 0 0 0 0 0 0 0 0 0 0 0.386037 0 0 0 0 0 0 0 0.386037 0 0 0 0 0 0.386037 0.386037 -3.79806 0 0 0 1.86788 
0 0 0 0 0 0 0 0 0 0 0 0 0 0 0 0 0 0 0 0 0 0 0 0 0 0 0 0 0.386037 0 0 0 0 0 0 0 0 0 0 0 0 0 0 0 0.386037 0 0 0 0 0 0 0 0.386037 0 0 0 0.386037 0 0 0 -4.53275 1.4943 1.4943 0 
0 0 0 0 0 0 0 0 0 0 0 0 0 0 0 0 0 0 0 0 0 0 0 0 0 0 0 0 0 0.386037 0 0 0 0 0 0 0 0 0 0 0 0 0 0 0 0.386037 0 0 0 0 0 0 0 0.386037 0 0 0 0.386037 0 0 0.386037 -3.79806 0 1.86788 
0 0 0 0 0 0 0 0 0 0 0 0 0 0 0 0 0 0 0 0 0 0 0 0 0 0 0 0 0 0 0.386037 0 0 0 0 0 0 0 0 0 0 0 0 0 0 0 0.386037 0 0 0 0 0 0 0 0.386037 0 0 0 0.386037 0 0.386037 0 -3.79806 1.86788 
0 0 0 0 0 0 0 0 0 0 0 0 0 0 0 0 0 0 0 0 0 0 0 0 0 0 0 0 0 0 0 0.386037 0 0 0 0 0 0 0 0 0 0 0 0 0 0 0 0.386037 0 0 0 0 0 0 0 0.386037 0 0 0 0.386037 0 0.386037 0.386037 -2.31622 
