32
-0 0 0 0 0 0 0 0 0 0 0 0 0 0 0 0 0 0 0 0 0 0 0 0 0 0 0 0 0 0 0 0 
0.281741 -1.57358 0 0.322961 0 0.322961 0 0 0 0.322961 0 0 0 0 0 0 0 0.322961 0 0 0 0 0 0 0 0 0 0 0 0 0 0 
0.281741 0 -1.57358 0.322961 0 0 0.322961 0 0 0 0.322961 0 0 0 0 0 0 0 0.322961 0 0 0 0 0 0 0 0 0 0 0 0 0 
0 0.281741 0.281741 -2.50125 0 0 0 0.645921 0 0 0 0.645921 0 0 0 0 0 0 0 0.645921 0 0 0 0 0 0 0 0 0 0 0 0 
0.281741 0 0 0 -1.57358 0.322961 0.322961 0 0 0 0 0 0.322961 0 0 0 0 0 0 0 0.322961 0 0 0 0 0 0 0 0 0 0 0 
0 0.281741 0 0 0.281741 -2.50125 0 0.645921 0 0 0 0 0 0.645921 0 0 0 0 0 0 0 0.645921 0 0 0 0 0 0 0 0 0 0 
0 0 0.281741 0 0.281741 0 -2.50125 0.645921 0 0 0 0 0 0 0.645921 0 0 0 0 0 0 0 0.645921 0 0 0 0 0 0 0 0 0 
0 0 0 0.281741 0 0.281741 0.281741 -2.78299 0 0 0 0 0 0 0 0.968882 0 0 0 0 0 0 0 0.968882 0 0 0 0 0 0 0 0 
0.281741 0 0 0 0 0 0 0 -1.57358 0.322961 0.322961 0 0.322961 0 0 0 0 0 0 0 0 0 0 0 0.322961 0 0 0 0 0 0 0 
0 0.281741 0 0 0 0 0 0 0.281741 -2.50125 0 0.645921 0 0.645921 0 0 0 0 0 0 0 0 0 0 0 0.645921 0 0 0 0 0 0 
0 0 0.281741 0 0 0 0 0 0.281741 0 -2.50125 0.645921 0 0 0.645921 0 0 0 0 0 0 0 0 0 0 0 0.645921 0 0 0 0 0 
0 0 0 0.281741 0 0 0 0 0 0.281741 0.281741 -2.78299 0 0 0 0.968882 0 0 0 0 0 0 0 0 0 0 0 0.968882 0 0 0 0 
0 0 0 0 0.281741 0 0 0 0.281741 0 0 0 -2.50125 0.645921 0.645921 0 0 0 0 0 0 0 0 0 0 0 0 0 0.645921 0 0 0 
0 0 0 0 0 0.281741 0 0 0 0.281741 0 0 0.281741 -2.78299 0 0.968882 0 0 0 0 0 0 0 0 0 0 0 0 0 0.968882 0 0 
0 0 0 0 0 0 0.281741 0 0 0 0.281741 0 0.281741 0 -2.78299 0.968882 0 0 0 0 0 0 0 0 0 0 0 0 0 0 0.968882 0 
0 0 0 0 0 0 0 0.281741 0 0 0 0.281741 0 0.281741 0.281741 -2.41881 0 0 0 0 0 0 0 0 0 0 0 0 0 0 0 1.29184 
0.281741 0 0 0 0 0 0 0 0 0 0 0 0 0 0 0 -1.57358 0.322961 0.322961 0 0.322961 0 0 0 0.322961 0 0 0 0 0 0 0 
0 0.281741 0 0 0 0 0 0 0 0 0 0 0 0 0 0 0.281741 -2.50125 0 0.645921 0 0.645921 0 0 0 0.645921 0 0 0 0 0 0 
0 0 0.281741 0 0 0 0 0 0 0 0 0 0 0 0 0 0.281741 0 -2.50125 0.645921 0 0 0.645921 0 0 0 0.645921 0 0 0 0 0 
0 0 0 0.281741 0 0 0 0 0 0 0 0 0 0 0 0 0 0.281741 0.281741 -2.78299 0 0 0 0.968882 0 0 0 0.968882 0 0 0 0 
0 0 0 0 0.281741 0 0 0 0 0 0 0 0 0 0 0 0.281741 0 0 0 -2.50125 0.645921 0.645921 0 0 0 0 0 0.645921 0 0 0 
0 0 0 0 0 0.281741 0 0 0 0 0 0 0 0 0 0 0 0.281741 0 0 0.281741 -2.78299 0 0.968882 0 0 0 0 0 0.968882 0 0 
0 0 0 0 0 0 0.281741 0 0 0 0 0 0 0 0 0 0 0 0.281741 0 0.281741 0 -2.78299 0.968882 0 0 0 0 0 0 0.968882 0 
0 0 0 0 0 0 0 0.281741 0 0 0 0 0 0 0 0 0 0 0 0.281741 0 0.281741 0.281741 -2.41881 0 0 0 0 0 0 0 1.29184 
0 0 0 0 0 0 0 0 0.281741 0 0 0 0 0 0 0 0.281741 0 0 0 0 0 0 0 -2.50125 0.645921 0.645921 0 0.645921 0 0 0 
0 0 0 0 0 0 0 0 0 0.281741 0 0 0 0 0 0 0 0.281741 0 0 0 0 0 0 0.281741 -2.78299 0 0.968882 0 0.968882 0 0 
0 0 0 0 0 0 0 0 0 0 0.281741 0 0 0 0 0 0 0 0.281741 0 0 0 0 0 0.281741 0 -2.78299 0.968882 0 0 0.968882 0 
0 0 0 0 0 0 0 0 0 0 0 0.281741 0 0 0 0 0 0 0 0.281741 0 0 0 0 0 0.281741 0.281741 -2.41881 0 0 0 1.29184 
0 0 0 0 0 0 0 0 0 0 0 0 0.281741 0 0 0 0 0 0 0 0.281741 0 0 0 0.281741 0 0 0 -2.78299 0.968882 0.968882 0 
0 0 0 0 0 0 0 0 0 0 0 0 0 0.281741 0 0 0 0 0 0 0 0.281741 0 0 0 0.281741 0 0 0.281741 -2.41881 0 1.29184 
0 0 0 0 0 0 0 0 0 0 0 0 0 0 0.281741 0 0 0 0 0 0 0 0.281741 0 0 0 0.281741 0 0.281741 0 -2.41881 1.29184 
0 0 0 0 0 0 0 0 0 0 0 0 0 0 0 0.281741 0 0 0 0 0 0 0 0.281741 0 0 0 0.281741 0 0.281741 0.281741 -1.4087 
