64
-0 0 0 0 0 0 0 0 0 0 0 0 0 0 0 0 0 0 0 0 0 0 0 0 0 0 0 0 0 0 0 0 0 0 0 0 0 0 0 0 0 0 0 0 0 0 0 0 0 0 0 0 0 0 0 0 0 0 0 0 0 0 0 0 
0.843055 -3.71878 0 0.575144 0 0.575144 0 0 0 0.575144 0 0 0 0 0 0 0 0.575144 0 0 0 0 0 0 0 0 0 0 0 0 0 0 0 0.575144 0 0 0 0 0 0 0 0 0 0 0 0 0 0 0 0 0 0 0 0 0 0 0 0 0 0 0 0 0 0 
0.843055 0 -3.71878 0.575144 0 0 0.575144 0 0 0 0.575144 0 0 0 0 0 0 0 0.575144 0 0 0 0 0 0 0 0 0 0 0 0 0 0 0 0.575144 0 0 0 0 0 0 0 0 0 0 0 0 0 0 0 0 0 0 0 0 0 0 0 0 0 0 0 0 0 
0 0.843055 0.843055 -6.28726 0 0 0 1.15029 0 0 0 1.15029 0 0 0 0 0 0 0 1.15029 0 0 0 0 0 0 0 0 0 0 0 0 0 0 0 1.15029 0 0 0 0 0 0 0 0 0 0 0 0 0 0 0 0 0 0 0 0 0 0 0 0 0 0 0 0 
0.843055 0 0 0 -3.71878 0.575144 0.575144 0 0 0 0 0 0.575144 0 0 0 0 0 0 0 0.575144 0 0 0 0 0 0 0 0 0 0 0 0 0 0 0 0.575144 0 0 0 0 0 0 0 0 0 0 0 0 0 0 0 0 0 0 0 0 0 0 0 0 0 0 0 
0 0.843055 0 0 0.843055 -6.28726 0 1.15029 0 0 0 0 0 1.15029 0 0 0 0 0 0 0 1.15029 0 0 0 0 0 0 0 0 0 0 0 0 0 0 0 1.15029 0 0 0 0 0 0 0 0 0 0 0 0 0 0 0 0 0 0 0 0 0 0 0 0 0 0 
0 0 0.843055 0 0.843055 0 -6.28726 1.15029 0 0 0 0 0 0 1.15029 0 0 0 0 0 0 0 1.15029 0 0 0 0 0 0 0 0 0 0 0 0 0 0 0 1.15029 0 0 0 0 0 0 0 0 0 0 0 0 0 0 0 0 0 0 0 0 0 0 0 0 0 
0 0 0 0.843055 0 0.843055 0.843055 -7.70546 0 0 0 0 0 0 0 1.72543 0 0 0 0 0 0 0 1.72543 0 0 0 0 0 0 0 0 0 0 0 0 0 0 0 1.72543 0 0 0 0 0 0 0 0 0 0 0 0 0 0 0 0 0 0 0 0 0 0 0 0 
0.843055 0 0 0 0 0 0 0 -3.71878 0.575144 0.575144 0 0.575144 0 0 0 0 0 0 0 0 0 0 0 0.575144 0 0 0 0 0 0 0 0 0 0 0 0 0 0 0 0.575144 0 0 0 0 0 0 0 0 0 0 0 0 0 0 0 0 0 0 0 0 0 0 0 
0 0.843055 0 0 0 0 0 0 0.843055 -6.28726 0 1.15029 0 1.15029 0 0 0 0 0 0 0 0 0 0 0 1.15029 0 0 0 0 0 0 0 0 0 0 0 0 0 0 0 1.15029 0 0 0 0 0 0 0 0 0 0 0 0 0 0 0 0 0 0 0 0 0 0 
0 0 0.843055 0 0 0 0 0 0.843055 0 -6.28726 1.15029 0 0 1.15029 0 0 0 0 0 0 0 0 0 0 0 1.15029 0 0 0 0 0 0 0 0 0 0 0 0 0 0 0 1.15029 0 0 0 0 0 0 0 0 0 0 0 0 0 0 0 0 0 0 0 0 0 
0 0 0 0.843055 0 0 0 0 0 0.843055 0.843055 -7.70546 0 0 0 1.72543 0 0 0 0 0 0 0 0 0 0 0 1.72543 0 0 0 0 0 0 0 0 0 0 0 0 0 0 0 1.72543 0 0 0 0 0 0 0 0 0 0 0 0 0 0 0 0 0 0 0 0 
0 0 0 0 0.843055 0 0 0 0.843055 0 0 0 -6.28726 1.15029 1.15029 0 0 0 0 0 0 0 0 0 0 0 0 0 1.15029 0 0 0 0 0 0 0 0 0 0 0 0 0 0 0 1.15029 0 0 0 0 0 0 0 0 0 0 0 0 0 0 0 0 0 0 0 
0 0 0 0 0 0.843055 0 0 0 0.843055 0 0 0.843055 -7.70546 0 1.72543 0 0 0 0 0 0 0 0 0 0 0 0 0 1.72543 0 0 0 0 0 0 0 0 0 0 0 0 0 0 0 1.72543 0 0 0 0 0 0 0 0 0 0 0 0 0 0 0 0 0 0 
0 0 0 0 0 0 0.843055 0 0 0 0.843055 0 0.843055 0 -7.70546 1.72543 0 0 0 0 0 0 0 0 0 0 0 0 0 0 1.72543 0 0 0 0 0 0 0 0 0 0 0 0 0 0 0 1.72543 0 0 0 0 0 0 0 0 0 0 0 0 0 0 0 0 0 
0 0 0 0 0 0 0 0.843055 0 0 0 0.843055 0 0.843055 0.843055 -7.97337 0 0 0 0 0 0 0 0 0 0 0 0 0 0 0 2.30058 0 0 0 0 0 0 0 0 0 0 0 0 0 0 0 2.30058 0 0 0 0 0 0 0 0 0 0 0 0 0 0 0 0 
0.843055 0 0 0 0 0 0 0 0 0 0 0 0 0 0 0 -3.71878 0.575144 0.575144 0 0.575144 0 0 0 0.575144 0 0 0 0 0 0 0 0 0 0 0 0 0 0 0 0 0 0 0 0 0 0 0 0.575144 0 0 0 0 0 0 0 0 0 0 0 0 0 0 0 
0 0.843055 0 0 0 0 0 0 0 0 0 0 0 0 0 0 0.843055 -6.28726 0 1.15029 0 1.15029 0 0 0 1.15029 0 0 0 0 0 0 0 0 0 0 0 0 0 0 0 0 0 0 0 0 0 0 0 1.15029 0 0 0 0 0 0 0 0 0 0 0 0 0 0 
0 0 0.843055 0 0 0 0 0 0 0 0 0 0 0 0 0 0.843055 0 -6.28726 1.15029 0 0 1.15029 0 0 0 1.15029 0 0 0 0 0 0 0 0 0 0 0 0 0 0 0 0 0 0 0 0 0 0 0 1.15029 0 0 0 0 0 0 0 0 0 0 0 0 0 
0 0 0 0.843055 0 0 0 0 0 0 0 0 0 0 0 0 0 0.843055 0.843055 -7.70546 0 0 0 1.72543 0 0 0 1.72543 0 0 0 0 0 0 0 0 0 0 0 0 0 0 0 0 0 0 0 0 0 0 0 1.72543 0 0 0 0 0 0 0 0 0 0 0 0 
0 0 0 0 0.843055 0 0 0 0 0 0 0 0 0 0 0 0.843055 0 0 0 -6.28726 1.15029 1.15029 0 0 0 0 0 1.15029 0 0 0 0 0 0 0 0 0 0 0 0 0 0 0 0 0 0 0 0 0 0 0 1.15029 0 0 0 0 0 0 0 0 0 0 0 
0 0 0 0 0 0.843055 0 0 0 0 0 0 0 0 0 0 0 0.843055 0 0 0.843055 -7.70546 0 1.72543 0 0 0 0 0 1.72543 0 0 0 0 0 0 0 0 0 0 0 0 0 0 0 0 0 0 0 0 0 0 0 1.72543 0 0 0 0 0 0 0 0 0 0 
0 0 0 0 0 0 0.843055 0 0 0 0 0 0 0 0 0 0 0 0.843055 0 0.843055 0 -7.70546 1.72543 0 0 0 0 0 0 1.72543 0 0 0 0 0 0 0 0 0 0 0 0 0 0 0 0 0 0 0 0 0 0 0 1.72543 0 0 0 0 0 0 0 0 0 
0 0 0 0 0 0 0 0.843055 0 0 0 0 0 0 0 0 0 0 0 0.843055 0 0.843055 0.843055 -7.97337 0 0 0 0 0 0 0 2.30058 0 0 0 0 0 0 0 0 0 0 0 0 0 0 0 0 0 0 0 0 0 0 0 2.30058 0 0 0 0 0 0 0 0 
0 0 0 0 0 0 0 0 0.843055 0 0 0 0 0 0 0 0.843055 0 0 0 0 0 0 0 -6.28726 1.15029 1.15029 0 1.15029 0 0 0 0 0 0 0 0 0 0 0 0 0 0 0 0 0 0 0 0 0 0 0 0 0 0 0 1.15029 0 0 0 0 0 0 0 
0 0 0 0 0 0 0 0 0 0.843055 0 0 0 0 0 0 0 0.843055 0 0 0 0 0 0 0.843055 -7.70546 0 1.72543 0 1.72543 0 0 0 0 0 0 0 0 0 0 0 0 0 0 0 0 0 0 0 0 0 0 0 0 0 0 0 1.72543 0 0 0 0 0 0 
0 0 0 0 0 0 0 0 0 0 0.843055 0 0 0 0 0 0 0 0.843055 0 0 0 0 0 0.843055 0 -7.70546 1.72543 0 0 1.72543 0 0 0 0 0 0 0 0 0 0 0 0 0 0 0 0 0 0 0 0 0 0 0 0 0 0 0 1.72543 0 0 0 0 0 
0 0 0 0 0 0 0 0 0 0 0 0.843055 0 0 0 0 0 0 0 0.843055 0 0 0 0 0 0.843055 0.843055 -7.97337 0 0 0 2.30058 0 0 0 0 0 0 0 0 0 0 0 0 0 0 0 0 0 0 0 0 0 0 0 0 0 0 0 2.30058 0 0 0 0 
0 0 0 0 0 0 0 0 0 0 0 0 0.843055 0 0 0 0 0 0 0 0.843055 0 0 0 0.843055 0 0 0 -7.70546 1.72543 1.72543 0 0 0 0 0 0 0 0 0 0 0 0 0 0 0 0 0 0 0 0 0 0 0 0 0 0 0 0 0 1.72543 0 0 0 
0 0 0 0 0 0 0 0 0 0 0 0 0 0.843055 0 0 0 0 0 0 0 0.843055 0 0 0 0.843055 0 0 0.843055 -7.97337 0 2.30058 0 0 0 0 0 0 0 0 0 0 0 0 0 0 0 0 0 0 0 0 0 0 0 0 0 0 0 0 0 2.30058 0 0 
0 0 0 0 0 0 0 0 0 0 0 0 0 0 0.843055 0 0 0 0 0 0 0 0.843055 0 0 0 0.843055 0 0.843055 0 -7.97337 2.30058 0 0 0 0 0 0 0 0 0 0 0 0 0 0 0 0 0 0 0 0 0 0 0 0 0 0 0 0 0 0 2.30058 0 
0 0 0 0 0 0 0 0 0 0 0 0 0 0 0 0.843055 0 0 0 0 0 0 0 0.843055 0 0 0 0.843055 0 0.843055 0.843055 -7.09099 0 0 0 0 0 0 0 0 0 0 0 0 0 0 0 0 0 0 0 0 0 0 0 0 0 0 0 0 0 0 0 2.87572 
0.843055 0 0 0 0 0 0 0 0 0 0 0 0 0 0 0 0 0 0 0 0 0 0 0 0 0 0 0 0 0 0 0 -3.71878 0.575144 0.575144 0 0.575144 0 0 0 0.575144 0 0 0 0 0 0 0 0.575144 0 0 0 0 0 0 0 0 0 0 0 0 0 0 0 
0 0.843055 0 0 0 0 0 0 0 0 0 0 0 0 0 0 0 0 0 0 0 0 0 0 0 0 0 0 0 0 0 0 0.843055 -6.28726 0 1.15029 0 1.15029 0 0 0 1.15029 0 0 0 0 0 0 0 1.15029 0 0 0 0 0 0 0 0 0 0 0 0 0 0 
0 0 0.843055 0 0 0 0 0 0 0 0 0 0 0 0 0 0 0 0 0 0 0 0 0 0 0 0 0 0 0 0 0 0.843055 0 -6.28726 1.15029 0 0 1.15029 0 0 0 1.15029 0 0 0 0 0 0 0 1.15029 0 0 0 0 0 0 0 0 0 0 0 0 0 
0 0 0 0.843055 0 0 0 0 0 0 0 0 0 0 0 0 0 0 0 0 0 0 0 0 0 0 0 0 0 0 0 0 0 0.843055 0.843055 -7.70546 0 0 0 1.72543 0 0 0 1.72543 0 0 0 0 0 0 0 1.72543 0 0 0 0 0 0 0 0 0 0 0 0 
0 0 0 0 0.843055 0 0 0 0 0 0 0 0 0 0 0 0 0 0 0 0 0 0 0 0 0 0 0 0 0 0 0 0.843055 0 0 0 -6.28726 1.15029 1.15029 0 0 0 0 0 1.15029 0 0 0 0 0 0 0 1.15029 0 0 0 0 0 0 0 0 0 0 0 
0 0 0 0 0 0.843055 0 0 0 0 0 0 0 0 0 0 0 0 0 0 0 0 0 0 0 0 0 0 0 0 0 0 0 0.843055 0 0 0.843055 -7.70546 0 1.72543 0 0 0 0 0 1.72543 0 0 0 0 0 0 0 1.72543 0 0 0 0 0 0 0 0 0 0 
0 0 0 0 0 0 0.843055 0 0 0 0 0 0 0 0 0 0 0 0 0 0 0 0 0 0 0 0 0 0 0 0 0 0 0 0.843055 0 0.843055 0 -7.70546 1.72543 0 0 0 0 0 0 1.72543 0 0 0 0 0 0 0 1.72543 0 0 0 0 0 0 0 0 0 
0 0 0 0 0 0 0 0.843055 0 0 0 0 0 0 0 0 0 0 0 0 0 0 0 0 0 0 0 0 0 0 0 0 0 0 0 0.843055 0 0.843055 0.843055 -7.97337 0 0 0 0 0 0 0 2.30058 0 0 0 0 0 0 0 2.30058 0 0 0 0 0 0 0 0 
0 0 0 0 0 0 0 0 0.843055 0 0 0 0 0 0 0 0 0 0 0 0 0 0 0 0 0 0 0 0 0 0 0 0.843055 0 0 0 0 0 0 0 -6.28726 1.15029 1.15029 0 1.15029 0 0 0 0 0 0 0 0 0 0 0 1.15029 0 0 0 0 0 0 0 
0 0 0 0 0 0 0 0 0 0.843055 0 0 0 0 0 0 0 0 0 0 0 0 0 0 0 0 0 0 0 0 0 0 0 0.843055 0 0 0 0 0 0 0.843055 -7.70546 0 1.72543 0 1.72543 0 0 0 0 0 0 0 0 0 0 0 1.72543 0 0 0 0 0 0 
0 0 0 0 0 0 0 0 0 0 0.843055 0 0 0 0 0 0 0 0 0 0 0 0 0 0 0 0 0 0 0 0 0 0 0 0.843055 0 0 0 0 0 0.843055 0 -7.70546 1.72543 0 0 1.72543 0 0 0 0 0 0 0 0 0 0 0 1.72543 0 0 0 0 0 
0 0 0 0 0 0 0 0 0 0 0 0.843055 0 0 0 0 0 0 0 0 0 0 0 0 0 0 0 0 0 0 0 0 0 0 0 0.843055 0 0 0 0 0 0.843055 0.843055 -7.97337 0 0 0 2.30058 0 0 0 0 0 0 0 0 0 0 0 2.30058 0 0 0 0 
0 0 0 0 0 0 0 0 0 0 0 0 0.843055 0 0 0 0 0 0 0 0 0 0 0 0 0 0 0 0 0 0 0 0 0 0 0 0.843055 0 0 0 0.843055 0 0 0 -7.70546 1.72543 1.72543 0 0 0 0 0 0 0 0 0 0 0 0 0 1.72543 0 0 0 
0 0 0 0 0 0 0 0 0 0 0 0 0 0.843055 0 0 0 0 0 0 0 0 0 0 0 0 0 0 0 0 0 0 0 0 0 0 0 0.843055 0 0 0 0.843055 0 0 0.843055 -7.97337 0 2.30058 0 0 0 0 0 0 0 0 0 0 0 0 0 2.30058 0 0 
0 0 0 0 0 0 0 0 0 0 0 0 0 0 0.843055 0 0 0 0 0 0 0 0 0 0 0 0 0 0 0 0 0 0 0 0 0 0 0 0.843055 0 0 0 0.843055 0 0.843055 0 -7.97337 2.30058 0 0 0 0 0 0 0 0 0 0 0 0 0 0 2.30058 0 
0 0 0 0 0 0 0 0 0 0 0 0 0 0 0 0.843055 0 0 0 0 0 0 0 0 0 0 0 0 0 0 0 0 0 0 0 0 0 0 0 0.843055 0 0 0 0.843055 0 0.843055 0.843055 -7.09099 0 0 0 0 0 0 0 0 0 0 0 0 0 0 0 2.87572 
0 0 0 0 0 0 0 0 0 0 0 0 0 0 0 0 0.843055 0 0 0 0 0 0 0 0 0 0 0 0 0 0 0 0.843055 0 0 0 0 0 0 0 0 0 0 0 0 0 0 0 -6.28726 1.15029 1.15029 0 1.15029 0 0 0 1.15029 0 0 0 0 0 0 0 
0 0 0 0 0 0 0 0 0 0 0 0 0 0 0 0 0 0.843055 0 0 0 0 0 0 0 0 0 0 0 0 0 0 0 0.843055 0 0 0 0 0 0 0 0 0 0 0 0 0 0 0.843055 -7.70546 0 1.72543 0 1.72543 0 0 0 1.72543 0 0 0 0 0 0 
0 0 0 0 0 0 0 0 0 0 0 0 0 0 0 0 0 0 0.843055 0 0 0 0 0 0 0 0 0 0 0 0 0 0 0 0.843055 0 0 0 0 0 0 0 0 0 0 0 0 0 0.843055 0 -7.70546 1.72543 0 0 1.72543 0 0 0 1.72543 0 0 0 0 0 
0 0 0 0 0 0 0 0 0 0 0 0 0 0 0 0 0 0 0 0.843055 0 0 0 0 0 0 0 0 0 0 0 0 0 0 0 0.843055 0 0 0 0 0 0 0 0 0 0 0 0 0 0.843055 0.843055 -7.97337 0 0 0 2.30058 0 0 0 2.30058 0 0 0 0 
0 0 0 0 0 0 0 0 0 0 0 0 0 0 0 0 0 0 0 0 0.843055 0 0 0 0 0 0 0 0 0 0 0 0 0 0 0 0.843055 0 0 0 0 0 0 0 0 0 0 0 0.843055 0 0 0 -7.70546 1.72543 1.72543 0 0 0 0 0 1.72543 0 0 0 
0 0 0 0 0 0 0 0 0 0 0 0 0 0 0 0 0 0 0 0 0 0.843055 0 0 0 0 0 0 0 0 0 0 0 0 0 0 0 0.843055 0 0 0 0 0 0 0 0 0 0 0 0.843055 0 0 0.843055 -7.97337 0 2.30058 0 0 0 0 0 2.30058 0 0 
0 0 0 0 0 0 0 0 0 0 0 0 0 0 0 0 0 0 0 0 0 0 0.843055 0 0 0 0 0 0 0 0 0 0 0 0 0 0 0 0.843055 0 0 0 0 0 0 0 0 0 0 0 0.843055 0 0.843055 0 -7.97337 2.30058 0 0 0 0 0 0 2.30058 0 
0 0 0 0 0 0 0 0 0 0 0 0 0 0 0 0 0 0 0 0 0 0 0 0.843055 0 0 0 0 0 0 0 0 0 0 0 0 0 0 0 0.843055 0 0 0 0 0 0 0 0 0 0 0 0.843055 0 0.843055 0.843055 -7.09099 0 0 0 0 0 0 0 2.87572 
0 0 0 0 0 0 0 0 0 0 0 0 0 0 0 0 0 0 0 0 0 0 0 0 0.843055 0 0 0 0 0 0 0 0 0 0 0 0 0 0 0 0.843055 0 0 0 0 0 0 0 0.843055 0 0 0 0 0 0 0 -7.70546 1.72543 1.72543 0 1.72543 0 0 0 
0 0 0 0 0 0 0 0 0 0 0 0 0 0 0 0 0 0 0 0 0 0 0 0 0 0.843055 0 0 0 0 0 0 0 0 0 0 0 0 0 0 0 0.843055 0 0 0 0 0 0 0 0.843055 0 0 0 0 0 0 0.843055 -7.97337 0 2.30058 0 2.30058 0 0 
0 0 0 0 0 0 0 0 0 0 0 0 0 0 0 0 0 0 0 0 0 0 0 0 0 0 0.843055 0 0 0 0 0 0 0 0 0 0 0 0 0 0 0 0.843055 0 0 0 0 0 0 0 0.843055 0 0 0 0 0 0.843055 0 -7.97337 2.30058 0 0 2.30058 0 
0 0 0 0 0 0 0 0 0 0 0 0 0 0 0 0 0 0 0 0 0 0 0 0 0 0 0 0.843055 0 0 0 0 0 0 0 0 0 0 0 0 0 0 0 0.843055 0 0 0 0 0 0 0 0.843055 0 0 0 0 0 0.843055 0.843055 -7.09099 0 0 0 2.87572 
0 0 0 0 0 0 0 0 0 0 0 0 0 0 0 0 0 0 0 0 0 0 0 0 0 0 0 0 0.843055 0 0 0 0 0 0 0 0 0 0 0 0 0 0 0 0.843055 0 0 0 0 0 0 0 0.843055 0 0 0 0.843055 0 0 0 -7.97337 2.30058 2.30058 0 
0 0 0 0 0 0 0 0 0 0 0 0 0 0 0 0 0 0 0 0 0 0 0 0 0 0 0 0 0 0.843055 0 0 0 0 0 0 0 0 0 0 0 0 0 0 0 0.843055 0 0 0 0 0 0 0 0.843055 0 0 0 0.843055 0 0 0.843055 -7.09099 0 2.87572 
0 0 0 0 0 0 0 0 0 0 0 0 0 0 0 0 0 0 0 0 0 0 0 0 0 0 0 0 0 0 0.843055 0 0 0 0 0 0 0 0 0 0 0 0 0 0 0 0.843055 0 0 0 0 0 0 0 0.843055 0 0 0 0.843055 0 0.843055 0 -7.09099 2.87572 
0 0 0 0 0 0 0 0 0 0 0 0 0 0 0 0 0 0 0 0 0 0 0 0 0 0 0 0 0 0 0 0.843055 0 0 0 0 0 0 0 0 0 0 0 0 0 0 0 0.843055 0 0 0 0 0 0 0 0.843055 0 0 0 0.843055 0 0.843055 0.843055 -5.05833 
