32
-0 0 0 0 0 0 0 0 0 0 0 0 0 0 0 0 0 0 0 0 0 0 0 0 0 0 0 0 0 0 0 0 
0.25149 -1.58171 0 0.332555 0 0.332555 0 0 0 0.332555 0 0 0 0 0 0 0 0.332555 0 0 0 0 0 0 0 0 0 0 0 0 0 0 
0.25149 0 -1.58171 0.332555 0 0 0.332555 0 0 0 0.332555 0 0 0 0 0 0 0 0.332555 0 0 0 0 0 0 0 0 0 0 0 0 0 
0 0.25149 0.25149 -2.49831 0 0 0 0.66511 0 0 0 0.66511 0 0 0 0 0 0 0 0.66511 0 0 0 0 0 0 0 0 0 0 0 0 
0.25149 0 0 0 -1.58171 0.332555 0.332555 0 0 0 0 0 0.332555 0 0 0 0 0 0 0 0.332555 0 0 0 0 0 0 0 0 0 0 0 
0 0.25149 0 0 0.25149 -2.49831 0 0.66511 0 0 0 0 0 0.66511 0 0 0 0 0 0 0 0.66511 0 0 0 0 0 0 0 0 0 0 
0 0 0.25149 0 0.25149 0 -2.49831 0.66511 0 0 0 0 0 0 0.66511 0 0 0 0 0 0 0 0.66511 0 0 0 0 0 0 0 0 0 
0 0 0 0.25149 0 0.25149 0.25149 -2.7498 0 0 0 0 0 0 0 0.997665 0 0 0 0 0 0 0 0.997665 0 0 0 0 0 0 0 0 
0.25149 0 0 0 0 0 0 0 -1.58171 0.332555 0.332555 0 0.332555 0 0 0 0 0 0 0 0 0 0 0 0.332555 0 0 0 0 0 0 0 
0 0.25149 0 0 0 0 0 0 0.25149 -2.49831 0 0.66511 0 0.66511 0 0 0 0 0 0 0 0 0 0 0 0.66511 0 0 0 0 0 0 
0 0 0.25149 0 0 0 0 0 0.25149 0 -2.49831 0.66511 0 0 0.66511 0 0 0 0 0 0 0 0 0 0 0 0.66511 0 0 0 0 0 
0 0 0 0.25149 0 0 0 0 0 0.25149 0.25149 -2.7498 0 0 0 0.997665 0 0 0 0 0 0 0 0 0 0 0 0.997665 0 0 0 0 
0 0 0 0 0.25149 0 0 0 0.25149 0 0 0 -2.49831 0.66511 0.66511 0 0 0 0 0 0 0 0 0 0 0 0 0 0.66511 0 0 0 
0 0 0 0 0 0.25149 0 0 0 0.25149 0 0 0.25149 -2.7498 0 0.997665 0 0 0 0 0 0 0 0 0 0 0 0 0 0.997665 0 0 
0 0 0 0 0 0 0.25149 0 0 0 0.25149 0 0.25149 0 -2.7498 0.997665 0 0 0 0 0 0 0 0 0 0 0 0 0 0 0.997665 0 
0 0 0 0 0 0 0 0.25149 0 0 0 0.25149 0 0.25149 0.25149 -2.33618 0 0 0 0 0 0 0 0 0 0 0 0 0 0 0 1.33022 
0.25149 0 0 0 0 0 0 0 0 0 0 0 0 0 0 0 -1.58171 0.332555 0.332555 0 0.332555 0 0 0 0.332555 0 0 0 0 0 0 0 
0 0.25149 0 0 0 0 0 0 0 0 0 0 0 0 0 0 0.25149 -2.49831 0 0.66511 0 0.66511 0 0 0 0.66511 0 0 0 0 0 0 
0 0 0.25149 0 0 0 0 0 0 0 0 0 0 0 0 0 0.25149 0 -2.49831 0.66511 0 0 0.66511 0 0 0 0.66511 0 0 0 0 0 
0 0 0 0.25149 0 0 0 0 0 0 0 0 0 0 0 0 0 0.25149 0.25149 -2.7498 0 0 0 0.997665 0 0 0 0.997665 0 0 0 0 
0 0 0 0 0.25149 0 0 0 0 0 0 0 0 0 0 0 0.25149 0 0 0 -2.49831 0.66511 0.66511 0 0 0 0 0 0.66511 0 0 0 
0 0 0 0 0 0.25149 0 0 0 0 0 0 0 0 0 0 0 0.25149 0 0 0.25149 -2.7498 0 0.997665 0 0 0 0 0 0.997665 0 0 
0 0 0 0 0 0 0.25149 0 0 0 0 0 0 0 0 0 0 0 0.25149 0 0.25149 0 -2.7498 0.997665 0 0 0 0 0 0 0.997665 0 
0 0 0 0 0 0 0 0.25149 0 0 0 0 0 0 0 0 0 0 0 0.25149 0 0.25149 0.25149 -2.33618 0 0 0 0 0 0 0 1.33022 
0 0 0 0 0 0 0 0 0.25149 0 0 0 0 0 0 0 0.25149 0 0 0 0 0 0 0 -2.49831 0.66511 0.66511 0 0.66511 0 0 0 
0 0 0 0 0 0 0 0 0 0.25149 0 0 0 0 0 0 0 0.25149 0 0 0 0 0 0 0.25149 -2.7498 0 0.997665 0 0.997665 0 0 
0 0 0 0 0 0 0 0 0 0 0.25149 0 0 0 0 0 0 0 0.25149 0 0 0 0 0 0.25149 0 -2.7498 0.997665 0 0 0.997665 0 
0 0 0 0 0 0 0 0 0 0 0 0.25149 0 0 0 0 0 0 0 0.25149 0 0 0 0 0 0.25149 0.25149 -2.33618 0 0 0 1.33022 
0 0 0 0 0 0 0 0 0 0 0 0 0.25149 0 0 0 0 0 0 0 0.25149 0 0 0 0.25149 0 0 0 -2.7498 0.997665 0.997665 0 
0 0 0 0 0 0 0 0 0 0 0 0 0 0.25149 0 0 0 0 0 0 0 0.25149 0 0 0 0.25149 0 0 0.25149 -2.33618 0 1.33022 
0 0 0 0 0 0 0 0 0 0 0 0 0 0 0.25149 0 0 0 0 0 0 0 0.25149 0 0 0 0.25149 0 0.25149 0 -2.33618 1.33022 
0 0 0 0 0 0 0 0 0 0 0 0 0 0 0 0.25149 0 0 0 0 0 0 0 0.25149 0 0 0 0.25149 0 0.25149 0.25149 -1.25745 
