32
-0 0 0 0 0 0 0 0 0 0 0 0 0 0 0 0 0 0 0 0 0 0 0 0 0 0 0 0 0 0 0 0 
0.0985355 -0.972271 0 0.218434 0 0.218434 0 0 0 0.218434 0 0 0 0 0 0 0 0.218434 0 0 0 0 0 0 0 0 0 0 0 0 0 0 
0.0985355 0 -0.972271 0.218434 0 0 0.218434 0 0 0 0.218434 0 0 0 0 0 0 0 0.218434 0 0 0 0 0 0 0 0 0 0 0 0 0 
0 0.0985355 0.0985355 -1.50767 0 0 0 0.436868 0 0 0 0.436868 0 0 0 0 0 0 0 0.436868 0 0 0 0 0 0 0 0 0 0 0 0 
0.0985355 0 0 0 -0.972271 0.218434 0.218434 0 0 0 0 0 0.218434 0 0 0 0 0 0 0 0.218434 0 0 0 0 0 0 0 0 0 0 0 
0 0.0985355 0 0 0.0985355 -1.50767 0 0.436868 0 0 0 0 0 0.436868 0 0 0 0 0 0 0 0.436868 0 0 0 0 0 0 0 0 0 0 
0 0 0.0985355 0 0.0985355 0 -1.50767 0.436868 0 0 0 0 0 0 0.436868 0 0 0 0 0 0 0 0.436868 0 0 0 0 0 0 0 0 0 
0 0 0 0.0985355 0 0.0985355 0.0985355 -1.60621 0 0 0 0 0 0 0 0.655301 0 0 0 0 0 0 0 0.655301 0 0 0 0 0 0 0 0 
0.0985355 0 0 0 0 0 0 0 -0.972271 0.218434 0.218434 0 0.218434 0 0 0 0 0 0 0 0 0 0 0 0.218434 0 0 0 0 0 0 0 
0 0.0985355 0 0 0 0 0 0 0.0985355 -1.50767 0 0.436868 0 0.436868 0 0 0 0 0 0 0 0 0 0 0 0.436868 0 0 0 0 0 0 
0 0 0.0985355 0 0 0 0 0 0.0985355 0 -1.50767 0.436868 0 0 0.436868 0 0 0 0 0 0 0 0 0 0 0 0.436868 0 0 0 0 0 
0 0 0 0.0985355 0 0 0 0 0 0.0985355 0.0985355 -1.60621 0 0 0 0.655301 0 0 0 0 0 0 0 0 0 0 0 0.655301 0 0 0 0 
0 0 0 0 0.0985355 0 0 0 0.0985355 0 0 0 -1.50767 0.436868 0.436868 0 0 0 0 0 0 0 0 0 0 0 0 0 0.436868 0 0 0 
0 0 0 0 0 0.0985355 0 0 0 0.0985355 0 0 0.0985355 -1.60621 0 0.655301 0 0 0 0 0 0 0 0 0 0 0 0 0 0.655301 0 0 
0 0 0 0 0 0 0.0985355 0 0 0 0.0985355 0 0.0985355 0 -1.60621 0.655301 0 0 0 0 0 0 0 0 0 0 0 0 0 0 0.655301 0 
0 0 0 0 0 0 0 0.0985355 0 0 0 0.0985355 0 0.0985355 0.0985355 -1.26788 0 0 0 0 0 0 0 0 0 0 0 0 0 0 0 0.873735 
0.0985355 0 0 0 0 0 0 0 0 0 0 0 0 0 0 0 -0.972271 0.218434 0.218434 0 0.218434 0 0 0 0.218434 0 0 0 0 0 0 0 
0 0.0985355 0 0 0 0 0 0 0 0 0 0 0 0 0 0 0.0985355 -1.50767 0 0.436868 0 0.436868 0 0 0 0.436868 0 0 0 0 0 0 
0 0 0.0985355 0 0 0 0 0 0 0 0 0 0 0 0 0 0.0985355 0 -1.50767 0.436868 0 0 0.436868 0 0 0 0.436868 0 0 0 0 0 
0 0 0 0.0985355 0 0 0 0 0 0 0 0 0 0 0 0 0 0.0985355 0.0985355 -1.60621 0 0 0 0.655301 0 0 0 0.655301 0 0 0 0 
0 0 0 0 0.0985355 0 0 0 0 0 0 0 0 0 0 0 0.0985355 0 0 0 -1.50767 0.436868 0.436868 0 0 0 0 0 0.436868 0 0 0 
0 0 0 0 0 0.0985355 0 0 0 0 0 0 0 0 0 0 0 0.0985355 0 0 0.0985355 -1.60621 0 0.655301 0 0 0 0 0 0.655301 0 0 
0 0 0 0 0 0 0.0985355 0 0 0 0 0 0 0 0 0 0 0 0.0985355 0 0.0985355 0 -1.60621 0.655301 0 0 0 0 0 0 0.655301 0 
0 0 0 0 0 0 0 0.0985355 0 0 0 0 0 0 0 0 0 0 0 0.0985355 0 0.0985355 0.0985355 -1.26788 0 0 0 0 0 0 0 0.873735 
0 0 0 0 0 0 0 0 0.0985355 0 0 0 0 0 0 0 0.0985355 0 0 0 0 0 0 0 -1.50767 0.436868 0.436868 0 0.436868 0 0 0 
0 0 0 0 0 0 0 0 0 0.0985355 0 0 0 0 0 0 0 0.0985355 0 0 0 0 0 0 0.0985355 -1.60621 0 0.655301 0 0.655301 0 0 
0 0 0 0 0 0 0 0 0 0 0.0985355 0 0 0 0 0 0 0 0.0985355 0 0 0 0 0 0.0985355 0 -1.60621 0.655301 0 0 0.655301 0 
0 0 0 0 0 0 0 0 0 0 0 0.0985355 0 0 0 0 0 0 0 0.0985355 0 0 0 0 0 0.0985355 0.0985355 -1.26788 0 0 0 0.873735 
0 0 0 0 0 0 0 0 0 0 0 0 0.0985355 0 0 0 0 0 0 0 0.0985355 0 0 0 0.0985355 0 0 0 -1.60621 0.655301 0.655301 0 
0 0 0 0 0 0 0 0 0 0 0 0 0 0.0985355 0 0 0 0 0 0 0 0.0985355 0 0 0 0.0985355 0 0 0.0985355 -1.26788 0 0.873735 
0 0 0 0 0 0 0 0 0 0 0 0 0 0 0.0985355 0 0 0 0 0 0 0 0.0985355 0 0 0 0.0985355 0 0.0985355 0 -1.26788 0.873735 
0 0 0 0 0 0 0 0 0 0 0 0 0 0 0 0.0985355 0 0 0 0 0 0 0 0.0985355 0 0 0 0.0985355 0 0.0985355 0.0985355 -0.492678 
