32
-0 0 0 0 0 0 0 0 0 0 0 0 0 0 0 0 0 0 0 0 0 0 0 0 0 0 0 0 0 0 0 0 
0.0269355 -0.628635 0 0.150425 0 0.150425 0 0 0 0.150425 0 0 0 0 0 0 0 0.150425 0 0 0 0 0 0 0 0 0 0 0 0 0 0 
0.0269355 0 -0.628635 0.150425 0 0 0.150425 0 0 0 0.150425 0 0 0 0 0 0 0 0.150425 0 0 0 0 0 0 0 0 0 0 0 0 0 
0 0.0269355 0.0269355 -0.95642 0 0 0 0.30085 0 0 0 0.30085 0 0 0 0 0 0 0 0.30085 0 0 0 0 0 0 0 0 0 0 0 0 
0.0269355 0 0 0 -0.628635 0.150425 0.150425 0 0 0 0 0 0.150425 0 0 0 0 0 0 0 0.150425 0 0 0 0 0 0 0 0 0 0 0 
0 0.0269355 0 0 0.0269355 -0.95642 0 0.30085 0 0 0 0 0 0.30085 0 0 0 0 0 0 0 0.30085 0 0 0 0 0 0 0 0 0 0 
0 0 0.0269355 0 0.0269355 0 -0.95642 0.30085 0 0 0 0 0 0 0.30085 0 0 0 0 0 0 0 0.30085 0 0 0 0 0 0 0 0 0 
0 0 0 0.0269355 0 0.0269355 0.0269355 -0.983355 0 0 0 0 0 0 0 0.451275 0 0 0 0 0 0 0 0.451275 0 0 0 0 0 0 0 0 
0.0269355 0 0 0 0 0 0 0 -0.628635 0.150425 0.150425 0 0.150425 0 0 0 0 0 0 0 0 0 0 0 0.150425 0 0 0 0 0 0 0 
0 0.0269355 0 0 0 0 0 0 0.0269355 -0.95642 0 0.30085 0 0.30085 0 0 0 0 0 0 0 0 0 0 0 0.30085 0 0 0 0 0 0 
0 0 0.0269355 0 0 0 0 0 0.0269355 0 -0.95642 0.30085 0 0 0.30085 0 0 0 0 0 0 0 0 0 0 0 0.30085 0 0 0 0 0 
0 0 0 0.0269355 0 0 0 0 0 0.0269355 0.0269355 -0.983355 0 0 0 0.451275 0 0 0 0 0 0 0 0 0 0 0 0.451275 0 0 0 0 
0 0 0 0 0.0269355 0 0 0 0.0269355 0 0 0 -0.95642 0.30085 0.30085 0 0 0 0 0 0 0 0 0 0 0 0 0 0.30085 0 0 0 
0 0 0 0 0 0.0269355 0 0 0 0.0269355 0 0 0.0269355 -0.983355 0 0.451275 0 0 0 0 0 0 0 0 0 0 0 0 0 0.451275 0 0 
0 0 0 0 0 0 0.0269355 0 0 0 0.0269355 0 0.0269355 0 -0.983355 0.451275 0 0 0 0 0 0 0 0 0 0 0 0 0 0 0.451275 0 
0 0 0 0 0 0 0 0.0269355 0 0 0 0.0269355 0 0.0269355 0.0269355 -0.709441 0 0 0 0 0 0 0 0 0 0 0 0 0 0 0 0.601699 
0.0269355 0 0 0 0 0 0 0 0 0 0 0 0 0 0 0 -0.628635 0.150425 0.150425 0 0.150425 0 0 0 0.150425 0 0 0 0 0 0 0 
0 0.0269355 0 0 0 0 0 0 0 0 0 0 0 0 0 0 0.0269355 -0.95642 0 0.30085 0 0.30085 0 0 0 0.30085 0 0 0 0 0 0 
0 0 0.0269355 0 0 0 0 0 0 0 0 0 0 0 0 0 0.0269355 0 -0.95642 0.30085 0 0 0.30085 0 0 0 0.30085 0 0 0 0 0 
0 0 0 0.0269355 0 0 0 0 0 0 0 0 0 0 0 0 0 0.0269355 0.0269355 -0.983355 0 0 0 0.451275 0 0 0 0.451275 0 0 0 0 
0 0 0 0 0.0269355 0 0 0 0 0 0 0 0 0 0 0 0.0269355 0 0 0 -0.95642 0.30085 0.30085 0 0 0 0 0 0.30085 0 0 0 
0 0 0 0 0 0.0269355 0 0 0 0 0 0 0 0 0 0 0 0.0269355 0 0 0.0269355 -0.983355 0 0.451275 0 0 0 0 0 0.451275 0 0 
0 0 0 0 0 0 0.0269355 0 0 0 0 0 0 0 0 0 0 0 0.0269355 0 0.0269355 0 -0.983355 0.451275 0 0 0 0 0 0 0.451275 0 
0 0 0 0 0 0 0 0.0269355 0 0 0 0 0 0 0 0 0 0 0 0.0269355 0 0.0269355 0.0269355 -0.709441 0 0 0 0 0 0 0 0.601699 
0 0 0 0 0 0 0 0 0.0269355 0 0 0 0 0 0 0 0.0269355 0 0 0 0 0 0 0 -0.95642 0.30085 0.30085 0 0.30085 0 0 0 
0 0 0 0 0 0 0 0 0 0.0269355 0 0 0 0 0 0 0 0.0269355 0 0 0 0 0 0 0.0269355 -0.983355 0 0.451275 0 0.451275 0 0 
0 0 0 0 0 0 0 0 0 0 0.0269355 0 0 0 0 0 0 0 0.0269355 0 0 0 0 0 0.0269355 0 -0.983355 0.451275 0 0 0.451275 0 
0 0 0 0 0 0 0 0 0 0 0 0.0269355 0 0 0 0 0 0 0 0.0269355 0 0 0 0 0 0.0269355 0.0269355 -0.709441 0 0 0 0.601699 
0 0 0 0 0 0 0 0 0 0 0 0 0.0269355 0 0 0 0 0 0 0 0.0269355 0 0 0 0.0269355 0 0 0 -0.983355 0.451275 0.451275 0 
0 0 0 0 0 0 0 0 0 0 0 0 0 0.0269355 0 0 0 0 0 0 0 0.0269355 0 0 0 0.0269355 0 0 0.0269355 -0.709441 0 0.601699 
0 0 0 0 0 0 0 0 0 0 0 0 0 0 0.0269355 0 0 0 0 0 0 0 0.0269355 0 0 0 0.0269355 0 0.0269355 0 -0.709441 0.601699 
0 0 0 0 0 0 0 0 0 0 0 0 0 0 0 0.0269355 0 0 0 0 0 0 0 0.0269355 0 0 0 0.0269355 0 0.0269355 0.0269355 -0.134677 
