64
-0 0 0 0 0 0 0 0 0 0 0 0 0 0 0 0 0 0 0 0 0 0 0 0 0 0 0 0 0 0 0 0 0 0 0 0 0 0 0 0 0 0 0 0 0 0 0 0 0 0 0 0 0 0 0 0 0 0 0 0 0 0 0 0 
0.415125 -2.19416 0 0.355806 0 0.355806 0 0 0 0.355806 0 0 0 0 0 0 0 0.355806 0 0 0 0 0 0 0 0 0 0 0 0 0 0 0 0.355806 0 0 0 0 0 0 0 0 0 0 0 0 0 0 0 0 0 0 0 0 0 0 0 0 0 0 0 0 0 0 
0.415125 0 -2.19416 0.355806 0 0 0.355806 0 0 0 0.355806 0 0 0 0 0 0 0 0.355806 0 0 0 0 0 0 0 0 0 0 0 0 0 0 0 0.355806 0 0 0 0 0 0 0 0 0 0 0 0 0 0 0 0 0 0 0 0 0 0 0 0 0 0 0 0 0 
0 0.415125 0.415125 -3.6767 0 0 0 0.711612 0 0 0 0.711612 0 0 0 0 0 0 0 0.711612 0 0 0 0 0 0 0 0 0 0 0 0 0 0 0 0.711612 0 0 0 0 0 0 0 0 0 0 0 0 0 0 0 0 0 0 0 0 0 0 0 0 0 0 0 0 
0.415125 0 0 0 -2.19416 0.355806 0.355806 0 0 0 0 0 0.355806 0 0 0 0 0 0 0 0.355806 0 0 0 0 0 0 0 0 0 0 0 0 0 0 0 0.355806 0 0 0 0 0 0 0 0 0 0 0 0 0 0 0 0 0 0 0 0 0 0 0 0 0 0 0 
0 0.415125 0 0 0.415125 -3.6767 0 0.711612 0 0 0 0 0 0.711612 0 0 0 0 0 0 0 0.711612 0 0 0 0 0 0 0 0 0 0 0 0 0 0 0 0.711612 0 0 0 0 0 0 0 0 0 0 0 0 0 0 0 0 0 0 0 0 0 0 0 0 0 0 
0 0 0.415125 0 0.415125 0 -3.6767 0.711612 0 0 0 0 0 0 0.711612 0 0 0 0 0 0 0 0.711612 0 0 0 0 0 0 0 0 0 0 0 0 0 0 0 0.711612 0 0 0 0 0 0 0 0 0 0 0 0 0 0 0 0 0 0 0 0 0 0 0 0 0 
0 0 0 0.415125 0 0.415125 0.415125 -4.44763 0 0 0 0 0 0 0 1.06742 0 0 0 0 0 0 0 1.06742 0 0 0 0 0 0 0 0 0 0 0 0 0 0 0 1.06742 0 0 0 0 0 0 0 0 0 0 0 0 0 0 0 0 0 0 0 0 0 0 0 0 
0.415125 0 0 0 0 0 0 0 -2.19416 0.355806 0.355806 0 0.355806 0 0 0 0 0 0 0 0 0 0 0 0.355806 0 0 0 0 0 0 0 0 0 0 0 0 0 0 0 0.355806 0 0 0 0 0 0 0 0 0 0 0 0 0 0 0 0 0 0 0 0 0 0 0 
0 0.415125 0 0 0 0 0 0 0.415125 -3.6767 0 0.711612 0 0.711612 0 0 0 0 0 0 0 0 0 0 0 0.711612 0 0 0 0 0 0 0 0 0 0 0 0 0 0 0 0.711612 0 0 0 0 0 0 0 0 0 0 0 0 0 0 0 0 0 0 0 0 0 0 
0 0 0.415125 0 0 0 0 0 0.415125 0 -3.6767 0.711612 0 0 0.711612 0 0 0 0 0 0 0 0 0 0 0 0.711612 0 0 0 0 0 0 0 0 0 0 0 0 0 0 0 0.711612 0 0 0 0 0 0 0 0 0 0 0 0 0 0 0 0 0 0 0 0 0 
0 0 0 0.415125 0 0 0 0 0 0.415125 0.415125 -4.44763 0 0 0 1.06742 0 0 0 0 0 0 0 0 0 0 0 1.06742 0 0 0 0 0 0 0 0 0 0 0 0 0 0 0 1.06742 0 0 0 0 0 0 0 0 0 0 0 0 0 0 0 0 0 0 0 0 
0 0 0 0 0.415125 0 0 0 0.415125 0 0 0 -3.6767 0.711612 0.711612 0 0 0 0 0 0 0 0 0 0 0 0 0 0.711612 0 0 0 0 0 0 0 0 0 0 0 0 0 0 0 0.711612 0 0 0 0 0 0 0 0 0 0 0 0 0 0 0 0 0 0 0 
0 0 0 0 0 0.415125 0 0 0 0.415125 0 0 0.415125 -4.44763 0 1.06742 0 0 0 0 0 0 0 0 0 0 0 0 0 1.06742 0 0 0 0 0 0 0 0 0 0 0 0 0 0 0 1.06742 0 0 0 0 0 0 0 0 0 0 0 0 0 0 0 0 0 0 
0 0 0 0 0 0 0.415125 0 0 0 0.415125 0 0.415125 0 -4.44763 1.06742 0 0 0 0 0 0 0 0 0 0 0 0 0 0 1.06742 0 0 0 0 0 0 0 0 0 0 0 0 0 0 0 1.06742 0 0 0 0 0 0 0 0 0 0 0 0 0 0 0 0 0 
0 0 0 0 0 0 0 0.415125 0 0 0 0.415125 0 0.415125 0.415125 -4.50695 0 0 0 0 0 0 0 0 0 0 0 0 0 0 0 1.42322 0 0 0 0 0 0 0 0 0 0 0 0 0 0 0 1.42322 0 0 0 0 0 0 0 0 0 0 0 0 0 0 0 0 
0.415125 0 0 0 0 0 0 0 0 0 0 0 0 0 0 0 -2.19416 0.355806 0.355806 0 0.355806 0 0 0 0.355806 0 0 0 0 0 0 0 0 0 0 0 0 0 0 0 0 0 0 0 0 0 0 0 0.355806 0 0 0 0 0 0 0 0 0 0 0 0 0 0 0 
0 0.415125 0 0 0 0 0 0 0 0 0 0 0 0 0 0 0.415125 -3.6767 0 0.711612 0 0.711612 0 0 0 0.711612 0 0 0 0 0 0 0 0 0 0 0 0 0 0 0 0 0 0 0 0 0 0 0 0.711612 0 0 0 0 0 0 0 0 0 0 0 0 0 0 
0 0 0.415125 0 0 0 0 0 0 0 0 0 0 0 0 0 0.415125 0 -3.6767 0.711612 0 0 0.711612 0 0 0 0.711612 0 0 0 0 0 0 0 0 0 0 0 0 0 0 0 0 0 0 0 0 0 0 0 0.711612 0 0 0 0 0 0 0 0 0 0 0 0 0 
0 0 0 0.415125 0 0 0 0 0 0 0 0 0 0 0 0 0 0.415125 0.415125 -4.44763 0 0 0 1.06742 0 0 0 1.06742 0 0 0 0 0 0 0 0 0 0 0 0 0 0 0 0 0 0 0 0 0 0 0 1.06742 0 0 0 0 0 0 0 0 0 0 0 0 
0 0 0 0 0.415125 0 0 0 0 0 0 0 0 0 0 0 0.415125 0 0 0 -3.6767 0.711612 0.711612 0 0 0 0 0 0.711612 0 0 0 0 0 0 0 0 0 0 0 0 0 0 0 0 0 0 0 0 0 0 0 0.711612 0 0 0 0 0 0 0 0 0 0 0 
0 0 0 0 0 0.415125 0 0 0 0 0 0 0 0 0 0 0 0.415125 0 0 0.415125 -4.44763 0 1.06742 0 0 0 0 0 1.06742 0 0 0 0 0 0 0 0 0 0 0 0 0 0 0 0 0 0 0 0 0 0 0 1.06742 0 0 0 0 0 0 0 0 0 0 
0 0 0 0 0 0 0.415125 0 0 0 0 0 0 0 0 0 0 0 0.415125 0 0.415125 0 -4.44763 1.06742 0 0 0 0 0 0 1.06742 0 0 0 0 0 0 0 0 0 0 0 0 0 0 0 0 0 0 0 0 0 0 0 1.06742 0 0 0 0 0 0 0 0 0 
0 0 0 0 0 0 0 0.415125 0 0 0 0 0 0 0 0 0 0 0 0.415125 0 0.415125 0.415125 -4.50695 0 0 0 0 0 0 0 1.42322 0 0 0 0 0 0 0 0 0 0 0 0 0 0 0 0 0 0 0 0 0 0 0 1.42322 0 0 0 0 0 0 0 0 
0 0 0 0 0 0 0 0 0.415125 0 0 0 0 0 0 0 0.415125 0 0 0 0 0 0 0 -3.6767 0.711612 0.711612 0 0.711612 0 0 0 0 0 0 0 0 0 0 0 0 0 0 0 0 0 0 0 0 0 0 0 0 0 0 0 0.711612 0 0 0 0 0 0 0 
0 0 0 0 0 0 0 0 0 0.415125 0 0 0 0 0 0 0 0.415125 0 0 0 0 0 0 0.415125 -4.44763 0 1.06742 0 1.06742 0 0 0 0 0 0 0 0 0 0 0 0 0 0 0 0 0 0 0 0 0 0 0 0 0 0 0 1.06742 0 0 0 0 0 0 
0 0 0 0 0 0 0 0 0 0 0.415125 0 0 0 0 0 0 0 0.415125 0 0 0 0 0 0.415125 0 -4.44763 1.06742 0 0 1.06742 0 0 0 0 0 0 0 0 0 0 0 0 0 0 0 0 0 0 0 0 0 0 0 0 0 0 0 1.06742 0 0 0 0 0 
0 0 0 0 0 0 0 0 0 0 0 0.415125 0 0 0 0 0 0 0 0.415125 0 0 0 0 0 0.415125 0.415125 -4.50695 0 0 0 1.42322 0 0 0 0 0 0 0 0 0 0 0 0 0 0 0 0 0 0 0 0 0 0 0 0 0 0 0 1.42322 0 0 0 0 
0 0 0 0 0 0 0 0 0 0 0 0 0.415125 0 0 0 0 0 0 0 0.415125 0 0 0 0.415125 0 0 0 -4.44763 1.06742 1.06742 0 0 0 0 0 0 0 0 0 0 0 0 0 0 0 0 0 0 0 0 0 0 0 0 0 0 0 0 0 1.06742 0 0 0 
0 0 0 0 0 0 0 0 0 0 0 0 0 0.415125 0 0 0 0 0 0 0 0.415125 0 0 0 0.415125 0 0 0.415125 -4.50695 0 1.42322 0 0 0 0 0 0 0 0 0 0 0 0 0 0 0 0 0 0 0 0 0 0 0 0 0 0 0 0 0 1.42322 0 0 
0 0 0 0 0 0 0 0 0 0 0 0 0 0 0.415125 0 0 0 0 0 0 0 0.415125 0 0 0 0.415125 0 0.415125 0 -4.50695 1.42322 0 0 0 0 0 0 0 0 0 0 0 0 0 0 0 0 0 0 0 0 0 0 0 0 0 0 0 0 0 0 1.42322 0 
0 0 0 0 0 0 0 0 0 0 0 0 0 0 0 0.415125 0 0 0 0 0 0 0 0.415125 0 0 0 0.415125 0 0.415125 0.415125 -3.85466 0 0 0 0 0 0 0 0 0 0 0 0 0 0 0 0 0 0 0 0 0 0 0 0 0 0 0 0 0 0 0 1.77903 
0.415125 0 0 0 0 0 0 0 0 0 0 0 0 0 0 0 0 0 0 0 0 0 0 0 0 0 0 0 0 0 0 0 -2.19416 0.355806 0.355806 0 0.355806 0 0 0 0.355806 0 0 0 0 0 0 0 0.355806 0 0 0 0 0 0 0 0 0 0 0 0 0 0 0 
0 0.415125 0 0 0 0 0 0 0 0 0 0 0 0 0 0 0 0 0 0 0 0 0 0 0 0 0 0 0 0 0 0 0.415125 -3.6767 0 0.711612 0 0.711612 0 0 0 0.711612 0 0 0 0 0 0 0 0.711612 0 0 0 0 0 0 0 0 0 0 0 0 0 0 
0 0 0.415125 0 0 0 0 0 0 0 0 0 0 0 0 0 0 0 0 0 0 0 0 0 0 0 0 0 0 0 0 0 0.415125 0 -3.6767 0.711612 0 0 0.711612 0 0 0 0.711612 0 0 0 0 0 0 0 0.711612 0 0 0 0 0 0 0 0 0 0 0 0 0 
0 0 0 0.415125 0 0 0 0 0 0 0 0 0 0 0 0 0 0 0 0 0 0 0 0 0 0 0 0 0 0 0 0 0 0.415125 0.415125 -4.44763 0 0 0 1.06742 0 0 0 1.06742 0 0 0 0 0 0 0 1.06742 0 0 0 0 0 0 0 0 0 0 0 0 
0 0 0 0 0.415125 0 0 0 0 0 0 0 0 0 0 0 0 0 0 0 0 0 0 0 0 0 0 0 0 0 0 0 0.415125 0 0 0 -3.6767 0.711612 0.711612 0 0 0 0 0 0.711612 0 0 0 0 0 0 0 0.711612 0 0 0 0 0 0 0 0 0 0 0 
0 0 0 0 0 0.415125 0 0 0 0 0 0 0 0 0 0 0 0 0 0 0 0 0 0 0 0 0 0 0 0 0 0 0 0.415125 0 0 0.415125 -4.44763 0 1.06742 0 0 0 0 0 1.06742 0 0 0 0 0 0 0 1.06742 0 0 0 0 0 0 0 0 0 0 
0 0 0 0 0 0 0.415125 0 0 0 0 0 0 0 0 0 0 0 0 0 0 0 0 0 0 0 0 0 0 0 0 0 0 0 0.415125 0 0.415125 0 -4.44763 1.06742 0 0 0 0 0 0 1.06742 0 0 0 0 0 0 0 1.06742 0 0 0 0 0 0 0 0 0 
0 0 0 0 0 0 0 0.415125 0 0 0 0 0 0 0 0 0 0 0 0 0 0 0 0 0 0 0 0 0 0 0 0 0 0 0 0.415125 0 0.415125 0.415125 -4.50695 0 0 0 0 0 0 0 1.42322 0 0 0 0 0 0 0 1.42322 0 0 0 0 0 0 0 0 
0 0 0 0 0 0 0 0 0.415125 0 0 0 0 0 0 0 0 0 0 0 0 0 0 0 0 0 0 0 0 0 0 0 0.415125 0 0 0 0 0 0 0 -3.6767 0.711612 0.711612 0 0.711612 0 0 0 0 0 0 0 0 0 0 0 0.711612 0 0 0 0 0 0 0 
0 0 0 0 0 0 0 0 0 0.415125 0 0 0 0 0 0 0 0 0 0 0 0 0 0 0 0 0 0 0 0 0 0 0 0.415125 0 0 0 0 0 0 0.415125 -4.44763 0 1.06742 0 1.06742 0 0 0 0 0 0 0 0 0 0 0 1.06742 0 0 0 0 0 0 
0 0 0 0 0 0 0 0 0 0 0.415125 0 0 0 0 0 0 0 0 0 0 0 0 0 0 0 0 0 0 0 0 0 0 0 0.415125 0 0 0 0 0 0.415125 0 -4.44763 1.06742 0 0 1.06742 0 0 0 0 0 0 0 0 0 0 0 1.06742 0 0 0 0 0 
0 0 0 0 0 0 0 0 0 0 0 0.415125 0 0 0 0 0 0 0 0 0 0 0 0 0 0 0 0 0 0 0 0 0 0 0 0.415125 0 0 0 0 0 0.415125 0.415125 -4.50695 0 0 0 1.42322 0 0 0 0 0 0 0 0 0 0 0 1.42322 0 0 0 0 
0 0 0 0 0 0 0 0 0 0 0 0 0.415125 0 0 0 0 0 0 0 0 0 0 0 0 0 0 0 0 0 0 0 0 0 0 0 0.415125 0 0 0 0.415125 0 0 0 -4.44763 1.06742 1.06742 0 0 0 0 0 0 0 0 0 0 0 0 0 1.06742 0 0 0 
0 0 0 0 0 0 0 0 0 0 0 0 0 0.415125 0 0 0 0 0 0 0 0 0 0 0 0 0 0 0 0 0 0 0 0 0 0 0 0.415125 0 0 0 0.415125 0 0 0.415125 -4.50695 0 1.42322 0 0 0 0 0 0 0 0 0 0 0 0 0 1.42322 0 0 
0 0 0 0 0 0 0 0 0 0 0 0 0 0 0.415125 0 0 0 0 0 0 0 0 0 0 0 0 0 0 0 0 0 0 0 0 0 0 0 0.415125 0 0 0 0.415125 0 0.415125 0 -4.50695 1.42322 0 0 0 0 0 0 0 0 0 0 0 0 0 0 1.42322 0 
0 0 0 0 0 0 0 0 0 0 0 0 0 0 0 0.415125 0 0 0 0 0 0 0 0 0 0 0 0 0 0 0 0 0 0 0 0 0 0 0 0.415125 0 0 0 0.415125 0 0.415125 0.415125 -3.85466 0 0 0 0 0 0 0 0 0 0 0 0 0 0 0 1.77903 
0 0 0 0 0 0 0 0 0 0 0 0 0 0 0 0 0.415125 0 0 0 0 0 0 0 0 0 0 0 0 0 0 0 0.415125 0 0 0 0 0 0 0 0 0 0 0 0 0 0 0 -3.6767 0.711612 0.711612 0 0.711612 0 0 0 0.711612 0 0 0 0 0 0 0 
0 0 0 0 0 0 0 0 0 0 0 0 0 0 0 0 0 0.415125 0 0 0 0 0 0 0 0 0 0 0 0 0 0 0 0.415125 0 0 0 0 0 0 0 0 0 0 0 0 0 0 0.415125 -4.44763 0 1.06742 0 1.06742 0 0 0 1.06742 0 0 0 0 0 0 
0 0 0 0 0 0 0 0 0 0 0 0 0 0 0 0 0 0 0.415125 0 0 0 0 0 0 0 0 0 0 0 0 0 0 0 0.415125 0 0 0 0 0 0 0 0 0 0 0 0 0 0.415125 0 -4.44763 1.06742 0 0 1.06742 0 0 0 1.06742 0 0 0 0 0 
0 0 0 0 0 0 0 0 0 0 0 0 0 0 0 0 0 0 0 0.415125 0 0 0 0 0 0 0 0 0 0 0 0 0 0 0 0.415125 0 0 0 0 0 0 0 0 0 0 0 0 0 0.415125 0.415125 -4.50695 0 0 0 1.42322 0 0 0 1.42322 0 0 0 0 
0 0 0 0 0 0 0 0 0 0 0 0 0 0 0 0 0 0 0 0 0.415125 0 0 0 0 0 0 0 0 0 0 0 0 0 0 0 0.415125 0 0 0 0 0 0 0 0 0 0 0 0.415125 0 0 0 -4.44763 1.06742 1.06742 0 0 0 0 0 1.06742 0 0 0 
0 0 0 0 0 0 0 0 0 0 0 0 0 0 0 0 0 0 0 0 0 0.415125 0 0 0 0 0 0 0 0 0 0 0 0 0 0 0 0.415125 0 0 0 0 0 0 0 0 0 0 0 0.415125 0 0 0.415125 -4.50695 0 1.42322 0 0 0 0 0 1.42322 0 0 
0 0 0 0 0 0 0 0 0 0 0 0 0 0 0 0 0 0 0 0 0 0 0.415125 0 0 0 0 0 0 0 0 0 0 0 0 0 0 0 0.415125 0 0 0 0 0 0 0 0 0 0 0 0.415125 0 0.415125 0 -4.50695 1.42322 0 0 0 0 0 0 1.42322 0 
0 0 0 0 0 0 0 0 0 0 0 0 0 0 0 0 0 0 0 0 0 0 0 0.415125 0 0 0 0 0 0 0 0 0 0 0 0 0 0 0 0.415125 0 0 0 0 0 0 0 0 0 0 0 0.415125 0 0.415125 0.415125 -3.85466 0 0 0 0 0 0 0 1.77903 
0 0 0 0 0 0 0 0 0 0 0 0 0 0 0 0 0 0 0 0 0 0 0 0 0.415125 0 0 0 0 0 0 0 0 0 0 0 0 0 0 0 0.415125 0 0 0 0 0 0 0 0.415125 0 0 0 0 0 0 0 -4.44763 1.06742 1.06742 0 1.06742 0 0 0 
0 0 0 0 0 0 0 0 0 0 0 0 0 0 0 0 0 0 0 0 0 0 0 0 0 0.415125 0 0 0 0 0 0 0 0 0 0 0 0 0 0 0 0.415125 0 0 0 0 0 0 0 0.415125 0 0 0 0 0 0 0.415125 -4.50695 0 1.42322 0 1.42322 0 0 
0 0 0 0 0 0 0 0 0 0 0 0 0 0 0 0 0 0 0 0 0 0 0 0 0 0 0.415125 0 0 0 0 0 0 0 0 0 0 0 0 0 0 0 0.415125 0 0 0 0 0 0 0 0.415125 0 0 0 0 0 0.415125 0 -4.50695 1.42322 0 0 1.42322 0 
0 0 0 0 0 0 0 0 0 0 0 0 0 0 0 0 0 0 0 0 0 0 0 0 0 0 0 0.415125 0 0 0 0 0 0 0 0 0 0 0 0 0 0 0 0.415125 0 0 0 0 0 0 0 0.415125 0 0 0 0 0 0.415125 0.415125 -3.85466 0 0 0 1.77903 
0 0 0 0 0 0 0 0 0 0 0 0 0 0 0 0 0 0 0 0 0 0 0 0 0 0 0 0 0.415125 0 0 0 0 0 0 0 0 0 0 0 0 0 0 0 0.415125 0 0 0 0 0 0 0 0.415125 0 0 0 0.415125 0 0 0 -4.50695 1.42322 1.42322 0 
0 0 0 0 0 0 0 0 0 0 0 0 0 0 0 0 0 0 0 0 0 0 0 0 0 0 0 0 0 0.415125 0 0 0 0 0 0 0 0 0 0 0 0 0 0 0 0.415125 0 0 0 0 0 0 0 0.415125 0 0 0 0.415125 0 0 0.415125 -3.85466 0 1.77903 
0 0 0 0 0 0 0 0 0 0 0 0 0 0 0 0 0 0 0 0 0 0 0 0 0 0 0 0 0 0 0.415125 0 0 0 0 0 0 0 0 0 0 0 0 0 0 0 0.415125 0 0 0 0 0 0 0 0.415125 0 0 0 0.415125 0 0.415125 0 -3.85466 1.77903 
0 0 0 0 0 0 0 0 0 0 0 0 0 0 0 0 0 0 0 0 0 0 0 0 0 0 0 0 0 0 0 0.415125 0 0 0 0 0 0 0 0 0 0 0 0 0 0 0 0.415125 0 0 0 0 0 0 0 0.415125 0 0 0 0.415125 0 0.415125 0.415125 -2.49075 
