64
-0 0 0 0 0 0 0 0 0 0 0 0 0 0 0 0 0 0 0 0 0 0 0 0 0 0 0 0 0 0 0 0 0 0 0 0 0 0 0 0 0 0 0 0 0 0 0 0 0 0 0 0 0 0 0 0 0 0 0 0 0 0 0 0 
0.140119 -1.01527 0 0.17503 0 0.17503 0 0 0 0.17503 0 0 0 0 0 0 0 0.17503 0 0 0 0 0 0 0 0 0 0 0 0 0 0 0 0.17503 0 0 0 0 0 0 0 0 0 0 0 0 0 0 0 0 0 0 0 0 0 0 0 0 0 0 0 0 0 0 
0.140119 0 -1.01527 0.17503 0 0 0.17503 0 0 0 0.17503 0 0 0 0 0 0 0 0.17503 0 0 0 0 0 0 0 0 0 0 0 0 0 0 0 0.17503 0 0 0 0 0 0 0 0 0 0 0 0 0 0 0 0 0 0 0 0 0 0 0 0 0 0 0 0 0 
0 0.140119 0.140119 -1.68048 0 0 0 0.350059 0 0 0 0.350059 0 0 0 0 0 0 0 0.350059 0 0 0 0 0 0 0 0 0 0 0 0 0 0 0 0.350059 0 0 0 0 0 0 0 0 0 0 0 0 0 0 0 0 0 0 0 0 0 0 0 0 0 0 0 0 
0.140119 0 0 0 -1.01527 0.17503 0.17503 0 0 0 0 0 0.17503 0 0 0 0 0 0 0 0.17503 0 0 0 0 0 0 0 0 0 0 0 0 0 0 0 0.17503 0 0 0 0 0 0 0 0 0 0 0 0 0 0 0 0 0 0 0 0 0 0 0 0 0 0 0 
0 0.140119 0 0 0.140119 -1.68048 0 0.350059 0 0 0 0 0 0.350059 0 0 0 0 0 0 0 0.350059 0 0 0 0 0 0 0 0 0 0 0 0 0 0 0 0.350059 0 0 0 0 0 0 0 0 0 0 0 0 0 0 0 0 0 0 0 0 0 0 0 0 0 0 
0 0 0.140119 0 0.140119 0 -1.68048 0.350059 0 0 0 0 0 0 0.350059 0 0 0 0 0 0 0 0.350059 0 0 0 0 0 0 0 0 0 0 0 0 0 0 0 0.350059 0 0 0 0 0 0 0 0 0 0 0 0 0 0 0 0 0 0 0 0 0 0 0 0 0 
0 0 0 0.140119 0 0.140119 0.140119 -1.99562 0 0 0 0 0 0 0 0.525089 0 0 0 0 0 0 0 0.525089 0 0 0 0 0 0 0 0 0 0 0 0 0 0 0 0.525089 0 0 0 0 0 0 0 0 0 0 0 0 0 0 0 0 0 0 0 0 0 0 0 0 
0.140119 0 0 0 0 0 0 0 -1.01527 0.17503 0.17503 0 0.17503 0 0 0 0 0 0 0 0 0 0 0 0.17503 0 0 0 0 0 0 0 0 0 0 0 0 0 0 0 0.17503 0 0 0 0 0 0 0 0 0 0 0 0 0 0 0 0 0 0 0 0 0 0 0 
0 0.140119 0 0 0 0 0 0 0.140119 -1.68048 0 0.350059 0 0.350059 0 0 0 0 0 0 0 0 0 0 0 0.350059 0 0 0 0 0 0 0 0 0 0 0 0 0 0 0 0.350059 0 0 0 0 0 0 0 0 0 0 0 0 0 0 0 0 0 0 0 0 0 0 
0 0 0.140119 0 0 0 0 0 0.140119 0 -1.68048 0.350059 0 0 0.350059 0 0 0 0 0 0 0 0 0 0 0 0.350059 0 0 0 0 0 0 0 0 0 0 0 0 0 0 0 0.350059 0 0 0 0 0 0 0 0 0 0 0 0 0 0 0 0 0 0 0 0 0 
0 0 0 0.140119 0 0 0 0 0 0.140119 0.140119 -1.99562 0 0 0 0.525089 0 0 0 0 0 0 0 0 0 0 0 0.525089 0 0 0 0 0 0 0 0 0 0 0 0 0 0 0 0.525089 0 0 0 0 0 0 0 0 0 0 0 0 0 0 0 0 0 0 0 0 
0 0 0 0 0.140119 0 0 0 0.140119 0 0 0 -1.68048 0.350059 0.350059 0 0 0 0 0 0 0 0 0 0 0 0 0 0.350059 0 0 0 0 0 0 0 0 0 0 0 0 0 0 0 0.350059 0 0 0 0 0 0 0 0 0 0 0 0 0 0 0 0 0 0 0 
0 0 0 0 0 0.140119 0 0 0 0.140119 0 0 0.140119 -1.99562 0 0.525089 0 0 0 0 0 0 0 0 0 0 0 0 0 0.525089 0 0 0 0 0 0 0 0 0 0 0 0 0 0 0 0.525089 0 0 0 0 0 0 0 0 0 0 0 0 0 0 0 0 0 0 
0 0 0 0 0 0 0.140119 0 0 0 0.140119 0 0.140119 0 -1.99562 0.525089 0 0 0 0 0 0 0 0 0 0 0 0 0 0 0.525089 0 0 0 0 0 0 0 0 0 0 0 0 0 0 0 0.525089 0 0 0 0 0 0 0 0 0 0 0 0 0 0 0 0 0 
0 0 0 0 0 0 0 0.140119 0 0 0 0.140119 0 0.140119 0.140119 -1.96071 0 0 0 0 0 0 0 0 0 0 0 0 0 0 0 0.700119 0 0 0 0 0 0 0 0 0 0 0 0 0 0 0 0.700119 0 0 0 0 0 0 0 0 0 0 0 0 0 0 0 0 
0.140119 0 0 0 0 0 0 0 0 0 0 0 0 0 0 0 -1.01527 0.17503 0.17503 0 0.17503 0 0 0 0.17503 0 0 0 0 0 0 0 0 0 0 0 0 0 0 0 0 0 0 0 0 0 0 0 0.17503 0 0 0 0 0 0 0 0 0 0 0 0 0 0 0 
0 0.140119 0 0 0 0 0 0 0 0 0 0 0 0 0 0 0.140119 -1.68048 0 0.350059 0 0.350059 0 0 0 0.350059 0 0 0 0 0 0 0 0 0 0 0 0 0 0 0 0 0 0 0 0 0 0 0 0.350059 0 0 0 0 0 0 0 0 0 0 0 0 0 0 
0 0 0.140119 0 0 0 0 0 0 0 0 0 0 0 0 0 0.140119 0 -1.68048 0.350059 0 0 0.350059 0 0 0 0.350059 0 0 0 0 0 0 0 0 0 0 0 0 0 0 0 0 0 0 0 0 0 0 0 0.350059 0 0 0 0 0 0 0 0 0 0 0 0 0 
0 0 0 0.140119 0 0 0 0 0 0 0 0 0 0 0 0 0 0.140119 0.140119 -1.99562 0 0 0 0.525089 0 0 0 0.525089 0 0 0 0 0 0 0 0 0 0 0 0 0 0 0 0 0 0 0 0 0 0 0 0.525089 0 0 0 0 0 0 0 0 0 0 0 0 
0 0 0 0 0.140119 0 0 0 0 0 0 0 0 0 0 0 0.140119 0 0 0 -1.68048 0.350059 0.350059 0 0 0 0 0 0.350059 0 0 0 0 0 0 0 0 0 0 0 0 0 0 0 0 0 0 0 0 0 0 0 0.350059 0 0 0 0 0 0 0 0 0 0 0 
0 0 0 0 0 0.140119 0 0 0 0 0 0 0 0 0 0 0 0.140119 0 0 0.140119 -1.99562 0 0.525089 0 0 0 0 0 0.525089 0 0 0 0 0 0 0 0 0 0 0 0 0 0 0 0 0 0 0 0 0 0 0 0.525089 0 0 0 0 0 0 0 0 0 0 
0 0 0 0 0 0 0.140119 0 0 0 0 0 0 0 0 0 0 0 0.140119 0 0.140119 0 -1.99562 0.525089 0 0 0 0 0 0 0.525089 0 0 0 0 0 0 0 0 0 0 0 0 0 0 0 0 0 0 0 0 0 0 0 0.525089 0 0 0 0 0 0 0 0 0 
0 0 0 0 0 0 0 0.140119 0 0 0 0 0 0 0 0 0 0 0 0.140119 0 0.140119 0.140119 -1.96071 0 0 0 0 0 0 0 0.700119 0 0 0 0 0 0 0 0 0 0 0 0 0 0 0 0 0 0 0 0 0 0 0 0.700119 0 0 0 0 0 0 0 0 
0 0 0 0 0 0 0 0 0.140119 0 0 0 0 0 0 0 0.140119 0 0 0 0 0 0 0 -1.68048 0.350059 0.350059 0 0.350059 0 0 0 0 0 0 0 0 0 0 0 0 0 0 0 0 0 0 0 0 0 0 0 0 0 0 0 0.350059 0 0 0 0 0 0 0 
0 0 0 0 0 0 0 0 0 0.140119 0 0 0 0 0 0 0 0.140119 0 0 0 0 0 0 0.140119 -1.99562 0 0.525089 0 0.525089 0 0 0 0 0 0 0 0 0 0 0 0 0 0 0 0 0 0 0 0 0 0 0 0 0 0 0 0.525089 0 0 0 0 0 0 
0 0 0 0 0 0 0 0 0 0 0.140119 0 0 0 0 0 0 0 0.140119 0 0 0 0 0 0.140119 0 -1.99562 0.525089 0 0 0.525089 0 0 0 0 0 0 0 0 0 0 0 0 0 0 0 0 0 0 0 0 0 0 0 0 0 0 0 0.525089 0 0 0 0 0 
0 0 0 0 0 0 0 0 0 0 0 0.140119 0 0 0 0 0 0 0 0.140119 0 0 0 0 0 0.140119 0.140119 -1.96071 0 0 0 0.700119 0 0 0 0 0 0 0 0 0 0 0 0 0 0 0 0 0 0 0 0 0 0 0 0 0 0 0 0.700119 0 0 0 0 
0 0 0 0 0 0 0 0 0 0 0 0 0.140119 0 0 0 0 0 0 0 0.140119 0 0 0 0.140119 0 0 0 -1.99562 0.525089 0.525089 0 0 0 0 0 0 0 0 0 0 0 0 0 0 0 0 0 0 0 0 0 0 0 0 0 0 0 0 0 0.525089 0 0 0 
0 0 0 0 0 0 0 0 0 0 0 0 0 0.140119 0 0 0 0 0 0 0 0.140119 0 0 0 0.140119 0 0 0.140119 -1.96071 0 0.700119 0 0 0 0 0 0 0 0 0 0 0 0 0 0 0 0 0 0 0 0 0 0 0 0 0 0 0 0 0 0.700119 0 0 
0 0 0 0 0 0 0 0 0 0 0 0 0 0 0.140119 0 0 0 0 0 0 0 0.140119 0 0 0 0.140119 0 0.140119 0 -1.96071 0.700119 0 0 0 0 0 0 0 0 0 0 0 0 0 0 0 0 0 0 0 0 0 0 0 0 0 0 0 0 0 0 0.700119 0 
0 0 0 0 0 0 0 0 0 0 0 0 0 0 0 0.140119 0 0 0 0 0 0 0 0.140119 0 0 0 0.140119 0 0.140119 0.140119 -1.57574 0 0 0 0 0 0 0 0 0 0 0 0 0 0 0 0 0 0 0 0 0 0 0 0 0 0 0 0 0 0 0 0.875149 
0.140119 0 0 0 0 0 0 0 0 0 0 0 0 0 0 0 0 0 0 0 0 0 0 0 0 0 0 0 0 0 0 0 -1.01527 0.17503 0.17503 0 0.17503 0 0 0 0.17503 0 0 0 0 0 0 0 0.17503 0 0 0 0 0 0 0 0 0 0 0 0 0 0 0 
0 0.140119 0 0 0 0 0 0 0 0 0 0 0 0 0 0 0 0 0 0 0 0 0 0 0 0 0 0 0 0 0 0 0.140119 -1.68048 0 0.350059 0 0.350059 0 0 0 0.350059 0 0 0 0 0 0 0 0.350059 0 0 0 0 0 0 0 0 0 0 0 0 0 0 
0 0 0.140119 0 0 0 0 0 0 0 0 0 0 0 0 0 0 0 0 0 0 0 0 0 0 0 0 0 0 0 0 0 0.140119 0 -1.68048 0.350059 0 0 0.350059 0 0 0 0.350059 0 0 0 0 0 0 0 0.350059 0 0 0 0 0 0 0 0 0 0 0 0 0 
0 0 0 0.140119 0 0 0 0 0 0 0 0 0 0 0 0 0 0 0 0 0 0 0 0 0 0 0 0 0 0 0 0 0 0.140119 0.140119 -1.99562 0 0 0 0.525089 0 0 0 0.525089 0 0 0 0 0 0 0 0.525089 0 0 0 0 0 0 0 0 0 0 0 0 
0 0 0 0 0.140119 0 0 0 0 0 0 0 0 0 0 0 0 0 0 0 0 0 0 0 0 0 0 0 0 0 0 0 0.140119 0 0 0 -1.68048 0.350059 0.350059 0 0 0 0 0 0.350059 0 0 0 0 0 0 0 0.350059 0 0 0 0 0 0 0 0 0 0 0 
0 0 0 0 0 0.140119 0 0 0 0 0 0 0 0 0 0 0 0 0 0 0 0 0 0 0 0 0 0 0 0 0 0 0 0.140119 0 0 0.140119 -1.99562 0 0.525089 0 0 0 0 0 0.525089 0 0 0 0 0 0 0 0.525089 0 0 0 0 0 0 0 0 0 0 
0 0 0 0 0 0 0.140119 0 0 0 0 0 0 0 0 0 0 0 0 0 0 0 0 0 0 0 0 0 0 0 0 0 0 0 0.140119 0 0.140119 0 -1.99562 0.525089 0 0 0 0 0 0 0.525089 0 0 0 0 0 0 0 0.525089 0 0 0 0 0 0 0 0 0 
0 0 0 0 0 0 0 0.140119 0 0 0 0 0 0 0 0 0 0 0 0 0 0 0 0 0 0 0 0 0 0 0 0 0 0 0 0.140119 0 0.140119 0.140119 -1.96071 0 0 0 0 0 0 0 0.700119 0 0 0 0 0 0 0 0.700119 0 0 0 0 0 0 0 0 
0 0 0 0 0 0 0 0 0.140119 0 0 0 0 0 0 0 0 0 0 0 0 0 0 0 0 0 0 0 0 0 0 0 0.140119 0 0 0 0 0 0 0 -1.68048 0.350059 0.350059 0 0.350059 0 0 0 0 0 0 0 0 0 0 0 0.350059 0 0 0 0 0 0 0 
0 0 0 0 0 0 0 0 0 0.140119 0 0 0 0 0 0 0 0 0 0 0 0 0 0 0 0 0 0 0 0 0 0 0 0.140119 0 0 0 0 0 0 0.140119 -1.99562 0 0.525089 0 0.525089 0 0 0 0 0 0 0 0 0 0 0 0.525089 0 0 0 0 0 0 
0 0 0 0 0 0 0 0 0 0 0.140119 0 0 0 0 0 0 0 0 0 0 0 0 0 0 0 0 0 0 0 0 0 0 0 0.140119 0 0 0 0 0 0.140119 0 -1.99562 0.525089 0 0 0.525089 0 0 0 0 0 0 0 0 0 0 0 0.525089 0 0 0 0 0 
0 0 0 0 0 0 0 0 0 0 0 0.140119 0 0 0 0 0 0 0 0 0 0 0 0 0 0 0 0 0 0 0 0 0 0 0 0.140119 0 0 0 0 0 0.140119 0.140119 -1.96071 0 0 0 0.700119 0 0 0 0 0 0 0 0 0 0 0 0.700119 0 0 0 0 
0 0 0 0 0 0 0 0 0 0 0 0 0.140119 0 0 0 0 0 0 0 0 0 0 0 0 0 0 0 0 0 0 0 0 0 0 0 0.140119 0 0 0 0.140119 0 0 0 -1.99562 0.525089 0.525089 0 0 0 0 0 0 0 0 0 0 0 0 0 0.525089 0 0 0 
0 0 0 0 0 0 0 0 0 0 0 0 0 0.140119 0 0 0 0 0 0 0 0 0 0 0 0 0 0 0 0 0 0 0 0 0 0 0 0.140119 0 0 0 0.140119 0 0 0.140119 -1.96071 0 0.700119 0 0 0 0 0 0 0 0 0 0 0 0 0 0.700119 0 0 
0 0 0 0 0 0 0 0 0 0 0 0 0 0 0.140119 0 0 0 0 0 0 0 0 0 0 0 0 0 0 0 0 0 0 0 0 0 0 0 0.140119 0 0 0 0.140119 0 0.140119 0 -1.96071 0.700119 0 0 0 0 0 0 0 0 0 0 0 0 0 0 0.700119 0 
0 0 0 0 0 0 0 0 0 0 0 0 0 0 0 0.140119 0 0 0 0 0 0 0 0 0 0 0 0 0 0 0 0 0 0 0 0 0 0 0 0.140119 0 0 0 0.140119 0 0.140119 0.140119 -1.57574 0 0 0 0 0 0 0 0 0 0 0 0 0 0 0 0.875149 
0 0 0 0 0 0 0 0 0 0 0 0 0 0 0 0 0.140119 0 0 0 0 0 0 0 0 0 0 0 0 0 0 0 0.140119 0 0 0 0 0 0 0 0 0 0 0 0 0 0 0 -1.68048 0.350059 0.350059 0 0.350059 0 0 0 0.350059 0 0 0 0 0 0 0 
0 0 0 0 0 0 0 0 0 0 0 0 0 0 0 0 0 0.140119 0 0 0 0 0 0 0 0 0 0 0 0 0 0 0 0.140119 0 0 0 0 0 0 0 0 0 0 0 0 0 0 0.140119 -1.99562 0 0.525089 0 0.525089 0 0 0 0.525089 0 0 0 0 0 0 
0 0 0 0 0 0 0 0 0 0 0 0 0 0 0 0 0 0 0.140119 0 0 0 0 0 0 0 0 0 0 0 0 0 0 0 0.140119 0 0 0 0 0 0 0 0 0 0 0 0 0 0.140119 0 -1.99562 0.525089 0 0 0.525089 0 0 0 0.525089 0 0 0 0 0 
0 0 0 0 0 0 0 0 0 0 0 0 0 0 0 0 0 0 0 0.140119 0 0 0 0 0 0 0 0 0 0 0 0 0 0 0 0.140119 0 0 0 0 0 0 0 0 0 0 0 0 0 0.140119 0.140119 -1.96071 0 0 0 0.700119 0 0 0 0.700119 0 0 0 0 
0 0 0 0 0 0 0 0 0 0 0 0 0 0 0 0 0 0 0 0 0.140119 0 0 0 0 0 0 0 0 0 0 0 0 0 0 0 0.140119 0 0 0 0 0 0 0 0 0 0 0 0.140119 0 0 0 -1.99562 0.525089 0.525089 0 0 0 0 0 0.525089 0 0 0 
0 0 0 0 0 0 0 0 0 0 0 0 0 0 0 0 0 0 0 0 0 0.140119 0 0 0 0 0 0 0 0 0 0 0 0 0 0 0 0.140119 0 0 0 0 0 0 0 0 0 0 0 0.140119 0 0 0.140119 -1.96071 0 0.700119 0 0 0 0 0 0.700119 0 0 
0 0 0 0 0 0 0 0 0 0 0 0 0 0 0 0 0 0 0 0 0 0 0.140119 0 0 0 0 0 0 0 0 0 0 0 0 0 0 0 0.140119 0 0 0 0 0 0 0 0 0 0 0 0.140119 0 0.140119 0 -1.96071 0.700119 0 0 0 0 0 0 0.700119 0 
0 0 0 0 0 0 0 0 0 0 0 0 0 0 0 0 0 0 0 0 0 0 0 0.140119 0 0 0 0 0 0 0 0 0 0 0 0 0 0 0 0.140119 0 0 0 0 0 0 0 0 0 0 0 0.140119 0 0.140119 0.140119 -1.57574 0 0 0 0 0 0 0 0.875149 
0 0 0 0 0 0 0 0 0 0 0 0 0 0 0 0 0 0 0 0 0 0 0 0 0.140119 0 0 0 0 0 0 0 0 0 0 0 0 0 0 0 0.140119 0 0 0 0 0 0 0 0.140119 0 0 0 0 0 0 0 -1.99562 0.525089 0.525089 0 0.525089 0 0 0 
0 0 0 0 0 0 0 0 0 0 0 0 0 0 0 0 0 0 0 0 0 0 0 0 0 0.140119 0 0 0 0 0 0 0 0 0 0 0 0 0 0 0 0.140119 0 0 0 0 0 0 0 0.140119 0 0 0 0 0 0 0.140119 -1.96071 0 0.700119 0 0.700119 0 0 
0 0 0 0 0 0 0 0 0 0 0 0 0 0 0 0 0 0 0 0 0 0 0 0 0 0 0.140119 0 0 0 0 0 0 0 0 0 0 0 0 0 0 0 0.140119 0 0 0 0 0 0 0 0.140119 0 0 0 0 0 0.140119 0 -1.96071 0.700119 0 0 0.700119 0 
0 0 0 0 0 0 0 0 0 0 0 0 0 0 0 0 0 0 0 0 0 0 0 0 0 0 0 0.140119 0 0 0 0 0 0 0 0 0 0 0 0 0 0 0 0.140119 0 0 0 0 0 0 0 0.140119 0 0 0 0 0 0.140119 0.140119 -1.57574 0 0 0 0.875149 
0 0 0 0 0 0 0 0 0 0 0 0 0 0 0 0 0 0 0 0 0 0 0 0 0 0 0 0 0.140119 0 0 0 0 0 0 0 0 0 0 0 0 0 0 0 0.140119 0 0 0 0 0 0 0 0.140119 0 0 0 0.140119 0 0 0 -1.96071 0.700119 0.700119 0 
0 0 0 0 0 0 0 0 0 0 0 0 0 0 0 0 0 0 0 0 0 0 0 0 0 0 0 0 0 0.140119 0 0 0 0 0 0 0 0 0 0 0 0 0 0 0 0.140119 0 0 0 0 0 0 0 0.140119 0 0 0 0.140119 0 0 0.140119 -1.57574 0 0.875149 
0 0 0 0 0 0 0 0 0 0 0 0 0 0 0 0 0 0 0 0 0 0 0 0 0 0 0 0 0 0 0.140119 0 0 0 0 0 0 0 0 0 0 0 0 0 0 0 0.140119 0 0 0 0 0 0 0 0.140119 0 0 0 0.140119 0 0.140119 0 -1.57574 0.875149 
0 0 0 0 0 0 0 0 0 0 0 0 0 0 0 0 0 0 0 0 0 0 0 0 0 0 0 0 0 0 0 0.140119 0 0 0 0 0 0 0 0 0 0 0 0 0 0 0 0.140119 0 0 0 0 0 0 0 0.140119 0 0 0 0.140119 0 0.140119 0.140119 -0.840713 
