32
-0 0 0 0 0 0 0 0 0 0 0 0 0 0 0 0 0 0 0 0 0 0 0 0 0 0 0 0 0 0 0 0 
0.271806 -1.34611 0 0.268577 0 0.268577 0 0 0 0.268577 0 0 0 0 0 0 0 0.268577 0 0 0 0 0 0 0 0 0 0 0 0 0 0 
0.271806 0 -1.34611 0.268577 0 0 0.268577 0 0 0 0.268577 0 0 0 0 0 0 0 0.268577 0 0 0 0 0 0 0 0 0 0 0 0 0 
0 0.271806 0.271806 -2.15507 0 0 0 0.537154 0 0 0 0.537154 0 0 0 0 0 0 0 0.537154 0 0 0 0 0 0 0 0 0 0 0 0 
0.271806 0 0 0 -1.34611 0.268577 0.268577 0 0 0 0 0 0.268577 0 0 0 0 0 0 0 0.268577 0 0 0 0 0 0 0 0 0 0 0 
0 0.271806 0 0 0.271806 -2.15507 0 0.537154 0 0 0 0 0 0.537154 0 0 0 0 0 0 0 0.537154 0 0 0 0 0 0 0 0 0 0 
0 0 0.271806 0 0.271806 0 -2.15507 0.537154 0 0 0 0 0 0 0.537154 0 0 0 0 0 0 0 0.537154 0 0 0 0 0 0 0 0 0 
0 0 0 0.271806 0 0.271806 0.271806 -2.42688 0 0 0 0 0 0 0 0.805731 0 0 0 0 0 0 0 0.805731 0 0 0 0 0 0 0 0 
0.271806 0 0 0 0 0 0 0 -1.34611 0.268577 0.268577 0 0.268577 0 0 0 0 0 0 0 0 0 0 0 0.268577 0 0 0 0 0 0 0 
0 0.271806 0 0 0 0 0 0 0.271806 -2.15507 0 0.537154 0 0.537154 0 0 0 0 0 0 0 0 0 0 0 0.537154 0 0 0 0 0 0 
0 0 0.271806 0 0 0 0 0 0.271806 0 -2.15507 0.537154 0 0 0.537154 0 0 0 0 0 0 0 0 0 0 0 0.537154 0 0 0 0 0 
0 0 0 0.271806 0 0 0 0 0 0.271806 0.271806 -2.42688 0 0 0 0.805731 0 0 0 0 0 0 0 0 0 0 0 0.805731 0 0 0 0 
0 0 0 0 0.271806 0 0 0 0.271806 0 0 0 -2.15507 0.537154 0.537154 0 0 0 0 0 0 0 0 0 0 0 0 0 0.537154 0 0 0 
0 0 0 0 0 0.271806 0 0 0 0.271806 0 0 0.271806 -2.42688 0 0.805731 0 0 0 0 0 0 0 0 0 0 0 0 0 0.805731 0 0 
0 0 0 0 0 0 0.271806 0 0 0 0.271806 0 0.271806 0 -2.42688 0.805731 0 0 0 0 0 0 0 0 0 0 0 0 0 0 0.805731 0 
0 0 0 0 0 0 0 0.271806 0 0 0 0.271806 0 0.271806 0.271806 -2.16153 0 0 0 0 0 0 0 0 0 0 0 0 0 0 0 1.07431 
0.271806 0 0 0 0 0 0 0 0 0 0 0 0 0 0 0 -1.34611 0.268577 0.268577 0 0.268577 0 0 0 0.268577 0 0 0 0 0 0 0 
0 0.271806 0 0 0 0 0 0 0 0 0 0 0 0 0 0 0.271806 -2.15507 0 0.537154 0 0.537154 0 0 0 0.537154 0 0 0 0 0 0 
0 0 0.271806 0 0 0 0 0 0 0 0 0 0 0 0 0 0.271806 0 -2.15507 0.537154 0 0 0.537154 0 0 0 0.537154 0 0 0 0 0 
0 0 0 0.271806 0 0 0 0 0 0 0 0 0 0 0 0 0 0.271806 0.271806 -2.42688 0 0 0 0.805731 0 0 0 0.805731 0 0 0 0 
0 0 0 0 0.271806 0 0 0 0 0 0 0 0 0 0 0 0.271806 0 0 0 -2.15507 0.537154 0.537154 0 0 0 0 0 0.537154 0 0 0 
0 0 0 0 0 0.271806 0 0 0 0 0 0 0 0 0 0 0 0.271806 0 0 0.271806 -2.42688 0 0.805731 0 0 0 0 0 0.805731 0 0 
0 0 0 0 0 0 0.271806 0 0 0 0 0 0 0 0 0 0 0 0.271806 0 0.271806 0 -2.42688 0.805731 0 0 0 0 0 0 0.805731 0 
0 0 0 0 0 0 0 0.271806 0 0 0 0 0 0 0 0 0 0 0 0.271806 0 0.271806 0.271806 -2.16153 0 0 0 0 0 0 0 1.07431 
0 0 0 0 0 0 0 0 0.271806 0 0 0 0 0 0 0 0.271806 0 0 0 0 0 0 0 -2.15507 0.537154 0.537154 0 0.537154 0 0 0 
0 0 0 0 0 0 0 0 0 0.271806 0 0 0 0 0 0 0 0.271806 0 0 0 0 0 0 0.271806 -2.42688 0 0.805731 0 0.805731 0 0 
0 0 0 0 0 0 0 0 0 0 0.271806 0 0 0 0 0 0 0 0.271806 0 0 0 0 0 0.271806 0 -2.42688 0.805731 0 0 0.805731 0 
0 0 0 0 0 0 0 0 0 0 0 0.271806 0 0 0 0 0 0 0 0.271806 0 0 0 0 0 0.271806 0.271806 -2.16153 0 0 0 1.07431 
0 0 0 0 0 0 0 0 0 0 0 0 0.271806 0 0 0 0 0 0 0 0.271806 0 0 0 0.271806 0 0 0 -2.42688 0.805731 0.805731 0 
0 0 0 0 0 0 0 0 0 0 0 0 0 0.271806 0 0 0 0 0 0 0 0.271806 0 0 0 0.271806 0 0 0.271806 -2.16153 0 1.07431 
0 0 0 0 0 0 0 0 0 0 0 0 0 0 0.271806 0 0 0 0 0 0 0 0.271806 0 0 0 0.271806 0 0.271806 0 -2.16153 1.07431 
0 0 0 0 0 0 0 0 0 0 0 0 0 0 0 0.271806 0 0 0 0 0 0 0 0.271806 0 0 0 0.271806 0 0.271806 0.271806 -1.35903 
