32
-0 0 0 0 0 0 0 0 0 0 0 0 0 0 0 0 0 0 0 0 0 0 0 0 0 0 0 0 0 0 0 0 
0.400902 -2.34806 0 0.486789 0 0.486789 0 0 0 0.486789 0 0 0 0 0 0 0 0.486789 0 0 0 0 0 0 0 0 0 0 0 0 0 0 
0.400902 0 -2.34806 0.486789 0 0 0.486789 0 0 0 0.486789 0 0 0 0 0 0 0 0.486789 0 0 0 0 0 0 0 0 0 0 0 0 0 
0 0.400902 0.400902 -3.72254 0 0 0 0.973577 0 0 0 0.973577 0 0 0 0 0 0 0 0.973577 0 0 0 0 0 0 0 0 0 0 0 0 
0.400902 0 0 0 -2.34806 0.486789 0.486789 0 0 0 0 0 0.486789 0 0 0 0 0 0 0 0.486789 0 0 0 0 0 0 0 0 0 0 0 
0 0.400902 0 0 0.400902 -3.72254 0 0.973577 0 0 0 0 0 0.973577 0 0 0 0 0 0 0 0.973577 0 0 0 0 0 0 0 0 0 0 
0 0 0.400902 0 0.400902 0 -3.72254 0.973577 0 0 0 0 0 0 0.973577 0 0 0 0 0 0 0 0.973577 0 0 0 0 0 0 0 0 0 
0 0 0 0.400902 0 0.400902 0.400902 -4.12344 0 0 0 0 0 0 0 1.46037 0 0 0 0 0 0 0 1.46037 0 0 0 0 0 0 0 0 
0.400902 0 0 0 0 0 0 0 -2.34806 0.486789 0.486789 0 0.486789 0 0 0 0 0 0 0 0 0 0 0 0.486789 0 0 0 0 0 0 0 
0 0.400902 0 0 0 0 0 0 0.400902 -3.72254 0 0.973577 0 0.973577 0 0 0 0 0 0 0 0 0 0 0 0.973577 0 0 0 0 0 0 
0 0 0.400902 0 0 0 0 0 0.400902 0 -3.72254 0.973577 0 0 0.973577 0 0 0 0 0 0 0 0 0 0 0 0.973577 0 0 0 0 0 
0 0 0 0.400902 0 0 0 0 0 0.400902 0.400902 -4.12344 0 0 0 1.46037 0 0 0 0 0 0 0 0 0 0 0 1.46037 0 0 0 0 
0 0 0 0 0.400902 0 0 0 0.400902 0 0 0 -3.72254 0.973577 0.973577 0 0 0 0 0 0 0 0 0 0 0 0 0 0.973577 0 0 0 
0 0 0 0 0 0.400902 0 0 0 0.400902 0 0 0.400902 -4.12344 0 1.46037 0 0 0 0 0 0 0 0 0 0 0 0 0 1.46037 0 0 
0 0 0 0 0 0 0.400902 0 0 0 0.400902 0 0.400902 0 -4.12344 1.46037 0 0 0 0 0 0 0 0 0 0 0 0 0 0 1.46037 0 
0 0 0 0 0 0 0 0.400902 0 0 0 0.400902 0 0.400902 0.400902 -3.55076 0 0 0 0 0 0 0 0 0 0 0 0 0 0 0 1.94715 
0.400902 0 0 0 0 0 0 0 0 0 0 0 0 0 0 0 -2.34806 0.486789 0.486789 0 0.486789 0 0 0 0.486789 0 0 0 0 0 0 0 
0 0.400902 0 0 0 0 0 0 0 0 0 0 0 0 0 0 0.400902 -3.72254 0 0.973577 0 0.973577 0 0 0 0.973577 0 0 0 0 0 0 
0 0 0.400902 0 0 0 0 0 0 0 0 0 0 0 0 0 0.400902 0 -3.72254 0.973577 0 0 0.973577 0 0 0 0.973577 0 0 0 0 0 
0 0 0 0.400902 0 0 0 0 0 0 0 0 0 0 0 0 0 0.400902 0.400902 -4.12344 0 0 0 1.46037 0 0 0 1.46037 0 0 0 0 
0 0 0 0 0.400902 0 0 0 0 0 0 0 0 0 0 0 0.400902 0 0 0 -3.72254 0.973577 0.973577 0 0 0 0 0 0.973577 0 0 0 
0 0 0 0 0 0.400902 0 0 0 0 0 0 0 0 0 0 0 0.400902 0 0 0.400902 -4.12344 0 1.46037 0 0 0 0 0 1.46037 0 0 
0 0 0 0 0 0 0.400902 0 0 0 0 0 0 0 0 0 0 0 0.400902 0 0.400902 0 -4.12344 1.46037 0 0 0 0 0 0 1.46037 0 
0 0 0 0 0 0 0 0.400902 0 0 0 0 0 0 0 0 0 0 0 0.400902 0 0.400902 0.400902 -3.55076 0 0 0 0 0 0 0 1.94715 
0 0 0 0 0 0 0 0 0.400902 0 0 0 0 0 0 0 0.400902 0 0 0 0 0 0 0 -3.72254 0.973577 0.973577 0 0.973577 0 0 0 
0 0 0 0 0 0 0 0 0 0.400902 0 0 0 0 0 0 0 0.400902 0 0 0 0 0 0 0.400902 -4.12344 0 1.46037 0 1.46037 0 0 
0 0 0 0 0 0 0 0 0 0 0.400902 0 0 0 0 0 0 0 0.400902 0 0 0 0 0 0.400902 0 -4.12344 1.46037 0 0 1.46037 0 
0 0 0 0 0 0 0 0 0 0 0 0.400902 0 0 0 0 0 0 0 0.400902 0 0 0 0 0 0.400902 0.400902 -3.55076 0 0 0 1.94715 
0 0 0 0 0 0 0 0 0 0 0 0 0.400902 0 0 0 0 0 0 0 0.400902 0 0 0 0.400902 0 0 0 -4.12344 1.46037 1.46037 0 
0 0 0 0 0 0 0 0 0 0 0 0 0 0.400902 0 0 0 0 0 0 0 0.400902 0 0 0 0.400902 0 0 0.400902 -3.55076 0 1.94715 
0 0 0 0 0 0 0 0 0 0 0 0 0 0 0.400902 0 0 0 0 0 0 0 0.400902 0 0 0 0.400902 0 0.400902 0 -3.55076 1.94715 
0 0 0 0 0 0 0 0 0 0 0 0 0 0 0 0.400902 0 0 0 0 0 0 0 0.400902 0 0 0 0.400902 0 0.400902 0.400902 -2.00451 
