32
-0 0 0 0 0 0 0 0 0 0 0 0 0 0 0 0 0 0 0 0 0 0 0 0 0 0 0 0 0 0 0 0 
0.214345 -1.2121 0 0.249438 0 0.249438 0 0 0 0.249438 0 0 0 0 0 0 0 0.249438 0 0 0 0 0 0 0 0 0 0 0 0 0 0 
0.214345 0 -1.2121 0.249438 0 0 0.249438 0 0 0 0.249438 0 0 0 0 0 0 0 0.249438 0 0 0 0 0 0 0 0 0 0 0 0 0 
0 0.214345 0.214345 -1.92532 0 0 0 0.498876 0 0 0 0.498876 0 0 0 0 0 0 0 0.498876 0 0 0 0 0 0 0 0 0 0 0 0 
0.214345 0 0 0 -1.2121 0.249438 0.249438 0 0 0 0 0 0.249438 0 0 0 0 0 0 0 0.249438 0 0 0 0 0 0 0 0 0 0 0 
0 0.214345 0 0 0.214345 -1.92532 0 0.498876 0 0 0 0 0 0.498876 0 0 0 0 0 0 0 0.498876 0 0 0 0 0 0 0 0 0 0 
0 0 0.214345 0 0.214345 0 -1.92532 0.498876 0 0 0 0 0 0 0.498876 0 0 0 0 0 0 0 0.498876 0 0 0 0 0 0 0 0 0 
0 0 0 0.214345 0 0.214345 0.214345 -2.13966 0 0 0 0 0 0 0 0.748314 0 0 0 0 0 0 0 0.748314 0 0 0 0 0 0 0 0 
0.214345 0 0 0 0 0 0 0 -1.2121 0.249438 0.249438 0 0.249438 0 0 0 0 0 0 0 0 0 0 0 0.249438 0 0 0 0 0 0 0 
0 0.214345 0 0 0 0 0 0 0.214345 -1.92532 0 0.498876 0 0.498876 0 0 0 0 0 0 0 0 0 0 0 0.498876 0 0 0 0 0 0 
0 0 0.214345 0 0 0 0 0 0.214345 0 -1.92532 0.498876 0 0 0.498876 0 0 0 0 0 0 0 0 0 0 0 0.498876 0 0 0 0 0 
0 0 0 0.214345 0 0 0 0 0 0.214345 0.214345 -2.13966 0 0 0 0.748314 0 0 0 0 0 0 0 0 0 0 0 0.748314 0 0 0 0 
0 0 0 0 0.214345 0 0 0 0.214345 0 0 0 -1.92532 0.498876 0.498876 0 0 0 0 0 0 0 0 0 0 0 0 0 0.498876 0 0 0 
0 0 0 0 0 0.214345 0 0 0 0.214345 0 0 0.214345 -2.13966 0 0.748314 0 0 0 0 0 0 0 0 0 0 0 0 0 0.748314 0 0 
0 0 0 0 0 0 0.214345 0 0 0 0.214345 0 0.214345 0 -2.13966 0.748314 0 0 0 0 0 0 0 0 0 0 0 0 0 0 0.748314 0 
0 0 0 0 0 0 0 0.214345 0 0 0 0.214345 0 0.214345 0.214345 -1.85513 0 0 0 0 0 0 0 0 0 0 0 0 0 0 0 0.997752 
0.214345 0 0 0 0 0 0 0 0 0 0 0 0 0 0 0 -1.2121 0.249438 0.249438 0 0.249438 0 0 0 0.249438 0 0 0 0 0 0 0 
0 0.214345 0 0 0 0 0 0 0 0 0 0 0 0 0 0 0.214345 -1.92532 0 0.498876 0 0.498876 0 0 0 0.498876 0 0 0 0 0 0 
0 0 0.214345 0 0 0 0 0 0 0 0 0 0 0 0 0 0.214345 0 -1.92532 0.498876 0 0 0.498876 0 0 0 0.498876 0 0 0 0 0 
0 0 0 0.214345 0 0 0 0 0 0 0 0 0 0 0 0 0 0.214345 0.214345 -2.13966 0 0 0 0.748314 0 0 0 0.748314 0 0 0 0 
0 0 0 0 0.214345 0 0 0 0 0 0 0 0 0 0 0 0.214345 0 0 0 -1.92532 0.498876 0.498876 0 0 0 0 0 0.498876 0 0 0 
0 0 0 0 0 0.214345 0 0 0 0 0 0 0 0 0 0 0 0.214345 0 0 0.214345 -2.13966 0 0.748314 0 0 0 0 0 0.748314 0 0 
0 0 0 0 0 0 0.214345 0 0 0 0 0 0 0 0 0 0 0 0.214345 0 0.214345 0 -2.13966 0.748314 0 0 0 0 0 0 0.748314 0 
0 0 0 0 0 0 0 0.214345 0 0 0 0 0 0 0 0 0 0 0 0.214345 0 0.214345 0.214345 -1.85513 0 0 0 0 0 0 0 0.997752 
0 0 0 0 0 0 0 0 0.214345 0 0 0 0 0 0 0 0.214345 0 0 0 0 0 0 0 -1.92532 0.498876 0.498876 0 0.498876 0 0 0 
0 0 0 0 0 0 0 0 0 0.214345 0 0 0 0 0 0 0 0.214345 0 0 0 0 0 0 0.214345 -2.13966 0 0.748314 0 0.748314 0 0 
0 0 0 0 0 0 0 0 0 0 0.214345 0 0 0 0 0 0 0 0.214345 0 0 0 0 0 0.214345 0 -2.13966 0.748314 0 0 0.748314 0 
0 0 0 0 0 0 0 0 0 0 0 0.214345 0 0 0 0 0 0 0 0.214345 0 0 0 0 0 0.214345 0.214345 -1.85513 0 0 0 0.997752 
0 0 0 0 0 0 0 0 0 0 0 0 0.214345 0 0 0 0 0 0 0 0.214345 0 0 0 0.214345 0 0 0 -2.13966 0.748314 0.748314 0 
0 0 0 0 0 0 0 0 0 0 0 0 0 0.214345 0 0 0 0 0 0 0 0.214345 0 0 0 0.214345 0 0 0.214345 -1.85513 0 0.997752 
0 0 0 0 0 0 0 0 0 0 0 0 0 0 0.214345 0 0 0 0 0 0 0 0.214345 0 0 0 0.214345 0 0.214345 0 -1.85513 0.997752 
0 0 0 0 0 0 0 0 0 0 0 0 0 0 0 0.214345 0 0 0 0 0 0 0 0.214345 0 0 0 0.214345 0 0.214345 0.214345 -1.07173 
