32
-0 0 0 0 0 0 0 0 0 0 0 0 0 0 0 0 0 0 0 0 0 0 0 0 0 0 0 0 0 0 0 0 
0.17063 -1.08018 0 0.227386 0 0.227386 0 0 0 0.227386 0 0 0 0 0 0 0 0.227386 0 0 0 0 0 0 0 0 0 0 0 0 0 0 
0.17063 0 -1.08018 0.227386 0 0 0.227386 0 0 0 0.227386 0 0 0 0 0 0 0 0.227386 0 0 0 0 0 0 0 0 0 0 0 0 0 
0 0.17063 0.17063 -1.70558 0 0 0 0.454773 0 0 0 0.454773 0 0 0 0 0 0 0 0.454773 0 0 0 0 0 0 0 0 0 0 0 0 
0.17063 0 0 0 -1.08018 0.227386 0.227386 0 0 0 0 0 0.227386 0 0 0 0 0 0 0 0.227386 0 0 0 0 0 0 0 0 0 0 0 
0 0.17063 0 0 0.17063 -1.70558 0 0.454773 0 0 0 0 0 0.454773 0 0 0 0 0 0 0 0.454773 0 0 0 0 0 0 0 0 0 0 
0 0 0.17063 0 0.17063 0 -1.70558 0.454773 0 0 0 0 0 0 0.454773 0 0 0 0 0 0 0 0.454773 0 0 0 0 0 0 0 0 0 
0 0 0 0.17063 0 0.17063 0.17063 -1.87621 0 0 0 0 0 0 0 0.682159 0 0 0 0 0 0 0 0.682159 0 0 0 0 0 0 0 0 
0.17063 0 0 0 0 0 0 0 -1.08018 0.227386 0.227386 0 0.227386 0 0 0 0 0 0 0 0 0 0 0 0.227386 0 0 0 0 0 0 0 
0 0.17063 0 0 0 0 0 0 0.17063 -1.70558 0 0.454773 0 0.454773 0 0 0 0 0 0 0 0 0 0 0 0.454773 0 0 0 0 0 0 
0 0 0.17063 0 0 0 0 0 0.17063 0 -1.70558 0.454773 0 0 0.454773 0 0 0 0 0 0 0 0 0 0 0 0.454773 0 0 0 0 0 
0 0 0 0.17063 0 0 0 0 0 0.17063 0.17063 -1.87621 0 0 0 0.682159 0 0 0 0 0 0 0 0 0 0 0 0.682159 0 0 0 0 
0 0 0 0 0.17063 0 0 0 0.17063 0 0 0 -1.70558 0.454773 0.454773 0 0 0 0 0 0 0 0 0 0 0 0 0 0.454773 0 0 0 
0 0 0 0 0 0.17063 0 0 0 0.17063 0 0 0.17063 -1.87621 0 0.682159 0 0 0 0 0 0 0 0 0 0 0 0 0 0.682159 0 0 
0 0 0 0 0 0 0.17063 0 0 0 0.17063 0 0.17063 0 -1.87621 0.682159 0 0 0 0 0 0 0 0 0 0 0 0 0 0 0.682159 0 
0 0 0 0 0 0 0 0.17063 0 0 0 0.17063 0 0.17063 0.17063 -1.59207 0 0 0 0 0 0 0 0 0 0 0 0 0 0 0 0.909546 
0.17063 0 0 0 0 0 0 0 0 0 0 0 0 0 0 0 -1.08018 0.227386 0.227386 0 0.227386 0 0 0 0.227386 0 0 0 0 0 0 0 
0 0.17063 0 0 0 0 0 0 0 0 0 0 0 0 0 0 0.17063 -1.70558 0 0.454773 0 0.454773 0 0 0 0.454773 0 0 0 0 0 0 
0 0 0.17063 0 0 0 0 0 0 0 0 0 0 0 0 0 0.17063 0 -1.70558 0.454773 0 0 0.454773 0 0 0 0.454773 0 0 0 0 0 
0 0 0 0.17063 0 0 0 0 0 0 0 0 0 0 0 0 0 0.17063 0.17063 -1.87621 0 0 0 0.682159 0 0 0 0.682159 0 0 0 0 
0 0 0 0 0.17063 0 0 0 0 0 0 0 0 0 0 0 0.17063 0 0 0 -1.70558 0.454773 0.454773 0 0 0 0 0 0.454773 0 0 0 
0 0 0 0 0 0.17063 0 0 0 0 0 0 0 0 0 0 0 0.17063 0 0 0.17063 -1.87621 0 0.682159 0 0 0 0 0 0.682159 0 0 
0 0 0 0 0 0 0.17063 0 0 0 0 0 0 0 0 0 0 0 0.17063 0 0.17063 0 -1.87621 0.682159 0 0 0 0 0 0 0.682159 0 
0 0 0 0 0 0 0 0.17063 0 0 0 0 0 0 0 0 0 0 0 0.17063 0 0.17063 0.17063 -1.59207 0 0 0 0 0 0 0 0.909546 
0 0 0 0 0 0 0 0 0.17063 0 0 0 0 0 0 0 0.17063 0 0 0 0 0 0 0 -1.70558 0.454773 0.454773 0 0.454773 0 0 0 
0 0 0 0 0 0 0 0 0 0.17063 0 0 0 0 0 0 0 0.17063 0 0 0 0 0 0 0.17063 -1.87621 0 0.682159 0 0.682159 0 0 
0 0 0 0 0 0 0 0 0 0 0.17063 0 0 0 0 0 0 0 0.17063 0 0 0 0 0 0.17063 0 -1.87621 0.682159 0 0 0.682159 0 
0 0 0 0 0 0 0 0 0 0 0 0.17063 0 0 0 0 0 0 0 0.17063 0 0 0 0 0 0.17063 0.17063 -1.59207 0 0 0 0.909546 
0 0 0 0 0 0 0 0 0 0 0 0 0.17063 0 0 0 0 0 0 0 0.17063 0 0 0 0.17063 0 0 0 -1.87621 0.682159 0.682159 0 
0 0 0 0 0 0 0 0 0 0 0 0 0 0.17063 0 0 0 0 0 0 0 0.17063 0 0 0 0.17063 0 0 0.17063 -1.59207 0 0.909546 
0 0 0 0 0 0 0 0 0 0 0 0 0 0 0.17063 0 0 0 0 0 0 0 0.17063 0 0 0 0.17063 0 0.17063 0 -1.59207 0.909546 
0 0 0 0 0 0 0 0 0 0 0 0 0 0 0 0.17063 0 0 0 0 0 0 0 0.17063 0 0 0 0.17063 0 0.17063 0.17063 -0.853151 
