64
-0 0 0 0 0 0 0 0 0 0 0 0 0 0 0 0 0 0 0 0 0 0 0 0 0 0 0 0 0 0 0 0 0 0 0 0 0 0 0 0 0 0 0 0 0 0 0 0 0 0 0 0 0 0 0 0 0 0 0 0 0 0 0 0 
0.770589 -3.72913 0 0.591707 0 0.591707 0 0 0 0.591707 0 0 0 0 0 0 0 0.591707 0 0 0 0 0 0 0 0 0 0 0 0 0 0 0 0.591707 0 0 0 0 0 0 0 0 0 0 0 0 0 0 0 0 0 0 0 0 0 0 0 0 0 0 0 0 0 0 
0.770589 0 -3.72913 0.591707 0 0 0.591707 0 0 0 0.591707 0 0 0 0 0 0 0 0.591707 0 0 0 0 0 0 0 0 0 0 0 0 0 0 0 0.591707 0 0 0 0 0 0 0 0 0 0 0 0 0 0 0 0 0 0 0 0 0 0 0 0 0 0 0 0 0 
0 0.770589 0.770589 -6.27484 0 0 0 1.18341 0 0 0 1.18341 0 0 0 0 0 0 0 1.18341 0 0 0 0 0 0 0 0 0 0 0 0 0 0 0 1.18341 0 0 0 0 0 0 0 0 0 0 0 0 0 0 0 0 0 0 0 0 0 0 0 0 0 0 0 0 
0.770589 0 0 0 -3.72913 0.591707 0.591707 0 0 0 0 0 0.591707 0 0 0 0 0 0 0 0.591707 0 0 0 0 0 0 0 0 0 0 0 0 0 0 0 0.591707 0 0 0 0 0 0 0 0 0 0 0 0 0 0 0 0 0 0 0 0 0 0 0 0 0 0 0 
0 0.770589 0 0 0.770589 -6.27484 0 1.18341 0 0 0 0 0 1.18341 0 0 0 0 0 0 0 1.18341 0 0 0 0 0 0 0 0 0 0 0 0 0 0 0 1.18341 0 0 0 0 0 0 0 0 0 0 0 0 0 0 0 0 0 0 0 0 0 0 0 0 0 0 
0 0 0.770589 0 0.770589 0 -6.27484 1.18341 0 0 0 0 0 0 1.18341 0 0 0 0 0 0 0 1.18341 0 0 0 0 0 0 0 0 0 0 0 0 0 0 0 1.18341 0 0 0 0 0 0 0 0 0 0 0 0 0 0 0 0 0 0 0 0 0 0 0 0 0 
0 0 0 0.770589 0 0.770589 0.770589 -7.63713 0 0 0 0 0 0 0 1.77512 0 0 0 0 0 0 0 1.77512 0 0 0 0 0 0 0 0 0 0 0 0 0 0 0 1.77512 0 0 0 0 0 0 0 0 0 0 0 0 0 0 0 0 0 0 0 0 0 0 0 0 
0.770589 0 0 0 0 0 0 0 -3.72913 0.591707 0.591707 0 0.591707 0 0 0 0 0 0 0 0 0 0 0 0.591707 0 0 0 0 0 0 0 0 0 0 0 0 0 0 0 0.591707 0 0 0 0 0 0 0 0 0 0 0 0 0 0 0 0 0 0 0 0 0 0 0 
0 0.770589 0 0 0 0 0 0 0.770589 -6.27484 0 1.18341 0 1.18341 0 0 0 0 0 0 0 0 0 0 0 1.18341 0 0 0 0 0 0 0 0 0 0 0 0 0 0 0 1.18341 0 0 0 0 0 0 0 0 0 0 0 0 0 0 0 0 0 0 0 0 0 0 
0 0 0.770589 0 0 0 0 0 0.770589 0 -6.27484 1.18341 0 0 1.18341 0 0 0 0 0 0 0 0 0 0 0 1.18341 0 0 0 0 0 0 0 0 0 0 0 0 0 0 0 1.18341 0 0 0 0 0 0 0 0 0 0 0 0 0 0 0 0 0 0 0 0 0 
0 0 0 0.770589 0 0 0 0 0 0.770589 0.770589 -7.63713 0 0 0 1.77512 0 0 0 0 0 0 0 0 0 0 0 1.77512 0 0 0 0 0 0 0 0 0 0 0 0 0 0 0 1.77512 0 0 0 0 0 0 0 0 0 0 0 0 0 0 0 0 0 0 0 0 
0 0 0 0 0.770589 0 0 0 0.770589 0 0 0 -6.27484 1.18341 1.18341 0 0 0 0 0 0 0 0 0 0 0 0 0 1.18341 0 0 0 0 0 0 0 0 0 0 0 0 0 0 0 1.18341 0 0 0 0 0 0 0 0 0 0 0 0 0 0 0 0 0 0 0 
0 0 0 0 0 0.770589 0 0 0 0.770589 0 0 0.770589 -7.63713 0 1.77512 0 0 0 0 0 0 0 0 0 0 0 0 0 1.77512 0 0 0 0 0 0 0 0 0 0 0 0 0 0 0 1.77512 0 0 0 0 0 0 0 0 0 0 0 0 0 0 0 0 0 0 
0 0 0 0 0 0 0.770589 0 0 0 0.770589 0 0.770589 0 -7.63713 1.77512 0 0 0 0 0 0 0 0 0 0 0 0 0 0 1.77512 0 0 0 0 0 0 0 0 0 0 0 0 0 0 0 1.77512 0 0 0 0 0 0 0 0 0 0 0 0 0 0 0 0 0 
0 0 0 0 0 0 0 0.770589 0 0 0 0.770589 0 0.770589 0.770589 -7.81601 0 0 0 0 0 0 0 0 0 0 0 0 0 0 0 2.36683 0 0 0 0 0 0 0 0 0 0 0 0 0 0 0 2.36683 0 0 0 0 0 0 0 0 0 0 0 0 0 0 0 0 
0.770589 0 0 0 0 0 0 0 0 0 0 0 0 0 0 0 -3.72913 0.591707 0.591707 0 0.591707 0 0 0 0.591707 0 0 0 0 0 0 0 0 0 0 0 0 0 0 0 0 0 0 0 0 0 0 0 0.591707 0 0 0 0 0 0 0 0 0 0 0 0 0 0 0 
0 0.770589 0 0 0 0 0 0 0 0 0 0 0 0 0 0 0.770589 -6.27484 0 1.18341 0 1.18341 0 0 0 1.18341 0 0 0 0 0 0 0 0 0 0 0 0 0 0 0 0 0 0 0 0 0 0 0 1.18341 0 0 0 0 0 0 0 0 0 0 0 0 0 0 
0 0 0.770589 0 0 0 0 0 0 0 0 0 0 0 0 0 0.770589 0 -6.27484 1.18341 0 0 1.18341 0 0 0 1.18341 0 0 0 0 0 0 0 0 0 0 0 0 0 0 0 0 0 0 0 0 0 0 0 1.18341 0 0 0 0 0 0 0 0 0 0 0 0 0 
0 0 0 0.770589 0 0 0 0 0 0 0 0 0 0 0 0 0 0.770589 0.770589 -7.63713 0 0 0 1.77512 0 0 0 1.77512 0 0 0 0 0 0 0 0 0 0 0 0 0 0 0 0 0 0 0 0 0 0 0 1.77512 0 0 0 0 0 0 0 0 0 0 0 0 
0 0 0 0 0.770589 0 0 0 0 0 0 0 0 0 0 0 0.770589 0 0 0 -6.27484 1.18341 1.18341 0 0 0 0 0 1.18341 0 0 0 0 0 0 0 0 0 0 0 0 0 0 0 0 0 0 0 0 0 0 0 1.18341 0 0 0 0 0 0 0 0 0 0 0 
0 0 0 0 0 0.770589 0 0 0 0 0 0 0 0 0 0 0 0.770589 0 0 0.770589 -7.63713 0 1.77512 0 0 0 0 0 1.77512 0 0 0 0 0 0 0 0 0 0 0 0 0 0 0 0 0 0 0 0 0 0 0 1.77512 0 0 0 0 0 0 0 0 0 0 
0 0 0 0 0 0 0.770589 0 0 0 0 0 0 0 0 0 0 0 0.770589 0 0.770589 0 -7.63713 1.77512 0 0 0 0 0 0 1.77512 0 0 0 0 0 0 0 0 0 0 0 0 0 0 0 0 0 0 0 0 0 0 0 1.77512 0 0 0 0 0 0 0 0 0 
0 0 0 0 0 0 0 0.770589 0 0 0 0 0 0 0 0 0 0 0 0.770589 0 0.770589 0.770589 -7.81601 0 0 0 0 0 0 0 2.36683 0 0 0 0 0 0 0 0 0 0 0 0 0 0 0 0 0 0 0 0 0 0 0 2.36683 0 0 0 0 0 0 0 0 
0 0 0 0 0 0 0 0 0.770589 0 0 0 0 0 0 0 0.770589 0 0 0 0 0 0 0 -6.27484 1.18341 1.18341 0 1.18341 0 0 0 0 0 0 0 0 0 0 0 0 0 0 0 0 0 0 0 0 0 0 0 0 0 0 0 1.18341 0 0 0 0 0 0 0 
0 0 0 0 0 0 0 0 0 0.770589 0 0 0 0 0 0 0 0.770589 0 0 0 0 0 0 0.770589 -7.63713 0 1.77512 0 1.77512 0 0 0 0 0 0 0 0 0 0 0 0 0 0 0 0 0 0 0 0 0 0 0 0 0 0 0 1.77512 0 0 0 0 0 0 
0 0 0 0 0 0 0 0 0 0 0.770589 0 0 0 0 0 0 0 0.770589 0 0 0 0 0 0.770589 0 -7.63713 1.77512 0 0 1.77512 0 0 0 0 0 0 0 0 0 0 0 0 0 0 0 0 0 0 0 0 0 0 0 0 0 0 0 1.77512 0 0 0 0 0 
0 0 0 0 0 0 0 0 0 0 0 0.770589 0 0 0 0 0 0 0 0.770589 0 0 0 0 0 0.770589 0.770589 -7.81601 0 0 0 2.36683 0 0 0 0 0 0 0 0 0 0 0 0 0 0 0 0 0 0 0 0 0 0 0 0 0 0 0 2.36683 0 0 0 0 
0 0 0 0 0 0 0 0 0 0 0 0 0.770589 0 0 0 0 0 0 0 0.770589 0 0 0 0.770589 0 0 0 -7.63713 1.77512 1.77512 0 0 0 0 0 0 0 0 0 0 0 0 0 0 0 0 0 0 0 0 0 0 0 0 0 0 0 0 0 1.77512 0 0 0 
0 0 0 0 0 0 0 0 0 0 0 0 0 0.770589 0 0 0 0 0 0 0 0.770589 0 0 0 0.770589 0 0 0.770589 -7.81601 0 2.36683 0 0 0 0 0 0 0 0 0 0 0 0 0 0 0 0 0 0 0 0 0 0 0 0 0 0 0 0 0 2.36683 0 0 
0 0 0 0 0 0 0 0 0 0 0 0 0 0 0.770589 0 0 0 0 0 0 0 0.770589 0 0 0 0.770589 0 0.770589 0 -7.81601 2.36683 0 0 0 0 0 0 0 0 0 0 0 0 0 0 0 0 0 0 0 0 0 0 0 0 0 0 0 0 0 0 2.36683 0 
0 0 0 0 0 0 0 0 0 0 0 0 0 0 0 0.770589 0 0 0 0 0 0 0 0.770589 0 0 0 0.770589 0 0.770589 0.770589 -6.81148 0 0 0 0 0 0 0 0 0 0 0 0 0 0 0 0 0 0 0 0 0 0 0 0 0 0 0 0 0 0 0 2.95854 
0.770589 0 0 0 0 0 0 0 0 0 0 0 0 0 0 0 0 0 0 0 0 0 0 0 0 0 0 0 0 0 0 0 -3.72913 0.591707 0.591707 0 0.591707 0 0 0 0.591707 0 0 0 0 0 0 0 0.591707 0 0 0 0 0 0 0 0 0 0 0 0 0 0 0 
0 0.770589 0 0 0 0 0 0 0 0 0 0 0 0 0 0 0 0 0 0 0 0 0 0 0 0 0 0 0 0 0 0 0.770589 -6.27484 0 1.18341 0 1.18341 0 0 0 1.18341 0 0 0 0 0 0 0 1.18341 0 0 0 0 0 0 0 0 0 0 0 0 0 0 
0 0 0.770589 0 0 0 0 0 0 0 0 0 0 0 0 0 0 0 0 0 0 0 0 0 0 0 0 0 0 0 0 0 0.770589 0 -6.27484 1.18341 0 0 1.18341 0 0 0 1.18341 0 0 0 0 0 0 0 1.18341 0 0 0 0 0 0 0 0 0 0 0 0 0 
0 0 0 0.770589 0 0 0 0 0 0 0 0 0 0 0 0 0 0 0 0 0 0 0 0 0 0 0 0 0 0 0 0 0 0.770589 0.770589 -7.63713 0 0 0 1.77512 0 0 0 1.77512 0 0 0 0 0 0 0 1.77512 0 0 0 0 0 0 0 0 0 0 0 0 
0 0 0 0 0.770589 0 0 0 0 0 0 0 0 0 0 0 0 0 0 0 0 0 0 0 0 0 0 0 0 0 0 0 0.770589 0 0 0 -6.27484 1.18341 1.18341 0 0 0 0 0 1.18341 0 0 0 0 0 0 0 1.18341 0 0 0 0 0 0 0 0 0 0 0 
0 0 0 0 0 0.770589 0 0 0 0 0 0 0 0 0 0 0 0 0 0 0 0 0 0 0 0 0 0 0 0 0 0 0 0.770589 0 0 0.770589 -7.63713 0 1.77512 0 0 0 0 0 1.77512 0 0 0 0 0 0 0 1.77512 0 0 0 0 0 0 0 0 0 0 
0 0 0 0 0 0 0.770589 0 0 0 0 0 0 0 0 0 0 0 0 0 0 0 0 0 0 0 0 0 0 0 0 0 0 0 0.770589 0 0.770589 0 -7.63713 1.77512 0 0 0 0 0 0 1.77512 0 0 0 0 0 0 0 1.77512 0 0 0 0 0 0 0 0 0 
0 0 0 0 0 0 0 0.770589 0 0 0 0 0 0 0 0 0 0 0 0 0 0 0 0 0 0 0 0 0 0 0 0 0 0 0 0.770589 0 0.770589 0.770589 -7.81601 0 0 0 0 0 0 0 2.36683 0 0 0 0 0 0 0 2.36683 0 0 0 0 0 0 0 0 
0 0 0 0 0 0 0 0 0.770589 0 0 0 0 0 0 0 0 0 0 0 0 0 0 0 0 0 0 0 0 0 0 0 0.770589 0 0 0 0 0 0 0 -6.27484 1.18341 1.18341 0 1.18341 0 0 0 0 0 0 0 0 0 0 0 1.18341 0 0 0 0 0 0 0 
0 0 0 0 0 0 0 0 0 0.770589 0 0 0 0 0 0 0 0 0 0 0 0 0 0 0 0 0 0 0 0 0 0 0 0.770589 0 0 0 0 0 0 0.770589 -7.63713 0 1.77512 0 1.77512 0 0 0 0 0 0 0 0 0 0 0 1.77512 0 0 0 0 0 0 
0 0 0 0 0 0 0 0 0 0 0.770589 0 0 0 0 0 0 0 0 0 0 0 0 0 0 0 0 0 0 0 0 0 0 0 0.770589 0 0 0 0 0 0.770589 0 -7.63713 1.77512 0 0 1.77512 0 0 0 0 0 0 0 0 0 0 0 1.77512 0 0 0 0 0 
0 0 0 0 0 0 0 0 0 0 0 0.770589 0 0 0 0 0 0 0 0 0 0 0 0 0 0 0 0 0 0 0 0 0 0 0 0.770589 0 0 0 0 0 0.770589 0.770589 -7.81601 0 0 0 2.36683 0 0 0 0 0 0 0 0 0 0 0 2.36683 0 0 0 0 
0 0 0 0 0 0 0 0 0 0 0 0 0.770589 0 0 0 0 0 0 0 0 0 0 0 0 0 0 0 0 0 0 0 0 0 0 0 0.770589 0 0 0 0.770589 0 0 0 -7.63713 1.77512 1.77512 0 0 0 0 0 0 0 0 0 0 0 0 0 1.77512 0 0 0 
0 0 0 0 0 0 0 0 0 0 0 0 0 0.770589 0 0 0 0 0 0 0 0 0 0 0 0 0 0 0 0 0 0 0 0 0 0 0 0.770589 0 0 0 0.770589 0 0 0.770589 -7.81601 0 2.36683 0 0 0 0 0 0 0 0 0 0 0 0 0 2.36683 0 0 
0 0 0 0 0 0 0 0 0 0 0 0 0 0 0.770589 0 0 0 0 0 0 0 0 0 0 0 0 0 0 0 0 0 0 0 0 0 0 0 0.770589 0 0 0 0.770589 0 0.770589 0 -7.81601 2.36683 0 0 0 0 0 0 0 0 0 0 0 0 0 0 2.36683 0 
0 0 0 0 0 0 0 0 0 0 0 0 0 0 0 0.770589 0 0 0 0 0 0 0 0 0 0 0 0 0 0 0 0 0 0 0 0 0 0 0 0.770589 0 0 0 0.770589 0 0.770589 0.770589 -6.81148 0 0 0 0 0 0 0 0 0 0 0 0 0 0 0 2.95854 
0 0 0 0 0 0 0 0 0 0 0 0 0 0 0 0 0.770589 0 0 0 0 0 0 0 0 0 0 0 0 0 0 0 0.770589 0 0 0 0 0 0 0 0 0 0 0 0 0 0 0 -6.27484 1.18341 1.18341 0 1.18341 0 0 0 1.18341 0 0 0 0 0 0 0 
0 0 0 0 0 0 0 0 0 0 0 0 0 0 0 0 0 0.770589 0 0 0 0 0 0 0 0 0 0 0 0 0 0 0 0.770589 0 0 0 0 0 0 0 0 0 0 0 0 0 0 0.770589 -7.63713 0 1.77512 0 1.77512 0 0 0 1.77512 0 0 0 0 0 0 
0 0 0 0 0 0 0 0 0 0 0 0 0 0 0 0 0 0 0.770589 0 0 0 0 0 0 0 0 0 0 0 0 0 0 0 0.770589 0 0 0 0 0 0 0 0 0 0 0 0 0 0.770589 0 -7.63713 1.77512 0 0 1.77512 0 0 0 1.77512 0 0 0 0 0 
0 0 0 0 0 0 0 0 0 0 0 0 0 0 0 0 0 0 0 0.770589 0 0 0 0 0 0 0 0 0 0 0 0 0 0 0 0.770589 0 0 0 0 0 0 0 0 0 0 0 0 0 0.770589 0.770589 -7.81601 0 0 0 2.36683 0 0 0 2.36683 0 0 0 0 
0 0 0 0 0 0 0 0 0 0 0 0 0 0 0 0 0 0 0 0 0.770589 0 0 0 0 0 0 0 0 0 0 0 0 0 0 0 0.770589 0 0 0 0 0 0 0 0 0 0 0 0.770589 0 0 0 -7.63713 1.77512 1.77512 0 0 0 0 0 1.77512 0 0 0 
0 0 0 0 0 0 0 0 0 0 0 0 0 0 0 0 0 0 0 0 0 0.770589 0 0 0 0 0 0 0 0 0 0 0 0 0 0 0 0.770589 0 0 0 0 0 0 0 0 0 0 0 0.770589 0 0 0.770589 -7.81601 0 2.36683 0 0 0 0 0 2.36683 0 0 
0 0 0 0 0 0 0 0 0 0 0 0 0 0 0 0 0 0 0 0 0 0 0.770589 0 0 0 0 0 0 0 0 0 0 0 0 0 0 0 0.770589 0 0 0 0 0 0 0 0 0 0 0 0.770589 0 0.770589 0 -7.81601 2.36683 0 0 0 0 0 0 2.36683 0 
0 0 0 0 0 0 0 0 0 0 0 0 0 0 0 0 0 0 0 0 0 0 0 0.770589 0 0 0 0 0 0 0 0 0 0 0 0 0 0 0 0.770589 0 0 0 0 0 0 0 0 0 0 0 0.770589 0 0.770589 0.770589 -6.81148 0 0 0 0 0 0 0 2.95854 
0 0 0 0 0 0 0 0 0 0 0 0 0 0 0 0 0 0 0 0 0 0 0 0 0.770589 0 0 0 0 0 0 0 0 0 0 0 0 0 0 0 0.770589 0 0 0 0 0 0 0 0.770589 0 0 0 0 0 0 0 -7.63713 1.77512 1.77512 0 1.77512 0 0 0 
0 0 0 0 0 0 0 0 0 0 0 0 0 0 0 0 0 0 0 0 0 0 0 0 0 0.770589 0 0 0 0 0 0 0 0 0 0 0 0 0 0 0 0.770589 0 0 0 0 0 0 0 0.770589 0 0 0 0 0 0 0.770589 -7.81601 0 2.36683 0 2.36683 0 0 
0 0 0 0 0 0 0 0 0 0 0 0 0 0 0 0 0 0 0 0 0 0 0 0 0 0 0.770589 0 0 0 0 0 0 0 0 0 0 0 0 0 0 0 0.770589 0 0 0 0 0 0 0 0.770589 0 0 0 0 0 0.770589 0 -7.81601 2.36683 0 0 2.36683 0 
0 0 0 0 0 0 0 0 0 0 0 0 0 0 0 0 0 0 0 0 0 0 0 0 0 0 0 0.770589 0 0 0 0 0 0 0 0 0 0 0 0 0 0 0 0.770589 0 0 0 0 0 0 0 0.770589 0 0 0 0 0 0.770589 0.770589 -6.81148 0 0 0 2.95854 
0 0 0 0 0 0 0 0 0 0 0 0 0 0 0 0 0 0 0 0 0 0 0 0 0 0 0 0 0.770589 0 0 0 0 0 0 0 0 0 0 0 0 0 0 0 0.770589 0 0 0 0 0 0 0 0.770589 0 0 0 0.770589 0 0 0 -7.81601 2.36683 2.36683 0 
0 0 0 0 0 0 0 0 0 0 0 0 0 0 0 0 0 0 0 0 0 0 0 0 0 0 0 0 0 0.770589 0 0 0 0 0 0 0 0 0 0 0 0 0 0 0 0.770589 0 0 0 0 0 0 0 0.770589 0 0 0 0.770589 0 0 0.770589 -6.81148 0 2.95854 
0 0 0 0 0 0 0 0 0 0 0 0 0 0 0 0 0 0 0 0 0 0 0 0 0 0 0 0 0 0 0.770589 0 0 0 0 0 0 0 0 0 0 0 0 0 0 0 0.770589 0 0 0 0 0 0 0 0.770589 0 0 0 0.770589 0 0.770589 0 -6.81148 2.95854 
0 0 0 0 0 0 0 0 0 0 0 0 0 0 0 0 0 0 0 0 0 0 0 0 0 0 0 0 0 0 0 0.770589 0 0 0 0 0 0 0 0 0 0 0 0 0 0 0 0.770589 0 0 0 0 0 0 0 0.770589 0 0 0 0.770589 0 0.770589 0.770589 -4.62353 
