32
-0 0 0 0 0 0 0 0 0 0 0 0 0 0 0 0 0 0 0 0 0 0 0 0 0 0 0 0 0 0 0 0 
0.289425 -1.58991 0 0.32512 0 0.32512 0 0 0 0.32512 0 0 0 0 0 0 0 0.32512 0 0 0 0 0 0 0 0 0 0 0 0 0 0 
0.289425 0 -1.58991 0.32512 0 0 0.32512 0 0 0 0.32512 0 0 0 0 0 0 0 0.32512 0 0 0 0 0 0 0 0 0 0 0 0 0 
0 0.289425 0.289425 -2.52957 0 0 0 0.65024 0 0 0 0.65024 0 0 0 0 0 0 0 0.65024 0 0 0 0 0 0 0 0 0 0 0 0 
0.289425 0 0 0 -1.58991 0.32512 0.32512 0 0 0 0 0 0.32512 0 0 0 0 0 0 0 0.32512 0 0 0 0 0 0 0 0 0 0 0 
0 0.289425 0 0 0.289425 -2.52957 0 0.65024 0 0 0 0 0 0.65024 0 0 0 0 0 0 0 0.65024 0 0 0 0 0 0 0 0 0 0 
0 0 0.289425 0 0.289425 0 -2.52957 0.65024 0 0 0 0 0 0 0.65024 0 0 0 0 0 0 0 0.65024 0 0 0 0 0 0 0 0 0 
0 0 0 0.289425 0 0.289425 0.289425 -2.819 0 0 0 0 0 0 0 0.97536 0 0 0 0 0 0 0 0.97536 0 0 0 0 0 0 0 0 
0.289425 0 0 0 0 0 0 0 -1.58991 0.32512 0.32512 0 0.32512 0 0 0 0 0 0 0 0 0 0 0 0.32512 0 0 0 0 0 0 0 
0 0.289425 0 0 0 0 0 0 0.289425 -2.52957 0 0.65024 0 0.65024 0 0 0 0 0 0 0 0 0 0 0 0.65024 0 0 0 0 0 0 
0 0 0.289425 0 0 0 0 0 0.289425 0 -2.52957 0.65024 0 0 0.65024 0 0 0 0 0 0 0 0 0 0 0 0.65024 0 0 0 0 0 
0 0 0 0.289425 0 0 0 0 0 0.289425 0.289425 -2.819 0 0 0 0.97536 0 0 0 0 0 0 0 0 0 0 0 0.97536 0 0 0 0 
0 0 0 0 0.289425 0 0 0 0.289425 0 0 0 -2.52957 0.65024 0.65024 0 0 0 0 0 0 0 0 0 0 0 0 0 0.65024 0 0 0 
0 0 0 0 0 0.289425 0 0 0 0.289425 0 0 0.289425 -2.819 0 0.97536 0 0 0 0 0 0 0 0 0 0 0 0 0 0.97536 0 0 
0 0 0 0 0 0 0.289425 0 0 0 0.289425 0 0.289425 0 -2.819 0.97536 0 0 0 0 0 0 0 0 0 0 0 0 0 0 0.97536 0 
0 0 0 0 0 0 0 0.289425 0 0 0 0.289425 0 0.289425 0.289425 -2.45818 0 0 0 0 0 0 0 0 0 0 0 0 0 0 0 1.30048 
0.289425 0 0 0 0 0 0 0 0 0 0 0 0 0 0 0 -1.58991 0.32512 0.32512 0 0.32512 0 0 0 0.32512 0 0 0 0 0 0 0 
0 0.289425 0 0 0 0 0 0 0 0 0 0 0 0 0 0 0.289425 -2.52957 0 0.65024 0 0.65024 0 0 0 0.65024 0 0 0 0 0 0 
0 0 0.289425 0 0 0 0 0 0 0 0 0 0 0 0 0 0.289425 0 -2.52957 0.65024 0 0 0.65024 0 0 0 0.65024 0 0 0 0 0 
0 0 0 0.289425 0 0 0 0 0 0 0 0 0 0 0 0 0 0.289425 0.289425 -2.819 0 0 0 0.97536 0 0 0 0.97536 0 0 0 0 
0 0 0 0 0.289425 0 0 0 0 0 0 0 0 0 0 0 0.289425 0 0 0 -2.52957 0.65024 0.65024 0 0 0 0 0 0.65024 0 0 0 
0 0 0 0 0 0.289425 0 0 0 0 0 0 0 0 0 0 0 0.289425 0 0 0.289425 -2.819 0 0.97536 0 0 0 0 0 0.97536 0 0 
0 0 0 0 0 0 0.289425 0 0 0 0 0 0 0 0 0 0 0 0.289425 0 0.289425 0 -2.819 0.97536 0 0 0 0 0 0 0.97536 0 
0 0 0 0 0 0 0 0.289425 0 0 0 0 0 0 0 0 0 0 0 0.289425 0 0.289425 0.289425 -2.45818 0 0 0 0 0 0 0 1.30048 
0 0 0 0 0 0 0 0 0.289425 0 0 0 0 0 0 0 0.289425 0 0 0 0 0 0 0 -2.52957 0.65024 0.65024 0 0.65024 0 0 0 
0 0 0 0 0 0 0 0 0 0.289425 0 0 0 0 0 0 0 0.289425 0 0 0 0 0 0 0.289425 -2.819 0 0.97536 0 0.97536 0 0 
0 0 0 0 0 0 0 0 0 0 0.289425 0 0 0 0 0 0 0 0.289425 0 0 0 0 0 0.289425 0 -2.819 0.97536 0 0 0.97536 0 
0 0 0 0 0 0 0 0 0 0 0 0.289425 0 0 0 0 0 0 0 0.289425 0 0 0 0 0 0.289425 0.289425 -2.45818 0 0 0 1.30048 
0 0 0 0 0 0 0 0 0 0 0 0 0.289425 0 0 0 0 0 0 0 0.289425 0 0 0 0.289425 0 0 0 -2.819 0.97536 0.97536 0 
0 0 0 0 0 0 0 0 0 0 0 0 0 0.289425 0 0 0 0 0 0 0 0.289425 0 0 0 0.289425 0 0 0.289425 -2.45818 0 1.30048 
0 0 0 0 0 0 0 0 0 0 0 0 0 0 0.289425 0 0 0 0 0 0 0 0.289425 0 0 0 0.289425 0 0.289425 0 -2.45818 1.30048 
0 0 0 0 0 0 0 0 0 0 0 0 0 0 0 0.289425 0 0 0 0 0 0 0 0.289425 0 0 0 0.289425 0 0.289425 0.289425 -1.44713 
