32
-0 0 0 0 0 0 0 0 0 0 0 0 0 0 0 0 0 0 0 0 0 0 0 0 0 0 0 0 0 0 0 0 
0.321195 -1.76088 0 0.359922 0 0.359922 0 0 0 0.359922 0 0 0 0 0 0 0 0.359922 0 0 0 0 0 0 0 0 0 0 0 0 0 0 
0.321195 0 -1.76088 0.359922 0 0 0.359922 0 0 0 0.359922 0 0 0 0 0 0 0 0.359922 0 0 0 0 0 0 0 0 0 0 0 0 0 
0 0.321195 0.321195 -2.80192 0 0 0 0.719844 0 0 0 0.719844 0 0 0 0 0 0 0 0.719844 0 0 0 0 0 0 0 0 0 0 0 0 
0.321195 0 0 0 -1.76088 0.359922 0.359922 0 0 0 0 0 0.359922 0 0 0 0 0 0 0 0.359922 0 0 0 0 0 0 0 0 0 0 0 
0 0.321195 0 0 0.321195 -2.80192 0 0.719844 0 0 0 0 0 0.719844 0 0 0 0 0 0 0 0.719844 0 0 0 0 0 0 0 0 0 0 
0 0 0.321195 0 0.321195 0 -2.80192 0.719844 0 0 0 0 0 0 0.719844 0 0 0 0 0 0 0 0.719844 0 0 0 0 0 0 0 0 0 
0 0 0 0.321195 0 0.321195 0.321195 -3.12312 0 0 0 0 0 0 0 1.07977 0 0 0 0 0 0 0 1.07977 0 0 0 0 0 0 0 0 
0.321195 0 0 0 0 0 0 0 -1.76088 0.359922 0.359922 0 0.359922 0 0 0 0 0 0 0 0 0 0 0 0.359922 0 0 0 0 0 0 0 
0 0.321195 0 0 0 0 0 0 0.321195 -2.80192 0 0.719844 0 0.719844 0 0 0 0 0 0 0 0 0 0 0 0.719844 0 0 0 0 0 0 
0 0 0.321195 0 0 0 0 0 0.321195 0 -2.80192 0.719844 0 0 0.719844 0 0 0 0 0 0 0 0 0 0 0 0.719844 0 0 0 0 0 
0 0 0 0.321195 0 0 0 0 0 0.321195 0.321195 -3.12312 0 0 0 1.07977 0 0 0 0 0 0 0 0 0 0 0 1.07977 0 0 0 0 
0 0 0 0 0.321195 0 0 0 0.321195 0 0 0 -2.80192 0.719844 0.719844 0 0 0 0 0 0 0 0 0 0 0 0 0 0.719844 0 0 0 
0 0 0 0 0 0.321195 0 0 0 0.321195 0 0 0.321195 -3.12312 0 1.07977 0 0 0 0 0 0 0 0 0 0 0 0 0 1.07977 0 0 
0 0 0 0 0 0 0.321195 0 0 0 0.321195 0 0.321195 0 -3.12312 1.07977 0 0 0 0 0 0 0 0 0 0 0 0 0 0 1.07977 0 
0 0 0 0 0 0 0 0.321195 0 0 0 0.321195 0 0.321195 0.321195 -2.72447 0 0 0 0 0 0 0 0 0 0 0 0 0 0 0 1.43969 
0.321195 0 0 0 0 0 0 0 0 0 0 0 0 0 0 0 -1.76088 0.359922 0.359922 0 0.359922 0 0 0 0.359922 0 0 0 0 0 0 0 
0 0.321195 0 0 0 0 0 0 0 0 0 0 0 0 0 0 0.321195 -2.80192 0 0.719844 0 0.719844 0 0 0 0.719844 0 0 0 0 0 0 
0 0 0.321195 0 0 0 0 0 0 0 0 0 0 0 0 0 0.321195 0 -2.80192 0.719844 0 0 0.719844 0 0 0 0.719844 0 0 0 0 0 
0 0 0 0.321195 0 0 0 0 0 0 0 0 0 0 0 0 0 0.321195 0.321195 -3.12312 0 0 0 1.07977 0 0 0 1.07977 0 0 0 0 
0 0 0 0 0.321195 0 0 0 0 0 0 0 0 0 0 0 0.321195 0 0 0 -2.80192 0.719844 0.719844 0 0 0 0 0 0.719844 0 0 0 
0 0 0 0 0 0.321195 0 0 0 0 0 0 0 0 0 0 0 0.321195 0 0 0.321195 -3.12312 0 1.07977 0 0 0 0 0 1.07977 0 0 
0 0 0 0 0 0 0.321195 0 0 0 0 0 0 0 0 0 0 0 0.321195 0 0.321195 0 -3.12312 1.07977 0 0 0 0 0 0 1.07977 0 
0 0 0 0 0 0 0 0.321195 0 0 0 0 0 0 0 0 0 0 0 0.321195 0 0.321195 0.321195 -2.72447 0 0 0 0 0 0 0 1.43969 
0 0 0 0 0 0 0 0 0.321195 0 0 0 0 0 0 0 0.321195 0 0 0 0 0 0 0 -2.80192 0.719844 0.719844 0 0.719844 0 0 0 
0 0 0 0 0 0 0 0 0 0.321195 0 0 0 0 0 0 0 0.321195 0 0 0 0 0 0 0.321195 -3.12312 0 1.07977 0 1.07977 0 0 
0 0 0 0 0 0 0 0 0 0 0.321195 0 0 0 0 0 0 0 0.321195 0 0 0 0 0 0.321195 0 -3.12312 1.07977 0 0 1.07977 0 
0 0 0 0 0 0 0 0 0 0 0 0.321195 0 0 0 0 0 0 0 0.321195 0 0 0 0 0 0.321195 0.321195 -2.72447 0 0 0 1.43969 
0 0 0 0 0 0 0 0 0 0 0 0 0.321195 0 0 0 0 0 0 0 0.321195 0 0 0 0.321195 0 0 0 -3.12312 1.07977 1.07977 0 
0 0 0 0 0 0 0 0 0 0 0 0 0 0.321195 0 0 0 0 0 0 0 0.321195 0 0 0 0.321195 0 0 0.321195 -2.72447 0 1.43969 
0 0 0 0 0 0 0 0 0 0 0 0 0 0 0.321195 0 0 0 0 0 0 0 0.321195 0 0 0 0.321195 0 0.321195 0 -2.72447 1.43969 
0 0 0 0 0 0 0 0 0 0 0 0 0 0 0 0.321195 0 0 0 0 0 0 0 0.321195 0 0 0 0.321195 0 0.321195 0.321195 -1.60598 
