32
-0 0 0 0 0 0 0 0 0 0 0 0 0 0 0 0 0 0 0 0 0 0 0 0 0 0 0 0 0 0 0 0 
0.11758 -1.02211 0 0.226131 0 0.226131 0 0 0 0.226131 0 0 0 0 0 0 0 0.226131 0 0 0 0 0 0 0 0 0 0 0 0 0 0 
0.11758 0 -1.02211 0.226131 0 0 0.226131 0 0 0 0.226131 0 0 0 0 0 0 0 0.226131 0 0 0 0 0 0 0 0 0 0 0 0 0 
0 0.11758 0.11758 -1.59195 0 0 0 0.452263 0 0 0 0.452263 0 0 0 0 0 0 0 0.452263 0 0 0 0 0 0 0 0 0 0 0 0 
0.11758 0 0 0 -1.02211 0.226131 0.226131 0 0 0 0 0 0.226131 0 0 0 0 0 0 0 0.226131 0 0 0 0 0 0 0 0 0 0 0 
0 0.11758 0 0 0.11758 -1.59195 0 0.452263 0 0 0 0 0 0.452263 0 0 0 0 0 0 0 0.452263 0 0 0 0 0 0 0 0 0 0 
0 0 0.11758 0 0.11758 0 -1.59195 0.452263 0 0 0 0 0 0 0.452263 0 0 0 0 0 0 0 0.452263 0 0 0 0 0 0 0 0 0 
0 0 0 0.11758 0 0.11758 0.11758 -1.70953 0 0 0 0 0 0 0 0.678394 0 0 0 0 0 0 0 0.678394 0 0 0 0 0 0 0 0 
0.11758 0 0 0 0 0 0 0 -1.02211 0.226131 0.226131 0 0.226131 0 0 0 0 0 0 0 0 0 0 0 0.226131 0 0 0 0 0 0 0 
0 0.11758 0 0 0 0 0 0 0.11758 -1.59195 0 0.452263 0 0.452263 0 0 0 0 0 0 0 0 0 0 0 0.452263 0 0 0 0 0 0 
0 0 0.11758 0 0 0 0 0 0.11758 0 -1.59195 0.452263 0 0 0.452263 0 0 0 0 0 0 0 0 0 0 0 0.452263 0 0 0 0 0 
0 0 0 0.11758 0 0 0 0 0 0.11758 0.11758 -1.70953 0 0 0 0.678394 0 0 0 0 0 0 0 0 0 0 0 0.678394 0 0 0 0 
0 0 0 0 0.11758 0 0 0 0.11758 0 0 0 -1.59195 0.452263 0.452263 0 0 0 0 0 0 0 0 0 0 0 0 0 0.452263 0 0 0 
0 0 0 0 0 0.11758 0 0 0 0.11758 0 0 0.11758 -1.70953 0 0.678394 0 0 0 0 0 0 0 0 0 0 0 0 0 0.678394 0 0 
0 0 0 0 0 0 0.11758 0 0 0 0.11758 0 0.11758 0 -1.70953 0.678394 0 0 0 0 0 0 0 0 0 0 0 0 0 0 0.678394 0 
0 0 0 0 0 0 0 0.11758 0 0 0 0.11758 0 0.11758 0.11758 -1.37485 0 0 0 0 0 0 0 0 0 0 0 0 0 0 0 0.904526 
0.11758 0 0 0 0 0 0 0 0 0 0 0 0 0 0 0 -1.02211 0.226131 0.226131 0 0.226131 0 0 0 0.226131 0 0 0 0 0 0 0 
0 0.11758 0 0 0 0 0 0 0 0 0 0 0 0 0 0 0.11758 -1.59195 0 0.452263 0 0.452263 0 0 0 0.452263 0 0 0 0 0 0 
0 0 0.11758 0 0 0 0 0 0 0 0 0 0 0 0 0 0.11758 0 -1.59195 0.452263 0 0 0.452263 0 0 0 0.452263 0 0 0 0 0 
0 0 0 0.11758 0 0 0 0 0 0 0 0 0 0 0 0 0 0.11758 0.11758 -1.70953 0 0 0 0.678394 0 0 0 0.678394 0 0 0 0 
0 0 0 0 0.11758 0 0 0 0 0 0 0 0 0 0 0 0.11758 0 0 0 -1.59195 0.452263 0.452263 0 0 0 0 0 0.452263 0 0 0 
0 0 0 0 0 0.11758 0 0 0 0 0 0 0 0 0 0 0 0.11758 0 0 0.11758 -1.70953 0 0.678394 0 0 0 0 0 0.678394 0 0 
0 0 0 0 0 0 0.11758 0 0 0 0 0 0 0 0 0 0 0 0.11758 0 0.11758 0 -1.70953 0.678394 0 0 0 0 0 0 0.678394 0 
0 0 0 0 0 0 0 0.11758 0 0 0 0 0 0 0 0 0 0 0 0.11758 0 0.11758 0.11758 -1.37485 0 0 0 0 0 0 0 0.904526 
0 0 0 0 0 0 0 0 0.11758 0 0 0 0 0 0 0 0.11758 0 0 0 0 0 0 0 -1.59195 0.452263 0.452263 0 0.452263 0 0 0 
0 0 0 0 0 0 0 0 0 0.11758 0 0 0 0 0 0 0 0.11758 0 0 0 0 0 0 0.11758 -1.70953 0 0.678394 0 0.678394 0 0 
0 0 0 0 0 0 0 0 0 0 0.11758 0 0 0 0 0 0 0 0.11758 0 0 0 0 0 0.11758 0 -1.70953 0.678394 0 0 0.678394 0 
0 0 0 0 0 0 0 0 0 0 0 0.11758 0 0 0 0 0 0 0 0.11758 0 0 0 0 0 0.11758 0.11758 -1.37485 0 0 0 0.904526 
0 0 0 0 0 0 0 0 0 0 0 0 0.11758 0 0 0 0 0 0 0 0.11758 0 0 0 0.11758 0 0 0 -1.70953 0.678394 0.678394 0 
0 0 0 0 0 0 0 0 0 0 0 0 0 0.11758 0 0 0 0 0 0 0 0.11758 0 0 0 0.11758 0 0 0.11758 -1.37485 0 0.904526 
0 0 0 0 0 0 0 0 0 0 0 0 0 0 0.11758 0 0 0 0 0 0 0 0.11758 0 0 0 0.11758 0 0.11758 0 -1.37485 0.904526 
0 0 0 0 0 0 0 0 0 0 0 0 0 0 0 0.11758 0 0 0 0 0 0 0 0.11758 0 0 0 0.11758 0 0.11758 0.11758 -0.587902 
