32
-0 0 0 0 0 0 0 0 0 0 0 0 0 0 0 0 0 0 0 0 0 0 0 0 0 0 0 0 0 0 0 0 
0.178431 -1.217 0 0.259643 0 0.259643 0 0 0 0.259643 0 0 0 0 0 0 0 0.259643 0 0 0 0 0 0 0 0 0 0 0 0 0 0 
0.178431 0 -1.217 0.259643 0 0 0.259643 0 0 0 0.259643 0 0 0 0 0 0 0 0.259643 0 0 0 0 0 0 0 0 0 0 0 0 0 
0 0.178431 0.178431 -1.91472 0 0 0 0.519285 0 0 0 0.519285 0 0 0 0 0 0 0 0.519285 0 0 0 0 0 0 0 0 0 0 0 0 
0.178431 0 0 0 -1.217 0.259643 0.259643 0 0 0 0 0 0.259643 0 0 0 0 0 0 0 0.259643 0 0 0 0 0 0 0 0 0 0 0 
0 0.178431 0 0 0.178431 -1.91472 0 0.519285 0 0 0 0 0 0.519285 0 0 0 0 0 0 0 0.519285 0 0 0 0 0 0 0 0 0 0 
0 0 0.178431 0 0.178431 0 -1.91472 0.519285 0 0 0 0 0 0 0.519285 0 0 0 0 0 0 0 0.519285 0 0 0 0 0 0 0 0 0 
0 0 0 0.178431 0 0.178431 0.178431 -2.09315 0 0 0 0 0 0 0 0.778928 0 0 0 0 0 0 0 0.778928 0 0 0 0 0 0 0 0 
0.178431 0 0 0 0 0 0 0 -1.217 0.259643 0.259643 0 0.259643 0 0 0 0 0 0 0 0 0 0 0 0.259643 0 0 0 0 0 0 0 
0 0.178431 0 0 0 0 0 0 0.178431 -1.91472 0 0.519285 0 0.519285 0 0 0 0 0 0 0 0 0 0 0 0.519285 0 0 0 0 0 0 
0 0 0.178431 0 0 0 0 0 0.178431 0 -1.91472 0.519285 0 0 0.519285 0 0 0 0 0 0 0 0 0 0 0 0.519285 0 0 0 0 0 
0 0 0 0.178431 0 0 0 0 0 0.178431 0.178431 -2.09315 0 0 0 0.778928 0 0 0 0 0 0 0 0 0 0 0 0.778928 0 0 0 0 
0 0 0 0 0.178431 0 0 0 0.178431 0 0 0 -1.91472 0.519285 0.519285 0 0 0 0 0 0 0 0 0 0 0 0 0 0.519285 0 0 0 
0 0 0 0 0 0.178431 0 0 0 0.178431 0 0 0.178431 -2.09315 0 0.778928 0 0 0 0 0 0 0 0 0 0 0 0 0 0.778928 0 0 
0 0 0 0 0 0 0.178431 0 0 0 0.178431 0 0.178431 0 -2.09315 0.778928 0 0 0 0 0 0 0 0 0 0 0 0 0 0 0.778928 0 
0 0 0 0 0 0 0 0.178431 0 0 0 0.178431 0 0.178431 0.178431 -1.75229 0 0 0 0 0 0 0 0 0 0 0 0 0 0 0 1.03857 
0.178431 0 0 0 0 0 0 0 0 0 0 0 0 0 0 0 -1.217 0.259643 0.259643 0 0.259643 0 0 0 0.259643 0 0 0 0 0 0 0 
0 0.178431 0 0 0 0 0 0 0 0 0 0 0 0 0 0 0.178431 -1.91472 0 0.519285 0 0.519285 0 0 0 0.519285 0 0 0 0 0 0 
0 0 0.178431 0 0 0 0 0 0 0 0 0 0 0 0 0 0.178431 0 -1.91472 0.519285 0 0 0.519285 0 0 0 0.519285 0 0 0 0 0 
0 0 0 0.178431 0 0 0 0 0 0 0 0 0 0 0 0 0 0.178431 0.178431 -2.09315 0 0 0 0.778928 0 0 0 0.778928 0 0 0 0 
0 0 0 0 0.178431 0 0 0 0 0 0 0 0 0 0 0 0.178431 0 0 0 -1.91472 0.519285 0.519285 0 0 0 0 0 0.519285 0 0 0 
0 0 0 0 0 0.178431 0 0 0 0 0 0 0 0 0 0 0 0.178431 0 0 0.178431 -2.09315 0 0.778928 0 0 0 0 0 0.778928 0 0 
0 0 0 0 0 0 0.178431 0 0 0 0 0 0 0 0 0 0 0 0.178431 0 0.178431 0 -2.09315 0.778928 0 0 0 0 0 0 0.778928 0 
0 0 0 0 0 0 0 0.178431 0 0 0 0 0 0 0 0 0 0 0 0.178431 0 0.178431 0.178431 -1.75229 0 0 0 0 0 0 0 1.03857 
0 0 0 0 0 0 0 0 0.178431 0 0 0 0 0 0 0 0.178431 0 0 0 0 0 0 0 -1.91472 0.519285 0.519285 0 0.519285 0 0 0 
0 0 0 0 0 0 0 0 0 0.178431 0 0 0 0 0 0 0 0.178431 0 0 0 0 0 0 0.178431 -2.09315 0 0.778928 0 0.778928 0 0 
0 0 0 0 0 0 0 0 0 0 0.178431 0 0 0 0 0 0 0 0.178431 0 0 0 0 0 0.178431 0 -2.09315 0.778928 0 0 0.778928 0 
0 0 0 0 0 0 0 0 0 0 0 0.178431 0 0 0 0 0 0 0 0.178431 0 0 0 0 0 0.178431 0.178431 -1.75229 0 0 0 1.03857 
0 0 0 0 0 0 0 0 0 0 0 0 0.178431 0 0 0 0 0 0 0 0.178431 0 0 0 0.178431 0 0 0 -2.09315 0.778928 0.778928 0 
0 0 0 0 0 0 0 0 0 0 0 0 0 0.178431 0 0 0 0 0 0 0 0.178431 0 0 0 0.178431 0 0 0.178431 -1.75229 0 1.03857 
0 0 0 0 0 0 0 0 0 0 0 0 0 0 0.178431 0 0 0 0 0 0 0 0.178431 0 0 0 0.178431 0 0.178431 0 -1.75229 1.03857 
0 0 0 0 0 0 0 0 0 0 0 0 0 0 0 0.178431 0 0 0 0 0 0 0 0.178431 0 0 0 0.178431 0 0.178431 0.178431 -0.892155 
