32
-0 0 0 0 0 0 0 0 0 0 0 0 0 0 0 0 0 0 0 0 0 0 0 0 0 0 0 0 0 0 0 0 
0.0313419 -0.808281 0 0.194235 0 0.194235 0 0 0 0.194235 0 0 0 0 0 0 0 0.194235 0 0 0 0 0 0 0 0 0 0 0 0 0 0 
0.0313419 0 -0.808281 0.194235 0 0 0.194235 0 0 0 0.194235 0 0 0 0 0 0 0 0.194235 0 0 0 0 0 0 0 0 0 0 0 0 0 
0 0.0313419 0.0313419 -1.22809 0 0 0 0.38847 0 0 0 0.38847 0 0 0 0 0 0 0 0.38847 0 0 0 0 0 0 0 0 0 0 0 0 
0.0313419 0 0 0 -0.808281 0.194235 0.194235 0 0 0 0 0 0.194235 0 0 0 0 0 0 0 0.194235 0 0 0 0 0 0 0 0 0 0 0 
0 0.0313419 0 0 0.0313419 -1.22809 0 0.38847 0 0 0 0 0 0.38847 0 0 0 0 0 0 0 0.38847 0 0 0 0 0 0 0 0 0 0 
0 0 0.0313419 0 0.0313419 0 -1.22809 0.38847 0 0 0 0 0 0 0.38847 0 0 0 0 0 0 0 0.38847 0 0 0 0 0 0 0 0 0 
0 0 0 0.0313419 0 0.0313419 0.0313419 -1.25944 0 0 0 0 0 0 0 0.582705 0 0 0 0 0 0 0 0.582705 0 0 0 0 0 0 0 0 
0.0313419 0 0 0 0 0 0 0 -0.808281 0.194235 0.194235 0 0.194235 0 0 0 0 0 0 0 0 0 0 0 0.194235 0 0 0 0 0 0 0 
0 0.0313419 0 0 0 0 0 0 0.0313419 -1.22809 0 0.38847 0 0.38847 0 0 0 0 0 0 0 0 0 0 0 0.38847 0 0 0 0 0 0 
0 0 0.0313419 0 0 0 0 0 0.0313419 0 -1.22809 0.38847 0 0 0.38847 0 0 0 0 0 0 0 0 0 0 0 0.38847 0 0 0 0 0 
0 0 0 0.0313419 0 0 0 0 0 0.0313419 0.0313419 -1.25944 0 0 0 0.582705 0 0 0 0 0 0 0 0 0 0 0 0.582705 0 0 0 0 
0 0 0 0 0.0313419 0 0 0 0.0313419 0 0 0 -1.22809 0.38847 0.38847 0 0 0 0 0 0 0 0 0 0 0 0 0 0.38847 0 0 0 
0 0 0 0 0 0.0313419 0 0 0 0.0313419 0 0 0.0313419 -1.25944 0 0.582705 0 0 0 0 0 0 0 0 0 0 0 0 0 0.582705 0 0 
0 0 0 0 0 0 0.0313419 0 0 0 0.0313419 0 0.0313419 0 -1.25944 0.582705 0 0 0 0 0 0 0 0 0 0 0 0 0 0 0.582705 0 
0 0 0 0 0 0 0 0.0313419 0 0 0 0.0313419 0 0.0313419 0.0313419 -0.902307 0 0 0 0 0 0 0 0 0 0 0 0 0 0 0 0.77694 
0.0313419 0 0 0 0 0 0 0 0 0 0 0 0 0 0 0 -0.808281 0.194235 0.194235 0 0.194235 0 0 0 0.194235 0 0 0 0 0 0 0 
0 0.0313419 0 0 0 0 0 0 0 0 0 0 0 0 0 0 0.0313419 -1.22809 0 0.38847 0 0.38847 0 0 0 0.38847 0 0 0 0 0 0 
0 0 0.0313419 0 0 0 0 0 0 0 0 0 0 0 0 0 0.0313419 0 -1.22809 0.38847 0 0 0.38847 0 0 0 0.38847 0 0 0 0 0 
0 0 0 0.0313419 0 0 0 0 0 0 0 0 0 0 0 0 0 0.0313419 0.0313419 -1.25944 0 0 0 0.582705 0 0 0 0.582705 0 0 0 0 
0 0 0 0 0.0313419 0 0 0 0 0 0 0 0 0 0 0 0.0313419 0 0 0 -1.22809 0.38847 0.38847 0 0 0 0 0 0.38847 0 0 0 
0 0 0 0 0 0.0313419 0 0 0 0 0 0 0 0 0 0 0 0.0313419 0 0 0.0313419 -1.25944 0 0.582705 0 0 0 0 0 0.582705 0 0 
0 0 0 0 0 0 0.0313419 0 0 0 0 0 0 0 0 0 0 0 0.0313419 0 0.0313419 0 -1.25944 0.582705 0 0 0 0 0 0 0.582705 0 
0 0 0 0 0 0 0 0.0313419 0 0 0 0 0 0 0 0 0 0 0 0.0313419 0 0.0313419 0.0313419 -0.902307 0 0 0 0 0 0 0 0.77694 
0 0 0 0 0 0 0 0 0.0313419 0 0 0 0 0 0 0 0.0313419 0 0 0 0 0 0 0 -1.22809 0.38847 0.38847 0 0.38847 0 0 0 
0 0 0 0 0 0 0 0 0 0.0313419 0 0 0 0 0 0 0 0.0313419 0 0 0 0 0 0 0.0313419 -1.25944 0 0.582705 0 0.582705 0 0 
0 0 0 0 0 0 0 0 0 0 0.0313419 0 0 0 0 0 0 0 0.0313419 0 0 0 0 0 0.0313419 0 -1.25944 0.582705 0 0 0.582705 0 
0 0 0 0 0 0 0 0 0 0 0 0.0313419 0 0 0 0 0 0 0 0.0313419 0 0 0 0 0 0.0313419 0.0313419 -0.902307 0 0 0 0.77694 
0 0 0 0 0 0 0 0 0 0 0 0 0.0313419 0 0 0 0 0 0 0 0.0313419 0 0 0 0.0313419 0 0 0 -1.25944 0.582705 0.582705 0 
0 0 0 0 0 0 0 0 0 0 0 0 0 0.0313419 0 0 0 0 0 0 0 0.0313419 0 0 0 0.0313419 0 0 0.0313419 -0.902307 0 0.77694 
0 0 0 0 0 0 0 0 0 0 0 0 0 0 0.0313419 0 0 0 0 0 0 0 0.0313419 0 0 0 0.0313419 0 0.0313419 0 -0.902307 0.77694 
0 0 0 0 0 0 0 0 0 0 0 0 0 0 0 0.0313419 0 0 0 0 0 0 0 0.0313419 0 0 0 0.0313419 0 0.0313419 0.0313419 -0.15671 
