64
-0 0 0 0 0 0 0 0 0 0 0 0 0 0 0 0 0 0 0 0 0 0 0 0 0 0 0 0 0 0 0 0 0 0 0 0 0 0 0 0 0 0 0 0 0 0 0 0 0 0 0 0 0 0 0 0 0 0 0 0 0 0 0 0 
0.626339 -3.0347 0 0.481673 0 0.481673 0 0 0 0.481673 0 0 0 0 0 0 0 0.481673 0 0 0 0 0 0 0 0 0 0 0 0 0 0 0 0.481673 0 0 0 0 0 0 0 0 0 0 0 0 0 0 0 0 0 0 0 0 0 0 0 0 0 0 0 0 0 0 
0.626339 0 -3.0347 0.481673 0 0 0.481673 0 0 0 0.481673 0 0 0 0 0 0 0 0.481673 0 0 0 0 0 0 0 0 0 0 0 0 0 0 0 0.481673 0 0 0 0 0 0 0 0 0 0 0 0 0 0 0 0 0 0 0 0 0 0 0 0 0 0 0 0 0 
0 0.626339 0.626339 -5.10606 0 0 0 0.963346 0 0 0 0.963346 0 0 0 0 0 0 0 0.963346 0 0 0 0 0 0 0 0 0 0 0 0 0 0 0 0.963346 0 0 0 0 0 0 0 0 0 0 0 0 0 0 0 0 0 0 0 0 0 0 0 0 0 0 0 0 
0.626339 0 0 0 -3.0347 0.481673 0.481673 0 0 0 0 0 0.481673 0 0 0 0 0 0 0 0.481673 0 0 0 0 0 0 0 0 0 0 0 0 0 0 0 0.481673 0 0 0 0 0 0 0 0 0 0 0 0 0 0 0 0 0 0 0 0 0 0 0 0 0 0 0 
0 0.626339 0 0 0.626339 -5.10606 0 0.963346 0 0 0 0 0 0.963346 0 0 0 0 0 0 0 0.963346 0 0 0 0 0 0 0 0 0 0 0 0 0 0 0 0.963346 0 0 0 0 0 0 0 0 0 0 0 0 0 0 0 0 0 0 0 0 0 0 0 0 0 0 
0 0 0.626339 0 0.626339 0 -5.10606 0.963346 0 0 0 0 0 0 0.963346 0 0 0 0 0 0 0 0.963346 0 0 0 0 0 0 0 0 0 0 0 0 0 0 0 0.963346 0 0 0 0 0 0 0 0 0 0 0 0 0 0 0 0 0 0 0 0 0 0 0 0 0 
0 0 0 0.626339 0 0.626339 0.626339 -6.21407 0 0 0 0 0 0 0 1.44502 0 0 0 0 0 0 0 1.44502 0 0 0 0 0 0 0 0 0 0 0 0 0 0 0 1.44502 0 0 0 0 0 0 0 0 0 0 0 0 0 0 0 0 0 0 0 0 0 0 0 0 
0.626339 0 0 0 0 0 0 0 -3.0347 0.481673 0.481673 0 0.481673 0 0 0 0 0 0 0 0 0 0 0 0.481673 0 0 0 0 0 0 0 0 0 0 0 0 0 0 0 0.481673 0 0 0 0 0 0 0 0 0 0 0 0 0 0 0 0 0 0 0 0 0 0 0 
0 0.626339 0 0 0 0 0 0 0.626339 -5.10606 0 0.963346 0 0.963346 0 0 0 0 0 0 0 0 0 0 0 0.963346 0 0 0 0 0 0 0 0 0 0 0 0 0 0 0 0.963346 0 0 0 0 0 0 0 0 0 0 0 0 0 0 0 0 0 0 0 0 0 0 
0 0 0.626339 0 0 0 0 0 0.626339 0 -5.10606 0.963346 0 0 0.963346 0 0 0 0 0 0 0 0 0 0 0 0.963346 0 0 0 0 0 0 0 0 0 0 0 0 0 0 0 0.963346 0 0 0 0 0 0 0 0 0 0 0 0 0 0 0 0 0 0 0 0 0 
0 0 0 0.626339 0 0 0 0 0 0.626339 0.626339 -6.21407 0 0 0 1.44502 0 0 0 0 0 0 0 0 0 0 0 1.44502 0 0 0 0 0 0 0 0 0 0 0 0 0 0 0 1.44502 0 0 0 0 0 0 0 0 0 0 0 0 0 0 0 0 0 0 0 0 
0 0 0 0 0.626339 0 0 0 0.626339 0 0 0 -5.10606 0.963346 0.963346 0 0 0 0 0 0 0 0 0 0 0 0 0 0.963346 0 0 0 0 0 0 0 0 0 0 0 0 0 0 0 0.963346 0 0 0 0 0 0 0 0 0 0 0 0 0 0 0 0 0 0 0 
0 0 0 0 0 0.626339 0 0 0 0.626339 0 0 0.626339 -6.21407 0 1.44502 0 0 0 0 0 0 0 0 0 0 0 0 0 1.44502 0 0 0 0 0 0 0 0 0 0 0 0 0 0 0 1.44502 0 0 0 0 0 0 0 0 0 0 0 0 0 0 0 0 0 0 
0 0 0 0 0 0 0.626339 0 0 0 0.626339 0 0.626339 0 -6.21407 1.44502 0 0 0 0 0 0 0 0 0 0 0 0 0 0 1.44502 0 0 0 0 0 0 0 0 0 0 0 0 0 0 0 1.44502 0 0 0 0 0 0 0 0 0 0 0 0 0 0 0 0 0 
0 0 0 0 0 0 0 0.626339 0 0 0 0.626339 0 0.626339 0.626339 -6.35874 0 0 0 0 0 0 0 0 0 0 0 0 0 0 0 1.92669 0 0 0 0 0 0 0 0 0 0 0 0 0 0 0 1.92669 0 0 0 0 0 0 0 0 0 0 0 0 0 0 0 0 
0.626339 0 0 0 0 0 0 0 0 0 0 0 0 0 0 0 -3.0347 0.481673 0.481673 0 0.481673 0 0 0 0.481673 0 0 0 0 0 0 0 0 0 0 0 0 0 0 0 0 0 0 0 0 0 0 0 0.481673 0 0 0 0 0 0 0 0 0 0 0 0 0 0 0 
0 0.626339 0 0 0 0 0 0 0 0 0 0 0 0 0 0 0.626339 -5.10606 0 0.963346 0 0.963346 0 0 0 0.963346 0 0 0 0 0 0 0 0 0 0 0 0 0 0 0 0 0 0 0 0 0 0 0 0.963346 0 0 0 0 0 0 0 0 0 0 0 0 0 0 
0 0 0.626339 0 0 0 0 0 0 0 0 0 0 0 0 0 0.626339 0 -5.10606 0.963346 0 0 0.963346 0 0 0 0.963346 0 0 0 0 0 0 0 0 0 0 0 0 0 0 0 0 0 0 0 0 0 0 0 0.963346 0 0 0 0 0 0 0 0 0 0 0 0 0 
0 0 0 0.626339 0 0 0 0 0 0 0 0 0 0 0 0 0 0.626339 0.626339 -6.21407 0 0 0 1.44502 0 0 0 1.44502 0 0 0 0 0 0 0 0 0 0 0 0 0 0 0 0 0 0 0 0 0 0 0 1.44502 0 0 0 0 0 0 0 0 0 0 0 0 
0 0 0 0 0.626339 0 0 0 0 0 0 0 0 0 0 0 0.626339 0 0 0 -5.10606 0.963346 0.963346 0 0 0 0 0 0.963346 0 0 0 0 0 0 0 0 0 0 0 0 0 0 0 0 0 0 0 0 0 0 0 0.963346 0 0 0 0 0 0 0 0 0 0 0 
0 0 0 0 0 0.626339 0 0 0 0 0 0 0 0 0 0 0 0.626339 0 0 0.626339 -6.21407 0 1.44502 0 0 0 0 0 1.44502 0 0 0 0 0 0 0 0 0 0 0 0 0 0 0 0 0 0 0 0 0 0 0 1.44502 0 0 0 0 0 0 0 0 0 0 
0 0 0 0 0 0 0.626339 0 0 0 0 0 0 0 0 0 0 0 0.626339 0 0.626339 0 -6.21407 1.44502 0 0 0 0 0 0 1.44502 0 0 0 0 0 0 0 0 0 0 0 0 0 0 0 0 0 0 0 0 0 0 0 1.44502 0 0 0 0 0 0 0 0 0 
0 0 0 0 0 0 0 0.626339 0 0 0 0 0 0 0 0 0 0 0 0.626339 0 0.626339 0.626339 -6.35874 0 0 0 0 0 0 0 1.92669 0 0 0 0 0 0 0 0 0 0 0 0 0 0 0 0 0 0 0 0 0 0 0 1.92669 0 0 0 0 0 0 0 0 
0 0 0 0 0 0 0 0 0.626339 0 0 0 0 0 0 0 0.626339 0 0 0 0 0 0 0 -5.10606 0.963346 0.963346 0 0.963346 0 0 0 0 0 0 0 0 0 0 0 0 0 0 0 0 0 0 0 0 0 0 0 0 0 0 0 0.963346 0 0 0 0 0 0 0 
0 0 0 0 0 0 0 0 0 0.626339 0 0 0 0 0 0 0 0.626339 0 0 0 0 0 0 0.626339 -6.21407 0 1.44502 0 1.44502 0 0 0 0 0 0 0 0 0 0 0 0 0 0 0 0 0 0 0 0 0 0 0 0 0 0 0 1.44502 0 0 0 0 0 0 
0 0 0 0 0 0 0 0 0 0 0.626339 0 0 0 0 0 0 0 0.626339 0 0 0 0 0 0.626339 0 -6.21407 1.44502 0 0 1.44502 0 0 0 0 0 0 0 0 0 0 0 0 0 0 0 0 0 0 0 0 0 0 0 0 0 0 0 1.44502 0 0 0 0 0 
0 0 0 0 0 0 0 0 0 0 0 0.626339 0 0 0 0 0 0 0 0.626339 0 0 0 0 0 0.626339 0.626339 -6.35874 0 0 0 1.92669 0 0 0 0 0 0 0 0 0 0 0 0 0 0 0 0 0 0 0 0 0 0 0 0 0 0 0 1.92669 0 0 0 0 
0 0 0 0 0 0 0 0 0 0 0 0 0.626339 0 0 0 0 0 0 0 0.626339 0 0 0 0.626339 0 0 0 -6.21407 1.44502 1.44502 0 0 0 0 0 0 0 0 0 0 0 0 0 0 0 0 0 0 0 0 0 0 0 0 0 0 0 0 0 1.44502 0 0 0 
0 0 0 0 0 0 0 0 0 0 0 0 0 0.626339 0 0 0 0 0 0 0 0.626339 0 0 0 0.626339 0 0 0.626339 -6.35874 0 1.92669 0 0 0 0 0 0 0 0 0 0 0 0 0 0 0 0 0 0 0 0 0 0 0 0 0 0 0 0 0 1.92669 0 0 
0 0 0 0 0 0 0 0 0 0 0 0 0 0 0.626339 0 0 0 0 0 0 0 0.626339 0 0 0 0.626339 0 0.626339 0 -6.35874 1.92669 0 0 0 0 0 0 0 0 0 0 0 0 0 0 0 0 0 0 0 0 0 0 0 0 0 0 0 0 0 0 1.92669 0 
0 0 0 0 0 0 0 0 0 0 0 0 0 0 0 0.626339 0 0 0 0 0 0 0 0.626339 0 0 0 0.626339 0 0.626339 0.626339 -5.54006 0 0 0 0 0 0 0 0 0 0 0 0 0 0 0 0 0 0 0 0 0 0 0 0 0 0 0 0 0 0 0 2.40836 
0.626339 0 0 0 0 0 0 0 0 0 0 0 0 0 0 0 0 0 0 0 0 0 0 0 0 0 0 0 0 0 0 0 -3.0347 0.481673 0.481673 0 0.481673 0 0 0 0.481673 0 0 0 0 0 0 0 0.481673 0 0 0 0 0 0 0 0 0 0 0 0 0 0 0 
0 0.626339 0 0 0 0 0 0 0 0 0 0 0 0 0 0 0 0 0 0 0 0 0 0 0 0 0 0 0 0 0 0 0.626339 -5.10606 0 0.963346 0 0.963346 0 0 0 0.963346 0 0 0 0 0 0 0 0.963346 0 0 0 0 0 0 0 0 0 0 0 0 0 0 
0 0 0.626339 0 0 0 0 0 0 0 0 0 0 0 0 0 0 0 0 0 0 0 0 0 0 0 0 0 0 0 0 0 0.626339 0 -5.10606 0.963346 0 0 0.963346 0 0 0 0.963346 0 0 0 0 0 0 0 0.963346 0 0 0 0 0 0 0 0 0 0 0 0 0 
0 0 0 0.626339 0 0 0 0 0 0 0 0 0 0 0 0 0 0 0 0 0 0 0 0 0 0 0 0 0 0 0 0 0 0.626339 0.626339 -6.21407 0 0 0 1.44502 0 0 0 1.44502 0 0 0 0 0 0 0 1.44502 0 0 0 0 0 0 0 0 0 0 0 0 
0 0 0 0 0.626339 0 0 0 0 0 0 0 0 0 0 0 0 0 0 0 0 0 0 0 0 0 0 0 0 0 0 0 0.626339 0 0 0 -5.10606 0.963346 0.963346 0 0 0 0 0 0.963346 0 0 0 0 0 0 0 0.963346 0 0 0 0 0 0 0 0 0 0 0 
0 0 0 0 0 0.626339 0 0 0 0 0 0 0 0 0 0 0 0 0 0 0 0 0 0 0 0 0 0 0 0 0 0 0 0.626339 0 0 0.626339 -6.21407 0 1.44502 0 0 0 0 0 1.44502 0 0 0 0 0 0 0 1.44502 0 0 0 0 0 0 0 0 0 0 
0 0 0 0 0 0 0.626339 0 0 0 0 0 0 0 0 0 0 0 0 0 0 0 0 0 0 0 0 0 0 0 0 0 0 0 0.626339 0 0.626339 0 -6.21407 1.44502 0 0 0 0 0 0 1.44502 0 0 0 0 0 0 0 1.44502 0 0 0 0 0 0 0 0 0 
0 0 0 0 0 0 0 0.626339 0 0 0 0 0 0 0 0 0 0 0 0 0 0 0 0 0 0 0 0 0 0 0 0 0 0 0 0.626339 0 0.626339 0.626339 -6.35874 0 0 0 0 0 0 0 1.92669 0 0 0 0 0 0 0 1.92669 0 0 0 0 0 0 0 0 
0 0 0 0 0 0 0 0 0.626339 0 0 0 0 0 0 0 0 0 0 0 0 0 0 0 0 0 0 0 0 0 0 0 0.626339 0 0 0 0 0 0 0 -5.10606 0.963346 0.963346 0 0.963346 0 0 0 0 0 0 0 0 0 0 0 0.963346 0 0 0 0 0 0 0 
0 0 0 0 0 0 0 0 0 0.626339 0 0 0 0 0 0 0 0 0 0 0 0 0 0 0 0 0 0 0 0 0 0 0 0.626339 0 0 0 0 0 0 0.626339 -6.21407 0 1.44502 0 1.44502 0 0 0 0 0 0 0 0 0 0 0 1.44502 0 0 0 0 0 0 
0 0 0 0 0 0 0 0 0 0 0.626339 0 0 0 0 0 0 0 0 0 0 0 0 0 0 0 0 0 0 0 0 0 0 0 0.626339 0 0 0 0 0 0.626339 0 -6.21407 1.44502 0 0 1.44502 0 0 0 0 0 0 0 0 0 0 0 1.44502 0 0 0 0 0 
0 0 0 0 0 0 0 0 0 0 0 0.626339 0 0 0 0 0 0 0 0 0 0 0 0 0 0 0 0 0 0 0 0 0 0 0 0.626339 0 0 0 0 0 0.626339 0.626339 -6.35874 0 0 0 1.92669 0 0 0 0 0 0 0 0 0 0 0 1.92669 0 0 0 0 
0 0 0 0 0 0 0 0 0 0 0 0 0.626339 0 0 0 0 0 0 0 0 0 0 0 0 0 0 0 0 0 0 0 0 0 0 0 0.626339 0 0 0 0.626339 0 0 0 -6.21407 1.44502 1.44502 0 0 0 0 0 0 0 0 0 0 0 0 0 1.44502 0 0 0 
0 0 0 0 0 0 0 0 0 0 0 0 0 0.626339 0 0 0 0 0 0 0 0 0 0 0 0 0 0 0 0 0 0 0 0 0 0 0 0.626339 0 0 0 0.626339 0 0 0.626339 -6.35874 0 1.92669 0 0 0 0 0 0 0 0 0 0 0 0 0 1.92669 0 0 
0 0 0 0 0 0 0 0 0 0 0 0 0 0 0.626339 0 0 0 0 0 0 0 0 0 0 0 0 0 0 0 0 0 0 0 0 0 0 0 0.626339 0 0 0 0.626339 0 0.626339 0 -6.35874 1.92669 0 0 0 0 0 0 0 0 0 0 0 0 0 0 1.92669 0 
0 0 0 0 0 0 0 0 0 0 0 0 0 0 0 0.626339 0 0 0 0 0 0 0 0 0 0 0 0 0 0 0 0 0 0 0 0 0 0 0 0.626339 0 0 0 0.626339 0 0.626339 0.626339 -5.54006 0 0 0 0 0 0 0 0 0 0 0 0 0 0 0 2.40836 
0 0 0 0 0 0 0 0 0 0 0 0 0 0 0 0 0.626339 0 0 0 0 0 0 0 0 0 0 0 0 0 0 0 0.626339 0 0 0 0 0 0 0 0 0 0 0 0 0 0 0 -5.10606 0.963346 0.963346 0 0.963346 0 0 0 0.963346 0 0 0 0 0 0 0 
0 0 0 0 0 0 0 0 0 0 0 0 0 0 0 0 0 0.626339 0 0 0 0 0 0 0 0 0 0 0 0 0 0 0 0.626339 0 0 0 0 0 0 0 0 0 0 0 0 0 0 0.626339 -6.21407 0 1.44502 0 1.44502 0 0 0 1.44502 0 0 0 0 0 0 
0 0 0 0 0 0 0 0 0 0 0 0 0 0 0 0 0 0 0.626339 0 0 0 0 0 0 0 0 0 0 0 0 0 0 0 0.626339 0 0 0 0 0 0 0 0 0 0 0 0 0 0.626339 0 -6.21407 1.44502 0 0 1.44502 0 0 0 1.44502 0 0 0 0 0 
0 0 0 0 0 0 0 0 0 0 0 0 0 0 0 0 0 0 0 0.626339 0 0 0 0 0 0 0 0 0 0 0 0 0 0 0 0.626339 0 0 0 0 0 0 0 0 0 0 0 0 0 0.626339 0.626339 -6.35874 0 0 0 1.92669 0 0 0 1.92669 0 0 0 0 
0 0 0 0 0 0 0 0 0 0 0 0 0 0 0 0 0 0 0 0 0.626339 0 0 0 0 0 0 0 0 0 0 0 0 0 0 0 0.626339 0 0 0 0 0 0 0 0 0 0 0 0.626339 0 0 0 -6.21407 1.44502 1.44502 0 0 0 0 0 1.44502 0 0 0 
0 0 0 0 0 0 0 0 0 0 0 0 0 0 0 0 0 0 0 0 0 0.626339 0 0 0 0 0 0 0 0 0 0 0 0 0 0 0 0.626339 0 0 0 0 0 0 0 0 0 0 0 0.626339 0 0 0.626339 -6.35874 0 1.92669 0 0 0 0 0 1.92669 0 0 
0 0 0 0 0 0 0 0 0 0 0 0 0 0 0 0 0 0 0 0 0 0 0.626339 0 0 0 0 0 0 0 0 0 0 0 0 0 0 0 0.626339 0 0 0 0 0 0 0 0 0 0 0 0.626339 0 0.626339 0 -6.35874 1.92669 0 0 0 0 0 0 1.92669 0 
0 0 0 0 0 0 0 0 0 0 0 0 0 0 0 0 0 0 0 0 0 0 0 0.626339 0 0 0 0 0 0 0 0 0 0 0 0 0 0 0 0.626339 0 0 0 0 0 0 0 0 0 0 0 0.626339 0 0.626339 0.626339 -5.54006 0 0 0 0 0 0 0 2.40836 
0 0 0 0 0 0 0 0 0 0 0 0 0 0 0 0 0 0 0 0 0 0 0 0 0.626339 0 0 0 0 0 0 0 0 0 0 0 0 0 0 0 0.626339 0 0 0 0 0 0 0 0.626339 0 0 0 0 0 0 0 -6.21407 1.44502 1.44502 0 1.44502 0 0 0 
0 0 0 0 0 0 0 0 0 0 0 0 0 0 0 0 0 0 0 0 0 0 0 0 0 0.626339 0 0 0 0 0 0 0 0 0 0 0 0 0 0 0 0.626339 0 0 0 0 0 0 0 0.626339 0 0 0 0 0 0 0.626339 -6.35874 0 1.92669 0 1.92669 0 0 
0 0 0 0 0 0 0 0 0 0 0 0 0 0 0 0 0 0 0 0 0 0 0 0 0 0 0.626339 0 0 0 0 0 0 0 0 0 0 0 0 0 0 0 0.626339 0 0 0 0 0 0 0 0.626339 0 0 0 0 0 0.626339 0 -6.35874 1.92669 0 0 1.92669 0 
0 0 0 0 0 0 0 0 0 0 0 0 0 0 0 0 0 0 0 0 0 0 0 0 0 0 0 0.626339 0 0 0 0 0 0 0 0 0 0 0 0 0 0 0 0.626339 0 0 0 0 0 0 0 0.626339 0 0 0 0 0 0.626339 0.626339 -5.54006 0 0 0 2.40836 
0 0 0 0 0 0 0 0 0 0 0 0 0 0 0 0 0 0 0 0 0 0 0 0 0 0 0 0 0.626339 0 0 0 0 0 0 0 0 0 0 0 0 0 0 0 0.626339 0 0 0 0 0 0 0 0.626339 0 0 0 0.626339 0 0 0 -6.35874 1.92669 1.92669 0 
0 0 0 0 0 0 0 0 0 0 0 0 0 0 0 0 0 0 0 0 0 0 0 0 0 0 0 0 0 0.626339 0 0 0 0 0 0 0 0 0 0 0 0 0 0 0 0.626339 0 0 0 0 0 0 0 0.626339 0 0 0 0.626339 0 0 0.626339 -5.54006 0 2.40836 
0 0 0 0 0 0 0 0 0 0 0 0 0 0 0 0 0 0 0 0 0 0 0 0 0 0 0 0 0 0 0.626339 0 0 0 0 0 0 0 0 0 0 0 0 0 0 0 0.626339 0 0 0 0 0 0 0 0.626339 0 0 0 0.626339 0 0.626339 0 -5.54006 2.40836 
0 0 0 0 0 0 0 0 0 0 0 0 0 0 0 0 0 0 0 0 0 0 0 0 0 0 0 0 0 0 0 0.626339 0 0 0 0 0 0 0 0 0 0 0 0 0 0 0 0.626339 0 0 0 0 0 0 0 0.626339 0 0 0 0.626339 0 0.626339 0.626339 -3.75803 
