32
-0 0 0 0 0 0 0 0 0 0 0 0 0 0 0 0 0 0 0 0 0 0 0 0 0 0 0 0 0 0 0 0 
0.288379 -1.75644 0 0.367015 0 0.367015 0 0 0 0.367015 0 0 0 0 0 0 0 0.367015 0 0 0 0 0 0 0 0 0 0 0 0 0 0 
0.288379 0 -1.75644 0.367015 0 0 0.367015 0 0 0 0.367015 0 0 0 0 0 0 0 0.367015 0 0 0 0 0 0 0 0 0 0 0 0 0 
0 0.288379 0.288379 -2.77885 0 0 0 0.734031 0 0 0 0.734031 0 0 0 0 0 0 0 0.734031 0 0 0 0 0 0 0 0 0 0 0 0 
0.288379 0 0 0 -1.75644 0.367015 0.367015 0 0 0 0 0 0.367015 0 0 0 0 0 0 0 0.367015 0 0 0 0 0 0 0 0 0 0 0 
0 0.288379 0 0 0.288379 -2.77885 0 0.734031 0 0 0 0 0 0.734031 0 0 0 0 0 0 0 0.734031 0 0 0 0 0 0 0 0 0 0 
0 0 0.288379 0 0.288379 0 -2.77885 0.734031 0 0 0 0 0 0 0.734031 0 0 0 0 0 0 0 0.734031 0 0 0 0 0 0 0 0 0 
0 0 0 0.288379 0 0.288379 0.288379 -3.06723 0 0 0 0 0 0 0 1.10105 0 0 0 0 0 0 0 1.10105 0 0 0 0 0 0 0 0 
0.288379 0 0 0 0 0 0 0 -1.75644 0.367015 0.367015 0 0.367015 0 0 0 0 0 0 0 0 0 0 0 0.367015 0 0 0 0 0 0 0 
0 0.288379 0 0 0 0 0 0 0.288379 -2.77885 0 0.734031 0 0.734031 0 0 0 0 0 0 0 0 0 0 0 0.734031 0 0 0 0 0 0 
0 0 0.288379 0 0 0 0 0 0.288379 0 -2.77885 0.734031 0 0 0.734031 0 0 0 0 0 0 0 0 0 0 0 0.734031 0 0 0 0 0 
0 0 0 0.288379 0 0 0 0 0 0.288379 0.288379 -3.06723 0 0 0 1.10105 0 0 0 0 0 0 0 0 0 0 0 1.10105 0 0 0 0 
0 0 0 0 0.288379 0 0 0 0.288379 0 0 0 -2.77885 0.734031 0.734031 0 0 0 0 0 0 0 0 0 0 0 0 0 0.734031 0 0 0 
0 0 0 0 0 0.288379 0 0 0 0.288379 0 0 0.288379 -3.06723 0 1.10105 0 0 0 0 0 0 0 0 0 0 0 0 0 1.10105 0 0 
0 0 0 0 0 0 0.288379 0 0 0 0.288379 0 0.288379 0 -3.06723 1.10105 0 0 0 0 0 0 0 0 0 0 0 0 0 0 1.10105 0 
0 0 0 0 0 0 0 0.288379 0 0 0 0.288379 0 0.288379 0.288379 -2.62158 0 0 0 0 0 0 0 0 0 0 0 0 0 0 0 1.46806 
0.288379 0 0 0 0 0 0 0 0 0 0 0 0 0 0 0 -1.75644 0.367015 0.367015 0 0.367015 0 0 0 0.367015 0 0 0 0 0 0 0 
0 0.288379 0 0 0 0 0 0 0 0 0 0 0 0 0 0 0.288379 -2.77885 0 0.734031 0 0.734031 0 0 0 0.734031 0 0 0 0 0 0 
0 0 0.288379 0 0 0 0 0 0 0 0 0 0 0 0 0 0.288379 0 -2.77885 0.734031 0 0 0.734031 0 0 0 0.734031 0 0 0 0 0 
0 0 0 0.288379 0 0 0 0 0 0 0 0 0 0 0 0 0 0.288379 0.288379 -3.06723 0 0 0 1.10105 0 0 0 1.10105 0 0 0 0 
0 0 0 0 0.288379 0 0 0 0 0 0 0 0 0 0 0 0.288379 0 0 0 -2.77885 0.734031 0.734031 0 0 0 0 0 0.734031 0 0 0 
0 0 0 0 0 0.288379 0 0 0 0 0 0 0 0 0 0 0 0.288379 0 0 0.288379 -3.06723 0 1.10105 0 0 0 0 0 1.10105 0 0 
0 0 0 0 0 0 0.288379 0 0 0 0 0 0 0 0 0 0 0 0.288379 0 0.288379 0 -3.06723 1.10105 0 0 0 0 0 0 1.10105 0 
0 0 0 0 0 0 0 0.288379 0 0 0 0 0 0 0 0 0 0 0 0.288379 0 0.288379 0.288379 -2.62158 0 0 0 0 0 0 0 1.46806 
0 0 0 0 0 0 0 0 0.288379 0 0 0 0 0 0 0 0.288379 0 0 0 0 0 0 0 -2.77885 0.734031 0.734031 0 0.734031 0 0 0 
0 0 0 0 0 0 0 0 0 0.288379 0 0 0 0 0 0 0 0.288379 0 0 0 0 0 0 0.288379 -3.06723 0 1.10105 0 1.10105 0 0 
0 0 0 0 0 0 0 0 0 0 0.288379 0 0 0 0 0 0 0 0.288379 0 0 0 0 0 0.288379 0 -3.06723 1.10105 0 0 1.10105 0 
0 0 0 0 0 0 0 0 0 0 0 0.288379 0 0 0 0 0 0 0 0.288379 0 0 0 0 0 0.288379 0.288379 -2.62158 0 0 0 1.46806 
0 0 0 0 0 0 0 0 0 0 0 0 0.288379 0 0 0 0 0 0 0 0.288379 0 0 0 0.288379 0 0 0 -3.06723 1.10105 1.10105 0 
0 0 0 0 0 0 0 0 0 0 0 0 0 0.288379 0 0 0 0 0 0 0 0.288379 0 0 0 0.288379 0 0 0.288379 -2.62158 0 1.46806 
0 0 0 0 0 0 0 0 0 0 0 0 0 0 0.288379 0 0 0 0 0 0 0 0.288379 0 0 0 0.288379 0 0.288379 0 -2.62158 1.46806 
0 0 0 0 0 0 0 0 0 0 0 0 0 0 0 0.288379 0 0 0 0 0 0 0 0.288379 0 0 0 0.288379 0 0.288379 0.288379 -1.4419 
