32
-0 0 0 0 0 0 0 0 0 0 0 0 0 0 0 0 0 0 0 0 0 0 0 0 0 0 0 0 0 0 0 0 
0.170405 -1.51926 0 0.337214 0 0.337214 0 0 0 0.337214 0 0 0 0 0 0 0 0.337214 0 0 0 0 0 0 0 0 0 0 0 0 0 0 
0.170405 0 -1.51926 0.337214 0 0 0.337214 0 0 0 0.337214 0 0 0 0 0 0 0 0.337214 0 0 0 0 0 0 0 0 0 0 0 0 0 
0 0.170405 0.170405 -2.3641 0 0 0 0.674429 0 0 0 0.674429 0 0 0 0 0 0 0 0.674429 0 0 0 0 0 0 0 0 0 0 0 0 
0.170405 0 0 0 -1.51926 0.337214 0.337214 0 0 0 0 0 0.337214 0 0 0 0 0 0 0 0.337214 0 0 0 0 0 0 0 0 0 0 0 
0 0.170405 0 0 0.170405 -2.3641 0 0.674429 0 0 0 0 0 0.674429 0 0 0 0 0 0 0 0.674429 0 0 0 0 0 0 0 0 0 0 
0 0 0.170405 0 0.170405 0 -2.3641 0.674429 0 0 0 0 0 0 0.674429 0 0 0 0 0 0 0 0.674429 0 0 0 0 0 0 0 0 0 
0 0 0 0.170405 0 0.170405 0.170405 -2.5345 0 0 0 0 0 0 0 1.01164 0 0 0 0 0 0 0 1.01164 0 0 0 0 0 0 0 0 
0.170405 0 0 0 0 0 0 0 -1.51926 0.337214 0.337214 0 0.337214 0 0 0 0 0 0 0 0 0 0 0 0.337214 0 0 0 0 0 0 0 
0 0.170405 0 0 0 0 0 0 0.170405 -2.3641 0 0.674429 0 0.674429 0 0 0 0 0 0 0 0 0 0 0 0.674429 0 0 0 0 0 0 
0 0 0.170405 0 0 0 0 0 0.170405 0 -2.3641 0.674429 0 0 0.674429 0 0 0 0 0 0 0 0 0 0 0 0.674429 0 0 0 0 0 
0 0 0 0.170405 0 0 0 0 0 0.170405 0.170405 -2.5345 0 0 0 1.01164 0 0 0 0 0 0 0 0 0 0 0 1.01164 0 0 0 0 
0 0 0 0 0.170405 0 0 0 0.170405 0 0 0 -2.3641 0.674429 0.674429 0 0 0 0 0 0 0 0 0 0 0 0 0 0.674429 0 0 0 
0 0 0 0 0 0.170405 0 0 0 0.170405 0 0 0.170405 -2.5345 0 1.01164 0 0 0 0 0 0 0 0 0 0 0 0 0 1.01164 0 0 
0 0 0 0 0 0 0.170405 0 0 0 0.170405 0 0.170405 0 -2.5345 1.01164 0 0 0 0 0 0 0 0 0 0 0 0 0 0 1.01164 0 
0 0 0 0 0 0 0 0.170405 0 0 0 0.170405 0 0.170405 0.170405 -2.03048 0 0 0 0 0 0 0 0 0 0 0 0 0 0 0 1.34886 
0.170405 0 0 0 0 0 0 0 0 0 0 0 0 0 0 0 -1.51926 0.337214 0.337214 0 0.337214 0 0 0 0.337214 0 0 0 0 0 0 0 
0 0.170405 0 0 0 0 0 0 0 0 0 0 0 0 0 0 0.170405 -2.3641 0 0.674429 0 0.674429 0 0 0 0.674429 0 0 0 0 0 0 
0 0 0.170405 0 0 0 0 0 0 0 0 0 0 0 0 0 0.170405 0 -2.3641 0.674429 0 0 0.674429 0 0 0 0.674429 0 0 0 0 0 
0 0 0 0.170405 0 0 0 0 0 0 0 0 0 0 0 0 0 0.170405 0.170405 -2.5345 0 0 0 1.01164 0 0 0 1.01164 0 0 0 0 
0 0 0 0 0.170405 0 0 0 0 0 0 0 0 0 0 0 0.170405 0 0 0 -2.3641 0.674429 0.674429 0 0 0 0 0 0.674429 0 0 0 
0 0 0 0 0 0.170405 0 0 0 0 0 0 0 0 0 0 0 0.170405 0 0 0.170405 -2.5345 0 1.01164 0 0 0 0 0 1.01164 0 0 
0 0 0 0 0 0 0.170405 0 0 0 0 0 0 0 0 0 0 0 0.170405 0 0.170405 0 -2.5345 1.01164 0 0 0 0 0 0 1.01164 0 
0 0 0 0 0 0 0 0.170405 0 0 0 0 0 0 0 0 0 0 0 0.170405 0 0.170405 0.170405 -2.03048 0 0 0 0 0 0 0 1.34886 
0 0 0 0 0 0 0 0 0.170405 0 0 0 0 0 0 0 0.170405 0 0 0 0 0 0 0 -2.3641 0.674429 0.674429 0 0.674429 0 0 0 
0 0 0 0 0 0 0 0 0 0.170405 0 0 0 0 0 0 0 0.170405 0 0 0 0 0 0 0.170405 -2.5345 0 1.01164 0 1.01164 0 0 
0 0 0 0 0 0 0 0 0 0 0.170405 0 0 0 0 0 0 0 0.170405 0 0 0 0 0 0.170405 0 -2.5345 1.01164 0 0 1.01164 0 
0 0 0 0 0 0 0 0 0 0 0 0.170405 0 0 0 0 0 0 0 0.170405 0 0 0 0 0 0.170405 0.170405 -2.03048 0 0 0 1.34886 
0 0 0 0 0 0 0 0 0 0 0 0 0.170405 0 0 0 0 0 0 0 0.170405 0 0 0 0.170405 0 0 0 -2.5345 1.01164 1.01164 0 
0 0 0 0 0 0 0 0 0 0 0 0 0 0.170405 0 0 0 0 0 0 0 0.170405 0 0 0 0.170405 0 0 0.170405 -2.03048 0 1.34886 
0 0 0 0 0 0 0 0 0 0 0 0 0 0 0.170405 0 0 0 0 0 0 0 0.170405 0 0 0 0.170405 0 0.170405 0 -2.03048 1.34886 
0 0 0 0 0 0 0 0 0 0 0 0 0 0 0 0.170405 0 0 0 0 0 0 0 0.170405 0 0 0 0.170405 0 0.170405 0.170405 -0.852027 
