64
-0 0 0 0 0 0 0 0 0 0 0 0 0 0 0 0 0 0 0 0 0 0 0 0 0 0 0 0 0 0 0 0 0 0 0 0 0 0 0 0 0 0 0 0 0 0 0 0 0 0 0 0 0 0 0 0 0 0 0 0 0 0 0 0 
1.16262 -5.33635 0 0.834744 0 0.834744 0 0 0 0.834744 0 0 0 0 0 0 0 0.834744 0 0 0 0 0 0 0 0 0 0 0 0 0 0 0 0.834744 0 0 0 0 0 0 0 0 0 0 0 0 0 0 0 0 0 0 0 0 0 0 0 0 0 0 0 0 0 0 
1.16262 0 -5.33635 0.834744 0 0 0.834744 0 0 0 0.834744 0 0 0 0 0 0 0 0.834744 0 0 0 0 0 0 0 0 0 0 0 0 0 0 0 0.834744 0 0 0 0 0 0 0 0 0 0 0 0 0 0 0 0 0 0 0 0 0 0 0 0 0 0 0 0 0 
0 1.16262 1.16262 -9.0032 0 0 0 1.66949 0 0 0 1.66949 0 0 0 0 0 0 0 1.66949 0 0 0 0 0 0 0 0 0 0 0 0 0 0 0 1.66949 0 0 0 0 0 0 0 0 0 0 0 0 0 0 0 0 0 0 0 0 0 0 0 0 0 0 0 0 
1.16262 0 0 0 -5.33635 0.834744 0.834744 0 0 0 0 0 0.834744 0 0 0 0 0 0 0 0.834744 0 0 0 0 0 0 0 0 0 0 0 0 0 0 0 0.834744 0 0 0 0 0 0 0 0 0 0 0 0 0 0 0 0 0 0 0 0 0 0 0 0 0 0 0 
0 1.16262 0 0 1.16262 -9.0032 0 1.66949 0 0 0 0 0 1.66949 0 0 0 0 0 0 0 1.66949 0 0 0 0 0 0 0 0 0 0 0 0 0 0 0 1.66949 0 0 0 0 0 0 0 0 0 0 0 0 0 0 0 0 0 0 0 0 0 0 0 0 0 0 
0 0 1.16262 0 1.16262 0 -9.0032 1.66949 0 0 0 0 0 0 1.66949 0 0 0 0 0 0 0 1.66949 0 0 0 0 0 0 0 0 0 0 0 0 0 0 0 1.66949 0 0 0 0 0 0 0 0 0 0 0 0 0 0 0 0 0 0 0 0 0 0 0 0 0 
0 0 0 1.16262 0 1.16262 1.16262 -11.0006 0 0 0 0 0 0 0 2.50423 0 0 0 0 0 0 0 2.50423 0 0 0 0 0 0 0 0 0 0 0 0 0 0 0 2.50423 0 0 0 0 0 0 0 0 0 0 0 0 0 0 0 0 0 0 0 0 0 0 0 0 
1.16262 0 0 0 0 0 0 0 -5.33635 0.834744 0.834744 0 0.834744 0 0 0 0 0 0 0 0 0 0 0 0.834744 0 0 0 0 0 0 0 0 0 0 0 0 0 0 0 0.834744 0 0 0 0 0 0 0 0 0 0 0 0 0 0 0 0 0 0 0 0 0 0 0 
0 1.16262 0 0 0 0 0 0 1.16262 -9.0032 0 1.66949 0 1.66949 0 0 0 0 0 0 0 0 0 0 0 1.66949 0 0 0 0 0 0 0 0 0 0 0 0 0 0 0 1.66949 0 0 0 0 0 0 0 0 0 0 0 0 0 0 0 0 0 0 0 0 0 0 
0 0 1.16262 0 0 0 0 0 1.16262 0 -9.0032 1.66949 0 0 1.66949 0 0 0 0 0 0 0 0 0 0 0 1.66949 0 0 0 0 0 0 0 0 0 0 0 0 0 0 0 1.66949 0 0 0 0 0 0 0 0 0 0 0 0 0 0 0 0 0 0 0 0 0 
0 0 0 1.16262 0 0 0 0 0 1.16262 1.16262 -11.0006 0 0 0 2.50423 0 0 0 0 0 0 0 0 0 0 0 2.50423 0 0 0 0 0 0 0 0 0 0 0 0 0 0 0 2.50423 0 0 0 0 0 0 0 0 0 0 0 0 0 0 0 0 0 0 0 0 
0 0 0 0 1.16262 0 0 0 1.16262 0 0 0 -9.0032 1.66949 1.66949 0 0 0 0 0 0 0 0 0 0 0 0 0 1.66949 0 0 0 0 0 0 0 0 0 0 0 0 0 0 0 1.66949 0 0 0 0 0 0 0 0 0 0 0 0 0 0 0 0 0 0 0 
0 0 0 0 0 1.16262 0 0 0 1.16262 0 0 1.16262 -11.0006 0 2.50423 0 0 0 0 0 0 0 0 0 0 0 0 0 2.50423 0 0 0 0 0 0 0 0 0 0 0 0 0 0 0 2.50423 0 0 0 0 0 0 0 0 0 0 0 0 0 0 0 0 0 0 
0 0 0 0 0 0 1.16262 0 0 0 1.16262 0 1.16262 0 -11.0006 2.50423 0 0 0 0 0 0 0 0 0 0 0 0 0 0 2.50423 0 0 0 0 0 0 0 0 0 0 0 0 0 0 0 2.50423 0 0 0 0 0 0 0 0 0 0 0 0 0 0 0 0 0 
0 0 0 0 0 0 0 1.16262 0 0 0 1.16262 0 1.16262 1.16262 -11.3285 0 0 0 0 0 0 0 0 0 0 0 0 0 0 0 3.33898 0 0 0 0 0 0 0 0 0 0 0 0 0 0 0 3.33898 0 0 0 0 0 0 0 0 0 0 0 0 0 0 0 0 
1.16262 0 0 0 0 0 0 0 0 0 0 0 0 0 0 0 -5.33635 0.834744 0.834744 0 0.834744 0 0 0 0.834744 0 0 0 0 0 0 0 0 0 0 0 0 0 0 0 0 0 0 0 0 0 0 0 0.834744 0 0 0 0 0 0 0 0 0 0 0 0 0 0 0 
0 1.16262 0 0 0 0 0 0 0 0 0 0 0 0 0 0 1.16262 -9.0032 0 1.66949 0 1.66949 0 0 0 1.66949 0 0 0 0 0 0 0 0 0 0 0 0 0 0 0 0 0 0 0 0 0 0 0 1.66949 0 0 0 0 0 0 0 0 0 0 0 0 0 0 
0 0 1.16262 0 0 0 0 0 0 0 0 0 0 0 0 0 1.16262 0 -9.0032 1.66949 0 0 1.66949 0 0 0 1.66949 0 0 0 0 0 0 0 0 0 0 0 0 0 0 0 0 0 0 0 0 0 0 0 1.66949 0 0 0 0 0 0 0 0 0 0 0 0 0 
0 0 0 1.16262 0 0 0 0 0 0 0 0 0 0 0 0 0 1.16262 1.16262 -11.0006 0 0 0 2.50423 0 0 0 2.50423 0 0 0 0 0 0 0 0 0 0 0 0 0 0 0 0 0 0 0 0 0 0 0 2.50423 0 0 0 0 0 0 0 0 0 0 0 0 
0 0 0 0 1.16262 0 0 0 0 0 0 0 0 0 0 0 1.16262 0 0 0 -9.0032 1.66949 1.66949 0 0 0 0 0 1.66949 0 0 0 0 0 0 0 0 0 0 0 0 0 0 0 0 0 0 0 0 0 0 0 1.66949 0 0 0 0 0 0 0 0 0 0 0 
0 0 0 0 0 1.16262 0 0 0 0 0 0 0 0 0 0 0 1.16262 0 0 1.16262 -11.0006 0 2.50423 0 0 0 0 0 2.50423 0 0 0 0 0 0 0 0 0 0 0 0 0 0 0 0 0 0 0 0 0 0 0 2.50423 0 0 0 0 0 0 0 0 0 0 
0 0 0 0 0 0 1.16262 0 0 0 0 0 0 0 0 0 0 0 1.16262 0 1.16262 0 -11.0006 2.50423 0 0 0 0 0 0 2.50423 0 0 0 0 0 0 0 0 0 0 0 0 0 0 0 0 0 0 0 0 0 0 0 2.50423 0 0 0 0 0 0 0 0 0 
0 0 0 0 0 0 0 1.16262 0 0 0 0 0 0 0 0 0 0 0 1.16262 0 1.16262 1.16262 -11.3285 0 0 0 0 0 0 0 3.33898 0 0 0 0 0 0 0 0 0 0 0 0 0 0 0 0 0 0 0 0 0 0 0 3.33898 0 0 0 0 0 0 0 0 
0 0 0 0 0 0 0 0 1.16262 0 0 0 0 0 0 0 1.16262 0 0 0 0 0 0 0 -9.0032 1.66949 1.66949 0 1.66949 0 0 0 0 0 0 0 0 0 0 0 0 0 0 0 0 0 0 0 0 0 0 0 0 0 0 0 1.66949 0 0 0 0 0 0 0 
0 0 0 0 0 0 0 0 0 1.16262 0 0 0 0 0 0 0 1.16262 0 0 0 0 0 0 1.16262 -11.0006 0 2.50423 0 2.50423 0 0 0 0 0 0 0 0 0 0 0 0 0 0 0 0 0 0 0 0 0 0 0 0 0 0 0 2.50423 0 0 0 0 0 0 
0 0 0 0 0 0 0 0 0 0 1.16262 0 0 0 0 0 0 0 1.16262 0 0 0 0 0 1.16262 0 -11.0006 2.50423 0 0 2.50423 0 0 0 0 0 0 0 0 0 0 0 0 0 0 0 0 0 0 0 0 0 0 0 0 0 0 0 2.50423 0 0 0 0 0 
0 0 0 0 0 0 0 0 0 0 0 1.16262 0 0 0 0 0 0 0 1.16262 0 0 0 0 0 1.16262 1.16262 -11.3285 0 0 0 3.33898 0 0 0 0 0 0 0 0 0 0 0 0 0 0 0 0 0 0 0 0 0 0 0 0 0 0 0 3.33898 0 0 0 0 
0 0 0 0 0 0 0 0 0 0 0 0 1.16262 0 0 0 0 0 0 0 1.16262 0 0 0 1.16262 0 0 0 -11.0006 2.50423 2.50423 0 0 0 0 0 0 0 0 0 0 0 0 0 0 0 0 0 0 0 0 0 0 0 0 0 0 0 0 0 2.50423 0 0 0 
0 0 0 0 0 0 0 0 0 0 0 0 0 1.16262 0 0 0 0 0 0 0 1.16262 0 0 0 1.16262 0 0 1.16262 -11.3285 0 3.33898 0 0 0 0 0 0 0 0 0 0 0 0 0 0 0 0 0 0 0 0 0 0 0 0 0 0 0 0 0 3.33898 0 0 
0 0 0 0 0 0 0 0 0 0 0 0 0 0 1.16262 0 0 0 0 0 0 0 1.16262 0 0 0 1.16262 0 1.16262 0 -11.3285 3.33898 0 0 0 0 0 0 0 0 0 0 0 0 0 0 0 0 0 0 0 0 0 0 0 0 0 0 0 0 0 0 3.33898 0 
0 0 0 0 0 0 0 0 0 0 0 0 0 0 0 1.16262 0 0 0 0 0 0 0 1.16262 0 0 0 1.16262 0 1.16262 1.16262 -9.98684 0 0 0 0 0 0 0 0 0 0 0 0 0 0 0 0 0 0 0 0 0 0 0 0 0 0 0 0 0 0 0 4.17372 
1.16262 0 0 0 0 0 0 0 0 0 0 0 0 0 0 0 0 0 0 0 0 0 0 0 0 0 0 0 0 0 0 0 -5.33635 0.834744 0.834744 0 0.834744 0 0 0 0.834744 0 0 0 0 0 0 0 0.834744 0 0 0 0 0 0 0 0 0 0 0 0 0 0 0 
0 1.16262 0 0 0 0 0 0 0 0 0 0 0 0 0 0 0 0 0 0 0 0 0 0 0 0 0 0 0 0 0 0 1.16262 -9.0032 0 1.66949 0 1.66949 0 0 0 1.66949 0 0 0 0 0 0 0 1.66949 0 0 0 0 0 0 0 0 0 0 0 0 0 0 
0 0 1.16262 0 0 0 0 0 0 0 0 0 0 0 0 0 0 0 0 0 0 0 0 0 0 0 0 0 0 0 0 0 1.16262 0 -9.0032 1.66949 0 0 1.66949 0 0 0 1.66949 0 0 0 0 0 0 0 1.66949 0 0 0 0 0 0 0 0 0 0 0 0 0 
0 0 0 1.16262 0 0 0 0 0 0 0 0 0 0 0 0 0 0 0 0 0 0 0 0 0 0 0 0 0 0 0 0 0 1.16262 1.16262 -11.0006 0 0 0 2.50423 0 0 0 2.50423 0 0 0 0 0 0 0 2.50423 0 0 0 0 0 0 0 0 0 0 0 0 
0 0 0 0 1.16262 0 0 0 0 0 0 0 0 0 0 0 0 0 0 0 0 0 0 0 0 0 0 0 0 0 0 0 1.16262 0 0 0 -9.0032 1.66949 1.66949 0 0 0 0 0 1.66949 0 0 0 0 0 0 0 1.66949 0 0 0 0 0 0 0 0 0 0 0 
0 0 0 0 0 1.16262 0 0 0 0 0 0 0 0 0 0 0 0 0 0 0 0 0 0 0 0 0 0 0 0 0 0 0 1.16262 0 0 1.16262 -11.0006 0 2.50423 0 0 0 0 0 2.50423 0 0 0 0 0 0 0 2.50423 0 0 0 0 0 0 0 0 0 0 
0 0 0 0 0 0 1.16262 0 0 0 0 0 0 0 0 0 0 0 0 0 0 0 0 0 0 0 0 0 0 0 0 0 0 0 1.16262 0 1.16262 0 -11.0006 2.50423 0 0 0 0 0 0 2.50423 0 0 0 0 0 0 0 2.50423 0 0 0 0 0 0 0 0 0 
0 0 0 0 0 0 0 1.16262 0 0 0 0 0 0 0 0 0 0 0 0 0 0 0 0 0 0 0 0 0 0 0 0 0 0 0 1.16262 0 1.16262 1.16262 -11.3285 0 0 0 0 0 0 0 3.33898 0 0 0 0 0 0 0 3.33898 0 0 0 0 0 0 0 0 
0 0 0 0 0 0 0 0 1.16262 0 0 0 0 0 0 0 0 0 0 0 0 0 0 0 0 0 0 0 0 0 0 0 1.16262 0 0 0 0 0 0 0 -9.0032 1.66949 1.66949 0 1.66949 0 0 0 0 0 0 0 0 0 0 0 1.66949 0 0 0 0 0 0 0 
0 0 0 0 0 0 0 0 0 1.16262 0 0 0 0 0 0 0 0 0 0 0 0 0 0 0 0 0 0 0 0 0 0 0 1.16262 0 0 0 0 0 0 1.16262 -11.0006 0 2.50423 0 2.50423 0 0 0 0 0 0 0 0 0 0 0 2.50423 0 0 0 0 0 0 
0 0 0 0 0 0 0 0 0 0 1.16262 0 0 0 0 0 0 0 0 0 0 0 0 0 0 0 0 0 0 0 0 0 0 0 1.16262 0 0 0 0 0 1.16262 0 -11.0006 2.50423 0 0 2.50423 0 0 0 0 0 0 0 0 0 0 0 2.50423 0 0 0 0 0 
0 0 0 0 0 0 0 0 0 0 0 1.16262 0 0 0 0 0 0 0 0 0 0 0 0 0 0 0 0 0 0 0 0 0 0 0 1.16262 0 0 0 0 0 1.16262 1.16262 -11.3285 0 0 0 3.33898 0 0 0 0 0 0 0 0 0 0 0 3.33898 0 0 0 0 
0 0 0 0 0 0 0 0 0 0 0 0 1.16262 0 0 0 0 0 0 0 0 0 0 0 0 0 0 0 0 0 0 0 0 0 0 0 1.16262 0 0 0 1.16262 0 0 0 -11.0006 2.50423 2.50423 0 0 0 0 0 0 0 0 0 0 0 0 0 2.50423 0 0 0 
0 0 0 0 0 0 0 0 0 0 0 0 0 1.16262 0 0 0 0 0 0 0 0 0 0 0 0 0 0 0 0 0 0 0 0 0 0 0 1.16262 0 0 0 1.16262 0 0 1.16262 -11.3285 0 3.33898 0 0 0 0 0 0 0 0 0 0 0 0 0 3.33898 0 0 
0 0 0 0 0 0 0 0 0 0 0 0 0 0 1.16262 0 0 0 0 0 0 0 0 0 0 0 0 0 0 0 0 0 0 0 0 0 0 0 1.16262 0 0 0 1.16262 0 1.16262 0 -11.3285 3.33898 0 0 0 0 0 0 0 0 0 0 0 0 0 0 3.33898 0 
0 0 0 0 0 0 0 0 0 0 0 0 0 0 0 1.16262 0 0 0 0 0 0 0 0 0 0 0 0 0 0 0 0 0 0 0 0 0 0 0 1.16262 0 0 0 1.16262 0 1.16262 1.16262 -9.98684 0 0 0 0 0 0 0 0 0 0 0 0 0 0 0 4.17372 
0 0 0 0 0 0 0 0 0 0 0 0 0 0 0 0 1.16262 0 0 0 0 0 0 0 0 0 0 0 0 0 0 0 1.16262 0 0 0 0 0 0 0 0 0 0 0 0 0 0 0 -9.0032 1.66949 1.66949 0 1.66949 0 0 0 1.66949 0 0 0 0 0 0 0 
0 0 0 0 0 0 0 0 0 0 0 0 0 0 0 0 0 1.16262 0 0 0 0 0 0 0 0 0 0 0 0 0 0 0 1.16262 0 0 0 0 0 0 0 0 0 0 0 0 0 0 1.16262 -11.0006 0 2.50423 0 2.50423 0 0 0 2.50423 0 0 0 0 0 0 
0 0 0 0 0 0 0 0 0 0 0 0 0 0 0 0 0 0 1.16262 0 0 0 0 0 0 0 0 0 0 0 0 0 0 0 1.16262 0 0 0 0 0 0 0 0 0 0 0 0 0 1.16262 0 -11.0006 2.50423 0 0 2.50423 0 0 0 2.50423 0 0 0 0 0 
0 0 0 0 0 0 0 0 0 0 0 0 0 0 0 0 0 0 0 1.16262 0 0 0 0 0 0 0 0 0 0 0 0 0 0 0 1.16262 0 0 0 0 0 0 0 0 0 0 0 0 0 1.16262 1.16262 -11.3285 0 0 0 3.33898 0 0 0 3.33898 0 0 0 0 
0 0 0 0 0 0 0 0 0 0 0 0 0 0 0 0 0 0 0 0 1.16262 0 0 0 0 0 0 0 0 0 0 0 0 0 0 0 1.16262 0 0 0 0 0 0 0 0 0 0 0 1.16262 0 0 0 -11.0006 2.50423 2.50423 0 0 0 0 0 2.50423 0 0 0 
0 0 0 0 0 0 0 0 0 0 0 0 0 0 0 0 0 0 0 0 0 1.16262 0 0 0 0 0 0 0 0 0 0 0 0 0 0 0 1.16262 0 0 0 0 0 0 0 0 0 0 0 1.16262 0 0 1.16262 -11.3285 0 3.33898 0 0 0 0 0 3.33898 0 0 
0 0 0 0 0 0 0 0 0 0 0 0 0 0 0 0 0 0 0 0 0 0 1.16262 0 0 0 0 0 0 0 0 0 0 0 0 0 0 0 1.16262 0 0 0 0 0 0 0 0 0 0 0 1.16262 0 1.16262 0 -11.3285 3.33898 0 0 0 0 0 0 3.33898 0 
0 0 0 0 0 0 0 0 0 0 0 0 0 0 0 0 0 0 0 0 0 0 0 1.16262 0 0 0 0 0 0 0 0 0 0 0 0 0 0 0 1.16262 0 0 0 0 0 0 0 0 0 0 0 1.16262 0 1.16262 1.16262 -9.98684 0 0 0 0 0 0 0 4.17372 
0 0 0 0 0 0 0 0 0 0 0 0 0 0 0 0 0 0 0 0 0 0 0 0 1.16262 0 0 0 0 0 0 0 0 0 0 0 0 0 0 0 1.16262 0 0 0 0 0 0 0 1.16262 0 0 0 0 0 0 0 -11.0006 2.50423 2.50423 0 2.50423 0 0 0 
0 0 0 0 0 0 0 0 0 0 0 0 0 0 0 0 0 0 0 0 0 0 0 0 0 1.16262 0 0 0 0 0 0 0 0 0 0 0 0 0 0 0 1.16262 0 0 0 0 0 0 0 1.16262 0 0 0 0 0 0 1.16262 -11.3285 0 3.33898 0 3.33898 0 0 
0 0 0 0 0 0 0 0 0 0 0 0 0 0 0 0 0 0 0 0 0 0 0 0 0 0 1.16262 0 0 0 0 0 0 0 0 0 0 0 0 0 0 0 1.16262 0 0 0 0 0 0 0 1.16262 0 0 0 0 0 1.16262 0 -11.3285 3.33898 0 0 3.33898 0 
0 0 0 0 0 0 0 0 0 0 0 0 0 0 0 0 0 0 0 0 0 0 0 0 0 0 0 1.16262 0 0 0 0 0 0 0 0 0 0 0 0 0 0 0 1.16262 0 0 0 0 0 0 0 1.16262 0 0 0 0 0 1.16262 1.16262 -9.98684 0 0 0 4.17372 
0 0 0 0 0 0 0 0 0 0 0 0 0 0 0 0 0 0 0 0 0 0 0 0 0 0 0 0 1.16262 0 0 0 0 0 0 0 0 0 0 0 0 0 0 0 1.16262 0 0 0 0 0 0 0 1.16262 0 0 0 1.16262 0 0 0 -11.3285 3.33898 3.33898 0 
0 0 0 0 0 0 0 0 0 0 0 0 0 0 0 0 0 0 0 0 0 0 0 0 0 0 0 0 0 1.16262 0 0 0 0 0 0 0 0 0 0 0 0 0 0 0 1.16262 0 0 0 0 0 0 0 1.16262 0 0 0 1.16262 0 0 1.16262 -9.98684 0 4.17372 
0 0 0 0 0 0 0 0 0 0 0 0 0 0 0 0 0 0 0 0 0 0 0 0 0 0 0 0 0 0 1.16262 0 0 0 0 0 0 0 0 0 0 0 0 0 0 0 1.16262 0 0 0 0 0 0 0 1.16262 0 0 0 1.16262 0 1.16262 0 -9.98684 4.17372 
0 0 0 0 0 0 0 0 0 0 0 0 0 0 0 0 0 0 0 0 0 0 0 0 0 0 0 0 0 0 0 1.16262 0 0 0 0 0 0 0 0 0 0 0 0 0 0 0 1.16262 0 0 0 0 0 0 0 1.16262 0 0 0 1.16262 0 1.16262 1.16262 -6.97575 
