32
-0 0 0 0 0 0 0 0 0 0 0 0 0 0 0 0 0 0 0 0 0 0 0 0 0 0 0 0 0 0 0 0 
0.201082 -1.15246 0 0.237844 0 0.237844 0 0 0 0.237844 0 0 0 0 0 0 0 0.237844 0 0 0 0 0 0 0 0 0 0 0 0 0 0 
0.201082 0 -1.15246 0.237844 0 0 0.237844 0 0 0 0.237844 0 0 0 0 0 0 0 0.237844 0 0 0 0 0 0 0 0 0 0 0 0 0 
0 0.201082 0.201082 -1.82923 0 0 0 0.475689 0 0 0 0.475689 0 0 0 0 0 0 0 0.475689 0 0 0 0 0 0 0 0 0 0 0 0 
0.201082 0 0 0 -1.15246 0.237844 0.237844 0 0 0 0 0 0.237844 0 0 0 0 0 0 0 0.237844 0 0 0 0 0 0 0 0 0 0 0 
0 0.201082 0 0 0.201082 -1.82923 0 0.475689 0 0 0 0 0 0.475689 0 0 0 0 0 0 0 0.475689 0 0 0 0 0 0 0 0 0 0 
0 0 0.201082 0 0.201082 0 -1.82923 0.475689 0 0 0 0 0 0 0.475689 0 0 0 0 0 0 0 0.475689 0 0 0 0 0 0 0 0 0 
0 0 0 0.201082 0 0.201082 0.201082 -2.03031 0 0 0 0 0 0 0 0.713533 0 0 0 0 0 0 0 0.713533 0 0 0 0 0 0 0 0 
0.201082 0 0 0 0 0 0 0 -1.15246 0.237844 0.237844 0 0.237844 0 0 0 0 0 0 0 0 0 0 0 0.237844 0 0 0 0 0 0 0 
0 0.201082 0 0 0 0 0 0 0.201082 -1.82923 0 0.475689 0 0.475689 0 0 0 0 0 0 0 0 0 0 0 0.475689 0 0 0 0 0 0 
0 0 0.201082 0 0 0 0 0 0.201082 0 -1.82923 0.475689 0 0 0.475689 0 0 0 0 0 0 0 0 0 0 0 0.475689 0 0 0 0 0 
0 0 0 0.201082 0 0 0 0 0 0.201082 0.201082 -2.03031 0 0 0 0.713533 0 0 0 0 0 0 0 0 0 0 0 0.713533 0 0 0 0 
0 0 0 0 0.201082 0 0 0 0.201082 0 0 0 -1.82923 0.475689 0.475689 0 0 0 0 0 0 0 0 0 0 0 0 0 0.475689 0 0 0 
0 0 0 0 0 0.201082 0 0 0 0.201082 0 0 0.201082 -2.03031 0 0.713533 0 0 0 0 0 0 0 0 0 0 0 0 0 0.713533 0 0 
0 0 0 0 0 0 0.201082 0 0 0 0.201082 0 0.201082 0 -2.03031 0.713533 0 0 0 0 0 0 0 0 0 0 0 0 0 0 0.713533 0 
0 0 0 0 0 0 0 0.201082 0 0 0 0.201082 0 0.201082 0.201082 -1.75571 0 0 0 0 0 0 0 0 0 0 0 0 0 0 0 0.951378 
0.201082 0 0 0 0 0 0 0 0 0 0 0 0 0 0 0 -1.15246 0.237844 0.237844 0 0.237844 0 0 0 0.237844 0 0 0 0 0 0 0 
0 0.201082 0 0 0 0 0 0 0 0 0 0 0 0 0 0 0.201082 -1.82923 0 0.475689 0 0.475689 0 0 0 0.475689 0 0 0 0 0 0 
0 0 0.201082 0 0 0 0 0 0 0 0 0 0 0 0 0 0.201082 0 -1.82923 0.475689 0 0 0.475689 0 0 0 0.475689 0 0 0 0 0 
0 0 0 0.201082 0 0 0 0 0 0 0 0 0 0 0 0 0 0.201082 0.201082 -2.03031 0 0 0 0.713533 0 0 0 0.713533 0 0 0 0 
0 0 0 0 0.201082 0 0 0 0 0 0 0 0 0 0 0 0.201082 0 0 0 -1.82923 0.475689 0.475689 0 0 0 0 0 0.475689 0 0 0 
0 0 0 0 0 0.201082 0 0 0 0 0 0 0 0 0 0 0 0.201082 0 0 0.201082 -2.03031 0 0.713533 0 0 0 0 0 0.713533 0 0 
0 0 0 0 0 0 0.201082 0 0 0 0 0 0 0 0 0 0 0 0.201082 0 0.201082 0 -2.03031 0.713533 0 0 0 0 0 0 0.713533 0 
0 0 0 0 0 0 0 0.201082 0 0 0 0 0 0 0 0 0 0 0 0.201082 0 0.201082 0.201082 -1.75571 0 0 0 0 0 0 0 0.951378 
0 0 0 0 0 0 0 0 0.201082 0 0 0 0 0 0 0 0.201082 0 0 0 0 0 0 0 -1.82923 0.475689 0.475689 0 0.475689 0 0 0 
0 0 0 0 0 0 0 0 0 0.201082 0 0 0 0 0 0 0 0.201082 0 0 0 0 0 0 0.201082 -2.03031 0 0.713533 0 0.713533 0 0 
0 0 0 0 0 0 0 0 0 0 0.201082 0 0 0 0 0 0 0 0.201082 0 0 0 0 0 0.201082 0 -2.03031 0.713533 0 0 0.713533 0 
0 0 0 0 0 0 0 0 0 0 0 0.201082 0 0 0 0 0 0 0 0.201082 0 0 0 0 0 0.201082 0.201082 -1.75571 0 0 0 0.951378 
0 0 0 0 0 0 0 0 0 0 0 0 0.201082 0 0 0 0 0 0 0 0.201082 0 0 0 0.201082 0 0 0 -2.03031 0.713533 0.713533 0 
0 0 0 0 0 0 0 0 0 0 0 0 0 0.201082 0 0 0 0 0 0 0 0.201082 0 0 0 0.201082 0 0 0.201082 -1.75571 0 0.951378 
0 0 0 0 0 0 0 0 0 0 0 0 0 0 0.201082 0 0 0 0 0 0 0 0.201082 0 0 0 0.201082 0 0.201082 0 -1.75571 0.951378 
0 0 0 0 0 0 0 0 0 0 0 0 0 0 0 0.201082 0 0 0 0 0 0 0 0.201082 0 0 0 0.201082 0 0.201082 0.201082 -1.00541 
