32
-0 0 0 0 0 0 0 0 0 0 0 0 0 0 0 0 0 0 0 0 0 0 0 0 0 0 0 0 0 0 0 0 
0.27319 -1.60116 0 0.331993 0 0.331993 0 0 0 0.331993 0 0 0 0 0 0 0 0.331993 0 0 0 0 0 0 0 0 0 0 0 0 0 0 
0.27319 0 -1.60116 0.331993 0 0 0.331993 0 0 0 0.331993 0 0 0 0 0 0 0 0.331993 0 0 0 0 0 0 0 0 0 0 0 0 0 
0 0.27319 0.27319 -2.53834 0 0 0 0.663985 0 0 0 0.663985 0 0 0 0 0 0 0 0.663985 0 0 0 0 0 0 0 0 0 0 0 0 
0.27319 0 0 0 -1.60116 0.331993 0.331993 0 0 0 0 0 0.331993 0 0 0 0 0 0 0 0.331993 0 0 0 0 0 0 0 0 0 0 0 
0 0.27319 0 0 0.27319 -2.53834 0 0.663985 0 0 0 0 0 0.663985 0 0 0 0 0 0 0 0.663985 0 0 0 0 0 0 0 0 0 0 
0 0 0.27319 0 0.27319 0 -2.53834 0.663985 0 0 0 0 0 0 0.663985 0 0 0 0 0 0 0 0.663985 0 0 0 0 0 0 0 0 0 
0 0 0 0.27319 0 0.27319 0.27319 -2.81153 0 0 0 0 0 0 0 0.995978 0 0 0 0 0 0 0 0.995978 0 0 0 0 0 0 0 0 
0.27319 0 0 0 0 0 0 0 -1.60116 0.331993 0.331993 0 0.331993 0 0 0 0 0 0 0 0 0 0 0 0.331993 0 0 0 0 0 0 0 
0 0.27319 0 0 0 0 0 0 0.27319 -2.53834 0 0.663985 0 0.663985 0 0 0 0 0 0 0 0 0 0 0 0.663985 0 0 0 0 0 0 
0 0 0.27319 0 0 0 0 0 0.27319 0 -2.53834 0.663985 0 0 0.663985 0 0 0 0 0 0 0 0 0 0 0 0.663985 0 0 0 0 0 
0 0 0 0.27319 0 0 0 0 0 0.27319 0.27319 -2.81153 0 0 0 0.995978 0 0 0 0 0 0 0 0 0 0 0 0.995978 0 0 0 0 
0 0 0 0 0.27319 0 0 0 0.27319 0 0 0 -2.53834 0.663985 0.663985 0 0 0 0 0 0 0 0 0 0 0 0 0 0.663985 0 0 0 
0 0 0 0 0 0.27319 0 0 0 0.27319 0 0 0.27319 -2.81153 0 0.995978 0 0 0 0 0 0 0 0 0 0 0 0 0 0.995978 0 0 
0 0 0 0 0 0 0.27319 0 0 0 0.27319 0 0.27319 0 -2.81153 0.995978 0 0 0 0 0 0 0 0 0 0 0 0 0 0 0.995978 0 
0 0 0 0 0 0 0 0.27319 0 0 0 0.27319 0 0.27319 0.27319 -2.42073 0 0 0 0 0 0 0 0 0 0 0 0 0 0 0 1.32797 
0.27319 0 0 0 0 0 0 0 0 0 0 0 0 0 0 0 -1.60116 0.331993 0.331993 0 0.331993 0 0 0 0.331993 0 0 0 0 0 0 0 
0 0.27319 0 0 0 0 0 0 0 0 0 0 0 0 0 0 0.27319 -2.53834 0 0.663985 0 0.663985 0 0 0 0.663985 0 0 0 0 0 0 
0 0 0.27319 0 0 0 0 0 0 0 0 0 0 0 0 0 0.27319 0 -2.53834 0.663985 0 0 0.663985 0 0 0 0.663985 0 0 0 0 0 
0 0 0 0.27319 0 0 0 0 0 0 0 0 0 0 0 0 0 0.27319 0.27319 -2.81153 0 0 0 0.995978 0 0 0 0.995978 0 0 0 0 
0 0 0 0 0.27319 0 0 0 0 0 0 0 0 0 0 0 0.27319 0 0 0 -2.53834 0.663985 0.663985 0 0 0 0 0 0.663985 0 0 0 
0 0 0 0 0 0.27319 0 0 0 0 0 0 0 0 0 0 0 0.27319 0 0 0.27319 -2.81153 0 0.995978 0 0 0 0 0 0.995978 0 0 
0 0 0 0 0 0 0.27319 0 0 0 0 0 0 0 0 0 0 0 0.27319 0 0.27319 0 -2.81153 0.995978 0 0 0 0 0 0 0.995978 0 
0 0 0 0 0 0 0 0.27319 0 0 0 0 0 0 0 0 0 0 0 0.27319 0 0.27319 0.27319 -2.42073 0 0 0 0 0 0 0 1.32797 
0 0 0 0 0 0 0 0 0.27319 0 0 0 0 0 0 0 0.27319 0 0 0 0 0 0 0 -2.53834 0.663985 0.663985 0 0.663985 0 0 0 
0 0 0 0 0 0 0 0 0 0.27319 0 0 0 0 0 0 0 0.27319 0 0 0 0 0 0 0.27319 -2.81153 0 0.995978 0 0.995978 0 0 
0 0 0 0 0 0 0 0 0 0 0.27319 0 0 0 0 0 0 0 0.27319 0 0 0 0 0 0.27319 0 -2.81153 0.995978 0 0 0.995978 0 
0 0 0 0 0 0 0 0 0 0 0 0.27319 0 0 0 0 0 0 0 0.27319 0 0 0 0 0 0.27319 0.27319 -2.42073 0 0 0 1.32797 
0 0 0 0 0 0 0 0 0 0 0 0 0.27319 0 0 0 0 0 0 0 0.27319 0 0 0 0.27319 0 0 0 -2.81153 0.995978 0.995978 0 
0 0 0 0 0 0 0 0 0 0 0 0 0 0.27319 0 0 0 0 0 0 0 0.27319 0 0 0 0.27319 0 0 0.27319 -2.42073 0 1.32797 
0 0 0 0 0 0 0 0 0 0 0 0 0 0 0.27319 0 0 0 0 0 0 0 0.27319 0 0 0 0.27319 0 0.27319 0 -2.42073 1.32797 
0 0 0 0 0 0 0 0 0 0 0 0 0 0 0 0.27319 0 0 0 0 0 0 0 0.27319 0 0 0 0.27319 0 0.27319 0.27319 -1.36595 
