32
-0 0 0 0 0 0 0 0 0 0 0 0 0 0 0 0 0 0 0 0 0 0 0 0 0 0 0 0 0 0 0 0 
0.134946 -0.98051 0 0.211391 0 0.211391 0 0 0 0.211391 0 0 0 0 0 0 0 0.211391 0 0 0 0 0 0 0 0 0 0 0 0 0 0 
0.134946 0 -0.98051 0.211391 0 0 0.211391 0 0 0 0.211391 0 0 0 0 0 0 0 0.211391 0 0 0 0 0 0 0 0 0 0 0 0 0 
0 0.134946 0.134946 -1.53824 0 0 0 0.422782 0 0 0 0.422782 0 0 0 0 0 0 0 0.422782 0 0 0 0 0 0 0 0 0 0 0 0 
0.134946 0 0 0 -0.98051 0.211391 0.211391 0 0 0 0 0 0.211391 0 0 0 0 0 0 0 0.211391 0 0 0 0 0 0 0 0 0 0 0 
0 0.134946 0 0 0.134946 -1.53824 0 0.422782 0 0 0 0 0 0.422782 0 0 0 0 0 0 0 0.422782 0 0 0 0 0 0 0 0 0 0 
0 0 0.134946 0 0.134946 0 -1.53824 0.422782 0 0 0 0 0 0 0.422782 0 0 0 0 0 0 0 0.422782 0 0 0 0 0 0 0 0 0 
0 0 0 0.134946 0 0.134946 0.134946 -1.67318 0 0 0 0 0 0 0 0.634173 0 0 0 0 0 0 0 0.634173 0 0 0 0 0 0 0 0 
0.134946 0 0 0 0 0 0 0 -0.98051 0.211391 0.211391 0 0.211391 0 0 0 0 0 0 0 0 0 0 0 0.211391 0 0 0 0 0 0 0 
0 0.134946 0 0 0 0 0 0 0.134946 -1.53824 0 0.422782 0 0.422782 0 0 0 0 0 0 0 0 0 0 0 0.422782 0 0 0 0 0 0 
0 0 0.134946 0 0 0 0 0 0.134946 0 -1.53824 0.422782 0 0 0.422782 0 0 0 0 0 0 0 0 0 0 0 0.422782 0 0 0 0 0 
0 0 0 0.134946 0 0 0 0 0 0.134946 0.134946 -1.67318 0 0 0 0.634173 0 0 0 0 0 0 0 0 0 0 0 0.634173 0 0 0 0 
0 0 0 0 0.134946 0 0 0 0.134946 0 0 0 -1.53824 0.422782 0.422782 0 0 0 0 0 0 0 0 0 0 0 0 0 0.422782 0 0 0 
0 0 0 0 0 0.134946 0 0 0 0.134946 0 0 0.134946 -1.67318 0 0.634173 0 0 0 0 0 0 0 0 0 0 0 0 0 0.634173 0 0 
0 0 0 0 0 0 0.134946 0 0 0 0.134946 0 0.134946 0 -1.67318 0.634173 0 0 0 0 0 0 0 0 0 0 0 0 0 0 0.634173 0 
0 0 0 0 0 0 0 0.134946 0 0 0 0.134946 0 0.134946 0.134946 -1.38535 0 0 0 0 0 0 0 0 0 0 0 0 0 0 0 0.845564 
0.134946 0 0 0 0 0 0 0 0 0 0 0 0 0 0 0 -0.98051 0.211391 0.211391 0 0.211391 0 0 0 0.211391 0 0 0 0 0 0 0 
0 0.134946 0 0 0 0 0 0 0 0 0 0 0 0 0 0 0.134946 -1.53824 0 0.422782 0 0.422782 0 0 0 0.422782 0 0 0 0 0 0 
0 0 0.134946 0 0 0 0 0 0 0 0 0 0 0 0 0 0.134946 0 -1.53824 0.422782 0 0 0.422782 0 0 0 0.422782 0 0 0 0 0 
0 0 0 0.134946 0 0 0 0 0 0 0 0 0 0 0 0 0 0.134946 0.134946 -1.67318 0 0 0 0.634173 0 0 0 0.634173 0 0 0 0 
0 0 0 0 0.134946 0 0 0 0 0 0 0 0 0 0 0 0.134946 0 0 0 -1.53824 0.422782 0.422782 0 0 0 0 0 0.422782 0 0 0 
0 0 0 0 0 0.134946 0 0 0 0 0 0 0 0 0 0 0 0.134946 0 0 0.134946 -1.67318 0 0.634173 0 0 0 0 0 0.634173 0 0 
0 0 0 0 0 0 0.134946 0 0 0 0 0 0 0 0 0 0 0 0.134946 0 0.134946 0 -1.67318 0.634173 0 0 0 0 0 0 0.634173 0 
0 0 0 0 0 0 0 0.134946 0 0 0 0 0 0 0 0 0 0 0 0.134946 0 0.134946 0.134946 -1.38535 0 0 0 0 0 0 0 0.845564 
0 0 0 0 0 0 0 0 0.134946 0 0 0 0 0 0 0 0.134946 0 0 0 0 0 0 0 -1.53824 0.422782 0.422782 0 0.422782 0 0 0 
0 0 0 0 0 0 0 0 0 0.134946 0 0 0 0 0 0 0 0.134946 0 0 0 0 0 0 0.134946 -1.67318 0 0.634173 0 0.634173 0 0 
0 0 0 0 0 0 0 0 0 0 0.134946 0 0 0 0 0 0 0 0.134946 0 0 0 0 0 0.134946 0 -1.67318 0.634173 0 0 0.634173 0 
0 0 0 0 0 0 0 0 0 0 0 0.134946 0 0 0 0 0 0 0 0.134946 0 0 0 0 0 0.134946 0.134946 -1.38535 0 0 0 0.845564 
0 0 0 0 0 0 0 0 0 0 0 0 0.134946 0 0 0 0 0 0 0 0.134946 0 0 0 0.134946 0 0 0 -1.67318 0.634173 0.634173 0 
0 0 0 0 0 0 0 0 0 0 0 0 0 0.134946 0 0 0 0 0 0 0 0.134946 0 0 0 0.134946 0 0 0.134946 -1.38535 0 0.845564 
0 0 0 0 0 0 0 0 0 0 0 0 0 0 0.134946 0 0 0 0 0 0 0 0.134946 0 0 0 0.134946 0 0.134946 0 -1.38535 0.845564 
0 0 0 0 0 0 0 0 0 0 0 0 0 0 0 0.134946 0 0 0 0 0 0 0 0.134946 0 0 0 0.134946 0 0.134946 0.134946 -0.674729 
