64
-0 0 0 0 0 0 0 0 0 0 0 0 0 0 0 0 0 0 0 0 0 0 0 0 0 0 0 0 0 0 0 0 0 0 0 0 0 0 0 0 0 0 0 0 0 0 0 0 0 0 0 0 0 0 0 0 0 0 0 0 0 0 0 0 
0.542305 -2.51901 0 0.39534 0 0.39534 0 0 0 0.39534 0 0 0 0 0 0 0 0.39534 0 0 0 0 0 0 0 0 0 0 0 0 0 0 0 0.39534 0 0 0 0 0 0 0 0 0 0 0 0 0 0 0 0 0 0 0 0 0 0 0 0 0 0 0 0 0 0 
0.542305 0 -2.51901 0.39534 0 0 0.39534 0 0 0 0.39534 0 0 0 0 0 0 0 0.39534 0 0 0 0 0 0 0 0 0 0 0 0 0 0 0 0.39534 0 0 0 0 0 0 0 0 0 0 0 0 0 0 0 0 0 0 0 0 0 0 0 0 0 0 0 0 0 
0 0.542305 0.542305 -4.24733 0 0 0 0.79068 0 0 0 0.79068 0 0 0 0 0 0 0 0.79068 0 0 0 0 0 0 0 0 0 0 0 0 0 0 0 0.79068 0 0 0 0 0 0 0 0 0 0 0 0 0 0 0 0 0 0 0 0 0 0 0 0 0 0 0 0 
0.542305 0 0 0 -2.51901 0.39534 0.39534 0 0 0 0 0 0.39534 0 0 0 0 0 0 0 0.39534 0 0 0 0 0 0 0 0 0 0 0 0 0 0 0 0.39534 0 0 0 0 0 0 0 0 0 0 0 0 0 0 0 0 0 0 0 0 0 0 0 0 0 0 0 
0 0.542305 0 0 0.542305 -4.24733 0 0.79068 0 0 0 0 0 0.79068 0 0 0 0 0 0 0 0.79068 0 0 0 0 0 0 0 0 0 0 0 0 0 0 0 0.79068 0 0 0 0 0 0 0 0 0 0 0 0 0 0 0 0 0 0 0 0 0 0 0 0 0 0 
0 0 0.542305 0 0.542305 0 -4.24733 0.79068 0 0 0 0 0 0 0.79068 0 0 0 0 0 0 0 0.79068 0 0 0 0 0 0 0 0 0 0 0 0 0 0 0 0.79068 0 0 0 0 0 0 0 0 0 0 0 0 0 0 0 0 0 0 0 0 0 0 0 0 0 
0 0 0 0.542305 0 0.542305 0.542305 -5.18498 0 0 0 0 0 0 0 1.18602 0 0 0 0 0 0 0 1.18602 0 0 0 0 0 0 0 0 0 0 0 0 0 0 0 1.18602 0 0 0 0 0 0 0 0 0 0 0 0 0 0 0 0 0 0 0 0 0 0 0 0 
0.542305 0 0 0 0 0 0 0 -2.51901 0.39534 0.39534 0 0.39534 0 0 0 0 0 0 0 0 0 0 0 0.39534 0 0 0 0 0 0 0 0 0 0 0 0 0 0 0 0.39534 0 0 0 0 0 0 0 0 0 0 0 0 0 0 0 0 0 0 0 0 0 0 0 
0 0.542305 0 0 0 0 0 0 0.542305 -4.24733 0 0.79068 0 0.79068 0 0 0 0 0 0 0 0 0 0 0 0.79068 0 0 0 0 0 0 0 0 0 0 0 0 0 0 0 0.79068 0 0 0 0 0 0 0 0 0 0 0 0 0 0 0 0 0 0 0 0 0 0 
0 0 0.542305 0 0 0 0 0 0.542305 0 -4.24733 0.79068 0 0 0.79068 0 0 0 0 0 0 0 0 0 0 0 0.79068 0 0 0 0 0 0 0 0 0 0 0 0 0 0 0 0.79068 0 0 0 0 0 0 0 0 0 0 0 0 0 0 0 0 0 0 0 0 0 
0 0 0 0.542305 0 0 0 0 0 0.542305 0.542305 -5.18498 0 0 0 1.18602 0 0 0 0 0 0 0 0 0 0 0 1.18602 0 0 0 0 0 0 0 0 0 0 0 0 0 0 0 1.18602 0 0 0 0 0 0 0 0 0 0 0 0 0 0 0 0 0 0 0 0 
0 0 0 0 0.542305 0 0 0 0.542305 0 0 0 -4.24733 0.79068 0.79068 0 0 0 0 0 0 0 0 0 0 0 0 0 0.79068 0 0 0 0 0 0 0 0 0 0 0 0 0 0 0 0.79068 0 0 0 0 0 0 0 0 0 0 0 0 0 0 0 0 0 0 0 
0 0 0 0 0 0.542305 0 0 0 0.542305 0 0 0.542305 -5.18498 0 1.18602 0 0 0 0 0 0 0 0 0 0 0 0 0 1.18602 0 0 0 0 0 0 0 0 0 0 0 0 0 0 0 1.18602 0 0 0 0 0 0 0 0 0 0 0 0 0 0 0 0 0 0 
0 0 0 0 0 0 0.542305 0 0 0 0.542305 0 0.542305 0 -5.18498 1.18602 0 0 0 0 0 0 0 0 0 0 0 0 0 0 1.18602 0 0 0 0 0 0 0 0 0 0 0 0 0 0 0 1.18602 0 0 0 0 0 0 0 0 0 0 0 0 0 0 0 0 0 
0 0 0 0 0 0 0 0.542305 0 0 0 0.542305 0 0.542305 0.542305 -5.33194 0 0 0 0 0 0 0 0 0 0 0 0 0 0 0 1.58136 0 0 0 0 0 0 0 0 0 0 0 0 0 0 0 1.58136 0 0 0 0 0 0 0 0 0 0 0 0 0 0 0 0 
0.542305 0 0 0 0 0 0 0 0 0 0 0 0 0 0 0 -2.51901 0.39534 0.39534 0 0.39534 0 0 0 0.39534 0 0 0 0 0 0 0 0 0 0 0 0 0 0 0 0 0 0 0 0 0 0 0 0.39534 0 0 0 0 0 0 0 0 0 0 0 0 0 0 0 
0 0.542305 0 0 0 0 0 0 0 0 0 0 0 0 0 0 0.542305 -4.24733 0 0.79068 0 0.79068 0 0 0 0.79068 0 0 0 0 0 0 0 0 0 0 0 0 0 0 0 0 0 0 0 0 0 0 0 0.79068 0 0 0 0 0 0 0 0 0 0 0 0 0 0 
0 0 0.542305 0 0 0 0 0 0 0 0 0 0 0 0 0 0.542305 0 -4.24733 0.79068 0 0 0.79068 0 0 0 0.79068 0 0 0 0 0 0 0 0 0 0 0 0 0 0 0 0 0 0 0 0 0 0 0 0.79068 0 0 0 0 0 0 0 0 0 0 0 0 0 
0 0 0 0.542305 0 0 0 0 0 0 0 0 0 0 0 0 0 0.542305 0.542305 -5.18498 0 0 0 1.18602 0 0 0 1.18602 0 0 0 0 0 0 0 0 0 0 0 0 0 0 0 0 0 0 0 0 0 0 0 1.18602 0 0 0 0 0 0 0 0 0 0 0 0 
0 0 0 0 0.542305 0 0 0 0 0 0 0 0 0 0 0 0.542305 0 0 0 -4.24733 0.79068 0.79068 0 0 0 0 0 0.79068 0 0 0 0 0 0 0 0 0 0 0 0 0 0 0 0 0 0 0 0 0 0 0 0.79068 0 0 0 0 0 0 0 0 0 0 0 
0 0 0 0 0 0.542305 0 0 0 0 0 0 0 0 0 0 0 0.542305 0 0 0.542305 -5.18498 0 1.18602 0 0 0 0 0 1.18602 0 0 0 0 0 0 0 0 0 0 0 0 0 0 0 0 0 0 0 0 0 0 0 1.18602 0 0 0 0 0 0 0 0 0 0 
0 0 0 0 0 0 0.542305 0 0 0 0 0 0 0 0 0 0 0 0.542305 0 0.542305 0 -5.18498 1.18602 0 0 0 0 0 0 1.18602 0 0 0 0 0 0 0 0 0 0 0 0 0 0 0 0 0 0 0 0 0 0 0 1.18602 0 0 0 0 0 0 0 0 0 
0 0 0 0 0 0 0 0.542305 0 0 0 0 0 0 0 0 0 0 0 0.542305 0 0.542305 0.542305 -5.33194 0 0 0 0 0 0 0 1.58136 0 0 0 0 0 0 0 0 0 0 0 0 0 0 0 0 0 0 0 0 0 0 0 1.58136 0 0 0 0 0 0 0 0 
0 0 0 0 0 0 0 0 0.542305 0 0 0 0 0 0 0 0.542305 0 0 0 0 0 0 0 -4.24733 0.79068 0.79068 0 0.79068 0 0 0 0 0 0 0 0 0 0 0 0 0 0 0 0 0 0 0 0 0 0 0 0 0 0 0 0.79068 0 0 0 0 0 0 0 
0 0 0 0 0 0 0 0 0 0.542305 0 0 0 0 0 0 0 0.542305 0 0 0 0 0 0 0.542305 -5.18498 0 1.18602 0 1.18602 0 0 0 0 0 0 0 0 0 0 0 0 0 0 0 0 0 0 0 0 0 0 0 0 0 0 0 1.18602 0 0 0 0 0 0 
0 0 0 0 0 0 0 0 0 0 0.542305 0 0 0 0 0 0 0 0.542305 0 0 0 0 0 0.542305 0 -5.18498 1.18602 0 0 1.18602 0 0 0 0 0 0 0 0 0 0 0 0 0 0 0 0 0 0 0 0 0 0 0 0 0 0 0 1.18602 0 0 0 0 0 
0 0 0 0 0 0 0 0 0 0 0 0.542305 0 0 0 0 0 0 0 0.542305 0 0 0 0 0 0.542305 0.542305 -5.33194 0 0 0 1.58136 0 0 0 0 0 0 0 0 0 0 0 0 0 0 0 0 0 0 0 0 0 0 0 0 0 0 0 1.58136 0 0 0 0 
0 0 0 0 0 0 0 0 0 0 0 0 0.542305 0 0 0 0 0 0 0 0.542305 0 0 0 0.542305 0 0 0 -5.18498 1.18602 1.18602 0 0 0 0 0 0 0 0 0 0 0 0 0 0 0 0 0 0 0 0 0 0 0 0 0 0 0 0 0 1.18602 0 0 0 
0 0 0 0 0 0 0 0 0 0 0 0 0 0.542305 0 0 0 0 0 0 0 0.542305 0 0 0 0.542305 0 0 0.542305 -5.33194 0 1.58136 0 0 0 0 0 0 0 0 0 0 0 0 0 0 0 0 0 0 0 0 0 0 0 0 0 0 0 0 0 1.58136 0 0 
0 0 0 0 0 0 0 0 0 0 0 0 0 0 0.542305 0 0 0 0 0 0 0 0.542305 0 0 0 0.542305 0 0.542305 0 -5.33194 1.58136 0 0 0 0 0 0 0 0 0 0 0 0 0 0 0 0 0 0 0 0 0 0 0 0 0 0 0 0 0 0 1.58136 0 
0 0 0 0 0 0 0 0 0 0 0 0 0 0 0 0.542305 0 0 0 0 0 0 0 0.542305 0 0 0 0.542305 0 0.542305 0.542305 -4.68823 0 0 0 0 0 0 0 0 0 0 0 0 0 0 0 0 0 0 0 0 0 0 0 0 0 0 0 0 0 0 0 1.9767 
0.542305 0 0 0 0 0 0 0 0 0 0 0 0 0 0 0 0 0 0 0 0 0 0 0 0 0 0 0 0 0 0 0 -2.51901 0.39534 0.39534 0 0.39534 0 0 0 0.39534 0 0 0 0 0 0 0 0.39534 0 0 0 0 0 0 0 0 0 0 0 0 0 0 0 
0 0.542305 0 0 0 0 0 0 0 0 0 0 0 0 0 0 0 0 0 0 0 0 0 0 0 0 0 0 0 0 0 0 0.542305 -4.24733 0 0.79068 0 0.79068 0 0 0 0.79068 0 0 0 0 0 0 0 0.79068 0 0 0 0 0 0 0 0 0 0 0 0 0 0 
0 0 0.542305 0 0 0 0 0 0 0 0 0 0 0 0 0 0 0 0 0 0 0 0 0 0 0 0 0 0 0 0 0 0.542305 0 -4.24733 0.79068 0 0 0.79068 0 0 0 0.79068 0 0 0 0 0 0 0 0.79068 0 0 0 0 0 0 0 0 0 0 0 0 0 
0 0 0 0.542305 0 0 0 0 0 0 0 0 0 0 0 0 0 0 0 0 0 0 0 0 0 0 0 0 0 0 0 0 0 0.542305 0.542305 -5.18498 0 0 0 1.18602 0 0 0 1.18602 0 0 0 0 0 0 0 1.18602 0 0 0 0 0 0 0 0 0 0 0 0 
0 0 0 0 0.542305 0 0 0 0 0 0 0 0 0 0 0 0 0 0 0 0 0 0 0 0 0 0 0 0 0 0 0 0.542305 0 0 0 -4.24733 0.79068 0.79068 0 0 0 0 0 0.79068 0 0 0 0 0 0 0 0.79068 0 0 0 0 0 0 0 0 0 0 0 
0 0 0 0 0 0.542305 0 0 0 0 0 0 0 0 0 0 0 0 0 0 0 0 0 0 0 0 0 0 0 0 0 0 0 0.542305 0 0 0.542305 -5.18498 0 1.18602 0 0 0 0 0 1.18602 0 0 0 0 0 0 0 1.18602 0 0 0 0 0 0 0 0 0 0 
0 0 0 0 0 0 0.542305 0 0 0 0 0 0 0 0 0 0 0 0 0 0 0 0 0 0 0 0 0 0 0 0 0 0 0 0.542305 0 0.542305 0 -5.18498 1.18602 0 0 0 0 0 0 1.18602 0 0 0 0 0 0 0 1.18602 0 0 0 0 0 0 0 0 0 
0 0 0 0 0 0 0 0.542305 0 0 0 0 0 0 0 0 0 0 0 0 0 0 0 0 0 0 0 0 0 0 0 0 0 0 0 0.542305 0 0.542305 0.542305 -5.33194 0 0 0 0 0 0 0 1.58136 0 0 0 0 0 0 0 1.58136 0 0 0 0 0 0 0 0 
0 0 0 0 0 0 0 0 0.542305 0 0 0 0 0 0 0 0 0 0 0 0 0 0 0 0 0 0 0 0 0 0 0 0.542305 0 0 0 0 0 0 0 -4.24733 0.79068 0.79068 0 0.79068 0 0 0 0 0 0 0 0 0 0 0 0.79068 0 0 0 0 0 0 0 
0 0 0 0 0 0 0 0 0 0.542305 0 0 0 0 0 0 0 0 0 0 0 0 0 0 0 0 0 0 0 0 0 0 0 0.542305 0 0 0 0 0 0 0.542305 -5.18498 0 1.18602 0 1.18602 0 0 0 0 0 0 0 0 0 0 0 1.18602 0 0 0 0 0 0 
0 0 0 0 0 0 0 0 0 0 0.542305 0 0 0 0 0 0 0 0 0 0 0 0 0 0 0 0 0 0 0 0 0 0 0 0.542305 0 0 0 0 0 0.542305 0 -5.18498 1.18602 0 0 1.18602 0 0 0 0 0 0 0 0 0 0 0 1.18602 0 0 0 0 0 
0 0 0 0 0 0 0 0 0 0 0 0.542305 0 0 0 0 0 0 0 0 0 0 0 0 0 0 0 0 0 0 0 0 0 0 0 0.542305 0 0 0 0 0 0.542305 0.542305 -5.33194 0 0 0 1.58136 0 0 0 0 0 0 0 0 0 0 0 1.58136 0 0 0 0 
0 0 0 0 0 0 0 0 0 0 0 0 0.542305 0 0 0 0 0 0 0 0 0 0 0 0 0 0 0 0 0 0 0 0 0 0 0 0.542305 0 0 0 0.542305 0 0 0 -5.18498 1.18602 1.18602 0 0 0 0 0 0 0 0 0 0 0 0 0 1.18602 0 0 0 
0 0 0 0 0 0 0 0 0 0 0 0 0 0.542305 0 0 0 0 0 0 0 0 0 0 0 0 0 0 0 0 0 0 0 0 0 0 0 0.542305 0 0 0 0.542305 0 0 0.542305 -5.33194 0 1.58136 0 0 0 0 0 0 0 0 0 0 0 0 0 1.58136 0 0 
0 0 0 0 0 0 0 0 0 0 0 0 0 0 0.542305 0 0 0 0 0 0 0 0 0 0 0 0 0 0 0 0 0 0 0 0 0 0 0 0.542305 0 0 0 0.542305 0 0.542305 0 -5.33194 1.58136 0 0 0 0 0 0 0 0 0 0 0 0 0 0 1.58136 0 
0 0 0 0 0 0 0 0 0 0 0 0 0 0 0 0.542305 0 0 0 0 0 0 0 0 0 0 0 0 0 0 0 0 0 0 0 0 0 0 0 0.542305 0 0 0 0.542305 0 0.542305 0.542305 -4.68823 0 0 0 0 0 0 0 0 0 0 0 0 0 0 0 1.9767 
0 0 0 0 0 0 0 0 0 0 0 0 0 0 0 0 0.542305 0 0 0 0 0 0 0 0 0 0 0 0 0 0 0 0.542305 0 0 0 0 0 0 0 0 0 0 0 0 0 0 0 -4.24733 0.79068 0.79068 0 0.79068 0 0 0 0.79068 0 0 0 0 0 0 0 
0 0 0 0 0 0 0 0 0 0 0 0 0 0 0 0 0 0.542305 0 0 0 0 0 0 0 0 0 0 0 0 0 0 0 0.542305 0 0 0 0 0 0 0 0 0 0 0 0 0 0 0.542305 -5.18498 0 1.18602 0 1.18602 0 0 0 1.18602 0 0 0 0 0 0 
0 0 0 0 0 0 0 0 0 0 0 0 0 0 0 0 0 0 0.542305 0 0 0 0 0 0 0 0 0 0 0 0 0 0 0 0.542305 0 0 0 0 0 0 0 0 0 0 0 0 0 0.542305 0 -5.18498 1.18602 0 0 1.18602 0 0 0 1.18602 0 0 0 0 0 
0 0 0 0 0 0 0 0 0 0 0 0 0 0 0 0 0 0 0 0.542305 0 0 0 0 0 0 0 0 0 0 0 0 0 0 0 0.542305 0 0 0 0 0 0 0 0 0 0 0 0 0 0.542305 0.542305 -5.33194 0 0 0 1.58136 0 0 0 1.58136 0 0 0 0 
0 0 0 0 0 0 0 0 0 0 0 0 0 0 0 0 0 0 0 0 0.542305 0 0 0 0 0 0 0 0 0 0 0 0 0 0 0 0.542305 0 0 0 0 0 0 0 0 0 0 0 0.542305 0 0 0 -5.18498 1.18602 1.18602 0 0 0 0 0 1.18602 0 0 0 
0 0 0 0 0 0 0 0 0 0 0 0 0 0 0 0 0 0 0 0 0 0.542305 0 0 0 0 0 0 0 0 0 0 0 0 0 0 0 0.542305 0 0 0 0 0 0 0 0 0 0 0 0.542305 0 0 0.542305 -5.33194 0 1.58136 0 0 0 0 0 1.58136 0 0 
0 0 0 0 0 0 0 0 0 0 0 0 0 0 0 0 0 0 0 0 0 0 0.542305 0 0 0 0 0 0 0 0 0 0 0 0 0 0 0 0.542305 0 0 0 0 0 0 0 0 0 0 0 0.542305 0 0.542305 0 -5.33194 1.58136 0 0 0 0 0 0 1.58136 0 
0 0 0 0 0 0 0 0 0 0 0 0 0 0 0 0 0 0 0 0 0 0 0 0.542305 0 0 0 0 0 0 0 0 0 0 0 0 0 0 0 0.542305 0 0 0 0 0 0 0 0 0 0 0 0.542305 0 0.542305 0.542305 -4.68823 0 0 0 0 0 0 0 1.9767 
0 0 0 0 0 0 0 0 0 0 0 0 0 0 0 0 0 0 0 0 0 0 0 0 0.542305 0 0 0 0 0 0 0 0 0 0 0 0 0 0 0 0.542305 0 0 0 0 0 0 0 0.542305 0 0 0 0 0 0 0 -5.18498 1.18602 1.18602 0 1.18602 0 0 0 
0 0 0 0 0 0 0 0 0 0 0 0 0 0 0 0 0 0 0 0 0 0 0 0 0 0.542305 0 0 0 0 0 0 0 0 0 0 0 0 0 0 0 0.542305 0 0 0 0 0 0 0 0.542305 0 0 0 0 0 0 0.542305 -5.33194 0 1.58136 0 1.58136 0 0 
0 0 0 0 0 0 0 0 0 0 0 0 0 0 0 0 0 0 0 0 0 0 0 0 0 0 0.542305 0 0 0 0 0 0 0 0 0 0 0 0 0 0 0 0.542305 0 0 0 0 0 0 0 0.542305 0 0 0 0 0 0.542305 0 -5.33194 1.58136 0 0 1.58136 0 
0 0 0 0 0 0 0 0 0 0 0 0 0 0 0 0 0 0 0 0 0 0 0 0 0 0 0 0.542305 0 0 0 0 0 0 0 0 0 0 0 0 0 0 0 0.542305 0 0 0 0 0 0 0 0.542305 0 0 0 0 0 0.542305 0.542305 -4.68823 0 0 0 1.9767 
0 0 0 0 0 0 0 0 0 0 0 0 0 0 0 0 0 0 0 0 0 0 0 0 0 0 0 0 0.542305 0 0 0 0 0 0 0 0 0 0 0 0 0 0 0 0.542305 0 0 0 0 0 0 0 0.542305 0 0 0 0.542305 0 0 0 -5.33194 1.58136 1.58136 0 
0 0 0 0 0 0 0 0 0 0 0 0 0 0 0 0 0 0 0 0 0 0 0 0 0 0 0 0 0 0.542305 0 0 0 0 0 0 0 0 0 0 0 0 0 0 0 0.542305 0 0 0 0 0 0 0 0.542305 0 0 0 0.542305 0 0 0.542305 -4.68823 0 1.9767 
0 0 0 0 0 0 0 0 0 0 0 0 0 0 0 0 0 0 0 0 0 0 0 0 0 0 0 0 0 0 0.542305 0 0 0 0 0 0 0 0 0 0 0 0 0 0 0 0.542305 0 0 0 0 0 0 0 0.542305 0 0 0 0.542305 0 0.542305 0 -4.68823 1.9767 
0 0 0 0 0 0 0 0 0 0 0 0 0 0 0 0 0 0 0 0 0 0 0 0 0 0 0 0 0 0 0 0.542305 0 0 0 0 0 0 0 0 0 0 0 0 0 0 0 0.542305 0 0 0 0 0 0 0 0.542305 0 0 0 0.542305 0 0.542305 0.542305 -3.25383 
