32
-0 0 0 0 0 0 0 0 0 0 0 0 0 0 0 0 0 0 0 0 0 0 0 0 0 0 0 0 0 0 0 0 
0.247126 -1.46262 0 0.303873 0 0.303873 0 0 0 0.303873 0 0 0 0 0 0 0 0.303873 0 0 0 0 0 0 0 0 0 0 0 0 0 0 
0.247126 0 -1.46262 0.303873 0 0 0.303873 0 0 0 0.303873 0 0 0 0 0 0 0 0.303873 0 0 0 0 0 0 0 0 0 0 0 0 0 
0 0.247126 0.247126 -2.31749 0 0 0 0.607746 0 0 0 0.607746 0 0 0 0 0 0 0 0.607746 0 0 0 0 0 0 0 0 0 0 0 0 
0.247126 0 0 0 -1.46262 0.303873 0.303873 0 0 0 0 0 0.303873 0 0 0 0 0 0 0 0.303873 0 0 0 0 0 0 0 0 0 0 0 
0 0.247126 0 0 0.247126 -2.31749 0 0.607746 0 0 0 0 0 0.607746 0 0 0 0 0 0 0 0.607746 0 0 0 0 0 0 0 0 0 0 
0 0 0.247126 0 0.247126 0 -2.31749 0.607746 0 0 0 0 0 0 0.607746 0 0 0 0 0 0 0 0.607746 0 0 0 0 0 0 0 0 0 
0 0 0 0.247126 0 0.247126 0.247126 -2.56462 0 0 0 0 0 0 0 0.911619 0 0 0 0 0 0 0 0.911619 0 0 0 0 0 0 0 0 
0.247126 0 0 0 0 0 0 0 -1.46262 0.303873 0.303873 0 0.303873 0 0 0 0 0 0 0 0 0 0 0 0.303873 0 0 0 0 0 0 0 
0 0.247126 0 0 0 0 0 0 0.247126 -2.31749 0 0.607746 0 0.607746 0 0 0 0 0 0 0 0 0 0 0 0.607746 0 0 0 0 0 0 
0 0 0.247126 0 0 0 0 0 0.247126 0 -2.31749 0.607746 0 0 0.607746 0 0 0 0 0 0 0 0 0 0 0 0.607746 0 0 0 0 0 
0 0 0 0.247126 0 0 0 0 0 0.247126 0.247126 -2.56462 0 0 0 0.911619 0 0 0 0 0 0 0 0 0 0 0 0.911619 0 0 0 0 
0 0 0 0 0.247126 0 0 0 0.247126 0 0 0 -2.31749 0.607746 0.607746 0 0 0 0 0 0 0 0 0 0 0 0 0 0.607746 0 0 0 
0 0 0 0 0 0.247126 0 0 0 0.247126 0 0 0.247126 -2.56462 0 0.911619 0 0 0 0 0 0 0 0 0 0 0 0 0 0.911619 0 0 
0 0 0 0 0 0 0.247126 0 0 0 0.247126 0 0.247126 0 -2.56462 0.911619 0 0 0 0 0 0 0 0 0 0 0 0 0 0 0.911619 0 
0 0 0 0 0 0 0 0.247126 0 0 0 0.247126 0 0.247126 0.247126 -2.204 0 0 0 0 0 0 0 0 0 0 0 0 0 0 0 1.21549 
0.247126 0 0 0 0 0 0 0 0 0 0 0 0 0 0 0 -1.46262 0.303873 0.303873 0 0.303873 0 0 0 0.303873 0 0 0 0 0 0 0 
0 0.247126 0 0 0 0 0 0 0 0 0 0 0 0 0 0 0.247126 -2.31749 0 0.607746 0 0.607746 0 0 0 0.607746 0 0 0 0 0 0 
0 0 0.247126 0 0 0 0 0 0 0 0 0 0 0 0 0 0.247126 0 -2.31749 0.607746 0 0 0.607746 0 0 0 0.607746 0 0 0 0 0 
0 0 0 0.247126 0 0 0 0 0 0 0 0 0 0 0 0 0 0.247126 0.247126 -2.56462 0 0 0 0.911619 0 0 0 0.911619 0 0 0 0 
0 0 0 0 0.247126 0 0 0 0 0 0 0 0 0 0 0 0.247126 0 0 0 -2.31749 0.607746 0.607746 0 0 0 0 0 0.607746 0 0 0 
0 0 0 0 0 0.247126 0 0 0 0 0 0 0 0 0 0 0 0.247126 0 0 0.247126 -2.56462 0 0.911619 0 0 0 0 0 0.911619 0 0 
0 0 0 0 0 0 0.247126 0 0 0 0 0 0 0 0 0 0 0 0.247126 0 0.247126 0 -2.56462 0.911619 0 0 0 0 0 0 0.911619 0 
0 0 0 0 0 0 0 0.247126 0 0 0 0 0 0 0 0 0 0 0 0.247126 0 0.247126 0.247126 -2.204 0 0 0 0 0 0 0 1.21549 
0 0 0 0 0 0 0 0 0.247126 0 0 0 0 0 0 0 0.247126 0 0 0 0 0 0 0 -2.31749 0.607746 0.607746 0 0.607746 0 0 0 
0 0 0 0 0 0 0 0 0 0.247126 0 0 0 0 0 0 0 0.247126 0 0 0 0 0 0 0.247126 -2.56462 0 0.911619 0 0.911619 0 0 
0 0 0 0 0 0 0 0 0 0 0.247126 0 0 0 0 0 0 0 0.247126 0 0 0 0 0 0.247126 0 -2.56462 0.911619 0 0 0.911619 0 
0 0 0 0 0 0 0 0 0 0 0 0.247126 0 0 0 0 0 0 0 0.247126 0 0 0 0 0 0.247126 0.247126 -2.204 0 0 0 1.21549 
0 0 0 0 0 0 0 0 0 0 0 0 0.247126 0 0 0 0 0 0 0 0.247126 0 0 0 0.247126 0 0 0 -2.56462 0.911619 0.911619 0 
0 0 0 0 0 0 0 0 0 0 0 0 0 0.247126 0 0 0 0 0 0 0 0.247126 0 0 0 0.247126 0 0 0.247126 -2.204 0 1.21549 
0 0 0 0 0 0 0 0 0 0 0 0 0 0 0.247126 0 0 0 0 0 0 0 0.247126 0 0 0 0.247126 0 0.247126 0 -2.204 1.21549 
0 0 0 0 0 0 0 0 0 0 0 0 0 0 0 0.247126 0 0 0 0 0 0 0 0.247126 0 0 0 0.247126 0 0.247126 0.247126 -1.23563 
