32
-0 0 0 0 0 0 0 0 0 0 0 0 0 0 0 0 0 0 0 0 0 0 0 0 0 0 0 0 0 0 0 0 
0.25925 -1.4883 0 0.307261 0 0.307261 0 0 0 0.307261 0 0 0 0 0 0 0 0.307261 0 0 0 0 0 0 0 0 0 0 0 0 0 0 
0.25925 0 -1.4883 0.307261 0 0 0.307261 0 0 0 0.307261 0 0 0 0 0 0 0 0.307261 0 0 0 0 0 0 0 0 0 0 0 0 0 
0 0.25925 0.25925 -2.36207 0 0 0 0.614523 0 0 0 0.614523 0 0 0 0 0 0 0 0.614523 0 0 0 0 0 0 0 0 0 0 0 0 
0.25925 0 0 0 -1.4883 0.307261 0.307261 0 0 0 0 0 0.307261 0 0 0 0 0 0 0 0.307261 0 0 0 0 0 0 0 0 0 0 0 
0 0.25925 0 0 0.25925 -2.36207 0 0.614523 0 0 0 0 0 0.614523 0 0 0 0 0 0 0 0.614523 0 0 0 0 0 0 0 0 0 0 
0 0 0.25925 0 0.25925 0 -2.36207 0.614523 0 0 0 0 0 0 0.614523 0 0 0 0 0 0 0 0.614523 0 0 0 0 0 0 0 0 0 
0 0 0 0.25925 0 0.25925 0.25925 -2.62132 0 0 0 0 0 0 0 0.921784 0 0 0 0 0 0 0 0.921784 0 0 0 0 0 0 0 0 
0.25925 0 0 0 0 0 0 0 -1.4883 0.307261 0.307261 0 0.307261 0 0 0 0 0 0 0 0 0 0 0 0.307261 0 0 0 0 0 0 0 
0 0.25925 0 0 0 0 0 0 0.25925 -2.36207 0 0.614523 0 0.614523 0 0 0 0 0 0 0 0 0 0 0 0.614523 0 0 0 0 0 0 
0 0 0.25925 0 0 0 0 0 0.25925 0 -2.36207 0.614523 0 0 0.614523 0 0 0 0 0 0 0 0 0 0 0 0.614523 0 0 0 0 0 
0 0 0 0.25925 0 0 0 0 0 0.25925 0.25925 -2.62132 0 0 0 0.921784 0 0 0 0 0 0 0 0 0 0 0 0.921784 0 0 0 0 
0 0 0 0 0.25925 0 0 0 0.25925 0 0 0 -2.36207 0.614523 0.614523 0 0 0 0 0 0 0 0 0 0 0 0 0 0.614523 0 0 0 
0 0 0 0 0 0.25925 0 0 0 0.25925 0 0 0.25925 -2.62132 0 0.921784 0 0 0 0 0 0 0 0 0 0 0 0 0 0.921784 0 0 
0 0 0 0 0 0 0.25925 0 0 0 0.25925 0 0.25925 0 -2.62132 0.921784 0 0 0 0 0 0 0 0 0 0 0 0 0 0 0.921784 0 
0 0 0 0 0 0 0 0.25925 0 0 0 0.25925 0 0.25925 0.25925 -2.26605 0 0 0 0 0 0 0 0 0 0 0 0 0 0 0 1.22905 
0.25925 0 0 0 0 0 0 0 0 0 0 0 0 0 0 0 -1.4883 0.307261 0.307261 0 0.307261 0 0 0 0.307261 0 0 0 0 0 0 0 
0 0.25925 0 0 0 0 0 0 0 0 0 0 0 0 0 0 0.25925 -2.36207 0 0.614523 0 0.614523 0 0 0 0.614523 0 0 0 0 0 0 
0 0 0.25925 0 0 0 0 0 0 0 0 0 0 0 0 0 0.25925 0 -2.36207 0.614523 0 0 0.614523 0 0 0 0.614523 0 0 0 0 0 
0 0 0 0.25925 0 0 0 0 0 0 0 0 0 0 0 0 0 0.25925 0.25925 -2.62132 0 0 0 0.921784 0 0 0 0.921784 0 0 0 0 
0 0 0 0 0.25925 0 0 0 0 0 0 0 0 0 0 0 0.25925 0 0 0 -2.36207 0.614523 0.614523 0 0 0 0 0 0.614523 0 0 0 
0 0 0 0 0 0.25925 0 0 0 0 0 0 0 0 0 0 0 0.25925 0 0 0.25925 -2.62132 0 0.921784 0 0 0 0 0 0.921784 0 0 
0 0 0 0 0 0 0.25925 0 0 0 0 0 0 0 0 0 0 0 0.25925 0 0.25925 0 -2.62132 0.921784 0 0 0 0 0 0 0.921784 0 
0 0 0 0 0 0 0 0.25925 0 0 0 0 0 0 0 0 0 0 0 0.25925 0 0.25925 0.25925 -2.26605 0 0 0 0 0 0 0 1.22905 
0 0 0 0 0 0 0 0 0.25925 0 0 0 0 0 0 0 0.25925 0 0 0 0 0 0 0 -2.36207 0.614523 0.614523 0 0.614523 0 0 0 
0 0 0 0 0 0 0 0 0 0.25925 0 0 0 0 0 0 0 0.25925 0 0 0 0 0 0 0.25925 -2.62132 0 0.921784 0 0.921784 0 0 
0 0 0 0 0 0 0 0 0 0 0.25925 0 0 0 0 0 0 0 0.25925 0 0 0 0 0 0.25925 0 -2.62132 0.921784 0 0 0.921784 0 
0 0 0 0 0 0 0 0 0 0 0 0.25925 0 0 0 0 0 0 0 0.25925 0 0 0 0 0 0.25925 0.25925 -2.26605 0 0 0 1.22905 
0 0 0 0 0 0 0 0 0 0 0 0 0.25925 0 0 0 0 0 0 0 0.25925 0 0 0 0.25925 0 0 0 -2.62132 0.921784 0.921784 0 
0 0 0 0 0 0 0 0 0 0 0 0 0 0.25925 0 0 0 0 0 0 0 0.25925 0 0 0 0.25925 0 0 0.25925 -2.26605 0 1.22905 
0 0 0 0 0 0 0 0 0 0 0 0 0 0 0.25925 0 0 0 0 0 0 0 0.25925 0 0 0 0.25925 0 0.25925 0 -2.26605 1.22905 
0 0 0 0 0 0 0 0 0 0 0 0 0 0 0 0.25925 0 0 0 0 0 0 0 0.25925 0 0 0 0.25925 0 0.25925 0.25925 -1.29625 
