32
-0 0 0 0 0 0 0 0 0 0 0 0 0 0 0 0 0 0 0 0 0 0 0 0 0 0 0 0 0 0 0 0 
0.431609 -2.4378 0 0.501548 0 0.501548 0 0 0 0.501548 0 0 0 0 0 0 0 0.501548 0 0 0 0 0 0 0 0 0 0 0 0 0 0 
0.431609 0 -2.4378 0.501548 0 0 0.501548 0 0 0 0.501548 0 0 0 0 0 0 0 0.501548 0 0 0 0 0 0 0 0 0 0 0 0 0 
0 0.431609 0.431609 -3.87251 0 0 0 1.0031 0 0 0 1.0031 0 0 0 0 0 0 0 1.0031 0 0 0 0 0 0 0 0 0 0 0 0 
0.431609 0 0 0 -2.4378 0.501548 0.501548 0 0 0 0 0 0.501548 0 0 0 0 0 0 0 0.501548 0 0 0 0 0 0 0 0 0 0 0 
0 0.431609 0 0 0.431609 -3.87251 0 1.0031 0 0 0 0 0 1.0031 0 0 0 0 0 0 0 1.0031 0 0 0 0 0 0 0 0 0 0 
0 0 0.431609 0 0.431609 0 -3.87251 1.0031 0 0 0 0 0 0 1.0031 0 0 0 0 0 0 0 1.0031 0 0 0 0 0 0 0 0 0 
0 0 0 0.431609 0 0.431609 0.431609 -4.30412 0 0 0 0 0 0 0 1.50464 0 0 0 0 0 0 0 1.50464 0 0 0 0 0 0 0 0 
0.431609 0 0 0 0 0 0 0 -2.4378 0.501548 0.501548 0 0.501548 0 0 0 0 0 0 0 0 0 0 0 0.501548 0 0 0 0 0 0 0 
0 0.431609 0 0 0 0 0 0 0.431609 -3.87251 0 1.0031 0 1.0031 0 0 0 0 0 0 0 0 0 0 0 1.0031 0 0 0 0 0 0 
0 0 0.431609 0 0 0 0 0 0.431609 0 -3.87251 1.0031 0 0 1.0031 0 0 0 0 0 0 0 0 0 0 0 1.0031 0 0 0 0 0 
0 0 0 0.431609 0 0 0 0 0 0.431609 0.431609 -4.30412 0 0 0 1.50464 0 0 0 0 0 0 0 0 0 0 0 1.50464 0 0 0 0 
0 0 0 0 0.431609 0 0 0 0.431609 0 0 0 -3.87251 1.0031 1.0031 0 0 0 0 0 0 0 0 0 0 0 0 0 1.0031 0 0 0 
0 0 0 0 0 0.431609 0 0 0 0.431609 0 0 0.431609 -4.30412 0 1.50464 0 0 0 0 0 0 0 0 0 0 0 0 0 1.50464 0 0 
0 0 0 0 0 0 0.431609 0 0 0 0.431609 0 0.431609 0 -4.30412 1.50464 0 0 0 0 0 0 0 0 0 0 0 0 0 0 1.50464 0 
0 0 0 0 0 0 0 0.431609 0 0 0 0.431609 0 0.431609 0.431609 -3.73263 0 0 0 0 0 0 0 0 0 0 0 0 0 0 0 2.00619 
0.431609 0 0 0 0 0 0 0 0 0 0 0 0 0 0 0 -2.4378 0.501548 0.501548 0 0.501548 0 0 0 0.501548 0 0 0 0 0 0 0 
0 0.431609 0 0 0 0 0 0 0 0 0 0 0 0 0 0 0.431609 -3.87251 0 1.0031 0 1.0031 0 0 0 1.0031 0 0 0 0 0 0 
0 0 0.431609 0 0 0 0 0 0 0 0 0 0 0 0 0 0.431609 0 -3.87251 1.0031 0 0 1.0031 0 0 0 1.0031 0 0 0 0 0 
0 0 0 0.431609 0 0 0 0 0 0 0 0 0 0 0 0 0 0.431609 0.431609 -4.30412 0 0 0 1.50464 0 0 0 1.50464 0 0 0 0 
0 0 0 0 0.431609 0 0 0 0 0 0 0 0 0 0 0 0.431609 0 0 0 -3.87251 1.0031 1.0031 0 0 0 0 0 1.0031 0 0 0 
0 0 0 0 0 0.431609 0 0 0 0 0 0 0 0 0 0 0 0.431609 0 0 0.431609 -4.30412 0 1.50464 0 0 0 0 0 1.50464 0 0 
0 0 0 0 0 0 0.431609 0 0 0 0 0 0 0 0 0 0 0 0.431609 0 0.431609 0 -4.30412 1.50464 0 0 0 0 0 0 1.50464 0 
0 0 0 0 0 0 0 0.431609 0 0 0 0 0 0 0 0 0 0 0 0.431609 0 0.431609 0.431609 -3.73263 0 0 0 0 0 0 0 2.00619 
0 0 0 0 0 0 0 0 0.431609 0 0 0 0 0 0 0 0.431609 0 0 0 0 0 0 0 -3.87251 1.0031 1.0031 0 1.0031 0 0 0 
0 0 0 0 0 0 0 0 0 0.431609 0 0 0 0 0 0 0 0.431609 0 0 0 0 0 0 0.431609 -4.30412 0 1.50464 0 1.50464 0 0 
0 0 0 0 0 0 0 0 0 0 0.431609 0 0 0 0 0 0 0 0.431609 0 0 0 0 0 0.431609 0 -4.30412 1.50464 0 0 1.50464 0 
0 0 0 0 0 0 0 0 0 0 0 0.431609 0 0 0 0 0 0 0 0.431609 0 0 0 0 0 0.431609 0.431609 -3.73263 0 0 0 2.00619 
0 0 0 0 0 0 0 0 0 0 0 0 0.431609 0 0 0 0 0 0 0 0.431609 0 0 0 0.431609 0 0 0 -4.30412 1.50464 1.50464 0 
0 0 0 0 0 0 0 0 0 0 0 0 0 0.431609 0 0 0 0 0 0 0 0.431609 0 0 0 0.431609 0 0 0.431609 -3.73263 0 2.00619 
0 0 0 0 0 0 0 0 0 0 0 0 0 0 0.431609 0 0 0 0 0 0 0 0.431609 0 0 0 0.431609 0 0.431609 0 -3.73263 2.00619 
0 0 0 0 0 0 0 0 0 0 0 0 0 0 0 0.431609 0 0 0 0 0 0 0 0.431609 0 0 0 0.431609 0 0.431609 0.431609 -2.15805 
