64
-0 0 0 0 0 0 0 0 0 0 0 0 0 0 0 0 0 0 0 0 0 0 0 0 0 0 0 0 0 0 0 0 0 0 0 0 0 0 0 0 0 0 0 0 0 0 0 0 0 0 0 0 0 0 0 0 0 0 0 0 0 0 0 0 
0.496677 -2.38972 0 0.378609 0 0.378609 0 0 0 0.378609 0 0 0 0 0 0 0 0.378609 0 0 0 0 0 0 0 0 0 0 0 0 0 0 0 0.378609 0 0 0 0 0 0 0 0 0 0 0 0 0 0 0 0 0 0 0 0 0 0 0 0 0 0 0 0 0 0 
0.496677 0 -2.38972 0.378609 0 0 0.378609 0 0 0 0.378609 0 0 0 0 0 0 0 0.378609 0 0 0 0 0 0 0 0 0 0 0 0 0 0 0 0.378609 0 0 0 0 0 0 0 0 0 0 0 0 0 0 0 0 0 0 0 0 0 0 0 0 0 0 0 0 0 
0 0.496677 0.496677 -4.02223 0 0 0 0.757219 0 0 0 0.757219 0 0 0 0 0 0 0 0.757219 0 0 0 0 0 0 0 0 0 0 0 0 0 0 0 0.757219 0 0 0 0 0 0 0 0 0 0 0 0 0 0 0 0 0 0 0 0 0 0 0 0 0 0 0 0 
0.496677 0 0 0 -2.38972 0.378609 0.378609 0 0 0 0 0 0.378609 0 0 0 0 0 0 0 0.378609 0 0 0 0 0 0 0 0 0 0 0 0 0 0 0 0.378609 0 0 0 0 0 0 0 0 0 0 0 0 0 0 0 0 0 0 0 0 0 0 0 0 0 0 0 
0 0.496677 0 0 0.496677 -4.02223 0 0.757219 0 0 0 0 0 0.757219 0 0 0 0 0 0 0 0.757219 0 0 0 0 0 0 0 0 0 0 0 0 0 0 0 0.757219 0 0 0 0 0 0 0 0 0 0 0 0 0 0 0 0 0 0 0 0 0 0 0 0 0 0 
0 0 0.496677 0 0.496677 0 -4.02223 0.757219 0 0 0 0 0 0 0.757219 0 0 0 0 0 0 0 0.757219 0 0 0 0 0 0 0 0 0 0 0 0 0 0 0 0.757219 0 0 0 0 0 0 0 0 0 0 0 0 0 0 0 0 0 0 0 0 0 0 0 0 0 
0 0 0 0.496677 0 0.496677 0.496677 -4.89751 0 0 0 0 0 0 0 1.13583 0 0 0 0 0 0 0 1.13583 0 0 0 0 0 0 0 0 0 0 0 0 0 0 0 1.13583 0 0 0 0 0 0 0 0 0 0 0 0 0 0 0 0 0 0 0 0 0 0 0 0 
0.496677 0 0 0 0 0 0 0 -2.38972 0.378609 0.378609 0 0.378609 0 0 0 0 0 0 0 0 0 0 0 0.378609 0 0 0 0 0 0 0 0 0 0 0 0 0 0 0 0.378609 0 0 0 0 0 0 0 0 0 0 0 0 0 0 0 0 0 0 0 0 0 0 0 
0 0.496677 0 0 0 0 0 0 0.496677 -4.02223 0 0.757219 0 0.757219 0 0 0 0 0 0 0 0 0 0 0 0.757219 0 0 0 0 0 0 0 0 0 0 0 0 0 0 0 0.757219 0 0 0 0 0 0 0 0 0 0 0 0 0 0 0 0 0 0 0 0 0 0 
0 0 0.496677 0 0 0 0 0 0.496677 0 -4.02223 0.757219 0 0 0.757219 0 0 0 0 0 0 0 0 0 0 0 0.757219 0 0 0 0 0 0 0 0 0 0 0 0 0 0 0 0.757219 0 0 0 0 0 0 0 0 0 0 0 0 0 0 0 0 0 0 0 0 0 
0 0 0 0.496677 0 0 0 0 0 0.496677 0.496677 -4.89751 0 0 0 1.13583 0 0 0 0 0 0 0 0 0 0 0 1.13583 0 0 0 0 0 0 0 0 0 0 0 0 0 0 0 1.13583 0 0 0 0 0 0 0 0 0 0 0 0 0 0 0 0 0 0 0 0 
0 0 0 0 0.496677 0 0 0 0.496677 0 0 0 -4.02223 0.757219 0.757219 0 0 0 0 0 0 0 0 0 0 0 0 0 0.757219 0 0 0 0 0 0 0 0 0 0 0 0 0 0 0 0.757219 0 0 0 0 0 0 0 0 0 0 0 0 0 0 0 0 0 0 0 
0 0 0 0 0 0.496677 0 0 0 0.496677 0 0 0.496677 -4.89751 0 1.13583 0 0 0 0 0 0 0 0 0 0 0 0 0 1.13583 0 0 0 0 0 0 0 0 0 0 0 0 0 0 0 1.13583 0 0 0 0 0 0 0 0 0 0 0 0 0 0 0 0 0 0 
0 0 0 0 0 0 0.496677 0 0 0 0.496677 0 0.496677 0 -4.89751 1.13583 0 0 0 0 0 0 0 0 0 0 0 0 0 0 1.13583 0 0 0 0 0 0 0 0 0 0 0 0 0 0 0 1.13583 0 0 0 0 0 0 0 0 0 0 0 0 0 0 0 0 0 
0 0 0 0 0 0 0 0.496677 0 0 0 0.496677 0 0.496677 0.496677 -5.01558 0 0 0 0 0 0 0 0 0 0 0 0 0 0 0 1.51444 0 0 0 0 0 0 0 0 0 0 0 0 0 0 0 1.51444 0 0 0 0 0 0 0 0 0 0 0 0 0 0 0 0 
0.496677 0 0 0 0 0 0 0 0 0 0 0 0 0 0 0 -2.38972 0.378609 0.378609 0 0.378609 0 0 0 0.378609 0 0 0 0 0 0 0 0 0 0 0 0 0 0 0 0 0 0 0 0 0 0 0 0.378609 0 0 0 0 0 0 0 0 0 0 0 0 0 0 0 
0 0.496677 0 0 0 0 0 0 0 0 0 0 0 0 0 0 0.496677 -4.02223 0 0.757219 0 0.757219 0 0 0 0.757219 0 0 0 0 0 0 0 0 0 0 0 0 0 0 0 0 0 0 0 0 0 0 0 0.757219 0 0 0 0 0 0 0 0 0 0 0 0 0 0 
0 0 0.496677 0 0 0 0 0 0 0 0 0 0 0 0 0 0.496677 0 -4.02223 0.757219 0 0 0.757219 0 0 0 0.757219 0 0 0 0 0 0 0 0 0 0 0 0 0 0 0 0 0 0 0 0 0 0 0 0.757219 0 0 0 0 0 0 0 0 0 0 0 0 0 
0 0 0 0.496677 0 0 0 0 0 0 0 0 0 0 0 0 0 0.496677 0.496677 -4.89751 0 0 0 1.13583 0 0 0 1.13583 0 0 0 0 0 0 0 0 0 0 0 0 0 0 0 0 0 0 0 0 0 0 0 1.13583 0 0 0 0 0 0 0 0 0 0 0 0 
0 0 0 0 0.496677 0 0 0 0 0 0 0 0 0 0 0 0.496677 0 0 0 -4.02223 0.757219 0.757219 0 0 0 0 0 0.757219 0 0 0 0 0 0 0 0 0 0 0 0 0 0 0 0 0 0 0 0 0 0 0 0.757219 0 0 0 0 0 0 0 0 0 0 0 
0 0 0 0 0 0.496677 0 0 0 0 0 0 0 0 0 0 0 0.496677 0 0 0.496677 -4.89751 0 1.13583 0 0 0 0 0 1.13583 0 0 0 0 0 0 0 0 0 0 0 0 0 0 0 0 0 0 0 0 0 0 0 1.13583 0 0 0 0 0 0 0 0 0 0 
0 0 0 0 0 0 0.496677 0 0 0 0 0 0 0 0 0 0 0 0.496677 0 0.496677 0 -4.89751 1.13583 0 0 0 0 0 0 1.13583 0 0 0 0 0 0 0 0 0 0 0 0 0 0 0 0 0 0 0 0 0 0 0 1.13583 0 0 0 0 0 0 0 0 0 
0 0 0 0 0 0 0 0.496677 0 0 0 0 0 0 0 0 0 0 0 0.496677 0 0.496677 0.496677 -5.01558 0 0 0 0 0 0 0 1.51444 0 0 0 0 0 0 0 0 0 0 0 0 0 0 0 0 0 0 0 0 0 0 0 1.51444 0 0 0 0 0 0 0 0 
0 0 0 0 0 0 0 0 0.496677 0 0 0 0 0 0 0 0.496677 0 0 0 0 0 0 0 -4.02223 0.757219 0.757219 0 0.757219 0 0 0 0 0 0 0 0 0 0 0 0 0 0 0 0 0 0 0 0 0 0 0 0 0 0 0 0.757219 0 0 0 0 0 0 0 
0 0 0 0 0 0 0 0 0 0.496677 0 0 0 0 0 0 0 0.496677 0 0 0 0 0 0 0.496677 -4.89751 0 1.13583 0 1.13583 0 0 0 0 0 0 0 0 0 0 0 0 0 0 0 0 0 0 0 0 0 0 0 0 0 0 0 1.13583 0 0 0 0 0 0 
0 0 0 0 0 0 0 0 0 0 0.496677 0 0 0 0 0 0 0 0.496677 0 0 0 0 0 0.496677 0 -4.89751 1.13583 0 0 1.13583 0 0 0 0 0 0 0 0 0 0 0 0 0 0 0 0 0 0 0 0 0 0 0 0 0 0 0 1.13583 0 0 0 0 0 
0 0 0 0 0 0 0 0 0 0 0 0.496677 0 0 0 0 0 0 0 0.496677 0 0 0 0 0 0.496677 0.496677 -5.01558 0 0 0 1.51444 0 0 0 0 0 0 0 0 0 0 0 0 0 0 0 0 0 0 0 0 0 0 0 0 0 0 0 1.51444 0 0 0 0 
0 0 0 0 0 0 0 0 0 0 0 0 0.496677 0 0 0 0 0 0 0 0.496677 0 0 0 0.496677 0 0 0 -4.89751 1.13583 1.13583 0 0 0 0 0 0 0 0 0 0 0 0 0 0 0 0 0 0 0 0 0 0 0 0 0 0 0 0 0 1.13583 0 0 0 
0 0 0 0 0 0 0 0 0 0 0 0 0 0.496677 0 0 0 0 0 0 0 0.496677 0 0 0 0.496677 0 0 0.496677 -5.01558 0 1.51444 0 0 0 0 0 0 0 0 0 0 0 0 0 0 0 0 0 0 0 0 0 0 0 0 0 0 0 0 0 1.51444 0 0 
0 0 0 0 0 0 0 0 0 0 0 0 0 0 0.496677 0 0 0 0 0 0 0 0.496677 0 0 0 0.496677 0 0.496677 0 -5.01558 1.51444 0 0 0 0 0 0 0 0 0 0 0 0 0 0 0 0 0 0 0 0 0 0 0 0 0 0 0 0 0 0 1.51444 0 
0 0 0 0 0 0 0 0 0 0 0 0 0 0 0 0.496677 0 0 0 0 0 0 0 0.496677 0 0 0 0.496677 0 0.496677 0.496677 -4.37643 0 0 0 0 0 0 0 0 0 0 0 0 0 0 0 0 0 0 0 0 0 0 0 0 0 0 0 0 0 0 0 1.89305 
0.496677 0 0 0 0 0 0 0 0 0 0 0 0 0 0 0 0 0 0 0 0 0 0 0 0 0 0 0 0 0 0 0 -2.38972 0.378609 0.378609 0 0.378609 0 0 0 0.378609 0 0 0 0 0 0 0 0.378609 0 0 0 0 0 0 0 0 0 0 0 0 0 0 0 
0 0.496677 0 0 0 0 0 0 0 0 0 0 0 0 0 0 0 0 0 0 0 0 0 0 0 0 0 0 0 0 0 0 0.496677 -4.02223 0 0.757219 0 0.757219 0 0 0 0.757219 0 0 0 0 0 0 0 0.757219 0 0 0 0 0 0 0 0 0 0 0 0 0 0 
0 0 0.496677 0 0 0 0 0 0 0 0 0 0 0 0 0 0 0 0 0 0 0 0 0 0 0 0 0 0 0 0 0 0.496677 0 -4.02223 0.757219 0 0 0.757219 0 0 0 0.757219 0 0 0 0 0 0 0 0.757219 0 0 0 0 0 0 0 0 0 0 0 0 0 
0 0 0 0.496677 0 0 0 0 0 0 0 0 0 0 0 0 0 0 0 0 0 0 0 0 0 0 0 0 0 0 0 0 0 0.496677 0.496677 -4.89751 0 0 0 1.13583 0 0 0 1.13583 0 0 0 0 0 0 0 1.13583 0 0 0 0 0 0 0 0 0 0 0 0 
0 0 0 0 0.496677 0 0 0 0 0 0 0 0 0 0 0 0 0 0 0 0 0 0 0 0 0 0 0 0 0 0 0 0.496677 0 0 0 -4.02223 0.757219 0.757219 0 0 0 0 0 0.757219 0 0 0 0 0 0 0 0.757219 0 0 0 0 0 0 0 0 0 0 0 
0 0 0 0 0 0.496677 0 0 0 0 0 0 0 0 0 0 0 0 0 0 0 0 0 0 0 0 0 0 0 0 0 0 0 0.496677 0 0 0.496677 -4.89751 0 1.13583 0 0 0 0 0 1.13583 0 0 0 0 0 0 0 1.13583 0 0 0 0 0 0 0 0 0 0 
0 0 0 0 0 0 0.496677 0 0 0 0 0 0 0 0 0 0 0 0 0 0 0 0 0 0 0 0 0 0 0 0 0 0 0 0.496677 0 0.496677 0 -4.89751 1.13583 0 0 0 0 0 0 1.13583 0 0 0 0 0 0 0 1.13583 0 0 0 0 0 0 0 0 0 
0 0 0 0 0 0 0 0.496677 0 0 0 0 0 0 0 0 0 0 0 0 0 0 0 0 0 0 0 0 0 0 0 0 0 0 0 0.496677 0 0.496677 0.496677 -5.01558 0 0 0 0 0 0 0 1.51444 0 0 0 0 0 0 0 1.51444 0 0 0 0 0 0 0 0 
0 0 0 0 0 0 0 0 0.496677 0 0 0 0 0 0 0 0 0 0 0 0 0 0 0 0 0 0 0 0 0 0 0 0.496677 0 0 0 0 0 0 0 -4.02223 0.757219 0.757219 0 0.757219 0 0 0 0 0 0 0 0 0 0 0 0.757219 0 0 0 0 0 0 0 
0 0 0 0 0 0 0 0 0 0.496677 0 0 0 0 0 0 0 0 0 0 0 0 0 0 0 0 0 0 0 0 0 0 0 0.496677 0 0 0 0 0 0 0.496677 -4.89751 0 1.13583 0 1.13583 0 0 0 0 0 0 0 0 0 0 0 1.13583 0 0 0 0 0 0 
0 0 0 0 0 0 0 0 0 0 0.496677 0 0 0 0 0 0 0 0 0 0 0 0 0 0 0 0 0 0 0 0 0 0 0 0.496677 0 0 0 0 0 0.496677 0 -4.89751 1.13583 0 0 1.13583 0 0 0 0 0 0 0 0 0 0 0 1.13583 0 0 0 0 0 
0 0 0 0 0 0 0 0 0 0 0 0.496677 0 0 0 0 0 0 0 0 0 0 0 0 0 0 0 0 0 0 0 0 0 0 0 0.496677 0 0 0 0 0 0.496677 0.496677 -5.01558 0 0 0 1.51444 0 0 0 0 0 0 0 0 0 0 0 1.51444 0 0 0 0 
0 0 0 0 0 0 0 0 0 0 0 0 0.496677 0 0 0 0 0 0 0 0 0 0 0 0 0 0 0 0 0 0 0 0 0 0 0 0.496677 0 0 0 0.496677 0 0 0 -4.89751 1.13583 1.13583 0 0 0 0 0 0 0 0 0 0 0 0 0 1.13583 0 0 0 
0 0 0 0 0 0 0 0 0 0 0 0 0 0.496677 0 0 0 0 0 0 0 0 0 0 0 0 0 0 0 0 0 0 0 0 0 0 0 0.496677 0 0 0 0.496677 0 0 0.496677 -5.01558 0 1.51444 0 0 0 0 0 0 0 0 0 0 0 0 0 1.51444 0 0 
0 0 0 0 0 0 0 0 0 0 0 0 0 0 0.496677 0 0 0 0 0 0 0 0 0 0 0 0 0 0 0 0 0 0 0 0 0 0 0 0.496677 0 0 0 0.496677 0 0.496677 0 -5.01558 1.51444 0 0 0 0 0 0 0 0 0 0 0 0 0 0 1.51444 0 
0 0 0 0 0 0 0 0 0 0 0 0 0 0 0 0.496677 0 0 0 0 0 0 0 0 0 0 0 0 0 0 0 0 0 0 0 0 0 0 0 0.496677 0 0 0 0.496677 0 0.496677 0.496677 -4.37643 0 0 0 0 0 0 0 0 0 0 0 0 0 0 0 1.89305 
0 0 0 0 0 0 0 0 0 0 0 0 0 0 0 0 0.496677 0 0 0 0 0 0 0 0 0 0 0 0 0 0 0 0.496677 0 0 0 0 0 0 0 0 0 0 0 0 0 0 0 -4.02223 0.757219 0.757219 0 0.757219 0 0 0 0.757219 0 0 0 0 0 0 0 
0 0 0 0 0 0 0 0 0 0 0 0 0 0 0 0 0 0.496677 0 0 0 0 0 0 0 0 0 0 0 0 0 0 0 0.496677 0 0 0 0 0 0 0 0 0 0 0 0 0 0 0.496677 -4.89751 0 1.13583 0 1.13583 0 0 0 1.13583 0 0 0 0 0 0 
0 0 0 0 0 0 0 0 0 0 0 0 0 0 0 0 0 0 0.496677 0 0 0 0 0 0 0 0 0 0 0 0 0 0 0 0.496677 0 0 0 0 0 0 0 0 0 0 0 0 0 0.496677 0 -4.89751 1.13583 0 0 1.13583 0 0 0 1.13583 0 0 0 0 0 
0 0 0 0 0 0 0 0 0 0 0 0 0 0 0 0 0 0 0 0.496677 0 0 0 0 0 0 0 0 0 0 0 0 0 0 0 0.496677 0 0 0 0 0 0 0 0 0 0 0 0 0 0.496677 0.496677 -5.01558 0 0 0 1.51444 0 0 0 1.51444 0 0 0 0 
0 0 0 0 0 0 0 0 0 0 0 0 0 0 0 0 0 0 0 0 0.496677 0 0 0 0 0 0 0 0 0 0 0 0 0 0 0 0.496677 0 0 0 0 0 0 0 0 0 0 0 0.496677 0 0 0 -4.89751 1.13583 1.13583 0 0 0 0 0 1.13583 0 0 0 
0 0 0 0 0 0 0 0 0 0 0 0 0 0 0 0 0 0 0 0 0 0.496677 0 0 0 0 0 0 0 0 0 0 0 0 0 0 0 0.496677 0 0 0 0 0 0 0 0 0 0 0 0.496677 0 0 0.496677 -5.01558 0 1.51444 0 0 0 0 0 1.51444 0 0 
0 0 0 0 0 0 0 0 0 0 0 0 0 0 0 0 0 0 0 0 0 0 0.496677 0 0 0 0 0 0 0 0 0 0 0 0 0 0 0 0.496677 0 0 0 0 0 0 0 0 0 0 0 0.496677 0 0.496677 0 -5.01558 1.51444 0 0 0 0 0 0 1.51444 0 
0 0 0 0 0 0 0 0 0 0 0 0 0 0 0 0 0 0 0 0 0 0 0 0.496677 0 0 0 0 0 0 0 0 0 0 0 0 0 0 0 0.496677 0 0 0 0 0 0 0 0 0 0 0 0.496677 0 0.496677 0.496677 -4.37643 0 0 0 0 0 0 0 1.89305 
0 0 0 0 0 0 0 0 0 0 0 0 0 0 0 0 0 0 0 0 0 0 0 0 0.496677 0 0 0 0 0 0 0 0 0 0 0 0 0 0 0 0.496677 0 0 0 0 0 0 0 0.496677 0 0 0 0 0 0 0 -4.89751 1.13583 1.13583 0 1.13583 0 0 0 
0 0 0 0 0 0 0 0 0 0 0 0 0 0 0 0 0 0 0 0 0 0 0 0 0 0.496677 0 0 0 0 0 0 0 0 0 0 0 0 0 0 0 0.496677 0 0 0 0 0 0 0 0.496677 0 0 0 0 0 0 0.496677 -5.01558 0 1.51444 0 1.51444 0 0 
0 0 0 0 0 0 0 0 0 0 0 0 0 0 0 0 0 0 0 0 0 0 0 0 0 0 0.496677 0 0 0 0 0 0 0 0 0 0 0 0 0 0 0 0.496677 0 0 0 0 0 0 0 0.496677 0 0 0 0 0 0.496677 0 -5.01558 1.51444 0 0 1.51444 0 
0 0 0 0 0 0 0 0 0 0 0 0 0 0 0 0 0 0 0 0 0 0 0 0 0 0 0 0.496677 0 0 0 0 0 0 0 0 0 0 0 0 0 0 0 0.496677 0 0 0 0 0 0 0 0.496677 0 0 0 0 0 0.496677 0.496677 -4.37643 0 0 0 1.89305 
0 0 0 0 0 0 0 0 0 0 0 0 0 0 0 0 0 0 0 0 0 0 0 0 0 0 0 0 0.496677 0 0 0 0 0 0 0 0 0 0 0 0 0 0 0 0.496677 0 0 0 0 0 0 0 0.496677 0 0 0 0.496677 0 0 0 -5.01558 1.51444 1.51444 0 
0 0 0 0 0 0 0 0 0 0 0 0 0 0 0 0 0 0 0 0 0 0 0 0 0 0 0 0 0 0.496677 0 0 0 0 0 0 0 0 0 0 0 0 0 0 0 0.496677 0 0 0 0 0 0 0 0.496677 0 0 0 0.496677 0 0 0.496677 -4.37643 0 1.89305 
0 0 0 0 0 0 0 0 0 0 0 0 0 0 0 0 0 0 0 0 0 0 0 0 0 0 0 0 0 0 0.496677 0 0 0 0 0 0 0 0 0 0 0 0 0 0 0 0.496677 0 0 0 0 0 0 0 0.496677 0 0 0 0.496677 0 0.496677 0 -4.37643 1.89305 
0 0 0 0 0 0 0 0 0 0 0 0 0 0 0 0 0 0 0 0 0 0 0 0 0 0 0 0 0 0 0 0.496677 0 0 0 0 0 0 0 0 0 0 0 0 0 0 0 0.496677 0 0 0 0 0 0 0 0.496677 0 0 0 0.496677 0 0.496677 0.496677 -2.98006 
