32
-0 0 0 0 0 0 0 0 0 0 0 0 0 0 0 0 0 0 0 0 0 0 0 0 0 0 0 0 0 0 0 0 
0.0362796 -0.550974 0 0.128674 0 0.128674 0 0 0 0.128674 0 0 0 0 0 0 0 0.128674 0 0 0 0 0 0 0 0 0 0 0 0 0 0 
0.0362796 0 -0.550974 0.128674 0 0 0.128674 0 0 0 0.128674 0 0 0 0 0 0 0 0.128674 0 0 0 0 0 0 0 0 0 0 0 0 0 
0 0.0362796 0.0362796 -0.844601 0 0 0 0.257347 0 0 0 0.257347 0 0 0 0 0 0 0 0.257347 0 0 0 0 0 0 0 0 0 0 0 0 
0.0362796 0 0 0 -0.550974 0.128674 0.128674 0 0 0 0 0 0.128674 0 0 0 0 0 0 0 0.128674 0 0 0 0 0 0 0 0 0 0 0 
0 0.0362796 0 0 0.0362796 -0.844601 0 0.257347 0 0 0 0 0 0.257347 0 0 0 0 0 0 0 0.257347 0 0 0 0 0 0 0 0 0 0 
0 0 0.0362796 0 0.0362796 0 -0.844601 0.257347 0 0 0 0 0 0 0.257347 0 0 0 0 0 0 0 0.257347 0 0 0 0 0 0 0 0 0 
0 0 0 0.0362796 0 0.0362796 0.0362796 -0.880881 0 0 0 0 0 0 0 0.386021 0 0 0 0 0 0 0 0.386021 0 0 0 0 0 0 0 0 
0.0362796 0 0 0 0 0 0 0 -0.550974 0.128674 0.128674 0 0.128674 0 0 0 0 0 0 0 0 0 0 0 0.128674 0 0 0 0 0 0 0 
0 0.0362796 0 0 0 0 0 0 0.0362796 -0.844601 0 0.257347 0 0.257347 0 0 0 0 0 0 0 0 0 0 0 0.257347 0 0 0 0 0 0 
0 0 0.0362796 0 0 0 0 0 0.0362796 0 -0.844601 0.257347 0 0 0.257347 0 0 0 0 0 0 0 0 0 0 0 0.257347 0 0 0 0 0 
0 0 0 0.0362796 0 0 0 0 0 0.0362796 0.0362796 -0.880881 0 0 0 0.386021 0 0 0 0 0 0 0 0 0 0 0 0.386021 0 0 0 0 
0 0 0 0 0.0362796 0 0 0 0.0362796 0 0 0 -0.844601 0.257347 0.257347 0 0 0 0 0 0 0 0 0 0 0 0 0 0.257347 0 0 0 
0 0 0 0 0 0.0362796 0 0 0 0.0362796 0 0 0.0362796 -0.880881 0 0.386021 0 0 0 0 0 0 0 0 0 0 0 0 0 0.386021 0 0 
0 0 0 0 0 0 0.0362796 0 0 0 0.0362796 0 0.0362796 0 -0.880881 0.386021 0 0 0 0 0 0 0 0 0 0 0 0 0 0 0.386021 0 
0 0 0 0 0 0 0 0.0362796 0 0 0 0.0362796 0 0.0362796 0.0362796 -0.659813 0 0 0 0 0 0 0 0 0 0 0 0 0 0 0 0.514695 
0.0362796 0 0 0 0 0 0 0 0 0 0 0 0 0 0 0 -0.550974 0.128674 0.128674 0 0.128674 0 0 0 0.128674 0 0 0 0 0 0 0 
0 0.0362796 0 0 0 0 0 0 0 0 0 0 0 0 0 0 0.0362796 -0.844601 0 0.257347 0 0.257347 0 0 0 0.257347 0 0 0 0 0 0 
0 0 0.0362796 0 0 0 0 0 0 0 0 0 0 0 0 0 0.0362796 0 -0.844601 0.257347 0 0 0.257347 0 0 0 0.257347 0 0 0 0 0 
0 0 0 0.0362796 0 0 0 0 0 0 0 0 0 0 0 0 0 0.0362796 0.0362796 -0.880881 0 0 0 0.386021 0 0 0 0.386021 0 0 0 0 
0 0 0 0 0.0362796 0 0 0 0 0 0 0 0 0 0 0 0.0362796 0 0 0 -0.844601 0.257347 0.257347 0 0 0 0 0 0.257347 0 0 0 
0 0 0 0 0 0.0362796 0 0 0 0 0 0 0 0 0 0 0 0.0362796 0 0 0.0362796 -0.880881 0 0.386021 0 0 0 0 0 0.386021 0 0 
0 0 0 0 0 0 0.0362796 0 0 0 0 0 0 0 0 0 0 0 0.0362796 0 0.0362796 0 -0.880881 0.386021 0 0 0 0 0 0 0.386021 0 
0 0 0 0 0 0 0 0.0362796 0 0 0 0 0 0 0 0 0 0 0 0.0362796 0 0.0362796 0.0362796 -0.659813 0 0 0 0 0 0 0 0.514695 
0 0 0 0 0 0 0 0 0.0362796 0 0 0 0 0 0 0 0.0362796 0 0 0 0 0 0 0 -0.844601 0.257347 0.257347 0 0.257347 0 0 0 
0 0 0 0 0 0 0 0 0 0.0362796 0 0 0 0 0 0 0 0.0362796 0 0 0 0 0 0 0.0362796 -0.880881 0 0.386021 0 0.386021 0 0 
0 0 0 0 0 0 0 0 0 0 0.0362796 0 0 0 0 0 0 0 0.0362796 0 0 0 0 0 0.0362796 0 -0.880881 0.386021 0 0 0.386021 0 
0 0 0 0 0 0 0 0 0 0 0 0.0362796 0 0 0 0 0 0 0 0.0362796 0 0 0 0 0 0.0362796 0.0362796 -0.659813 0 0 0 0.514695 
0 0 0 0 0 0 0 0 0 0 0 0 0.0362796 0 0 0 0 0 0 0 0.0362796 0 0 0 0.0362796 0 0 0 -0.880881 0.386021 0.386021 0 
0 0 0 0 0 0 0 0 0 0 0 0 0 0.0362796 0 0 0 0 0 0 0 0.0362796 0 0 0 0.0362796 0 0 0.0362796 -0.659813 0 0.514695 
0 0 0 0 0 0 0 0 0 0 0 0 0 0 0.0362796 0 0 0 0 0 0 0 0.0362796 0 0 0 0.0362796 0 0.0362796 0 -0.659813 0.514695 
0 0 0 0 0 0 0 0 0 0 0 0 0 0 0 0.0362796 0 0 0 0 0 0 0 0.0362796 0 0 0 0.0362796 0 0.0362796 0.0362796 -0.181398 
