32
-0 0 0 0 0 0 0 0 0 0 0 0 0 0 0 0 0 0 0 0 0 0 0 0 0 0 0 0 0 0 0 0 
0.232497 -1.60663 0 0.343533 0 0.343533 0 0 0 0.343533 0 0 0 0 0 0 0 0.343533 0 0 0 0 0 0 0 0 0 0 0 0 0 0 
0.232497 0 -1.60663 0.343533 0 0 0.343533 0 0 0 0.343533 0 0 0 0 0 0 0 0.343533 0 0 0 0 0 0 0 0 0 0 0 0 0 
0 0.232497 0.232497 -2.52619 0 0 0 0.687067 0 0 0 0.687067 0 0 0 0 0 0 0 0.687067 0 0 0 0 0 0 0 0 0 0 0 0 
0.232497 0 0 0 -1.60663 0.343533 0.343533 0 0 0 0 0 0.343533 0 0 0 0 0 0 0 0.343533 0 0 0 0 0 0 0 0 0 0 0 
0 0.232497 0 0 0.232497 -2.52619 0 0.687067 0 0 0 0 0 0.687067 0 0 0 0 0 0 0 0.687067 0 0 0 0 0 0 0 0 0 0 
0 0 0.232497 0 0.232497 0 -2.52619 0.687067 0 0 0 0 0 0 0.687067 0 0 0 0 0 0 0 0.687067 0 0 0 0 0 0 0 0 0 
0 0 0 0.232497 0 0.232497 0.232497 -2.75869 0 0 0 0 0 0 0 1.0306 0 0 0 0 0 0 0 1.0306 0 0 0 0 0 0 0 0 
0.232497 0 0 0 0 0 0 0 -1.60663 0.343533 0.343533 0 0.343533 0 0 0 0 0 0 0 0 0 0 0 0.343533 0 0 0 0 0 0 0 
0 0.232497 0 0 0 0 0 0 0.232497 -2.52619 0 0.687067 0 0.687067 0 0 0 0 0 0 0 0 0 0 0 0.687067 0 0 0 0 0 0 
0 0 0.232497 0 0 0 0 0 0.232497 0 -2.52619 0.687067 0 0 0.687067 0 0 0 0 0 0 0 0 0 0 0 0.687067 0 0 0 0 0 
0 0 0 0.232497 0 0 0 0 0 0.232497 0.232497 -2.75869 0 0 0 1.0306 0 0 0 0 0 0 0 0 0 0 0 1.0306 0 0 0 0 
0 0 0 0 0.232497 0 0 0 0.232497 0 0 0 -2.52619 0.687067 0.687067 0 0 0 0 0 0 0 0 0 0 0 0 0 0.687067 0 0 0 
0 0 0 0 0 0.232497 0 0 0 0.232497 0 0 0.232497 -2.75869 0 1.0306 0 0 0 0 0 0 0 0 0 0 0 0 0 1.0306 0 0 
0 0 0 0 0 0 0.232497 0 0 0 0.232497 0 0.232497 0 -2.75869 1.0306 0 0 0 0 0 0 0 0 0 0 0 0 0 0 1.0306 0 
0 0 0 0 0 0 0 0.232497 0 0 0 0.232497 0 0.232497 0.232497 -2.30412 0 0 0 0 0 0 0 0 0 0 0 0 0 0 0 1.37413 
0.232497 0 0 0 0 0 0 0 0 0 0 0 0 0 0 0 -1.60663 0.343533 0.343533 0 0.343533 0 0 0 0.343533 0 0 0 0 0 0 0 
0 0.232497 0 0 0 0 0 0 0 0 0 0 0 0 0 0 0.232497 -2.52619 0 0.687067 0 0.687067 0 0 0 0.687067 0 0 0 0 0 0 
0 0 0.232497 0 0 0 0 0 0 0 0 0 0 0 0 0 0.232497 0 -2.52619 0.687067 0 0 0.687067 0 0 0 0.687067 0 0 0 0 0 
0 0 0 0.232497 0 0 0 0 0 0 0 0 0 0 0 0 0 0.232497 0.232497 -2.75869 0 0 0 1.0306 0 0 0 1.0306 0 0 0 0 
0 0 0 0 0.232497 0 0 0 0 0 0 0 0 0 0 0 0.232497 0 0 0 -2.52619 0.687067 0.687067 0 0 0 0 0 0.687067 0 0 0 
0 0 0 0 0 0.232497 0 0 0 0 0 0 0 0 0 0 0 0.232497 0 0 0.232497 -2.75869 0 1.0306 0 0 0 0 0 1.0306 0 0 
0 0 0 0 0 0 0.232497 0 0 0 0 0 0 0 0 0 0 0 0.232497 0 0.232497 0 -2.75869 1.0306 0 0 0 0 0 0 1.0306 0 
0 0 0 0 0 0 0 0.232497 0 0 0 0 0 0 0 0 0 0 0 0.232497 0 0.232497 0.232497 -2.30412 0 0 0 0 0 0 0 1.37413 
0 0 0 0 0 0 0 0 0.232497 0 0 0 0 0 0 0 0.232497 0 0 0 0 0 0 0 -2.52619 0.687067 0.687067 0 0.687067 0 0 0 
0 0 0 0 0 0 0 0 0 0.232497 0 0 0 0 0 0 0 0.232497 0 0 0 0 0 0 0.232497 -2.75869 0 1.0306 0 1.0306 0 0 
0 0 0 0 0 0 0 0 0 0 0.232497 0 0 0 0 0 0 0 0.232497 0 0 0 0 0 0.232497 0 -2.75869 1.0306 0 0 1.0306 0 
0 0 0 0 0 0 0 0 0 0 0 0.232497 0 0 0 0 0 0 0 0.232497 0 0 0 0 0 0.232497 0.232497 -2.30412 0 0 0 1.37413 
0 0 0 0 0 0 0 0 0 0 0 0 0.232497 0 0 0 0 0 0 0 0.232497 0 0 0 0.232497 0 0 0 -2.75869 1.0306 1.0306 0 
0 0 0 0 0 0 0 0 0 0 0 0 0 0.232497 0 0 0 0 0 0 0 0.232497 0 0 0 0.232497 0 0 0.232497 -2.30412 0 1.37413 
0 0 0 0 0 0 0 0 0 0 0 0 0 0 0.232497 0 0 0 0 0 0 0 0.232497 0 0 0 0.232497 0 0.232497 0 -2.30412 1.37413 
0 0 0 0 0 0 0 0 0 0 0 0 0 0 0 0.232497 0 0 0 0 0 0 0 0.232497 0 0 0 0.232497 0 0.232497 0.232497 -1.16249 
