32
-0 0 0 0 0 0 0 0 0 0 0 0 0 0 0 0 0 0 0 0 0 0 0 0 0 0 0 0 0 0 0 0 
0.208559 -1.26169 0 0.263282 0 0.263282 0 0 0 0.263282 0 0 0 0 0 0 0 0.263282 0 0 0 0 0 0 0 0 0 0 0 0 0 0 
0.208559 0 -1.26169 0.263282 0 0 0.263282 0 0 0 0.263282 0 0 0 0 0 0 0 0.263282 0 0 0 0 0 0 0 0 0 0 0 0 0 
0 0.208559 0.208559 -1.99681 0 0 0 0.526563 0 0 0 0.526563 0 0 0 0 0 0 0 0.526563 0 0 0 0 0 0 0 0 0 0 0 0 
0.208559 0 0 0 -1.26169 0.263282 0.263282 0 0 0 0 0 0.263282 0 0 0 0 0 0 0 0.263282 0 0 0 0 0 0 0 0 0 0 0 
0 0.208559 0 0 0.208559 -1.99681 0 0.526563 0 0 0 0 0 0.526563 0 0 0 0 0 0 0 0.526563 0 0 0 0 0 0 0 0 0 0 
0 0 0.208559 0 0.208559 0 -1.99681 0.526563 0 0 0 0 0 0 0.526563 0 0 0 0 0 0 0 0.526563 0 0 0 0 0 0 0 0 0 
0 0 0 0.208559 0 0.208559 0.208559 -2.20537 0 0 0 0 0 0 0 0.789845 0 0 0 0 0 0 0 0.789845 0 0 0 0 0 0 0 0 
0.208559 0 0 0 0 0 0 0 -1.26169 0.263282 0.263282 0 0.263282 0 0 0 0 0 0 0 0 0 0 0 0.263282 0 0 0 0 0 0 0 
0 0.208559 0 0 0 0 0 0 0.208559 -1.99681 0 0.526563 0 0.526563 0 0 0 0 0 0 0 0 0 0 0 0.526563 0 0 0 0 0 0 
0 0 0.208559 0 0 0 0 0 0.208559 0 -1.99681 0.526563 0 0 0.526563 0 0 0 0 0 0 0 0 0 0 0 0.526563 0 0 0 0 0 
0 0 0 0.208559 0 0 0 0 0 0.208559 0.208559 -2.20537 0 0 0 0.789845 0 0 0 0 0 0 0 0 0 0 0 0.789845 0 0 0 0 
0 0 0 0 0.208559 0 0 0 0.208559 0 0 0 -1.99681 0.526563 0.526563 0 0 0 0 0 0 0 0 0 0 0 0 0 0.526563 0 0 0 
0 0 0 0 0 0.208559 0 0 0 0.208559 0 0 0.208559 -2.20537 0 0.789845 0 0 0 0 0 0 0 0 0 0 0 0 0 0.789845 0 0 
0 0 0 0 0 0 0.208559 0 0 0 0.208559 0 0.208559 0 -2.20537 0.789845 0 0 0 0 0 0 0 0 0 0 0 0 0 0 0.789845 0 
0 0 0 0 0 0 0 0.208559 0 0 0 0.208559 0 0.208559 0.208559 -1.88736 0 0 0 0 0 0 0 0 0 0 0 0 0 0 0 1.05313 
0.208559 0 0 0 0 0 0 0 0 0 0 0 0 0 0 0 -1.26169 0.263282 0.263282 0 0.263282 0 0 0 0.263282 0 0 0 0 0 0 0 
0 0.208559 0 0 0 0 0 0 0 0 0 0 0 0 0 0 0.208559 -1.99681 0 0.526563 0 0.526563 0 0 0 0.526563 0 0 0 0 0 0 
0 0 0.208559 0 0 0 0 0 0 0 0 0 0 0 0 0 0.208559 0 -1.99681 0.526563 0 0 0.526563 0 0 0 0.526563 0 0 0 0 0 
0 0 0 0.208559 0 0 0 0 0 0 0 0 0 0 0 0 0 0.208559 0.208559 -2.20537 0 0 0 0.789845 0 0 0 0.789845 0 0 0 0 
0 0 0 0 0.208559 0 0 0 0 0 0 0 0 0 0 0 0.208559 0 0 0 -1.99681 0.526563 0.526563 0 0 0 0 0 0.526563 0 0 0 
0 0 0 0 0 0.208559 0 0 0 0 0 0 0 0 0 0 0 0.208559 0 0 0.208559 -2.20537 0 0.789845 0 0 0 0 0 0.789845 0 0 
0 0 0 0 0 0 0.208559 0 0 0 0 0 0 0 0 0 0 0 0.208559 0 0.208559 0 -2.20537 0.789845 0 0 0 0 0 0 0.789845 0 
0 0 0 0 0 0 0 0.208559 0 0 0 0 0 0 0 0 0 0 0 0.208559 0 0.208559 0.208559 -1.88736 0 0 0 0 0 0 0 1.05313 
0 0 0 0 0 0 0 0 0.208559 0 0 0 0 0 0 0 0.208559 0 0 0 0 0 0 0 -1.99681 0.526563 0.526563 0 0.526563 0 0 0 
0 0 0 0 0 0 0 0 0 0.208559 0 0 0 0 0 0 0 0.208559 0 0 0 0 0 0 0.208559 -2.20537 0 0.789845 0 0.789845 0 0 
0 0 0 0 0 0 0 0 0 0 0.208559 0 0 0 0 0 0 0 0.208559 0 0 0 0 0 0.208559 0 -2.20537 0.789845 0 0 0.789845 0 
0 0 0 0 0 0 0 0 0 0 0 0.208559 0 0 0 0 0 0 0 0.208559 0 0 0 0 0 0.208559 0.208559 -1.88736 0 0 0 1.05313 
0 0 0 0 0 0 0 0 0 0 0 0 0.208559 0 0 0 0 0 0 0 0.208559 0 0 0 0.208559 0 0 0 -2.20537 0.789845 0.789845 0 
0 0 0 0 0 0 0 0 0 0 0 0 0 0.208559 0 0 0 0 0 0 0 0.208559 0 0 0 0.208559 0 0 0.208559 -1.88736 0 1.05313 
0 0 0 0 0 0 0 0 0 0 0 0 0 0 0.208559 0 0 0 0 0 0 0 0.208559 0 0 0 0.208559 0 0.208559 0 -1.88736 1.05313 
0 0 0 0 0 0 0 0 0 0 0 0 0 0 0 0.208559 0 0 0 0 0 0 0 0.208559 0 0 0 0.208559 0 0.208559 0.208559 -1.04279 
