32
-0 0 0 0 0 0 0 0 0 0 0 0 0 0 0 0 0 0 0 0 0 0 0 0 0 0 0 0 0 0 0 0 
0.399664 -2.14854 0 0.43722 0 0.43722 0 0 0 0.43722 0 0 0 0 0 0 0 0.43722 0 0 0 0 0 0 0 0 0 0 0 0 0 0 
0.399664 0 -2.14854 0.43722 0 0 0.43722 0 0 0 0.43722 0 0 0 0 0 0 0 0.43722 0 0 0 0 0 0 0 0 0 0 0 0 0 
0 0.399664 0.399664 -3.42265 0 0 0 0.874439 0 0 0 0.874439 0 0 0 0 0 0 0 0.874439 0 0 0 0 0 0 0 0 0 0 0 0 
0.399664 0 0 0 -2.14854 0.43722 0.43722 0 0 0 0 0 0.43722 0 0 0 0 0 0 0 0.43722 0 0 0 0 0 0 0 0 0 0 0 
0 0.399664 0 0 0.399664 -3.42265 0 0.874439 0 0 0 0 0 0.874439 0 0 0 0 0 0 0 0.874439 0 0 0 0 0 0 0 0 0 0 
0 0 0.399664 0 0.399664 0 -3.42265 0.874439 0 0 0 0 0 0 0.874439 0 0 0 0 0 0 0 0.874439 0 0 0 0 0 0 0 0 0 
0 0 0 0.399664 0 0.399664 0.399664 -3.82231 0 0 0 0 0 0 0 1.31166 0 0 0 0 0 0 0 1.31166 0 0 0 0 0 0 0 0 
0.399664 0 0 0 0 0 0 0 -2.14854 0.43722 0.43722 0 0.43722 0 0 0 0 0 0 0 0 0 0 0 0.43722 0 0 0 0 0 0 0 
0 0.399664 0 0 0 0 0 0 0.399664 -3.42265 0 0.874439 0 0.874439 0 0 0 0 0 0 0 0 0 0 0 0.874439 0 0 0 0 0 0 
0 0 0.399664 0 0 0 0 0 0.399664 0 -3.42265 0.874439 0 0 0.874439 0 0 0 0 0 0 0 0 0 0 0 0.874439 0 0 0 0 0 
0 0 0 0.399664 0 0 0 0 0 0.399664 0.399664 -3.82231 0 0 0 1.31166 0 0 0 0 0 0 0 0 0 0 0 1.31166 0 0 0 0 
0 0 0 0 0.399664 0 0 0 0.399664 0 0 0 -3.42265 0.874439 0.874439 0 0 0 0 0 0 0 0 0 0 0 0 0 0.874439 0 0 0 
0 0 0 0 0 0.399664 0 0 0 0.399664 0 0 0.399664 -3.82231 0 1.31166 0 0 0 0 0 0 0 0 0 0 0 0 0 1.31166 0 0 
0 0 0 0 0 0 0.399664 0 0 0 0.399664 0 0.399664 0 -3.82231 1.31166 0 0 0 0 0 0 0 0 0 0 0 0 0 0 1.31166 0 
0 0 0 0 0 0 0 0.399664 0 0 0 0.399664 0 0.399664 0.399664 -3.34753 0 0 0 0 0 0 0 0 0 0 0 0 0 0 0 1.74888 
0.399664 0 0 0 0 0 0 0 0 0 0 0 0 0 0 0 -2.14854 0.43722 0.43722 0 0.43722 0 0 0 0.43722 0 0 0 0 0 0 0 
0 0.399664 0 0 0 0 0 0 0 0 0 0 0 0 0 0 0.399664 -3.42265 0 0.874439 0 0.874439 0 0 0 0.874439 0 0 0 0 0 0 
0 0 0.399664 0 0 0 0 0 0 0 0 0 0 0 0 0 0.399664 0 -3.42265 0.874439 0 0 0.874439 0 0 0 0.874439 0 0 0 0 0 
0 0 0 0.399664 0 0 0 0 0 0 0 0 0 0 0 0 0 0.399664 0.399664 -3.82231 0 0 0 1.31166 0 0 0 1.31166 0 0 0 0 
0 0 0 0 0.399664 0 0 0 0 0 0 0 0 0 0 0 0.399664 0 0 0 -3.42265 0.874439 0.874439 0 0 0 0 0 0.874439 0 0 0 
0 0 0 0 0 0.399664 0 0 0 0 0 0 0 0 0 0 0 0.399664 0 0 0.399664 -3.82231 0 1.31166 0 0 0 0 0 1.31166 0 0 
0 0 0 0 0 0 0.399664 0 0 0 0 0 0 0 0 0 0 0 0.399664 0 0.399664 0 -3.82231 1.31166 0 0 0 0 0 0 1.31166 0 
0 0 0 0 0 0 0 0.399664 0 0 0 0 0 0 0 0 0 0 0 0.399664 0 0.399664 0.399664 -3.34753 0 0 0 0 0 0 0 1.74888 
0 0 0 0 0 0 0 0 0.399664 0 0 0 0 0 0 0 0.399664 0 0 0 0 0 0 0 -3.42265 0.874439 0.874439 0 0.874439 0 0 0 
0 0 0 0 0 0 0 0 0 0.399664 0 0 0 0 0 0 0 0.399664 0 0 0 0 0 0 0.399664 -3.82231 0 1.31166 0 1.31166 0 0 
0 0 0 0 0 0 0 0 0 0 0.399664 0 0 0 0 0 0 0 0.399664 0 0 0 0 0 0.399664 0 -3.82231 1.31166 0 0 1.31166 0 
0 0 0 0 0 0 0 0 0 0 0 0.399664 0 0 0 0 0 0 0 0.399664 0 0 0 0 0 0.399664 0.399664 -3.34753 0 0 0 1.74888 
0 0 0 0 0 0 0 0 0 0 0 0 0.399664 0 0 0 0 0 0 0 0.399664 0 0 0 0.399664 0 0 0 -3.82231 1.31166 1.31166 0 
0 0 0 0 0 0 0 0 0 0 0 0 0 0.399664 0 0 0 0 0 0 0 0.399664 0 0 0 0.399664 0 0 0.399664 -3.34753 0 1.74888 
0 0 0 0 0 0 0 0 0 0 0 0 0 0 0.399664 0 0 0 0 0 0 0 0.399664 0 0 0 0.399664 0 0.399664 0 -3.34753 1.74888 
0 0 0 0 0 0 0 0 0 0 0 0 0 0 0 0.399664 0 0 0 0 0 0 0 0.399664 0 0 0 0.399664 0 0.399664 0.399664 -1.99832 
