64
-0 0 0 0 0 0 0 0 0 0 0 0 0 0 0 0 0 0 0 0 0 0 0 0 0 0 0 0 0 0 0 0 0 0 0 0 0 0 0 0 0 0 0 0 0 0 0 0 0 0 0 0 0 0 0 0 0 0 0 0 0 0 0 0 
0.380801 -1.90191 0 0.304222 0 0.304222 0 0 0 0.304222 0 0 0 0 0 0 0 0.304222 0 0 0 0 0 0 0 0 0 0 0 0 0 0 0 0.304222 0 0 0 0 0 0 0 0 0 0 0 0 0 0 0 0 0 0 0 0 0 0 0 0 0 0 0 0 0 0 
0.380801 0 -1.90191 0.304222 0 0 0.304222 0 0 0 0.304222 0 0 0 0 0 0 0 0.304222 0 0 0 0 0 0 0 0 0 0 0 0 0 0 0 0.304222 0 0 0 0 0 0 0 0 0 0 0 0 0 0 0 0 0 0 0 0 0 0 0 0 0 0 0 0 0 
0 0.380801 0.380801 -3.19538 0 0 0 0.608445 0 0 0 0.608445 0 0 0 0 0 0 0 0.608445 0 0 0 0 0 0 0 0 0 0 0 0 0 0 0 0.608445 0 0 0 0 0 0 0 0 0 0 0 0 0 0 0 0 0 0 0 0 0 0 0 0 0 0 0 0 
0.380801 0 0 0 -1.90191 0.304222 0.304222 0 0 0 0 0 0.304222 0 0 0 0 0 0 0 0.304222 0 0 0 0 0 0 0 0 0 0 0 0 0 0 0 0.304222 0 0 0 0 0 0 0 0 0 0 0 0 0 0 0 0 0 0 0 0 0 0 0 0 0 0 0 
0 0.380801 0 0 0.380801 -3.19538 0 0.608445 0 0 0 0 0 0.608445 0 0 0 0 0 0 0 0.608445 0 0 0 0 0 0 0 0 0 0 0 0 0 0 0 0.608445 0 0 0 0 0 0 0 0 0 0 0 0 0 0 0 0 0 0 0 0 0 0 0 0 0 0 
0 0 0.380801 0 0.380801 0 -3.19538 0.608445 0 0 0 0 0 0 0.608445 0 0 0 0 0 0 0 0.608445 0 0 0 0 0 0 0 0 0 0 0 0 0 0 0 0.608445 0 0 0 0 0 0 0 0 0 0 0 0 0 0 0 0 0 0 0 0 0 0 0 0 0 
0 0 0 0.380801 0 0.380801 0.380801 -3.88041 0 0 0 0 0 0 0 0.912667 0 0 0 0 0 0 0 0.912667 0 0 0 0 0 0 0 0 0 0 0 0 0 0 0 0.912667 0 0 0 0 0 0 0 0 0 0 0 0 0 0 0 0 0 0 0 0 0 0 0 0 
0.380801 0 0 0 0 0 0 0 -1.90191 0.304222 0.304222 0 0.304222 0 0 0 0 0 0 0 0 0 0 0 0.304222 0 0 0 0 0 0 0 0 0 0 0 0 0 0 0 0.304222 0 0 0 0 0 0 0 0 0 0 0 0 0 0 0 0 0 0 0 0 0 0 0 
0 0.380801 0 0 0 0 0 0 0.380801 -3.19538 0 0.608445 0 0.608445 0 0 0 0 0 0 0 0 0 0 0 0.608445 0 0 0 0 0 0 0 0 0 0 0 0 0 0 0 0.608445 0 0 0 0 0 0 0 0 0 0 0 0 0 0 0 0 0 0 0 0 0 0 
0 0 0.380801 0 0 0 0 0 0.380801 0 -3.19538 0.608445 0 0 0.608445 0 0 0 0 0 0 0 0 0 0 0 0.608445 0 0 0 0 0 0 0 0 0 0 0 0 0 0 0 0.608445 0 0 0 0 0 0 0 0 0 0 0 0 0 0 0 0 0 0 0 0 0 
0 0 0 0.380801 0 0 0 0 0 0.380801 0.380801 -3.88041 0 0 0 0.912667 0 0 0 0 0 0 0 0 0 0 0 0.912667 0 0 0 0 0 0 0 0 0 0 0 0 0 0 0 0.912667 0 0 0 0 0 0 0 0 0 0 0 0 0 0 0 0 0 0 0 0 
0 0 0 0 0.380801 0 0 0 0.380801 0 0 0 -3.19538 0.608445 0.608445 0 0 0 0 0 0 0 0 0 0 0 0 0 0.608445 0 0 0 0 0 0 0 0 0 0 0 0 0 0 0 0.608445 0 0 0 0 0 0 0 0 0 0 0 0 0 0 0 0 0 0 0 
0 0 0 0 0 0.380801 0 0 0 0.380801 0 0 0.380801 -3.88041 0 0.912667 0 0 0 0 0 0 0 0 0 0 0 0 0 0.912667 0 0 0 0 0 0 0 0 0 0 0 0 0 0 0 0.912667 0 0 0 0 0 0 0 0 0 0 0 0 0 0 0 0 0 0 
0 0 0 0 0 0 0.380801 0 0 0 0.380801 0 0.380801 0 -3.88041 0.912667 0 0 0 0 0 0 0 0 0 0 0 0 0 0 0.912667 0 0 0 0 0 0 0 0 0 0 0 0 0 0 0 0.912667 0 0 0 0 0 0 0 0 0 0 0 0 0 0 0 0 0 
0 0 0 0 0 0 0 0.380801 0 0 0 0.380801 0 0.380801 0.380801 -3.95698 0 0 0 0 0 0 0 0 0 0 0 0 0 0 0 1.21689 0 0 0 0 0 0 0 0 0 0 0 0 0 0 0 1.21689 0 0 0 0 0 0 0 0 0 0 0 0 0 0 0 0 
0.380801 0 0 0 0 0 0 0 0 0 0 0 0 0 0 0 -1.90191 0.304222 0.304222 0 0.304222 0 0 0 0.304222 0 0 0 0 0 0 0 0 0 0 0 0 0 0 0 0 0 0 0 0 0 0 0 0.304222 0 0 0 0 0 0 0 0 0 0 0 0 0 0 0 
0 0.380801 0 0 0 0 0 0 0 0 0 0 0 0 0 0 0.380801 -3.19538 0 0.608445 0 0.608445 0 0 0 0.608445 0 0 0 0 0 0 0 0 0 0 0 0 0 0 0 0 0 0 0 0 0 0 0 0.608445 0 0 0 0 0 0 0 0 0 0 0 0 0 0 
0 0 0.380801 0 0 0 0 0 0 0 0 0 0 0 0 0 0.380801 0 -3.19538 0.608445 0 0 0.608445 0 0 0 0.608445 0 0 0 0 0 0 0 0 0 0 0 0 0 0 0 0 0 0 0 0 0 0 0 0.608445 0 0 0 0 0 0 0 0 0 0 0 0 0 
0 0 0 0.380801 0 0 0 0 0 0 0 0 0 0 0 0 0 0.380801 0.380801 -3.88041 0 0 0 0.912667 0 0 0 0.912667 0 0 0 0 0 0 0 0 0 0 0 0 0 0 0 0 0 0 0 0 0 0 0 0.912667 0 0 0 0 0 0 0 0 0 0 0 0 
0 0 0 0 0.380801 0 0 0 0 0 0 0 0 0 0 0 0.380801 0 0 0 -3.19538 0.608445 0.608445 0 0 0 0 0 0.608445 0 0 0 0 0 0 0 0 0 0 0 0 0 0 0 0 0 0 0 0 0 0 0 0.608445 0 0 0 0 0 0 0 0 0 0 0 
0 0 0 0 0 0.380801 0 0 0 0 0 0 0 0 0 0 0 0.380801 0 0 0.380801 -3.88041 0 0.912667 0 0 0 0 0 0.912667 0 0 0 0 0 0 0 0 0 0 0 0 0 0 0 0 0 0 0 0 0 0 0 0.912667 0 0 0 0 0 0 0 0 0 0 
0 0 0 0 0 0 0.380801 0 0 0 0 0 0 0 0 0 0 0 0.380801 0 0.380801 0 -3.88041 0.912667 0 0 0 0 0 0 0.912667 0 0 0 0 0 0 0 0 0 0 0 0 0 0 0 0 0 0 0 0 0 0 0 0.912667 0 0 0 0 0 0 0 0 0 
0 0 0 0 0 0 0 0.380801 0 0 0 0 0 0 0 0 0 0 0 0.380801 0 0.380801 0.380801 -3.95698 0 0 0 0 0 0 0 1.21689 0 0 0 0 0 0 0 0 0 0 0 0 0 0 0 0 0 0 0 0 0 0 0 1.21689 0 0 0 0 0 0 0 0 
0 0 0 0 0 0 0 0 0.380801 0 0 0 0 0 0 0 0.380801 0 0 0 0 0 0 0 -3.19538 0.608445 0.608445 0 0.608445 0 0 0 0 0 0 0 0 0 0 0 0 0 0 0 0 0 0 0 0 0 0 0 0 0 0 0 0.608445 0 0 0 0 0 0 0 
0 0 0 0 0 0 0 0 0 0.380801 0 0 0 0 0 0 0 0.380801 0 0 0 0 0 0 0.380801 -3.88041 0 0.912667 0 0.912667 0 0 0 0 0 0 0 0 0 0 0 0 0 0 0 0 0 0 0 0 0 0 0 0 0 0 0 0.912667 0 0 0 0 0 0 
0 0 0 0 0 0 0 0 0 0 0.380801 0 0 0 0 0 0 0 0.380801 0 0 0 0 0 0.380801 0 -3.88041 0.912667 0 0 0.912667 0 0 0 0 0 0 0 0 0 0 0 0 0 0 0 0 0 0 0 0 0 0 0 0 0 0 0 0.912667 0 0 0 0 0 
0 0 0 0 0 0 0 0 0 0 0 0.380801 0 0 0 0 0 0 0 0.380801 0 0 0 0 0 0.380801 0.380801 -3.95698 0 0 0 1.21689 0 0 0 0 0 0 0 0 0 0 0 0 0 0 0 0 0 0 0 0 0 0 0 0 0 0 0 1.21689 0 0 0 0 
0 0 0 0 0 0 0 0 0 0 0 0 0.380801 0 0 0 0 0 0 0 0.380801 0 0 0 0.380801 0 0 0 -3.88041 0.912667 0.912667 0 0 0 0 0 0 0 0 0 0 0 0 0 0 0 0 0 0 0 0 0 0 0 0 0 0 0 0 0 0.912667 0 0 0 
0 0 0 0 0 0 0 0 0 0 0 0 0 0.380801 0 0 0 0 0 0 0 0.380801 0 0 0 0.380801 0 0 0.380801 -3.95698 0 1.21689 0 0 0 0 0 0 0 0 0 0 0 0 0 0 0 0 0 0 0 0 0 0 0 0 0 0 0 0 0 1.21689 0 0 
0 0 0 0 0 0 0 0 0 0 0 0 0 0 0.380801 0 0 0 0 0 0 0 0.380801 0 0 0 0.380801 0 0.380801 0 -3.95698 1.21689 0 0 0 0 0 0 0 0 0 0 0 0 0 0 0 0 0 0 0 0 0 0 0 0 0 0 0 0 0 0 1.21689 0 
0 0 0 0 0 0 0 0 0 0 0 0 0 0 0 0.380801 0 0 0 0 0 0 0 0.380801 0 0 0 0.380801 0 0.380801 0.380801 -3.42512 0 0 0 0 0 0 0 0 0 0 0 0 0 0 0 0 0 0 0 0 0 0 0 0 0 0 0 0 0 0 0 1.52111 
0.380801 0 0 0 0 0 0 0 0 0 0 0 0 0 0 0 0 0 0 0 0 0 0 0 0 0 0 0 0 0 0 0 -1.90191 0.304222 0.304222 0 0.304222 0 0 0 0.304222 0 0 0 0 0 0 0 0.304222 0 0 0 0 0 0 0 0 0 0 0 0 0 0 0 
0 0.380801 0 0 0 0 0 0 0 0 0 0 0 0 0 0 0 0 0 0 0 0 0 0 0 0 0 0 0 0 0 0 0.380801 -3.19538 0 0.608445 0 0.608445 0 0 0 0.608445 0 0 0 0 0 0 0 0.608445 0 0 0 0 0 0 0 0 0 0 0 0 0 0 
0 0 0.380801 0 0 0 0 0 0 0 0 0 0 0 0 0 0 0 0 0 0 0 0 0 0 0 0 0 0 0 0 0 0.380801 0 -3.19538 0.608445 0 0 0.608445 0 0 0 0.608445 0 0 0 0 0 0 0 0.608445 0 0 0 0 0 0 0 0 0 0 0 0 0 
0 0 0 0.380801 0 0 0 0 0 0 0 0 0 0 0 0 0 0 0 0 0 0 0 0 0 0 0 0 0 0 0 0 0 0.380801 0.380801 -3.88041 0 0 0 0.912667 0 0 0 0.912667 0 0 0 0 0 0 0 0.912667 0 0 0 0 0 0 0 0 0 0 0 0 
0 0 0 0 0.380801 0 0 0 0 0 0 0 0 0 0 0 0 0 0 0 0 0 0 0 0 0 0 0 0 0 0 0 0.380801 0 0 0 -3.19538 0.608445 0.608445 0 0 0 0 0 0.608445 0 0 0 0 0 0 0 0.608445 0 0 0 0 0 0 0 0 0 0 0 
0 0 0 0 0 0.380801 0 0 0 0 0 0 0 0 0 0 0 0 0 0 0 0 0 0 0 0 0 0 0 0 0 0 0 0.380801 0 0 0.380801 -3.88041 0 0.912667 0 0 0 0 0 0.912667 0 0 0 0 0 0 0 0.912667 0 0 0 0 0 0 0 0 0 0 
0 0 0 0 0 0 0.380801 0 0 0 0 0 0 0 0 0 0 0 0 0 0 0 0 0 0 0 0 0 0 0 0 0 0 0 0.380801 0 0.380801 0 -3.88041 0.912667 0 0 0 0 0 0 0.912667 0 0 0 0 0 0 0 0.912667 0 0 0 0 0 0 0 0 0 
0 0 0 0 0 0 0 0.380801 0 0 0 0 0 0 0 0 0 0 0 0 0 0 0 0 0 0 0 0 0 0 0 0 0 0 0 0.380801 0 0.380801 0.380801 -3.95698 0 0 0 0 0 0 0 1.21689 0 0 0 0 0 0 0 1.21689 0 0 0 0 0 0 0 0 
0 0 0 0 0 0 0 0 0.380801 0 0 0 0 0 0 0 0 0 0 0 0 0 0 0 0 0 0 0 0 0 0 0 0.380801 0 0 0 0 0 0 0 -3.19538 0.608445 0.608445 0 0.608445 0 0 0 0 0 0 0 0 0 0 0 0.608445 0 0 0 0 0 0 0 
0 0 0 0 0 0 0 0 0 0.380801 0 0 0 0 0 0 0 0 0 0 0 0 0 0 0 0 0 0 0 0 0 0 0 0.380801 0 0 0 0 0 0 0.380801 -3.88041 0 0.912667 0 0.912667 0 0 0 0 0 0 0 0 0 0 0 0.912667 0 0 0 0 0 0 
0 0 0 0 0 0 0 0 0 0 0.380801 0 0 0 0 0 0 0 0 0 0 0 0 0 0 0 0 0 0 0 0 0 0 0 0.380801 0 0 0 0 0 0.380801 0 -3.88041 0.912667 0 0 0.912667 0 0 0 0 0 0 0 0 0 0 0 0.912667 0 0 0 0 0 
0 0 0 0 0 0 0 0 0 0 0 0.380801 0 0 0 0 0 0 0 0 0 0 0 0 0 0 0 0 0 0 0 0 0 0 0 0.380801 0 0 0 0 0 0.380801 0.380801 -3.95698 0 0 0 1.21689 0 0 0 0 0 0 0 0 0 0 0 1.21689 0 0 0 0 
0 0 0 0 0 0 0 0 0 0 0 0 0.380801 0 0 0 0 0 0 0 0 0 0 0 0 0 0 0 0 0 0 0 0 0 0 0 0.380801 0 0 0 0.380801 0 0 0 -3.88041 0.912667 0.912667 0 0 0 0 0 0 0 0 0 0 0 0 0 0.912667 0 0 0 
0 0 0 0 0 0 0 0 0 0 0 0 0 0.380801 0 0 0 0 0 0 0 0 0 0 0 0 0 0 0 0 0 0 0 0 0 0 0 0.380801 0 0 0 0.380801 0 0 0.380801 -3.95698 0 1.21689 0 0 0 0 0 0 0 0 0 0 0 0 0 1.21689 0 0 
0 0 0 0 0 0 0 0 0 0 0 0 0 0 0.380801 0 0 0 0 0 0 0 0 0 0 0 0 0 0 0 0 0 0 0 0 0 0 0 0.380801 0 0 0 0.380801 0 0.380801 0 -3.95698 1.21689 0 0 0 0 0 0 0 0 0 0 0 0 0 0 1.21689 0 
0 0 0 0 0 0 0 0 0 0 0 0 0 0 0 0.380801 0 0 0 0 0 0 0 0 0 0 0 0 0 0 0 0 0 0 0 0 0 0 0 0.380801 0 0 0 0.380801 0 0.380801 0.380801 -3.42512 0 0 0 0 0 0 0 0 0 0 0 0 0 0 0 1.52111 
0 0 0 0 0 0 0 0 0 0 0 0 0 0 0 0 0.380801 0 0 0 0 0 0 0 0 0 0 0 0 0 0 0 0.380801 0 0 0 0 0 0 0 0 0 0 0 0 0 0 0 -3.19538 0.608445 0.608445 0 0.608445 0 0 0 0.608445 0 0 0 0 0 0 0 
0 0 0 0 0 0 0 0 0 0 0 0 0 0 0 0 0 0.380801 0 0 0 0 0 0 0 0 0 0 0 0 0 0 0 0.380801 0 0 0 0 0 0 0 0 0 0 0 0 0 0 0.380801 -3.88041 0 0.912667 0 0.912667 0 0 0 0.912667 0 0 0 0 0 0 
0 0 0 0 0 0 0 0 0 0 0 0 0 0 0 0 0 0 0.380801 0 0 0 0 0 0 0 0 0 0 0 0 0 0 0 0.380801 0 0 0 0 0 0 0 0 0 0 0 0 0 0.380801 0 -3.88041 0.912667 0 0 0.912667 0 0 0 0.912667 0 0 0 0 0 
0 0 0 0 0 0 0 0 0 0 0 0 0 0 0 0 0 0 0 0.380801 0 0 0 0 0 0 0 0 0 0 0 0 0 0 0 0.380801 0 0 0 0 0 0 0 0 0 0 0 0 0 0.380801 0.380801 -3.95698 0 0 0 1.21689 0 0 0 1.21689 0 0 0 0 
0 0 0 0 0 0 0 0 0 0 0 0 0 0 0 0 0 0 0 0 0.380801 0 0 0 0 0 0 0 0 0 0 0 0 0 0 0 0.380801 0 0 0 0 0 0 0 0 0 0 0 0.380801 0 0 0 -3.88041 0.912667 0.912667 0 0 0 0 0 0.912667 0 0 0 
0 0 0 0 0 0 0 0 0 0 0 0 0 0 0 0 0 0 0 0 0 0.380801 0 0 0 0 0 0 0 0 0 0 0 0 0 0 0 0.380801 0 0 0 0 0 0 0 0 0 0 0 0.380801 0 0 0.380801 -3.95698 0 1.21689 0 0 0 0 0 1.21689 0 0 
0 0 0 0 0 0 0 0 0 0 0 0 0 0 0 0 0 0 0 0 0 0 0.380801 0 0 0 0 0 0 0 0 0 0 0 0 0 0 0 0.380801 0 0 0 0 0 0 0 0 0 0 0 0.380801 0 0.380801 0 -3.95698 1.21689 0 0 0 0 0 0 1.21689 0 
0 0 0 0 0 0 0 0 0 0 0 0 0 0 0 0 0 0 0 0 0 0 0 0.380801 0 0 0 0 0 0 0 0 0 0 0 0 0 0 0 0.380801 0 0 0 0 0 0 0 0 0 0 0 0.380801 0 0.380801 0.380801 -3.42512 0 0 0 0 0 0 0 1.52111 
0 0 0 0 0 0 0 0 0 0 0 0 0 0 0 0 0 0 0 0 0 0 0 0 0.380801 0 0 0 0 0 0 0 0 0 0 0 0 0 0 0 0.380801 0 0 0 0 0 0 0 0.380801 0 0 0 0 0 0 0 -3.88041 0.912667 0.912667 0 0.912667 0 0 0 
0 0 0 0 0 0 0 0 0 0 0 0 0 0 0 0 0 0 0 0 0 0 0 0 0 0.380801 0 0 0 0 0 0 0 0 0 0 0 0 0 0 0 0.380801 0 0 0 0 0 0 0 0.380801 0 0 0 0 0 0 0.380801 -3.95698 0 1.21689 0 1.21689 0 0 
0 0 0 0 0 0 0 0 0 0 0 0 0 0 0 0 0 0 0 0 0 0 0 0 0 0 0.380801 0 0 0 0 0 0 0 0 0 0 0 0 0 0 0 0.380801 0 0 0 0 0 0 0 0.380801 0 0 0 0 0 0.380801 0 -3.95698 1.21689 0 0 1.21689 0 
0 0 0 0 0 0 0 0 0 0 0 0 0 0 0 0 0 0 0 0 0 0 0 0 0 0 0 0.380801 0 0 0 0 0 0 0 0 0 0 0 0 0 0 0 0.380801 0 0 0 0 0 0 0 0.380801 0 0 0 0 0 0.380801 0.380801 -3.42512 0 0 0 1.52111 
0 0 0 0 0 0 0 0 0 0 0 0 0 0 0 0 0 0 0 0 0 0 0 0 0 0 0 0 0.380801 0 0 0 0 0 0 0 0 0 0 0 0 0 0 0 0.380801 0 0 0 0 0 0 0 0.380801 0 0 0 0.380801 0 0 0 -3.95698 1.21689 1.21689 0 
0 0 0 0 0 0 0 0 0 0 0 0 0 0 0 0 0 0 0 0 0 0 0 0 0 0 0 0 0 0.380801 0 0 0 0 0 0 0 0 0 0 0 0 0 0 0 0.380801 0 0 0 0 0 0 0 0.380801 0 0 0 0.380801 0 0 0.380801 -3.42512 0 1.52111 
0 0 0 0 0 0 0 0 0 0 0 0 0 0 0 0 0 0 0 0 0 0 0 0 0 0 0 0 0 0 0.380801 0 0 0 0 0 0 0 0 0 0 0 0 0 0 0 0.380801 0 0 0 0 0 0 0 0.380801 0 0 0 0.380801 0 0.380801 0 -3.42512 1.52111 
0 0 0 0 0 0 0 0 0 0 0 0 0 0 0 0 0 0 0 0 0 0 0 0 0 0 0 0 0 0 0 0.380801 0 0 0 0 0 0 0 0 0 0 0 0 0 0 0 0.380801 0 0 0 0 0 0 0 0.380801 0 0 0 0.380801 0 0.380801 0.380801 -2.28481 
