64
-0 0 0 0 0 0 0 0 0 0 0 0 0 0 0 0 0 0 0 0 0 0 0 0 0 0 0 0 0 0 0 0 0 0 0 0 0 0 0 0 0 0 0 0 0 0 0 0 0 0 0 0 0 0 0 0 0 0 0 0 0 0 0 0 
0.54709 -2.66075 0 0.422732 0 0.422732 0 0 0 0.422732 0 0 0 0 0 0 0 0.422732 0 0 0 0 0 0 0 0 0 0 0 0 0 0 0 0.422732 0 0 0 0 0 0 0 0 0 0 0 0 0 0 0 0 0 0 0 0 0 0 0 0 0 0 0 0 0 0 
0.54709 0 -2.66075 0.422732 0 0 0.422732 0 0 0 0.422732 0 0 0 0 0 0 0 0.422732 0 0 0 0 0 0 0 0 0 0 0 0 0 0 0 0.422732 0 0 0 0 0 0 0 0 0 0 0 0 0 0 0 0 0 0 0 0 0 0 0 0 0 0 0 0 0 
0 0.54709 0.54709 -4.47603 0 0 0 0.845463 0 0 0 0.845463 0 0 0 0 0 0 0 0.845463 0 0 0 0 0 0 0 0 0 0 0 0 0 0 0 0.845463 0 0 0 0 0 0 0 0 0 0 0 0 0 0 0 0 0 0 0 0 0 0 0 0 0 0 0 0 
0.54709 0 0 0 -2.66075 0.422732 0.422732 0 0 0 0 0 0.422732 0 0 0 0 0 0 0 0.422732 0 0 0 0 0 0 0 0 0 0 0 0 0 0 0 0.422732 0 0 0 0 0 0 0 0 0 0 0 0 0 0 0 0 0 0 0 0 0 0 0 0 0 0 0 
0 0.54709 0 0 0.54709 -4.47603 0 0.845463 0 0 0 0 0 0.845463 0 0 0 0 0 0 0 0.845463 0 0 0 0 0 0 0 0 0 0 0 0 0 0 0 0.845463 0 0 0 0 0 0 0 0 0 0 0 0 0 0 0 0 0 0 0 0 0 0 0 0 0 0 
0 0 0.54709 0 0.54709 0 -4.47603 0.845463 0 0 0 0 0 0 0.845463 0 0 0 0 0 0 0 0.845463 0 0 0 0 0 0 0 0 0 0 0 0 0 0 0 0.845463 0 0 0 0 0 0 0 0 0 0 0 0 0 0 0 0 0 0 0 0 0 0 0 0 0 
0 0 0 0.54709 0 0.54709 0.54709 -5.44585 0 0 0 0 0 0 0 1.26819 0 0 0 0 0 0 0 1.26819 0 0 0 0 0 0 0 0 0 0 0 0 0 0 0 1.26819 0 0 0 0 0 0 0 0 0 0 0 0 0 0 0 0 0 0 0 0 0 0 0 0 
0.54709 0 0 0 0 0 0 0 -2.66075 0.422732 0.422732 0 0.422732 0 0 0 0 0 0 0 0 0 0 0 0.422732 0 0 0 0 0 0 0 0 0 0 0 0 0 0 0 0.422732 0 0 0 0 0 0 0 0 0 0 0 0 0 0 0 0 0 0 0 0 0 0 0 
0 0.54709 0 0 0 0 0 0 0.54709 -4.47603 0 0.845463 0 0.845463 0 0 0 0 0 0 0 0 0 0 0 0.845463 0 0 0 0 0 0 0 0 0 0 0 0 0 0 0 0.845463 0 0 0 0 0 0 0 0 0 0 0 0 0 0 0 0 0 0 0 0 0 0 
0 0 0.54709 0 0 0 0 0 0.54709 0 -4.47603 0.845463 0 0 0.845463 0 0 0 0 0 0 0 0 0 0 0 0.845463 0 0 0 0 0 0 0 0 0 0 0 0 0 0 0 0.845463 0 0 0 0 0 0 0 0 0 0 0 0 0 0 0 0 0 0 0 0 0 
0 0 0 0.54709 0 0 0 0 0 0.54709 0.54709 -5.44585 0 0 0 1.26819 0 0 0 0 0 0 0 0 0 0 0 1.26819 0 0 0 0 0 0 0 0 0 0 0 0 0 0 0 1.26819 0 0 0 0 0 0 0 0 0 0 0 0 0 0 0 0 0 0 0 0 
0 0 0 0 0.54709 0 0 0 0.54709 0 0 0 -4.47603 0.845463 0.845463 0 0 0 0 0 0 0 0 0 0 0 0 0 0.845463 0 0 0 0 0 0 0 0 0 0 0 0 0 0 0 0.845463 0 0 0 0 0 0 0 0 0 0 0 0 0 0 0 0 0 0 0 
0 0 0 0 0 0.54709 0 0 0 0.54709 0 0 0.54709 -5.44585 0 1.26819 0 0 0 0 0 0 0 0 0 0 0 0 0 1.26819 0 0 0 0 0 0 0 0 0 0 0 0 0 0 0 1.26819 0 0 0 0 0 0 0 0 0 0 0 0 0 0 0 0 0 0 
0 0 0 0 0 0 0.54709 0 0 0 0.54709 0 0.54709 0 -5.44585 1.26819 0 0 0 0 0 0 0 0 0 0 0 0 0 0 1.26819 0 0 0 0 0 0 0 0 0 0 0 0 0 0 0 1.26819 0 0 0 0 0 0 0 0 0 0 0 0 0 0 0 0 0 
0 0 0 0 0 0 0 0.54709 0 0 0 0.54709 0 0.54709 0.54709 -5.57021 0 0 0 0 0 0 0 0 0 0 0 0 0 0 0 1.69093 0 0 0 0 0 0 0 0 0 0 0 0 0 0 0 1.69093 0 0 0 0 0 0 0 0 0 0 0 0 0 0 0 0 
0.54709 0 0 0 0 0 0 0 0 0 0 0 0 0 0 0 -2.66075 0.422732 0.422732 0 0.422732 0 0 0 0.422732 0 0 0 0 0 0 0 0 0 0 0 0 0 0 0 0 0 0 0 0 0 0 0 0.422732 0 0 0 0 0 0 0 0 0 0 0 0 0 0 0 
0 0.54709 0 0 0 0 0 0 0 0 0 0 0 0 0 0 0.54709 -4.47603 0 0.845463 0 0.845463 0 0 0 0.845463 0 0 0 0 0 0 0 0 0 0 0 0 0 0 0 0 0 0 0 0 0 0 0 0.845463 0 0 0 0 0 0 0 0 0 0 0 0 0 0 
0 0 0.54709 0 0 0 0 0 0 0 0 0 0 0 0 0 0.54709 0 -4.47603 0.845463 0 0 0.845463 0 0 0 0.845463 0 0 0 0 0 0 0 0 0 0 0 0 0 0 0 0 0 0 0 0 0 0 0 0.845463 0 0 0 0 0 0 0 0 0 0 0 0 0 
0 0 0 0.54709 0 0 0 0 0 0 0 0 0 0 0 0 0 0.54709 0.54709 -5.44585 0 0 0 1.26819 0 0 0 1.26819 0 0 0 0 0 0 0 0 0 0 0 0 0 0 0 0 0 0 0 0 0 0 0 1.26819 0 0 0 0 0 0 0 0 0 0 0 0 
0 0 0 0 0.54709 0 0 0 0 0 0 0 0 0 0 0 0.54709 0 0 0 -4.47603 0.845463 0.845463 0 0 0 0 0 0.845463 0 0 0 0 0 0 0 0 0 0 0 0 0 0 0 0 0 0 0 0 0 0 0 0.845463 0 0 0 0 0 0 0 0 0 0 0 
0 0 0 0 0 0.54709 0 0 0 0 0 0 0 0 0 0 0 0.54709 0 0 0.54709 -5.44585 0 1.26819 0 0 0 0 0 1.26819 0 0 0 0 0 0 0 0 0 0 0 0 0 0 0 0 0 0 0 0 0 0 0 1.26819 0 0 0 0 0 0 0 0 0 0 
0 0 0 0 0 0 0.54709 0 0 0 0 0 0 0 0 0 0 0 0.54709 0 0.54709 0 -5.44585 1.26819 0 0 0 0 0 0 1.26819 0 0 0 0 0 0 0 0 0 0 0 0 0 0 0 0 0 0 0 0 0 0 0 1.26819 0 0 0 0 0 0 0 0 0 
0 0 0 0 0 0 0 0.54709 0 0 0 0 0 0 0 0 0 0 0 0.54709 0 0.54709 0.54709 -5.57021 0 0 0 0 0 0 0 1.69093 0 0 0 0 0 0 0 0 0 0 0 0 0 0 0 0 0 0 0 0 0 0 0 1.69093 0 0 0 0 0 0 0 0 
0 0 0 0 0 0 0 0 0.54709 0 0 0 0 0 0 0 0.54709 0 0 0 0 0 0 0 -4.47603 0.845463 0.845463 0 0.845463 0 0 0 0 0 0 0 0 0 0 0 0 0 0 0 0 0 0 0 0 0 0 0 0 0 0 0 0.845463 0 0 0 0 0 0 0 
0 0 0 0 0 0 0 0 0 0.54709 0 0 0 0 0 0 0 0.54709 0 0 0 0 0 0 0.54709 -5.44585 0 1.26819 0 1.26819 0 0 0 0 0 0 0 0 0 0 0 0 0 0 0 0 0 0 0 0 0 0 0 0 0 0 0 1.26819 0 0 0 0 0 0 
0 0 0 0 0 0 0 0 0 0 0.54709 0 0 0 0 0 0 0 0.54709 0 0 0 0 0 0.54709 0 -5.44585 1.26819 0 0 1.26819 0 0 0 0 0 0 0 0 0 0 0 0 0 0 0 0 0 0 0 0 0 0 0 0 0 0 0 1.26819 0 0 0 0 0 
0 0 0 0 0 0 0 0 0 0 0 0.54709 0 0 0 0 0 0 0 0.54709 0 0 0 0 0 0.54709 0.54709 -5.57021 0 0 0 1.69093 0 0 0 0 0 0 0 0 0 0 0 0 0 0 0 0 0 0 0 0 0 0 0 0 0 0 0 1.69093 0 0 0 0 
0 0 0 0 0 0 0 0 0 0 0 0 0.54709 0 0 0 0 0 0 0 0.54709 0 0 0 0.54709 0 0 0 -5.44585 1.26819 1.26819 0 0 0 0 0 0 0 0 0 0 0 0 0 0 0 0 0 0 0 0 0 0 0 0 0 0 0 0 0 1.26819 0 0 0 
0 0 0 0 0 0 0 0 0 0 0 0 0 0.54709 0 0 0 0 0 0 0 0.54709 0 0 0 0.54709 0 0 0.54709 -5.57021 0 1.69093 0 0 0 0 0 0 0 0 0 0 0 0 0 0 0 0 0 0 0 0 0 0 0 0 0 0 0 0 0 1.69093 0 0 
0 0 0 0 0 0 0 0 0 0 0 0 0 0 0.54709 0 0 0 0 0 0 0 0.54709 0 0 0 0.54709 0 0.54709 0 -5.57021 1.69093 0 0 0 0 0 0 0 0 0 0 0 0 0 0 0 0 0 0 0 0 0 0 0 0 0 0 0 0 0 0 1.69093 0 
0 0 0 0 0 0 0 0 0 0 0 0 0 0 0 0.54709 0 0 0 0 0 0 0 0.54709 0 0 0 0.54709 0 0.54709 0.54709 -4.84911 0 0 0 0 0 0 0 0 0 0 0 0 0 0 0 0 0 0 0 0 0 0 0 0 0 0 0 0 0 0 0 2.11366 
0.54709 0 0 0 0 0 0 0 0 0 0 0 0 0 0 0 0 0 0 0 0 0 0 0 0 0 0 0 0 0 0 0 -2.66075 0.422732 0.422732 0 0.422732 0 0 0 0.422732 0 0 0 0 0 0 0 0.422732 0 0 0 0 0 0 0 0 0 0 0 0 0 0 0 
0 0.54709 0 0 0 0 0 0 0 0 0 0 0 0 0 0 0 0 0 0 0 0 0 0 0 0 0 0 0 0 0 0 0.54709 -4.47603 0 0.845463 0 0.845463 0 0 0 0.845463 0 0 0 0 0 0 0 0.845463 0 0 0 0 0 0 0 0 0 0 0 0 0 0 
0 0 0.54709 0 0 0 0 0 0 0 0 0 0 0 0 0 0 0 0 0 0 0 0 0 0 0 0 0 0 0 0 0 0.54709 0 -4.47603 0.845463 0 0 0.845463 0 0 0 0.845463 0 0 0 0 0 0 0 0.845463 0 0 0 0 0 0 0 0 0 0 0 0 0 
0 0 0 0.54709 0 0 0 0 0 0 0 0 0 0 0 0 0 0 0 0 0 0 0 0 0 0 0 0 0 0 0 0 0 0.54709 0.54709 -5.44585 0 0 0 1.26819 0 0 0 1.26819 0 0 0 0 0 0 0 1.26819 0 0 0 0 0 0 0 0 0 0 0 0 
0 0 0 0 0.54709 0 0 0 0 0 0 0 0 0 0 0 0 0 0 0 0 0 0 0 0 0 0 0 0 0 0 0 0.54709 0 0 0 -4.47603 0.845463 0.845463 0 0 0 0 0 0.845463 0 0 0 0 0 0 0 0.845463 0 0 0 0 0 0 0 0 0 0 0 
0 0 0 0 0 0.54709 0 0 0 0 0 0 0 0 0 0 0 0 0 0 0 0 0 0 0 0 0 0 0 0 0 0 0 0.54709 0 0 0.54709 -5.44585 0 1.26819 0 0 0 0 0 1.26819 0 0 0 0 0 0 0 1.26819 0 0 0 0 0 0 0 0 0 0 
0 0 0 0 0 0 0.54709 0 0 0 0 0 0 0 0 0 0 0 0 0 0 0 0 0 0 0 0 0 0 0 0 0 0 0 0.54709 0 0.54709 0 -5.44585 1.26819 0 0 0 0 0 0 1.26819 0 0 0 0 0 0 0 1.26819 0 0 0 0 0 0 0 0 0 
0 0 0 0 0 0 0 0.54709 0 0 0 0 0 0 0 0 0 0 0 0 0 0 0 0 0 0 0 0 0 0 0 0 0 0 0 0.54709 0 0.54709 0.54709 -5.57021 0 0 0 0 0 0 0 1.69093 0 0 0 0 0 0 0 1.69093 0 0 0 0 0 0 0 0 
0 0 0 0 0 0 0 0 0.54709 0 0 0 0 0 0 0 0 0 0 0 0 0 0 0 0 0 0 0 0 0 0 0 0.54709 0 0 0 0 0 0 0 -4.47603 0.845463 0.845463 0 0.845463 0 0 0 0 0 0 0 0 0 0 0 0.845463 0 0 0 0 0 0 0 
0 0 0 0 0 0 0 0 0 0.54709 0 0 0 0 0 0 0 0 0 0 0 0 0 0 0 0 0 0 0 0 0 0 0 0.54709 0 0 0 0 0 0 0.54709 -5.44585 0 1.26819 0 1.26819 0 0 0 0 0 0 0 0 0 0 0 1.26819 0 0 0 0 0 0 
0 0 0 0 0 0 0 0 0 0 0.54709 0 0 0 0 0 0 0 0 0 0 0 0 0 0 0 0 0 0 0 0 0 0 0 0.54709 0 0 0 0 0 0.54709 0 -5.44585 1.26819 0 0 1.26819 0 0 0 0 0 0 0 0 0 0 0 1.26819 0 0 0 0 0 
0 0 0 0 0 0 0 0 0 0 0 0.54709 0 0 0 0 0 0 0 0 0 0 0 0 0 0 0 0 0 0 0 0 0 0 0 0.54709 0 0 0 0 0 0.54709 0.54709 -5.57021 0 0 0 1.69093 0 0 0 0 0 0 0 0 0 0 0 1.69093 0 0 0 0 
0 0 0 0 0 0 0 0 0 0 0 0 0.54709 0 0 0 0 0 0 0 0 0 0 0 0 0 0 0 0 0 0 0 0 0 0 0 0.54709 0 0 0 0.54709 0 0 0 -5.44585 1.26819 1.26819 0 0 0 0 0 0 0 0 0 0 0 0 0 1.26819 0 0 0 
0 0 0 0 0 0 0 0 0 0 0 0 0 0.54709 0 0 0 0 0 0 0 0 0 0 0 0 0 0 0 0 0 0 0 0 0 0 0 0.54709 0 0 0 0.54709 0 0 0.54709 -5.57021 0 1.69093 0 0 0 0 0 0 0 0 0 0 0 0 0 1.69093 0 0 
0 0 0 0 0 0 0 0 0 0 0 0 0 0 0.54709 0 0 0 0 0 0 0 0 0 0 0 0 0 0 0 0 0 0 0 0 0 0 0 0.54709 0 0 0 0.54709 0 0.54709 0 -5.57021 1.69093 0 0 0 0 0 0 0 0 0 0 0 0 0 0 1.69093 0 
0 0 0 0 0 0 0 0 0 0 0 0 0 0 0 0.54709 0 0 0 0 0 0 0 0 0 0 0 0 0 0 0 0 0 0 0 0 0 0 0 0.54709 0 0 0 0.54709 0 0.54709 0.54709 -4.84911 0 0 0 0 0 0 0 0 0 0 0 0 0 0 0 2.11366 
0 0 0 0 0 0 0 0 0 0 0 0 0 0 0 0 0.54709 0 0 0 0 0 0 0 0 0 0 0 0 0 0 0 0.54709 0 0 0 0 0 0 0 0 0 0 0 0 0 0 0 -4.47603 0.845463 0.845463 0 0.845463 0 0 0 0.845463 0 0 0 0 0 0 0 
0 0 0 0 0 0 0 0 0 0 0 0 0 0 0 0 0 0.54709 0 0 0 0 0 0 0 0 0 0 0 0 0 0 0 0.54709 0 0 0 0 0 0 0 0 0 0 0 0 0 0 0.54709 -5.44585 0 1.26819 0 1.26819 0 0 0 1.26819 0 0 0 0 0 0 
0 0 0 0 0 0 0 0 0 0 0 0 0 0 0 0 0 0 0.54709 0 0 0 0 0 0 0 0 0 0 0 0 0 0 0 0.54709 0 0 0 0 0 0 0 0 0 0 0 0 0 0.54709 0 -5.44585 1.26819 0 0 1.26819 0 0 0 1.26819 0 0 0 0 0 
0 0 0 0 0 0 0 0 0 0 0 0 0 0 0 0 0 0 0 0.54709 0 0 0 0 0 0 0 0 0 0 0 0 0 0 0 0.54709 0 0 0 0 0 0 0 0 0 0 0 0 0 0.54709 0.54709 -5.57021 0 0 0 1.69093 0 0 0 1.69093 0 0 0 0 
0 0 0 0 0 0 0 0 0 0 0 0 0 0 0 0 0 0 0 0 0.54709 0 0 0 0 0 0 0 0 0 0 0 0 0 0 0 0.54709 0 0 0 0 0 0 0 0 0 0 0 0.54709 0 0 0 -5.44585 1.26819 1.26819 0 0 0 0 0 1.26819 0 0 0 
0 0 0 0 0 0 0 0 0 0 0 0 0 0 0 0 0 0 0 0 0 0.54709 0 0 0 0 0 0 0 0 0 0 0 0 0 0 0 0.54709 0 0 0 0 0 0 0 0 0 0 0 0.54709 0 0 0.54709 -5.57021 0 1.69093 0 0 0 0 0 1.69093 0 0 
0 0 0 0 0 0 0 0 0 0 0 0 0 0 0 0 0 0 0 0 0 0 0.54709 0 0 0 0 0 0 0 0 0 0 0 0 0 0 0 0.54709 0 0 0 0 0 0 0 0 0 0 0 0.54709 0 0.54709 0 -5.57021 1.69093 0 0 0 0 0 0 1.69093 0 
0 0 0 0 0 0 0 0 0 0 0 0 0 0 0 0 0 0 0 0 0 0 0 0.54709 0 0 0 0 0 0 0 0 0 0 0 0 0 0 0 0.54709 0 0 0 0 0 0 0 0 0 0 0 0.54709 0 0.54709 0.54709 -4.84911 0 0 0 0 0 0 0 2.11366 
0 0 0 0 0 0 0 0 0 0 0 0 0 0 0 0 0 0 0 0 0 0 0 0 0.54709 0 0 0 0 0 0 0 0 0 0 0 0 0 0 0 0.54709 0 0 0 0 0 0 0 0.54709 0 0 0 0 0 0 0 -5.44585 1.26819 1.26819 0 1.26819 0 0 0 
0 0 0 0 0 0 0 0 0 0 0 0 0 0 0 0 0 0 0 0 0 0 0 0 0 0.54709 0 0 0 0 0 0 0 0 0 0 0 0 0 0 0 0.54709 0 0 0 0 0 0 0 0.54709 0 0 0 0 0 0 0.54709 -5.57021 0 1.69093 0 1.69093 0 0 
0 0 0 0 0 0 0 0 0 0 0 0 0 0 0 0 0 0 0 0 0 0 0 0 0 0 0.54709 0 0 0 0 0 0 0 0 0 0 0 0 0 0 0 0.54709 0 0 0 0 0 0 0 0.54709 0 0 0 0 0 0.54709 0 -5.57021 1.69093 0 0 1.69093 0 
0 0 0 0 0 0 0 0 0 0 0 0 0 0 0 0 0 0 0 0 0 0 0 0 0 0 0 0.54709 0 0 0 0 0 0 0 0 0 0 0 0 0 0 0 0.54709 0 0 0 0 0 0 0 0.54709 0 0 0 0 0 0.54709 0.54709 -4.84911 0 0 0 2.11366 
0 0 0 0 0 0 0 0 0 0 0 0 0 0 0 0 0 0 0 0 0 0 0 0 0 0 0 0 0.54709 0 0 0 0 0 0 0 0 0 0 0 0 0 0 0 0.54709 0 0 0 0 0 0 0 0.54709 0 0 0 0.54709 0 0 0 -5.57021 1.69093 1.69093 0 
0 0 0 0 0 0 0 0 0 0 0 0 0 0 0 0 0 0 0 0 0 0 0 0 0 0 0 0 0 0.54709 0 0 0 0 0 0 0 0 0 0 0 0 0 0 0 0.54709 0 0 0 0 0 0 0 0.54709 0 0 0 0.54709 0 0 0.54709 -4.84911 0 2.11366 
0 0 0 0 0 0 0 0 0 0 0 0 0 0 0 0 0 0 0 0 0 0 0 0 0 0 0 0 0 0 0.54709 0 0 0 0 0 0 0 0 0 0 0 0 0 0 0 0.54709 0 0 0 0 0 0 0 0.54709 0 0 0 0.54709 0 0.54709 0 -4.84911 2.11366 
0 0 0 0 0 0 0 0 0 0 0 0 0 0 0 0 0 0 0 0 0 0 0 0 0 0 0 0 0 0 0 0.54709 0 0 0 0 0 0 0 0 0 0 0 0 0 0 0 0.54709 0 0 0 0 0 0 0 0.54709 0 0 0 0.54709 0 0.54709 0.54709 -3.28254 
