64
-0 0 0 0 0 0 0 0 0 0 0 0 0 0 0 0 0 0 0 0 0 0 0 0 0 0 0 0 0 0 0 0 0 0 0 0 0 0 0 0 0 0 0 0 0 0 0 0 0 0 0 0 0 0 0 0 0 0 0 0 0 0 0 0 
0.212794 -1.23284 0 0.204008 0 0.204008 0 0 0 0.204008 0 0 0 0 0 0 0 0.204008 0 0 0 0 0 0 0 0 0 0 0 0 0 0 0 0.204008 0 0 0 0 0 0 0 0 0 0 0 0 0 0 0 0 0 0 0 0 0 0 0 0 0 0 0 0 0 0 
0.212794 0 -1.23284 0.204008 0 0 0.204008 0 0 0 0.204008 0 0 0 0 0 0 0 0.204008 0 0 0 0 0 0 0 0 0 0 0 0 0 0 0 0.204008 0 0 0 0 0 0 0 0 0 0 0 0 0 0 0 0 0 0 0 0 0 0 0 0 0 0 0 0 0 
0 0.212794 0.212794 -2.05765 0 0 0 0.408016 0 0 0 0.408016 0 0 0 0 0 0 0 0.408016 0 0 0 0 0 0 0 0 0 0 0 0 0 0 0 0.408016 0 0 0 0 0 0 0 0 0 0 0 0 0 0 0 0 0 0 0 0 0 0 0 0 0 0 0 0 
0.212794 0 0 0 -1.23284 0.204008 0.204008 0 0 0 0 0 0.204008 0 0 0 0 0 0 0 0.204008 0 0 0 0 0 0 0 0 0 0 0 0 0 0 0 0.204008 0 0 0 0 0 0 0 0 0 0 0 0 0 0 0 0 0 0 0 0 0 0 0 0 0 0 0 
0 0.212794 0 0 0.212794 -2.05765 0 0.408016 0 0 0 0 0 0.408016 0 0 0 0 0 0 0 0.408016 0 0 0 0 0 0 0 0 0 0 0 0 0 0 0 0.408016 0 0 0 0 0 0 0 0 0 0 0 0 0 0 0 0 0 0 0 0 0 0 0 0 0 0 
0 0 0.212794 0 0.212794 0 -2.05765 0.408016 0 0 0 0 0 0 0.408016 0 0 0 0 0 0 0 0.408016 0 0 0 0 0 0 0 0 0 0 0 0 0 0 0 0.408016 0 0 0 0 0 0 0 0 0 0 0 0 0 0 0 0 0 0 0 0 0 0 0 0 0 
0 0 0 0.212794 0 0.212794 0.212794 -2.47446 0 0 0 0 0 0 0 0.612024 0 0 0 0 0 0 0 0.612024 0 0 0 0 0 0 0 0 0 0 0 0 0 0 0 0.612024 0 0 0 0 0 0 0 0 0 0 0 0 0 0 0 0 0 0 0 0 0 0 0 0 
0.212794 0 0 0 0 0 0 0 -1.23284 0.204008 0.204008 0 0.204008 0 0 0 0 0 0 0 0 0 0 0 0.204008 0 0 0 0 0 0 0 0 0 0 0 0 0 0 0 0.204008 0 0 0 0 0 0 0 0 0 0 0 0 0 0 0 0 0 0 0 0 0 0 0 
0 0.212794 0 0 0 0 0 0 0.212794 -2.05765 0 0.408016 0 0.408016 0 0 0 0 0 0 0 0 0 0 0 0.408016 0 0 0 0 0 0 0 0 0 0 0 0 0 0 0 0.408016 0 0 0 0 0 0 0 0 0 0 0 0 0 0 0 0 0 0 0 0 0 0 
0 0 0.212794 0 0 0 0 0 0.212794 0 -2.05765 0.408016 0 0 0.408016 0 0 0 0 0 0 0 0 0 0 0 0.408016 0 0 0 0 0 0 0 0 0 0 0 0 0 0 0 0.408016 0 0 0 0 0 0 0 0 0 0 0 0 0 0 0 0 0 0 0 0 0 
0 0 0 0.212794 0 0 0 0 0 0.212794 0.212794 -2.47446 0 0 0 0.612024 0 0 0 0 0 0 0 0 0 0 0 0.612024 0 0 0 0 0 0 0 0 0 0 0 0 0 0 0 0.612024 0 0 0 0 0 0 0 0 0 0 0 0 0 0 0 0 0 0 0 0 
0 0 0 0 0.212794 0 0 0 0.212794 0 0 0 -2.05765 0.408016 0.408016 0 0 0 0 0 0 0 0 0 0 0 0 0 0.408016 0 0 0 0 0 0 0 0 0 0 0 0 0 0 0 0.408016 0 0 0 0 0 0 0 0 0 0 0 0 0 0 0 0 0 0 0 
0 0 0 0 0 0.212794 0 0 0 0.212794 0 0 0.212794 -2.47446 0 0.612024 0 0 0 0 0 0 0 0 0 0 0 0 0 0.612024 0 0 0 0 0 0 0 0 0 0 0 0 0 0 0 0.612024 0 0 0 0 0 0 0 0 0 0 0 0 0 0 0 0 0 0 
0 0 0 0 0 0 0.212794 0 0 0 0.212794 0 0.212794 0 -2.47446 0.612024 0 0 0 0 0 0 0 0 0 0 0 0 0 0 0.612024 0 0 0 0 0 0 0 0 0 0 0 0 0 0 0 0.612024 0 0 0 0 0 0 0 0 0 0 0 0 0 0 0 0 0 
0 0 0 0 0 0 0 0.212794 0 0 0 0.212794 0 0.212794 0.212794 -2.48324 0 0 0 0 0 0 0 0 0 0 0 0 0 0 0 0.816033 0 0 0 0 0 0 0 0 0 0 0 0 0 0 0 0.816033 0 0 0 0 0 0 0 0 0 0 0 0 0 0 0 0 
0.212794 0 0 0 0 0 0 0 0 0 0 0 0 0 0 0 -1.23284 0.204008 0.204008 0 0.204008 0 0 0 0.204008 0 0 0 0 0 0 0 0 0 0 0 0 0 0 0 0 0 0 0 0 0 0 0 0.204008 0 0 0 0 0 0 0 0 0 0 0 0 0 0 0 
0 0.212794 0 0 0 0 0 0 0 0 0 0 0 0 0 0 0.212794 -2.05765 0 0.408016 0 0.408016 0 0 0 0.408016 0 0 0 0 0 0 0 0 0 0 0 0 0 0 0 0 0 0 0 0 0 0 0 0.408016 0 0 0 0 0 0 0 0 0 0 0 0 0 0 
0 0 0.212794 0 0 0 0 0 0 0 0 0 0 0 0 0 0.212794 0 -2.05765 0.408016 0 0 0.408016 0 0 0 0.408016 0 0 0 0 0 0 0 0 0 0 0 0 0 0 0 0 0 0 0 0 0 0 0 0.408016 0 0 0 0 0 0 0 0 0 0 0 0 0 
0 0 0 0.212794 0 0 0 0 0 0 0 0 0 0 0 0 0 0.212794 0.212794 -2.47446 0 0 0 0.612024 0 0 0 0.612024 0 0 0 0 0 0 0 0 0 0 0 0 0 0 0 0 0 0 0 0 0 0 0 0.612024 0 0 0 0 0 0 0 0 0 0 0 0 
0 0 0 0 0.212794 0 0 0 0 0 0 0 0 0 0 0 0.212794 0 0 0 -2.05765 0.408016 0.408016 0 0 0 0 0 0.408016 0 0 0 0 0 0 0 0 0 0 0 0 0 0 0 0 0 0 0 0 0 0 0 0.408016 0 0 0 0 0 0 0 0 0 0 0 
0 0 0 0 0 0.212794 0 0 0 0 0 0 0 0 0 0 0 0.212794 0 0 0.212794 -2.47446 0 0.612024 0 0 0 0 0 0.612024 0 0 0 0 0 0 0 0 0 0 0 0 0 0 0 0 0 0 0 0 0 0 0 0.612024 0 0 0 0 0 0 0 0 0 0 
0 0 0 0 0 0 0.212794 0 0 0 0 0 0 0 0 0 0 0 0.212794 0 0.212794 0 -2.47446 0.612024 0 0 0 0 0 0 0.612024 0 0 0 0 0 0 0 0 0 0 0 0 0 0 0 0 0 0 0 0 0 0 0 0.612024 0 0 0 0 0 0 0 0 0 
0 0 0 0 0 0 0 0.212794 0 0 0 0 0 0 0 0 0 0 0 0.212794 0 0.212794 0.212794 -2.48324 0 0 0 0 0 0 0 0.816033 0 0 0 0 0 0 0 0 0 0 0 0 0 0 0 0 0 0 0 0 0 0 0 0.816033 0 0 0 0 0 0 0 0 
0 0 0 0 0 0 0 0 0.212794 0 0 0 0 0 0 0 0.212794 0 0 0 0 0 0 0 -2.05765 0.408016 0.408016 0 0.408016 0 0 0 0 0 0 0 0 0 0 0 0 0 0 0 0 0 0 0 0 0 0 0 0 0 0 0 0.408016 0 0 0 0 0 0 0 
0 0 0 0 0 0 0 0 0 0.212794 0 0 0 0 0 0 0 0.212794 0 0 0 0 0 0 0.212794 -2.47446 0 0.612024 0 0.612024 0 0 0 0 0 0 0 0 0 0 0 0 0 0 0 0 0 0 0 0 0 0 0 0 0 0 0 0.612024 0 0 0 0 0 0 
0 0 0 0 0 0 0 0 0 0 0.212794 0 0 0 0 0 0 0 0.212794 0 0 0 0 0 0.212794 0 -2.47446 0.612024 0 0 0.612024 0 0 0 0 0 0 0 0 0 0 0 0 0 0 0 0 0 0 0 0 0 0 0 0 0 0 0 0.612024 0 0 0 0 0 
0 0 0 0 0 0 0 0 0 0 0 0.212794 0 0 0 0 0 0 0 0.212794 0 0 0 0 0 0.212794 0.212794 -2.48324 0 0 0 0.816033 0 0 0 0 0 0 0 0 0 0 0 0 0 0 0 0 0 0 0 0 0 0 0 0 0 0 0 0.816033 0 0 0 0 
0 0 0 0 0 0 0 0 0 0 0 0 0.212794 0 0 0 0 0 0 0 0.212794 0 0 0 0.212794 0 0 0 -2.47446 0.612024 0.612024 0 0 0 0 0 0 0 0 0 0 0 0 0 0 0 0 0 0 0 0 0 0 0 0 0 0 0 0 0 0.612024 0 0 0 
0 0 0 0 0 0 0 0 0 0 0 0 0 0.212794 0 0 0 0 0 0 0 0.212794 0 0 0 0.212794 0 0 0.212794 -2.48324 0 0.816033 0 0 0 0 0 0 0 0 0 0 0 0 0 0 0 0 0 0 0 0 0 0 0 0 0 0 0 0 0 0.816033 0 0 
0 0 0 0 0 0 0 0 0 0 0 0 0 0 0.212794 0 0 0 0 0 0 0 0.212794 0 0 0 0.212794 0 0.212794 0 -2.48324 0.816033 0 0 0 0 0 0 0 0 0 0 0 0 0 0 0 0 0 0 0 0 0 0 0 0 0 0 0 0 0 0 0.816033 0 
0 0 0 0 0 0 0 0 0 0 0 0 0 0 0 0.212794 0 0 0 0 0 0 0 0.212794 0 0 0 0.212794 0 0.212794 0.212794 -2.08401 0 0 0 0 0 0 0 0 0 0 0 0 0 0 0 0 0 0 0 0 0 0 0 0 0 0 0 0 0 0 0 1.02004 
0.212794 0 0 0 0 0 0 0 0 0 0 0 0 0 0 0 0 0 0 0 0 0 0 0 0 0 0 0 0 0 0 0 -1.23284 0.204008 0.204008 0 0.204008 0 0 0 0.204008 0 0 0 0 0 0 0 0.204008 0 0 0 0 0 0 0 0 0 0 0 0 0 0 0 
0 0.212794 0 0 0 0 0 0 0 0 0 0 0 0 0 0 0 0 0 0 0 0 0 0 0 0 0 0 0 0 0 0 0.212794 -2.05765 0 0.408016 0 0.408016 0 0 0 0.408016 0 0 0 0 0 0 0 0.408016 0 0 0 0 0 0 0 0 0 0 0 0 0 0 
0 0 0.212794 0 0 0 0 0 0 0 0 0 0 0 0 0 0 0 0 0 0 0 0 0 0 0 0 0 0 0 0 0 0.212794 0 -2.05765 0.408016 0 0 0.408016 0 0 0 0.408016 0 0 0 0 0 0 0 0.408016 0 0 0 0 0 0 0 0 0 0 0 0 0 
0 0 0 0.212794 0 0 0 0 0 0 0 0 0 0 0 0 0 0 0 0 0 0 0 0 0 0 0 0 0 0 0 0 0 0.212794 0.212794 -2.47446 0 0 0 0.612024 0 0 0 0.612024 0 0 0 0 0 0 0 0.612024 0 0 0 0 0 0 0 0 0 0 0 0 
0 0 0 0 0.212794 0 0 0 0 0 0 0 0 0 0 0 0 0 0 0 0 0 0 0 0 0 0 0 0 0 0 0 0.212794 0 0 0 -2.05765 0.408016 0.408016 0 0 0 0 0 0.408016 0 0 0 0 0 0 0 0.408016 0 0 0 0 0 0 0 0 0 0 0 
0 0 0 0 0 0.212794 0 0 0 0 0 0 0 0 0 0 0 0 0 0 0 0 0 0 0 0 0 0 0 0 0 0 0 0.212794 0 0 0.212794 -2.47446 0 0.612024 0 0 0 0 0 0.612024 0 0 0 0 0 0 0 0.612024 0 0 0 0 0 0 0 0 0 0 
0 0 0 0 0 0 0.212794 0 0 0 0 0 0 0 0 0 0 0 0 0 0 0 0 0 0 0 0 0 0 0 0 0 0 0 0.212794 0 0.212794 0 -2.47446 0.612024 0 0 0 0 0 0 0.612024 0 0 0 0 0 0 0 0.612024 0 0 0 0 0 0 0 0 0 
0 0 0 0 0 0 0 0.212794 0 0 0 0 0 0 0 0 0 0 0 0 0 0 0 0 0 0 0 0 0 0 0 0 0 0 0 0.212794 0 0.212794 0.212794 -2.48324 0 0 0 0 0 0 0 0.816033 0 0 0 0 0 0 0 0.816033 0 0 0 0 0 0 0 0 
0 0 0 0 0 0 0 0 0.212794 0 0 0 0 0 0 0 0 0 0 0 0 0 0 0 0 0 0 0 0 0 0 0 0.212794 0 0 0 0 0 0 0 -2.05765 0.408016 0.408016 0 0.408016 0 0 0 0 0 0 0 0 0 0 0 0.408016 0 0 0 0 0 0 0 
0 0 0 0 0 0 0 0 0 0.212794 0 0 0 0 0 0 0 0 0 0 0 0 0 0 0 0 0 0 0 0 0 0 0 0.212794 0 0 0 0 0 0 0.212794 -2.47446 0 0.612024 0 0.612024 0 0 0 0 0 0 0 0 0 0 0 0.612024 0 0 0 0 0 0 
0 0 0 0 0 0 0 0 0 0 0.212794 0 0 0 0 0 0 0 0 0 0 0 0 0 0 0 0 0 0 0 0 0 0 0 0.212794 0 0 0 0 0 0.212794 0 -2.47446 0.612024 0 0 0.612024 0 0 0 0 0 0 0 0 0 0 0 0.612024 0 0 0 0 0 
0 0 0 0 0 0 0 0 0 0 0 0.212794 0 0 0 0 0 0 0 0 0 0 0 0 0 0 0 0 0 0 0 0 0 0 0 0.212794 0 0 0 0 0 0.212794 0.212794 -2.48324 0 0 0 0.816033 0 0 0 0 0 0 0 0 0 0 0 0.816033 0 0 0 0 
0 0 0 0 0 0 0 0 0 0 0 0 0.212794 0 0 0 0 0 0 0 0 0 0 0 0 0 0 0 0 0 0 0 0 0 0 0 0.212794 0 0 0 0.212794 0 0 0 -2.47446 0.612024 0.612024 0 0 0 0 0 0 0 0 0 0 0 0 0 0.612024 0 0 0 
0 0 0 0 0 0 0 0 0 0 0 0 0 0.212794 0 0 0 0 0 0 0 0 0 0 0 0 0 0 0 0 0 0 0 0 0 0 0 0.212794 0 0 0 0.212794 0 0 0.212794 -2.48324 0 0.816033 0 0 0 0 0 0 0 0 0 0 0 0 0 0.816033 0 0 
0 0 0 0 0 0 0 0 0 0 0 0 0 0 0.212794 0 0 0 0 0 0 0 0 0 0 0 0 0 0 0 0 0 0 0 0 0 0 0 0.212794 0 0 0 0.212794 0 0.212794 0 -2.48324 0.816033 0 0 0 0 0 0 0 0 0 0 0 0 0 0 0.816033 0 
0 0 0 0 0 0 0 0 0 0 0 0 0 0 0 0.212794 0 0 0 0 0 0 0 0 0 0 0 0 0 0 0 0 0 0 0 0 0 0 0 0.212794 0 0 0 0.212794 0 0.212794 0.212794 -2.08401 0 0 0 0 0 0 0 0 0 0 0 0 0 0 0 1.02004 
0 0 0 0 0 0 0 0 0 0 0 0 0 0 0 0 0.212794 0 0 0 0 0 0 0 0 0 0 0 0 0 0 0 0.212794 0 0 0 0 0 0 0 0 0 0 0 0 0 0 0 -2.05765 0.408016 0.408016 0 0.408016 0 0 0 0.408016 0 0 0 0 0 0 0 
0 0 0 0 0 0 0 0 0 0 0 0 0 0 0 0 0 0.212794 0 0 0 0 0 0 0 0 0 0 0 0 0 0 0 0.212794 0 0 0 0 0 0 0 0 0 0 0 0 0 0 0.212794 -2.47446 0 0.612024 0 0.612024 0 0 0 0.612024 0 0 0 0 0 0 
0 0 0 0 0 0 0 0 0 0 0 0 0 0 0 0 0 0 0.212794 0 0 0 0 0 0 0 0 0 0 0 0 0 0 0 0.212794 0 0 0 0 0 0 0 0 0 0 0 0 0 0.212794 0 -2.47446 0.612024 0 0 0.612024 0 0 0 0.612024 0 0 0 0 0 
0 0 0 0 0 0 0 0 0 0 0 0 0 0 0 0 0 0 0 0.212794 0 0 0 0 0 0 0 0 0 0 0 0 0 0 0 0.212794 0 0 0 0 0 0 0 0 0 0 0 0 0 0.212794 0.212794 -2.48324 0 0 0 0.816033 0 0 0 0.816033 0 0 0 0 
0 0 0 0 0 0 0 0 0 0 0 0 0 0 0 0 0 0 0 0 0.212794 0 0 0 0 0 0 0 0 0 0 0 0 0 0 0 0.212794 0 0 0 0 0 0 0 0 0 0 0 0.212794 0 0 0 -2.47446 0.612024 0.612024 0 0 0 0 0 0.612024 0 0 0 
0 0 0 0 0 0 0 0 0 0 0 0 0 0 0 0 0 0 0 0 0 0.212794 0 0 0 0 0 0 0 0 0 0 0 0 0 0 0 0.212794 0 0 0 0 0 0 0 0 0 0 0 0.212794 0 0 0.212794 -2.48324 0 0.816033 0 0 0 0 0 0.816033 0 0 
0 0 0 0 0 0 0 0 0 0 0 0 0 0 0 0 0 0 0 0 0 0 0.212794 0 0 0 0 0 0 0 0 0 0 0 0 0 0 0 0.212794 0 0 0 0 0 0 0 0 0 0 0 0.212794 0 0.212794 0 -2.48324 0.816033 0 0 0 0 0 0 0.816033 0 
0 0 0 0 0 0 0 0 0 0 0 0 0 0 0 0 0 0 0 0 0 0 0 0.212794 0 0 0 0 0 0 0 0 0 0 0 0 0 0 0 0.212794 0 0 0 0 0 0 0 0 0 0 0 0.212794 0 0.212794 0.212794 -2.08401 0 0 0 0 0 0 0 1.02004 
0 0 0 0 0 0 0 0 0 0 0 0 0 0 0 0 0 0 0 0 0 0 0 0 0.212794 0 0 0 0 0 0 0 0 0 0 0 0 0 0 0 0.212794 0 0 0 0 0 0 0 0.212794 0 0 0 0 0 0 0 -2.47446 0.612024 0.612024 0 0.612024 0 0 0 
0 0 0 0 0 0 0 0 0 0 0 0 0 0 0 0 0 0 0 0 0 0 0 0 0 0.212794 0 0 0 0 0 0 0 0 0 0 0 0 0 0 0 0.212794 0 0 0 0 0 0 0 0.212794 0 0 0 0 0 0 0.212794 -2.48324 0 0.816033 0 0.816033 0 0 
0 0 0 0 0 0 0 0 0 0 0 0 0 0 0 0 0 0 0 0 0 0 0 0 0 0 0.212794 0 0 0 0 0 0 0 0 0 0 0 0 0 0 0 0.212794 0 0 0 0 0 0 0 0.212794 0 0 0 0 0 0.212794 0 -2.48324 0.816033 0 0 0.816033 0 
0 0 0 0 0 0 0 0 0 0 0 0 0 0 0 0 0 0 0 0 0 0 0 0 0 0 0 0.212794 0 0 0 0 0 0 0 0 0 0 0 0 0 0 0 0.212794 0 0 0 0 0 0 0 0.212794 0 0 0 0 0 0.212794 0.212794 -2.08401 0 0 0 1.02004 
0 0 0 0 0 0 0 0 0 0 0 0 0 0 0 0 0 0 0 0 0 0 0 0 0 0 0 0 0.212794 0 0 0 0 0 0 0 0 0 0 0 0 0 0 0 0.212794 0 0 0 0 0 0 0 0.212794 0 0 0 0.212794 0 0 0 -2.48324 0.816033 0.816033 0 
0 0 0 0 0 0 0 0 0 0 0 0 0 0 0 0 0 0 0 0 0 0 0 0 0 0 0 0 0 0.212794 0 0 0 0 0 0 0 0 0 0 0 0 0 0 0 0.212794 0 0 0 0 0 0 0 0.212794 0 0 0 0.212794 0 0 0.212794 -2.08401 0 1.02004 
0 0 0 0 0 0 0 0 0 0 0 0 0 0 0 0 0 0 0 0 0 0 0 0 0 0 0 0 0 0 0.212794 0 0 0 0 0 0 0 0 0 0 0 0 0 0 0 0.212794 0 0 0 0 0 0 0 0.212794 0 0 0 0.212794 0 0.212794 0 -2.08401 1.02004 
0 0 0 0 0 0 0 0 0 0 0 0 0 0 0 0 0 0 0 0 0 0 0 0 0 0 0 0 0 0 0 0.212794 0 0 0 0 0 0 0 0 0 0 0 0 0 0 0 0.212794 0 0 0 0 0 0 0 0.212794 0 0 0 0.212794 0 0.212794 0.212794 -1.27677 
