32
-0 0 0 0 0 0 0 0 0 0 0 0 0 0 0 0 0 0 0 0 0 0 0 0 0 0 0 0 0 0 0 0 
0.480145 -2.59715 0 0.52925 0 0.52925 0 0 0 0.52925 0 0 0 0 0 0 0 0.52925 0 0 0 0 0 0 0 0 0 0 0 0 0 0 
0.480145 0 -2.59715 0.52925 0 0 0.52925 0 0 0 0.52925 0 0 0 0 0 0 0 0.52925 0 0 0 0 0 0 0 0 0 0 0 0 0 
0 0.480145 0.480145 -4.13579 0 0 0 1.0585 0 0 0 1.0585 0 0 0 0 0 0 0 1.0585 0 0 0 0 0 0 0 0 0 0 0 0 
0.480145 0 0 0 -2.59715 0.52925 0.52925 0 0 0 0 0 0.52925 0 0 0 0 0 0 0 0.52925 0 0 0 0 0 0 0 0 0 0 0 
0 0.480145 0 0 0.480145 -4.13579 0 1.0585 0 0 0 0 0 1.0585 0 0 0 0 0 0 0 1.0585 0 0 0 0 0 0 0 0 0 0 
0 0 0.480145 0 0.480145 0 -4.13579 1.0585 0 0 0 0 0 0 1.0585 0 0 0 0 0 0 0 1.0585 0 0 0 0 0 0 0 0 0 
0 0 0 0.480145 0 0.480145 0.480145 -4.61593 0 0 0 0 0 0 0 1.58775 0 0 0 0 0 0 0 1.58775 0 0 0 0 0 0 0 0 
0.480145 0 0 0 0 0 0 0 -2.59715 0.52925 0.52925 0 0.52925 0 0 0 0 0 0 0 0 0 0 0 0.52925 0 0 0 0 0 0 0 
0 0.480145 0 0 0 0 0 0 0.480145 -4.13579 0 1.0585 0 1.0585 0 0 0 0 0 0 0 0 0 0 0 1.0585 0 0 0 0 0 0 
0 0 0.480145 0 0 0 0 0 0.480145 0 -4.13579 1.0585 0 0 1.0585 0 0 0 0 0 0 0 0 0 0 0 1.0585 0 0 0 0 0 
0 0 0 0.480145 0 0 0 0 0 0.480145 0.480145 -4.61593 0 0 0 1.58775 0 0 0 0 0 0 0 0 0 0 0 1.58775 0 0 0 0 
0 0 0 0 0.480145 0 0 0 0.480145 0 0 0 -4.13579 1.0585 1.0585 0 0 0 0 0 0 0 0 0 0 0 0 0 1.0585 0 0 0 
0 0 0 0 0 0.480145 0 0 0 0.480145 0 0 0.480145 -4.61593 0 1.58775 0 0 0 0 0 0 0 0 0 0 0 0 0 1.58775 0 0 
0 0 0 0 0 0 0.480145 0 0 0 0.480145 0 0.480145 0 -4.61593 1.58775 0 0 0 0 0 0 0 0 0 0 0 0 0 0 1.58775 0 
0 0 0 0 0 0 0 0.480145 0 0 0 0.480145 0 0.480145 0.480145 -4.03758 0 0 0 0 0 0 0 0 0 0 0 0 0 0 0 2.117 
0.480145 0 0 0 0 0 0 0 0 0 0 0 0 0 0 0 -2.59715 0.52925 0.52925 0 0.52925 0 0 0 0.52925 0 0 0 0 0 0 0 
0 0.480145 0 0 0 0 0 0 0 0 0 0 0 0 0 0 0.480145 -4.13579 0 1.0585 0 1.0585 0 0 0 1.0585 0 0 0 0 0 0 
0 0 0.480145 0 0 0 0 0 0 0 0 0 0 0 0 0 0.480145 0 -4.13579 1.0585 0 0 1.0585 0 0 0 1.0585 0 0 0 0 0 
0 0 0 0.480145 0 0 0 0 0 0 0 0 0 0 0 0 0 0.480145 0.480145 -4.61593 0 0 0 1.58775 0 0 0 1.58775 0 0 0 0 
0 0 0 0 0.480145 0 0 0 0 0 0 0 0 0 0 0 0.480145 0 0 0 -4.13579 1.0585 1.0585 0 0 0 0 0 1.0585 0 0 0 
0 0 0 0 0 0.480145 0 0 0 0 0 0 0 0 0 0 0 0.480145 0 0 0.480145 -4.61593 0 1.58775 0 0 0 0 0 1.58775 0 0 
0 0 0 0 0 0 0.480145 0 0 0 0 0 0 0 0 0 0 0 0.480145 0 0.480145 0 -4.61593 1.58775 0 0 0 0 0 0 1.58775 0 
0 0 0 0 0 0 0 0.480145 0 0 0 0 0 0 0 0 0 0 0 0.480145 0 0.480145 0.480145 -4.03758 0 0 0 0 0 0 0 2.117 
0 0 0 0 0 0 0 0 0.480145 0 0 0 0 0 0 0 0.480145 0 0 0 0 0 0 0 -4.13579 1.0585 1.0585 0 1.0585 0 0 0 
0 0 0 0 0 0 0 0 0 0.480145 0 0 0 0 0 0 0 0.480145 0 0 0 0 0 0 0.480145 -4.61593 0 1.58775 0 1.58775 0 0 
0 0 0 0 0 0 0 0 0 0 0.480145 0 0 0 0 0 0 0 0.480145 0 0 0 0 0 0.480145 0 -4.61593 1.58775 0 0 1.58775 0 
0 0 0 0 0 0 0 0 0 0 0 0.480145 0 0 0 0 0 0 0 0.480145 0 0 0 0 0 0.480145 0.480145 -4.03758 0 0 0 2.117 
0 0 0 0 0 0 0 0 0 0 0 0 0.480145 0 0 0 0 0 0 0 0.480145 0 0 0 0.480145 0 0 0 -4.61593 1.58775 1.58775 0 
0 0 0 0 0 0 0 0 0 0 0 0 0 0.480145 0 0 0 0 0 0 0 0.480145 0 0 0 0.480145 0 0 0.480145 -4.03758 0 2.117 
0 0 0 0 0 0 0 0 0 0 0 0 0 0 0.480145 0 0 0 0 0 0 0 0.480145 0 0 0 0.480145 0 0.480145 0 -4.03758 2.117 
0 0 0 0 0 0 0 0 0 0 0 0 0 0 0 0.480145 0 0 0 0 0 0 0 0.480145 0 0 0 0.480145 0 0.480145 0.480145 -2.40072 
