32
-0 0 0 0 0 0 0 0 0 0 0 0 0 0 0 0 0 0 0 0 0 0 0 0 0 0 0 0 0 0 0 0 
0.31855 -1.84385 0 0.381325 0 0.381325 0 0 0 0.381325 0 0 0 0 0 0 0 0.381325 0 0 0 0 0 0 0 0 0 0 0 0 0 0 
0.31855 0 -1.84385 0.381325 0 0 0.381325 0 0 0 0.381325 0 0 0 0 0 0 0 0.381325 0 0 0 0 0 0 0 0 0 0 0 0 0 
0 0.31855 0.31855 -2.92505 0 0 0 0.76265 0 0 0 0.76265 0 0 0 0 0 0 0 0.76265 0 0 0 0 0 0 0 0 0 0 0 0 
0.31855 0 0 0 -1.84385 0.381325 0.381325 0 0 0 0 0 0.381325 0 0 0 0 0 0 0 0.381325 0 0 0 0 0 0 0 0 0 0 0 
0 0.31855 0 0 0.31855 -2.92505 0 0.76265 0 0 0 0 0 0.76265 0 0 0 0 0 0 0 0.76265 0 0 0 0 0 0 0 0 0 0 
0 0 0.31855 0 0.31855 0 -2.92505 0.76265 0 0 0 0 0 0 0.76265 0 0 0 0 0 0 0 0.76265 0 0 0 0 0 0 0 0 0 
0 0 0 0.31855 0 0.31855 0.31855 -3.2436 0 0 0 0 0 0 0 1.14398 0 0 0 0 0 0 0 1.14398 0 0 0 0 0 0 0 0 
0.31855 0 0 0 0 0 0 0 -1.84385 0.381325 0.381325 0 0.381325 0 0 0 0 0 0 0 0 0 0 0 0.381325 0 0 0 0 0 0 0 
0 0.31855 0 0 0 0 0 0 0.31855 -2.92505 0 0.76265 0 0.76265 0 0 0 0 0 0 0 0 0 0 0 0.76265 0 0 0 0 0 0 
0 0 0.31855 0 0 0 0 0 0.31855 0 -2.92505 0.76265 0 0 0.76265 0 0 0 0 0 0 0 0 0 0 0 0.76265 0 0 0 0 0 
0 0 0 0.31855 0 0 0 0 0 0.31855 0.31855 -3.2436 0 0 0 1.14398 0 0 0 0 0 0 0 0 0 0 0 1.14398 0 0 0 0 
0 0 0 0 0.31855 0 0 0 0.31855 0 0 0 -2.92505 0.76265 0.76265 0 0 0 0 0 0 0 0 0 0 0 0 0 0.76265 0 0 0 
0 0 0 0 0 0.31855 0 0 0 0.31855 0 0 0.31855 -3.2436 0 1.14398 0 0 0 0 0 0 0 0 0 0 0 0 0 1.14398 0 0 
0 0 0 0 0 0 0.31855 0 0 0 0.31855 0 0.31855 0 -3.2436 1.14398 0 0 0 0 0 0 0 0 0 0 0 0 0 0 1.14398 0 
0 0 0 0 0 0 0 0.31855 0 0 0 0.31855 0 0.31855 0.31855 -2.7995 0 0 0 0 0 0 0 0 0 0 0 0 0 0 0 1.5253 
0.31855 0 0 0 0 0 0 0 0 0 0 0 0 0 0 0 -1.84385 0.381325 0.381325 0 0.381325 0 0 0 0.381325 0 0 0 0 0 0 0 
0 0.31855 0 0 0 0 0 0 0 0 0 0 0 0 0 0 0.31855 -2.92505 0 0.76265 0 0.76265 0 0 0 0.76265 0 0 0 0 0 0 
0 0 0.31855 0 0 0 0 0 0 0 0 0 0 0 0 0 0.31855 0 -2.92505 0.76265 0 0 0.76265 0 0 0 0.76265 0 0 0 0 0 
0 0 0 0.31855 0 0 0 0 0 0 0 0 0 0 0 0 0 0.31855 0.31855 -3.2436 0 0 0 1.14398 0 0 0 1.14398 0 0 0 0 
0 0 0 0 0.31855 0 0 0 0 0 0 0 0 0 0 0 0.31855 0 0 0 -2.92505 0.76265 0.76265 0 0 0 0 0 0.76265 0 0 0 
0 0 0 0 0 0.31855 0 0 0 0 0 0 0 0 0 0 0 0.31855 0 0 0.31855 -3.2436 0 1.14398 0 0 0 0 0 1.14398 0 0 
0 0 0 0 0 0 0.31855 0 0 0 0 0 0 0 0 0 0 0 0.31855 0 0.31855 0 -3.2436 1.14398 0 0 0 0 0 0 1.14398 0 
0 0 0 0 0 0 0 0.31855 0 0 0 0 0 0 0 0 0 0 0 0.31855 0 0.31855 0.31855 -2.7995 0 0 0 0 0 0 0 1.5253 
0 0 0 0 0 0 0 0 0.31855 0 0 0 0 0 0 0 0.31855 0 0 0 0 0 0 0 -2.92505 0.76265 0.76265 0 0.76265 0 0 0 
0 0 0 0 0 0 0 0 0 0.31855 0 0 0 0 0 0 0 0.31855 0 0 0 0 0 0 0.31855 -3.2436 0 1.14398 0 1.14398 0 0 
0 0 0 0 0 0 0 0 0 0 0.31855 0 0 0 0 0 0 0 0.31855 0 0 0 0 0 0.31855 0 -3.2436 1.14398 0 0 1.14398 0 
0 0 0 0 0 0 0 0 0 0 0 0.31855 0 0 0 0 0 0 0 0.31855 0 0 0 0 0 0.31855 0.31855 -2.7995 0 0 0 1.5253 
0 0 0 0 0 0 0 0 0 0 0 0 0.31855 0 0 0 0 0 0 0 0.31855 0 0 0 0.31855 0 0 0 -3.2436 1.14398 1.14398 0 
0 0 0 0 0 0 0 0 0 0 0 0 0 0.31855 0 0 0 0 0 0 0 0.31855 0 0 0 0.31855 0 0 0.31855 -2.7995 0 1.5253 
0 0 0 0 0 0 0 0 0 0 0 0 0 0 0.31855 0 0 0 0 0 0 0 0.31855 0 0 0 0.31855 0 0.31855 0 -2.7995 1.5253 
0 0 0 0 0 0 0 0 0 0 0 0 0 0 0 0.31855 0 0 0 0 0 0 0 0.31855 0 0 0 0.31855 0 0.31855 0.31855 -1.59275 
