32
-0 0 0 0 0 0 0 0 0 0 0 0 0 0 0 0 0 0 0 0 0 0 0 0 0 0 0 0 0 0 0 0 
0.345064 -2.06379 0 0.429682 0 0.429682 0 0 0 0.429682 0 0 0 0 0 0 0 0.429682 0 0 0 0 0 0 0 0 0 0 0 0 0 0 
0.345064 0 -2.06379 0.429682 0 0 0.429682 0 0 0 0.429682 0 0 0 0 0 0 0 0.429682 0 0 0 0 0 0 0 0 0 0 0 0 0 
0 0.345064 0.345064 -3.26822 0 0 0 0.859364 0 0 0 0.859364 0 0 0 0 0 0 0 0.859364 0 0 0 0 0 0 0 0 0 0 0 0 
0.345064 0 0 0 -2.06379 0.429682 0.429682 0 0 0 0 0 0.429682 0 0 0 0 0 0 0 0.429682 0 0 0 0 0 0 0 0 0 0 0 
0 0.345064 0 0 0.345064 -3.26822 0 0.859364 0 0 0 0 0 0.859364 0 0 0 0 0 0 0 0.859364 0 0 0 0 0 0 0 0 0 0 
0 0 0.345064 0 0.345064 0 -3.26822 0.859364 0 0 0 0 0 0 0.859364 0 0 0 0 0 0 0 0.859364 0 0 0 0 0 0 0 0 0 
0 0 0 0.345064 0 0.345064 0.345064 -3.61329 0 0 0 0 0 0 0 1.28905 0 0 0 0 0 0 0 1.28905 0 0 0 0 0 0 0 0 
0.345064 0 0 0 0 0 0 0 -2.06379 0.429682 0.429682 0 0.429682 0 0 0 0 0 0 0 0 0 0 0 0.429682 0 0 0 0 0 0 0 
0 0.345064 0 0 0 0 0 0 0.345064 -3.26822 0 0.859364 0 0.859364 0 0 0 0 0 0 0 0 0 0 0 0.859364 0 0 0 0 0 0 
0 0 0.345064 0 0 0 0 0 0.345064 0 -3.26822 0.859364 0 0 0.859364 0 0 0 0 0 0 0 0 0 0 0 0.859364 0 0 0 0 0 
0 0 0 0.345064 0 0 0 0 0 0.345064 0.345064 -3.61329 0 0 0 1.28905 0 0 0 0 0 0 0 0 0 0 0 1.28905 0 0 0 0 
0 0 0 0 0.345064 0 0 0 0.345064 0 0 0 -3.26822 0.859364 0.859364 0 0 0 0 0 0 0 0 0 0 0 0 0 0.859364 0 0 0 
0 0 0 0 0 0.345064 0 0 0 0.345064 0 0 0.345064 -3.61329 0 1.28905 0 0 0 0 0 0 0 0 0 0 0 0 0 1.28905 0 0 
0 0 0 0 0 0 0.345064 0 0 0 0.345064 0 0.345064 0 -3.61329 1.28905 0 0 0 0 0 0 0 0 0 0 0 0 0 0 1.28905 0 
0 0 0 0 0 0 0 0.345064 0 0 0 0.345064 0 0.345064 0.345064 -3.09899 0 0 0 0 0 0 0 0 0 0 0 0 0 0 0 1.71873 
0.345064 0 0 0 0 0 0 0 0 0 0 0 0 0 0 0 -2.06379 0.429682 0.429682 0 0.429682 0 0 0 0.429682 0 0 0 0 0 0 0 
0 0.345064 0 0 0 0 0 0 0 0 0 0 0 0 0 0 0.345064 -3.26822 0 0.859364 0 0.859364 0 0 0 0.859364 0 0 0 0 0 0 
0 0 0.345064 0 0 0 0 0 0 0 0 0 0 0 0 0 0.345064 0 -3.26822 0.859364 0 0 0.859364 0 0 0 0.859364 0 0 0 0 0 
0 0 0 0.345064 0 0 0 0 0 0 0 0 0 0 0 0 0 0.345064 0.345064 -3.61329 0 0 0 1.28905 0 0 0 1.28905 0 0 0 0 
0 0 0 0 0.345064 0 0 0 0 0 0 0 0 0 0 0 0.345064 0 0 0 -3.26822 0.859364 0.859364 0 0 0 0 0 0.859364 0 0 0 
0 0 0 0 0 0.345064 0 0 0 0 0 0 0 0 0 0 0 0.345064 0 0 0.345064 -3.61329 0 1.28905 0 0 0 0 0 1.28905 0 0 
0 0 0 0 0 0 0.345064 0 0 0 0 0 0 0 0 0 0 0 0.345064 0 0.345064 0 -3.61329 1.28905 0 0 0 0 0 0 1.28905 0 
0 0 0 0 0 0 0 0.345064 0 0 0 0 0 0 0 0 0 0 0 0.345064 0 0.345064 0.345064 -3.09899 0 0 0 0 0 0 0 1.71873 
0 0 0 0 0 0 0 0 0.345064 0 0 0 0 0 0 0 0.345064 0 0 0 0 0 0 0 -3.26822 0.859364 0.859364 0 0.859364 0 0 0 
0 0 0 0 0 0 0 0 0 0.345064 0 0 0 0 0 0 0 0.345064 0 0 0 0 0 0 0.345064 -3.61329 0 1.28905 0 1.28905 0 0 
0 0 0 0 0 0 0 0 0 0 0.345064 0 0 0 0 0 0 0 0.345064 0 0 0 0 0 0.345064 0 -3.61329 1.28905 0 0 1.28905 0 
0 0 0 0 0 0 0 0 0 0 0 0.345064 0 0 0 0 0 0 0 0.345064 0 0 0 0 0 0.345064 0.345064 -3.09899 0 0 0 1.71873 
0 0 0 0 0 0 0 0 0 0 0 0 0.345064 0 0 0 0 0 0 0 0.345064 0 0 0 0.345064 0 0 0 -3.61329 1.28905 1.28905 0 
0 0 0 0 0 0 0 0 0 0 0 0 0 0.345064 0 0 0 0 0 0 0 0.345064 0 0 0 0.345064 0 0 0.345064 -3.09899 0 1.71873 
0 0 0 0 0 0 0 0 0 0 0 0 0 0 0.345064 0 0 0 0 0 0 0 0.345064 0 0 0 0.345064 0 0.345064 0 -3.09899 1.71873 
0 0 0 0 0 0 0 0 0 0 0 0 0 0 0 0.345064 0 0 0 0 0 0 0 0.345064 0 0 0 0.345064 0 0.345064 0.345064 -1.72532 
