32
-0 0 0 0 0 0 0 0 0 0 0 0 0 0 0 0 0 0 0 0 0 0 0 0 0 0 0 0 0 0 0 0 
0.804061 -4.14801 0 0.835986 0 0.835986 0 0 0 0.835986 0 0 0 0 0 0 0 0.835986 0 0 0 0 0 0 0 0 0 0 0 0 0 0 
0.804061 0 -4.14801 0.835986 0 0 0.835986 0 0 0 0.835986 0 0 0 0 0 0 0 0.835986 0 0 0 0 0 0 0 0 0 0 0 0 0 
0 0.804061 0.804061 -6.62404 0 0 0 1.67197 0 0 0 1.67197 0 0 0 0 0 0 0 1.67197 0 0 0 0 0 0 0 0 0 0 0 0 
0.804061 0 0 0 -4.14801 0.835986 0.835986 0 0 0 0 0 0.835986 0 0 0 0 0 0 0 0.835986 0 0 0 0 0 0 0 0 0 0 0 
0 0.804061 0 0 0.804061 -6.62404 0 1.67197 0 0 0 0 0 1.67197 0 0 0 0 0 0 0 1.67197 0 0 0 0 0 0 0 0 0 0 
0 0 0.804061 0 0.804061 0 -6.62404 1.67197 0 0 0 0 0 0 1.67197 0 0 0 0 0 0 0 1.67197 0 0 0 0 0 0 0 0 0 
0 0 0 0.804061 0 0.804061 0.804061 -7.4281 0 0 0 0 0 0 0 2.50796 0 0 0 0 0 0 0 2.50796 0 0 0 0 0 0 0 0 
0.804061 0 0 0 0 0 0 0 -4.14801 0.835986 0.835986 0 0.835986 0 0 0 0 0 0 0 0 0 0 0 0.835986 0 0 0 0 0 0 0 
0 0.804061 0 0 0 0 0 0 0.804061 -6.62404 0 1.67197 0 1.67197 0 0 0 0 0 0 0 0 0 0 0 1.67197 0 0 0 0 0 0 
0 0 0.804061 0 0 0 0 0 0.804061 0 -6.62404 1.67197 0 0 1.67197 0 0 0 0 0 0 0 0 0 0 0 1.67197 0 0 0 0 0 
0 0 0 0.804061 0 0 0 0 0 0.804061 0.804061 -7.4281 0 0 0 2.50796 0 0 0 0 0 0 0 0 0 0 0 2.50796 0 0 0 0 
0 0 0 0 0.804061 0 0 0 0.804061 0 0 0 -6.62404 1.67197 1.67197 0 0 0 0 0 0 0 0 0 0 0 0 0 1.67197 0 0 0 
0 0 0 0 0 0.804061 0 0 0 0.804061 0 0 0.804061 -7.4281 0 2.50796 0 0 0 0 0 0 0 0 0 0 0 0 0 2.50796 0 0 
0 0 0 0 0 0 0.804061 0 0 0 0.804061 0 0.804061 0 -7.4281 2.50796 0 0 0 0 0 0 0 0 0 0 0 0 0 0 2.50796 0 
0 0 0 0 0 0 0 0.804061 0 0 0 0.804061 0 0.804061 0.804061 -6.56019 0 0 0 0 0 0 0 0 0 0 0 0 0 0 0 3.34395 
0.804061 0 0 0 0 0 0 0 0 0 0 0 0 0 0 0 -4.14801 0.835986 0.835986 0 0.835986 0 0 0 0.835986 0 0 0 0 0 0 0 
0 0.804061 0 0 0 0 0 0 0 0 0 0 0 0 0 0 0.804061 -6.62404 0 1.67197 0 1.67197 0 0 0 1.67197 0 0 0 0 0 0 
0 0 0.804061 0 0 0 0 0 0 0 0 0 0 0 0 0 0.804061 0 -6.62404 1.67197 0 0 1.67197 0 0 0 1.67197 0 0 0 0 0 
0 0 0 0.804061 0 0 0 0 0 0 0 0 0 0 0 0 0 0.804061 0.804061 -7.4281 0 0 0 2.50796 0 0 0 2.50796 0 0 0 0 
0 0 0 0 0.804061 0 0 0 0 0 0 0 0 0 0 0 0.804061 0 0 0 -6.62404 1.67197 1.67197 0 0 0 0 0 1.67197 0 0 0 
0 0 0 0 0 0.804061 0 0 0 0 0 0 0 0 0 0 0 0.804061 0 0 0.804061 -7.4281 0 2.50796 0 0 0 0 0 2.50796 0 0 
0 0 0 0 0 0 0.804061 0 0 0 0 0 0 0 0 0 0 0 0.804061 0 0.804061 0 -7.4281 2.50796 0 0 0 0 0 0 2.50796 0 
0 0 0 0 0 0 0 0.804061 0 0 0 0 0 0 0 0 0 0 0 0.804061 0 0.804061 0.804061 -6.56019 0 0 0 0 0 0 0 3.34395 
0 0 0 0 0 0 0 0 0.804061 0 0 0 0 0 0 0 0.804061 0 0 0 0 0 0 0 -6.62404 1.67197 1.67197 0 1.67197 0 0 0 
0 0 0 0 0 0 0 0 0 0.804061 0 0 0 0 0 0 0 0.804061 0 0 0 0 0 0 0.804061 -7.4281 0 2.50796 0 2.50796 0 0 
0 0 0 0 0 0 0 0 0 0 0.804061 0 0 0 0 0 0 0 0.804061 0 0 0 0 0 0.804061 0 -7.4281 2.50796 0 0 2.50796 0 
0 0 0 0 0 0 0 0 0 0 0 0.804061 0 0 0 0 0 0 0 0.804061 0 0 0 0 0 0.804061 0.804061 -6.56019 0 0 0 3.34395 
0 0 0 0 0 0 0 0 0 0 0 0 0.804061 0 0 0 0 0 0 0 0.804061 0 0 0 0.804061 0 0 0 -7.4281 2.50796 2.50796 0 
0 0 0 0 0 0 0 0 0 0 0 0 0 0.804061 0 0 0 0 0 0 0 0.804061 0 0 0 0.804061 0 0 0.804061 -6.56019 0 3.34395 
0 0 0 0 0 0 0 0 0 0 0 0 0 0 0.804061 0 0 0 0 0 0 0 0.804061 0 0 0 0.804061 0 0.804061 0 -6.56019 3.34395 
0 0 0 0 0 0 0 0 0 0 0 0 0 0 0 0.804061 0 0 0 0 0 0 0 0.804061 0 0 0 0.804061 0 0.804061 0.804061 -4.02031 
