32
-0 0 0 0 0 0 0 0 0 0 0 0 0 0 0 0 0 0 0 0 0 0 0 0 0 0 0 0 0 0 0 0 
0.582868 -3.07247 0 0.6224 0 0.6224 0 0 0 0.6224 0 0 0 0 0 0 0 0.6224 0 0 0 0 0 0 0 0 0 0 0 0 0 0 
0.582868 0 -3.07247 0.6224 0 0 0.6224 0 0 0 0.6224 0 0 0 0 0 0 0 0.6224 0 0 0 0 0 0 0 0 0 0 0 0 0 
0 0.582868 0.582868 -4.90014 0 0 0 1.2448 0 0 0 1.2448 0 0 0 0 0 0 0 1.2448 0 0 0 0 0 0 0 0 0 0 0 0 
0.582868 0 0 0 -3.07247 0.6224 0.6224 0 0 0 0 0 0.6224 0 0 0 0 0 0 0 0.6224 0 0 0 0 0 0 0 0 0 0 0 
0 0.582868 0 0 0.582868 -4.90014 0 1.2448 0 0 0 0 0 1.2448 0 0 0 0 0 0 0 1.2448 0 0 0 0 0 0 0 0 0 0 
0 0 0.582868 0 0.582868 0 -4.90014 1.2448 0 0 0 0 0 0 1.2448 0 0 0 0 0 0 0 1.2448 0 0 0 0 0 0 0 0 0 
0 0 0 0.582868 0 0.582868 0.582868 -5.483 0 0 0 0 0 0 0 1.8672 0 0 0 0 0 0 0 1.8672 0 0 0 0 0 0 0 0 
0.582868 0 0 0 0 0 0 0 -3.07247 0.6224 0.6224 0 0.6224 0 0 0 0 0 0 0 0 0 0 0 0.6224 0 0 0 0 0 0 0 
0 0.582868 0 0 0 0 0 0 0.582868 -4.90014 0 1.2448 0 1.2448 0 0 0 0 0 0 0 0 0 0 0 1.2448 0 0 0 0 0 0 
0 0 0.582868 0 0 0 0 0 0.582868 0 -4.90014 1.2448 0 0 1.2448 0 0 0 0 0 0 0 0 0 0 0 1.2448 0 0 0 0 0 
0 0 0 0.582868 0 0 0 0 0 0.582868 0.582868 -5.483 0 0 0 1.8672 0 0 0 0 0 0 0 0 0 0 0 1.8672 0 0 0 0 
0 0 0 0 0.582868 0 0 0 0.582868 0 0 0 -4.90014 1.2448 1.2448 0 0 0 0 0 0 0 0 0 0 0 0 0 1.2448 0 0 0 
0 0 0 0 0 0.582868 0 0 0 0.582868 0 0 0.582868 -5.483 0 1.8672 0 0 0 0 0 0 0 0 0 0 0 0 0 1.8672 0 0 
0 0 0 0 0 0 0.582868 0 0 0 0.582868 0 0.582868 0 -5.483 1.8672 0 0 0 0 0 0 0 0 0 0 0 0 0 0 1.8672 0 
0 0 0 0 0 0 0 0.582868 0 0 0 0.582868 0 0.582868 0.582868 -4.82107 0 0 0 0 0 0 0 0 0 0 0 0 0 0 0 2.4896 
0.582868 0 0 0 0 0 0 0 0 0 0 0 0 0 0 0 -3.07247 0.6224 0.6224 0 0.6224 0 0 0 0.6224 0 0 0 0 0 0 0 
0 0.582868 0 0 0 0 0 0 0 0 0 0 0 0 0 0 0.582868 -4.90014 0 1.2448 0 1.2448 0 0 0 1.2448 0 0 0 0 0 0 
0 0 0.582868 0 0 0 0 0 0 0 0 0 0 0 0 0 0.582868 0 -4.90014 1.2448 0 0 1.2448 0 0 0 1.2448 0 0 0 0 0 
0 0 0 0.582868 0 0 0 0 0 0 0 0 0 0 0 0 0 0.582868 0.582868 -5.483 0 0 0 1.8672 0 0 0 1.8672 0 0 0 0 
0 0 0 0 0.582868 0 0 0 0 0 0 0 0 0 0 0 0.582868 0 0 0 -4.90014 1.2448 1.2448 0 0 0 0 0 1.2448 0 0 0 
0 0 0 0 0 0.582868 0 0 0 0 0 0 0 0 0 0 0 0.582868 0 0 0.582868 -5.483 0 1.8672 0 0 0 0 0 1.8672 0 0 
0 0 0 0 0 0 0.582868 0 0 0 0 0 0 0 0 0 0 0 0.582868 0 0.582868 0 -5.483 1.8672 0 0 0 0 0 0 1.8672 0 
0 0 0 0 0 0 0 0.582868 0 0 0 0 0 0 0 0 0 0 0 0.582868 0 0.582868 0.582868 -4.82107 0 0 0 0 0 0 0 2.4896 
0 0 0 0 0 0 0 0 0.582868 0 0 0 0 0 0 0 0.582868 0 0 0 0 0 0 0 -4.90014 1.2448 1.2448 0 1.2448 0 0 0 
0 0 0 0 0 0 0 0 0 0.582868 0 0 0 0 0 0 0 0.582868 0 0 0 0 0 0 0.582868 -5.483 0 1.8672 0 1.8672 0 0 
0 0 0 0 0 0 0 0 0 0 0.582868 0 0 0 0 0 0 0 0.582868 0 0 0 0 0 0.582868 0 -5.483 1.8672 0 0 1.8672 0 
0 0 0 0 0 0 0 0 0 0 0 0.582868 0 0 0 0 0 0 0 0.582868 0 0 0 0 0 0.582868 0.582868 -4.82107 0 0 0 2.4896 
0 0 0 0 0 0 0 0 0 0 0 0 0.582868 0 0 0 0 0 0 0 0.582868 0 0 0 0.582868 0 0 0 -5.483 1.8672 1.8672 0 
0 0 0 0 0 0 0 0 0 0 0 0 0 0.582868 0 0 0 0 0 0 0 0.582868 0 0 0 0.582868 0 0 0.582868 -4.82107 0 2.4896 
0 0 0 0 0 0 0 0 0 0 0 0 0 0 0.582868 0 0 0 0 0 0 0 0.582868 0 0 0 0.582868 0 0.582868 0 -4.82107 2.4896 
0 0 0 0 0 0 0 0 0 0 0 0 0 0 0 0.582868 0 0 0 0 0 0 0 0.582868 0 0 0 0.582868 0 0.582868 0.582868 -2.91434 
