64
-0 0 0 0 0 0 0 0 0 0 0 0 0 0 0 0 0 0 0 0 0 0 0 0 0 0 0 0 0 0 0 0 0 0 0 0 0 0 0 0 0 0 0 0 0 0 0 0 0 0 0 0 0 0 0 0 0 0 0 0 0 0 0 0 
1.58694 -7.47026 0 1.17666 0 1.17666 0 0 0 1.17666 0 0 0 0 0 0 0 1.17666 0 0 0 0 0 0 0 0 0 0 0 0 0 0 0 1.17666 0 0 0 0 0 0 0 0 0 0 0 0 0 0 0 0 0 0 0 0 0 0 0 0 0 0 0 0 0 0 
1.58694 0 -7.47026 1.17666 0 0 1.17666 0 0 0 1.17666 0 0 0 0 0 0 0 1.17666 0 0 0 0 0 0 0 0 0 0 0 0 0 0 0 1.17666 0 0 0 0 0 0 0 0 0 0 0 0 0 0 0 0 0 0 0 0 0 0 0 0 0 0 0 0 0 
0 1.58694 1.58694 -12.5872 0 0 0 2.35333 0 0 0 2.35333 0 0 0 0 0 0 0 2.35333 0 0 0 0 0 0 0 0 0 0 0 0 0 0 0 2.35333 0 0 0 0 0 0 0 0 0 0 0 0 0 0 0 0 0 0 0 0 0 0 0 0 0 0 0 0 
1.58694 0 0 0 -7.47026 1.17666 1.17666 0 0 0 0 0 1.17666 0 0 0 0 0 0 0 1.17666 0 0 0 0 0 0 0 0 0 0 0 0 0 0 0 1.17666 0 0 0 0 0 0 0 0 0 0 0 0 0 0 0 0 0 0 0 0 0 0 0 0 0 0 0 
0 1.58694 0 0 1.58694 -12.5872 0 2.35333 0 0 0 0 0 2.35333 0 0 0 0 0 0 0 2.35333 0 0 0 0 0 0 0 0 0 0 0 0 0 0 0 2.35333 0 0 0 0 0 0 0 0 0 0 0 0 0 0 0 0 0 0 0 0 0 0 0 0 0 0 
0 0 1.58694 0 1.58694 0 -12.5872 2.35333 0 0 0 0 0 0 2.35333 0 0 0 0 0 0 0 2.35333 0 0 0 0 0 0 0 0 0 0 0 0 0 0 0 2.35333 0 0 0 0 0 0 0 0 0 0 0 0 0 0 0 0 0 0 0 0 0 0 0 0 0 
0 0 0 1.58694 0 1.58694 1.58694 -15.3508 0 0 0 0 0 0 0 3.52999 0 0 0 0 0 0 0 3.52999 0 0 0 0 0 0 0 0 0 0 0 0 0 0 0 3.52999 0 0 0 0 0 0 0 0 0 0 0 0 0 0 0 0 0 0 0 0 0 0 0 0 
1.58694 0 0 0 0 0 0 0 -7.47026 1.17666 1.17666 0 1.17666 0 0 0 0 0 0 0 0 0 0 0 1.17666 0 0 0 0 0 0 0 0 0 0 0 0 0 0 0 1.17666 0 0 0 0 0 0 0 0 0 0 0 0 0 0 0 0 0 0 0 0 0 0 0 
0 1.58694 0 0 0 0 0 0 1.58694 -12.5872 0 2.35333 0 2.35333 0 0 0 0 0 0 0 0 0 0 0 2.35333 0 0 0 0 0 0 0 0 0 0 0 0 0 0 0 2.35333 0 0 0 0 0 0 0 0 0 0 0 0 0 0 0 0 0 0 0 0 0 0 
0 0 1.58694 0 0 0 0 0 1.58694 0 -12.5872 2.35333 0 0 2.35333 0 0 0 0 0 0 0 0 0 0 0 2.35333 0 0 0 0 0 0 0 0 0 0 0 0 0 0 0 2.35333 0 0 0 0 0 0 0 0 0 0 0 0 0 0 0 0 0 0 0 0 0 
0 0 0 1.58694 0 0 0 0 0 1.58694 1.58694 -15.3508 0 0 0 3.52999 0 0 0 0 0 0 0 0 0 0 0 3.52999 0 0 0 0 0 0 0 0 0 0 0 0 0 0 0 3.52999 0 0 0 0 0 0 0 0 0 0 0 0 0 0 0 0 0 0 0 0 
0 0 0 0 1.58694 0 0 0 1.58694 0 0 0 -12.5872 2.35333 2.35333 0 0 0 0 0 0 0 0 0 0 0 0 0 2.35333 0 0 0 0 0 0 0 0 0 0 0 0 0 0 0 2.35333 0 0 0 0 0 0 0 0 0 0 0 0 0 0 0 0 0 0 0 
0 0 0 0 0 1.58694 0 0 0 1.58694 0 0 1.58694 -15.3508 0 3.52999 0 0 0 0 0 0 0 0 0 0 0 0 0 3.52999 0 0 0 0 0 0 0 0 0 0 0 0 0 0 0 3.52999 0 0 0 0 0 0 0 0 0 0 0 0 0 0 0 0 0 0 
0 0 0 0 0 0 1.58694 0 0 0 1.58694 0 1.58694 0 -15.3508 3.52999 0 0 0 0 0 0 0 0 0 0 0 0 0 0 3.52999 0 0 0 0 0 0 0 0 0 0 0 0 0 0 0 3.52999 0 0 0 0 0 0 0 0 0 0 0 0 0 0 0 0 0 
0 0 0 0 0 0 0 1.58694 0 0 0 1.58694 0 1.58694 1.58694 -15.7611 0 0 0 0 0 0 0 0 0 0 0 0 0 0 0 4.70666 0 0 0 0 0 0 0 0 0 0 0 0 0 0 0 4.70666 0 0 0 0 0 0 0 0 0 0 0 0 0 0 0 0 
1.58694 0 0 0 0 0 0 0 0 0 0 0 0 0 0 0 -7.47026 1.17666 1.17666 0 1.17666 0 0 0 1.17666 0 0 0 0 0 0 0 0 0 0 0 0 0 0 0 0 0 0 0 0 0 0 0 1.17666 0 0 0 0 0 0 0 0 0 0 0 0 0 0 0 
0 1.58694 0 0 0 0 0 0 0 0 0 0 0 0 0 0 1.58694 -12.5872 0 2.35333 0 2.35333 0 0 0 2.35333 0 0 0 0 0 0 0 0 0 0 0 0 0 0 0 0 0 0 0 0 0 0 0 2.35333 0 0 0 0 0 0 0 0 0 0 0 0 0 0 
0 0 1.58694 0 0 0 0 0 0 0 0 0 0 0 0 0 1.58694 0 -12.5872 2.35333 0 0 2.35333 0 0 0 2.35333 0 0 0 0 0 0 0 0 0 0 0 0 0 0 0 0 0 0 0 0 0 0 0 2.35333 0 0 0 0 0 0 0 0 0 0 0 0 0 
0 0 0 1.58694 0 0 0 0 0 0 0 0 0 0 0 0 0 1.58694 1.58694 -15.3508 0 0 0 3.52999 0 0 0 3.52999 0 0 0 0 0 0 0 0 0 0 0 0 0 0 0 0 0 0 0 0 0 0 0 3.52999 0 0 0 0 0 0 0 0 0 0 0 0 
0 0 0 0 1.58694 0 0 0 0 0 0 0 0 0 0 0 1.58694 0 0 0 -12.5872 2.35333 2.35333 0 0 0 0 0 2.35333 0 0 0 0 0 0 0 0 0 0 0 0 0 0 0 0 0 0 0 0 0 0 0 2.35333 0 0 0 0 0 0 0 0 0 0 0 
0 0 0 0 0 1.58694 0 0 0 0 0 0 0 0 0 0 0 1.58694 0 0 1.58694 -15.3508 0 3.52999 0 0 0 0 0 3.52999 0 0 0 0 0 0 0 0 0 0 0 0 0 0 0 0 0 0 0 0 0 0 0 3.52999 0 0 0 0 0 0 0 0 0 0 
0 0 0 0 0 0 1.58694 0 0 0 0 0 0 0 0 0 0 0 1.58694 0 1.58694 0 -15.3508 3.52999 0 0 0 0 0 0 3.52999 0 0 0 0 0 0 0 0 0 0 0 0 0 0 0 0 0 0 0 0 0 0 0 3.52999 0 0 0 0 0 0 0 0 0 
0 0 0 0 0 0 0 1.58694 0 0 0 0 0 0 0 0 0 0 0 1.58694 0 1.58694 1.58694 -15.7611 0 0 0 0 0 0 0 4.70666 0 0 0 0 0 0 0 0 0 0 0 0 0 0 0 0 0 0 0 0 0 0 0 4.70666 0 0 0 0 0 0 0 0 
0 0 0 0 0 0 0 0 1.58694 0 0 0 0 0 0 0 1.58694 0 0 0 0 0 0 0 -12.5872 2.35333 2.35333 0 2.35333 0 0 0 0 0 0 0 0 0 0 0 0 0 0 0 0 0 0 0 0 0 0 0 0 0 0 0 2.35333 0 0 0 0 0 0 0 
0 0 0 0 0 0 0 0 0 1.58694 0 0 0 0 0 0 0 1.58694 0 0 0 0 0 0 1.58694 -15.3508 0 3.52999 0 3.52999 0 0 0 0 0 0 0 0 0 0 0 0 0 0 0 0 0 0 0 0 0 0 0 0 0 0 0 3.52999 0 0 0 0 0 0 
0 0 0 0 0 0 0 0 0 0 1.58694 0 0 0 0 0 0 0 1.58694 0 0 0 0 0 1.58694 0 -15.3508 3.52999 0 0 3.52999 0 0 0 0 0 0 0 0 0 0 0 0 0 0 0 0 0 0 0 0 0 0 0 0 0 0 0 3.52999 0 0 0 0 0 
0 0 0 0 0 0 0 0 0 0 0 1.58694 0 0 0 0 0 0 0 1.58694 0 0 0 0 0 1.58694 1.58694 -15.7611 0 0 0 4.70666 0 0 0 0 0 0 0 0 0 0 0 0 0 0 0 0 0 0 0 0 0 0 0 0 0 0 0 4.70666 0 0 0 0 
0 0 0 0 0 0 0 0 0 0 0 0 1.58694 0 0 0 0 0 0 0 1.58694 0 0 0 1.58694 0 0 0 -15.3508 3.52999 3.52999 0 0 0 0 0 0 0 0 0 0 0 0 0 0 0 0 0 0 0 0 0 0 0 0 0 0 0 0 0 3.52999 0 0 0 
0 0 0 0 0 0 0 0 0 0 0 0 0 1.58694 0 0 0 0 0 0 0 1.58694 0 0 0 1.58694 0 0 1.58694 -15.7611 0 4.70666 0 0 0 0 0 0 0 0 0 0 0 0 0 0 0 0 0 0 0 0 0 0 0 0 0 0 0 0 0 4.70666 0 0 
0 0 0 0 0 0 0 0 0 0 0 0 0 0 1.58694 0 0 0 0 0 0 0 1.58694 0 0 0 1.58694 0 1.58694 0 -15.7611 4.70666 0 0 0 0 0 0 0 0 0 0 0 0 0 0 0 0 0 0 0 0 0 0 0 0 0 0 0 0 0 0 4.70666 0 
0 0 0 0 0 0 0 0 0 0 0 0 0 0 0 1.58694 0 0 0 0 0 0 0 1.58694 0 0 0 1.58694 0 1.58694 1.58694 -13.818 0 0 0 0 0 0 0 0 0 0 0 0 0 0 0 0 0 0 0 0 0 0 0 0 0 0 0 0 0 0 0 5.88332 
1.58694 0 0 0 0 0 0 0 0 0 0 0 0 0 0 0 0 0 0 0 0 0 0 0 0 0 0 0 0 0 0 0 -7.47026 1.17666 1.17666 0 1.17666 0 0 0 1.17666 0 0 0 0 0 0 0 1.17666 0 0 0 0 0 0 0 0 0 0 0 0 0 0 0 
0 1.58694 0 0 0 0 0 0 0 0 0 0 0 0 0 0 0 0 0 0 0 0 0 0 0 0 0 0 0 0 0 0 1.58694 -12.5872 0 2.35333 0 2.35333 0 0 0 2.35333 0 0 0 0 0 0 0 2.35333 0 0 0 0 0 0 0 0 0 0 0 0 0 0 
0 0 1.58694 0 0 0 0 0 0 0 0 0 0 0 0 0 0 0 0 0 0 0 0 0 0 0 0 0 0 0 0 0 1.58694 0 -12.5872 2.35333 0 0 2.35333 0 0 0 2.35333 0 0 0 0 0 0 0 2.35333 0 0 0 0 0 0 0 0 0 0 0 0 0 
0 0 0 1.58694 0 0 0 0 0 0 0 0 0 0 0 0 0 0 0 0 0 0 0 0 0 0 0 0 0 0 0 0 0 1.58694 1.58694 -15.3508 0 0 0 3.52999 0 0 0 3.52999 0 0 0 0 0 0 0 3.52999 0 0 0 0 0 0 0 0 0 0 0 0 
0 0 0 0 1.58694 0 0 0 0 0 0 0 0 0 0 0 0 0 0 0 0 0 0 0 0 0 0 0 0 0 0 0 1.58694 0 0 0 -12.5872 2.35333 2.35333 0 0 0 0 0 2.35333 0 0 0 0 0 0 0 2.35333 0 0 0 0 0 0 0 0 0 0 0 
0 0 0 0 0 1.58694 0 0 0 0 0 0 0 0 0 0 0 0 0 0 0 0 0 0 0 0 0 0 0 0 0 0 0 1.58694 0 0 1.58694 -15.3508 0 3.52999 0 0 0 0 0 3.52999 0 0 0 0 0 0 0 3.52999 0 0 0 0 0 0 0 0 0 0 
0 0 0 0 0 0 1.58694 0 0 0 0 0 0 0 0 0 0 0 0 0 0 0 0 0 0 0 0 0 0 0 0 0 0 0 1.58694 0 1.58694 0 -15.3508 3.52999 0 0 0 0 0 0 3.52999 0 0 0 0 0 0 0 3.52999 0 0 0 0 0 0 0 0 0 
0 0 0 0 0 0 0 1.58694 0 0 0 0 0 0 0 0 0 0 0 0 0 0 0 0 0 0 0 0 0 0 0 0 0 0 0 1.58694 0 1.58694 1.58694 -15.7611 0 0 0 0 0 0 0 4.70666 0 0 0 0 0 0 0 4.70666 0 0 0 0 0 0 0 0 
0 0 0 0 0 0 0 0 1.58694 0 0 0 0 0 0 0 0 0 0 0 0 0 0 0 0 0 0 0 0 0 0 0 1.58694 0 0 0 0 0 0 0 -12.5872 2.35333 2.35333 0 2.35333 0 0 0 0 0 0 0 0 0 0 0 2.35333 0 0 0 0 0 0 0 
0 0 0 0 0 0 0 0 0 1.58694 0 0 0 0 0 0 0 0 0 0 0 0 0 0 0 0 0 0 0 0 0 0 0 1.58694 0 0 0 0 0 0 1.58694 -15.3508 0 3.52999 0 3.52999 0 0 0 0 0 0 0 0 0 0 0 3.52999 0 0 0 0 0 0 
0 0 0 0 0 0 0 0 0 0 1.58694 0 0 0 0 0 0 0 0 0 0 0 0 0 0 0 0 0 0 0 0 0 0 0 1.58694 0 0 0 0 0 1.58694 0 -15.3508 3.52999 0 0 3.52999 0 0 0 0 0 0 0 0 0 0 0 3.52999 0 0 0 0 0 
0 0 0 0 0 0 0 0 0 0 0 1.58694 0 0 0 0 0 0 0 0 0 0 0 0 0 0 0 0 0 0 0 0 0 0 0 1.58694 0 0 0 0 0 1.58694 1.58694 -15.7611 0 0 0 4.70666 0 0 0 0 0 0 0 0 0 0 0 4.70666 0 0 0 0 
0 0 0 0 0 0 0 0 0 0 0 0 1.58694 0 0 0 0 0 0 0 0 0 0 0 0 0 0 0 0 0 0 0 0 0 0 0 1.58694 0 0 0 1.58694 0 0 0 -15.3508 3.52999 3.52999 0 0 0 0 0 0 0 0 0 0 0 0 0 3.52999 0 0 0 
0 0 0 0 0 0 0 0 0 0 0 0 0 1.58694 0 0 0 0 0 0 0 0 0 0 0 0 0 0 0 0 0 0 0 0 0 0 0 1.58694 0 0 0 1.58694 0 0 1.58694 -15.7611 0 4.70666 0 0 0 0 0 0 0 0 0 0 0 0 0 4.70666 0 0 
0 0 0 0 0 0 0 0 0 0 0 0 0 0 1.58694 0 0 0 0 0 0 0 0 0 0 0 0 0 0 0 0 0 0 0 0 0 0 0 1.58694 0 0 0 1.58694 0 1.58694 0 -15.7611 4.70666 0 0 0 0 0 0 0 0 0 0 0 0 0 0 4.70666 0 
0 0 0 0 0 0 0 0 0 0 0 0 0 0 0 1.58694 0 0 0 0 0 0 0 0 0 0 0 0 0 0 0 0 0 0 0 0 0 0 0 1.58694 0 0 0 1.58694 0 1.58694 1.58694 -13.818 0 0 0 0 0 0 0 0 0 0 0 0 0 0 0 5.88332 
0 0 0 0 0 0 0 0 0 0 0 0 0 0 0 0 1.58694 0 0 0 0 0 0 0 0 0 0 0 0 0 0 0 1.58694 0 0 0 0 0 0 0 0 0 0 0 0 0 0 0 -12.5872 2.35333 2.35333 0 2.35333 0 0 0 2.35333 0 0 0 0 0 0 0 
0 0 0 0 0 0 0 0 0 0 0 0 0 0 0 0 0 1.58694 0 0 0 0 0 0 0 0 0 0 0 0 0 0 0 1.58694 0 0 0 0 0 0 0 0 0 0 0 0 0 0 1.58694 -15.3508 0 3.52999 0 3.52999 0 0 0 3.52999 0 0 0 0 0 0 
0 0 0 0 0 0 0 0 0 0 0 0 0 0 0 0 0 0 1.58694 0 0 0 0 0 0 0 0 0 0 0 0 0 0 0 1.58694 0 0 0 0 0 0 0 0 0 0 0 0 0 1.58694 0 -15.3508 3.52999 0 0 3.52999 0 0 0 3.52999 0 0 0 0 0 
0 0 0 0 0 0 0 0 0 0 0 0 0 0 0 0 0 0 0 1.58694 0 0 0 0 0 0 0 0 0 0 0 0 0 0 0 1.58694 0 0 0 0 0 0 0 0 0 0 0 0 0 1.58694 1.58694 -15.7611 0 0 0 4.70666 0 0 0 4.70666 0 0 0 0 
0 0 0 0 0 0 0 0 0 0 0 0 0 0 0 0 0 0 0 0 1.58694 0 0 0 0 0 0 0 0 0 0 0 0 0 0 0 1.58694 0 0 0 0 0 0 0 0 0 0 0 1.58694 0 0 0 -15.3508 3.52999 3.52999 0 0 0 0 0 3.52999 0 0 0 
0 0 0 0 0 0 0 0 0 0 0 0 0 0 0 0 0 0 0 0 0 1.58694 0 0 0 0 0 0 0 0 0 0 0 0 0 0 0 1.58694 0 0 0 0 0 0 0 0 0 0 0 1.58694 0 0 1.58694 -15.7611 0 4.70666 0 0 0 0 0 4.70666 0 0 
0 0 0 0 0 0 0 0 0 0 0 0 0 0 0 0 0 0 0 0 0 0 1.58694 0 0 0 0 0 0 0 0 0 0 0 0 0 0 0 1.58694 0 0 0 0 0 0 0 0 0 0 0 1.58694 0 1.58694 0 -15.7611 4.70666 0 0 0 0 0 0 4.70666 0 
0 0 0 0 0 0 0 0 0 0 0 0 0 0 0 0 0 0 0 0 0 0 0 1.58694 0 0 0 0 0 0 0 0 0 0 0 0 0 0 0 1.58694 0 0 0 0 0 0 0 0 0 0 0 1.58694 0 1.58694 1.58694 -13.818 0 0 0 0 0 0 0 5.88332 
0 0 0 0 0 0 0 0 0 0 0 0 0 0 0 0 0 0 0 0 0 0 0 0 1.58694 0 0 0 0 0 0 0 0 0 0 0 0 0 0 0 1.58694 0 0 0 0 0 0 0 1.58694 0 0 0 0 0 0 0 -15.3508 3.52999 3.52999 0 3.52999 0 0 0 
0 0 0 0 0 0 0 0 0 0 0 0 0 0 0 0 0 0 0 0 0 0 0 0 0 1.58694 0 0 0 0 0 0 0 0 0 0 0 0 0 0 0 1.58694 0 0 0 0 0 0 0 1.58694 0 0 0 0 0 0 1.58694 -15.7611 0 4.70666 0 4.70666 0 0 
0 0 0 0 0 0 0 0 0 0 0 0 0 0 0 0 0 0 0 0 0 0 0 0 0 0 1.58694 0 0 0 0 0 0 0 0 0 0 0 0 0 0 0 1.58694 0 0 0 0 0 0 0 1.58694 0 0 0 0 0 1.58694 0 -15.7611 4.70666 0 0 4.70666 0 
0 0 0 0 0 0 0 0 0 0 0 0 0 0 0 0 0 0 0 0 0 0 0 0 0 0 0 1.58694 0 0 0 0 0 0 0 0 0 0 0 0 0 0 0 1.58694 0 0 0 0 0 0 0 1.58694 0 0 0 0 0 1.58694 1.58694 -13.818 0 0 0 5.88332 
0 0 0 0 0 0 0 0 0 0 0 0 0 0 0 0 0 0 0 0 0 0 0 0 0 0 0 0 1.58694 0 0 0 0 0 0 0 0 0 0 0 0 0 0 0 1.58694 0 0 0 0 0 0 0 1.58694 0 0 0 1.58694 0 0 0 -15.7611 4.70666 4.70666 0 
0 0 0 0 0 0 0 0 0 0 0 0 0 0 0 0 0 0 0 0 0 0 0 0 0 0 0 0 0 1.58694 0 0 0 0 0 0 0 0 0 0 0 0 0 0 0 1.58694 0 0 0 0 0 0 0 1.58694 0 0 0 1.58694 0 0 1.58694 -13.818 0 5.88332 
0 0 0 0 0 0 0 0 0 0 0 0 0 0 0 0 0 0 0 0 0 0 0 0 0 0 0 0 0 0 1.58694 0 0 0 0 0 0 0 0 0 0 0 0 0 0 0 1.58694 0 0 0 0 0 0 0 1.58694 0 0 0 1.58694 0 1.58694 0 -13.818 5.88332 
0 0 0 0 0 0 0 0 0 0 0 0 0 0 0 0 0 0 0 0 0 0 0 0 0 0 0 0 0 0 0 1.58694 0 0 0 0 0 0 0 0 0 0 0 0 0 0 0 1.58694 0 0 0 0 0 0 0 1.58694 0 0 0 1.58694 0 1.58694 1.58694 -9.52164 
