64
-0 0 0 0 0 0 0 0 0 0 0 0 0 0 0 0 0 0 0 0 0 0 0 0 0 0 0 0 0 0 0 0 0 0 0 0 0 0 0 0 0 0 0 0 0 0 0 0 0 0 0 0 0 0 0 0 0 0 0 0 0 0 0 0 
0.749924 -3.67824 0 0.585664 0 0.585664 0 0 0 0.585664 0 0 0 0 0 0 0 0.585664 0 0 0 0 0 0 0 0 0 0 0 0 0 0 0 0.585664 0 0 0 0 0 0 0 0 0 0 0 0 0 0 0 0 0 0 0 0 0 0 0 0 0 0 0 0 0 0 
0.749924 0 -3.67824 0.585664 0 0 0.585664 0 0 0 0.585664 0 0 0 0 0 0 0 0.585664 0 0 0 0 0 0 0 0 0 0 0 0 0 0 0 0.585664 0 0 0 0 0 0 0 0 0 0 0 0 0 0 0 0 0 0 0 0 0 0 0 0 0 0 0 0 0 
0 0.749924 0.749924 -6.18516 0 0 0 1.17133 0 0 0 1.17133 0 0 0 0 0 0 0 1.17133 0 0 0 0 0 0 0 0 0 0 0 0 0 0 0 1.17133 0 0 0 0 0 0 0 0 0 0 0 0 0 0 0 0 0 0 0 0 0 0 0 0 0 0 0 0 
0.749924 0 0 0 -3.67824 0.585664 0.585664 0 0 0 0 0 0.585664 0 0 0 0 0 0 0 0.585664 0 0 0 0 0 0 0 0 0 0 0 0 0 0 0 0.585664 0 0 0 0 0 0 0 0 0 0 0 0 0 0 0 0 0 0 0 0 0 0 0 0 0 0 0 
0 0.749924 0 0 0.749924 -6.18516 0 1.17133 0 0 0 0 0 1.17133 0 0 0 0 0 0 0 1.17133 0 0 0 0 0 0 0 0 0 0 0 0 0 0 0 1.17133 0 0 0 0 0 0 0 0 0 0 0 0 0 0 0 0 0 0 0 0 0 0 0 0 0 0 
0 0 0.749924 0 0.749924 0 -6.18516 1.17133 0 0 0 0 0 0 1.17133 0 0 0 0 0 0 0 1.17133 0 0 0 0 0 0 0 0 0 0 0 0 0 0 0 1.17133 0 0 0 0 0 0 0 0 0 0 0 0 0 0 0 0 0 0 0 0 0 0 0 0 0 
0 0 0 0.749924 0 0.749924 0.749924 -7.52075 0 0 0 0 0 0 0 1.75699 0 0 0 0 0 0 0 1.75699 0 0 0 0 0 0 0 0 0 0 0 0 0 0 0 1.75699 0 0 0 0 0 0 0 0 0 0 0 0 0 0 0 0 0 0 0 0 0 0 0 0 
0.749924 0 0 0 0 0 0 0 -3.67824 0.585664 0.585664 0 0.585664 0 0 0 0 0 0 0 0 0 0 0 0.585664 0 0 0 0 0 0 0 0 0 0 0 0 0 0 0 0.585664 0 0 0 0 0 0 0 0 0 0 0 0 0 0 0 0 0 0 0 0 0 0 0 
0 0.749924 0 0 0 0 0 0 0.749924 -6.18516 0 1.17133 0 1.17133 0 0 0 0 0 0 0 0 0 0 0 1.17133 0 0 0 0 0 0 0 0 0 0 0 0 0 0 0 1.17133 0 0 0 0 0 0 0 0 0 0 0 0 0 0 0 0 0 0 0 0 0 0 
0 0 0.749924 0 0 0 0 0 0.749924 0 -6.18516 1.17133 0 0 1.17133 0 0 0 0 0 0 0 0 0 0 0 1.17133 0 0 0 0 0 0 0 0 0 0 0 0 0 0 0 1.17133 0 0 0 0 0 0 0 0 0 0 0 0 0 0 0 0 0 0 0 0 0 
0 0 0 0.749924 0 0 0 0 0 0.749924 0.749924 -7.52075 0 0 0 1.75699 0 0 0 0 0 0 0 0 0 0 0 1.75699 0 0 0 0 0 0 0 0 0 0 0 0 0 0 0 1.75699 0 0 0 0 0 0 0 0 0 0 0 0 0 0 0 0 0 0 0 0 
0 0 0 0 0.749924 0 0 0 0.749924 0 0 0 -6.18516 1.17133 1.17133 0 0 0 0 0 0 0 0 0 0 0 0 0 1.17133 0 0 0 0 0 0 0 0 0 0 0 0 0 0 0 1.17133 0 0 0 0 0 0 0 0 0 0 0 0 0 0 0 0 0 0 0 
0 0 0 0 0 0.749924 0 0 0 0.749924 0 0 0.749924 -7.52075 0 1.75699 0 0 0 0 0 0 0 0 0 0 0 0 0 1.75699 0 0 0 0 0 0 0 0 0 0 0 0 0 0 0 1.75699 0 0 0 0 0 0 0 0 0 0 0 0 0 0 0 0 0 0 
0 0 0 0 0 0 0.749924 0 0 0 0.749924 0 0.749924 0 -7.52075 1.75699 0 0 0 0 0 0 0 0 0 0 0 0 0 0 1.75699 0 0 0 0 0 0 0 0 0 0 0 0 0 0 0 1.75699 0 0 0 0 0 0 0 0 0 0 0 0 0 0 0 0 0 
0 0 0 0 0 0 0 0.749924 0 0 0 0.749924 0 0.749924 0.749924 -7.68501 0 0 0 0 0 0 0 0 0 0 0 0 0 0 0 2.34266 0 0 0 0 0 0 0 0 0 0 0 0 0 0 0 2.34266 0 0 0 0 0 0 0 0 0 0 0 0 0 0 0 0 
0.749924 0 0 0 0 0 0 0 0 0 0 0 0 0 0 0 -3.67824 0.585664 0.585664 0 0.585664 0 0 0 0.585664 0 0 0 0 0 0 0 0 0 0 0 0 0 0 0 0 0 0 0 0 0 0 0 0.585664 0 0 0 0 0 0 0 0 0 0 0 0 0 0 0 
0 0.749924 0 0 0 0 0 0 0 0 0 0 0 0 0 0 0.749924 -6.18516 0 1.17133 0 1.17133 0 0 0 1.17133 0 0 0 0 0 0 0 0 0 0 0 0 0 0 0 0 0 0 0 0 0 0 0 1.17133 0 0 0 0 0 0 0 0 0 0 0 0 0 0 
0 0 0.749924 0 0 0 0 0 0 0 0 0 0 0 0 0 0.749924 0 -6.18516 1.17133 0 0 1.17133 0 0 0 1.17133 0 0 0 0 0 0 0 0 0 0 0 0 0 0 0 0 0 0 0 0 0 0 0 1.17133 0 0 0 0 0 0 0 0 0 0 0 0 0 
0 0 0 0.749924 0 0 0 0 0 0 0 0 0 0 0 0 0 0.749924 0.749924 -7.52075 0 0 0 1.75699 0 0 0 1.75699 0 0 0 0 0 0 0 0 0 0 0 0 0 0 0 0 0 0 0 0 0 0 0 1.75699 0 0 0 0 0 0 0 0 0 0 0 0 
0 0 0 0 0.749924 0 0 0 0 0 0 0 0 0 0 0 0.749924 0 0 0 -6.18516 1.17133 1.17133 0 0 0 0 0 1.17133 0 0 0 0 0 0 0 0 0 0 0 0 0 0 0 0 0 0 0 0 0 0 0 1.17133 0 0 0 0 0 0 0 0 0 0 0 
0 0 0 0 0 0.749924 0 0 0 0 0 0 0 0 0 0 0 0.749924 0 0 0.749924 -7.52075 0 1.75699 0 0 0 0 0 1.75699 0 0 0 0 0 0 0 0 0 0 0 0 0 0 0 0 0 0 0 0 0 0 0 1.75699 0 0 0 0 0 0 0 0 0 0 
0 0 0 0 0 0 0.749924 0 0 0 0 0 0 0 0 0 0 0 0.749924 0 0.749924 0 -7.52075 1.75699 0 0 0 0 0 0 1.75699 0 0 0 0 0 0 0 0 0 0 0 0 0 0 0 0 0 0 0 0 0 0 0 1.75699 0 0 0 0 0 0 0 0 0 
0 0 0 0 0 0 0 0.749924 0 0 0 0 0 0 0 0 0 0 0 0.749924 0 0.749924 0.749924 -7.68501 0 0 0 0 0 0 0 2.34266 0 0 0 0 0 0 0 0 0 0 0 0 0 0 0 0 0 0 0 0 0 0 0 2.34266 0 0 0 0 0 0 0 0 
0 0 0 0 0 0 0 0 0.749924 0 0 0 0 0 0 0 0.749924 0 0 0 0 0 0 0 -6.18516 1.17133 1.17133 0 1.17133 0 0 0 0 0 0 0 0 0 0 0 0 0 0 0 0 0 0 0 0 0 0 0 0 0 0 0 1.17133 0 0 0 0 0 0 0 
0 0 0 0 0 0 0 0 0 0.749924 0 0 0 0 0 0 0 0.749924 0 0 0 0 0 0 0.749924 -7.52075 0 1.75699 0 1.75699 0 0 0 0 0 0 0 0 0 0 0 0 0 0 0 0 0 0 0 0 0 0 0 0 0 0 0 1.75699 0 0 0 0 0 0 
0 0 0 0 0 0 0 0 0 0 0.749924 0 0 0 0 0 0 0 0.749924 0 0 0 0 0 0.749924 0 -7.52075 1.75699 0 0 1.75699 0 0 0 0 0 0 0 0 0 0 0 0 0 0 0 0 0 0 0 0 0 0 0 0 0 0 0 1.75699 0 0 0 0 0 
0 0 0 0 0 0 0 0 0 0 0 0.749924 0 0 0 0 0 0 0 0.749924 0 0 0 0 0 0.749924 0.749924 -7.68501 0 0 0 2.34266 0 0 0 0 0 0 0 0 0 0 0 0 0 0 0 0 0 0 0 0 0 0 0 0 0 0 0 2.34266 0 0 0 0 
0 0 0 0 0 0 0 0 0 0 0 0 0.749924 0 0 0 0 0 0 0 0.749924 0 0 0 0.749924 0 0 0 -7.52075 1.75699 1.75699 0 0 0 0 0 0 0 0 0 0 0 0 0 0 0 0 0 0 0 0 0 0 0 0 0 0 0 0 0 1.75699 0 0 0 
0 0 0 0 0 0 0 0 0 0 0 0 0 0.749924 0 0 0 0 0 0 0 0.749924 0 0 0 0.749924 0 0 0.749924 -7.68501 0 2.34266 0 0 0 0 0 0 0 0 0 0 0 0 0 0 0 0 0 0 0 0 0 0 0 0 0 0 0 0 0 2.34266 0 0 
0 0 0 0 0 0 0 0 0 0 0 0 0 0 0.749924 0 0 0 0 0 0 0 0.749924 0 0 0 0.749924 0 0.749924 0 -7.68501 2.34266 0 0 0 0 0 0 0 0 0 0 0 0 0 0 0 0 0 0 0 0 0 0 0 0 0 0 0 0 0 0 2.34266 0 
0 0 0 0 0 0 0 0 0 0 0 0 0 0 0 0.749924 0 0 0 0 0 0 0 0.749924 0 0 0 0.749924 0 0.749924 0.749924 -6.67794 0 0 0 0 0 0 0 0 0 0 0 0 0 0 0 0 0 0 0 0 0 0 0 0 0 0 0 0 0 0 0 2.92832 
0.749924 0 0 0 0 0 0 0 0 0 0 0 0 0 0 0 0 0 0 0 0 0 0 0 0 0 0 0 0 0 0 0 -3.67824 0.585664 0.585664 0 0.585664 0 0 0 0.585664 0 0 0 0 0 0 0 0.585664 0 0 0 0 0 0 0 0 0 0 0 0 0 0 0 
0 0.749924 0 0 0 0 0 0 0 0 0 0 0 0 0 0 0 0 0 0 0 0 0 0 0 0 0 0 0 0 0 0 0.749924 -6.18516 0 1.17133 0 1.17133 0 0 0 1.17133 0 0 0 0 0 0 0 1.17133 0 0 0 0 0 0 0 0 0 0 0 0 0 0 
0 0 0.749924 0 0 0 0 0 0 0 0 0 0 0 0 0 0 0 0 0 0 0 0 0 0 0 0 0 0 0 0 0 0.749924 0 -6.18516 1.17133 0 0 1.17133 0 0 0 1.17133 0 0 0 0 0 0 0 1.17133 0 0 0 0 0 0 0 0 0 0 0 0 0 
0 0 0 0.749924 0 0 0 0 0 0 0 0 0 0 0 0 0 0 0 0 0 0 0 0 0 0 0 0 0 0 0 0 0 0.749924 0.749924 -7.52075 0 0 0 1.75699 0 0 0 1.75699 0 0 0 0 0 0 0 1.75699 0 0 0 0 0 0 0 0 0 0 0 0 
0 0 0 0 0.749924 0 0 0 0 0 0 0 0 0 0 0 0 0 0 0 0 0 0 0 0 0 0 0 0 0 0 0 0.749924 0 0 0 -6.18516 1.17133 1.17133 0 0 0 0 0 1.17133 0 0 0 0 0 0 0 1.17133 0 0 0 0 0 0 0 0 0 0 0 
0 0 0 0 0 0.749924 0 0 0 0 0 0 0 0 0 0 0 0 0 0 0 0 0 0 0 0 0 0 0 0 0 0 0 0.749924 0 0 0.749924 -7.52075 0 1.75699 0 0 0 0 0 1.75699 0 0 0 0 0 0 0 1.75699 0 0 0 0 0 0 0 0 0 0 
0 0 0 0 0 0 0.749924 0 0 0 0 0 0 0 0 0 0 0 0 0 0 0 0 0 0 0 0 0 0 0 0 0 0 0 0.749924 0 0.749924 0 -7.52075 1.75699 0 0 0 0 0 0 1.75699 0 0 0 0 0 0 0 1.75699 0 0 0 0 0 0 0 0 0 
0 0 0 0 0 0 0 0.749924 0 0 0 0 0 0 0 0 0 0 0 0 0 0 0 0 0 0 0 0 0 0 0 0 0 0 0 0.749924 0 0.749924 0.749924 -7.68501 0 0 0 0 0 0 0 2.34266 0 0 0 0 0 0 0 2.34266 0 0 0 0 0 0 0 0 
0 0 0 0 0 0 0 0 0.749924 0 0 0 0 0 0 0 0 0 0 0 0 0 0 0 0 0 0 0 0 0 0 0 0.749924 0 0 0 0 0 0 0 -6.18516 1.17133 1.17133 0 1.17133 0 0 0 0 0 0 0 0 0 0 0 1.17133 0 0 0 0 0 0 0 
0 0 0 0 0 0 0 0 0 0.749924 0 0 0 0 0 0 0 0 0 0 0 0 0 0 0 0 0 0 0 0 0 0 0 0.749924 0 0 0 0 0 0 0.749924 -7.52075 0 1.75699 0 1.75699 0 0 0 0 0 0 0 0 0 0 0 1.75699 0 0 0 0 0 0 
0 0 0 0 0 0 0 0 0 0 0.749924 0 0 0 0 0 0 0 0 0 0 0 0 0 0 0 0 0 0 0 0 0 0 0 0.749924 0 0 0 0 0 0.749924 0 -7.52075 1.75699 0 0 1.75699 0 0 0 0 0 0 0 0 0 0 0 1.75699 0 0 0 0 0 
0 0 0 0 0 0 0 0 0 0 0 0.749924 0 0 0 0 0 0 0 0 0 0 0 0 0 0 0 0 0 0 0 0 0 0 0 0.749924 0 0 0 0 0 0.749924 0.749924 -7.68501 0 0 0 2.34266 0 0 0 0 0 0 0 0 0 0 0 2.34266 0 0 0 0 
0 0 0 0 0 0 0 0 0 0 0 0 0.749924 0 0 0 0 0 0 0 0 0 0 0 0 0 0 0 0 0 0 0 0 0 0 0 0.749924 0 0 0 0.749924 0 0 0 -7.52075 1.75699 1.75699 0 0 0 0 0 0 0 0 0 0 0 0 0 1.75699 0 0 0 
0 0 0 0 0 0 0 0 0 0 0 0 0 0.749924 0 0 0 0 0 0 0 0 0 0 0 0 0 0 0 0 0 0 0 0 0 0 0 0.749924 0 0 0 0.749924 0 0 0.749924 -7.68501 0 2.34266 0 0 0 0 0 0 0 0 0 0 0 0 0 2.34266 0 0 
0 0 0 0 0 0 0 0 0 0 0 0 0 0 0.749924 0 0 0 0 0 0 0 0 0 0 0 0 0 0 0 0 0 0 0 0 0 0 0 0.749924 0 0 0 0.749924 0 0.749924 0 -7.68501 2.34266 0 0 0 0 0 0 0 0 0 0 0 0 0 0 2.34266 0 
0 0 0 0 0 0 0 0 0 0 0 0 0 0 0 0.749924 0 0 0 0 0 0 0 0 0 0 0 0 0 0 0 0 0 0 0 0 0 0 0 0.749924 0 0 0 0.749924 0 0.749924 0.749924 -6.67794 0 0 0 0 0 0 0 0 0 0 0 0 0 0 0 2.92832 
0 0 0 0 0 0 0 0 0 0 0 0 0 0 0 0 0.749924 0 0 0 0 0 0 0 0 0 0 0 0 0 0 0 0.749924 0 0 0 0 0 0 0 0 0 0 0 0 0 0 0 -6.18516 1.17133 1.17133 0 1.17133 0 0 0 1.17133 0 0 0 0 0 0 0 
0 0 0 0 0 0 0 0 0 0 0 0 0 0 0 0 0 0.749924 0 0 0 0 0 0 0 0 0 0 0 0 0 0 0 0.749924 0 0 0 0 0 0 0 0 0 0 0 0 0 0 0.749924 -7.52075 0 1.75699 0 1.75699 0 0 0 1.75699 0 0 0 0 0 0 
0 0 0 0 0 0 0 0 0 0 0 0 0 0 0 0 0 0 0.749924 0 0 0 0 0 0 0 0 0 0 0 0 0 0 0 0.749924 0 0 0 0 0 0 0 0 0 0 0 0 0 0.749924 0 -7.52075 1.75699 0 0 1.75699 0 0 0 1.75699 0 0 0 0 0 
0 0 0 0 0 0 0 0 0 0 0 0 0 0 0 0 0 0 0 0.749924 0 0 0 0 0 0 0 0 0 0 0 0 0 0 0 0.749924 0 0 0 0 0 0 0 0 0 0 0 0 0 0.749924 0.749924 -7.68501 0 0 0 2.34266 0 0 0 2.34266 0 0 0 0 
0 0 0 0 0 0 0 0 0 0 0 0 0 0 0 0 0 0 0 0 0.749924 0 0 0 0 0 0 0 0 0 0 0 0 0 0 0 0.749924 0 0 0 0 0 0 0 0 0 0 0 0.749924 0 0 0 -7.52075 1.75699 1.75699 0 0 0 0 0 1.75699 0 0 0 
0 0 0 0 0 0 0 0 0 0 0 0 0 0 0 0 0 0 0 0 0 0.749924 0 0 0 0 0 0 0 0 0 0 0 0 0 0 0 0.749924 0 0 0 0 0 0 0 0 0 0 0 0.749924 0 0 0.749924 -7.68501 0 2.34266 0 0 0 0 0 2.34266 0 0 
0 0 0 0 0 0 0 0 0 0 0 0 0 0 0 0 0 0 0 0 0 0 0.749924 0 0 0 0 0 0 0 0 0 0 0 0 0 0 0 0.749924 0 0 0 0 0 0 0 0 0 0 0 0.749924 0 0.749924 0 -7.68501 2.34266 0 0 0 0 0 0 2.34266 0 
0 0 0 0 0 0 0 0 0 0 0 0 0 0 0 0 0 0 0 0 0 0 0 0.749924 0 0 0 0 0 0 0 0 0 0 0 0 0 0 0 0.749924 0 0 0 0 0 0 0 0 0 0 0 0.749924 0 0.749924 0.749924 -6.67794 0 0 0 0 0 0 0 2.92832 
0 0 0 0 0 0 0 0 0 0 0 0 0 0 0 0 0 0 0 0 0 0 0 0 0.749924 0 0 0 0 0 0 0 0 0 0 0 0 0 0 0 0.749924 0 0 0 0 0 0 0 0.749924 0 0 0 0 0 0 0 -7.52075 1.75699 1.75699 0 1.75699 0 0 0 
0 0 0 0 0 0 0 0 0 0 0 0 0 0 0 0 0 0 0 0 0 0 0 0 0 0.749924 0 0 0 0 0 0 0 0 0 0 0 0 0 0 0 0.749924 0 0 0 0 0 0 0 0.749924 0 0 0 0 0 0 0.749924 -7.68501 0 2.34266 0 2.34266 0 0 
0 0 0 0 0 0 0 0 0 0 0 0 0 0 0 0 0 0 0 0 0 0 0 0 0 0 0.749924 0 0 0 0 0 0 0 0 0 0 0 0 0 0 0 0.749924 0 0 0 0 0 0 0 0.749924 0 0 0 0 0 0.749924 0 -7.68501 2.34266 0 0 2.34266 0 
0 0 0 0 0 0 0 0 0 0 0 0 0 0 0 0 0 0 0 0 0 0 0 0 0 0 0 0.749924 0 0 0 0 0 0 0 0 0 0 0 0 0 0 0 0.749924 0 0 0 0 0 0 0 0.749924 0 0 0 0 0 0.749924 0.749924 -6.67794 0 0 0 2.92832 
0 0 0 0 0 0 0 0 0 0 0 0 0 0 0 0 0 0 0 0 0 0 0 0 0 0 0 0 0.749924 0 0 0 0 0 0 0 0 0 0 0 0 0 0 0 0.749924 0 0 0 0 0 0 0 0.749924 0 0 0 0.749924 0 0 0 -7.68501 2.34266 2.34266 0 
0 0 0 0 0 0 0 0 0 0 0 0 0 0 0 0 0 0 0 0 0 0 0 0 0 0 0 0 0 0.749924 0 0 0 0 0 0 0 0 0 0 0 0 0 0 0 0.749924 0 0 0 0 0 0 0 0.749924 0 0 0 0.749924 0 0 0.749924 -6.67794 0 2.92832 
0 0 0 0 0 0 0 0 0 0 0 0 0 0 0 0 0 0 0 0 0 0 0 0 0 0 0 0 0 0 0.749924 0 0 0 0 0 0 0 0 0 0 0 0 0 0 0 0.749924 0 0 0 0 0 0 0 0.749924 0 0 0 0.749924 0 0.749924 0 -6.67794 2.92832 
0 0 0 0 0 0 0 0 0 0 0 0 0 0 0 0 0 0 0 0 0 0 0 0 0 0 0 0 0 0 0 0.749924 0 0 0 0 0 0 0 0 0 0 0 0 0 0 0 0.749924 0 0 0 0 0 0 0 0.749924 0 0 0 0.749924 0 0.749924 0.749924 -4.49955 
