64
-0 0 0 0 0 0 0 0 0 0 0 0 0 0 0 0 0 0 0 0 0 0 0 0 0 0 0 0 0 0 0 0 0 0 0 0 0 0 0 0 0 0 0 0 0 0 0 0 0 0 0 0 0 0 0 0 0 0 0 0 0 0 0 0 
0.424271 -2.70295 0 0.455736 0 0.455736 0 0 0 0.455736 0 0 0 0 0 0 0 0.455736 0 0 0 0 0 0 0 0 0 0 0 0 0 0 0 0.455736 0 0 0 0 0 0 0 0 0 0 0 0 0 0 0 0 0 0 0 0 0 0 0 0 0 0 0 0 0 0 
0.424271 0 -2.70295 0.455736 0 0 0.455736 0 0 0 0.455736 0 0 0 0 0 0 0 0.455736 0 0 0 0 0 0 0 0 0 0 0 0 0 0 0 0.455736 0 0 0 0 0 0 0 0 0 0 0 0 0 0 0 0 0 0 0 0 0 0 0 0 0 0 0 0 0 
0 0.424271 0.424271 -4.49443 0 0 0 0.911473 0 0 0 0.911473 0 0 0 0 0 0 0 0.911473 0 0 0 0 0 0 0 0 0 0 0 0 0 0 0 0.911473 0 0 0 0 0 0 0 0 0 0 0 0 0 0 0 0 0 0 0 0 0 0 0 0 0 0 0 0 
0.424271 0 0 0 -2.70295 0.455736 0.455736 0 0 0 0 0 0.455736 0 0 0 0 0 0 0 0.455736 0 0 0 0 0 0 0 0 0 0 0 0 0 0 0 0.455736 0 0 0 0 0 0 0 0 0 0 0 0 0 0 0 0 0 0 0 0 0 0 0 0 0 0 0 
0 0.424271 0 0 0.424271 -4.49443 0 0.911473 0 0 0 0 0 0.911473 0 0 0 0 0 0 0 0.911473 0 0 0 0 0 0 0 0 0 0 0 0 0 0 0 0.911473 0 0 0 0 0 0 0 0 0 0 0 0 0 0 0 0 0 0 0 0 0 0 0 0 0 0 
0 0 0.424271 0 0.424271 0 -4.49443 0.911473 0 0 0 0 0 0 0.911473 0 0 0 0 0 0 0 0.911473 0 0 0 0 0 0 0 0 0 0 0 0 0 0 0 0.911473 0 0 0 0 0 0 0 0 0 0 0 0 0 0 0 0 0 0 0 0 0 0 0 0 0 
0 0 0 0.424271 0 0.424271 0.424271 -5.37444 0 0 0 0 0 0 0 1.36721 0 0 0 0 0 0 0 1.36721 0 0 0 0 0 0 0 0 0 0 0 0 0 0 0 1.36721 0 0 0 0 0 0 0 0 0 0 0 0 0 0 0 0 0 0 0 0 0 0 0 0 
0.424271 0 0 0 0 0 0 0 -2.70295 0.455736 0.455736 0 0.455736 0 0 0 0 0 0 0 0 0 0 0 0.455736 0 0 0 0 0 0 0 0 0 0 0 0 0 0 0 0.455736 0 0 0 0 0 0 0 0 0 0 0 0 0 0 0 0 0 0 0 0 0 0 0 
0 0.424271 0 0 0 0 0 0 0.424271 -4.49443 0 0.911473 0 0.911473 0 0 0 0 0 0 0 0 0 0 0 0.911473 0 0 0 0 0 0 0 0 0 0 0 0 0 0 0 0.911473 0 0 0 0 0 0 0 0 0 0 0 0 0 0 0 0 0 0 0 0 0 0 
0 0 0.424271 0 0 0 0 0 0.424271 0 -4.49443 0.911473 0 0 0.911473 0 0 0 0 0 0 0 0 0 0 0 0.911473 0 0 0 0 0 0 0 0 0 0 0 0 0 0 0 0.911473 0 0 0 0 0 0 0 0 0 0 0 0 0 0 0 0 0 0 0 0 0 
0 0 0 0.424271 0 0 0 0 0 0.424271 0.424271 -5.37444 0 0 0 1.36721 0 0 0 0 0 0 0 0 0 0 0 1.36721 0 0 0 0 0 0 0 0 0 0 0 0 0 0 0 1.36721 0 0 0 0 0 0 0 0 0 0 0 0 0 0 0 0 0 0 0 0 
0 0 0 0 0.424271 0 0 0 0.424271 0 0 0 -4.49443 0.911473 0.911473 0 0 0 0 0 0 0 0 0 0 0 0 0 0.911473 0 0 0 0 0 0 0 0 0 0 0 0 0 0 0 0.911473 0 0 0 0 0 0 0 0 0 0 0 0 0 0 0 0 0 0 0 
0 0 0 0 0 0.424271 0 0 0 0.424271 0 0 0.424271 -5.37444 0 1.36721 0 0 0 0 0 0 0 0 0 0 0 0 0 1.36721 0 0 0 0 0 0 0 0 0 0 0 0 0 0 0 1.36721 0 0 0 0 0 0 0 0 0 0 0 0 0 0 0 0 0 0 
0 0 0 0 0 0 0.424271 0 0 0 0.424271 0 0.424271 0 -5.37444 1.36721 0 0 0 0 0 0 0 0 0 0 0 0 0 0 1.36721 0 0 0 0 0 0 0 0 0 0 0 0 0 0 0 1.36721 0 0 0 0 0 0 0 0 0 0 0 0 0 0 0 0 0 
0 0 0 0 0 0 0 0.424271 0 0 0 0.424271 0 0.424271 0.424271 -5.34297 0 0 0 0 0 0 0 0 0 0 0 0 0 0 0 1.82295 0 0 0 0 0 0 0 0 0 0 0 0 0 0 0 1.82295 0 0 0 0 0 0 0 0 0 0 0 0 0 0 0 0 
0.424271 0 0 0 0 0 0 0 0 0 0 0 0 0 0 0 -2.70295 0.455736 0.455736 0 0.455736 0 0 0 0.455736 0 0 0 0 0 0 0 0 0 0 0 0 0 0 0 0 0 0 0 0 0 0 0 0.455736 0 0 0 0 0 0 0 0 0 0 0 0 0 0 0 
0 0.424271 0 0 0 0 0 0 0 0 0 0 0 0 0 0 0.424271 -4.49443 0 0.911473 0 0.911473 0 0 0 0.911473 0 0 0 0 0 0 0 0 0 0 0 0 0 0 0 0 0 0 0 0 0 0 0 0.911473 0 0 0 0 0 0 0 0 0 0 0 0 0 0 
0 0 0.424271 0 0 0 0 0 0 0 0 0 0 0 0 0 0.424271 0 -4.49443 0.911473 0 0 0.911473 0 0 0 0.911473 0 0 0 0 0 0 0 0 0 0 0 0 0 0 0 0 0 0 0 0 0 0 0 0.911473 0 0 0 0 0 0 0 0 0 0 0 0 0 
0 0 0 0.424271 0 0 0 0 0 0 0 0 0 0 0 0 0 0.424271 0.424271 -5.37444 0 0 0 1.36721 0 0 0 1.36721 0 0 0 0 0 0 0 0 0 0 0 0 0 0 0 0 0 0 0 0 0 0 0 1.36721 0 0 0 0 0 0 0 0 0 0 0 0 
0 0 0 0 0.424271 0 0 0 0 0 0 0 0 0 0 0 0.424271 0 0 0 -4.49443 0.911473 0.911473 0 0 0 0 0 0.911473 0 0 0 0 0 0 0 0 0 0 0 0 0 0 0 0 0 0 0 0 0 0 0 0.911473 0 0 0 0 0 0 0 0 0 0 0 
0 0 0 0 0 0.424271 0 0 0 0 0 0 0 0 0 0 0 0.424271 0 0 0.424271 -5.37444 0 1.36721 0 0 0 0 0 1.36721 0 0 0 0 0 0 0 0 0 0 0 0 0 0 0 0 0 0 0 0 0 0 0 1.36721 0 0 0 0 0 0 0 0 0 0 
0 0 0 0 0 0 0.424271 0 0 0 0 0 0 0 0 0 0 0 0.424271 0 0.424271 0 -5.37444 1.36721 0 0 0 0 0 0 1.36721 0 0 0 0 0 0 0 0 0 0 0 0 0 0 0 0 0 0 0 0 0 0 0 1.36721 0 0 0 0 0 0 0 0 0 
0 0 0 0 0 0 0 0.424271 0 0 0 0 0 0 0 0 0 0 0 0.424271 0 0.424271 0.424271 -5.34297 0 0 0 0 0 0 0 1.82295 0 0 0 0 0 0 0 0 0 0 0 0 0 0 0 0 0 0 0 0 0 0 0 1.82295 0 0 0 0 0 0 0 0 
0 0 0 0 0 0 0 0 0.424271 0 0 0 0 0 0 0 0.424271 0 0 0 0 0 0 0 -4.49443 0.911473 0.911473 0 0.911473 0 0 0 0 0 0 0 0 0 0 0 0 0 0 0 0 0 0 0 0 0 0 0 0 0 0 0 0.911473 0 0 0 0 0 0 0 
0 0 0 0 0 0 0 0 0 0.424271 0 0 0 0 0 0 0 0.424271 0 0 0 0 0 0 0.424271 -5.37444 0 1.36721 0 1.36721 0 0 0 0 0 0 0 0 0 0 0 0 0 0 0 0 0 0 0 0 0 0 0 0 0 0 0 1.36721 0 0 0 0 0 0 
0 0 0 0 0 0 0 0 0 0 0.424271 0 0 0 0 0 0 0 0.424271 0 0 0 0 0 0.424271 0 -5.37444 1.36721 0 0 1.36721 0 0 0 0 0 0 0 0 0 0 0 0 0 0 0 0 0 0 0 0 0 0 0 0 0 0 0 1.36721 0 0 0 0 0 
0 0 0 0 0 0 0 0 0 0 0 0.424271 0 0 0 0 0 0 0 0.424271 0 0 0 0 0 0.424271 0.424271 -5.34297 0 0 0 1.82295 0 0 0 0 0 0 0 0 0 0 0 0 0 0 0 0 0 0 0 0 0 0 0 0 0 0 0 1.82295 0 0 0 0 
0 0 0 0 0 0 0 0 0 0 0 0 0.424271 0 0 0 0 0 0 0 0.424271 0 0 0 0.424271 0 0 0 -5.37444 1.36721 1.36721 0 0 0 0 0 0 0 0 0 0 0 0 0 0 0 0 0 0 0 0 0 0 0 0 0 0 0 0 0 1.36721 0 0 0 
0 0 0 0 0 0 0 0 0 0 0 0 0 0.424271 0 0 0 0 0 0 0 0.424271 0 0 0 0.424271 0 0 0.424271 -5.34297 0 1.82295 0 0 0 0 0 0 0 0 0 0 0 0 0 0 0 0 0 0 0 0 0 0 0 0 0 0 0 0 0 1.82295 0 0 
0 0 0 0 0 0 0 0 0 0 0 0 0 0 0.424271 0 0 0 0 0 0 0 0.424271 0 0 0 0.424271 0 0.424271 0 -5.34297 1.82295 0 0 0 0 0 0 0 0 0 0 0 0 0 0 0 0 0 0 0 0 0 0 0 0 0 0 0 0 0 0 1.82295 0 
0 0 0 0 0 0 0 0 0 0 0 0 0 0 0 0.424271 0 0 0 0 0 0 0 0.424271 0 0 0 0.424271 0 0.424271 0.424271 -4.40004 0 0 0 0 0 0 0 0 0 0 0 0 0 0 0 0 0 0 0 0 0 0 0 0 0 0 0 0 0 0 0 2.27868 
0.424271 0 0 0 0 0 0 0 0 0 0 0 0 0 0 0 0 0 0 0 0 0 0 0 0 0 0 0 0 0 0 0 -2.70295 0.455736 0.455736 0 0.455736 0 0 0 0.455736 0 0 0 0 0 0 0 0.455736 0 0 0 0 0 0 0 0 0 0 0 0 0 0 0 
0 0.424271 0 0 0 0 0 0 0 0 0 0 0 0 0 0 0 0 0 0 0 0 0 0 0 0 0 0 0 0 0 0 0.424271 -4.49443 0 0.911473 0 0.911473 0 0 0 0.911473 0 0 0 0 0 0 0 0.911473 0 0 0 0 0 0 0 0 0 0 0 0 0 0 
0 0 0.424271 0 0 0 0 0 0 0 0 0 0 0 0 0 0 0 0 0 0 0 0 0 0 0 0 0 0 0 0 0 0.424271 0 -4.49443 0.911473 0 0 0.911473 0 0 0 0.911473 0 0 0 0 0 0 0 0.911473 0 0 0 0 0 0 0 0 0 0 0 0 0 
0 0 0 0.424271 0 0 0 0 0 0 0 0 0 0 0 0 0 0 0 0 0 0 0 0 0 0 0 0 0 0 0 0 0 0.424271 0.424271 -5.37444 0 0 0 1.36721 0 0 0 1.36721 0 0 0 0 0 0 0 1.36721 0 0 0 0 0 0 0 0 0 0 0 0 
0 0 0 0 0.424271 0 0 0 0 0 0 0 0 0 0 0 0 0 0 0 0 0 0 0 0 0 0 0 0 0 0 0 0.424271 0 0 0 -4.49443 0.911473 0.911473 0 0 0 0 0 0.911473 0 0 0 0 0 0 0 0.911473 0 0 0 0 0 0 0 0 0 0 0 
0 0 0 0 0 0.424271 0 0 0 0 0 0 0 0 0 0 0 0 0 0 0 0 0 0 0 0 0 0 0 0 0 0 0 0.424271 0 0 0.424271 -5.37444 0 1.36721 0 0 0 0 0 1.36721 0 0 0 0 0 0 0 1.36721 0 0 0 0 0 0 0 0 0 0 
0 0 0 0 0 0 0.424271 0 0 0 0 0 0 0 0 0 0 0 0 0 0 0 0 0 0 0 0 0 0 0 0 0 0 0 0.424271 0 0.424271 0 -5.37444 1.36721 0 0 0 0 0 0 1.36721 0 0 0 0 0 0 0 1.36721 0 0 0 0 0 0 0 0 0 
0 0 0 0 0 0 0 0.424271 0 0 0 0 0 0 0 0 0 0 0 0 0 0 0 0 0 0 0 0 0 0 0 0 0 0 0 0.424271 0 0.424271 0.424271 -5.34297 0 0 0 0 0 0 0 1.82295 0 0 0 0 0 0 0 1.82295 0 0 0 0 0 0 0 0 
0 0 0 0 0 0 0 0 0.424271 0 0 0 0 0 0 0 0 0 0 0 0 0 0 0 0 0 0 0 0 0 0 0 0.424271 0 0 0 0 0 0 0 -4.49443 0.911473 0.911473 0 0.911473 0 0 0 0 0 0 0 0 0 0 0 0.911473 0 0 0 0 0 0 0 
0 0 0 0 0 0 0 0 0 0.424271 0 0 0 0 0 0 0 0 0 0 0 0 0 0 0 0 0 0 0 0 0 0 0 0.424271 0 0 0 0 0 0 0.424271 -5.37444 0 1.36721 0 1.36721 0 0 0 0 0 0 0 0 0 0 0 1.36721 0 0 0 0 0 0 
0 0 0 0 0 0 0 0 0 0 0.424271 0 0 0 0 0 0 0 0 0 0 0 0 0 0 0 0 0 0 0 0 0 0 0 0.424271 0 0 0 0 0 0.424271 0 -5.37444 1.36721 0 0 1.36721 0 0 0 0 0 0 0 0 0 0 0 1.36721 0 0 0 0 0 
0 0 0 0 0 0 0 0 0 0 0 0.424271 0 0 0 0 0 0 0 0 0 0 0 0 0 0 0 0 0 0 0 0 0 0 0 0.424271 0 0 0 0 0 0.424271 0.424271 -5.34297 0 0 0 1.82295 0 0 0 0 0 0 0 0 0 0 0 1.82295 0 0 0 0 
0 0 0 0 0 0 0 0 0 0 0 0 0.424271 0 0 0 0 0 0 0 0 0 0 0 0 0 0 0 0 0 0 0 0 0 0 0 0.424271 0 0 0 0.424271 0 0 0 -5.37444 1.36721 1.36721 0 0 0 0 0 0 0 0 0 0 0 0 0 1.36721 0 0 0 
0 0 0 0 0 0 0 0 0 0 0 0 0 0.424271 0 0 0 0 0 0 0 0 0 0 0 0 0 0 0 0 0 0 0 0 0 0 0 0.424271 0 0 0 0.424271 0 0 0.424271 -5.34297 0 1.82295 0 0 0 0 0 0 0 0 0 0 0 0 0 1.82295 0 0 
0 0 0 0 0 0 0 0 0 0 0 0 0 0 0.424271 0 0 0 0 0 0 0 0 0 0 0 0 0 0 0 0 0 0 0 0 0 0 0 0.424271 0 0 0 0.424271 0 0.424271 0 -5.34297 1.82295 0 0 0 0 0 0 0 0 0 0 0 0 0 0 1.82295 0 
0 0 0 0 0 0 0 0 0 0 0 0 0 0 0 0.424271 0 0 0 0 0 0 0 0 0 0 0 0 0 0 0 0 0 0 0 0 0 0 0 0.424271 0 0 0 0.424271 0 0.424271 0.424271 -4.40004 0 0 0 0 0 0 0 0 0 0 0 0 0 0 0 2.27868 
0 0 0 0 0 0 0 0 0 0 0 0 0 0 0 0 0.424271 0 0 0 0 0 0 0 0 0 0 0 0 0 0 0 0.424271 0 0 0 0 0 0 0 0 0 0 0 0 0 0 0 -4.49443 0.911473 0.911473 0 0.911473 0 0 0 0.911473 0 0 0 0 0 0 0 
0 0 0 0 0 0 0 0 0 0 0 0 0 0 0 0 0 0.424271 0 0 0 0 0 0 0 0 0 0 0 0 0 0 0 0.424271 0 0 0 0 0 0 0 0 0 0 0 0 0 0 0.424271 -5.37444 0 1.36721 0 1.36721 0 0 0 1.36721 0 0 0 0 0 0 
0 0 0 0 0 0 0 0 0 0 0 0 0 0 0 0 0 0 0.424271 0 0 0 0 0 0 0 0 0 0 0 0 0 0 0 0.424271 0 0 0 0 0 0 0 0 0 0 0 0 0 0.424271 0 -5.37444 1.36721 0 0 1.36721 0 0 0 1.36721 0 0 0 0 0 
0 0 0 0 0 0 0 0 0 0 0 0 0 0 0 0 0 0 0 0.424271 0 0 0 0 0 0 0 0 0 0 0 0 0 0 0 0.424271 0 0 0 0 0 0 0 0 0 0 0 0 0 0.424271 0.424271 -5.34297 0 0 0 1.82295 0 0 0 1.82295 0 0 0 0 
0 0 0 0 0 0 0 0 0 0 0 0 0 0 0 0 0 0 0 0 0.424271 0 0 0 0 0 0 0 0 0 0 0 0 0 0 0 0.424271 0 0 0 0 0 0 0 0 0 0 0 0.424271 0 0 0 -5.37444 1.36721 1.36721 0 0 0 0 0 1.36721 0 0 0 
0 0 0 0 0 0 0 0 0 0 0 0 0 0 0 0 0 0 0 0 0 0.424271 0 0 0 0 0 0 0 0 0 0 0 0 0 0 0 0.424271 0 0 0 0 0 0 0 0 0 0 0 0.424271 0 0 0.424271 -5.34297 0 1.82295 0 0 0 0 0 1.82295 0 0 
0 0 0 0 0 0 0 0 0 0 0 0 0 0 0 0 0 0 0 0 0 0 0.424271 0 0 0 0 0 0 0 0 0 0 0 0 0 0 0 0.424271 0 0 0 0 0 0 0 0 0 0 0 0.424271 0 0.424271 0 -5.34297 1.82295 0 0 0 0 0 0 1.82295 0 
0 0 0 0 0 0 0 0 0 0 0 0 0 0 0 0 0 0 0 0 0 0 0 0.424271 0 0 0 0 0 0 0 0 0 0 0 0 0 0 0 0.424271 0 0 0 0 0 0 0 0 0 0 0 0.424271 0 0.424271 0.424271 -4.40004 0 0 0 0 0 0 0 2.27868 
0 0 0 0 0 0 0 0 0 0 0 0 0 0 0 0 0 0 0 0 0 0 0 0 0.424271 0 0 0 0 0 0 0 0 0 0 0 0 0 0 0 0.424271 0 0 0 0 0 0 0 0.424271 0 0 0 0 0 0 0 -5.37444 1.36721 1.36721 0 1.36721 0 0 0 
0 0 0 0 0 0 0 0 0 0 0 0 0 0 0 0 0 0 0 0 0 0 0 0 0 0.424271 0 0 0 0 0 0 0 0 0 0 0 0 0 0 0 0.424271 0 0 0 0 0 0 0 0.424271 0 0 0 0 0 0 0.424271 -5.34297 0 1.82295 0 1.82295 0 0 
0 0 0 0 0 0 0 0 0 0 0 0 0 0 0 0 0 0 0 0 0 0 0 0 0 0 0.424271 0 0 0 0 0 0 0 0 0 0 0 0 0 0 0 0.424271 0 0 0 0 0 0 0 0.424271 0 0 0 0 0 0.424271 0 -5.34297 1.82295 0 0 1.82295 0 
0 0 0 0 0 0 0 0 0 0 0 0 0 0 0 0 0 0 0 0 0 0 0 0 0 0 0 0.424271 0 0 0 0 0 0 0 0 0 0 0 0 0 0 0 0.424271 0 0 0 0 0 0 0 0.424271 0 0 0 0 0 0.424271 0.424271 -4.40004 0 0 0 2.27868 
0 0 0 0 0 0 0 0 0 0 0 0 0 0 0 0 0 0 0 0 0 0 0 0 0 0 0 0 0.424271 0 0 0 0 0 0 0 0 0 0 0 0 0 0 0 0.424271 0 0 0 0 0 0 0 0.424271 0 0 0 0.424271 0 0 0 -5.34297 1.82295 1.82295 0 
0 0 0 0 0 0 0 0 0 0 0 0 0 0 0 0 0 0 0 0 0 0 0 0 0 0 0 0 0 0.424271 0 0 0 0 0 0 0 0 0 0 0 0 0 0 0 0.424271 0 0 0 0 0 0 0 0.424271 0 0 0 0.424271 0 0 0.424271 -4.40004 0 2.27868 
0 0 0 0 0 0 0 0 0 0 0 0 0 0 0 0 0 0 0 0 0 0 0 0 0 0 0 0 0 0 0.424271 0 0 0 0 0 0 0 0 0 0 0 0 0 0 0 0.424271 0 0 0 0 0 0 0 0.424271 0 0 0 0.424271 0 0.424271 0 -4.40004 2.27868 
0 0 0 0 0 0 0 0 0 0 0 0 0 0 0 0 0 0 0 0 0 0 0 0 0 0 0 0 0 0 0 0.424271 0 0 0 0 0 0 0 0 0 0 0 0 0 0 0 0.424271 0 0 0 0 0 0 0 0.424271 0 0 0 0.424271 0 0.424271 0.424271 -2.54563 
