32
-0 0 0 0 0 0 0 0 0 0 0 0 0 0 0 0 0 0 0 0 0 0 0 0 0 0 0 0 0 0 0 0 
0.436155 -2.38671 0 0.487639 0 0.487639 0 0 0 0.487639 0 0 0 0 0 0 0 0.487639 0 0 0 0 0 0 0 0 0 0 0 0 0 0 
0.436155 0 -2.38671 0.487639 0 0 0.487639 0 0 0 0.487639 0 0 0 0 0 0 0 0.487639 0 0 0 0 0 0 0 0 0 0 0 0 0 
0 0.436155 0.436155 -3.79814 0 0 0 0.975278 0 0 0 0.975278 0 0 0 0 0 0 0 0.975278 0 0 0 0 0 0 0 0 0 0 0 0 
0.436155 0 0 0 -2.38671 0.487639 0.487639 0 0 0 0 0 0.487639 0 0 0 0 0 0 0 0.487639 0 0 0 0 0 0 0 0 0 0 0 
0 0.436155 0 0 0.436155 -3.79814 0 0.975278 0 0 0 0 0 0.975278 0 0 0 0 0 0 0 0.975278 0 0 0 0 0 0 0 0 0 0 
0 0 0.436155 0 0.436155 0 -3.79814 0.975278 0 0 0 0 0 0 0.975278 0 0 0 0 0 0 0 0.975278 0 0 0 0 0 0 0 0 0 
0 0 0 0.436155 0 0.436155 0.436155 -4.2343 0 0 0 0 0 0 0 1.46292 0 0 0 0 0 0 0 1.46292 0 0 0 0 0 0 0 0 
0.436155 0 0 0 0 0 0 0 -2.38671 0.487639 0.487639 0 0.487639 0 0 0 0 0 0 0 0 0 0 0 0.487639 0 0 0 0 0 0 0 
0 0.436155 0 0 0 0 0 0 0.436155 -3.79814 0 0.975278 0 0.975278 0 0 0 0 0 0 0 0 0 0 0 0.975278 0 0 0 0 0 0 
0 0 0.436155 0 0 0 0 0 0.436155 0 -3.79814 0.975278 0 0 0.975278 0 0 0 0 0 0 0 0 0 0 0 0.975278 0 0 0 0 0 
0 0 0 0.436155 0 0 0 0 0 0.436155 0.436155 -4.2343 0 0 0 1.46292 0 0 0 0 0 0 0 0 0 0 0 1.46292 0 0 0 0 
0 0 0 0 0.436155 0 0 0 0.436155 0 0 0 -3.79814 0.975278 0.975278 0 0 0 0 0 0 0 0 0 0 0 0 0 0.975278 0 0 0 
0 0 0 0 0 0.436155 0 0 0 0.436155 0 0 0.436155 -4.2343 0 1.46292 0 0 0 0 0 0 0 0 0 0 0 0 0 1.46292 0 0 
0 0 0 0 0 0 0.436155 0 0 0 0.436155 0 0.436155 0 -4.2343 1.46292 0 0 0 0 0 0 0 0 0 0 0 0 0 0 1.46292 0 
0 0 0 0 0 0 0 0.436155 0 0 0 0.436155 0 0.436155 0.436155 -3.69517 0 0 0 0 0 0 0 0 0 0 0 0 0 0 0 1.95056 
0.436155 0 0 0 0 0 0 0 0 0 0 0 0 0 0 0 -2.38671 0.487639 0.487639 0 0.487639 0 0 0 0.487639 0 0 0 0 0 0 0 
0 0.436155 0 0 0 0 0 0 0 0 0 0 0 0 0 0 0.436155 -3.79814 0 0.975278 0 0.975278 0 0 0 0.975278 0 0 0 0 0 0 
0 0 0.436155 0 0 0 0 0 0 0 0 0 0 0 0 0 0.436155 0 -3.79814 0.975278 0 0 0.975278 0 0 0 0.975278 0 0 0 0 0 
0 0 0 0.436155 0 0 0 0 0 0 0 0 0 0 0 0 0 0.436155 0.436155 -4.2343 0 0 0 1.46292 0 0 0 1.46292 0 0 0 0 
0 0 0 0 0.436155 0 0 0 0 0 0 0 0 0 0 0 0.436155 0 0 0 -3.79814 0.975278 0.975278 0 0 0 0 0 0.975278 0 0 0 
0 0 0 0 0 0.436155 0 0 0 0 0 0 0 0 0 0 0 0.436155 0 0 0.436155 -4.2343 0 1.46292 0 0 0 0 0 1.46292 0 0 
0 0 0 0 0 0 0.436155 0 0 0 0 0 0 0 0 0 0 0 0.436155 0 0.436155 0 -4.2343 1.46292 0 0 0 0 0 0 1.46292 0 
0 0 0 0 0 0 0 0.436155 0 0 0 0 0 0 0 0 0 0 0 0.436155 0 0.436155 0.436155 -3.69517 0 0 0 0 0 0 0 1.95056 
0 0 0 0 0 0 0 0 0.436155 0 0 0 0 0 0 0 0.436155 0 0 0 0 0 0 0 -3.79814 0.975278 0.975278 0 0.975278 0 0 0 
0 0 0 0 0 0 0 0 0 0.436155 0 0 0 0 0 0 0 0.436155 0 0 0 0 0 0 0.436155 -4.2343 0 1.46292 0 1.46292 0 0 
0 0 0 0 0 0 0 0 0 0 0.436155 0 0 0 0 0 0 0 0.436155 0 0 0 0 0 0.436155 0 -4.2343 1.46292 0 0 1.46292 0 
0 0 0 0 0 0 0 0 0 0 0 0.436155 0 0 0 0 0 0 0 0.436155 0 0 0 0 0 0.436155 0.436155 -3.69517 0 0 0 1.95056 
0 0 0 0 0 0 0 0 0 0 0 0 0.436155 0 0 0 0 0 0 0 0.436155 0 0 0 0.436155 0 0 0 -4.2343 1.46292 1.46292 0 
0 0 0 0 0 0 0 0 0 0 0 0 0 0.436155 0 0 0 0 0 0 0 0.436155 0 0 0 0.436155 0 0 0.436155 -3.69517 0 1.95056 
0 0 0 0 0 0 0 0 0 0 0 0 0 0 0.436155 0 0 0 0 0 0 0 0.436155 0 0 0 0.436155 0 0.436155 0 -3.69517 1.95056 
0 0 0 0 0 0 0 0 0 0 0 0 0 0 0 0.436155 0 0 0 0 0 0 0 0.436155 0 0 0 0.436155 0 0.436155 0.436155 -2.18077 
