32
-0 0 0 0 0 0 0 0 0 0 0 0 0 0 0 0 0 0 0 0 0 0 0 0 0 0 0 0 0 0 0 0 
0.305807 -1.9226 0 0.404198 0 0.404198 0 0 0 0.404198 0 0 0 0 0 0 0 0.404198 0 0 0 0 0 0 0 0 0 0 0 0 0 0 
0.305807 0 -1.9226 0.404198 0 0 0.404198 0 0 0 0.404198 0 0 0 0 0 0 0 0.404198 0 0 0 0 0 0 0 0 0 0 0 0 0 
0 0.305807 0.305807 -3.03681 0 0 0 0.808397 0 0 0 0.808397 0 0 0 0 0 0 0 0.808397 0 0 0 0 0 0 0 0 0 0 0 0 
0.305807 0 0 0 -1.9226 0.404198 0.404198 0 0 0 0 0 0.404198 0 0 0 0 0 0 0 0.404198 0 0 0 0 0 0 0 0 0 0 0 
0 0.305807 0 0 0.305807 -3.03681 0 0.808397 0 0 0 0 0 0.808397 0 0 0 0 0 0 0 0.808397 0 0 0 0 0 0 0 0 0 0 
0 0 0.305807 0 0.305807 0 -3.03681 0.808397 0 0 0 0 0 0 0.808397 0 0 0 0 0 0 0 0.808397 0 0 0 0 0 0 0 0 0 
0 0 0 0.305807 0 0.305807 0.305807 -3.34261 0 0 0 0 0 0 0 1.2126 0 0 0 0 0 0 0 1.2126 0 0 0 0 0 0 0 0 
0.305807 0 0 0 0 0 0 0 -1.9226 0.404198 0.404198 0 0.404198 0 0 0 0 0 0 0 0 0 0 0 0.404198 0 0 0 0 0 0 0 
0 0.305807 0 0 0 0 0 0 0.305807 -3.03681 0 0.808397 0 0.808397 0 0 0 0 0 0 0 0 0 0 0 0.808397 0 0 0 0 0 0 
0 0 0.305807 0 0 0 0 0 0.305807 0 -3.03681 0.808397 0 0 0.808397 0 0 0 0 0 0 0 0 0 0 0 0.808397 0 0 0 0 0 
0 0 0 0.305807 0 0 0 0 0 0.305807 0.305807 -3.34261 0 0 0 1.2126 0 0 0 0 0 0 0 0 0 0 0 1.2126 0 0 0 0 
0 0 0 0 0.305807 0 0 0 0.305807 0 0 0 -3.03681 0.808397 0.808397 0 0 0 0 0 0 0 0 0 0 0 0 0 0.808397 0 0 0 
0 0 0 0 0 0.305807 0 0 0 0.305807 0 0 0.305807 -3.34261 0 1.2126 0 0 0 0 0 0 0 0 0 0 0 0 0 1.2126 0 0 
0 0 0 0 0 0 0.305807 0 0 0 0.305807 0 0.305807 0 -3.34261 1.2126 0 0 0 0 0 0 0 0 0 0 0 0 0 0 1.2126 0 
0 0 0 0 0 0 0 0.305807 0 0 0 0.305807 0 0.305807 0.305807 -2.84002 0 0 0 0 0 0 0 0 0 0 0 0 0 0 0 1.61679 
0.305807 0 0 0 0 0 0 0 0 0 0 0 0 0 0 0 -1.9226 0.404198 0.404198 0 0.404198 0 0 0 0.404198 0 0 0 0 0 0 0 
0 0.305807 0 0 0 0 0 0 0 0 0 0 0 0 0 0 0.305807 -3.03681 0 0.808397 0 0.808397 0 0 0 0.808397 0 0 0 0 0 0 
0 0 0.305807 0 0 0 0 0 0 0 0 0 0 0 0 0 0.305807 0 -3.03681 0.808397 0 0 0.808397 0 0 0 0.808397 0 0 0 0 0 
0 0 0 0.305807 0 0 0 0 0 0 0 0 0 0 0 0 0 0.305807 0.305807 -3.34261 0 0 0 1.2126 0 0 0 1.2126 0 0 0 0 
0 0 0 0 0.305807 0 0 0 0 0 0 0 0 0 0 0 0.305807 0 0 0 -3.03681 0.808397 0.808397 0 0 0 0 0 0.808397 0 0 0 
0 0 0 0 0 0.305807 0 0 0 0 0 0 0 0 0 0 0 0.305807 0 0 0.305807 -3.34261 0 1.2126 0 0 0 0 0 1.2126 0 0 
0 0 0 0 0 0 0.305807 0 0 0 0 0 0 0 0 0 0 0 0.305807 0 0.305807 0 -3.34261 1.2126 0 0 0 0 0 0 1.2126 0 
0 0 0 0 0 0 0 0.305807 0 0 0 0 0 0 0 0 0 0 0 0.305807 0 0.305807 0.305807 -2.84002 0 0 0 0 0 0 0 1.61679 
0 0 0 0 0 0 0 0 0.305807 0 0 0 0 0 0 0 0.305807 0 0 0 0 0 0 0 -3.03681 0.808397 0.808397 0 0.808397 0 0 0 
0 0 0 0 0 0 0 0 0 0.305807 0 0 0 0 0 0 0 0.305807 0 0 0 0 0 0 0.305807 -3.34261 0 1.2126 0 1.2126 0 0 
0 0 0 0 0 0 0 0 0 0 0.305807 0 0 0 0 0 0 0 0.305807 0 0 0 0 0 0.305807 0 -3.34261 1.2126 0 0 1.2126 0 
0 0 0 0 0 0 0 0 0 0 0 0.305807 0 0 0 0 0 0 0 0.305807 0 0 0 0 0 0.305807 0.305807 -2.84002 0 0 0 1.61679 
0 0 0 0 0 0 0 0 0 0 0 0 0.305807 0 0 0 0 0 0 0 0.305807 0 0 0 0.305807 0 0 0 -3.34261 1.2126 1.2126 0 
0 0 0 0 0 0 0 0 0 0 0 0 0 0.305807 0 0 0 0 0 0 0 0.305807 0 0 0 0.305807 0 0 0.305807 -2.84002 0 1.61679 
0 0 0 0 0 0 0 0 0 0 0 0 0 0 0.305807 0 0 0 0 0 0 0 0.305807 0 0 0 0.305807 0 0.305807 0 -2.84002 1.61679 
0 0 0 0 0 0 0 0 0 0 0 0 0 0 0 0.305807 0 0 0 0 0 0 0 0.305807 0 0 0 0.305807 0 0.305807 0.305807 -1.52904 
