32
-0 0 0 0 0 0 0 0 0 0 0 0 0 0 0 0 0 0 0 0 0 0 0 0 0 0 0 0 0 0 0 0 
0.557742 -2.90826 0 0.587629 0 0.587629 0 0 0 0.587629 0 0 0 0 0 0 0 0.587629 0 0 0 0 0 0 0 0 0 0 0 0 0 0 
0.557742 0 -2.90826 0.587629 0 0 0.587629 0 0 0 0.587629 0 0 0 0 0 0 0 0.587629 0 0 0 0 0 0 0 0 0 0 0 0 0 
0 0.557742 0.557742 -4.64126 0 0 0 1.17526 0 0 0 1.17526 0 0 0 0 0 0 0 1.17526 0 0 0 0 0 0 0 0 0 0 0 0 
0.557742 0 0 0 -2.90826 0.587629 0.587629 0 0 0 0 0 0.587629 0 0 0 0 0 0 0 0.587629 0 0 0 0 0 0 0 0 0 0 0 
0 0.557742 0 0 0.557742 -4.64126 0 1.17526 0 0 0 0 0 1.17526 0 0 0 0 0 0 0 1.17526 0 0 0 0 0 0 0 0 0 0 
0 0 0.557742 0 0.557742 0 -4.64126 1.17526 0 0 0 0 0 0 1.17526 0 0 0 0 0 0 0 1.17526 0 0 0 0 0 0 0 0 0 
0 0 0 0.557742 0 0.557742 0.557742 -5.199 0 0 0 0 0 0 0 1.76289 0 0 0 0 0 0 0 1.76289 0 0 0 0 0 0 0 0 
0.557742 0 0 0 0 0 0 0 -2.90826 0.587629 0.587629 0 0.587629 0 0 0 0 0 0 0 0 0 0 0 0.587629 0 0 0 0 0 0 0 
0 0.557742 0 0 0 0 0 0 0.557742 -4.64126 0 1.17526 0 1.17526 0 0 0 0 0 0 0 0 0 0 0 1.17526 0 0 0 0 0 0 
0 0 0.557742 0 0 0 0 0 0.557742 0 -4.64126 1.17526 0 0 1.17526 0 0 0 0 0 0 0 0 0 0 0 1.17526 0 0 0 0 0 
0 0 0 0.557742 0 0 0 0 0 0.557742 0.557742 -5.199 0 0 0 1.76289 0 0 0 0 0 0 0 0 0 0 0 1.76289 0 0 0 0 
0 0 0 0 0.557742 0 0 0 0.557742 0 0 0 -4.64126 1.17526 1.17526 0 0 0 0 0 0 0 0 0 0 0 0 0 1.17526 0 0 0 
0 0 0 0 0 0.557742 0 0 0 0.557742 0 0 0.557742 -5.199 0 1.76289 0 0 0 0 0 0 0 0 0 0 0 0 0 1.76289 0 0 
0 0 0 0 0 0 0.557742 0 0 0 0.557742 0 0.557742 0 -5.199 1.76289 0 0 0 0 0 0 0 0 0 0 0 0 0 0 1.76289 0 
0 0 0 0 0 0 0 0.557742 0 0 0 0.557742 0 0.557742 0.557742 -4.58148 0 0 0 0 0 0 0 0 0 0 0 0 0 0 0 2.35052 
0.557742 0 0 0 0 0 0 0 0 0 0 0 0 0 0 0 -2.90826 0.587629 0.587629 0 0.587629 0 0 0 0.587629 0 0 0 0 0 0 0 
0 0.557742 0 0 0 0 0 0 0 0 0 0 0 0 0 0 0.557742 -4.64126 0 1.17526 0 1.17526 0 0 0 1.17526 0 0 0 0 0 0 
0 0 0.557742 0 0 0 0 0 0 0 0 0 0 0 0 0 0.557742 0 -4.64126 1.17526 0 0 1.17526 0 0 0 1.17526 0 0 0 0 0 
0 0 0 0.557742 0 0 0 0 0 0 0 0 0 0 0 0 0 0.557742 0.557742 -5.199 0 0 0 1.76289 0 0 0 1.76289 0 0 0 0 
0 0 0 0 0.557742 0 0 0 0 0 0 0 0 0 0 0 0.557742 0 0 0 -4.64126 1.17526 1.17526 0 0 0 0 0 1.17526 0 0 0 
0 0 0 0 0 0.557742 0 0 0 0 0 0 0 0 0 0 0 0.557742 0 0 0.557742 -5.199 0 1.76289 0 0 0 0 0 1.76289 0 0 
0 0 0 0 0 0 0.557742 0 0 0 0 0 0 0 0 0 0 0 0.557742 0 0.557742 0 -5.199 1.76289 0 0 0 0 0 0 1.76289 0 
0 0 0 0 0 0 0 0.557742 0 0 0 0 0 0 0 0 0 0 0 0.557742 0 0.557742 0.557742 -4.58148 0 0 0 0 0 0 0 2.35052 
0 0 0 0 0 0 0 0 0.557742 0 0 0 0 0 0 0 0.557742 0 0 0 0 0 0 0 -4.64126 1.17526 1.17526 0 1.17526 0 0 0 
0 0 0 0 0 0 0 0 0 0.557742 0 0 0 0 0 0 0 0.557742 0 0 0 0 0 0 0.557742 -5.199 0 1.76289 0 1.76289 0 0 
0 0 0 0 0 0 0 0 0 0 0.557742 0 0 0 0 0 0 0 0.557742 0 0 0 0 0 0.557742 0 -5.199 1.76289 0 0 1.76289 0 
0 0 0 0 0 0 0 0 0 0 0 0.557742 0 0 0 0 0 0 0 0.557742 0 0 0 0 0 0.557742 0.557742 -4.58148 0 0 0 2.35052 
0 0 0 0 0 0 0 0 0 0 0 0 0.557742 0 0 0 0 0 0 0 0.557742 0 0 0 0.557742 0 0 0 -5.199 1.76289 1.76289 0 
0 0 0 0 0 0 0 0 0 0 0 0 0 0.557742 0 0 0 0 0 0 0 0.557742 0 0 0 0.557742 0 0 0.557742 -4.58148 0 2.35052 
0 0 0 0 0 0 0 0 0 0 0 0 0 0 0.557742 0 0 0 0 0 0 0 0.557742 0 0 0 0.557742 0 0.557742 0 -4.58148 2.35052 
0 0 0 0 0 0 0 0 0 0 0 0 0 0 0 0.557742 0 0 0 0 0 0 0 0.557742 0 0 0 0.557742 0 0.557742 0.557742 -2.78871 
