32
-0 0 0 0 0 0 0 0 0 0 0 0 0 0 0 0 0 0 0 0 0 0 0 0 0 0 0 0 0 0 0 0 
0.255891 -1.50071 0 0.311204 0 0.311204 0 0 0 0.311204 0 0 0 0 0 0 0 0.311204 0 0 0 0 0 0 0 0 0 0 0 0 0 0 
0.255891 0 -1.50071 0.311204 0 0 0.311204 0 0 0 0.311204 0 0 0 0 0 0 0 0.311204 0 0 0 0 0 0 0 0 0 0 0 0 0 
0 0.255891 0.255891 -2.379 0 0 0 0.622407 0 0 0 0.622407 0 0 0 0 0 0 0 0.622407 0 0 0 0 0 0 0 0 0 0 0 0 
0.255891 0 0 0 -1.50071 0.311204 0.311204 0 0 0 0 0 0.311204 0 0 0 0 0 0 0 0.311204 0 0 0 0 0 0 0 0 0 0 0 
0 0.255891 0 0 0.255891 -2.379 0 0.622407 0 0 0 0 0 0.622407 0 0 0 0 0 0 0 0.622407 0 0 0 0 0 0 0 0 0 0 
0 0 0.255891 0 0.255891 0 -2.379 0.622407 0 0 0 0 0 0 0.622407 0 0 0 0 0 0 0 0.622407 0 0 0 0 0 0 0 0 0 
0 0 0 0.255891 0 0.255891 0.255891 -2.63489 0 0 0 0 0 0 0 0.933611 0 0 0 0 0 0 0 0.933611 0 0 0 0 0 0 0 0 
0.255891 0 0 0 0 0 0 0 -1.50071 0.311204 0.311204 0 0.311204 0 0 0 0 0 0 0 0 0 0 0 0.311204 0 0 0 0 0 0 0 
0 0.255891 0 0 0 0 0 0 0.255891 -2.379 0 0.622407 0 0.622407 0 0 0 0 0 0 0 0 0 0 0 0.622407 0 0 0 0 0 0 
0 0 0.255891 0 0 0 0 0 0.255891 0 -2.379 0.622407 0 0 0.622407 0 0 0 0 0 0 0 0 0 0 0 0.622407 0 0 0 0 0 
0 0 0 0.255891 0 0 0 0 0 0.255891 0.255891 -2.63489 0 0 0 0.933611 0 0 0 0 0 0 0 0 0 0 0 0.933611 0 0 0 0 
0 0 0 0 0.255891 0 0 0 0.255891 0 0 0 -2.379 0.622407 0.622407 0 0 0 0 0 0 0 0 0 0 0 0 0 0.622407 0 0 0 
0 0 0 0 0 0.255891 0 0 0 0.255891 0 0 0.255891 -2.63489 0 0.933611 0 0 0 0 0 0 0 0 0 0 0 0 0 0.933611 0 0 
0 0 0 0 0 0 0.255891 0 0 0 0.255891 0 0.255891 0 -2.63489 0.933611 0 0 0 0 0 0 0 0 0 0 0 0 0 0 0.933611 0 
0 0 0 0 0 0 0 0.255891 0 0 0 0.255891 0 0.255891 0.255891 -2.26838 0 0 0 0 0 0 0 0 0 0 0 0 0 0 0 1.24481 
0.255891 0 0 0 0 0 0 0 0 0 0 0 0 0 0 0 -1.50071 0.311204 0.311204 0 0.311204 0 0 0 0.311204 0 0 0 0 0 0 0 
0 0.255891 0 0 0 0 0 0 0 0 0 0 0 0 0 0 0.255891 -2.379 0 0.622407 0 0.622407 0 0 0 0.622407 0 0 0 0 0 0 
0 0 0.255891 0 0 0 0 0 0 0 0 0 0 0 0 0 0.255891 0 -2.379 0.622407 0 0 0.622407 0 0 0 0.622407 0 0 0 0 0 
0 0 0 0.255891 0 0 0 0 0 0 0 0 0 0 0 0 0 0.255891 0.255891 -2.63489 0 0 0 0.933611 0 0 0 0.933611 0 0 0 0 
0 0 0 0 0.255891 0 0 0 0 0 0 0 0 0 0 0 0.255891 0 0 0 -2.379 0.622407 0.622407 0 0 0 0 0 0.622407 0 0 0 
0 0 0 0 0 0.255891 0 0 0 0 0 0 0 0 0 0 0 0.255891 0 0 0.255891 -2.63489 0 0.933611 0 0 0 0 0 0.933611 0 0 
0 0 0 0 0 0 0.255891 0 0 0 0 0 0 0 0 0 0 0 0.255891 0 0.255891 0 -2.63489 0.933611 0 0 0 0 0 0 0.933611 0 
0 0 0 0 0 0 0 0.255891 0 0 0 0 0 0 0 0 0 0 0 0.255891 0 0.255891 0.255891 -2.26838 0 0 0 0 0 0 0 1.24481 
0 0 0 0 0 0 0 0 0.255891 0 0 0 0 0 0 0 0.255891 0 0 0 0 0 0 0 -2.379 0.622407 0.622407 0 0.622407 0 0 0 
0 0 0 0 0 0 0 0 0 0.255891 0 0 0 0 0 0 0 0.255891 0 0 0 0 0 0 0.255891 -2.63489 0 0.933611 0 0.933611 0 0 
0 0 0 0 0 0 0 0 0 0 0.255891 0 0 0 0 0 0 0 0.255891 0 0 0 0 0 0.255891 0 -2.63489 0.933611 0 0 0.933611 0 
0 0 0 0 0 0 0 0 0 0 0 0.255891 0 0 0 0 0 0 0 0.255891 0 0 0 0 0 0.255891 0.255891 -2.26838 0 0 0 1.24481 
0 0 0 0 0 0 0 0 0 0 0 0 0.255891 0 0 0 0 0 0 0 0.255891 0 0 0 0.255891 0 0 0 -2.63489 0.933611 0.933611 0 
0 0 0 0 0 0 0 0 0 0 0 0 0 0.255891 0 0 0 0 0 0 0 0.255891 0 0 0 0.255891 0 0 0.255891 -2.26838 0 1.24481 
0 0 0 0 0 0 0 0 0 0 0 0 0 0 0.255891 0 0 0 0 0 0 0 0.255891 0 0 0 0.255891 0 0.255891 0 -2.26838 1.24481 
0 0 0 0 0 0 0 0 0 0 0 0 0 0 0 0.255891 0 0 0 0 0 0 0 0.255891 0 0 0 0.255891 0 0.255891 0.255891 -1.27945 
