32
-0 0 0 0 0 0 0 0 0 0 0 0 0 0 0 0 0 0 0 0 0 0 0 0 0 0 0 0 0 0 0 0 
0.526778 -2.67094 0 0.536041 0 0.536041 0 0 0 0.536041 0 0 0 0 0 0 0 0.536041 0 0 0 0 0 0 0 0 0 0 0 0 0 0 
0.526778 0 -2.67094 0.536041 0 0 0.536041 0 0 0 0.536041 0 0 0 0 0 0 0 0.536041 0 0 0 0 0 0 0 0 0 0 0 0 0 
0 0.526778 0.526778 -4.26981 0 0 0 1.07208 0 0 0 1.07208 0 0 0 0 0 0 0 1.07208 0 0 0 0 0 0 0 0 0 0 0 0 
0.526778 0 0 0 -2.67094 0.536041 0.536041 0 0 0 0 0 0.536041 0 0 0 0 0 0 0 0.536041 0 0 0 0 0 0 0 0 0 0 0 
0 0.526778 0 0 0.526778 -4.26981 0 1.07208 0 0 0 0 0 1.07208 0 0 0 0 0 0 0 1.07208 0 0 0 0 0 0 0 0 0 0 
0 0 0.526778 0 0.526778 0 -4.26981 1.07208 0 0 0 0 0 0 1.07208 0 0 0 0 0 0 0 1.07208 0 0 0 0 0 0 0 0 0 
0 0 0 0.526778 0 0.526778 0.526778 -4.79658 0 0 0 0 0 0 0 1.60812 0 0 0 0 0 0 0 1.60812 0 0 0 0 0 0 0 0 
0.526778 0 0 0 0 0 0 0 -2.67094 0.536041 0.536041 0 0.536041 0 0 0 0 0 0 0 0 0 0 0 0.536041 0 0 0 0 0 0 0 
0 0.526778 0 0 0 0 0 0 0.526778 -4.26981 0 1.07208 0 1.07208 0 0 0 0 0 0 0 0 0 0 0 1.07208 0 0 0 0 0 0 
0 0 0.526778 0 0 0 0 0 0.526778 0 -4.26981 1.07208 0 0 1.07208 0 0 0 0 0 0 0 0 0 0 0 1.07208 0 0 0 0 0 
0 0 0 0.526778 0 0 0 0 0 0.526778 0.526778 -4.79658 0 0 0 1.60812 0 0 0 0 0 0 0 0 0 0 0 1.60812 0 0 0 0 
0 0 0 0 0.526778 0 0 0 0.526778 0 0 0 -4.26981 1.07208 1.07208 0 0 0 0 0 0 0 0 0 0 0 0 0 1.07208 0 0 0 
0 0 0 0 0 0.526778 0 0 0 0.526778 0 0 0.526778 -4.79658 0 1.60812 0 0 0 0 0 0 0 0 0 0 0 0 0 1.60812 0 0 
0 0 0 0 0 0 0.526778 0 0 0 0.526778 0 0.526778 0 -4.79658 1.60812 0 0 0 0 0 0 0 0 0 0 0 0 0 0 1.60812 0 
0 0 0 0 0 0 0 0.526778 0 0 0 0.526778 0 0.526778 0.526778 -4.25128 0 0 0 0 0 0 0 0 0 0 0 0 0 0 0 2.14417 
0.526778 0 0 0 0 0 0 0 0 0 0 0 0 0 0 0 -2.67094 0.536041 0.536041 0 0.536041 0 0 0 0.536041 0 0 0 0 0 0 0 
0 0.526778 0 0 0 0 0 0 0 0 0 0 0 0 0 0 0.526778 -4.26981 0 1.07208 0 1.07208 0 0 0 1.07208 0 0 0 0 0 0 
0 0 0.526778 0 0 0 0 0 0 0 0 0 0 0 0 0 0.526778 0 -4.26981 1.07208 0 0 1.07208 0 0 0 1.07208 0 0 0 0 0 
0 0 0 0.526778 0 0 0 0 0 0 0 0 0 0 0 0 0 0.526778 0.526778 -4.79658 0 0 0 1.60812 0 0 0 1.60812 0 0 0 0 
0 0 0 0 0.526778 0 0 0 0 0 0 0 0 0 0 0 0.526778 0 0 0 -4.26981 1.07208 1.07208 0 0 0 0 0 1.07208 0 0 0 
0 0 0 0 0 0.526778 0 0 0 0 0 0 0 0 0 0 0 0.526778 0 0 0.526778 -4.79658 0 1.60812 0 0 0 0 0 1.60812 0 0 
0 0 0 0 0 0 0.526778 0 0 0 0 0 0 0 0 0 0 0 0.526778 0 0.526778 0 -4.79658 1.60812 0 0 0 0 0 0 1.60812 0 
0 0 0 0 0 0 0 0.526778 0 0 0 0 0 0 0 0 0 0 0 0.526778 0 0.526778 0.526778 -4.25128 0 0 0 0 0 0 0 2.14417 
0 0 0 0 0 0 0 0 0.526778 0 0 0 0 0 0 0 0.526778 0 0 0 0 0 0 0 -4.26981 1.07208 1.07208 0 1.07208 0 0 0 
0 0 0 0 0 0 0 0 0 0.526778 0 0 0 0 0 0 0 0.526778 0 0 0 0 0 0 0.526778 -4.79658 0 1.60812 0 1.60812 0 0 
0 0 0 0 0 0 0 0 0 0 0.526778 0 0 0 0 0 0 0 0.526778 0 0 0 0 0 0.526778 0 -4.79658 1.60812 0 0 1.60812 0 
0 0 0 0 0 0 0 0 0 0 0 0.526778 0 0 0 0 0 0 0 0.526778 0 0 0 0 0 0.526778 0.526778 -4.25128 0 0 0 2.14417 
0 0 0 0 0 0 0 0 0 0 0 0 0.526778 0 0 0 0 0 0 0 0.526778 0 0 0 0.526778 0 0 0 -4.79658 1.60812 1.60812 0 
0 0 0 0 0 0 0 0 0 0 0 0 0 0.526778 0 0 0 0 0 0 0 0.526778 0 0 0 0.526778 0 0 0.526778 -4.25128 0 2.14417 
0 0 0 0 0 0 0 0 0 0 0 0 0 0 0.526778 0 0 0 0 0 0 0 0.526778 0 0 0 0.526778 0 0.526778 0 -4.25128 2.14417 
0 0 0 0 0 0 0 0 0 0 0 0 0 0 0 0.526778 0 0 0 0 0 0 0 0.526778 0 0 0 0.526778 0 0.526778 0.526778 -2.63389 
