32
-0 0 0 0 0 0 0 0 0 0 0 0 0 0 0 0 0 0 0 0 0 0 0 0 0 0 0 0 0 0 0 0 
0.205198 -1.29075 0 0.271389 0 0.271389 0 0 0 0.271389 0 0 0 0 0 0 0 0.271389 0 0 0 0 0 0 0 0 0 0 0 0 0 0 
0.205198 0 -1.29075 0.271389 0 0 0.271389 0 0 0 0.271389 0 0 0 0 0 0 0 0.271389 0 0 0 0 0 0 0 0 0 0 0 0 0 
0 0.205198 0.205198 -2.03873 0 0 0 0.542777 0 0 0 0.542777 0 0 0 0 0 0 0 0.542777 0 0 0 0 0 0 0 0 0 0 0 0 
0.205198 0 0 0 -1.29075 0.271389 0.271389 0 0 0 0 0 0.271389 0 0 0 0 0 0 0 0.271389 0 0 0 0 0 0 0 0 0 0 0 
0 0.205198 0 0 0.205198 -2.03873 0 0.542777 0 0 0 0 0 0.542777 0 0 0 0 0 0 0 0.542777 0 0 0 0 0 0 0 0 0 0 
0 0 0.205198 0 0.205198 0 -2.03873 0.542777 0 0 0 0 0 0 0.542777 0 0 0 0 0 0 0 0.542777 0 0 0 0 0 0 0 0 0 
0 0 0 0.205198 0 0.205198 0.205198 -2.24393 0 0 0 0 0 0 0 0.814166 0 0 0 0 0 0 0 0.814166 0 0 0 0 0 0 0 0 
0.205198 0 0 0 0 0 0 0 -1.29075 0.271389 0.271389 0 0.271389 0 0 0 0 0 0 0 0 0 0 0 0.271389 0 0 0 0 0 0 0 
0 0.205198 0 0 0 0 0 0 0.205198 -2.03873 0 0.542777 0 0.542777 0 0 0 0 0 0 0 0 0 0 0 0.542777 0 0 0 0 0 0 
0 0 0.205198 0 0 0 0 0 0.205198 0 -2.03873 0.542777 0 0 0.542777 0 0 0 0 0 0 0 0 0 0 0 0.542777 0 0 0 0 0 
0 0 0 0.205198 0 0 0 0 0 0.205198 0.205198 -2.24393 0 0 0 0.814166 0 0 0 0 0 0 0 0 0 0 0 0.814166 0 0 0 0 
0 0 0 0 0.205198 0 0 0 0.205198 0 0 0 -2.03873 0.542777 0.542777 0 0 0 0 0 0 0 0 0 0 0 0 0 0.542777 0 0 0 
0 0 0 0 0 0.205198 0 0 0 0.205198 0 0 0.205198 -2.24393 0 0.814166 0 0 0 0 0 0 0 0 0 0 0 0 0 0.814166 0 0 
0 0 0 0 0 0 0.205198 0 0 0 0.205198 0 0.205198 0 -2.24393 0.814166 0 0 0 0 0 0 0 0 0 0 0 0 0 0 0.814166 0 
0 0 0 0 0 0 0 0.205198 0 0 0 0.205198 0 0.205198 0.205198 -1.90635 0 0 0 0 0 0 0 0 0 0 0 0 0 0 0 1.08555 
0.205198 0 0 0 0 0 0 0 0 0 0 0 0 0 0 0 -1.29075 0.271389 0.271389 0 0.271389 0 0 0 0.271389 0 0 0 0 0 0 0 
0 0.205198 0 0 0 0 0 0 0 0 0 0 0 0 0 0 0.205198 -2.03873 0 0.542777 0 0.542777 0 0 0 0.542777 0 0 0 0 0 0 
0 0 0.205198 0 0 0 0 0 0 0 0 0 0 0 0 0 0.205198 0 -2.03873 0.542777 0 0 0.542777 0 0 0 0.542777 0 0 0 0 0 
0 0 0 0.205198 0 0 0 0 0 0 0 0 0 0 0 0 0 0.205198 0.205198 -2.24393 0 0 0 0.814166 0 0 0 0.814166 0 0 0 0 
0 0 0 0 0.205198 0 0 0 0 0 0 0 0 0 0 0 0.205198 0 0 0 -2.03873 0.542777 0.542777 0 0 0 0 0 0.542777 0 0 0 
0 0 0 0 0 0.205198 0 0 0 0 0 0 0 0 0 0 0 0.205198 0 0 0.205198 -2.24393 0 0.814166 0 0 0 0 0 0.814166 0 0 
0 0 0 0 0 0 0.205198 0 0 0 0 0 0 0 0 0 0 0 0.205198 0 0.205198 0 -2.24393 0.814166 0 0 0 0 0 0 0.814166 0 
0 0 0 0 0 0 0 0.205198 0 0 0 0 0 0 0 0 0 0 0 0.205198 0 0.205198 0.205198 -1.90635 0 0 0 0 0 0 0 1.08555 
0 0 0 0 0 0 0 0 0.205198 0 0 0 0 0 0 0 0.205198 0 0 0 0 0 0 0 -2.03873 0.542777 0.542777 0 0.542777 0 0 0 
0 0 0 0 0 0 0 0 0 0.205198 0 0 0 0 0 0 0 0.205198 0 0 0 0 0 0 0.205198 -2.24393 0 0.814166 0 0.814166 0 0 
0 0 0 0 0 0 0 0 0 0 0.205198 0 0 0 0 0 0 0 0.205198 0 0 0 0 0 0.205198 0 -2.24393 0.814166 0 0 0.814166 0 
0 0 0 0 0 0 0 0 0 0 0 0.205198 0 0 0 0 0 0 0 0.205198 0 0 0 0 0 0.205198 0.205198 -1.90635 0 0 0 1.08555 
0 0 0 0 0 0 0 0 0 0 0 0 0.205198 0 0 0 0 0 0 0 0.205198 0 0 0 0.205198 0 0 0 -2.24393 0.814166 0.814166 0 
0 0 0 0 0 0 0 0 0 0 0 0 0 0.205198 0 0 0 0 0 0 0 0.205198 0 0 0 0.205198 0 0 0.205198 -1.90635 0 1.08555 
0 0 0 0 0 0 0 0 0 0 0 0 0 0 0.205198 0 0 0 0 0 0 0 0.205198 0 0 0 0.205198 0 0.205198 0 -1.90635 1.08555 
0 0 0 0 0 0 0 0 0 0 0 0 0 0 0 0.205198 0 0 0 0 0 0 0 0.205198 0 0 0 0.205198 0 0.205198 0.205198 -1.02599 
