64
-0 0 0 0 0 0 0 0 0 0 0 0 0 0 0 0 0 0 0 0 0 0 0 0 0 0 0 0 0 0 0 0 0 0 0 0 0 0 0 0 0 0 0 0 0 0 0 0 0 0 0 0 0 0 0 0 0 0 0 0 0 0 0 0 
0.263083 -1.46972 0 0.241328 0 0.241328 0 0 0 0.241328 0 0 0 0 0 0 0 0.241328 0 0 0 0 0 0 0 0 0 0 0 0 0 0 0 0.241328 0 0 0 0 0 0 0 0 0 0 0 0 0 0 0 0 0 0 0 0 0 0 0 0 0 0 0 0 0 0 
0.263083 0 -1.46972 0.241328 0 0 0.241328 0 0 0 0.241328 0 0 0 0 0 0 0 0.241328 0 0 0 0 0 0 0 0 0 0 0 0 0 0 0 0.241328 0 0 0 0 0 0 0 0 0 0 0 0 0 0 0 0 0 0 0 0 0 0 0 0 0 0 0 0 0 
0 0.263083 0.263083 -2.45679 0 0 0 0.482655 0 0 0 0.482655 0 0 0 0 0 0 0 0.482655 0 0 0 0 0 0 0 0 0 0 0 0 0 0 0 0.482655 0 0 0 0 0 0 0 0 0 0 0 0 0 0 0 0 0 0 0 0 0 0 0 0 0 0 0 0 
0.263083 0 0 0 -1.46972 0.241328 0.241328 0 0 0 0 0 0.241328 0 0 0 0 0 0 0 0.241328 0 0 0 0 0 0 0 0 0 0 0 0 0 0 0 0.241328 0 0 0 0 0 0 0 0 0 0 0 0 0 0 0 0 0 0 0 0 0 0 0 0 0 0 0 
0 0.263083 0 0 0.263083 -2.45679 0 0.482655 0 0 0 0 0 0.482655 0 0 0 0 0 0 0 0.482655 0 0 0 0 0 0 0 0 0 0 0 0 0 0 0 0.482655 0 0 0 0 0 0 0 0 0 0 0 0 0 0 0 0 0 0 0 0 0 0 0 0 0 0 
0 0 0.263083 0 0.263083 0 -2.45679 0.482655 0 0 0 0 0 0 0.482655 0 0 0 0 0 0 0 0.482655 0 0 0 0 0 0 0 0 0 0 0 0 0 0 0 0.482655 0 0 0 0 0 0 0 0 0 0 0 0 0 0 0 0 0 0 0 0 0 0 0 0 0 
0 0 0 0.263083 0 0.263083 0.263083 -2.9612 0 0 0 0 0 0 0 0.723983 0 0 0 0 0 0 0 0.723983 0 0 0 0 0 0 0 0 0 0 0 0 0 0 0 0.723983 0 0 0 0 0 0 0 0 0 0 0 0 0 0 0 0 0 0 0 0 0 0 0 0 
0.263083 0 0 0 0 0 0 0 -1.46972 0.241328 0.241328 0 0.241328 0 0 0 0 0 0 0 0 0 0 0 0.241328 0 0 0 0 0 0 0 0 0 0 0 0 0 0 0 0.241328 0 0 0 0 0 0 0 0 0 0 0 0 0 0 0 0 0 0 0 0 0 0 0 
0 0.263083 0 0 0 0 0 0 0.263083 -2.45679 0 0.482655 0 0.482655 0 0 0 0 0 0 0 0 0 0 0 0.482655 0 0 0 0 0 0 0 0 0 0 0 0 0 0 0 0.482655 0 0 0 0 0 0 0 0 0 0 0 0 0 0 0 0 0 0 0 0 0 0 
0 0 0.263083 0 0 0 0 0 0.263083 0 -2.45679 0.482655 0 0 0.482655 0 0 0 0 0 0 0 0 0 0 0 0.482655 0 0 0 0 0 0 0 0 0 0 0 0 0 0 0 0.482655 0 0 0 0 0 0 0 0 0 0 0 0 0 0 0 0 0 0 0 0 0 
0 0 0 0.263083 0 0 0 0 0 0.263083 0.263083 -2.9612 0 0 0 0.723983 0 0 0 0 0 0 0 0 0 0 0 0.723983 0 0 0 0 0 0 0 0 0 0 0 0 0 0 0 0.723983 0 0 0 0 0 0 0 0 0 0 0 0 0 0 0 0 0 0 0 0 
0 0 0 0 0.263083 0 0 0 0.263083 0 0 0 -2.45679 0.482655 0.482655 0 0 0 0 0 0 0 0 0 0 0 0 0 0.482655 0 0 0 0 0 0 0 0 0 0 0 0 0 0 0 0.482655 0 0 0 0 0 0 0 0 0 0 0 0 0 0 0 0 0 0 0 
0 0 0 0 0 0.263083 0 0 0 0.263083 0 0 0.263083 -2.9612 0 0.723983 0 0 0 0 0 0 0 0 0 0 0 0 0 0.723983 0 0 0 0 0 0 0 0 0 0 0 0 0 0 0 0.723983 0 0 0 0 0 0 0 0 0 0 0 0 0 0 0 0 0 0 
0 0 0 0 0 0 0.263083 0 0 0 0.263083 0 0.263083 0 -2.9612 0.723983 0 0 0 0 0 0 0 0 0 0 0 0 0 0 0.723983 0 0 0 0 0 0 0 0 0 0 0 0 0 0 0 0.723983 0 0 0 0 0 0 0 0 0 0 0 0 0 0 0 0 0 
0 0 0 0 0 0 0 0.263083 0 0 0 0.263083 0 0.263083 0.263083 -2.98295 0 0 0 0 0 0 0 0 0 0 0 0 0 0 0 0.96531 0 0 0 0 0 0 0 0 0 0 0 0 0 0 0 0.96531 0 0 0 0 0 0 0 0 0 0 0 0 0 0 0 0 
0.263083 0 0 0 0 0 0 0 0 0 0 0 0 0 0 0 -1.46972 0.241328 0.241328 0 0.241328 0 0 0 0.241328 0 0 0 0 0 0 0 0 0 0 0 0 0 0 0 0 0 0 0 0 0 0 0 0.241328 0 0 0 0 0 0 0 0 0 0 0 0 0 0 0 
0 0.263083 0 0 0 0 0 0 0 0 0 0 0 0 0 0 0.263083 -2.45679 0 0.482655 0 0.482655 0 0 0 0.482655 0 0 0 0 0 0 0 0 0 0 0 0 0 0 0 0 0 0 0 0 0 0 0 0.482655 0 0 0 0 0 0 0 0 0 0 0 0 0 0 
0 0 0.263083 0 0 0 0 0 0 0 0 0 0 0 0 0 0.263083 0 -2.45679 0.482655 0 0 0.482655 0 0 0 0.482655 0 0 0 0 0 0 0 0 0 0 0 0 0 0 0 0 0 0 0 0 0 0 0 0.482655 0 0 0 0 0 0 0 0 0 0 0 0 0 
0 0 0 0.263083 0 0 0 0 0 0 0 0 0 0 0 0 0 0.263083 0.263083 -2.9612 0 0 0 0.723983 0 0 0 0.723983 0 0 0 0 0 0 0 0 0 0 0 0 0 0 0 0 0 0 0 0 0 0 0 0.723983 0 0 0 0 0 0 0 0 0 0 0 0 
0 0 0 0 0.263083 0 0 0 0 0 0 0 0 0 0 0 0.263083 0 0 0 -2.45679 0.482655 0.482655 0 0 0 0 0 0.482655 0 0 0 0 0 0 0 0 0 0 0 0 0 0 0 0 0 0 0 0 0 0 0 0.482655 0 0 0 0 0 0 0 0 0 0 0 
0 0 0 0 0 0.263083 0 0 0 0 0 0 0 0 0 0 0 0.263083 0 0 0.263083 -2.9612 0 0.723983 0 0 0 0 0 0.723983 0 0 0 0 0 0 0 0 0 0 0 0 0 0 0 0 0 0 0 0 0 0 0 0.723983 0 0 0 0 0 0 0 0 0 0 
0 0 0 0 0 0 0.263083 0 0 0 0 0 0 0 0 0 0 0 0.263083 0 0.263083 0 -2.9612 0.723983 0 0 0 0 0 0 0.723983 0 0 0 0 0 0 0 0 0 0 0 0 0 0 0 0 0 0 0 0 0 0 0 0.723983 0 0 0 0 0 0 0 0 0 
0 0 0 0 0 0 0 0.263083 0 0 0 0 0 0 0 0 0 0 0 0.263083 0 0.263083 0.263083 -2.98295 0 0 0 0 0 0 0 0.96531 0 0 0 0 0 0 0 0 0 0 0 0 0 0 0 0 0 0 0 0 0 0 0 0.96531 0 0 0 0 0 0 0 0 
0 0 0 0 0 0 0 0 0.263083 0 0 0 0 0 0 0 0.263083 0 0 0 0 0 0 0 -2.45679 0.482655 0.482655 0 0.482655 0 0 0 0 0 0 0 0 0 0 0 0 0 0 0 0 0 0 0 0 0 0 0 0 0 0 0 0.482655 0 0 0 0 0 0 0 
0 0 0 0 0 0 0 0 0 0.263083 0 0 0 0 0 0 0 0.263083 0 0 0 0 0 0 0.263083 -2.9612 0 0.723983 0 0.723983 0 0 0 0 0 0 0 0 0 0 0 0 0 0 0 0 0 0 0 0 0 0 0 0 0 0 0 0.723983 0 0 0 0 0 0 
0 0 0 0 0 0 0 0 0 0 0.263083 0 0 0 0 0 0 0 0.263083 0 0 0 0 0 0.263083 0 -2.9612 0.723983 0 0 0.723983 0 0 0 0 0 0 0 0 0 0 0 0 0 0 0 0 0 0 0 0 0 0 0 0 0 0 0 0.723983 0 0 0 0 0 
0 0 0 0 0 0 0 0 0 0 0 0.263083 0 0 0 0 0 0 0 0.263083 0 0 0 0 0 0.263083 0.263083 -2.98295 0 0 0 0.96531 0 0 0 0 0 0 0 0 0 0 0 0 0 0 0 0 0 0 0 0 0 0 0 0 0 0 0 0.96531 0 0 0 0 
0 0 0 0 0 0 0 0 0 0 0 0 0.263083 0 0 0 0 0 0 0 0.263083 0 0 0 0.263083 0 0 0 -2.9612 0.723983 0.723983 0 0 0 0 0 0 0 0 0 0 0 0 0 0 0 0 0 0 0 0 0 0 0 0 0 0 0 0 0 0.723983 0 0 0 
0 0 0 0 0 0 0 0 0 0 0 0 0 0.263083 0 0 0 0 0 0 0 0.263083 0 0 0 0.263083 0 0 0.263083 -2.98295 0 0.96531 0 0 0 0 0 0 0 0 0 0 0 0 0 0 0 0 0 0 0 0 0 0 0 0 0 0 0 0 0 0.96531 0 0 
0 0 0 0 0 0 0 0 0 0 0 0 0 0 0.263083 0 0 0 0 0 0 0 0.263083 0 0 0 0.263083 0 0.263083 0 -2.98295 0.96531 0 0 0 0 0 0 0 0 0 0 0 0 0 0 0 0 0 0 0 0 0 0 0 0 0 0 0 0 0 0 0.96531 0 
0 0 0 0 0 0 0 0 0 0 0 0 0 0 0 0.263083 0 0 0 0 0 0 0 0.263083 0 0 0 0.263083 0 0.263083 0.263083 -2.52205 0 0 0 0 0 0 0 0 0 0 0 0 0 0 0 0 0 0 0 0 0 0 0 0 0 0 0 0 0 0 0 1.20664 
0.263083 0 0 0 0 0 0 0 0 0 0 0 0 0 0 0 0 0 0 0 0 0 0 0 0 0 0 0 0 0 0 0 -1.46972 0.241328 0.241328 0 0.241328 0 0 0 0.241328 0 0 0 0 0 0 0 0.241328 0 0 0 0 0 0 0 0 0 0 0 0 0 0 0 
0 0.263083 0 0 0 0 0 0 0 0 0 0 0 0 0 0 0 0 0 0 0 0 0 0 0 0 0 0 0 0 0 0 0.263083 -2.45679 0 0.482655 0 0.482655 0 0 0 0.482655 0 0 0 0 0 0 0 0.482655 0 0 0 0 0 0 0 0 0 0 0 0 0 0 
0 0 0.263083 0 0 0 0 0 0 0 0 0 0 0 0 0 0 0 0 0 0 0 0 0 0 0 0 0 0 0 0 0 0.263083 0 -2.45679 0.482655 0 0 0.482655 0 0 0 0.482655 0 0 0 0 0 0 0 0.482655 0 0 0 0 0 0 0 0 0 0 0 0 0 
0 0 0 0.263083 0 0 0 0 0 0 0 0 0 0 0 0 0 0 0 0 0 0 0 0 0 0 0 0 0 0 0 0 0 0.263083 0.263083 -2.9612 0 0 0 0.723983 0 0 0 0.723983 0 0 0 0 0 0 0 0.723983 0 0 0 0 0 0 0 0 0 0 0 0 
0 0 0 0 0.263083 0 0 0 0 0 0 0 0 0 0 0 0 0 0 0 0 0 0 0 0 0 0 0 0 0 0 0 0.263083 0 0 0 -2.45679 0.482655 0.482655 0 0 0 0 0 0.482655 0 0 0 0 0 0 0 0.482655 0 0 0 0 0 0 0 0 0 0 0 
0 0 0 0 0 0.263083 0 0 0 0 0 0 0 0 0 0 0 0 0 0 0 0 0 0 0 0 0 0 0 0 0 0 0 0.263083 0 0 0.263083 -2.9612 0 0.723983 0 0 0 0 0 0.723983 0 0 0 0 0 0 0 0.723983 0 0 0 0 0 0 0 0 0 0 
0 0 0 0 0 0 0.263083 0 0 0 0 0 0 0 0 0 0 0 0 0 0 0 0 0 0 0 0 0 0 0 0 0 0 0 0.263083 0 0.263083 0 -2.9612 0.723983 0 0 0 0 0 0 0.723983 0 0 0 0 0 0 0 0.723983 0 0 0 0 0 0 0 0 0 
0 0 0 0 0 0 0 0.263083 0 0 0 0 0 0 0 0 0 0 0 0 0 0 0 0 0 0 0 0 0 0 0 0 0 0 0 0.263083 0 0.263083 0.263083 -2.98295 0 0 0 0 0 0 0 0.96531 0 0 0 0 0 0 0 0.96531 0 0 0 0 0 0 0 0 
0 0 0 0 0 0 0 0 0.263083 0 0 0 0 0 0 0 0 0 0 0 0 0 0 0 0 0 0 0 0 0 0 0 0.263083 0 0 0 0 0 0 0 -2.45679 0.482655 0.482655 0 0.482655 0 0 0 0 0 0 0 0 0 0 0 0.482655 0 0 0 0 0 0 0 
0 0 0 0 0 0 0 0 0 0.263083 0 0 0 0 0 0 0 0 0 0 0 0 0 0 0 0 0 0 0 0 0 0 0 0.263083 0 0 0 0 0 0 0.263083 -2.9612 0 0.723983 0 0.723983 0 0 0 0 0 0 0 0 0 0 0 0.723983 0 0 0 0 0 0 
0 0 0 0 0 0 0 0 0 0 0.263083 0 0 0 0 0 0 0 0 0 0 0 0 0 0 0 0 0 0 0 0 0 0 0 0.263083 0 0 0 0 0 0.263083 0 -2.9612 0.723983 0 0 0.723983 0 0 0 0 0 0 0 0 0 0 0 0.723983 0 0 0 0 0 
0 0 0 0 0 0 0 0 0 0 0 0.263083 0 0 0 0 0 0 0 0 0 0 0 0 0 0 0 0 0 0 0 0 0 0 0 0.263083 0 0 0 0 0 0.263083 0.263083 -2.98295 0 0 0 0.96531 0 0 0 0 0 0 0 0 0 0 0 0.96531 0 0 0 0 
0 0 0 0 0 0 0 0 0 0 0 0 0.263083 0 0 0 0 0 0 0 0 0 0 0 0 0 0 0 0 0 0 0 0 0 0 0 0.263083 0 0 0 0.263083 0 0 0 -2.9612 0.723983 0.723983 0 0 0 0 0 0 0 0 0 0 0 0 0 0.723983 0 0 0 
0 0 0 0 0 0 0 0 0 0 0 0 0 0.263083 0 0 0 0 0 0 0 0 0 0 0 0 0 0 0 0 0 0 0 0 0 0 0 0.263083 0 0 0 0.263083 0 0 0.263083 -2.98295 0 0.96531 0 0 0 0 0 0 0 0 0 0 0 0 0 0.96531 0 0 
0 0 0 0 0 0 0 0 0 0 0 0 0 0 0.263083 0 0 0 0 0 0 0 0 0 0 0 0 0 0 0 0 0 0 0 0 0 0 0 0.263083 0 0 0 0.263083 0 0.263083 0 -2.98295 0.96531 0 0 0 0 0 0 0 0 0 0 0 0 0 0 0.96531 0 
0 0 0 0 0 0 0 0 0 0 0 0 0 0 0 0.263083 0 0 0 0 0 0 0 0 0 0 0 0 0 0 0 0 0 0 0 0 0 0 0 0.263083 0 0 0 0.263083 0 0.263083 0.263083 -2.52205 0 0 0 0 0 0 0 0 0 0 0 0 0 0 0 1.20664 
0 0 0 0 0 0 0 0 0 0 0 0 0 0 0 0 0.263083 0 0 0 0 0 0 0 0 0 0 0 0 0 0 0 0.263083 0 0 0 0 0 0 0 0 0 0 0 0 0 0 0 -2.45679 0.482655 0.482655 0 0.482655 0 0 0 0.482655 0 0 0 0 0 0 0 
0 0 0 0 0 0 0 0 0 0 0 0 0 0 0 0 0 0.263083 0 0 0 0 0 0 0 0 0 0 0 0 0 0 0 0.263083 0 0 0 0 0 0 0 0 0 0 0 0 0 0 0.263083 -2.9612 0 0.723983 0 0.723983 0 0 0 0.723983 0 0 0 0 0 0 
0 0 0 0 0 0 0 0 0 0 0 0 0 0 0 0 0 0 0.263083 0 0 0 0 0 0 0 0 0 0 0 0 0 0 0 0.263083 0 0 0 0 0 0 0 0 0 0 0 0 0 0.263083 0 -2.9612 0.723983 0 0 0.723983 0 0 0 0.723983 0 0 0 0 0 
0 0 0 0 0 0 0 0 0 0 0 0 0 0 0 0 0 0 0 0.263083 0 0 0 0 0 0 0 0 0 0 0 0 0 0 0 0.263083 0 0 0 0 0 0 0 0 0 0 0 0 0 0.263083 0.263083 -2.98295 0 0 0 0.96531 0 0 0 0.96531 0 0 0 0 
0 0 0 0 0 0 0 0 0 0 0 0 0 0 0 0 0 0 0 0 0.263083 0 0 0 0 0 0 0 0 0 0 0 0 0 0 0 0.263083 0 0 0 0 0 0 0 0 0 0 0 0.263083 0 0 0 -2.9612 0.723983 0.723983 0 0 0 0 0 0.723983 0 0 0 
0 0 0 0 0 0 0 0 0 0 0 0 0 0 0 0 0 0 0 0 0 0.263083 0 0 0 0 0 0 0 0 0 0 0 0 0 0 0 0.263083 0 0 0 0 0 0 0 0 0 0 0 0.263083 0 0 0.263083 -2.98295 0 0.96531 0 0 0 0 0 0.96531 0 0 
0 0 0 0 0 0 0 0 0 0 0 0 0 0 0 0 0 0 0 0 0 0 0.263083 0 0 0 0 0 0 0 0 0 0 0 0 0 0 0 0.263083 0 0 0 0 0 0 0 0 0 0 0 0.263083 0 0.263083 0 -2.98295 0.96531 0 0 0 0 0 0 0.96531 0 
0 0 0 0 0 0 0 0 0 0 0 0 0 0 0 0 0 0 0 0 0 0 0 0.263083 0 0 0 0 0 0 0 0 0 0 0 0 0 0 0 0.263083 0 0 0 0 0 0 0 0 0 0 0 0.263083 0 0.263083 0.263083 -2.52205 0 0 0 0 0 0 0 1.20664 
0 0 0 0 0 0 0 0 0 0 0 0 0 0 0 0 0 0 0 0 0 0 0 0 0.263083 0 0 0 0 0 0 0 0 0 0 0 0 0 0 0 0.263083 0 0 0 0 0 0 0 0.263083 0 0 0 0 0 0 0 -2.9612 0.723983 0.723983 0 0.723983 0 0 0 
0 0 0 0 0 0 0 0 0 0 0 0 0 0 0 0 0 0 0 0 0 0 0 0 0 0.263083 0 0 0 0 0 0 0 0 0 0 0 0 0 0 0 0.263083 0 0 0 0 0 0 0 0.263083 0 0 0 0 0 0 0.263083 -2.98295 0 0.96531 0 0.96531 0 0 
0 0 0 0 0 0 0 0 0 0 0 0 0 0 0 0 0 0 0 0 0 0 0 0 0 0 0.263083 0 0 0 0 0 0 0 0 0 0 0 0 0 0 0 0.263083 0 0 0 0 0 0 0 0.263083 0 0 0 0 0 0.263083 0 -2.98295 0.96531 0 0 0.96531 0 
0 0 0 0 0 0 0 0 0 0 0 0 0 0 0 0 0 0 0 0 0 0 0 0 0 0 0 0.263083 0 0 0 0 0 0 0 0 0 0 0 0 0 0 0 0.263083 0 0 0 0 0 0 0 0.263083 0 0 0 0 0 0.263083 0.263083 -2.52205 0 0 0 1.20664 
0 0 0 0 0 0 0 0 0 0 0 0 0 0 0 0 0 0 0 0 0 0 0 0 0 0 0 0 0.263083 0 0 0 0 0 0 0 0 0 0 0 0 0 0 0 0.263083 0 0 0 0 0 0 0 0.263083 0 0 0 0.263083 0 0 0 -2.98295 0.96531 0.96531 0 
0 0 0 0 0 0 0 0 0 0 0 0 0 0 0 0 0 0 0 0 0 0 0 0 0 0 0 0 0 0.263083 0 0 0 0 0 0 0 0 0 0 0 0 0 0 0 0.263083 0 0 0 0 0 0 0 0.263083 0 0 0 0.263083 0 0 0.263083 -2.52205 0 1.20664 
0 0 0 0 0 0 0 0 0 0 0 0 0 0 0 0 0 0 0 0 0 0 0 0 0 0 0 0 0 0 0.263083 0 0 0 0 0 0 0 0 0 0 0 0 0 0 0 0.263083 0 0 0 0 0 0 0 0.263083 0 0 0 0.263083 0 0.263083 0 -2.52205 1.20664 
0 0 0 0 0 0 0 0 0 0 0 0 0 0 0 0 0 0 0 0 0 0 0 0 0 0 0 0 0 0 0 0.263083 0 0 0 0 0 0 0 0 0 0 0 0 0 0 0 0.263083 0 0 0 0 0 0 0 0.263083 0 0 0 0.263083 0 0.263083 0.263083 -1.5785 
