64
-0 0 0 0 0 0 0 0 0 0 0 0 0 0 0 0 0 0 0 0 0 0 0 0 0 0 0 0 0 0 0 0 0 0 0 0 0 0 0 0 0 0 0 0 0 0 0 0 0 0 0 0 0 0 0 0 0 0 0 0 0 0 0 0 
0.376626 -2.16087 0 0.356849 0 0.356849 0 0 0 0.356849 0 0 0 0 0 0 0 0.356849 0 0 0 0 0 0 0 0 0 0 0 0 0 0 0 0.356849 0 0 0 0 0 0 0 0 0 0 0 0 0 0 0 0 0 0 0 0 0 0 0 0 0 0 0 0 0 0 
0.376626 0 -2.16087 0.356849 0 0 0.356849 0 0 0 0.356849 0 0 0 0 0 0 0 0.356849 0 0 0 0 0 0 0 0 0 0 0 0 0 0 0 0.356849 0 0 0 0 0 0 0 0 0 0 0 0 0 0 0 0 0 0 0 0 0 0 0 0 0 0 0 0 0 
0 0.376626 0.376626 -3.60804 0 0 0 0.713698 0 0 0 0.713698 0 0 0 0 0 0 0 0.713698 0 0 0 0 0 0 0 0 0 0 0 0 0 0 0 0.713698 0 0 0 0 0 0 0 0 0 0 0 0 0 0 0 0 0 0 0 0 0 0 0 0 0 0 0 0 
0.376626 0 0 0 -2.16087 0.356849 0.356849 0 0 0 0 0 0.356849 0 0 0 0 0 0 0 0.356849 0 0 0 0 0 0 0 0 0 0 0 0 0 0 0 0.356849 0 0 0 0 0 0 0 0 0 0 0 0 0 0 0 0 0 0 0 0 0 0 0 0 0 0 0 
0 0.376626 0 0 0.376626 -3.60804 0 0.713698 0 0 0 0 0 0.713698 0 0 0 0 0 0 0 0.713698 0 0 0 0 0 0 0 0 0 0 0 0 0 0 0 0.713698 0 0 0 0 0 0 0 0 0 0 0 0 0 0 0 0 0 0 0 0 0 0 0 0 0 0 
0 0 0.376626 0 0.376626 0 -3.60804 0.713698 0 0 0 0 0 0 0.713698 0 0 0 0 0 0 0 0.713698 0 0 0 0 0 0 0 0 0 0 0 0 0 0 0 0.713698 0 0 0 0 0 0 0 0 0 0 0 0 0 0 0 0 0 0 0 0 0 0 0 0 0 
0 0 0 0.376626 0 0.376626 0.376626 -4.34152 0 0 0 0 0 0 0 1.07055 0 0 0 0 0 0 0 1.07055 0 0 0 0 0 0 0 0 0 0 0 0 0 0 0 1.07055 0 0 0 0 0 0 0 0 0 0 0 0 0 0 0 0 0 0 0 0 0 0 0 0 
0.376626 0 0 0 0 0 0 0 -2.16087 0.356849 0.356849 0 0.356849 0 0 0 0 0 0 0 0 0 0 0 0.356849 0 0 0 0 0 0 0 0 0 0 0 0 0 0 0 0.356849 0 0 0 0 0 0 0 0 0 0 0 0 0 0 0 0 0 0 0 0 0 0 0 
0 0.376626 0 0 0 0 0 0 0.376626 -3.60804 0 0.713698 0 0.713698 0 0 0 0 0 0 0 0 0 0 0 0.713698 0 0 0 0 0 0 0 0 0 0 0 0 0 0 0 0.713698 0 0 0 0 0 0 0 0 0 0 0 0 0 0 0 0 0 0 0 0 0 0 
0 0 0.376626 0 0 0 0 0 0.376626 0 -3.60804 0.713698 0 0 0.713698 0 0 0 0 0 0 0 0 0 0 0 0.713698 0 0 0 0 0 0 0 0 0 0 0 0 0 0 0 0.713698 0 0 0 0 0 0 0 0 0 0 0 0 0 0 0 0 0 0 0 0 0 
0 0 0 0.376626 0 0 0 0 0 0.376626 0.376626 -4.34152 0 0 0 1.07055 0 0 0 0 0 0 0 0 0 0 0 1.07055 0 0 0 0 0 0 0 0 0 0 0 0 0 0 0 1.07055 0 0 0 0 0 0 0 0 0 0 0 0 0 0 0 0 0 0 0 0 
0 0 0 0 0.376626 0 0 0 0.376626 0 0 0 -3.60804 0.713698 0.713698 0 0 0 0 0 0 0 0 0 0 0 0 0 0.713698 0 0 0 0 0 0 0 0 0 0 0 0 0 0 0 0.713698 0 0 0 0 0 0 0 0 0 0 0 0 0 0 0 0 0 0 0 
0 0 0 0 0 0.376626 0 0 0 0.376626 0 0 0.376626 -4.34152 0 1.07055 0 0 0 0 0 0 0 0 0 0 0 0 0 1.07055 0 0 0 0 0 0 0 0 0 0 0 0 0 0 0 1.07055 0 0 0 0 0 0 0 0 0 0 0 0 0 0 0 0 0 0 
0 0 0 0 0 0 0.376626 0 0 0 0.376626 0 0.376626 0 -4.34152 1.07055 0 0 0 0 0 0 0 0 0 0 0 0 0 0 1.07055 0 0 0 0 0 0 0 0 0 0 0 0 0 0 0 1.07055 0 0 0 0 0 0 0 0 0 0 0 0 0 0 0 0 0 
0 0 0 0 0 0 0 0.376626 0 0 0 0.376626 0 0.376626 0.376626 -4.3613 0 0 0 0 0 0 0 0 0 0 0 0 0 0 0 1.4274 0 0 0 0 0 0 0 0 0 0 0 0 0 0 0 1.4274 0 0 0 0 0 0 0 0 0 0 0 0 0 0 0 0 
0.376626 0 0 0 0 0 0 0 0 0 0 0 0 0 0 0 -2.16087 0.356849 0.356849 0 0.356849 0 0 0 0.356849 0 0 0 0 0 0 0 0 0 0 0 0 0 0 0 0 0 0 0 0 0 0 0 0.356849 0 0 0 0 0 0 0 0 0 0 0 0 0 0 0 
0 0.376626 0 0 0 0 0 0 0 0 0 0 0 0 0 0 0.376626 -3.60804 0 0.713698 0 0.713698 0 0 0 0.713698 0 0 0 0 0 0 0 0 0 0 0 0 0 0 0 0 0 0 0 0 0 0 0 0.713698 0 0 0 0 0 0 0 0 0 0 0 0 0 0 
0 0 0.376626 0 0 0 0 0 0 0 0 0 0 0 0 0 0.376626 0 -3.60804 0.713698 0 0 0.713698 0 0 0 0.713698 0 0 0 0 0 0 0 0 0 0 0 0 0 0 0 0 0 0 0 0 0 0 0 0.713698 0 0 0 0 0 0 0 0 0 0 0 0 0 
0 0 0 0.376626 0 0 0 0 0 0 0 0 0 0 0 0 0 0.376626 0.376626 -4.34152 0 0 0 1.07055 0 0 0 1.07055 0 0 0 0 0 0 0 0 0 0 0 0 0 0 0 0 0 0 0 0 0 0 0 1.07055 0 0 0 0 0 0 0 0 0 0 0 0 
0 0 0 0 0.376626 0 0 0 0 0 0 0 0 0 0 0 0.376626 0 0 0 -3.60804 0.713698 0.713698 0 0 0 0 0 0.713698 0 0 0 0 0 0 0 0 0 0 0 0 0 0 0 0 0 0 0 0 0 0 0 0.713698 0 0 0 0 0 0 0 0 0 0 0 
0 0 0 0 0 0.376626 0 0 0 0 0 0 0 0 0 0 0 0.376626 0 0 0.376626 -4.34152 0 1.07055 0 0 0 0 0 1.07055 0 0 0 0 0 0 0 0 0 0 0 0 0 0 0 0 0 0 0 0 0 0 0 1.07055 0 0 0 0 0 0 0 0 0 0 
0 0 0 0 0 0 0.376626 0 0 0 0 0 0 0 0 0 0 0 0.376626 0 0.376626 0 -4.34152 1.07055 0 0 0 0 0 0 1.07055 0 0 0 0 0 0 0 0 0 0 0 0 0 0 0 0 0 0 0 0 0 0 0 1.07055 0 0 0 0 0 0 0 0 0 
0 0 0 0 0 0 0 0.376626 0 0 0 0 0 0 0 0 0 0 0 0.376626 0 0.376626 0.376626 -4.3613 0 0 0 0 0 0 0 1.4274 0 0 0 0 0 0 0 0 0 0 0 0 0 0 0 0 0 0 0 0 0 0 0 1.4274 0 0 0 0 0 0 0 0 
0 0 0 0 0 0 0 0 0.376626 0 0 0 0 0 0 0 0.376626 0 0 0 0 0 0 0 -3.60804 0.713698 0.713698 0 0.713698 0 0 0 0 0 0 0 0 0 0 0 0 0 0 0 0 0 0 0 0 0 0 0 0 0 0 0 0.713698 0 0 0 0 0 0 0 
0 0 0 0 0 0 0 0 0 0.376626 0 0 0 0 0 0 0 0.376626 0 0 0 0 0 0 0.376626 -4.34152 0 1.07055 0 1.07055 0 0 0 0 0 0 0 0 0 0 0 0 0 0 0 0 0 0 0 0 0 0 0 0 0 0 0 1.07055 0 0 0 0 0 0 
0 0 0 0 0 0 0 0 0 0 0.376626 0 0 0 0 0 0 0 0.376626 0 0 0 0 0 0.376626 0 -4.34152 1.07055 0 0 1.07055 0 0 0 0 0 0 0 0 0 0 0 0 0 0 0 0 0 0 0 0 0 0 0 0 0 0 0 1.07055 0 0 0 0 0 
0 0 0 0 0 0 0 0 0 0 0 0.376626 0 0 0 0 0 0 0 0.376626 0 0 0 0 0 0.376626 0.376626 -4.3613 0 0 0 1.4274 0 0 0 0 0 0 0 0 0 0 0 0 0 0 0 0 0 0 0 0 0 0 0 0 0 0 0 1.4274 0 0 0 0 
0 0 0 0 0 0 0 0 0 0 0 0 0.376626 0 0 0 0 0 0 0 0.376626 0 0 0 0.376626 0 0 0 -4.34152 1.07055 1.07055 0 0 0 0 0 0 0 0 0 0 0 0 0 0 0 0 0 0 0 0 0 0 0 0 0 0 0 0 0 1.07055 0 0 0 
0 0 0 0 0 0 0 0 0 0 0 0 0 0.376626 0 0 0 0 0 0 0 0.376626 0 0 0 0.376626 0 0 0.376626 -4.3613 0 1.4274 0 0 0 0 0 0 0 0 0 0 0 0 0 0 0 0 0 0 0 0 0 0 0 0 0 0 0 0 0 1.4274 0 0 
0 0 0 0 0 0 0 0 0 0 0 0 0 0 0.376626 0 0 0 0 0 0 0 0.376626 0 0 0 0.376626 0 0.376626 0 -4.3613 1.4274 0 0 0 0 0 0 0 0 0 0 0 0 0 0 0 0 0 0 0 0 0 0 0 0 0 0 0 0 0 0 1.4274 0 
0 0 0 0 0 0 0 0 0 0 0 0 0 0 0 0.376626 0 0 0 0 0 0 0 0.376626 0 0 0 0.376626 0 0.376626 0.376626 -3.66737 0 0 0 0 0 0 0 0 0 0 0 0 0 0 0 0 0 0 0 0 0 0 0 0 0 0 0 0 0 0 0 1.78425 
0.376626 0 0 0 0 0 0 0 0 0 0 0 0 0 0 0 0 0 0 0 0 0 0 0 0 0 0 0 0 0 0 0 -2.16087 0.356849 0.356849 0 0.356849 0 0 0 0.356849 0 0 0 0 0 0 0 0.356849 0 0 0 0 0 0 0 0 0 0 0 0 0 0 0 
0 0.376626 0 0 0 0 0 0 0 0 0 0 0 0 0 0 0 0 0 0 0 0 0 0 0 0 0 0 0 0 0 0 0.376626 -3.60804 0 0.713698 0 0.713698 0 0 0 0.713698 0 0 0 0 0 0 0 0.713698 0 0 0 0 0 0 0 0 0 0 0 0 0 0 
0 0 0.376626 0 0 0 0 0 0 0 0 0 0 0 0 0 0 0 0 0 0 0 0 0 0 0 0 0 0 0 0 0 0.376626 0 -3.60804 0.713698 0 0 0.713698 0 0 0 0.713698 0 0 0 0 0 0 0 0.713698 0 0 0 0 0 0 0 0 0 0 0 0 0 
0 0 0 0.376626 0 0 0 0 0 0 0 0 0 0 0 0 0 0 0 0 0 0 0 0 0 0 0 0 0 0 0 0 0 0.376626 0.376626 -4.34152 0 0 0 1.07055 0 0 0 1.07055 0 0 0 0 0 0 0 1.07055 0 0 0 0 0 0 0 0 0 0 0 0 
0 0 0 0 0.376626 0 0 0 0 0 0 0 0 0 0 0 0 0 0 0 0 0 0 0 0 0 0 0 0 0 0 0 0.376626 0 0 0 -3.60804 0.713698 0.713698 0 0 0 0 0 0.713698 0 0 0 0 0 0 0 0.713698 0 0 0 0 0 0 0 0 0 0 0 
0 0 0 0 0 0.376626 0 0 0 0 0 0 0 0 0 0 0 0 0 0 0 0 0 0 0 0 0 0 0 0 0 0 0 0.376626 0 0 0.376626 -4.34152 0 1.07055 0 0 0 0 0 1.07055 0 0 0 0 0 0 0 1.07055 0 0 0 0 0 0 0 0 0 0 
0 0 0 0 0 0 0.376626 0 0 0 0 0 0 0 0 0 0 0 0 0 0 0 0 0 0 0 0 0 0 0 0 0 0 0 0.376626 0 0.376626 0 -4.34152 1.07055 0 0 0 0 0 0 1.07055 0 0 0 0 0 0 0 1.07055 0 0 0 0 0 0 0 0 0 
0 0 0 0 0 0 0 0.376626 0 0 0 0 0 0 0 0 0 0 0 0 0 0 0 0 0 0 0 0 0 0 0 0 0 0 0 0.376626 0 0.376626 0.376626 -4.3613 0 0 0 0 0 0 0 1.4274 0 0 0 0 0 0 0 1.4274 0 0 0 0 0 0 0 0 
0 0 0 0 0 0 0 0 0.376626 0 0 0 0 0 0 0 0 0 0 0 0 0 0 0 0 0 0 0 0 0 0 0 0.376626 0 0 0 0 0 0 0 -3.60804 0.713698 0.713698 0 0.713698 0 0 0 0 0 0 0 0 0 0 0 0.713698 0 0 0 0 0 0 0 
0 0 0 0 0 0 0 0 0 0.376626 0 0 0 0 0 0 0 0 0 0 0 0 0 0 0 0 0 0 0 0 0 0 0 0.376626 0 0 0 0 0 0 0.376626 -4.34152 0 1.07055 0 1.07055 0 0 0 0 0 0 0 0 0 0 0 1.07055 0 0 0 0 0 0 
0 0 0 0 0 0 0 0 0 0 0.376626 0 0 0 0 0 0 0 0 0 0 0 0 0 0 0 0 0 0 0 0 0 0 0 0.376626 0 0 0 0 0 0.376626 0 -4.34152 1.07055 0 0 1.07055 0 0 0 0 0 0 0 0 0 0 0 1.07055 0 0 0 0 0 
0 0 0 0 0 0 0 0 0 0 0 0.376626 0 0 0 0 0 0 0 0 0 0 0 0 0 0 0 0 0 0 0 0 0 0 0 0.376626 0 0 0 0 0 0.376626 0.376626 -4.3613 0 0 0 1.4274 0 0 0 0 0 0 0 0 0 0 0 1.4274 0 0 0 0 
0 0 0 0 0 0 0 0 0 0 0 0 0.376626 0 0 0 0 0 0 0 0 0 0 0 0 0 0 0 0 0 0 0 0 0 0 0 0.376626 0 0 0 0.376626 0 0 0 -4.34152 1.07055 1.07055 0 0 0 0 0 0 0 0 0 0 0 0 0 1.07055 0 0 0 
0 0 0 0 0 0 0 0 0 0 0 0 0 0.376626 0 0 0 0 0 0 0 0 0 0 0 0 0 0 0 0 0 0 0 0 0 0 0 0.376626 0 0 0 0.376626 0 0 0.376626 -4.3613 0 1.4274 0 0 0 0 0 0 0 0 0 0 0 0 0 1.4274 0 0 
0 0 0 0 0 0 0 0 0 0 0 0 0 0 0.376626 0 0 0 0 0 0 0 0 0 0 0 0 0 0 0 0 0 0 0 0 0 0 0 0.376626 0 0 0 0.376626 0 0.376626 0 -4.3613 1.4274 0 0 0 0 0 0 0 0 0 0 0 0 0 0 1.4274 0 
0 0 0 0 0 0 0 0 0 0 0 0 0 0 0 0.376626 0 0 0 0 0 0 0 0 0 0 0 0 0 0 0 0 0 0 0 0 0 0 0 0.376626 0 0 0 0.376626 0 0.376626 0.376626 -3.66737 0 0 0 0 0 0 0 0 0 0 0 0 0 0 0 1.78425 
0 0 0 0 0 0 0 0 0 0 0 0 0 0 0 0 0.376626 0 0 0 0 0 0 0 0 0 0 0 0 0 0 0 0.376626 0 0 0 0 0 0 0 0 0 0 0 0 0 0 0 -3.60804 0.713698 0.713698 0 0.713698 0 0 0 0.713698 0 0 0 0 0 0 0 
0 0 0 0 0 0 0 0 0 0 0 0 0 0 0 0 0 0.376626 0 0 0 0 0 0 0 0 0 0 0 0 0 0 0 0.376626 0 0 0 0 0 0 0 0 0 0 0 0 0 0 0.376626 -4.34152 0 1.07055 0 1.07055 0 0 0 1.07055 0 0 0 0 0 0 
0 0 0 0 0 0 0 0 0 0 0 0 0 0 0 0 0 0 0.376626 0 0 0 0 0 0 0 0 0 0 0 0 0 0 0 0.376626 0 0 0 0 0 0 0 0 0 0 0 0 0 0.376626 0 -4.34152 1.07055 0 0 1.07055 0 0 0 1.07055 0 0 0 0 0 
0 0 0 0 0 0 0 0 0 0 0 0 0 0 0 0 0 0 0 0.376626 0 0 0 0 0 0 0 0 0 0 0 0 0 0 0 0.376626 0 0 0 0 0 0 0 0 0 0 0 0 0 0.376626 0.376626 -4.3613 0 0 0 1.4274 0 0 0 1.4274 0 0 0 0 
0 0 0 0 0 0 0 0 0 0 0 0 0 0 0 0 0 0 0 0 0.376626 0 0 0 0 0 0 0 0 0 0 0 0 0 0 0 0.376626 0 0 0 0 0 0 0 0 0 0 0 0.376626 0 0 0 -4.34152 1.07055 1.07055 0 0 0 0 0 1.07055 0 0 0 
0 0 0 0 0 0 0 0 0 0 0 0 0 0 0 0 0 0 0 0 0 0.376626 0 0 0 0 0 0 0 0 0 0 0 0 0 0 0 0.376626 0 0 0 0 0 0 0 0 0 0 0 0.376626 0 0 0.376626 -4.3613 0 1.4274 0 0 0 0 0 1.4274 0 0 
0 0 0 0 0 0 0 0 0 0 0 0 0 0 0 0 0 0 0 0 0 0 0.376626 0 0 0 0 0 0 0 0 0 0 0 0 0 0 0 0.376626 0 0 0 0 0 0 0 0 0 0 0 0.376626 0 0.376626 0 -4.3613 1.4274 0 0 0 0 0 0 1.4274 0 
0 0 0 0 0 0 0 0 0 0 0 0 0 0 0 0 0 0 0 0 0 0 0 0.376626 0 0 0 0 0 0 0 0 0 0 0 0 0 0 0 0.376626 0 0 0 0 0 0 0 0 0 0 0 0.376626 0 0.376626 0.376626 -3.66737 0 0 0 0 0 0 0 1.78425 
0 0 0 0 0 0 0 0 0 0 0 0 0 0 0 0 0 0 0 0 0 0 0 0 0.376626 0 0 0 0 0 0 0 0 0 0 0 0 0 0 0 0.376626 0 0 0 0 0 0 0 0.376626 0 0 0 0 0 0 0 -4.34152 1.07055 1.07055 0 1.07055 0 0 0 
0 0 0 0 0 0 0 0 0 0 0 0 0 0 0 0 0 0 0 0 0 0 0 0 0 0.376626 0 0 0 0 0 0 0 0 0 0 0 0 0 0 0 0.376626 0 0 0 0 0 0 0 0.376626 0 0 0 0 0 0 0.376626 -4.3613 0 1.4274 0 1.4274 0 0 
0 0 0 0 0 0 0 0 0 0 0 0 0 0 0 0 0 0 0 0 0 0 0 0 0 0 0.376626 0 0 0 0 0 0 0 0 0 0 0 0 0 0 0 0.376626 0 0 0 0 0 0 0 0.376626 0 0 0 0 0 0.376626 0 -4.3613 1.4274 0 0 1.4274 0 
0 0 0 0 0 0 0 0 0 0 0 0 0 0 0 0 0 0 0 0 0 0 0 0 0 0 0 0.376626 0 0 0 0 0 0 0 0 0 0 0 0 0 0 0 0.376626 0 0 0 0 0 0 0 0.376626 0 0 0 0 0 0.376626 0.376626 -3.66737 0 0 0 1.78425 
0 0 0 0 0 0 0 0 0 0 0 0 0 0 0 0 0 0 0 0 0 0 0 0 0 0 0 0 0.376626 0 0 0 0 0 0 0 0 0 0 0 0 0 0 0 0.376626 0 0 0 0 0 0 0 0.376626 0 0 0 0.376626 0 0 0 -4.3613 1.4274 1.4274 0 
0 0 0 0 0 0 0 0 0 0 0 0 0 0 0 0 0 0 0 0 0 0 0 0 0 0 0 0 0 0.376626 0 0 0 0 0 0 0 0 0 0 0 0 0 0 0 0.376626 0 0 0 0 0 0 0 0.376626 0 0 0 0.376626 0 0 0.376626 -3.66737 0 1.78425 
0 0 0 0 0 0 0 0 0 0 0 0 0 0 0 0 0 0 0 0 0 0 0 0 0 0 0 0 0 0 0.376626 0 0 0 0 0 0 0 0 0 0 0 0 0 0 0 0.376626 0 0 0 0 0 0 0 0.376626 0 0 0 0.376626 0 0.376626 0 -3.66737 1.78425 
0 0 0 0 0 0 0 0 0 0 0 0 0 0 0 0 0 0 0 0 0 0 0 0 0 0 0 0 0 0 0 0.376626 0 0 0 0 0 0 0 0 0 0 0 0 0 0 0 0.376626 0 0 0 0 0 0 0 0.376626 0 0 0 0.376626 0 0.376626 0.376626 -2.25975 
