32
-0 0 0 0 0 0 0 0 0 0 0 0 0 0 0 0 0 0 0 0 0 0 0 0 0 0 0 0 0 0 0 0 
0.219501 -1.4976 0 0.319526 0 0.319526 0 0 0 0.319526 0 0 0 0 0 0 0 0.319526 0 0 0 0 0 0 0 0 0 0 0 0 0 0 
0.219501 0 -1.4976 0.319526 0 0 0.319526 0 0 0 0.319526 0 0 0 0 0 0 0 0.319526 0 0 0 0 0 0 0 0 0 0 0 0 0 
0 0.219501 0.219501 -2.35616 0 0 0 0.639051 0 0 0 0.639051 0 0 0 0 0 0 0 0.639051 0 0 0 0 0 0 0 0 0 0 0 0 
0.219501 0 0 0 -1.4976 0.319526 0.319526 0 0 0 0 0 0.319526 0 0 0 0 0 0 0 0.319526 0 0 0 0 0 0 0 0 0 0 0 
0 0.219501 0 0 0.219501 -2.35616 0 0.639051 0 0 0 0 0 0.639051 0 0 0 0 0 0 0 0.639051 0 0 0 0 0 0 0 0 0 0 
0 0 0.219501 0 0.219501 0 -2.35616 0.639051 0 0 0 0 0 0 0.639051 0 0 0 0 0 0 0 0.639051 0 0 0 0 0 0 0 0 0 
0 0 0 0.219501 0 0.219501 0.219501 -2.57566 0 0 0 0 0 0 0 0.958577 0 0 0 0 0 0 0 0.958577 0 0 0 0 0 0 0 0 
0.219501 0 0 0 0 0 0 0 -1.4976 0.319526 0.319526 0 0.319526 0 0 0 0 0 0 0 0 0 0 0 0.319526 0 0 0 0 0 0 0 
0 0.219501 0 0 0 0 0 0 0.219501 -2.35616 0 0.639051 0 0.639051 0 0 0 0 0 0 0 0 0 0 0 0.639051 0 0 0 0 0 0 
0 0 0.219501 0 0 0 0 0 0.219501 0 -2.35616 0.639051 0 0 0.639051 0 0 0 0 0 0 0 0 0 0 0 0.639051 0 0 0 0 0 
0 0 0 0.219501 0 0 0 0 0 0.219501 0.219501 -2.57566 0 0 0 0.958577 0 0 0 0 0 0 0 0 0 0 0 0.958577 0 0 0 0 
0 0 0 0 0.219501 0 0 0 0.219501 0 0 0 -2.35616 0.639051 0.639051 0 0 0 0 0 0 0 0 0 0 0 0 0 0.639051 0 0 0 
0 0 0 0 0 0.219501 0 0 0 0.219501 0 0 0.219501 -2.57566 0 0.958577 0 0 0 0 0 0 0 0 0 0 0 0 0 0.958577 0 0 
0 0 0 0 0 0 0.219501 0 0 0 0.219501 0 0.219501 0 -2.57566 0.958577 0 0 0 0 0 0 0 0 0 0 0 0 0 0 0.958577 0 
0 0 0 0 0 0 0 0.219501 0 0 0 0.219501 0 0.219501 0.219501 -2.15611 0 0 0 0 0 0 0 0 0 0 0 0 0 0 0 1.2781 
0.219501 0 0 0 0 0 0 0 0 0 0 0 0 0 0 0 -1.4976 0.319526 0.319526 0 0.319526 0 0 0 0.319526 0 0 0 0 0 0 0 
0 0.219501 0 0 0 0 0 0 0 0 0 0 0 0 0 0 0.219501 -2.35616 0 0.639051 0 0.639051 0 0 0 0.639051 0 0 0 0 0 0 
0 0 0.219501 0 0 0 0 0 0 0 0 0 0 0 0 0 0.219501 0 -2.35616 0.639051 0 0 0.639051 0 0 0 0.639051 0 0 0 0 0 
0 0 0 0.219501 0 0 0 0 0 0 0 0 0 0 0 0 0 0.219501 0.219501 -2.57566 0 0 0 0.958577 0 0 0 0.958577 0 0 0 0 
0 0 0 0 0.219501 0 0 0 0 0 0 0 0 0 0 0 0.219501 0 0 0 -2.35616 0.639051 0.639051 0 0 0 0 0 0.639051 0 0 0 
0 0 0 0 0 0.219501 0 0 0 0 0 0 0 0 0 0 0 0.219501 0 0 0.219501 -2.57566 0 0.958577 0 0 0 0 0 0.958577 0 0 
0 0 0 0 0 0 0.219501 0 0 0 0 0 0 0 0 0 0 0 0.219501 0 0.219501 0 -2.57566 0.958577 0 0 0 0 0 0 0.958577 0 
0 0 0 0 0 0 0 0.219501 0 0 0 0 0 0 0 0 0 0 0 0.219501 0 0.219501 0.219501 -2.15611 0 0 0 0 0 0 0 1.2781 
0 0 0 0 0 0 0 0 0.219501 0 0 0 0 0 0 0 0.219501 0 0 0 0 0 0 0 -2.35616 0.639051 0.639051 0 0.639051 0 0 0 
0 0 0 0 0 0 0 0 0 0.219501 0 0 0 0 0 0 0 0.219501 0 0 0 0 0 0 0.219501 -2.57566 0 0.958577 0 0.958577 0 0 
0 0 0 0 0 0 0 0 0 0 0.219501 0 0 0 0 0 0 0 0.219501 0 0 0 0 0 0.219501 0 -2.57566 0.958577 0 0 0.958577 0 
0 0 0 0 0 0 0 0 0 0 0 0.219501 0 0 0 0 0 0 0 0.219501 0 0 0 0 0 0.219501 0.219501 -2.15611 0 0 0 1.2781 
0 0 0 0 0 0 0 0 0 0 0 0 0.219501 0 0 0 0 0 0 0 0.219501 0 0 0 0.219501 0 0 0 -2.57566 0.958577 0.958577 0 
0 0 0 0 0 0 0 0 0 0 0 0 0 0.219501 0 0 0 0 0 0 0 0.219501 0 0 0 0.219501 0 0 0.219501 -2.15611 0 1.2781 
0 0 0 0 0 0 0 0 0 0 0 0 0 0 0.219501 0 0 0 0 0 0 0 0.219501 0 0 0 0.219501 0 0.219501 0 -2.15611 1.2781 
0 0 0 0 0 0 0 0 0 0 0 0 0 0 0 0.219501 0 0 0 0 0 0 0 0.219501 0 0 0 0.219501 0 0.219501 0.219501 -1.09751 
