32
-0 0 0 0 0 0 0 0 0 0 0 0 0 0 0 0 0 0 0 0 0 0 0 0 0 0 0 0 0 0 0 0 
0.631841 -3.23974 0 0.651975 0 0.651975 0 0 0 0.651975 0 0 0 0 0 0 0 0.651975 0 0 0 0 0 0 0 0 0 0 0 0 0 0 
0.631841 0 -3.23974 0.651975 0 0 0.651975 0 0 0 0.651975 0 0 0 0 0 0 0 0.651975 0 0 0 0 0 0 0 0 0 0 0 0 0 
0 0.631841 0.631841 -5.17553 0 0 0 1.30395 0 0 0 1.30395 0 0 0 0 0 0 0 1.30395 0 0 0 0 0 0 0 0 0 0 0 0 
0.631841 0 0 0 -3.23974 0.651975 0.651975 0 0 0 0 0 0.651975 0 0 0 0 0 0 0 0.651975 0 0 0 0 0 0 0 0 0 0 0 
0 0.631841 0 0 0.631841 -5.17553 0 1.30395 0 0 0 0 0 1.30395 0 0 0 0 0 0 0 1.30395 0 0 0 0 0 0 0 0 0 0 
0 0 0.631841 0 0.631841 0 -5.17553 1.30395 0 0 0 0 0 0 1.30395 0 0 0 0 0 0 0 1.30395 0 0 0 0 0 0 0 0 0 
0 0 0 0.631841 0 0.631841 0.631841 -5.80737 0 0 0 0 0 0 0 1.95593 0 0 0 0 0 0 0 1.95593 0 0 0 0 0 0 0 0 
0.631841 0 0 0 0 0 0 0 -3.23974 0.651975 0.651975 0 0.651975 0 0 0 0 0 0 0 0 0 0 0 0.651975 0 0 0 0 0 0 0 
0 0.631841 0 0 0 0 0 0 0.631841 -5.17553 0 1.30395 0 1.30395 0 0 0 0 0 0 0 0 0 0 0 1.30395 0 0 0 0 0 0 
0 0 0.631841 0 0 0 0 0 0.631841 0 -5.17553 1.30395 0 0 1.30395 0 0 0 0 0 0 0 0 0 0 0 1.30395 0 0 0 0 0 
0 0 0 0.631841 0 0 0 0 0 0.631841 0.631841 -5.80737 0 0 0 1.95593 0 0 0 0 0 0 0 0 0 0 0 1.95593 0 0 0 0 
0 0 0 0 0.631841 0 0 0 0.631841 0 0 0 -5.17553 1.30395 1.30395 0 0 0 0 0 0 0 0 0 0 0 0 0 1.30395 0 0 0 
0 0 0 0 0 0.631841 0 0 0 0.631841 0 0 0.631841 -5.80737 0 1.95593 0 0 0 0 0 0 0 0 0 0 0 0 0 1.95593 0 0 
0 0 0 0 0 0 0.631841 0 0 0 0.631841 0 0.631841 0 -5.80737 1.95593 0 0 0 0 0 0 0 0 0 0 0 0 0 0 1.95593 0 
0 0 0 0 0 0 0 0.631841 0 0 0 0.631841 0 0.631841 0.631841 -5.13526 0 0 0 0 0 0 0 0 0 0 0 0 0 0 0 2.6079 
0.631841 0 0 0 0 0 0 0 0 0 0 0 0 0 0 0 -3.23974 0.651975 0.651975 0 0.651975 0 0 0 0.651975 0 0 0 0 0 0 0 
0 0.631841 0 0 0 0 0 0 0 0 0 0 0 0 0 0 0.631841 -5.17553 0 1.30395 0 1.30395 0 0 0 1.30395 0 0 0 0 0 0 
0 0 0.631841 0 0 0 0 0 0 0 0 0 0 0 0 0 0.631841 0 -5.17553 1.30395 0 0 1.30395 0 0 0 1.30395 0 0 0 0 0 
0 0 0 0.631841 0 0 0 0 0 0 0 0 0 0 0 0 0 0.631841 0.631841 -5.80737 0 0 0 1.95593 0 0 0 1.95593 0 0 0 0 
0 0 0 0 0.631841 0 0 0 0 0 0 0 0 0 0 0 0.631841 0 0 0 -5.17553 1.30395 1.30395 0 0 0 0 0 1.30395 0 0 0 
0 0 0 0 0 0.631841 0 0 0 0 0 0 0 0 0 0 0 0.631841 0 0 0.631841 -5.80737 0 1.95593 0 0 0 0 0 1.95593 0 0 
0 0 0 0 0 0 0.631841 0 0 0 0 0 0 0 0 0 0 0 0.631841 0 0.631841 0 -5.80737 1.95593 0 0 0 0 0 0 1.95593 0 
0 0 0 0 0 0 0 0.631841 0 0 0 0 0 0 0 0 0 0 0 0.631841 0 0.631841 0.631841 -5.13526 0 0 0 0 0 0 0 2.6079 
0 0 0 0 0 0 0 0 0.631841 0 0 0 0 0 0 0 0.631841 0 0 0 0 0 0 0 -5.17553 1.30395 1.30395 0 1.30395 0 0 0 
0 0 0 0 0 0 0 0 0 0.631841 0 0 0 0 0 0 0 0.631841 0 0 0 0 0 0 0.631841 -5.80737 0 1.95593 0 1.95593 0 0 
0 0 0 0 0 0 0 0 0 0 0.631841 0 0 0 0 0 0 0 0.631841 0 0 0 0 0 0.631841 0 -5.80737 1.95593 0 0 1.95593 0 
0 0 0 0 0 0 0 0 0 0 0 0.631841 0 0 0 0 0 0 0 0.631841 0 0 0 0 0 0.631841 0.631841 -5.13526 0 0 0 2.6079 
0 0 0 0 0 0 0 0 0 0 0 0 0.631841 0 0 0 0 0 0 0 0.631841 0 0 0 0.631841 0 0 0 -5.80737 1.95593 1.95593 0 
0 0 0 0 0 0 0 0 0 0 0 0 0 0.631841 0 0 0 0 0 0 0 0.631841 0 0 0 0.631841 0 0 0.631841 -5.13526 0 2.6079 
0 0 0 0 0 0 0 0 0 0 0 0 0 0 0.631841 0 0 0 0 0 0 0 0.631841 0 0 0 0.631841 0 0.631841 0 -5.13526 2.6079 
0 0 0 0 0 0 0 0 0 0 0 0 0 0 0 0.631841 0 0 0 0 0 0 0 0.631841 0 0 0 0.631841 0 0.631841 0.631841 -3.1592 
