32
-0 0 0 0 0 0 0 0 0 0 0 0 0 0 0 0 0 0 0 0 0 0 0 0 0 0 0 0 0 0 0 0 
0.359592 -1.78698 0 0.356847 0 0.356847 0 0 0 0.356847 0 0 0 0 0 0 0 0.356847 0 0 0 0 0 0 0 0 0 0 0 0 0 0 
0.359592 0 -1.78698 0.356847 0 0 0.356847 0 0 0 0.356847 0 0 0 0 0 0 0 0.356847 0 0 0 0 0 0 0 0 0 0 0 0 0 
0 0.359592 0.359592 -2.86027 0 0 0 0.713694 0 0 0 0.713694 0 0 0 0 0 0 0 0.713694 0 0 0 0 0 0 0 0 0 0 0 0 
0.359592 0 0 0 -1.78698 0.356847 0.356847 0 0 0 0 0 0.356847 0 0 0 0 0 0 0 0.356847 0 0 0 0 0 0 0 0 0 0 0 
0 0.359592 0 0 0.359592 -2.86027 0 0.713694 0 0 0 0 0 0.713694 0 0 0 0 0 0 0 0.713694 0 0 0 0 0 0 0 0 0 0 
0 0 0.359592 0 0.359592 0 -2.86027 0.713694 0 0 0 0 0 0 0.713694 0 0 0 0 0 0 0 0.713694 0 0 0 0 0 0 0 0 0 
0 0 0 0.359592 0 0.359592 0.359592 -3.21986 0 0 0 0 0 0 0 1.07054 0 0 0 0 0 0 0 1.07054 0 0 0 0 0 0 0 0 
0.359592 0 0 0 0 0 0 0 -1.78698 0.356847 0.356847 0 0.356847 0 0 0 0 0 0 0 0 0 0 0 0.356847 0 0 0 0 0 0 0 
0 0.359592 0 0 0 0 0 0 0.359592 -2.86027 0 0.713694 0 0.713694 0 0 0 0 0 0 0 0 0 0 0 0.713694 0 0 0 0 0 0 
0 0 0.359592 0 0 0 0 0 0.359592 0 -2.86027 0.713694 0 0 0.713694 0 0 0 0 0 0 0 0 0 0 0 0.713694 0 0 0 0 0 
0 0 0 0.359592 0 0 0 0 0 0.359592 0.359592 -3.21986 0 0 0 1.07054 0 0 0 0 0 0 0 0 0 0 0 1.07054 0 0 0 0 
0 0 0 0 0.359592 0 0 0 0.359592 0 0 0 -2.86027 0.713694 0.713694 0 0 0 0 0 0 0 0 0 0 0 0 0 0.713694 0 0 0 
0 0 0 0 0 0.359592 0 0 0 0.359592 0 0 0.359592 -3.21986 0 1.07054 0 0 0 0 0 0 0 0 0 0 0 0 0 1.07054 0 0 
0 0 0 0 0 0 0.359592 0 0 0 0.359592 0 0.359592 0 -3.21986 1.07054 0 0 0 0 0 0 0 0 0 0 0 0 0 0 1.07054 0 
0 0 0 0 0 0 0 0.359592 0 0 0 0.359592 0 0.359592 0.359592 -2.86576 0 0 0 0 0 0 0 0 0 0 0 0 0 0 0 1.42739 
0.359592 0 0 0 0 0 0 0 0 0 0 0 0 0 0 0 -1.78698 0.356847 0.356847 0 0.356847 0 0 0 0.356847 0 0 0 0 0 0 0 
0 0.359592 0 0 0 0 0 0 0 0 0 0 0 0 0 0 0.359592 -2.86027 0 0.713694 0 0.713694 0 0 0 0.713694 0 0 0 0 0 0 
0 0 0.359592 0 0 0 0 0 0 0 0 0 0 0 0 0 0.359592 0 -2.86027 0.713694 0 0 0.713694 0 0 0 0.713694 0 0 0 0 0 
0 0 0 0.359592 0 0 0 0 0 0 0 0 0 0 0 0 0 0.359592 0.359592 -3.21986 0 0 0 1.07054 0 0 0 1.07054 0 0 0 0 
0 0 0 0 0.359592 0 0 0 0 0 0 0 0 0 0 0 0.359592 0 0 0 -2.86027 0.713694 0.713694 0 0 0 0 0 0.713694 0 0 0 
0 0 0 0 0 0.359592 0 0 0 0 0 0 0 0 0 0 0 0.359592 0 0 0.359592 -3.21986 0 1.07054 0 0 0 0 0 1.07054 0 0 
0 0 0 0 0 0 0.359592 0 0 0 0 0 0 0 0 0 0 0 0.359592 0 0.359592 0 -3.21986 1.07054 0 0 0 0 0 0 1.07054 0 
0 0 0 0 0 0 0 0.359592 0 0 0 0 0 0 0 0 0 0 0 0.359592 0 0.359592 0.359592 -2.86576 0 0 0 0 0 0 0 1.42739 
0 0 0 0 0 0 0 0 0.359592 0 0 0 0 0 0 0 0.359592 0 0 0 0 0 0 0 -2.86027 0.713694 0.713694 0 0.713694 0 0 0 
0 0 0 0 0 0 0 0 0 0.359592 0 0 0 0 0 0 0 0.359592 0 0 0 0 0 0 0.359592 -3.21986 0 1.07054 0 1.07054 0 0 
0 0 0 0 0 0 0 0 0 0 0.359592 0 0 0 0 0 0 0 0.359592 0 0 0 0 0 0.359592 0 -3.21986 1.07054 0 0 1.07054 0 
0 0 0 0 0 0 0 0 0 0 0 0.359592 0 0 0 0 0 0 0 0.359592 0 0 0 0 0 0.359592 0.359592 -2.86576 0 0 0 1.42739 
0 0 0 0 0 0 0 0 0 0 0 0 0.359592 0 0 0 0 0 0 0 0.359592 0 0 0 0.359592 0 0 0 -3.21986 1.07054 1.07054 0 
0 0 0 0 0 0 0 0 0 0 0 0 0 0.359592 0 0 0 0 0 0 0 0.359592 0 0 0 0.359592 0 0 0.359592 -2.86576 0 1.42739 
0 0 0 0 0 0 0 0 0 0 0 0 0 0 0.359592 0 0 0 0 0 0 0 0.359592 0 0 0 0.359592 0 0.359592 0 -2.86576 1.42739 
0 0 0 0 0 0 0 0 0 0 0 0 0 0 0 0.359592 0 0 0 0 0 0 0 0.359592 0 0 0 0.359592 0 0.359592 0.359592 -1.79796 
