32
-0 0 0 0 0 0 0 0 0 0 0 0 0 0 0 0 0 0 0 0 0 0 0 0 0 0 0 0 0 0 0 0 
0.322837 -1.80563 0 0.370698 0 0.370698 0 0 0 0.370698 0 0 0 0 0 0 0 0.370698 0 0 0 0 0 0 0 0 0 0 0 0 0 0 
0.322837 0 -1.80563 0.370698 0 0 0.370698 0 0 0 0.370698 0 0 0 0 0 0 0 0.370698 0 0 0 0 0 0 0 0 0 0 0 0 0 
0 0.322837 0.322837 -2.86986 0 0 0 0.741397 0 0 0 0.741397 0 0 0 0 0 0 0 0.741397 0 0 0 0 0 0 0 0 0 0 0 0 
0.322837 0 0 0 -1.80563 0.370698 0.370698 0 0 0 0 0 0.370698 0 0 0 0 0 0 0 0.370698 0 0 0 0 0 0 0 0 0 0 0 
0 0.322837 0 0 0.322837 -2.86986 0 0.741397 0 0 0 0 0 0.741397 0 0 0 0 0 0 0 0.741397 0 0 0 0 0 0 0 0 0 0 
0 0 0.322837 0 0.322837 0 -2.86986 0.741397 0 0 0 0 0 0 0.741397 0 0 0 0 0 0 0 0.741397 0 0 0 0 0 0 0 0 0 
0 0 0 0.322837 0 0.322837 0.322837 -3.1927 0 0 0 0 0 0 0 1.11209 0 0 0 0 0 0 0 1.11209 0 0 0 0 0 0 0 0 
0.322837 0 0 0 0 0 0 0 -1.80563 0.370698 0.370698 0 0.370698 0 0 0 0 0 0 0 0 0 0 0 0.370698 0 0 0 0 0 0 0 
0 0.322837 0 0 0 0 0 0 0.322837 -2.86986 0 0.741397 0 0.741397 0 0 0 0 0 0 0 0 0 0 0 0.741397 0 0 0 0 0 0 
0 0 0.322837 0 0 0 0 0 0.322837 0 -2.86986 0.741397 0 0 0.741397 0 0 0 0 0 0 0 0 0 0 0 0.741397 0 0 0 0 0 
0 0 0 0.322837 0 0 0 0 0 0.322837 0.322837 -3.1927 0 0 0 1.11209 0 0 0 0 0 0 0 0 0 0 0 1.11209 0 0 0 0 
0 0 0 0 0.322837 0 0 0 0.322837 0 0 0 -2.86986 0.741397 0.741397 0 0 0 0 0 0 0 0 0 0 0 0 0 0.741397 0 0 0 
0 0 0 0 0 0.322837 0 0 0 0.322837 0 0 0.322837 -3.1927 0 1.11209 0 0 0 0 0 0 0 0 0 0 0 0 0 1.11209 0 0 
0 0 0 0 0 0 0.322837 0 0 0 0.322837 0 0.322837 0 -3.1927 1.11209 0 0 0 0 0 0 0 0 0 0 0 0 0 0 1.11209 0 
0 0 0 0 0 0 0 0.322837 0 0 0 0.322837 0 0.322837 0.322837 -2.77414 0 0 0 0 0 0 0 0 0 0 0 0 0 0 0 1.48279 
0.322837 0 0 0 0 0 0 0 0 0 0 0 0 0 0 0 -1.80563 0.370698 0.370698 0 0.370698 0 0 0 0.370698 0 0 0 0 0 0 0 
0 0.322837 0 0 0 0 0 0 0 0 0 0 0 0 0 0 0.322837 -2.86986 0 0.741397 0 0.741397 0 0 0 0.741397 0 0 0 0 0 0 
0 0 0.322837 0 0 0 0 0 0 0 0 0 0 0 0 0 0.322837 0 -2.86986 0.741397 0 0 0.741397 0 0 0 0.741397 0 0 0 0 0 
0 0 0 0.322837 0 0 0 0 0 0 0 0 0 0 0 0 0 0.322837 0.322837 -3.1927 0 0 0 1.11209 0 0 0 1.11209 0 0 0 0 
0 0 0 0 0.322837 0 0 0 0 0 0 0 0 0 0 0 0.322837 0 0 0 -2.86986 0.741397 0.741397 0 0 0 0 0 0.741397 0 0 0 
0 0 0 0 0 0.322837 0 0 0 0 0 0 0 0 0 0 0 0.322837 0 0 0.322837 -3.1927 0 1.11209 0 0 0 0 0 1.11209 0 0 
0 0 0 0 0 0 0.322837 0 0 0 0 0 0 0 0 0 0 0 0.322837 0 0.322837 0 -3.1927 1.11209 0 0 0 0 0 0 1.11209 0 
0 0 0 0 0 0 0 0.322837 0 0 0 0 0 0 0 0 0 0 0 0.322837 0 0.322837 0.322837 -2.77414 0 0 0 0 0 0 0 1.48279 
0 0 0 0 0 0 0 0 0.322837 0 0 0 0 0 0 0 0.322837 0 0 0 0 0 0 0 -2.86986 0.741397 0.741397 0 0.741397 0 0 0 
0 0 0 0 0 0 0 0 0 0.322837 0 0 0 0 0 0 0 0.322837 0 0 0 0 0 0 0.322837 -3.1927 0 1.11209 0 1.11209 0 0 
0 0 0 0 0 0 0 0 0 0 0.322837 0 0 0 0 0 0 0 0.322837 0 0 0 0 0 0.322837 0 -3.1927 1.11209 0 0 1.11209 0 
0 0 0 0 0 0 0 0 0 0 0 0.322837 0 0 0 0 0 0 0 0.322837 0 0 0 0 0 0.322837 0.322837 -2.77414 0 0 0 1.48279 
0 0 0 0 0 0 0 0 0 0 0 0 0.322837 0 0 0 0 0 0 0 0.322837 0 0 0 0.322837 0 0 0 -3.1927 1.11209 1.11209 0 
0 0 0 0 0 0 0 0 0 0 0 0 0 0.322837 0 0 0 0 0 0 0 0.322837 0 0 0 0.322837 0 0 0.322837 -2.77414 0 1.48279 
0 0 0 0 0 0 0 0 0 0 0 0 0 0 0.322837 0 0 0 0 0 0 0 0.322837 0 0 0 0.322837 0 0.322837 0 -2.77414 1.48279 
0 0 0 0 0 0 0 0 0 0 0 0 0 0 0 0.322837 0 0 0 0 0 0 0 0.322837 0 0 0 0.322837 0 0.322837 0.322837 -1.61419 
