64
-0 0 0 0 0 0 0 0 0 0 0 0 0 0 0 0 0 0 0 0 0 0 0 0 0 0 0 0 0 0 0 0 0 0 0 0 0 0 0 0 0 0 0 0 0 0 0 0 0 0 0 0 0 0 0 0 0 0 0 0 0 0 0 0 
0.356868 -1.73542 0 0.27571 0 0.27571 0 0 0 0.27571 0 0 0 0 0 0 0 0.27571 0 0 0 0 0 0 0 0 0 0 0 0 0 0 0 0.27571 0 0 0 0 0 0 0 0 0 0 0 0 0 0 0 0 0 0 0 0 0 0 0 0 0 0 0 0 0 0 
0.356868 0 -1.73542 0.27571 0 0 0.27571 0 0 0 0.27571 0 0 0 0 0 0 0 0.27571 0 0 0 0 0 0 0 0 0 0 0 0 0 0 0 0.27571 0 0 0 0 0 0 0 0 0 0 0 0 0 0 0 0 0 0 0 0 0 0 0 0 0 0 0 0 0 
0 0.356868 0.356868 -2.91942 0 0 0 0.55142 0 0 0 0.55142 0 0 0 0 0 0 0 0.55142 0 0 0 0 0 0 0 0 0 0 0 0 0 0 0 0.55142 0 0 0 0 0 0 0 0 0 0 0 0 0 0 0 0 0 0 0 0 0 0 0 0 0 0 0 0 
0.356868 0 0 0 -1.73542 0.27571 0.27571 0 0 0 0 0 0.27571 0 0 0 0 0 0 0 0.27571 0 0 0 0 0 0 0 0 0 0 0 0 0 0 0 0.27571 0 0 0 0 0 0 0 0 0 0 0 0 0 0 0 0 0 0 0 0 0 0 0 0 0 0 0 
0 0.356868 0 0 0.356868 -2.91942 0 0.55142 0 0 0 0 0 0.55142 0 0 0 0 0 0 0 0.55142 0 0 0 0 0 0 0 0 0 0 0 0 0 0 0 0.55142 0 0 0 0 0 0 0 0 0 0 0 0 0 0 0 0 0 0 0 0 0 0 0 0 0 0 
0 0 0.356868 0 0.356868 0 -2.91942 0.55142 0 0 0 0 0 0 0.55142 0 0 0 0 0 0 0 0.55142 0 0 0 0 0 0 0 0 0 0 0 0 0 0 0 0.55142 0 0 0 0 0 0 0 0 0 0 0 0 0 0 0 0 0 0 0 0 0 0 0 0 0 
0 0 0 0.356868 0 0.356868 0.356868 -3.55199 0 0 0 0 0 0 0 0.82713 0 0 0 0 0 0 0 0.82713 0 0 0 0 0 0 0 0 0 0 0 0 0 0 0 0.82713 0 0 0 0 0 0 0 0 0 0 0 0 0 0 0 0 0 0 0 0 0 0 0 0 
0.356868 0 0 0 0 0 0 0 -1.73542 0.27571 0.27571 0 0.27571 0 0 0 0 0 0 0 0 0 0 0 0.27571 0 0 0 0 0 0 0 0 0 0 0 0 0 0 0 0.27571 0 0 0 0 0 0 0 0 0 0 0 0 0 0 0 0 0 0 0 0 0 0 0 
0 0.356868 0 0 0 0 0 0 0.356868 -2.91942 0 0.55142 0 0.55142 0 0 0 0 0 0 0 0 0 0 0 0.55142 0 0 0 0 0 0 0 0 0 0 0 0 0 0 0 0.55142 0 0 0 0 0 0 0 0 0 0 0 0 0 0 0 0 0 0 0 0 0 0 
0 0 0.356868 0 0 0 0 0 0.356868 0 -2.91942 0.55142 0 0 0.55142 0 0 0 0 0 0 0 0 0 0 0 0.55142 0 0 0 0 0 0 0 0 0 0 0 0 0 0 0 0.55142 0 0 0 0 0 0 0 0 0 0 0 0 0 0 0 0 0 0 0 0 0 
0 0 0 0.356868 0 0 0 0 0 0.356868 0.356868 -3.55199 0 0 0 0.82713 0 0 0 0 0 0 0 0 0 0 0 0.82713 0 0 0 0 0 0 0 0 0 0 0 0 0 0 0 0.82713 0 0 0 0 0 0 0 0 0 0 0 0 0 0 0 0 0 0 0 0 
0 0 0 0 0.356868 0 0 0 0.356868 0 0 0 -2.91942 0.55142 0.55142 0 0 0 0 0 0 0 0 0 0 0 0 0 0.55142 0 0 0 0 0 0 0 0 0 0 0 0 0 0 0 0.55142 0 0 0 0 0 0 0 0 0 0 0 0 0 0 0 0 0 0 0 
0 0 0 0 0 0.356868 0 0 0 0.356868 0 0 0.356868 -3.55199 0 0.82713 0 0 0 0 0 0 0 0 0 0 0 0 0 0.82713 0 0 0 0 0 0 0 0 0 0 0 0 0 0 0 0.82713 0 0 0 0 0 0 0 0 0 0 0 0 0 0 0 0 0 0 
0 0 0 0 0 0 0.356868 0 0 0 0.356868 0 0.356868 0 -3.55199 0.82713 0 0 0 0 0 0 0 0 0 0 0 0 0 0 0.82713 0 0 0 0 0 0 0 0 0 0 0 0 0 0 0 0.82713 0 0 0 0 0 0 0 0 0 0 0 0 0 0 0 0 0 
0 0 0 0 0 0 0 0.356868 0 0 0 0.356868 0 0.356868 0.356868 -3.63315 0 0 0 0 0 0 0 0 0 0 0 0 0 0 0 1.10284 0 0 0 0 0 0 0 0 0 0 0 0 0 0 0 1.10284 0 0 0 0 0 0 0 0 0 0 0 0 0 0 0 0 
0.356868 0 0 0 0 0 0 0 0 0 0 0 0 0 0 0 -1.73542 0.27571 0.27571 0 0.27571 0 0 0 0.27571 0 0 0 0 0 0 0 0 0 0 0 0 0 0 0 0 0 0 0 0 0 0 0 0.27571 0 0 0 0 0 0 0 0 0 0 0 0 0 0 0 
0 0.356868 0 0 0 0 0 0 0 0 0 0 0 0 0 0 0.356868 -2.91942 0 0.55142 0 0.55142 0 0 0 0.55142 0 0 0 0 0 0 0 0 0 0 0 0 0 0 0 0 0 0 0 0 0 0 0 0.55142 0 0 0 0 0 0 0 0 0 0 0 0 0 0 
0 0 0.356868 0 0 0 0 0 0 0 0 0 0 0 0 0 0.356868 0 -2.91942 0.55142 0 0 0.55142 0 0 0 0.55142 0 0 0 0 0 0 0 0 0 0 0 0 0 0 0 0 0 0 0 0 0 0 0 0.55142 0 0 0 0 0 0 0 0 0 0 0 0 0 
0 0 0 0.356868 0 0 0 0 0 0 0 0 0 0 0 0 0 0.356868 0.356868 -3.55199 0 0 0 0.82713 0 0 0 0.82713 0 0 0 0 0 0 0 0 0 0 0 0 0 0 0 0 0 0 0 0 0 0 0 0.82713 0 0 0 0 0 0 0 0 0 0 0 0 
0 0 0 0 0.356868 0 0 0 0 0 0 0 0 0 0 0 0.356868 0 0 0 -2.91942 0.55142 0.55142 0 0 0 0 0 0.55142 0 0 0 0 0 0 0 0 0 0 0 0 0 0 0 0 0 0 0 0 0 0 0 0.55142 0 0 0 0 0 0 0 0 0 0 0 
0 0 0 0 0 0.356868 0 0 0 0 0 0 0 0 0 0 0 0.356868 0 0 0.356868 -3.55199 0 0.82713 0 0 0 0 0 0.82713 0 0 0 0 0 0 0 0 0 0 0 0 0 0 0 0 0 0 0 0 0 0 0 0.82713 0 0 0 0 0 0 0 0 0 0 
0 0 0 0 0 0 0.356868 0 0 0 0 0 0 0 0 0 0 0 0.356868 0 0.356868 0 -3.55199 0.82713 0 0 0 0 0 0 0.82713 0 0 0 0 0 0 0 0 0 0 0 0 0 0 0 0 0 0 0 0 0 0 0 0.82713 0 0 0 0 0 0 0 0 0 
0 0 0 0 0 0 0 0.356868 0 0 0 0 0 0 0 0 0 0 0 0.356868 0 0.356868 0.356868 -3.63315 0 0 0 0 0 0 0 1.10284 0 0 0 0 0 0 0 0 0 0 0 0 0 0 0 0 0 0 0 0 0 0 0 1.10284 0 0 0 0 0 0 0 0 
0 0 0 0 0 0 0 0 0.356868 0 0 0 0 0 0 0 0.356868 0 0 0 0 0 0 0 -2.91942 0.55142 0.55142 0 0.55142 0 0 0 0 0 0 0 0 0 0 0 0 0 0 0 0 0 0 0 0 0 0 0 0 0 0 0 0.55142 0 0 0 0 0 0 0 
0 0 0 0 0 0 0 0 0 0.356868 0 0 0 0 0 0 0 0.356868 0 0 0 0 0 0 0.356868 -3.55199 0 0.82713 0 0.82713 0 0 0 0 0 0 0 0 0 0 0 0 0 0 0 0 0 0 0 0 0 0 0 0 0 0 0 0.82713 0 0 0 0 0 0 
0 0 0 0 0 0 0 0 0 0 0.356868 0 0 0 0 0 0 0 0.356868 0 0 0 0 0 0.356868 0 -3.55199 0.82713 0 0 0.82713 0 0 0 0 0 0 0 0 0 0 0 0 0 0 0 0 0 0 0 0 0 0 0 0 0 0 0 0.82713 0 0 0 0 0 
0 0 0 0 0 0 0 0 0 0 0 0.356868 0 0 0 0 0 0 0 0.356868 0 0 0 0 0 0.356868 0.356868 -3.63315 0 0 0 1.10284 0 0 0 0 0 0 0 0 0 0 0 0 0 0 0 0 0 0 0 0 0 0 0 0 0 0 0 1.10284 0 0 0 0 
0 0 0 0 0 0 0 0 0 0 0 0 0.356868 0 0 0 0 0 0 0 0.356868 0 0 0 0.356868 0 0 0 -3.55199 0.82713 0.82713 0 0 0 0 0 0 0 0 0 0 0 0 0 0 0 0 0 0 0 0 0 0 0 0 0 0 0 0 0 0.82713 0 0 0 
0 0 0 0 0 0 0 0 0 0 0 0 0 0.356868 0 0 0 0 0 0 0 0.356868 0 0 0 0.356868 0 0 0.356868 -3.63315 0 1.10284 0 0 0 0 0 0 0 0 0 0 0 0 0 0 0 0 0 0 0 0 0 0 0 0 0 0 0 0 0 1.10284 0 0 
0 0 0 0 0 0 0 0 0 0 0 0 0 0 0.356868 0 0 0 0 0 0 0 0.356868 0 0 0 0.356868 0 0.356868 0 -3.63315 1.10284 0 0 0 0 0 0 0 0 0 0 0 0 0 0 0 0 0 0 0 0 0 0 0 0 0 0 0 0 0 0 1.10284 0 
0 0 0 0 0 0 0 0 0 0 0 0 0 0 0 0.356868 0 0 0 0 0 0 0 0.356868 0 0 0 0.356868 0 0.356868 0.356868 -3.16289 0 0 0 0 0 0 0 0 0 0 0 0 0 0 0 0 0 0 0 0 0 0 0 0 0 0 0 0 0 0 0 1.37855 
0.356868 0 0 0 0 0 0 0 0 0 0 0 0 0 0 0 0 0 0 0 0 0 0 0 0 0 0 0 0 0 0 0 -1.73542 0.27571 0.27571 0 0.27571 0 0 0 0.27571 0 0 0 0 0 0 0 0.27571 0 0 0 0 0 0 0 0 0 0 0 0 0 0 0 
0 0.356868 0 0 0 0 0 0 0 0 0 0 0 0 0 0 0 0 0 0 0 0 0 0 0 0 0 0 0 0 0 0 0.356868 -2.91942 0 0.55142 0 0.55142 0 0 0 0.55142 0 0 0 0 0 0 0 0.55142 0 0 0 0 0 0 0 0 0 0 0 0 0 0 
0 0 0.356868 0 0 0 0 0 0 0 0 0 0 0 0 0 0 0 0 0 0 0 0 0 0 0 0 0 0 0 0 0 0.356868 0 -2.91942 0.55142 0 0 0.55142 0 0 0 0.55142 0 0 0 0 0 0 0 0.55142 0 0 0 0 0 0 0 0 0 0 0 0 0 
0 0 0 0.356868 0 0 0 0 0 0 0 0 0 0 0 0 0 0 0 0 0 0 0 0 0 0 0 0 0 0 0 0 0 0.356868 0.356868 -3.55199 0 0 0 0.82713 0 0 0 0.82713 0 0 0 0 0 0 0 0.82713 0 0 0 0 0 0 0 0 0 0 0 0 
0 0 0 0 0.356868 0 0 0 0 0 0 0 0 0 0 0 0 0 0 0 0 0 0 0 0 0 0 0 0 0 0 0 0.356868 0 0 0 -2.91942 0.55142 0.55142 0 0 0 0 0 0.55142 0 0 0 0 0 0 0 0.55142 0 0 0 0 0 0 0 0 0 0 0 
0 0 0 0 0 0.356868 0 0 0 0 0 0 0 0 0 0 0 0 0 0 0 0 0 0 0 0 0 0 0 0 0 0 0 0.356868 0 0 0.356868 -3.55199 0 0.82713 0 0 0 0 0 0.82713 0 0 0 0 0 0 0 0.82713 0 0 0 0 0 0 0 0 0 0 
0 0 0 0 0 0 0.356868 0 0 0 0 0 0 0 0 0 0 0 0 0 0 0 0 0 0 0 0 0 0 0 0 0 0 0 0.356868 0 0.356868 0 -3.55199 0.82713 0 0 0 0 0 0 0.82713 0 0 0 0 0 0 0 0.82713 0 0 0 0 0 0 0 0 0 
0 0 0 0 0 0 0 0.356868 0 0 0 0 0 0 0 0 0 0 0 0 0 0 0 0 0 0 0 0 0 0 0 0 0 0 0 0.356868 0 0.356868 0.356868 -3.63315 0 0 0 0 0 0 0 1.10284 0 0 0 0 0 0 0 1.10284 0 0 0 0 0 0 0 0 
0 0 0 0 0 0 0 0 0.356868 0 0 0 0 0 0 0 0 0 0 0 0 0 0 0 0 0 0 0 0 0 0 0 0.356868 0 0 0 0 0 0 0 -2.91942 0.55142 0.55142 0 0.55142 0 0 0 0 0 0 0 0 0 0 0 0.55142 0 0 0 0 0 0 0 
0 0 0 0 0 0 0 0 0 0.356868 0 0 0 0 0 0 0 0 0 0 0 0 0 0 0 0 0 0 0 0 0 0 0 0.356868 0 0 0 0 0 0 0.356868 -3.55199 0 0.82713 0 0.82713 0 0 0 0 0 0 0 0 0 0 0 0.82713 0 0 0 0 0 0 
0 0 0 0 0 0 0 0 0 0 0.356868 0 0 0 0 0 0 0 0 0 0 0 0 0 0 0 0 0 0 0 0 0 0 0 0.356868 0 0 0 0 0 0.356868 0 -3.55199 0.82713 0 0 0.82713 0 0 0 0 0 0 0 0 0 0 0 0.82713 0 0 0 0 0 
0 0 0 0 0 0 0 0 0 0 0 0.356868 0 0 0 0 0 0 0 0 0 0 0 0 0 0 0 0 0 0 0 0 0 0 0 0.356868 0 0 0 0 0 0.356868 0.356868 -3.63315 0 0 0 1.10284 0 0 0 0 0 0 0 0 0 0 0 1.10284 0 0 0 0 
0 0 0 0 0 0 0 0 0 0 0 0 0.356868 0 0 0 0 0 0 0 0 0 0 0 0 0 0 0 0 0 0 0 0 0 0 0 0.356868 0 0 0 0.356868 0 0 0 -3.55199 0.82713 0.82713 0 0 0 0 0 0 0 0 0 0 0 0 0 0.82713 0 0 0 
0 0 0 0 0 0 0 0 0 0 0 0 0 0.356868 0 0 0 0 0 0 0 0 0 0 0 0 0 0 0 0 0 0 0 0 0 0 0 0.356868 0 0 0 0.356868 0 0 0.356868 -3.63315 0 1.10284 0 0 0 0 0 0 0 0 0 0 0 0 0 1.10284 0 0 
0 0 0 0 0 0 0 0 0 0 0 0 0 0 0.356868 0 0 0 0 0 0 0 0 0 0 0 0 0 0 0 0 0 0 0 0 0 0 0 0.356868 0 0 0 0.356868 0 0.356868 0 -3.63315 1.10284 0 0 0 0 0 0 0 0 0 0 0 0 0 0 1.10284 0 
0 0 0 0 0 0 0 0 0 0 0 0 0 0 0 0.356868 0 0 0 0 0 0 0 0 0 0 0 0 0 0 0 0 0 0 0 0 0 0 0 0.356868 0 0 0 0.356868 0 0.356868 0.356868 -3.16289 0 0 0 0 0 0 0 0 0 0 0 0 0 0 0 1.37855 
0 0 0 0 0 0 0 0 0 0 0 0 0 0 0 0 0.356868 0 0 0 0 0 0 0 0 0 0 0 0 0 0 0 0.356868 0 0 0 0 0 0 0 0 0 0 0 0 0 0 0 -2.91942 0.55142 0.55142 0 0.55142 0 0 0 0.55142 0 0 0 0 0 0 0 
0 0 0 0 0 0 0 0 0 0 0 0 0 0 0 0 0 0.356868 0 0 0 0 0 0 0 0 0 0 0 0 0 0 0 0.356868 0 0 0 0 0 0 0 0 0 0 0 0 0 0 0.356868 -3.55199 0 0.82713 0 0.82713 0 0 0 0.82713 0 0 0 0 0 0 
0 0 0 0 0 0 0 0 0 0 0 0 0 0 0 0 0 0 0.356868 0 0 0 0 0 0 0 0 0 0 0 0 0 0 0 0.356868 0 0 0 0 0 0 0 0 0 0 0 0 0 0.356868 0 -3.55199 0.82713 0 0 0.82713 0 0 0 0.82713 0 0 0 0 0 
0 0 0 0 0 0 0 0 0 0 0 0 0 0 0 0 0 0 0 0.356868 0 0 0 0 0 0 0 0 0 0 0 0 0 0 0 0.356868 0 0 0 0 0 0 0 0 0 0 0 0 0 0.356868 0.356868 -3.63315 0 0 0 1.10284 0 0 0 1.10284 0 0 0 0 
0 0 0 0 0 0 0 0 0 0 0 0 0 0 0 0 0 0 0 0 0.356868 0 0 0 0 0 0 0 0 0 0 0 0 0 0 0 0.356868 0 0 0 0 0 0 0 0 0 0 0 0.356868 0 0 0 -3.55199 0.82713 0.82713 0 0 0 0 0 0.82713 0 0 0 
0 0 0 0 0 0 0 0 0 0 0 0 0 0 0 0 0 0 0 0 0 0.356868 0 0 0 0 0 0 0 0 0 0 0 0 0 0 0 0.356868 0 0 0 0 0 0 0 0 0 0 0 0.356868 0 0 0.356868 -3.63315 0 1.10284 0 0 0 0 0 1.10284 0 0 
0 0 0 0 0 0 0 0 0 0 0 0 0 0 0 0 0 0 0 0 0 0 0.356868 0 0 0 0 0 0 0 0 0 0 0 0 0 0 0 0.356868 0 0 0 0 0 0 0 0 0 0 0 0.356868 0 0.356868 0 -3.63315 1.10284 0 0 0 0 0 0 1.10284 0 
0 0 0 0 0 0 0 0 0 0 0 0 0 0 0 0 0 0 0 0 0 0 0 0.356868 0 0 0 0 0 0 0 0 0 0 0 0 0 0 0 0.356868 0 0 0 0 0 0 0 0 0 0 0 0.356868 0 0.356868 0.356868 -3.16289 0 0 0 0 0 0 0 1.37855 
0 0 0 0 0 0 0 0 0 0 0 0 0 0 0 0 0 0 0 0 0 0 0 0 0.356868 0 0 0 0 0 0 0 0 0 0 0 0 0 0 0 0.356868 0 0 0 0 0 0 0 0.356868 0 0 0 0 0 0 0 -3.55199 0.82713 0.82713 0 0.82713 0 0 0 
0 0 0 0 0 0 0 0 0 0 0 0 0 0 0 0 0 0 0 0 0 0 0 0 0 0.356868 0 0 0 0 0 0 0 0 0 0 0 0 0 0 0 0.356868 0 0 0 0 0 0 0 0.356868 0 0 0 0 0 0 0.356868 -3.63315 0 1.10284 0 1.10284 0 0 
0 0 0 0 0 0 0 0 0 0 0 0 0 0 0 0 0 0 0 0 0 0 0 0 0 0 0.356868 0 0 0 0 0 0 0 0 0 0 0 0 0 0 0 0.356868 0 0 0 0 0 0 0 0.356868 0 0 0 0 0 0.356868 0 -3.63315 1.10284 0 0 1.10284 0 
0 0 0 0 0 0 0 0 0 0 0 0 0 0 0 0 0 0 0 0 0 0 0 0 0 0 0 0.356868 0 0 0 0 0 0 0 0 0 0 0 0 0 0 0 0.356868 0 0 0 0 0 0 0 0.356868 0 0 0 0 0 0.356868 0.356868 -3.16289 0 0 0 1.37855 
0 0 0 0 0 0 0 0 0 0 0 0 0 0 0 0 0 0 0 0 0 0 0 0 0 0 0 0 0.356868 0 0 0 0 0 0 0 0 0 0 0 0 0 0 0 0.356868 0 0 0 0 0 0 0 0.356868 0 0 0 0.356868 0 0 0 -3.63315 1.10284 1.10284 0 
0 0 0 0 0 0 0 0 0 0 0 0 0 0 0 0 0 0 0 0 0 0 0 0 0 0 0 0 0 0.356868 0 0 0 0 0 0 0 0 0 0 0 0 0 0 0 0.356868 0 0 0 0 0 0 0 0.356868 0 0 0 0.356868 0 0 0.356868 -3.16289 0 1.37855 
0 0 0 0 0 0 0 0 0 0 0 0 0 0 0 0 0 0 0 0 0 0 0 0 0 0 0 0 0 0 0.356868 0 0 0 0 0 0 0 0 0 0 0 0 0 0 0 0.356868 0 0 0 0 0 0 0 0.356868 0 0 0 0.356868 0 0.356868 0 -3.16289 1.37855 
0 0 0 0 0 0 0 0 0 0 0 0 0 0 0 0 0 0 0 0 0 0 0 0 0 0 0 0 0 0 0 0.356868 0 0 0 0 0 0 0 0 0 0 0 0 0 0 0 0.356868 0 0 0 0 0 0 0 0.356868 0 0 0 0.356868 0 0.356868 0.356868 -2.14121 
