64
-0 0 0 0 0 0 0 0 0 0 0 0 0 0 0 0 0 0 0 0 0 0 0 0 0 0 0 0 0 0 0 0 0 0 0 0 0 0 0 0 0 0 0 0 0 0 0 0 0 0 0 0 0 0 0 0 0 0 0 0 0 0 0 0 
0.261577 -1.45062 0 0.237809 0 0.237809 0 0 0 0.237809 0 0 0 0 0 0 0 0.237809 0 0 0 0 0 0 0 0 0 0 0 0 0 0 0 0.237809 0 0 0 0 0 0 0 0 0 0 0 0 0 0 0 0 0 0 0 0 0 0 0 0 0 0 0 0 0 0 
0.261577 0 -1.45062 0.237809 0 0 0.237809 0 0 0 0.237809 0 0 0 0 0 0 0 0.237809 0 0 0 0 0 0 0 0 0 0 0 0 0 0 0 0.237809 0 0 0 0 0 0 0 0 0 0 0 0 0 0 0 0 0 0 0 0 0 0 0 0 0 0 0 0 0 
0 0.261577 0.261577 -2.42562 0 0 0 0.475617 0 0 0 0.475617 0 0 0 0 0 0 0 0.475617 0 0 0 0 0 0 0 0 0 0 0 0 0 0 0 0.475617 0 0 0 0 0 0 0 0 0 0 0 0 0 0 0 0 0 0 0 0 0 0 0 0 0 0 0 0 
0.261577 0 0 0 -1.45062 0.237809 0.237809 0 0 0 0 0 0.237809 0 0 0 0 0 0 0 0.237809 0 0 0 0 0 0 0 0 0 0 0 0 0 0 0 0.237809 0 0 0 0 0 0 0 0 0 0 0 0 0 0 0 0 0 0 0 0 0 0 0 0 0 0 0 
0 0.261577 0 0 0.261577 -2.42562 0 0.475617 0 0 0 0 0 0.475617 0 0 0 0 0 0 0 0.475617 0 0 0 0 0 0 0 0 0 0 0 0 0 0 0 0.475617 0 0 0 0 0 0 0 0 0 0 0 0 0 0 0 0 0 0 0 0 0 0 0 0 0 0 
0 0 0.261577 0 0.261577 0 -2.42562 0.475617 0 0 0 0 0 0 0.475617 0 0 0 0 0 0 0 0.475617 0 0 0 0 0 0 0 0 0 0 0 0 0 0 0 0.475617 0 0 0 0 0 0 0 0 0 0 0 0 0 0 0 0 0 0 0 0 0 0 0 0 0 
0 0 0 0.261577 0 0.261577 0.261577 -2.92501 0 0 0 0 0 0 0 0.713426 0 0 0 0 0 0 0 0.713426 0 0 0 0 0 0 0 0 0 0 0 0 0 0 0 0.713426 0 0 0 0 0 0 0 0 0 0 0 0 0 0 0 0 0 0 0 0 0 0 0 0 
0.261577 0 0 0 0 0 0 0 -1.45062 0.237809 0.237809 0 0.237809 0 0 0 0 0 0 0 0 0 0 0 0.237809 0 0 0 0 0 0 0 0 0 0 0 0 0 0 0 0.237809 0 0 0 0 0 0 0 0 0 0 0 0 0 0 0 0 0 0 0 0 0 0 0 
0 0.261577 0 0 0 0 0 0 0.261577 -2.42562 0 0.475617 0 0.475617 0 0 0 0 0 0 0 0 0 0 0 0.475617 0 0 0 0 0 0 0 0 0 0 0 0 0 0 0 0.475617 0 0 0 0 0 0 0 0 0 0 0 0 0 0 0 0 0 0 0 0 0 0 
0 0 0.261577 0 0 0 0 0 0.261577 0 -2.42562 0.475617 0 0 0.475617 0 0 0 0 0 0 0 0 0 0 0 0.475617 0 0 0 0 0 0 0 0 0 0 0 0 0 0 0 0.475617 0 0 0 0 0 0 0 0 0 0 0 0 0 0 0 0 0 0 0 0 0 
0 0 0 0.261577 0 0 0 0 0 0.261577 0.261577 -2.92501 0 0 0 0.713426 0 0 0 0 0 0 0 0 0 0 0 0.713426 0 0 0 0 0 0 0 0 0 0 0 0 0 0 0 0.713426 0 0 0 0 0 0 0 0 0 0 0 0 0 0 0 0 0 0 0 0 
0 0 0 0 0.261577 0 0 0 0.261577 0 0 0 -2.42562 0.475617 0.475617 0 0 0 0 0 0 0 0 0 0 0 0 0 0.475617 0 0 0 0 0 0 0 0 0 0 0 0 0 0 0 0.475617 0 0 0 0 0 0 0 0 0 0 0 0 0 0 0 0 0 0 0 
0 0 0 0 0 0.261577 0 0 0 0.261577 0 0 0.261577 -2.92501 0 0.713426 0 0 0 0 0 0 0 0 0 0 0 0 0 0.713426 0 0 0 0 0 0 0 0 0 0 0 0 0 0 0 0.713426 0 0 0 0 0 0 0 0 0 0 0 0 0 0 0 0 0 0 
0 0 0 0 0 0 0.261577 0 0 0 0.261577 0 0.261577 0 -2.92501 0.713426 0 0 0 0 0 0 0 0 0 0 0 0 0 0 0.713426 0 0 0 0 0 0 0 0 0 0 0 0 0 0 0 0.713426 0 0 0 0 0 0 0 0 0 0 0 0 0 0 0 0 0 
0 0 0 0 0 0 0 0.261577 0 0 0 0.261577 0 0.261577 0.261577 -2.94878 0 0 0 0 0 0 0 0 0 0 0 0 0 0 0 0.951234 0 0 0 0 0 0 0 0 0 0 0 0 0 0 0 0.951234 0 0 0 0 0 0 0 0 0 0 0 0 0 0 0 0 
0.261577 0 0 0 0 0 0 0 0 0 0 0 0 0 0 0 -1.45062 0.237809 0.237809 0 0.237809 0 0 0 0.237809 0 0 0 0 0 0 0 0 0 0 0 0 0 0 0 0 0 0 0 0 0 0 0 0.237809 0 0 0 0 0 0 0 0 0 0 0 0 0 0 0 
0 0.261577 0 0 0 0 0 0 0 0 0 0 0 0 0 0 0.261577 -2.42562 0 0.475617 0 0.475617 0 0 0 0.475617 0 0 0 0 0 0 0 0 0 0 0 0 0 0 0 0 0 0 0 0 0 0 0 0.475617 0 0 0 0 0 0 0 0 0 0 0 0 0 0 
0 0 0.261577 0 0 0 0 0 0 0 0 0 0 0 0 0 0.261577 0 -2.42562 0.475617 0 0 0.475617 0 0 0 0.475617 0 0 0 0 0 0 0 0 0 0 0 0 0 0 0 0 0 0 0 0 0 0 0 0.475617 0 0 0 0 0 0 0 0 0 0 0 0 0 
0 0 0 0.261577 0 0 0 0 0 0 0 0 0 0 0 0 0 0.261577 0.261577 -2.92501 0 0 0 0.713426 0 0 0 0.713426 0 0 0 0 0 0 0 0 0 0 0 0 0 0 0 0 0 0 0 0 0 0 0 0.713426 0 0 0 0 0 0 0 0 0 0 0 0 
0 0 0 0 0.261577 0 0 0 0 0 0 0 0 0 0 0 0.261577 0 0 0 -2.42562 0.475617 0.475617 0 0 0 0 0 0.475617 0 0 0 0 0 0 0 0 0 0 0 0 0 0 0 0 0 0 0 0 0 0 0 0.475617 0 0 0 0 0 0 0 0 0 0 0 
0 0 0 0 0 0.261577 0 0 0 0 0 0 0 0 0 0 0 0.261577 0 0 0.261577 -2.92501 0 0.713426 0 0 0 0 0 0.713426 0 0 0 0 0 0 0 0 0 0 0 0 0 0 0 0 0 0 0 0 0 0 0 0.713426 0 0 0 0 0 0 0 0 0 0 
0 0 0 0 0 0 0.261577 0 0 0 0 0 0 0 0 0 0 0 0.261577 0 0.261577 0 -2.92501 0.713426 0 0 0 0 0 0 0.713426 0 0 0 0 0 0 0 0 0 0 0 0 0 0 0 0 0 0 0 0 0 0 0 0.713426 0 0 0 0 0 0 0 0 0 
0 0 0 0 0 0 0 0.261577 0 0 0 0 0 0 0 0 0 0 0 0.261577 0 0.261577 0.261577 -2.94878 0 0 0 0 0 0 0 0.951234 0 0 0 0 0 0 0 0 0 0 0 0 0 0 0 0 0 0 0 0 0 0 0 0.951234 0 0 0 0 0 0 0 0 
0 0 0 0 0 0 0 0 0.261577 0 0 0 0 0 0 0 0.261577 0 0 0 0 0 0 0 -2.42562 0.475617 0.475617 0 0.475617 0 0 0 0 0 0 0 0 0 0 0 0 0 0 0 0 0 0 0 0 0 0 0 0 0 0 0 0.475617 0 0 0 0 0 0 0 
0 0 0 0 0 0 0 0 0 0.261577 0 0 0 0 0 0 0 0.261577 0 0 0 0 0 0 0.261577 -2.92501 0 0.713426 0 0.713426 0 0 0 0 0 0 0 0 0 0 0 0 0 0 0 0 0 0 0 0 0 0 0 0 0 0 0 0.713426 0 0 0 0 0 0 
0 0 0 0 0 0 0 0 0 0 0.261577 0 0 0 0 0 0 0 0.261577 0 0 0 0 0 0.261577 0 -2.92501 0.713426 0 0 0.713426 0 0 0 0 0 0 0 0 0 0 0 0 0 0 0 0 0 0 0 0 0 0 0 0 0 0 0 0.713426 0 0 0 0 0 
0 0 0 0 0 0 0 0 0 0 0 0.261577 0 0 0 0 0 0 0 0.261577 0 0 0 0 0 0.261577 0.261577 -2.94878 0 0 0 0.951234 0 0 0 0 0 0 0 0 0 0 0 0 0 0 0 0 0 0 0 0 0 0 0 0 0 0 0 0.951234 0 0 0 0 
0 0 0 0 0 0 0 0 0 0 0 0 0.261577 0 0 0 0 0 0 0 0.261577 0 0 0 0.261577 0 0 0 -2.92501 0.713426 0.713426 0 0 0 0 0 0 0 0 0 0 0 0 0 0 0 0 0 0 0 0 0 0 0 0 0 0 0 0 0 0.713426 0 0 0 
0 0 0 0 0 0 0 0 0 0 0 0 0 0.261577 0 0 0 0 0 0 0 0.261577 0 0 0 0.261577 0 0 0.261577 -2.94878 0 0.951234 0 0 0 0 0 0 0 0 0 0 0 0 0 0 0 0 0 0 0 0 0 0 0 0 0 0 0 0 0 0.951234 0 0 
0 0 0 0 0 0 0 0 0 0 0 0 0 0 0.261577 0 0 0 0 0 0 0 0.261577 0 0 0 0.261577 0 0.261577 0 -2.94878 0.951234 0 0 0 0 0 0 0 0 0 0 0 0 0 0 0 0 0 0 0 0 0 0 0 0 0 0 0 0 0 0 0.951234 0 
0 0 0 0 0 0 0 0 0 0 0 0 0 0 0 0.261577 0 0 0 0 0 0 0 0.261577 0 0 0 0.261577 0 0.261577 0.261577 -2.49693 0 0 0 0 0 0 0 0 0 0 0 0 0 0 0 0 0 0 0 0 0 0 0 0 0 0 0 0 0 0 0 1.18904 
0.261577 0 0 0 0 0 0 0 0 0 0 0 0 0 0 0 0 0 0 0 0 0 0 0 0 0 0 0 0 0 0 0 -1.45062 0.237809 0.237809 0 0.237809 0 0 0 0.237809 0 0 0 0 0 0 0 0.237809 0 0 0 0 0 0 0 0 0 0 0 0 0 0 0 
0 0.261577 0 0 0 0 0 0 0 0 0 0 0 0 0 0 0 0 0 0 0 0 0 0 0 0 0 0 0 0 0 0 0.261577 -2.42562 0 0.475617 0 0.475617 0 0 0 0.475617 0 0 0 0 0 0 0 0.475617 0 0 0 0 0 0 0 0 0 0 0 0 0 0 
0 0 0.261577 0 0 0 0 0 0 0 0 0 0 0 0 0 0 0 0 0 0 0 0 0 0 0 0 0 0 0 0 0 0.261577 0 -2.42562 0.475617 0 0 0.475617 0 0 0 0.475617 0 0 0 0 0 0 0 0.475617 0 0 0 0 0 0 0 0 0 0 0 0 0 
0 0 0 0.261577 0 0 0 0 0 0 0 0 0 0 0 0 0 0 0 0 0 0 0 0 0 0 0 0 0 0 0 0 0 0.261577 0.261577 -2.92501 0 0 0 0.713426 0 0 0 0.713426 0 0 0 0 0 0 0 0.713426 0 0 0 0 0 0 0 0 0 0 0 0 
0 0 0 0 0.261577 0 0 0 0 0 0 0 0 0 0 0 0 0 0 0 0 0 0 0 0 0 0 0 0 0 0 0 0.261577 0 0 0 -2.42562 0.475617 0.475617 0 0 0 0 0 0.475617 0 0 0 0 0 0 0 0.475617 0 0 0 0 0 0 0 0 0 0 0 
0 0 0 0 0 0.261577 0 0 0 0 0 0 0 0 0 0 0 0 0 0 0 0 0 0 0 0 0 0 0 0 0 0 0 0.261577 0 0 0.261577 -2.92501 0 0.713426 0 0 0 0 0 0.713426 0 0 0 0 0 0 0 0.713426 0 0 0 0 0 0 0 0 0 0 
0 0 0 0 0 0 0.261577 0 0 0 0 0 0 0 0 0 0 0 0 0 0 0 0 0 0 0 0 0 0 0 0 0 0 0 0.261577 0 0.261577 0 -2.92501 0.713426 0 0 0 0 0 0 0.713426 0 0 0 0 0 0 0 0.713426 0 0 0 0 0 0 0 0 0 
0 0 0 0 0 0 0 0.261577 0 0 0 0 0 0 0 0 0 0 0 0 0 0 0 0 0 0 0 0 0 0 0 0 0 0 0 0.261577 0 0.261577 0.261577 -2.94878 0 0 0 0 0 0 0 0.951234 0 0 0 0 0 0 0 0.951234 0 0 0 0 0 0 0 0 
0 0 0 0 0 0 0 0 0.261577 0 0 0 0 0 0 0 0 0 0 0 0 0 0 0 0 0 0 0 0 0 0 0 0.261577 0 0 0 0 0 0 0 -2.42562 0.475617 0.475617 0 0.475617 0 0 0 0 0 0 0 0 0 0 0 0.475617 0 0 0 0 0 0 0 
0 0 0 0 0 0 0 0 0 0.261577 0 0 0 0 0 0 0 0 0 0 0 0 0 0 0 0 0 0 0 0 0 0 0 0.261577 0 0 0 0 0 0 0.261577 -2.92501 0 0.713426 0 0.713426 0 0 0 0 0 0 0 0 0 0 0 0.713426 0 0 0 0 0 0 
0 0 0 0 0 0 0 0 0 0 0.261577 0 0 0 0 0 0 0 0 0 0 0 0 0 0 0 0 0 0 0 0 0 0 0 0.261577 0 0 0 0 0 0.261577 0 -2.92501 0.713426 0 0 0.713426 0 0 0 0 0 0 0 0 0 0 0 0.713426 0 0 0 0 0 
0 0 0 0 0 0 0 0 0 0 0 0.261577 0 0 0 0 0 0 0 0 0 0 0 0 0 0 0 0 0 0 0 0 0 0 0 0.261577 0 0 0 0 0 0.261577 0.261577 -2.94878 0 0 0 0.951234 0 0 0 0 0 0 0 0 0 0 0 0.951234 0 0 0 0 
0 0 0 0 0 0 0 0 0 0 0 0 0.261577 0 0 0 0 0 0 0 0 0 0 0 0 0 0 0 0 0 0 0 0 0 0 0 0.261577 0 0 0 0.261577 0 0 0 -2.92501 0.713426 0.713426 0 0 0 0 0 0 0 0 0 0 0 0 0 0.713426 0 0 0 
0 0 0 0 0 0 0 0 0 0 0 0 0 0.261577 0 0 0 0 0 0 0 0 0 0 0 0 0 0 0 0 0 0 0 0 0 0 0 0.261577 0 0 0 0.261577 0 0 0.261577 -2.94878 0 0.951234 0 0 0 0 0 0 0 0 0 0 0 0 0 0.951234 0 0 
0 0 0 0 0 0 0 0 0 0 0 0 0 0 0.261577 0 0 0 0 0 0 0 0 0 0 0 0 0 0 0 0 0 0 0 0 0 0 0 0.261577 0 0 0 0.261577 0 0.261577 0 -2.94878 0.951234 0 0 0 0 0 0 0 0 0 0 0 0 0 0 0.951234 0 
0 0 0 0 0 0 0 0 0 0 0 0 0 0 0 0.261577 0 0 0 0 0 0 0 0 0 0 0 0 0 0 0 0 0 0 0 0 0 0 0 0.261577 0 0 0 0.261577 0 0.261577 0.261577 -2.49693 0 0 0 0 0 0 0 0 0 0 0 0 0 0 0 1.18904 
0 0 0 0 0 0 0 0 0 0 0 0 0 0 0 0 0.261577 0 0 0 0 0 0 0 0 0 0 0 0 0 0 0 0.261577 0 0 0 0 0 0 0 0 0 0 0 0 0 0 0 -2.42562 0.475617 0.475617 0 0.475617 0 0 0 0.475617 0 0 0 0 0 0 0 
0 0 0 0 0 0 0 0 0 0 0 0 0 0 0 0 0 0.261577 0 0 0 0 0 0 0 0 0 0 0 0 0 0 0 0.261577 0 0 0 0 0 0 0 0 0 0 0 0 0 0 0.261577 -2.92501 0 0.713426 0 0.713426 0 0 0 0.713426 0 0 0 0 0 0 
0 0 0 0 0 0 0 0 0 0 0 0 0 0 0 0 0 0 0.261577 0 0 0 0 0 0 0 0 0 0 0 0 0 0 0 0.261577 0 0 0 0 0 0 0 0 0 0 0 0 0 0.261577 0 -2.92501 0.713426 0 0 0.713426 0 0 0 0.713426 0 0 0 0 0 
0 0 0 0 0 0 0 0 0 0 0 0 0 0 0 0 0 0 0 0.261577 0 0 0 0 0 0 0 0 0 0 0 0 0 0 0 0.261577 0 0 0 0 0 0 0 0 0 0 0 0 0 0.261577 0.261577 -2.94878 0 0 0 0.951234 0 0 0 0.951234 0 0 0 0 
0 0 0 0 0 0 0 0 0 0 0 0 0 0 0 0 0 0 0 0 0.261577 0 0 0 0 0 0 0 0 0 0 0 0 0 0 0 0.261577 0 0 0 0 0 0 0 0 0 0 0 0.261577 0 0 0 -2.92501 0.713426 0.713426 0 0 0 0 0 0.713426 0 0 0 
0 0 0 0 0 0 0 0 0 0 0 0 0 0 0 0 0 0 0 0 0 0.261577 0 0 0 0 0 0 0 0 0 0 0 0 0 0 0 0.261577 0 0 0 0 0 0 0 0 0 0 0 0.261577 0 0 0.261577 -2.94878 0 0.951234 0 0 0 0 0 0.951234 0 0 
0 0 0 0 0 0 0 0 0 0 0 0 0 0 0 0 0 0 0 0 0 0 0.261577 0 0 0 0 0 0 0 0 0 0 0 0 0 0 0 0.261577 0 0 0 0 0 0 0 0 0 0 0 0.261577 0 0.261577 0 -2.94878 0.951234 0 0 0 0 0 0 0.951234 0 
0 0 0 0 0 0 0 0 0 0 0 0 0 0 0 0 0 0 0 0 0 0 0 0.261577 0 0 0 0 0 0 0 0 0 0 0 0 0 0 0 0.261577 0 0 0 0 0 0 0 0 0 0 0 0.261577 0 0.261577 0.261577 -2.49693 0 0 0 0 0 0 0 1.18904 
0 0 0 0 0 0 0 0 0 0 0 0 0 0 0 0 0 0 0 0 0 0 0 0 0.261577 0 0 0 0 0 0 0 0 0 0 0 0 0 0 0 0.261577 0 0 0 0 0 0 0 0.261577 0 0 0 0 0 0 0 -2.92501 0.713426 0.713426 0 0.713426 0 0 0 
0 0 0 0 0 0 0 0 0 0 0 0 0 0 0 0 0 0 0 0 0 0 0 0 0 0.261577 0 0 0 0 0 0 0 0 0 0 0 0 0 0 0 0.261577 0 0 0 0 0 0 0 0.261577 0 0 0 0 0 0 0.261577 -2.94878 0 0.951234 0 0.951234 0 0 
0 0 0 0 0 0 0 0 0 0 0 0 0 0 0 0 0 0 0 0 0 0 0 0 0 0 0.261577 0 0 0 0 0 0 0 0 0 0 0 0 0 0 0 0.261577 0 0 0 0 0 0 0 0.261577 0 0 0 0 0 0.261577 0 -2.94878 0.951234 0 0 0.951234 0 
0 0 0 0 0 0 0 0 0 0 0 0 0 0 0 0 0 0 0 0 0 0 0 0 0 0 0 0.261577 0 0 0 0 0 0 0 0 0 0 0 0 0 0 0 0.261577 0 0 0 0 0 0 0 0.261577 0 0 0 0 0 0.261577 0.261577 -2.49693 0 0 0 1.18904 
0 0 0 0 0 0 0 0 0 0 0 0 0 0 0 0 0 0 0 0 0 0 0 0 0 0 0 0 0.261577 0 0 0 0 0 0 0 0 0 0 0 0 0 0 0 0.261577 0 0 0 0 0 0 0 0.261577 0 0 0 0.261577 0 0 0 -2.94878 0.951234 0.951234 0 
0 0 0 0 0 0 0 0 0 0 0 0 0 0 0 0 0 0 0 0 0 0 0 0 0 0 0 0 0 0.261577 0 0 0 0 0 0 0 0 0 0 0 0 0 0 0 0.261577 0 0 0 0 0 0 0 0.261577 0 0 0 0.261577 0 0 0.261577 -2.49693 0 1.18904 
0 0 0 0 0 0 0 0 0 0 0 0 0 0 0 0 0 0 0 0 0 0 0 0 0 0 0 0 0 0 0.261577 0 0 0 0 0 0 0 0 0 0 0 0 0 0 0 0.261577 0 0 0 0 0 0 0 0.261577 0 0 0 0.261577 0 0.261577 0 -2.49693 1.18904 
0 0 0 0 0 0 0 0 0 0 0 0 0 0 0 0 0 0 0 0 0 0 0 0 0 0 0 0 0 0 0 0.261577 0 0 0 0 0 0 0 0 0 0 0 0 0 0 0 0.261577 0 0 0 0 0 0 0 0.261577 0 0 0 0.261577 0 0.261577 0.261577 -1.56946 
