64
-0 0 0 0 0 0 0 0 0 0 0 0 0 0 0 0 0 0 0 0 0 0 0 0 0 0 0 0 0 0 0 0 0 0 0 0 0 0 0 0 0 0 0 0 0 0 0 0 0 0 0 0 0 0 0 0 0 0 0 0 0 0 0 0 
0.432102 -2.37054 0 0.387688 0 0.387688 0 0 0 0.387688 0 0 0 0 0 0 0 0.387688 0 0 0 0 0 0 0 0 0 0 0 0 0 0 0 0.387688 0 0 0 0 0 0 0 0 0 0 0 0 0 0 0 0 0 0 0 0 0 0 0 0 0 0 0 0 0 0 
0.432102 0 -2.37054 0.387688 0 0 0.387688 0 0 0 0.387688 0 0 0 0 0 0 0 0.387688 0 0 0 0 0 0 0 0 0 0 0 0 0 0 0 0.387688 0 0 0 0 0 0 0 0 0 0 0 0 0 0 0 0 0 0 0 0 0 0 0 0 0 0 0 0 0 
0 0.432102 0.432102 -3.96571 0 0 0 0.775375 0 0 0 0.775375 0 0 0 0 0 0 0 0.775375 0 0 0 0 0 0 0 0 0 0 0 0 0 0 0 0.775375 0 0 0 0 0 0 0 0 0 0 0 0 0 0 0 0 0 0 0 0 0 0 0 0 0 0 0 0 
0.432102 0 0 0 -2.37054 0.387688 0.387688 0 0 0 0 0 0.387688 0 0 0 0 0 0 0 0.387688 0 0 0 0 0 0 0 0 0 0 0 0 0 0 0 0.387688 0 0 0 0 0 0 0 0 0 0 0 0 0 0 0 0 0 0 0 0 0 0 0 0 0 0 0 
0 0.432102 0 0 0.432102 -3.96571 0 0.775375 0 0 0 0 0 0.775375 0 0 0 0 0 0 0 0.775375 0 0 0 0 0 0 0 0 0 0 0 0 0 0 0 0.775375 0 0 0 0 0 0 0 0 0 0 0 0 0 0 0 0 0 0 0 0 0 0 0 0 0 0 
0 0 0.432102 0 0.432102 0 -3.96571 0.775375 0 0 0 0 0 0 0.775375 0 0 0 0 0 0 0 0.775375 0 0 0 0 0 0 0 0 0 0 0 0 0 0 0 0.775375 0 0 0 0 0 0 0 0 0 0 0 0 0 0 0 0 0 0 0 0 0 0 0 0 0 
0 0 0 0.432102 0 0.432102 0.432102 -4.78549 0 0 0 0 0 0 0 1.16306 0 0 0 0 0 0 0 1.16306 0 0 0 0 0 0 0 0 0 0 0 0 0 0 0 1.16306 0 0 0 0 0 0 0 0 0 0 0 0 0 0 0 0 0 0 0 0 0 0 0 0 
0.432102 0 0 0 0 0 0 0 -2.37054 0.387688 0.387688 0 0.387688 0 0 0 0 0 0 0 0 0 0 0 0.387688 0 0 0 0 0 0 0 0 0 0 0 0 0 0 0 0.387688 0 0 0 0 0 0 0 0 0 0 0 0 0 0 0 0 0 0 0 0 0 0 0 
0 0.432102 0 0 0 0 0 0 0.432102 -3.96571 0 0.775375 0 0.775375 0 0 0 0 0 0 0 0 0 0 0 0.775375 0 0 0 0 0 0 0 0 0 0 0 0 0 0 0 0.775375 0 0 0 0 0 0 0 0 0 0 0 0 0 0 0 0 0 0 0 0 0 0 
0 0 0.432102 0 0 0 0 0 0.432102 0 -3.96571 0.775375 0 0 0.775375 0 0 0 0 0 0 0 0 0 0 0 0.775375 0 0 0 0 0 0 0 0 0 0 0 0 0 0 0 0.775375 0 0 0 0 0 0 0 0 0 0 0 0 0 0 0 0 0 0 0 0 0 
0 0 0 0.432102 0 0 0 0 0 0.432102 0.432102 -4.78549 0 0 0 1.16306 0 0 0 0 0 0 0 0 0 0 0 1.16306 0 0 0 0 0 0 0 0 0 0 0 0 0 0 0 1.16306 0 0 0 0 0 0 0 0 0 0 0 0 0 0 0 0 0 0 0 0 
0 0 0 0 0.432102 0 0 0 0.432102 0 0 0 -3.96571 0.775375 0.775375 0 0 0 0 0 0 0 0 0 0 0 0 0 0.775375 0 0 0 0 0 0 0 0 0 0 0 0 0 0 0 0.775375 0 0 0 0 0 0 0 0 0 0 0 0 0 0 0 0 0 0 0 
0 0 0 0 0 0.432102 0 0 0 0.432102 0 0 0.432102 -4.78549 0 1.16306 0 0 0 0 0 0 0 0 0 0 0 0 0 1.16306 0 0 0 0 0 0 0 0 0 0 0 0 0 0 0 1.16306 0 0 0 0 0 0 0 0 0 0 0 0 0 0 0 0 0 0 
0 0 0 0 0 0 0.432102 0 0 0 0.432102 0 0.432102 0 -4.78549 1.16306 0 0 0 0 0 0 0 0 0 0 0 0 0 0 1.16306 0 0 0 0 0 0 0 0 0 0 0 0 0 0 0 1.16306 0 0 0 0 0 0 0 0 0 0 0 0 0 0 0 0 0 
0 0 0 0 0 0 0 0.432102 0 0 0 0.432102 0 0.432102 0.432102 -4.82991 0 0 0 0 0 0 0 0 0 0 0 0 0 0 0 1.55075 0 0 0 0 0 0 0 0 0 0 0 0 0 0 0 1.55075 0 0 0 0 0 0 0 0 0 0 0 0 0 0 0 0 
0.432102 0 0 0 0 0 0 0 0 0 0 0 0 0 0 0 -2.37054 0.387688 0.387688 0 0.387688 0 0 0 0.387688 0 0 0 0 0 0 0 0 0 0 0 0 0 0 0 0 0 0 0 0 0 0 0 0.387688 0 0 0 0 0 0 0 0 0 0 0 0 0 0 0 
0 0.432102 0 0 0 0 0 0 0 0 0 0 0 0 0 0 0.432102 -3.96571 0 0.775375 0 0.775375 0 0 0 0.775375 0 0 0 0 0 0 0 0 0 0 0 0 0 0 0 0 0 0 0 0 0 0 0 0.775375 0 0 0 0 0 0 0 0 0 0 0 0 0 0 
0 0 0.432102 0 0 0 0 0 0 0 0 0 0 0 0 0 0.432102 0 -3.96571 0.775375 0 0 0.775375 0 0 0 0.775375 0 0 0 0 0 0 0 0 0 0 0 0 0 0 0 0 0 0 0 0 0 0 0 0.775375 0 0 0 0 0 0 0 0 0 0 0 0 0 
0 0 0 0.432102 0 0 0 0 0 0 0 0 0 0 0 0 0 0.432102 0.432102 -4.78549 0 0 0 1.16306 0 0 0 1.16306 0 0 0 0 0 0 0 0 0 0 0 0 0 0 0 0 0 0 0 0 0 0 0 1.16306 0 0 0 0 0 0 0 0 0 0 0 0 
0 0 0 0 0.432102 0 0 0 0 0 0 0 0 0 0 0 0.432102 0 0 0 -3.96571 0.775375 0.775375 0 0 0 0 0 0.775375 0 0 0 0 0 0 0 0 0 0 0 0 0 0 0 0 0 0 0 0 0 0 0 0.775375 0 0 0 0 0 0 0 0 0 0 0 
0 0 0 0 0 0.432102 0 0 0 0 0 0 0 0 0 0 0 0.432102 0 0 0.432102 -4.78549 0 1.16306 0 0 0 0 0 1.16306 0 0 0 0 0 0 0 0 0 0 0 0 0 0 0 0 0 0 0 0 0 0 0 1.16306 0 0 0 0 0 0 0 0 0 0 
0 0 0 0 0 0 0.432102 0 0 0 0 0 0 0 0 0 0 0 0.432102 0 0.432102 0 -4.78549 1.16306 0 0 0 0 0 0 1.16306 0 0 0 0 0 0 0 0 0 0 0 0 0 0 0 0 0 0 0 0 0 0 0 1.16306 0 0 0 0 0 0 0 0 0 
0 0 0 0 0 0 0 0.432102 0 0 0 0 0 0 0 0 0 0 0 0.432102 0 0.432102 0.432102 -4.82991 0 0 0 0 0 0 0 1.55075 0 0 0 0 0 0 0 0 0 0 0 0 0 0 0 0 0 0 0 0 0 0 0 1.55075 0 0 0 0 0 0 0 0 
0 0 0 0 0 0 0 0 0.432102 0 0 0 0 0 0 0 0.432102 0 0 0 0 0 0 0 -3.96571 0.775375 0.775375 0 0.775375 0 0 0 0 0 0 0 0 0 0 0 0 0 0 0 0 0 0 0 0 0 0 0 0 0 0 0 0.775375 0 0 0 0 0 0 0 
0 0 0 0 0 0 0 0 0 0.432102 0 0 0 0 0 0 0 0.432102 0 0 0 0 0 0 0.432102 -4.78549 0 1.16306 0 1.16306 0 0 0 0 0 0 0 0 0 0 0 0 0 0 0 0 0 0 0 0 0 0 0 0 0 0 0 1.16306 0 0 0 0 0 0 
0 0 0 0 0 0 0 0 0 0 0.432102 0 0 0 0 0 0 0 0.432102 0 0 0 0 0 0.432102 0 -4.78549 1.16306 0 0 1.16306 0 0 0 0 0 0 0 0 0 0 0 0 0 0 0 0 0 0 0 0 0 0 0 0 0 0 0 1.16306 0 0 0 0 0 
0 0 0 0 0 0 0 0 0 0 0 0.432102 0 0 0 0 0 0 0 0.432102 0 0 0 0 0 0.432102 0.432102 -4.82991 0 0 0 1.55075 0 0 0 0 0 0 0 0 0 0 0 0 0 0 0 0 0 0 0 0 0 0 0 0 0 0 0 1.55075 0 0 0 0 
0 0 0 0 0 0 0 0 0 0 0 0 0.432102 0 0 0 0 0 0 0 0.432102 0 0 0 0.432102 0 0 0 -4.78549 1.16306 1.16306 0 0 0 0 0 0 0 0 0 0 0 0 0 0 0 0 0 0 0 0 0 0 0 0 0 0 0 0 0 1.16306 0 0 0 
0 0 0 0 0 0 0 0 0 0 0 0 0 0.432102 0 0 0 0 0 0 0 0.432102 0 0 0 0.432102 0 0 0.432102 -4.82991 0 1.55075 0 0 0 0 0 0 0 0 0 0 0 0 0 0 0 0 0 0 0 0 0 0 0 0 0 0 0 0 0 1.55075 0 0 
0 0 0 0 0 0 0 0 0 0 0 0 0 0 0.432102 0 0 0 0 0 0 0 0.432102 0 0 0 0.432102 0 0.432102 0 -4.82991 1.55075 0 0 0 0 0 0 0 0 0 0 0 0 0 0 0 0 0 0 0 0 0 0 0 0 0 0 0 0 0 0 1.55075 0 
0 0 0 0 0 0 0 0 0 0 0 0 0 0 0 0.432102 0 0 0 0 0 0 0 0.432102 0 0 0 0.432102 0 0.432102 0.432102 -4.09895 0 0 0 0 0 0 0 0 0 0 0 0 0 0 0 0 0 0 0 0 0 0 0 0 0 0 0 0 0 0 0 1.93844 
0.432102 0 0 0 0 0 0 0 0 0 0 0 0 0 0 0 0 0 0 0 0 0 0 0 0 0 0 0 0 0 0 0 -2.37054 0.387688 0.387688 0 0.387688 0 0 0 0.387688 0 0 0 0 0 0 0 0.387688 0 0 0 0 0 0 0 0 0 0 0 0 0 0 0 
0 0.432102 0 0 0 0 0 0 0 0 0 0 0 0 0 0 0 0 0 0 0 0 0 0 0 0 0 0 0 0 0 0 0.432102 -3.96571 0 0.775375 0 0.775375 0 0 0 0.775375 0 0 0 0 0 0 0 0.775375 0 0 0 0 0 0 0 0 0 0 0 0 0 0 
0 0 0.432102 0 0 0 0 0 0 0 0 0 0 0 0 0 0 0 0 0 0 0 0 0 0 0 0 0 0 0 0 0 0.432102 0 -3.96571 0.775375 0 0 0.775375 0 0 0 0.775375 0 0 0 0 0 0 0 0.775375 0 0 0 0 0 0 0 0 0 0 0 0 0 
0 0 0 0.432102 0 0 0 0 0 0 0 0 0 0 0 0 0 0 0 0 0 0 0 0 0 0 0 0 0 0 0 0 0 0.432102 0.432102 -4.78549 0 0 0 1.16306 0 0 0 1.16306 0 0 0 0 0 0 0 1.16306 0 0 0 0 0 0 0 0 0 0 0 0 
0 0 0 0 0.432102 0 0 0 0 0 0 0 0 0 0 0 0 0 0 0 0 0 0 0 0 0 0 0 0 0 0 0 0.432102 0 0 0 -3.96571 0.775375 0.775375 0 0 0 0 0 0.775375 0 0 0 0 0 0 0 0.775375 0 0 0 0 0 0 0 0 0 0 0 
0 0 0 0 0 0.432102 0 0 0 0 0 0 0 0 0 0 0 0 0 0 0 0 0 0 0 0 0 0 0 0 0 0 0 0.432102 0 0 0.432102 -4.78549 0 1.16306 0 0 0 0 0 1.16306 0 0 0 0 0 0 0 1.16306 0 0 0 0 0 0 0 0 0 0 
0 0 0 0 0 0 0.432102 0 0 0 0 0 0 0 0 0 0 0 0 0 0 0 0 0 0 0 0 0 0 0 0 0 0 0 0.432102 0 0.432102 0 -4.78549 1.16306 0 0 0 0 0 0 1.16306 0 0 0 0 0 0 0 1.16306 0 0 0 0 0 0 0 0 0 
0 0 0 0 0 0 0 0.432102 0 0 0 0 0 0 0 0 0 0 0 0 0 0 0 0 0 0 0 0 0 0 0 0 0 0 0 0.432102 0 0.432102 0.432102 -4.82991 0 0 0 0 0 0 0 1.55075 0 0 0 0 0 0 0 1.55075 0 0 0 0 0 0 0 0 
0 0 0 0 0 0 0 0 0.432102 0 0 0 0 0 0 0 0 0 0 0 0 0 0 0 0 0 0 0 0 0 0 0 0.432102 0 0 0 0 0 0 0 -3.96571 0.775375 0.775375 0 0.775375 0 0 0 0 0 0 0 0 0 0 0 0.775375 0 0 0 0 0 0 0 
0 0 0 0 0 0 0 0 0 0.432102 0 0 0 0 0 0 0 0 0 0 0 0 0 0 0 0 0 0 0 0 0 0 0 0.432102 0 0 0 0 0 0 0.432102 -4.78549 0 1.16306 0 1.16306 0 0 0 0 0 0 0 0 0 0 0 1.16306 0 0 0 0 0 0 
0 0 0 0 0 0 0 0 0 0 0.432102 0 0 0 0 0 0 0 0 0 0 0 0 0 0 0 0 0 0 0 0 0 0 0 0.432102 0 0 0 0 0 0.432102 0 -4.78549 1.16306 0 0 1.16306 0 0 0 0 0 0 0 0 0 0 0 1.16306 0 0 0 0 0 
0 0 0 0 0 0 0 0 0 0 0 0.432102 0 0 0 0 0 0 0 0 0 0 0 0 0 0 0 0 0 0 0 0 0 0 0 0.432102 0 0 0 0 0 0.432102 0.432102 -4.82991 0 0 0 1.55075 0 0 0 0 0 0 0 0 0 0 0 1.55075 0 0 0 0 
0 0 0 0 0 0 0 0 0 0 0 0 0.432102 0 0 0 0 0 0 0 0 0 0 0 0 0 0 0 0 0 0 0 0 0 0 0 0.432102 0 0 0 0.432102 0 0 0 -4.78549 1.16306 1.16306 0 0 0 0 0 0 0 0 0 0 0 0 0 1.16306 0 0 0 
0 0 0 0 0 0 0 0 0 0 0 0 0 0.432102 0 0 0 0 0 0 0 0 0 0 0 0 0 0 0 0 0 0 0 0 0 0 0 0.432102 0 0 0 0.432102 0 0 0.432102 -4.82991 0 1.55075 0 0 0 0 0 0 0 0 0 0 0 0 0 1.55075 0 0 
0 0 0 0 0 0 0 0 0 0 0 0 0 0 0.432102 0 0 0 0 0 0 0 0 0 0 0 0 0 0 0 0 0 0 0 0 0 0 0 0.432102 0 0 0 0.432102 0 0.432102 0 -4.82991 1.55075 0 0 0 0 0 0 0 0 0 0 0 0 0 0 1.55075 0 
0 0 0 0 0 0 0 0 0 0 0 0 0 0 0 0.432102 0 0 0 0 0 0 0 0 0 0 0 0 0 0 0 0 0 0 0 0 0 0 0 0.432102 0 0 0 0.432102 0 0.432102 0.432102 -4.09895 0 0 0 0 0 0 0 0 0 0 0 0 0 0 0 1.93844 
0 0 0 0 0 0 0 0 0 0 0 0 0 0 0 0 0.432102 0 0 0 0 0 0 0 0 0 0 0 0 0 0 0 0.432102 0 0 0 0 0 0 0 0 0 0 0 0 0 0 0 -3.96571 0.775375 0.775375 0 0.775375 0 0 0 0.775375 0 0 0 0 0 0 0 
0 0 0 0 0 0 0 0 0 0 0 0 0 0 0 0 0 0.432102 0 0 0 0 0 0 0 0 0 0 0 0 0 0 0 0.432102 0 0 0 0 0 0 0 0 0 0 0 0 0 0 0.432102 -4.78549 0 1.16306 0 1.16306 0 0 0 1.16306 0 0 0 0 0 0 
0 0 0 0 0 0 0 0 0 0 0 0 0 0 0 0 0 0 0.432102 0 0 0 0 0 0 0 0 0 0 0 0 0 0 0 0.432102 0 0 0 0 0 0 0 0 0 0 0 0 0 0.432102 0 -4.78549 1.16306 0 0 1.16306 0 0 0 1.16306 0 0 0 0 0 
0 0 0 0 0 0 0 0 0 0 0 0 0 0 0 0 0 0 0 0.432102 0 0 0 0 0 0 0 0 0 0 0 0 0 0 0 0.432102 0 0 0 0 0 0 0 0 0 0 0 0 0 0.432102 0.432102 -4.82991 0 0 0 1.55075 0 0 0 1.55075 0 0 0 0 
0 0 0 0 0 0 0 0 0 0 0 0 0 0 0 0 0 0 0 0 0.432102 0 0 0 0 0 0 0 0 0 0 0 0 0 0 0 0.432102 0 0 0 0 0 0 0 0 0 0 0 0.432102 0 0 0 -4.78549 1.16306 1.16306 0 0 0 0 0 1.16306 0 0 0 
0 0 0 0 0 0 0 0 0 0 0 0 0 0 0 0 0 0 0 0 0 0.432102 0 0 0 0 0 0 0 0 0 0 0 0 0 0 0 0.432102 0 0 0 0 0 0 0 0 0 0 0 0.432102 0 0 0.432102 -4.82991 0 1.55075 0 0 0 0 0 1.55075 0 0 
0 0 0 0 0 0 0 0 0 0 0 0 0 0 0 0 0 0 0 0 0 0 0.432102 0 0 0 0 0 0 0 0 0 0 0 0 0 0 0 0.432102 0 0 0 0 0 0 0 0 0 0 0 0.432102 0 0.432102 0 -4.82991 1.55075 0 0 0 0 0 0 1.55075 0 
0 0 0 0 0 0 0 0 0 0 0 0 0 0 0 0 0 0 0 0 0 0 0 0.432102 0 0 0 0 0 0 0 0 0 0 0 0 0 0 0 0.432102 0 0 0 0 0 0 0 0 0 0 0 0.432102 0 0.432102 0.432102 -4.09895 0 0 0 0 0 0 0 1.93844 
0 0 0 0 0 0 0 0 0 0 0 0 0 0 0 0 0 0 0 0 0 0 0 0 0.432102 0 0 0 0 0 0 0 0 0 0 0 0 0 0 0 0.432102 0 0 0 0 0 0 0 0.432102 0 0 0 0 0 0 0 -4.78549 1.16306 1.16306 0 1.16306 0 0 0 
0 0 0 0 0 0 0 0 0 0 0 0 0 0 0 0 0 0 0 0 0 0 0 0 0 0.432102 0 0 0 0 0 0 0 0 0 0 0 0 0 0 0 0.432102 0 0 0 0 0 0 0 0.432102 0 0 0 0 0 0 0.432102 -4.82991 0 1.55075 0 1.55075 0 0 
0 0 0 0 0 0 0 0 0 0 0 0 0 0 0 0 0 0 0 0 0 0 0 0 0 0 0.432102 0 0 0 0 0 0 0 0 0 0 0 0 0 0 0 0.432102 0 0 0 0 0 0 0 0.432102 0 0 0 0 0 0.432102 0 -4.82991 1.55075 0 0 1.55075 0 
0 0 0 0 0 0 0 0 0 0 0 0 0 0 0 0 0 0 0 0 0 0 0 0 0 0 0 0.432102 0 0 0 0 0 0 0 0 0 0 0 0 0 0 0 0.432102 0 0 0 0 0 0 0 0.432102 0 0 0 0 0 0.432102 0.432102 -4.09895 0 0 0 1.93844 
0 0 0 0 0 0 0 0 0 0 0 0 0 0 0 0 0 0 0 0 0 0 0 0 0 0 0 0 0.432102 0 0 0 0 0 0 0 0 0 0 0 0 0 0 0 0.432102 0 0 0 0 0 0 0 0.432102 0 0 0 0.432102 0 0 0 -4.82991 1.55075 1.55075 0 
0 0 0 0 0 0 0 0 0 0 0 0 0 0 0 0 0 0 0 0 0 0 0 0 0 0 0 0 0 0.432102 0 0 0 0 0 0 0 0 0 0 0 0 0 0 0 0.432102 0 0 0 0 0 0 0 0.432102 0 0 0 0.432102 0 0 0.432102 -4.09895 0 1.93844 
0 0 0 0 0 0 0 0 0 0 0 0 0 0 0 0 0 0 0 0 0 0 0 0 0 0 0 0 0 0 0.432102 0 0 0 0 0 0 0 0 0 0 0 0 0 0 0 0.432102 0 0 0 0 0 0 0 0.432102 0 0 0 0.432102 0 0.432102 0 -4.09895 1.93844 
0 0 0 0 0 0 0 0 0 0 0 0 0 0 0 0 0 0 0 0 0 0 0 0 0 0 0 0 0 0 0 0.432102 0 0 0 0 0 0 0 0 0 0 0 0 0 0 0 0.432102 0 0 0 0 0 0 0 0.432102 0 0 0 0.432102 0 0.432102 0.432102 -2.59261 
