64
-0 0 0 0 0 0 0 0 0 0 0 0 0 0 0 0 0 0 0 0 0 0 0 0 0 0 0 0 0 0 0 0 0 0 0 0 0 0 0 0 0 0 0 0 0 0 0 0 0 0 0 0 0 0 0 0 0 0 0 0 0 0 0 0 
0.64351 -3.31831 0 0.53496 0 0.53496 0 0 0 0.53496 0 0 0 0 0 0 0 0.53496 0 0 0 0 0 0 0 0 0 0 0 0 0 0 0 0.53496 0 0 0 0 0 0 0 0 0 0 0 0 0 0 0 0 0 0 0 0 0 0 0 0 0 0 0 0 0 0 
0.64351 0 -3.31831 0.53496 0 0 0.53496 0 0 0 0.53496 0 0 0 0 0 0 0 0.53496 0 0 0 0 0 0 0 0 0 0 0 0 0 0 0 0.53496 0 0 0 0 0 0 0 0 0 0 0 0 0 0 0 0 0 0 0 0 0 0 0 0 0 0 0 0 0 
0 0.64351 0.64351 -5.5667 0 0 0 1.06992 0 0 0 1.06992 0 0 0 0 0 0 0 1.06992 0 0 0 0 0 0 0 0 0 0 0 0 0 0 0 1.06992 0 0 0 0 0 0 0 0 0 0 0 0 0 0 0 0 0 0 0 0 0 0 0 0 0 0 0 0 
0.64351 0 0 0 -3.31831 0.53496 0.53496 0 0 0 0 0 0.53496 0 0 0 0 0 0 0 0.53496 0 0 0 0 0 0 0 0 0 0 0 0 0 0 0 0.53496 0 0 0 0 0 0 0 0 0 0 0 0 0 0 0 0 0 0 0 0 0 0 0 0 0 0 0 
0 0.64351 0 0 0.64351 -5.5667 0 1.06992 0 0 0 0 0 1.06992 0 0 0 0 0 0 0 1.06992 0 0 0 0 0 0 0 0 0 0 0 0 0 0 0 1.06992 0 0 0 0 0 0 0 0 0 0 0 0 0 0 0 0 0 0 0 0 0 0 0 0 0 0 
0 0 0.64351 0 0.64351 0 -5.5667 1.06992 0 0 0 0 0 0 1.06992 0 0 0 0 0 0 0 1.06992 0 0 0 0 0 0 0 0 0 0 0 0 0 0 0 1.06992 0 0 0 0 0 0 0 0 0 0 0 0 0 0 0 0 0 0 0 0 0 0 0 0 0 
0 0 0 0.64351 0 0.64351 0.64351 -6.74517 0 0 0 0 0 0 0 1.60488 0 0 0 0 0 0 0 1.60488 0 0 0 0 0 0 0 0 0 0 0 0 0 0 0 1.60488 0 0 0 0 0 0 0 0 0 0 0 0 0 0 0 0 0 0 0 0 0 0 0 0 
0.64351 0 0 0 0 0 0 0 -3.31831 0.53496 0.53496 0 0.53496 0 0 0 0 0 0 0 0 0 0 0 0.53496 0 0 0 0 0 0 0 0 0 0 0 0 0 0 0 0.53496 0 0 0 0 0 0 0 0 0 0 0 0 0 0 0 0 0 0 0 0 0 0 0 
0 0.64351 0 0 0 0 0 0 0.64351 -5.5667 0 1.06992 0 1.06992 0 0 0 0 0 0 0 0 0 0 0 1.06992 0 0 0 0 0 0 0 0 0 0 0 0 0 0 0 1.06992 0 0 0 0 0 0 0 0 0 0 0 0 0 0 0 0 0 0 0 0 0 0 
0 0 0.64351 0 0 0 0 0 0.64351 0 -5.5667 1.06992 0 0 1.06992 0 0 0 0 0 0 0 0 0 0 0 1.06992 0 0 0 0 0 0 0 0 0 0 0 0 0 0 0 1.06992 0 0 0 0 0 0 0 0 0 0 0 0 0 0 0 0 0 0 0 0 0 
0 0 0 0.64351 0 0 0 0 0 0.64351 0.64351 -6.74517 0 0 0 1.60488 0 0 0 0 0 0 0 0 0 0 0 1.60488 0 0 0 0 0 0 0 0 0 0 0 0 0 0 0 1.60488 0 0 0 0 0 0 0 0 0 0 0 0 0 0 0 0 0 0 0 0 
0 0 0 0 0.64351 0 0 0 0.64351 0 0 0 -5.5667 1.06992 1.06992 0 0 0 0 0 0 0 0 0 0 0 0 0 1.06992 0 0 0 0 0 0 0 0 0 0 0 0 0 0 0 1.06992 0 0 0 0 0 0 0 0 0 0 0 0 0 0 0 0 0 0 0 
0 0 0 0 0 0.64351 0 0 0 0.64351 0 0 0.64351 -6.74517 0 1.60488 0 0 0 0 0 0 0 0 0 0 0 0 0 1.60488 0 0 0 0 0 0 0 0 0 0 0 0 0 0 0 1.60488 0 0 0 0 0 0 0 0 0 0 0 0 0 0 0 0 0 0 
0 0 0 0 0 0 0.64351 0 0 0 0.64351 0 0.64351 0 -6.74517 1.60488 0 0 0 0 0 0 0 0 0 0 0 0 0 0 1.60488 0 0 0 0 0 0 0 0 0 0 0 0 0 0 0 1.60488 0 0 0 0 0 0 0 0 0 0 0 0 0 0 0 0 0 
0 0 0 0 0 0 0 0.64351 0 0 0 0.64351 0 0.64351 0.64351 -6.85372 0 0 0 0 0 0 0 0 0 0 0 0 0 0 0 2.13984 0 0 0 0 0 0 0 0 0 0 0 0 0 0 0 2.13984 0 0 0 0 0 0 0 0 0 0 0 0 0 0 0 0 
0.64351 0 0 0 0 0 0 0 0 0 0 0 0 0 0 0 -3.31831 0.53496 0.53496 0 0.53496 0 0 0 0.53496 0 0 0 0 0 0 0 0 0 0 0 0 0 0 0 0 0 0 0 0 0 0 0 0.53496 0 0 0 0 0 0 0 0 0 0 0 0 0 0 0 
0 0.64351 0 0 0 0 0 0 0 0 0 0 0 0 0 0 0.64351 -5.5667 0 1.06992 0 1.06992 0 0 0 1.06992 0 0 0 0 0 0 0 0 0 0 0 0 0 0 0 0 0 0 0 0 0 0 0 1.06992 0 0 0 0 0 0 0 0 0 0 0 0 0 0 
0 0 0.64351 0 0 0 0 0 0 0 0 0 0 0 0 0 0.64351 0 -5.5667 1.06992 0 0 1.06992 0 0 0 1.06992 0 0 0 0 0 0 0 0 0 0 0 0 0 0 0 0 0 0 0 0 0 0 0 1.06992 0 0 0 0 0 0 0 0 0 0 0 0 0 
0 0 0 0.64351 0 0 0 0 0 0 0 0 0 0 0 0 0 0.64351 0.64351 -6.74517 0 0 0 1.60488 0 0 0 1.60488 0 0 0 0 0 0 0 0 0 0 0 0 0 0 0 0 0 0 0 0 0 0 0 1.60488 0 0 0 0 0 0 0 0 0 0 0 0 
0 0 0 0 0.64351 0 0 0 0 0 0 0 0 0 0 0 0.64351 0 0 0 -5.5667 1.06992 1.06992 0 0 0 0 0 1.06992 0 0 0 0 0 0 0 0 0 0 0 0 0 0 0 0 0 0 0 0 0 0 0 1.06992 0 0 0 0 0 0 0 0 0 0 0 
0 0 0 0 0 0.64351 0 0 0 0 0 0 0 0 0 0 0 0.64351 0 0 0.64351 -6.74517 0 1.60488 0 0 0 0 0 1.60488 0 0 0 0 0 0 0 0 0 0 0 0 0 0 0 0 0 0 0 0 0 0 0 1.60488 0 0 0 0 0 0 0 0 0 0 
0 0 0 0 0 0 0.64351 0 0 0 0 0 0 0 0 0 0 0 0.64351 0 0.64351 0 -6.74517 1.60488 0 0 0 0 0 0 1.60488 0 0 0 0 0 0 0 0 0 0 0 0 0 0 0 0 0 0 0 0 0 0 0 1.60488 0 0 0 0 0 0 0 0 0 
0 0 0 0 0 0 0 0.64351 0 0 0 0 0 0 0 0 0 0 0 0.64351 0 0.64351 0.64351 -6.85372 0 0 0 0 0 0 0 2.13984 0 0 0 0 0 0 0 0 0 0 0 0 0 0 0 0 0 0 0 0 0 0 0 2.13984 0 0 0 0 0 0 0 0 
0 0 0 0 0 0 0 0 0.64351 0 0 0 0 0 0 0 0.64351 0 0 0 0 0 0 0 -5.5667 1.06992 1.06992 0 1.06992 0 0 0 0 0 0 0 0 0 0 0 0 0 0 0 0 0 0 0 0 0 0 0 0 0 0 0 1.06992 0 0 0 0 0 0 0 
0 0 0 0 0 0 0 0 0 0.64351 0 0 0 0 0 0 0 0.64351 0 0 0 0 0 0 0.64351 -6.74517 0 1.60488 0 1.60488 0 0 0 0 0 0 0 0 0 0 0 0 0 0 0 0 0 0 0 0 0 0 0 0 0 0 0 1.60488 0 0 0 0 0 0 
0 0 0 0 0 0 0 0 0 0 0.64351 0 0 0 0 0 0 0 0.64351 0 0 0 0 0 0.64351 0 -6.74517 1.60488 0 0 1.60488 0 0 0 0 0 0 0 0 0 0 0 0 0 0 0 0 0 0 0 0 0 0 0 0 0 0 0 1.60488 0 0 0 0 0 
0 0 0 0 0 0 0 0 0 0 0 0.64351 0 0 0 0 0 0 0 0.64351 0 0 0 0 0 0.64351 0.64351 -6.85372 0 0 0 2.13984 0 0 0 0 0 0 0 0 0 0 0 0 0 0 0 0 0 0 0 0 0 0 0 0 0 0 0 2.13984 0 0 0 0 
0 0 0 0 0 0 0 0 0 0 0 0 0.64351 0 0 0 0 0 0 0 0.64351 0 0 0 0.64351 0 0 0 -6.74517 1.60488 1.60488 0 0 0 0 0 0 0 0 0 0 0 0 0 0 0 0 0 0 0 0 0 0 0 0 0 0 0 0 0 1.60488 0 0 0 
0 0 0 0 0 0 0 0 0 0 0 0 0 0.64351 0 0 0 0 0 0 0 0.64351 0 0 0 0.64351 0 0 0.64351 -6.85372 0 2.13984 0 0 0 0 0 0 0 0 0 0 0 0 0 0 0 0 0 0 0 0 0 0 0 0 0 0 0 0 0 2.13984 0 0 
0 0 0 0 0 0 0 0 0 0 0 0 0 0 0.64351 0 0 0 0 0 0 0 0.64351 0 0 0 0.64351 0 0.64351 0 -6.85372 2.13984 0 0 0 0 0 0 0 0 0 0 0 0 0 0 0 0 0 0 0 0 0 0 0 0 0 0 0 0 0 0 2.13984 0 
0 0 0 0 0 0 0 0 0 0 0 0 0 0 0 0.64351 0 0 0 0 0 0 0 0.64351 0 0 0 0.64351 0 0.64351 0.64351 -5.89235 0 0 0 0 0 0 0 0 0 0 0 0 0 0 0 0 0 0 0 0 0 0 0 0 0 0 0 0 0 0 0 2.6748 
0.64351 0 0 0 0 0 0 0 0 0 0 0 0 0 0 0 0 0 0 0 0 0 0 0 0 0 0 0 0 0 0 0 -3.31831 0.53496 0.53496 0 0.53496 0 0 0 0.53496 0 0 0 0 0 0 0 0.53496 0 0 0 0 0 0 0 0 0 0 0 0 0 0 0 
0 0.64351 0 0 0 0 0 0 0 0 0 0 0 0 0 0 0 0 0 0 0 0 0 0 0 0 0 0 0 0 0 0 0.64351 -5.5667 0 1.06992 0 1.06992 0 0 0 1.06992 0 0 0 0 0 0 0 1.06992 0 0 0 0 0 0 0 0 0 0 0 0 0 0 
0 0 0.64351 0 0 0 0 0 0 0 0 0 0 0 0 0 0 0 0 0 0 0 0 0 0 0 0 0 0 0 0 0 0.64351 0 -5.5667 1.06992 0 0 1.06992 0 0 0 1.06992 0 0 0 0 0 0 0 1.06992 0 0 0 0 0 0 0 0 0 0 0 0 0 
0 0 0 0.64351 0 0 0 0 0 0 0 0 0 0 0 0 0 0 0 0 0 0 0 0 0 0 0 0 0 0 0 0 0 0.64351 0.64351 -6.74517 0 0 0 1.60488 0 0 0 1.60488 0 0 0 0 0 0 0 1.60488 0 0 0 0 0 0 0 0 0 0 0 0 
0 0 0 0 0.64351 0 0 0 0 0 0 0 0 0 0 0 0 0 0 0 0 0 0 0 0 0 0 0 0 0 0 0 0.64351 0 0 0 -5.5667 1.06992 1.06992 0 0 0 0 0 1.06992 0 0 0 0 0 0 0 1.06992 0 0 0 0 0 0 0 0 0 0 0 
0 0 0 0 0 0.64351 0 0 0 0 0 0 0 0 0 0 0 0 0 0 0 0 0 0 0 0 0 0 0 0 0 0 0 0.64351 0 0 0.64351 -6.74517 0 1.60488 0 0 0 0 0 1.60488 0 0 0 0 0 0 0 1.60488 0 0 0 0 0 0 0 0 0 0 
0 0 0 0 0 0 0.64351 0 0 0 0 0 0 0 0 0 0 0 0 0 0 0 0 0 0 0 0 0 0 0 0 0 0 0 0.64351 0 0.64351 0 -6.74517 1.60488 0 0 0 0 0 0 1.60488 0 0 0 0 0 0 0 1.60488 0 0 0 0 0 0 0 0 0 
0 0 0 0 0 0 0 0.64351 0 0 0 0 0 0 0 0 0 0 0 0 0 0 0 0 0 0 0 0 0 0 0 0 0 0 0 0.64351 0 0.64351 0.64351 -6.85372 0 0 0 0 0 0 0 2.13984 0 0 0 0 0 0 0 2.13984 0 0 0 0 0 0 0 0 
0 0 0 0 0 0 0 0 0.64351 0 0 0 0 0 0 0 0 0 0 0 0 0 0 0 0 0 0 0 0 0 0 0 0.64351 0 0 0 0 0 0 0 -5.5667 1.06992 1.06992 0 1.06992 0 0 0 0 0 0 0 0 0 0 0 1.06992 0 0 0 0 0 0 0 
0 0 0 0 0 0 0 0 0 0.64351 0 0 0 0 0 0 0 0 0 0 0 0 0 0 0 0 0 0 0 0 0 0 0 0.64351 0 0 0 0 0 0 0.64351 -6.74517 0 1.60488 0 1.60488 0 0 0 0 0 0 0 0 0 0 0 1.60488 0 0 0 0 0 0 
0 0 0 0 0 0 0 0 0 0 0.64351 0 0 0 0 0 0 0 0 0 0 0 0 0 0 0 0 0 0 0 0 0 0 0 0.64351 0 0 0 0 0 0.64351 0 -6.74517 1.60488 0 0 1.60488 0 0 0 0 0 0 0 0 0 0 0 1.60488 0 0 0 0 0 
0 0 0 0 0 0 0 0 0 0 0 0.64351 0 0 0 0 0 0 0 0 0 0 0 0 0 0 0 0 0 0 0 0 0 0 0 0.64351 0 0 0 0 0 0.64351 0.64351 -6.85372 0 0 0 2.13984 0 0 0 0 0 0 0 0 0 0 0 2.13984 0 0 0 0 
0 0 0 0 0 0 0 0 0 0 0 0 0.64351 0 0 0 0 0 0 0 0 0 0 0 0 0 0 0 0 0 0 0 0 0 0 0 0.64351 0 0 0 0.64351 0 0 0 -6.74517 1.60488 1.60488 0 0 0 0 0 0 0 0 0 0 0 0 0 1.60488 0 0 0 
0 0 0 0 0 0 0 0 0 0 0 0 0 0.64351 0 0 0 0 0 0 0 0 0 0 0 0 0 0 0 0 0 0 0 0 0 0 0 0.64351 0 0 0 0.64351 0 0 0.64351 -6.85372 0 2.13984 0 0 0 0 0 0 0 0 0 0 0 0 0 2.13984 0 0 
0 0 0 0 0 0 0 0 0 0 0 0 0 0 0.64351 0 0 0 0 0 0 0 0 0 0 0 0 0 0 0 0 0 0 0 0 0 0 0 0.64351 0 0 0 0.64351 0 0.64351 0 -6.85372 2.13984 0 0 0 0 0 0 0 0 0 0 0 0 0 0 2.13984 0 
0 0 0 0 0 0 0 0 0 0 0 0 0 0 0 0.64351 0 0 0 0 0 0 0 0 0 0 0 0 0 0 0 0 0 0 0 0 0 0 0 0.64351 0 0 0 0.64351 0 0.64351 0.64351 -5.89235 0 0 0 0 0 0 0 0 0 0 0 0 0 0 0 2.6748 
0 0 0 0 0 0 0 0 0 0 0 0 0 0 0 0 0.64351 0 0 0 0 0 0 0 0 0 0 0 0 0 0 0 0.64351 0 0 0 0 0 0 0 0 0 0 0 0 0 0 0 -5.5667 1.06992 1.06992 0 1.06992 0 0 0 1.06992 0 0 0 0 0 0 0 
0 0 0 0 0 0 0 0 0 0 0 0 0 0 0 0 0 0.64351 0 0 0 0 0 0 0 0 0 0 0 0 0 0 0 0.64351 0 0 0 0 0 0 0 0 0 0 0 0 0 0 0.64351 -6.74517 0 1.60488 0 1.60488 0 0 0 1.60488 0 0 0 0 0 0 
0 0 0 0 0 0 0 0 0 0 0 0 0 0 0 0 0 0 0.64351 0 0 0 0 0 0 0 0 0 0 0 0 0 0 0 0.64351 0 0 0 0 0 0 0 0 0 0 0 0 0 0.64351 0 -6.74517 1.60488 0 0 1.60488 0 0 0 1.60488 0 0 0 0 0 
0 0 0 0 0 0 0 0 0 0 0 0 0 0 0 0 0 0 0 0.64351 0 0 0 0 0 0 0 0 0 0 0 0 0 0 0 0.64351 0 0 0 0 0 0 0 0 0 0 0 0 0 0.64351 0.64351 -6.85372 0 0 0 2.13984 0 0 0 2.13984 0 0 0 0 
0 0 0 0 0 0 0 0 0 0 0 0 0 0 0 0 0 0 0 0 0.64351 0 0 0 0 0 0 0 0 0 0 0 0 0 0 0 0.64351 0 0 0 0 0 0 0 0 0 0 0 0.64351 0 0 0 -6.74517 1.60488 1.60488 0 0 0 0 0 1.60488 0 0 0 
0 0 0 0 0 0 0 0 0 0 0 0 0 0 0 0 0 0 0 0 0 0.64351 0 0 0 0 0 0 0 0 0 0 0 0 0 0 0 0.64351 0 0 0 0 0 0 0 0 0 0 0 0.64351 0 0 0.64351 -6.85372 0 2.13984 0 0 0 0 0 2.13984 0 0 
0 0 0 0 0 0 0 0 0 0 0 0 0 0 0 0 0 0 0 0 0 0 0.64351 0 0 0 0 0 0 0 0 0 0 0 0 0 0 0 0.64351 0 0 0 0 0 0 0 0 0 0 0 0.64351 0 0.64351 0 -6.85372 2.13984 0 0 0 0 0 0 2.13984 0 
0 0 0 0 0 0 0 0 0 0 0 0 0 0 0 0 0 0 0 0 0 0 0 0.64351 0 0 0 0 0 0 0 0 0 0 0 0 0 0 0 0.64351 0 0 0 0 0 0 0 0 0 0 0 0.64351 0 0.64351 0.64351 -5.89235 0 0 0 0 0 0 0 2.6748 
0 0 0 0 0 0 0 0 0 0 0 0 0 0 0 0 0 0 0 0 0 0 0 0 0.64351 0 0 0 0 0 0 0 0 0 0 0 0 0 0 0 0.64351 0 0 0 0 0 0 0 0.64351 0 0 0 0 0 0 0 -6.74517 1.60488 1.60488 0 1.60488 0 0 0 
0 0 0 0 0 0 0 0 0 0 0 0 0 0 0 0 0 0 0 0 0 0 0 0 0 0.64351 0 0 0 0 0 0 0 0 0 0 0 0 0 0 0 0.64351 0 0 0 0 0 0 0 0.64351 0 0 0 0 0 0 0.64351 -6.85372 0 2.13984 0 2.13984 0 0 
0 0 0 0 0 0 0 0 0 0 0 0 0 0 0 0 0 0 0 0 0 0 0 0 0 0 0.64351 0 0 0 0 0 0 0 0 0 0 0 0 0 0 0 0.64351 0 0 0 0 0 0 0 0.64351 0 0 0 0 0 0.64351 0 -6.85372 2.13984 0 0 2.13984 0 
0 0 0 0 0 0 0 0 0 0 0 0 0 0 0 0 0 0 0 0 0 0 0 0 0 0 0 0.64351 0 0 0 0 0 0 0 0 0 0 0 0 0 0 0 0.64351 0 0 0 0 0 0 0 0.64351 0 0 0 0 0 0.64351 0.64351 -5.89235 0 0 0 2.6748 
0 0 0 0 0 0 0 0 0 0 0 0 0 0 0 0 0 0 0 0 0 0 0 0 0 0 0 0 0.64351 0 0 0 0 0 0 0 0 0 0 0 0 0 0 0 0.64351 0 0 0 0 0 0 0 0.64351 0 0 0 0.64351 0 0 0 -6.85372 2.13984 2.13984 0 
0 0 0 0 0 0 0 0 0 0 0 0 0 0 0 0 0 0 0 0 0 0 0 0 0 0 0 0 0 0.64351 0 0 0 0 0 0 0 0 0 0 0 0 0 0 0 0.64351 0 0 0 0 0 0 0 0.64351 0 0 0 0.64351 0 0 0.64351 -5.89235 0 2.6748 
0 0 0 0 0 0 0 0 0 0 0 0 0 0 0 0 0 0 0 0 0 0 0 0 0 0 0 0 0 0 0.64351 0 0 0 0 0 0 0 0 0 0 0 0 0 0 0 0.64351 0 0 0 0 0 0 0 0.64351 0 0 0 0.64351 0 0.64351 0 -5.89235 2.6748 
0 0 0 0 0 0 0 0 0 0 0 0 0 0 0 0 0 0 0 0 0 0 0 0 0 0 0 0 0 0 0 0.64351 0 0 0 0 0 0 0 0 0 0 0 0 0 0 0 0.64351 0 0 0 0 0 0 0 0.64351 0 0 0 0.64351 0 0.64351 0.64351 -3.86106 
