32
-0 0 0 0 0 0 0 0 0 0 0 0 0 0 0 0 0 0 0 0 0 0 0 0 0 0 0 0 0 0 0 0 
0.354319 -1.96583 0 0.402877 0 0.402877 0 0 0 0.402877 0 0 0 0 0 0 0 0.402877 0 0 0 0 0 0 0 0 0 0 0 0 0 0 
0.354319 0 -1.96583 0.402877 0 0 0.402877 0 0 0 0.402877 0 0 0 0 0 0 0 0.402877 0 0 0 0 0 0 0 0 0 0 0 0 0 
0 0.354319 0.354319 -3.1259 0 0 0 0.805754 0 0 0 0.805754 0 0 0 0 0 0 0 0.805754 0 0 0 0 0 0 0 0 0 0 0 0 
0.354319 0 0 0 -1.96583 0.402877 0.402877 0 0 0 0 0 0.402877 0 0 0 0 0 0 0 0.402877 0 0 0 0 0 0 0 0 0 0 0 
0 0.354319 0 0 0.354319 -3.1259 0 0.805754 0 0 0 0 0 0.805754 0 0 0 0 0 0 0 0.805754 0 0 0 0 0 0 0 0 0 0 
0 0 0.354319 0 0.354319 0 -3.1259 0.805754 0 0 0 0 0 0 0.805754 0 0 0 0 0 0 0 0.805754 0 0 0 0 0 0 0 0 0 
0 0 0 0.354319 0 0.354319 0.354319 -3.48022 0 0 0 0 0 0 0 1.20863 0 0 0 0 0 0 0 1.20863 0 0 0 0 0 0 0 0 
0.354319 0 0 0 0 0 0 0 -1.96583 0.402877 0.402877 0 0.402877 0 0 0 0 0 0 0 0 0 0 0 0.402877 0 0 0 0 0 0 0 
0 0.354319 0 0 0 0 0 0 0.354319 -3.1259 0 0.805754 0 0.805754 0 0 0 0 0 0 0 0 0 0 0 0.805754 0 0 0 0 0 0 
0 0 0.354319 0 0 0 0 0 0.354319 0 -3.1259 0.805754 0 0 0.805754 0 0 0 0 0 0 0 0 0 0 0 0.805754 0 0 0 0 0 
0 0 0 0.354319 0 0 0 0 0 0.354319 0.354319 -3.48022 0 0 0 1.20863 0 0 0 0 0 0 0 0 0 0 0 1.20863 0 0 0 0 
0 0 0 0 0.354319 0 0 0 0.354319 0 0 0 -3.1259 0.805754 0.805754 0 0 0 0 0 0 0 0 0 0 0 0 0 0.805754 0 0 0 
0 0 0 0 0 0.354319 0 0 0 0.354319 0 0 0.354319 -3.48022 0 1.20863 0 0 0 0 0 0 0 0 0 0 0 0 0 1.20863 0 0 
0 0 0 0 0 0 0.354319 0 0 0 0.354319 0 0.354319 0 -3.48022 1.20863 0 0 0 0 0 0 0 0 0 0 0 0 0 0 1.20863 0 
0 0 0 0 0 0 0 0.354319 0 0 0 0.354319 0 0.354319 0.354319 -3.02878 0 0 0 0 0 0 0 0 0 0 0 0 0 0 0 1.61151 
0.354319 0 0 0 0 0 0 0 0 0 0 0 0 0 0 0 -1.96583 0.402877 0.402877 0 0.402877 0 0 0 0.402877 0 0 0 0 0 0 0 
0 0.354319 0 0 0 0 0 0 0 0 0 0 0 0 0 0 0.354319 -3.1259 0 0.805754 0 0.805754 0 0 0 0.805754 0 0 0 0 0 0 
0 0 0.354319 0 0 0 0 0 0 0 0 0 0 0 0 0 0.354319 0 -3.1259 0.805754 0 0 0.805754 0 0 0 0.805754 0 0 0 0 0 
0 0 0 0.354319 0 0 0 0 0 0 0 0 0 0 0 0 0 0.354319 0.354319 -3.48022 0 0 0 1.20863 0 0 0 1.20863 0 0 0 0 
0 0 0 0 0.354319 0 0 0 0 0 0 0 0 0 0 0 0.354319 0 0 0 -3.1259 0.805754 0.805754 0 0 0 0 0 0.805754 0 0 0 
0 0 0 0 0 0.354319 0 0 0 0 0 0 0 0 0 0 0 0.354319 0 0 0.354319 -3.48022 0 1.20863 0 0 0 0 0 1.20863 0 0 
0 0 0 0 0 0 0.354319 0 0 0 0 0 0 0 0 0 0 0 0.354319 0 0.354319 0 -3.48022 1.20863 0 0 0 0 0 0 1.20863 0 
0 0 0 0 0 0 0 0.354319 0 0 0 0 0 0 0 0 0 0 0 0.354319 0 0.354319 0.354319 -3.02878 0 0 0 0 0 0 0 1.61151 
0 0 0 0 0 0 0 0 0.354319 0 0 0 0 0 0 0 0.354319 0 0 0 0 0 0 0 -3.1259 0.805754 0.805754 0 0.805754 0 0 0 
0 0 0 0 0 0 0 0 0 0.354319 0 0 0 0 0 0 0 0.354319 0 0 0 0 0 0 0.354319 -3.48022 0 1.20863 0 1.20863 0 0 
0 0 0 0 0 0 0 0 0 0 0.354319 0 0 0 0 0 0 0 0.354319 0 0 0 0 0 0.354319 0 -3.48022 1.20863 0 0 1.20863 0 
0 0 0 0 0 0 0 0 0 0 0 0.354319 0 0 0 0 0 0 0 0.354319 0 0 0 0 0 0.354319 0.354319 -3.02878 0 0 0 1.61151 
0 0 0 0 0 0 0 0 0 0 0 0 0.354319 0 0 0 0 0 0 0 0.354319 0 0 0 0.354319 0 0 0 -3.48022 1.20863 1.20863 0 
0 0 0 0 0 0 0 0 0 0 0 0 0 0.354319 0 0 0 0 0 0 0 0.354319 0 0 0 0.354319 0 0 0.354319 -3.02878 0 1.61151 
0 0 0 0 0 0 0 0 0 0 0 0 0 0 0.354319 0 0 0 0 0 0 0 0.354319 0 0 0 0.354319 0 0.354319 0 -3.02878 1.61151 
0 0 0 0 0 0 0 0 0 0 0 0 0 0 0 0.354319 0 0 0 0 0 0 0 0.354319 0 0 0 0.354319 0 0.354319 0.354319 -1.77159 
