32
-0 0 0 0 0 0 0 0 0 0 0 0 0 0 0 0 0 0 0 0 0 0 0 0 0 0 0 0 0 0 0 0 
0.138449 -1.22483 0 0.271594 0 0.271594 0 0 0 0.271594 0 0 0 0 0 0 0 0.271594 0 0 0 0 0 0 0 0 0 0 0 0 0 0 
0.138449 0 -1.22483 0.271594 0 0 0.271594 0 0 0 0.271594 0 0 0 0 0 0 0 0.271594 0 0 0 0 0 0 0 0 0 0 0 0 0 
0 0.138449 0.138449 -1.90647 0 0 0 0.543189 0 0 0 0.543189 0 0 0 0 0 0 0 0.543189 0 0 0 0 0 0 0 0 0 0 0 0 
0.138449 0 0 0 -1.22483 0.271594 0.271594 0 0 0 0 0 0.271594 0 0 0 0 0 0 0 0.271594 0 0 0 0 0 0 0 0 0 0 0 
0 0.138449 0 0 0.138449 -1.90647 0 0.543189 0 0 0 0 0 0.543189 0 0 0 0 0 0 0 0.543189 0 0 0 0 0 0 0 0 0 0 
0 0 0.138449 0 0.138449 0 -1.90647 0.543189 0 0 0 0 0 0 0.543189 0 0 0 0 0 0 0 0.543189 0 0 0 0 0 0 0 0 0 
0 0 0 0.138449 0 0.138449 0.138449 -2.04491 0 0 0 0 0 0 0 0.814783 0 0 0 0 0 0 0 0.814783 0 0 0 0 0 0 0 0 
0.138449 0 0 0 0 0 0 0 -1.22483 0.271594 0.271594 0 0.271594 0 0 0 0 0 0 0 0 0 0 0 0.271594 0 0 0 0 0 0 0 
0 0.138449 0 0 0 0 0 0 0.138449 -1.90647 0 0.543189 0 0.543189 0 0 0 0 0 0 0 0 0 0 0 0.543189 0 0 0 0 0 0 
0 0 0.138449 0 0 0 0 0 0.138449 0 -1.90647 0.543189 0 0 0.543189 0 0 0 0 0 0 0 0 0 0 0 0.543189 0 0 0 0 0 
0 0 0 0.138449 0 0 0 0 0 0.138449 0.138449 -2.04491 0 0 0 0.814783 0 0 0 0 0 0 0 0 0 0 0 0.814783 0 0 0 0 
0 0 0 0 0.138449 0 0 0 0.138449 0 0 0 -1.90647 0.543189 0.543189 0 0 0 0 0 0 0 0 0 0 0 0 0 0.543189 0 0 0 
0 0 0 0 0 0.138449 0 0 0 0.138449 0 0 0.138449 -2.04491 0 0.814783 0 0 0 0 0 0 0 0 0 0 0 0 0 0.814783 0 0 
0 0 0 0 0 0 0.138449 0 0 0 0.138449 0 0.138449 0 -2.04491 0.814783 0 0 0 0 0 0 0 0 0 0 0 0 0 0 0.814783 0 
0 0 0 0 0 0 0 0.138449 0 0 0 0.138449 0 0.138449 0.138449 -1.64018 0 0 0 0 0 0 0 0 0 0 0 0 0 0 0 1.08638 
0.138449 0 0 0 0 0 0 0 0 0 0 0 0 0 0 0 -1.22483 0.271594 0.271594 0 0.271594 0 0 0 0.271594 0 0 0 0 0 0 0 
0 0.138449 0 0 0 0 0 0 0 0 0 0 0 0 0 0 0.138449 -1.90647 0 0.543189 0 0.543189 0 0 0 0.543189 0 0 0 0 0 0 
0 0 0.138449 0 0 0 0 0 0 0 0 0 0 0 0 0 0.138449 0 -1.90647 0.543189 0 0 0.543189 0 0 0 0.543189 0 0 0 0 0 
0 0 0 0.138449 0 0 0 0 0 0 0 0 0 0 0 0 0 0.138449 0.138449 -2.04491 0 0 0 0.814783 0 0 0 0.814783 0 0 0 0 
0 0 0 0 0.138449 0 0 0 0 0 0 0 0 0 0 0 0.138449 0 0 0 -1.90647 0.543189 0.543189 0 0 0 0 0 0.543189 0 0 0 
0 0 0 0 0 0.138449 0 0 0 0 0 0 0 0 0 0 0 0.138449 0 0 0.138449 -2.04491 0 0.814783 0 0 0 0 0 0.814783 0 0 
0 0 0 0 0 0 0.138449 0 0 0 0 0 0 0 0 0 0 0 0.138449 0 0.138449 0 -2.04491 0.814783 0 0 0 0 0 0 0.814783 0 
0 0 0 0 0 0 0 0.138449 0 0 0 0 0 0 0 0 0 0 0 0.138449 0 0.138449 0.138449 -1.64018 0 0 0 0 0 0 0 1.08638 
0 0 0 0 0 0 0 0 0.138449 0 0 0 0 0 0 0 0.138449 0 0 0 0 0 0 0 -1.90647 0.543189 0.543189 0 0.543189 0 0 0 
0 0 0 0 0 0 0 0 0 0.138449 0 0 0 0 0 0 0 0.138449 0 0 0 0 0 0 0.138449 -2.04491 0 0.814783 0 0.814783 0 0 
0 0 0 0 0 0 0 0 0 0 0.138449 0 0 0 0 0 0 0 0.138449 0 0 0 0 0 0.138449 0 -2.04491 0.814783 0 0 0.814783 0 
0 0 0 0 0 0 0 0 0 0 0 0.138449 0 0 0 0 0 0 0 0.138449 0 0 0 0 0 0.138449 0.138449 -1.64018 0 0 0 1.08638 
0 0 0 0 0 0 0 0 0 0 0 0 0.138449 0 0 0 0 0 0 0 0.138449 0 0 0 0.138449 0 0 0 -2.04491 0.814783 0.814783 0 
0 0 0 0 0 0 0 0 0 0 0 0 0 0.138449 0 0 0 0 0 0 0 0.138449 0 0 0 0.138449 0 0 0.138449 -1.64018 0 1.08638 
0 0 0 0 0 0 0 0 0 0 0 0 0 0 0.138449 0 0 0 0 0 0 0 0.138449 0 0 0 0.138449 0 0.138449 0 -1.64018 1.08638 
0 0 0 0 0 0 0 0 0 0 0 0 0 0 0 0.138449 0 0 0 0 0 0 0 0.138449 0 0 0 0.138449 0 0.138449 0.138449 -0.692247 
