32
-0 0 0 0 0 0 0 0 0 0 0 0 0 0 0 0 0 0 0 0 0 0 0 0 0 0 0 0 0 0 0 0 
0.43506 -2.2946 0 0.464886 0 0.464886 0 0 0 0.464886 0 0 0 0 0 0 0 0.464886 0 0 0 0 0 0 0 0 0 0 0 0 0 0 
0.43506 0 -2.2946 0.464886 0 0 0.464886 0 0 0 0.464886 0 0 0 0 0 0 0 0.464886 0 0 0 0 0 0 0 0 0 0 0 0 0 
0 0.43506 0.43506 -3.65944 0 0 0 0.929772 0 0 0 0.929772 0 0 0 0 0 0 0 0.929772 0 0 0 0 0 0 0 0 0 0 0 0 
0.43506 0 0 0 -2.2946 0.464886 0.464886 0 0 0 0 0 0.464886 0 0 0 0 0 0 0 0.464886 0 0 0 0 0 0 0 0 0 0 0 
0 0.43506 0 0 0.43506 -3.65944 0 0.929772 0 0 0 0 0 0.929772 0 0 0 0 0 0 0 0.929772 0 0 0 0 0 0 0 0 0 0 
0 0 0.43506 0 0.43506 0 -3.65944 0.929772 0 0 0 0 0 0 0.929772 0 0 0 0 0 0 0 0.929772 0 0 0 0 0 0 0 0 0 
0 0 0 0.43506 0 0.43506 0.43506 -4.0945 0 0 0 0 0 0 0 1.39466 0 0 0 0 0 0 0 1.39466 0 0 0 0 0 0 0 0 
0.43506 0 0 0 0 0 0 0 -2.2946 0.464886 0.464886 0 0.464886 0 0 0 0 0 0 0 0 0 0 0 0.464886 0 0 0 0 0 0 0 
0 0.43506 0 0 0 0 0 0 0.43506 -3.65944 0 0.929772 0 0.929772 0 0 0 0 0 0 0 0 0 0 0 0.929772 0 0 0 0 0 0 
0 0 0.43506 0 0 0 0 0 0.43506 0 -3.65944 0.929772 0 0 0.929772 0 0 0 0 0 0 0 0 0 0 0 0.929772 0 0 0 0 0 
0 0 0 0.43506 0 0 0 0 0 0.43506 0.43506 -4.0945 0 0 0 1.39466 0 0 0 0 0 0 0 0 0 0 0 1.39466 0 0 0 0 
0 0 0 0 0.43506 0 0 0 0.43506 0 0 0 -3.65944 0.929772 0.929772 0 0 0 0 0 0 0 0 0 0 0 0 0 0.929772 0 0 0 
0 0 0 0 0 0.43506 0 0 0 0.43506 0 0 0.43506 -4.0945 0 1.39466 0 0 0 0 0 0 0 0 0 0 0 0 0 1.39466 0 0 
0 0 0 0 0 0 0.43506 0 0 0 0.43506 0 0.43506 0 -4.0945 1.39466 0 0 0 0 0 0 0 0 0 0 0 0 0 0 1.39466 0 
0 0 0 0 0 0 0 0.43506 0 0 0 0.43506 0 0.43506 0.43506 -3.59979 0 0 0 0 0 0 0 0 0 0 0 0 0 0 0 1.85954 
0.43506 0 0 0 0 0 0 0 0 0 0 0 0 0 0 0 -2.2946 0.464886 0.464886 0 0.464886 0 0 0 0.464886 0 0 0 0 0 0 0 
0 0.43506 0 0 0 0 0 0 0 0 0 0 0 0 0 0 0.43506 -3.65944 0 0.929772 0 0.929772 0 0 0 0.929772 0 0 0 0 0 0 
0 0 0.43506 0 0 0 0 0 0 0 0 0 0 0 0 0 0.43506 0 -3.65944 0.929772 0 0 0.929772 0 0 0 0.929772 0 0 0 0 0 
0 0 0 0.43506 0 0 0 0 0 0 0 0 0 0 0 0 0 0.43506 0.43506 -4.0945 0 0 0 1.39466 0 0 0 1.39466 0 0 0 0 
0 0 0 0 0.43506 0 0 0 0 0 0 0 0 0 0 0 0.43506 0 0 0 -3.65944 0.929772 0.929772 0 0 0 0 0 0.929772 0 0 0 
0 0 0 0 0 0.43506 0 0 0 0 0 0 0 0 0 0 0 0.43506 0 0 0.43506 -4.0945 0 1.39466 0 0 0 0 0 1.39466 0 0 
0 0 0 0 0 0 0.43506 0 0 0 0 0 0 0 0 0 0 0 0.43506 0 0.43506 0 -4.0945 1.39466 0 0 0 0 0 0 1.39466 0 
0 0 0 0 0 0 0 0.43506 0 0 0 0 0 0 0 0 0 0 0 0.43506 0 0.43506 0.43506 -3.59979 0 0 0 0 0 0 0 1.85954 
0 0 0 0 0 0 0 0 0.43506 0 0 0 0 0 0 0 0.43506 0 0 0 0 0 0 0 -3.65944 0.929772 0.929772 0 0.929772 0 0 0 
0 0 0 0 0 0 0 0 0 0.43506 0 0 0 0 0 0 0 0.43506 0 0 0 0 0 0 0.43506 -4.0945 0 1.39466 0 1.39466 0 0 
0 0 0 0 0 0 0 0 0 0 0.43506 0 0 0 0 0 0 0 0.43506 0 0 0 0 0 0.43506 0 -4.0945 1.39466 0 0 1.39466 0 
0 0 0 0 0 0 0 0 0 0 0 0.43506 0 0 0 0 0 0 0 0.43506 0 0 0 0 0 0.43506 0.43506 -3.59979 0 0 0 1.85954 
0 0 0 0 0 0 0 0 0 0 0 0 0.43506 0 0 0 0 0 0 0 0.43506 0 0 0 0.43506 0 0 0 -4.0945 1.39466 1.39466 0 
0 0 0 0 0 0 0 0 0 0 0 0 0 0.43506 0 0 0 0 0 0 0 0.43506 0 0 0 0.43506 0 0 0.43506 -3.59979 0 1.85954 
0 0 0 0 0 0 0 0 0 0 0 0 0 0 0.43506 0 0 0 0 0 0 0 0.43506 0 0 0 0.43506 0 0.43506 0 -3.59979 1.85954 
0 0 0 0 0 0 0 0 0 0 0 0 0 0 0 0.43506 0 0 0 0 0 0 0 0.43506 0 0 0 0.43506 0 0.43506 0.43506 -2.1753 
