64
-0 0 0 0 0 0 0 0 0 0 0 0 0 0 0 0 0 0 0 0 0 0 0 0 0 0 0 0 0 0 0 0 0 0 0 0 0 0 0 0 0 0 0 0 0 0 0 0 0 0 0 0 0 0 0 0 0 0 0 0 0 0 0 0 
0.347137 -1.97884 0 0.326341 0 0.326341 0 0 0 0.326341 0 0 0 0 0 0 0 0.326341 0 0 0 0 0 0 0 0 0 0 0 0 0 0 0 0.326341 0 0 0 0 0 0 0 0 0 0 0 0 0 0 0 0 0 0 0 0 0 0 0 0 0 0 0 0 0 0 
0.347137 0 -1.97884 0.326341 0 0 0.326341 0 0 0 0.326341 0 0 0 0 0 0 0 0.326341 0 0 0 0 0 0 0 0 0 0 0 0 0 0 0 0.326341 0 0 0 0 0 0 0 0 0 0 0 0 0 0 0 0 0 0 0 0 0 0 0 0 0 0 0 0 0 
0 0.347137 0.347137 -3.305 0 0 0 0.652681 0 0 0 0.652681 0 0 0 0 0 0 0 0.652681 0 0 0 0 0 0 0 0 0 0 0 0 0 0 0 0.652681 0 0 0 0 0 0 0 0 0 0 0 0 0 0 0 0 0 0 0 0 0 0 0 0 0 0 0 0 
0.347137 0 0 0 -1.97884 0.326341 0.326341 0 0 0 0 0 0.326341 0 0 0 0 0 0 0 0.326341 0 0 0 0 0 0 0 0 0 0 0 0 0 0 0 0.326341 0 0 0 0 0 0 0 0 0 0 0 0 0 0 0 0 0 0 0 0 0 0 0 0 0 0 0 
0 0.347137 0 0 0.347137 -3.305 0 0.652681 0 0 0 0 0 0.652681 0 0 0 0 0 0 0 0.652681 0 0 0 0 0 0 0 0 0 0 0 0 0 0 0 0.652681 0 0 0 0 0 0 0 0 0 0 0 0 0 0 0 0 0 0 0 0 0 0 0 0 0 0 
0 0 0.347137 0 0.347137 0 -3.305 0.652681 0 0 0 0 0 0 0.652681 0 0 0 0 0 0 0 0.652681 0 0 0 0 0 0 0 0 0 0 0 0 0 0 0 0.652681 0 0 0 0 0 0 0 0 0 0 0 0 0 0 0 0 0 0 0 0 0 0 0 0 0 
0 0 0 0.347137 0 0.347137 0.347137 -3.97848 0 0 0 0 0 0 0 0.979022 0 0 0 0 0 0 0 0.979022 0 0 0 0 0 0 0 0 0 0 0 0 0 0 0 0.979022 0 0 0 0 0 0 0 0 0 0 0 0 0 0 0 0 0 0 0 0 0 0 0 0 
0.347137 0 0 0 0 0 0 0 -1.97884 0.326341 0.326341 0 0.326341 0 0 0 0 0 0 0 0 0 0 0 0.326341 0 0 0 0 0 0 0 0 0 0 0 0 0 0 0 0.326341 0 0 0 0 0 0 0 0 0 0 0 0 0 0 0 0 0 0 0 0 0 0 0 
0 0.347137 0 0 0 0 0 0 0.347137 -3.305 0 0.652681 0 0.652681 0 0 0 0 0 0 0 0 0 0 0 0.652681 0 0 0 0 0 0 0 0 0 0 0 0 0 0 0 0.652681 0 0 0 0 0 0 0 0 0 0 0 0 0 0 0 0 0 0 0 0 0 0 
0 0 0.347137 0 0 0 0 0 0.347137 0 -3.305 0.652681 0 0 0.652681 0 0 0 0 0 0 0 0 0 0 0 0.652681 0 0 0 0 0 0 0 0 0 0 0 0 0 0 0 0.652681 0 0 0 0 0 0 0 0 0 0 0 0 0 0 0 0 0 0 0 0 0 
0 0 0 0.347137 0 0 0 0 0 0.347137 0.347137 -3.97848 0 0 0 0.979022 0 0 0 0 0 0 0 0 0 0 0 0.979022 0 0 0 0 0 0 0 0 0 0 0 0 0 0 0 0.979022 0 0 0 0 0 0 0 0 0 0 0 0 0 0 0 0 0 0 0 0 
0 0 0 0 0.347137 0 0 0 0.347137 0 0 0 -3.305 0.652681 0.652681 0 0 0 0 0 0 0 0 0 0 0 0 0 0.652681 0 0 0 0 0 0 0 0 0 0 0 0 0 0 0 0.652681 0 0 0 0 0 0 0 0 0 0 0 0 0 0 0 0 0 0 0 
0 0 0 0 0 0.347137 0 0 0 0.347137 0 0 0.347137 -3.97848 0 0.979022 0 0 0 0 0 0 0 0 0 0 0 0 0 0.979022 0 0 0 0 0 0 0 0 0 0 0 0 0 0 0 0.979022 0 0 0 0 0 0 0 0 0 0 0 0 0 0 0 0 0 0 
0 0 0 0 0 0 0.347137 0 0 0 0.347137 0 0.347137 0 -3.97848 0.979022 0 0 0 0 0 0 0 0 0 0 0 0 0 0 0.979022 0 0 0 0 0 0 0 0 0 0 0 0 0 0 0 0.979022 0 0 0 0 0 0 0 0 0 0 0 0 0 0 0 0 0 
0 0 0 0 0 0 0 0.347137 0 0 0 0.347137 0 0.347137 0.347137 -3.99927 0 0 0 0 0 0 0 0 0 0 0 0 0 0 0 1.30536 0 0 0 0 0 0 0 0 0 0 0 0 0 0 0 1.30536 0 0 0 0 0 0 0 0 0 0 0 0 0 0 0 0 
0.347137 0 0 0 0 0 0 0 0 0 0 0 0 0 0 0 -1.97884 0.326341 0.326341 0 0.326341 0 0 0 0.326341 0 0 0 0 0 0 0 0 0 0 0 0 0 0 0 0 0 0 0 0 0 0 0 0.326341 0 0 0 0 0 0 0 0 0 0 0 0 0 0 0 
0 0.347137 0 0 0 0 0 0 0 0 0 0 0 0 0 0 0.347137 -3.305 0 0.652681 0 0.652681 0 0 0 0.652681 0 0 0 0 0 0 0 0 0 0 0 0 0 0 0 0 0 0 0 0 0 0 0 0.652681 0 0 0 0 0 0 0 0 0 0 0 0 0 0 
0 0 0.347137 0 0 0 0 0 0 0 0 0 0 0 0 0 0.347137 0 -3.305 0.652681 0 0 0.652681 0 0 0 0.652681 0 0 0 0 0 0 0 0 0 0 0 0 0 0 0 0 0 0 0 0 0 0 0 0.652681 0 0 0 0 0 0 0 0 0 0 0 0 0 
0 0 0 0.347137 0 0 0 0 0 0 0 0 0 0 0 0 0 0.347137 0.347137 -3.97848 0 0 0 0.979022 0 0 0 0.979022 0 0 0 0 0 0 0 0 0 0 0 0 0 0 0 0 0 0 0 0 0 0 0 0.979022 0 0 0 0 0 0 0 0 0 0 0 0 
0 0 0 0 0.347137 0 0 0 0 0 0 0 0 0 0 0 0.347137 0 0 0 -3.305 0.652681 0.652681 0 0 0 0 0 0.652681 0 0 0 0 0 0 0 0 0 0 0 0 0 0 0 0 0 0 0 0 0 0 0 0.652681 0 0 0 0 0 0 0 0 0 0 0 
0 0 0 0 0 0.347137 0 0 0 0 0 0 0 0 0 0 0 0.347137 0 0 0.347137 -3.97848 0 0.979022 0 0 0 0 0 0.979022 0 0 0 0 0 0 0 0 0 0 0 0 0 0 0 0 0 0 0 0 0 0 0 0.979022 0 0 0 0 0 0 0 0 0 0 
0 0 0 0 0 0 0.347137 0 0 0 0 0 0 0 0 0 0 0 0.347137 0 0.347137 0 -3.97848 0.979022 0 0 0 0 0 0 0.979022 0 0 0 0 0 0 0 0 0 0 0 0 0 0 0 0 0 0 0 0 0 0 0 0.979022 0 0 0 0 0 0 0 0 0 
0 0 0 0 0 0 0 0.347137 0 0 0 0 0 0 0 0 0 0 0 0.347137 0 0.347137 0.347137 -3.99927 0 0 0 0 0 0 0 1.30536 0 0 0 0 0 0 0 0 0 0 0 0 0 0 0 0 0 0 0 0 0 0 0 1.30536 0 0 0 0 0 0 0 0 
0 0 0 0 0 0 0 0 0.347137 0 0 0 0 0 0 0 0.347137 0 0 0 0 0 0 0 -3.305 0.652681 0.652681 0 0.652681 0 0 0 0 0 0 0 0 0 0 0 0 0 0 0 0 0 0 0 0 0 0 0 0 0 0 0 0.652681 0 0 0 0 0 0 0 
0 0 0 0 0 0 0 0 0 0.347137 0 0 0 0 0 0 0 0.347137 0 0 0 0 0 0 0.347137 -3.97848 0 0.979022 0 0.979022 0 0 0 0 0 0 0 0 0 0 0 0 0 0 0 0 0 0 0 0 0 0 0 0 0 0 0 0.979022 0 0 0 0 0 0 
0 0 0 0 0 0 0 0 0 0 0.347137 0 0 0 0 0 0 0 0.347137 0 0 0 0 0 0.347137 0 -3.97848 0.979022 0 0 0.979022 0 0 0 0 0 0 0 0 0 0 0 0 0 0 0 0 0 0 0 0 0 0 0 0 0 0 0 0.979022 0 0 0 0 0 
0 0 0 0 0 0 0 0 0 0 0 0.347137 0 0 0 0 0 0 0 0.347137 0 0 0 0 0 0.347137 0.347137 -3.99927 0 0 0 1.30536 0 0 0 0 0 0 0 0 0 0 0 0 0 0 0 0 0 0 0 0 0 0 0 0 0 0 0 1.30536 0 0 0 0 
0 0 0 0 0 0 0 0 0 0 0 0 0.347137 0 0 0 0 0 0 0 0.347137 0 0 0 0.347137 0 0 0 -3.97848 0.979022 0.979022 0 0 0 0 0 0 0 0 0 0 0 0 0 0 0 0 0 0 0 0 0 0 0 0 0 0 0 0 0 0.979022 0 0 0 
0 0 0 0 0 0 0 0 0 0 0 0 0 0.347137 0 0 0 0 0 0 0 0.347137 0 0 0 0.347137 0 0 0.347137 -3.99927 0 1.30536 0 0 0 0 0 0 0 0 0 0 0 0 0 0 0 0 0 0 0 0 0 0 0 0 0 0 0 0 0 1.30536 0 0 
0 0 0 0 0 0 0 0 0 0 0 0 0 0 0.347137 0 0 0 0 0 0 0 0.347137 0 0 0 0.347137 0 0.347137 0 -3.99927 1.30536 0 0 0 0 0 0 0 0 0 0 0 0 0 0 0 0 0 0 0 0 0 0 0 0 0 0 0 0 0 0 1.30536 0 
0 0 0 0 0 0 0 0 0 0 0 0 0 0 0 0.347137 0 0 0 0 0 0 0 0.347137 0 0 0 0.347137 0 0.347137 0.347137 -3.36739 0 0 0 0 0 0 0 0 0 0 0 0 0 0 0 0 0 0 0 0 0 0 0 0 0 0 0 0 0 0 0 1.6317 
0.347137 0 0 0 0 0 0 0 0 0 0 0 0 0 0 0 0 0 0 0 0 0 0 0 0 0 0 0 0 0 0 0 -1.97884 0.326341 0.326341 0 0.326341 0 0 0 0.326341 0 0 0 0 0 0 0 0.326341 0 0 0 0 0 0 0 0 0 0 0 0 0 0 0 
0 0.347137 0 0 0 0 0 0 0 0 0 0 0 0 0 0 0 0 0 0 0 0 0 0 0 0 0 0 0 0 0 0 0.347137 -3.305 0 0.652681 0 0.652681 0 0 0 0.652681 0 0 0 0 0 0 0 0.652681 0 0 0 0 0 0 0 0 0 0 0 0 0 0 
0 0 0.347137 0 0 0 0 0 0 0 0 0 0 0 0 0 0 0 0 0 0 0 0 0 0 0 0 0 0 0 0 0 0.347137 0 -3.305 0.652681 0 0 0.652681 0 0 0 0.652681 0 0 0 0 0 0 0 0.652681 0 0 0 0 0 0 0 0 0 0 0 0 0 
0 0 0 0.347137 0 0 0 0 0 0 0 0 0 0 0 0 0 0 0 0 0 0 0 0 0 0 0 0 0 0 0 0 0 0.347137 0.347137 -3.97848 0 0 0 0.979022 0 0 0 0.979022 0 0 0 0 0 0 0 0.979022 0 0 0 0 0 0 0 0 0 0 0 0 
0 0 0 0 0.347137 0 0 0 0 0 0 0 0 0 0 0 0 0 0 0 0 0 0 0 0 0 0 0 0 0 0 0 0.347137 0 0 0 -3.305 0.652681 0.652681 0 0 0 0 0 0.652681 0 0 0 0 0 0 0 0.652681 0 0 0 0 0 0 0 0 0 0 0 
0 0 0 0 0 0.347137 0 0 0 0 0 0 0 0 0 0 0 0 0 0 0 0 0 0 0 0 0 0 0 0 0 0 0 0.347137 0 0 0.347137 -3.97848 0 0.979022 0 0 0 0 0 0.979022 0 0 0 0 0 0 0 0.979022 0 0 0 0 0 0 0 0 0 0 
0 0 0 0 0 0 0.347137 0 0 0 0 0 0 0 0 0 0 0 0 0 0 0 0 0 0 0 0 0 0 0 0 0 0 0 0.347137 0 0.347137 0 -3.97848 0.979022 0 0 0 0 0 0 0.979022 0 0 0 0 0 0 0 0.979022 0 0 0 0 0 0 0 0 0 
0 0 0 0 0 0 0 0.347137 0 0 0 0 0 0 0 0 0 0 0 0 0 0 0 0 0 0 0 0 0 0 0 0 0 0 0 0.347137 0 0.347137 0.347137 -3.99927 0 0 0 0 0 0 0 1.30536 0 0 0 0 0 0 0 1.30536 0 0 0 0 0 0 0 0 
0 0 0 0 0 0 0 0 0.347137 0 0 0 0 0 0 0 0 0 0 0 0 0 0 0 0 0 0 0 0 0 0 0 0.347137 0 0 0 0 0 0 0 -3.305 0.652681 0.652681 0 0.652681 0 0 0 0 0 0 0 0 0 0 0 0.652681 0 0 0 0 0 0 0 
0 0 0 0 0 0 0 0 0 0.347137 0 0 0 0 0 0 0 0 0 0 0 0 0 0 0 0 0 0 0 0 0 0 0 0.347137 0 0 0 0 0 0 0.347137 -3.97848 0 0.979022 0 0.979022 0 0 0 0 0 0 0 0 0 0 0 0.979022 0 0 0 0 0 0 
0 0 0 0 0 0 0 0 0 0 0.347137 0 0 0 0 0 0 0 0 0 0 0 0 0 0 0 0 0 0 0 0 0 0 0 0.347137 0 0 0 0 0 0.347137 0 -3.97848 0.979022 0 0 0.979022 0 0 0 0 0 0 0 0 0 0 0 0.979022 0 0 0 0 0 
0 0 0 0 0 0 0 0 0 0 0 0.347137 0 0 0 0 0 0 0 0 0 0 0 0 0 0 0 0 0 0 0 0 0 0 0 0.347137 0 0 0 0 0 0.347137 0.347137 -3.99927 0 0 0 1.30536 0 0 0 0 0 0 0 0 0 0 0 1.30536 0 0 0 0 
0 0 0 0 0 0 0 0 0 0 0 0 0.347137 0 0 0 0 0 0 0 0 0 0 0 0 0 0 0 0 0 0 0 0 0 0 0 0.347137 0 0 0 0.347137 0 0 0 -3.97848 0.979022 0.979022 0 0 0 0 0 0 0 0 0 0 0 0 0 0.979022 0 0 0 
0 0 0 0 0 0 0 0 0 0 0 0 0 0.347137 0 0 0 0 0 0 0 0 0 0 0 0 0 0 0 0 0 0 0 0 0 0 0 0.347137 0 0 0 0.347137 0 0 0.347137 -3.99927 0 1.30536 0 0 0 0 0 0 0 0 0 0 0 0 0 1.30536 0 0 
0 0 0 0 0 0 0 0 0 0 0 0 0 0 0.347137 0 0 0 0 0 0 0 0 0 0 0 0 0 0 0 0 0 0 0 0 0 0 0 0.347137 0 0 0 0.347137 0 0.347137 0 -3.99927 1.30536 0 0 0 0 0 0 0 0 0 0 0 0 0 0 1.30536 0 
0 0 0 0 0 0 0 0 0 0 0 0 0 0 0 0.347137 0 0 0 0 0 0 0 0 0 0 0 0 0 0 0 0 0 0 0 0 0 0 0 0.347137 0 0 0 0.347137 0 0.347137 0.347137 -3.36739 0 0 0 0 0 0 0 0 0 0 0 0 0 0 0 1.6317 
0 0 0 0 0 0 0 0 0 0 0 0 0 0 0 0 0.347137 0 0 0 0 0 0 0 0 0 0 0 0 0 0 0 0.347137 0 0 0 0 0 0 0 0 0 0 0 0 0 0 0 -3.305 0.652681 0.652681 0 0.652681 0 0 0 0.652681 0 0 0 0 0 0 0 
0 0 0 0 0 0 0 0 0 0 0 0 0 0 0 0 0 0.347137 0 0 0 0 0 0 0 0 0 0 0 0 0 0 0 0.347137 0 0 0 0 0 0 0 0 0 0 0 0 0 0 0.347137 -3.97848 0 0.979022 0 0.979022 0 0 0 0.979022 0 0 0 0 0 0 
0 0 0 0 0 0 0 0 0 0 0 0 0 0 0 0 0 0 0.347137 0 0 0 0 0 0 0 0 0 0 0 0 0 0 0 0.347137 0 0 0 0 0 0 0 0 0 0 0 0 0 0.347137 0 -3.97848 0.979022 0 0 0.979022 0 0 0 0.979022 0 0 0 0 0 
0 0 0 0 0 0 0 0 0 0 0 0 0 0 0 0 0 0 0 0.347137 0 0 0 0 0 0 0 0 0 0 0 0 0 0 0 0.347137 0 0 0 0 0 0 0 0 0 0 0 0 0 0.347137 0.347137 -3.99927 0 0 0 1.30536 0 0 0 1.30536 0 0 0 0 
0 0 0 0 0 0 0 0 0 0 0 0 0 0 0 0 0 0 0 0 0.347137 0 0 0 0 0 0 0 0 0 0 0 0 0 0 0 0.347137 0 0 0 0 0 0 0 0 0 0 0 0.347137 0 0 0 -3.97848 0.979022 0.979022 0 0 0 0 0 0.979022 0 0 0 
0 0 0 0 0 0 0 0 0 0 0 0 0 0 0 0 0 0 0 0 0 0.347137 0 0 0 0 0 0 0 0 0 0 0 0 0 0 0 0.347137 0 0 0 0 0 0 0 0 0 0 0 0.347137 0 0 0.347137 -3.99927 0 1.30536 0 0 0 0 0 1.30536 0 0 
0 0 0 0 0 0 0 0 0 0 0 0 0 0 0 0 0 0 0 0 0 0 0.347137 0 0 0 0 0 0 0 0 0 0 0 0 0 0 0 0.347137 0 0 0 0 0 0 0 0 0 0 0 0.347137 0 0.347137 0 -3.99927 1.30536 0 0 0 0 0 0 1.30536 0 
0 0 0 0 0 0 0 0 0 0 0 0 0 0 0 0 0 0 0 0 0 0 0 0.347137 0 0 0 0 0 0 0 0 0 0 0 0 0 0 0 0.347137 0 0 0 0 0 0 0 0 0 0 0 0.347137 0 0.347137 0.347137 -3.36739 0 0 0 0 0 0 0 1.6317 
0 0 0 0 0 0 0 0 0 0 0 0 0 0 0 0 0 0 0 0 0 0 0 0 0.347137 0 0 0 0 0 0 0 0 0 0 0 0 0 0 0 0.347137 0 0 0 0 0 0 0 0.347137 0 0 0 0 0 0 0 -3.97848 0.979022 0.979022 0 0.979022 0 0 0 
0 0 0 0 0 0 0 0 0 0 0 0 0 0 0 0 0 0 0 0 0 0 0 0 0 0.347137 0 0 0 0 0 0 0 0 0 0 0 0 0 0 0 0.347137 0 0 0 0 0 0 0 0.347137 0 0 0 0 0 0 0.347137 -3.99927 0 1.30536 0 1.30536 0 0 
0 0 0 0 0 0 0 0 0 0 0 0 0 0 0 0 0 0 0 0 0 0 0 0 0 0 0.347137 0 0 0 0 0 0 0 0 0 0 0 0 0 0 0 0.347137 0 0 0 0 0 0 0 0.347137 0 0 0 0 0 0.347137 0 -3.99927 1.30536 0 0 1.30536 0 
0 0 0 0 0 0 0 0 0 0 0 0 0 0 0 0 0 0 0 0 0 0 0 0 0 0 0 0.347137 0 0 0 0 0 0 0 0 0 0 0 0 0 0 0 0.347137 0 0 0 0 0 0 0 0.347137 0 0 0 0 0 0.347137 0.347137 -3.36739 0 0 0 1.6317 
0 0 0 0 0 0 0 0 0 0 0 0 0 0 0 0 0 0 0 0 0 0 0 0 0 0 0 0 0.347137 0 0 0 0 0 0 0 0 0 0 0 0 0 0 0 0.347137 0 0 0 0 0 0 0 0.347137 0 0 0 0.347137 0 0 0 -3.99927 1.30536 1.30536 0 
0 0 0 0 0 0 0 0 0 0 0 0 0 0 0 0 0 0 0 0 0 0 0 0 0 0 0 0 0 0.347137 0 0 0 0 0 0 0 0 0 0 0 0 0 0 0 0.347137 0 0 0 0 0 0 0 0.347137 0 0 0 0.347137 0 0 0.347137 -3.36739 0 1.6317 
0 0 0 0 0 0 0 0 0 0 0 0 0 0 0 0 0 0 0 0 0 0 0 0 0 0 0 0 0 0 0.347137 0 0 0 0 0 0 0 0 0 0 0 0 0 0 0 0.347137 0 0 0 0 0 0 0 0.347137 0 0 0 0.347137 0 0.347137 0 -3.36739 1.6317 
0 0 0 0 0 0 0 0 0 0 0 0 0 0 0 0 0 0 0 0 0 0 0 0 0 0 0 0 0 0 0 0.347137 0 0 0 0 0 0 0 0 0 0 0 0 0 0 0 0.347137 0 0 0 0 0 0 0 0.347137 0 0 0 0.347137 0 0.347137 0.347137 -2.08282 
