64
-0 0 0 0 0 0 0 0 0 0 0 0 0 0 0 0 0 0 0 0 0 0 0 0 0 0 0 0 0 0 0 0 0 0 0 0 0 0 0 0 0 0 0 0 0 0 0 0 0 0 0 0 0 0 0 0 0 0 0 0 0 0 0 0 
0.554006 -2.74896 0 0.438991 0 0.438991 0 0 0 0.438991 0 0 0 0 0 0 0 0.438991 0 0 0 0 0 0 0 0 0 0 0 0 0 0 0 0.438991 0 0 0 0 0 0 0 0 0 0 0 0 0 0 0 0 0 0 0 0 0 0 0 0 0 0 0 0 0 0 
0.554006 0 -2.74896 0.438991 0 0 0.438991 0 0 0 0.438991 0 0 0 0 0 0 0 0.438991 0 0 0 0 0 0 0 0 0 0 0 0 0 0 0 0.438991 0 0 0 0 0 0 0 0 0 0 0 0 0 0 0 0 0 0 0 0 0 0 0 0 0 0 0 0 0 
0 0.554006 0.554006 -4.61994 0 0 0 0.877982 0 0 0 0.877982 0 0 0 0 0 0 0 0.877982 0 0 0 0 0 0 0 0 0 0 0 0 0 0 0 0.877982 0 0 0 0 0 0 0 0 0 0 0 0 0 0 0 0 0 0 0 0 0 0 0 0 0 0 0 0 
0.554006 0 0 0 -2.74896 0.438991 0.438991 0 0 0 0 0 0.438991 0 0 0 0 0 0 0 0.438991 0 0 0 0 0 0 0 0 0 0 0 0 0 0 0 0.438991 0 0 0 0 0 0 0 0 0 0 0 0 0 0 0 0 0 0 0 0 0 0 0 0 0 0 0 
0 0.554006 0 0 0.554006 -4.61994 0 0.877982 0 0 0 0 0 0.877982 0 0 0 0 0 0 0 0.877982 0 0 0 0 0 0 0 0 0 0 0 0 0 0 0 0.877982 0 0 0 0 0 0 0 0 0 0 0 0 0 0 0 0 0 0 0 0 0 0 0 0 0 0 
0 0 0.554006 0 0.554006 0 -4.61994 0.877982 0 0 0 0 0 0 0.877982 0 0 0 0 0 0 0 0.877982 0 0 0 0 0 0 0 0 0 0 0 0 0 0 0 0.877982 0 0 0 0 0 0 0 0 0 0 0 0 0 0 0 0 0 0 0 0 0 0 0 0 0 
0 0 0 0.554006 0 0.554006 0.554006 -5.61294 0 0 0 0 0 0 0 1.31697 0 0 0 0 0 0 0 1.31697 0 0 0 0 0 0 0 0 0 0 0 0 0 0 0 1.31697 0 0 0 0 0 0 0 0 0 0 0 0 0 0 0 0 0 0 0 0 0 0 0 0 
0.554006 0 0 0 0 0 0 0 -2.74896 0.438991 0.438991 0 0.438991 0 0 0 0 0 0 0 0 0 0 0 0.438991 0 0 0 0 0 0 0 0 0 0 0 0 0 0 0 0.438991 0 0 0 0 0 0 0 0 0 0 0 0 0 0 0 0 0 0 0 0 0 0 0 
0 0.554006 0 0 0 0 0 0 0.554006 -4.61994 0 0.877982 0 0.877982 0 0 0 0 0 0 0 0 0 0 0 0.877982 0 0 0 0 0 0 0 0 0 0 0 0 0 0 0 0.877982 0 0 0 0 0 0 0 0 0 0 0 0 0 0 0 0 0 0 0 0 0 0 
0 0 0.554006 0 0 0 0 0 0.554006 0 -4.61994 0.877982 0 0 0.877982 0 0 0 0 0 0 0 0 0 0 0 0.877982 0 0 0 0 0 0 0 0 0 0 0 0 0 0 0 0.877982 0 0 0 0 0 0 0 0 0 0 0 0 0 0 0 0 0 0 0 0 0 
0 0 0 0.554006 0 0 0 0 0 0.554006 0.554006 -5.61294 0 0 0 1.31697 0 0 0 0 0 0 0 0 0 0 0 1.31697 0 0 0 0 0 0 0 0 0 0 0 0 0 0 0 1.31697 0 0 0 0 0 0 0 0 0 0 0 0 0 0 0 0 0 0 0 0 
0 0 0 0 0.554006 0 0 0 0.554006 0 0 0 -4.61994 0.877982 0.877982 0 0 0 0 0 0 0 0 0 0 0 0 0 0.877982 0 0 0 0 0 0 0 0 0 0 0 0 0 0 0 0.877982 0 0 0 0 0 0 0 0 0 0 0 0 0 0 0 0 0 0 0 
0 0 0 0 0 0.554006 0 0 0 0.554006 0 0 0.554006 -5.61294 0 1.31697 0 0 0 0 0 0 0 0 0 0 0 0 0 1.31697 0 0 0 0 0 0 0 0 0 0 0 0 0 0 0 1.31697 0 0 0 0 0 0 0 0 0 0 0 0 0 0 0 0 0 0 
0 0 0 0 0 0 0.554006 0 0 0 0.554006 0 0.554006 0 -5.61294 1.31697 0 0 0 0 0 0 0 0 0 0 0 0 0 0 1.31697 0 0 0 0 0 0 0 0 0 0 0 0 0 0 0 1.31697 0 0 0 0 0 0 0 0 0 0 0 0 0 0 0 0 0 
0 0 0 0 0 0 0 0.554006 0 0 0 0.554006 0 0.554006 0.554006 -5.72795 0 0 0 0 0 0 0 0 0 0 0 0 0 0 0 1.75596 0 0 0 0 0 0 0 0 0 0 0 0 0 0 0 1.75596 0 0 0 0 0 0 0 0 0 0 0 0 0 0 0 0 
0.554006 0 0 0 0 0 0 0 0 0 0 0 0 0 0 0 -2.74896 0.438991 0.438991 0 0.438991 0 0 0 0.438991 0 0 0 0 0 0 0 0 0 0 0 0 0 0 0 0 0 0 0 0 0 0 0 0.438991 0 0 0 0 0 0 0 0 0 0 0 0 0 0 0 
0 0.554006 0 0 0 0 0 0 0 0 0 0 0 0 0 0 0.554006 -4.61994 0 0.877982 0 0.877982 0 0 0 0.877982 0 0 0 0 0 0 0 0 0 0 0 0 0 0 0 0 0 0 0 0 0 0 0 0.877982 0 0 0 0 0 0 0 0 0 0 0 0 0 0 
0 0 0.554006 0 0 0 0 0 0 0 0 0 0 0 0 0 0.554006 0 -4.61994 0.877982 0 0 0.877982 0 0 0 0.877982 0 0 0 0 0 0 0 0 0 0 0 0 0 0 0 0 0 0 0 0 0 0 0 0.877982 0 0 0 0 0 0 0 0 0 0 0 0 0 
0 0 0 0.554006 0 0 0 0 0 0 0 0 0 0 0 0 0 0.554006 0.554006 -5.61294 0 0 0 1.31697 0 0 0 1.31697 0 0 0 0 0 0 0 0 0 0 0 0 0 0 0 0 0 0 0 0 0 0 0 1.31697 0 0 0 0 0 0 0 0 0 0 0 0 
0 0 0 0 0.554006 0 0 0 0 0 0 0 0 0 0 0 0.554006 0 0 0 -4.61994 0.877982 0.877982 0 0 0 0 0 0.877982 0 0 0 0 0 0 0 0 0 0 0 0 0 0 0 0 0 0 0 0 0 0 0 0.877982 0 0 0 0 0 0 0 0 0 0 0 
0 0 0 0 0 0.554006 0 0 0 0 0 0 0 0 0 0 0 0.554006 0 0 0.554006 -5.61294 0 1.31697 0 0 0 0 0 1.31697 0 0 0 0 0 0 0 0 0 0 0 0 0 0 0 0 0 0 0 0 0 0 0 1.31697 0 0 0 0 0 0 0 0 0 0 
0 0 0 0 0 0 0.554006 0 0 0 0 0 0 0 0 0 0 0 0.554006 0 0.554006 0 -5.61294 1.31697 0 0 0 0 0 0 1.31697 0 0 0 0 0 0 0 0 0 0 0 0 0 0 0 0 0 0 0 0 0 0 0 1.31697 0 0 0 0 0 0 0 0 0 
0 0 0 0 0 0 0 0.554006 0 0 0 0 0 0 0 0 0 0 0 0.554006 0 0.554006 0.554006 -5.72795 0 0 0 0 0 0 0 1.75596 0 0 0 0 0 0 0 0 0 0 0 0 0 0 0 0 0 0 0 0 0 0 0 1.75596 0 0 0 0 0 0 0 0 
0 0 0 0 0 0 0 0 0.554006 0 0 0 0 0 0 0 0.554006 0 0 0 0 0 0 0 -4.61994 0.877982 0.877982 0 0.877982 0 0 0 0 0 0 0 0 0 0 0 0 0 0 0 0 0 0 0 0 0 0 0 0 0 0 0 0.877982 0 0 0 0 0 0 0 
0 0 0 0 0 0 0 0 0 0.554006 0 0 0 0 0 0 0 0.554006 0 0 0 0 0 0 0.554006 -5.61294 0 1.31697 0 1.31697 0 0 0 0 0 0 0 0 0 0 0 0 0 0 0 0 0 0 0 0 0 0 0 0 0 0 0 1.31697 0 0 0 0 0 0 
0 0 0 0 0 0 0 0 0 0 0.554006 0 0 0 0 0 0 0 0.554006 0 0 0 0 0 0.554006 0 -5.61294 1.31697 0 0 1.31697 0 0 0 0 0 0 0 0 0 0 0 0 0 0 0 0 0 0 0 0 0 0 0 0 0 0 0 1.31697 0 0 0 0 0 
0 0 0 0 0 0 0 0 0 0 0 0.554006 0 0 0 0 0 0 0 0.554006 0 0 0 0 0 0.554006 0.554006 -5.72795 0 0 0 1.75596 0 0 0 0 0 0 0 0 0 0 0 0 0 0 0 0 0 0 0 0 0 0 0 0 0 0 0 1.75596 0 0 0 0 
0 0 0 0 0 0 0 0 0 0 0 0 0.554006 0 0 0 0 0 0 0 0.554006 0 0 0 0.554006 0 0 0 -5.61294 1.31697 1.31697 0 0 0 0 0 0 0 0 0 0 0 0 0 0 0 0 0 0 0 0 0 0 0 0 0 0 0 0 0 1.31697 0 0 0 
0 0 0 0 0 0 0 0 0 0 0 0 0 0.554006 0 0 0 0 0 0 0 0.554006 0 0 0 0.554006 0 0 0.554006 -5.72795 0 1.75596 0 0 0 0 0 0 0 0 0 0 0 0 0 0 0 0 0 0 0 0 0 0 0 0 0 0 0 0 0 1.75596 0 0 
0 0 0 0 0 0 0 0 0 0 0 0 0 0 0.554006 0 0 0 0 0 0 0 0.554006 0 0 0 0.554006 0 0.554006 0 -5.72795 1.75596 0 0 0 0 0 0 0 0 0 0 0 0 0 0 0 0 0 0 0 0 0 0 0 0 0 0 0 0 0 0 1.75596 0 
0 0 0 0 0 0 0 0 0 0 0 0 0 0 0 0.554006 0 0 0 0 0 0 0 0.554006 0 0 0 0.554006 0 0.554006 0.554006 -4.96499 0 0 0 0 0 0 0 0 0 0 0 0 0 0 0 0 0 0 0 0 0 0 0 0 0 0 0 0 0 0 0 2.19496 
0.554006 0 0 0 0 0 0 0 0 0 0 0 0 0 0 0 0 0 0 0 0 0 0 0 0 0 0 0 0 0 0 0 -2.74896 0.438991 0.438991 0 0.438991 0 0 0 0.438991 0 0 0 0 0 0 0 0.438991 0 0 0 0 0 0 0 0 0 0 0 0 0 0 0 
0 0.554006 0 0 0 0 0 0 0 0 0 0 0 0 0 0 0 0 0 0 0 0 0 0 0 0 0 0 0 0 0 0 0.554006 -4.61994 0 0.877982 0 0.877982 0 0 0 0.877982 0 0 0 0 0 0 0 0.877982 0 0 0 0 0 0 0 0 0 0 0 0 0 0 
0 0 0.554006 0 0 0 0 0 0 0 0 0 0 0 0 0 0 0 0 0 0 0 0 0 0 0 0 0 0 0 0 0 0.554006 0 -4.61994 0.877982 0 0 0.877982 0 0 0 0.877982 0 0 0 0 0 0 0 0.877982 0 0 0 0 0 0 0 0 0 0 0 0 0 
0 0 0 0.554006 0 0 0 0 0 0 0 0 0 0 0 0 0 0 0 0 0 0 0 0 0 0 0 0 0 0 0 0 0 0.554006 0.554006 -5.61294 0 0 0 1.31697 0 0 0 1.31697 0 0 0 0 0 0 0 1.31697 0 0 0 0 0 0 0 0 0 0 0 0 
0 0 0 0 0.554006 0 0 0 0 0 0 0 0 0 0 0 0 0 0 0 0 0 0 0 0 0 0 0 0 0 0 0 0.554006 0 0 0 -4.61994 0.877982 0.877982 0 0 0 0 0 0.877982 0 0 0 0 0 0 0 0.877982 0 0 0 0 0 0 0 0 0 0 0 
0 0 0 0 0 0.554006 0 0 0 0 0 0 0 0 0 0 0 0 0 0 0 0 0 0 0 0 0 0 0 0 0 0 0 0.554006 0 0 0.554006 -5.61294 0 1.31697 0 0 0 0 0 1.31697 0 0 0 0 0 0 0 1.31697 0 0 0 0 0 0 0 0 0 0 
0 0 0 0 0 0 0.554006 0 0 0 0 0 0 0 0 0 0 0 0 0 0 0 0 0 0 0 0 0 0 0 0 0 0 0 0.554006 0 0.554006 0 -5.61294 1.31697 0 0 0 0 0 0 1.31697 0 0 0 0 0 0 0 1.31697 0 0 0 0 0 0 0 0 0 
0 0 0 0 0 0 0 0.554006 0 0 0 0 0 0 0 0 0 0 0 0 0 0 0 0 0 0 0 0 0 0 0 0 0 0 0 0.554006 0 0.554006 0.554006 -5.72795 0 0 0 0 0 0 0 1.75596 0 0 0 0 0 0 0 1.75596 0 0 0 0 0 0 0 0 
0 0 0 0 0 0 0 0 0.554006 0 0 0 0 0 0 0 0 0 0 0 0 0 0 0 0 0 0 0 0 0 0 0 0.554006 0 0 0 0 0 0 0 -4.61994 0.877982 0.877982 0 0.877982 0 0 0 0 0 0 0 0 0 0 0 0.877982 0 0 0 0 0 0 0 
0 0 0 0 0 0 0 0 0 0.554006 0 0 0 0 0 0 0 0 0 0 0 0 0 0 0 0 0 0 0 0 0 0 0 0.554006 0 0 0 0 0 0 0.554006 -5.61294 0 1.31697 0 1.31697 0 0 0 0 0 0 0 0 0 0 0 1.31697 0 0 0 0 0 0 
0 0 0 0 0 0 0 0 0 0 0.554006 0 0 0 0 0 0 0 0 0 0 0 0 0 0 0 0 0 0 0 0 0 0 0 0.554006 0 0 0 0 0 0.554006 0 -5.61294 1.31697 0 0 1.31697 0 0 0 0 0 0 0 0 0 0 0 1.31697 0 0 0 0 0 
0 0 0 0 0 0 0 0 0 0 0 0.554006 0 0 0 0 0 0 0 0 0 0 0 0 0 0 0 0 0 0 0 0 0 0 0 0.554006 0 0 0 0 0 0.554006 0.554006 -5.72795 0 0 0 1.75596 0 0 0 0 0 0 0 0 0 0 0 1.75596 0 0 0 0 
0 0 0 0 0 0 0 0 0 0 0 0 0.554006 0 0 0 0 0 0 0 0 0 0 0 0 0 0 0 0 0 0 0 0 0 0 0 0.554006 0 0 0 0.554006 0 0 0 -5.61294 1.31697 1.31697 0 0 0 0 0 0 0 0 0 0 0 0 0 1.31697 0 0 0 
0 0 0 0 0 0 0 0 0 0 0 0 0 0.554006 0 0 0 0 0 0 0 0 0 0 0 0 0 0 0 0 0 0 0 0 0 0 0 0.554006 0 0 0 0.554006 0 0 0.554006 -5.72795 0 1.75596 0 0 0 0 0 0 0 0 0 0 0 0 0 1.75596 0 0 
0 0 0 0 0 0 0 0 0 0 0 0 0 0 0.554006 0 0 0 0 0 0 0 0 0 0 0 0 0 0 0 0 0 0 0 0 0 0 0 0.554006 0 0 0 0.554006 0 0.554006 0 -5.72795 1.75596 0 0 0 0 0 0 0 0 0 0 0 0 0 0 1.75596 0 
0 0 0 0 0 0 0 0 0 0 0 0 0 0 0 0.554006 0 0 0 0 0 0 0 0 0 0 0 0 0 0 0 0 0 0 0 0 0 0 0 0.554006 0 0 0 0.554006 0 0.554006 0.554006 -4.96499 0 0 0 0 0 0 0 0 0 0 0 0 0 0 0 2.19496 
0 0 0 0 0 0 0 0 0 0 0 0 0 0 0 0 0.554006 0 0 0 0 0 0 0 0 0 0 0 0 0 0 0 0.554006 0 0 0 0 0 0 0 0 0 0 0 0 0 0 0 -4.61994 0.877982 0.877982 0 0.877982 0 0 0 0.877982 0 0 0 0 0 0 0 
0 0 0 0 0 0 0 0 0 0 0 0 0 0 0 0 0 0.554006 0 0 0 0 0 0 0 0 0 0 0 0 0 0 0 0.554006 0 0 0 0 0 0 0 0 0 0 0 0 0 0 0.554006 -5.61294 0 1.31697 0 1.31697 0 0 0 1.31697 0 0 0 0 0 0 
0 0 0 0 0 0 0 0 0 0 0 0 0 0 0 0 0 0 0.554006 0 0 0 0 0 0 0 0 0 0 0 0 0 0 0 0.554006 0 0 0 0 0 0 0 0 0 0 0 0 0 0.554006 0 -5.61294 1.31697 0 0 1.31697 0 0 0 1.31697 0 0 0 0 0 
0 0 0 0 0 0 0 0 0 0 0 0 0 0 0 0 0 0 0 0.554006 0 0 0 0 0 0 0 0 0 0 0 0 0 0 0 0.554006 0 0 0 0 0 0 0 0 0 0 0 0 0 0.554006 0.554006 -5.72795 0 0 0 1.75596 0 0 0 1.75596 0 0 0 0 
0 0 0 0 0 0 0 0 0 0 0 0 0 0 0 0 0 0 0 0 0.554006 0 0 0 0 0 0 0 0 0 0 0 0 0 0 0 0.554006 0 0 0 0 0 0 0 0 0 0 0 0.554006 0 0 0 -5.61294 1.31697 1.31697 0 0 0 0 0 1.31697 0 0 0 
0 0 0 0 0 0 0 0 0 0 0 0 0 0 0 0 0 0 0 0 0 0.554006 0 0 0 0 0 0 0 0 0 0 0 0 0 0 0 0.554006 0 0 0 0 0 0 0 0 0 0 0 0.554006 0 0 0.554006 -5.72795 0 1.75596 0 0 0 0 0 1.75596 0 0 
0 0 0 0 0 0 0 0 0 0 0 0 0 0 0 0 0 0 0 0 0 0 0.554006 0 0 0 0 0 0 0 0 0 0 0 0 0 0 0 0.554006 0 0 0 0 0 0 0 0 0 0 0 0.554006 0 0.554006 0 -5.72795 1.75596 0 0 0 0 0 0 1.75596 0 
0 0 0 0 0 0 0 0 0 0 0 0 0 0 0 0 0 0 0 0 0 0 0 0.554006 0 0 0 0 0 0 0 0 0 0 0 0 0 0 0 0.554006 0 0 0 0 0 0 0 0 0 0 0 0.554006 0 0.554006 0.554006 -4.96499 0 0 0 0 0 0 0 2.19496 
0 0 0 0 0 0 0 0 0 0 0 0 0 0 0 0 0 0 0 0 0 0 0 0 0.554006 0 0 0 0 0 0 0 0 0 0 0 0 0 0 0 0.554006 0 0 0 0 0 0 0 0.554006 0 0 0 0 0 0 0 -5.61294 1.31697 1.31697 0 1.31697 0 0 0 
0 0 0 0 0 0 0 0 0 0 0 0 0 0 0 0 0 0 0 0 0 0 0 0 0 0.554006 0 0 0 0 0 0 0 0 0 0 0 0 0 0 0 0.554006 0 0 0 0 0 0 0 0.554006 0 0 0 0 0 0 0.554006 -5.72795 0 1.75596 0 1.75596 0 0 
0 0 0 0 0 0 0 0 0 0 0 0 0 0 0 0 0 0 0 0 0 0 0 0 0 0 0.554006 0 0 0 0 0 0 0 0 0 0 0 0 0 0 0 0.554006 0 0 0 0 0 0 0 0.554006 0 0 0 0 0 0.554006 0 -5.72795 1.75596 0 0 1.75596 0 
0 0 0 0 0 0 0 0 0 0 0 0 0 0 0 0 0 0 0 0 0 0 0 0 0 0 0 0.554006 0 0 0 0 0 0 0 0 0 0 0 0 0 0 0 0.554006 0 0 0 0 0 0 0 0.554006 0 0 0 0 0 0.554006 0.554006 -4.96499 0 0 0 2.19496 
0 0 0 0 0 0 0 0 0 0 0 0 0 0 0 0 0 0 0 0 0 0 0 0 0 0 0 0 0.554006 0 0 0 0 0 0 0 0 0 0 0 0 0 0 0 0.554006 0 0 0 0 0 0 0 0.554006 0 0 0 0.554006 0 0 0 -5.72795 1.75596 1.75596 0 
0 0 0 0 0 0 0 0 0 0 0 0 0 0 0 0 0 0 0 0 0 0 0 0 0 0 0 0 0 0.554006 0 0 0 0 0 0 0 0 0 0 0 0 0 0 0 0.554006 0 0 0 0 0 0 0 0.554006 0 0 0 0.554006 0 0 0.554006 -4.96499 0 2.19496 
0 0 0 0 0 0 0 0 0 0 0 0 0 0 0 0 0 0 0 0 0 0 0 0 0 0 0 0 0 0 0.554006 0 0 0 0 0 0 0 0 0 0 0 0 0 0 0 0.554006 0 0 0 0 0 0 0 0.554006 0 0 0 0.554006 0 0.554006 0 -4.96499 2.19496 
0 0 0 0 0 0 0 0 0 0 0 0 0 0 0 0 0 0 0 0 0 0 0 0 0 0 0 0 0 0 0 0.554006 0 0 0 0 0 0 0 0 0 0 0 0 0 0 0 0.554006 0 0 0 0 0 0 0 0.554006 0 0 0 0.554006 0 0.554006 0.554006 -3.32404 
