64
-0 0 0 0 0 0 0 0 0 0 0 0 0 0 0 0 0 0 0 0 0 0 0 0 0 0 0 0 0 0 0 0 0 0 0 0 0 0 0 0 0 0 0 0 0 0 0 0 0 0 0 0 0 0 0 0 0 0 0 0 0 0 0 0 
0.476136 -2.42842 0 0.390457 0 0.390457 0 0 0 0.390457 0 0 0 0 0 0 0 0.390457 0 0 0 0 0 0 0 0 0 0 0 0 0 0 0 0.390457 0 0 0 0 0 0 0 0 0 0 0 0 0 0 0 0 0 0 0 0 0 0 0 0 0 0 0 0 0 0 
0.476136 0 -2.42842 0.390457 0 0 0.390457 0 0 0 0.390457 0 0 0 0 0 0 0 0.390457 0 0 0 0 0 0 0 0 0 0 0 0 0 0 0 0.390457 0 0 0 0 0 0 0 0 0 0 0 0 0 0 0 0 0 0 0 0 0 0 0 0 0 0 0 0 0 
0 0.476136 0.476136 -4.07593 0 0 0 0.780915 0 0 0 0.780915 0 0 0 0 0 0 0 0.780915 0 0 0 0 0 0 0 0 0 0 0 0 0 0 0 0.780915 0 0 0 0 0 0 0 0 0 0 0 0 0 0 0 0 0 0 0 0 0 0 0 0 0 0 0 0 
0.476136 0 0 0 -2.42842 0.390457 0.390457 0 0 0 0 0 0.390457 0 0 0 0 0 0 0 0.390457 0 0 0 0 0 0 0 0 0 0 0 0 0 0 0 0.390457 0 0 0 0 0 0 0 0 0 0 0 0 0 0 0 0 0 0 0 0 0 0 0 0 0 0 0 
0 0.476136 0 0 0.476136 -4.07593 0 0.780915 0 0 0 0 0 0.780915 0 0 0 0 0 0 0 0.780915 0 0 0 0 0 0 0 0 0 0 0 0 0 0 0 0.780915 0 0 0 0 0 0 0 0 0 0 0 0 0 0 0 0 0 0 0 0 0 0 0 0 0 0 
0 0 0.476136 0 0.476136 0 -4.07593 0.780915 0 0 0 0 0 0 0.780915 0 0 0 0 0 0 0 0.780915 0 0 0 0 0 0 0 0 0 0 0 0 0 0 0 0.780915 0 0 0 0 0 0 0 0 0 0 0 0 0 0 0 0 0 0 0 0 0 0 0 0 0 
0 0 0 0.476136 0 0.476136 0.476136 -4.94252 0 0 0 0 0 0 0 1.17137 0 0 0 0 0 0 0 1.17137 0 0 0 0 0 0 0 0 0 0 0 0 0 0 0 1.17137 0 0 0 0 0 0 0 0 0 0 0 0 0 0 0 0 0 0 0 0 0 0 0 0 
0.476136 0 0 0 0 0 0 0 -2.42842 0.390457 0.390457 0 0.390457 0 0 0 0 0 0 0 0 0 0 0 0.390457 0 0 0 0 0 0 0 0 0 0 0 0 0 0 0 0.390457 0 0 0 0 0 0 0 0 0 0 0 0 0 0 0 0 0 0 0 0 0 0 0 
0 0.476136 0 0 0 0 0 0 0.476136 -4.07593 0 0.780915 0 0.780915 0 0 0 0 0 0 0 0 0 0 0 0.780915 0 0 0 0 0 0 0 0 0 0 0 0 0 0 0 0.780915 0 0 0 0 0 0 0 0 0 0 0 0 0 0 0 0 0 0 0 0 0 0 
0 0 0.476136 0 0 0 0 0 0.476136 0 -4.07593 0.780915 0 0 0.780915 0 0 0 0 0 0 0 0 0 0 0 0.780915 0 0 0 0 0 0 0 0 0 0 0 0 0 0 0 0.780915 0 0 0 0 0 0 0 0 0 0 0 0 0 0 0 0 0 0 0 0 0 
0 0 0 0.476136 0 0 0 0 0 0.476136 0.476136 -4.94252 0 0 0 1.17137 0 0 0 0 0 0 0 0 0 0 0 1.17137 0 0 0 0 0 0 0 0 0 0 0 0 0 0 0 1.17137 0 0 0 0 0 0 0 0 0 0 0 0 0 0 0 0 0 0 0 0 
0 0 0 0 0.476136 0 0 0 0.476136 0 0 0 -4.07593 0.780915 0.780915 0 0 0 0 0 0 0 0 0 0 0 0 0 0.780915 0 0 0 0 0 0 0 0 0 0 0 0 0 0 0 0.780915 0 0 0 0 0 0 0 0 0 0 0 0 0 0 0 0 0 0 0 
0 0 0 0 0 0.476136 0 0 0 0.476136 0 0 0.476136 -4.94252 0 1.17137 0 0 0 0 0 0 0 0 0 0 0 0 0 1.17137 0 0 0 0 0 0 0 0 0 0 0 0 0 0 0 1.17137 0 0 0 0 0 0 0 0 0 0 0 0 0 0 0 0 0 0 
0 0 0 0 0 0 0.476136 0 0 0 0.476136 0 0.476136 0 -4.94252 1.17137 0 0 0 0 0 0 0 0 0 0 0 0 0 0 1.17137 0 0 0 0 0 0 0 0 0 0 0 0 0 0 0 1.17137 0 0 0 0 0 0 0 0 0 0 0 0 0 0 0 0 0 
0 0 0 0 0 0 0 0.476136 0 0 0 0.476136 0 0.476136 0.476136 -5.0282 0 0 0 0 0 0 0 0 0 0 0 0 0 0 0 1.56183 0 0 0 0 0 0 0 0 0 0 0 0 0 0 0 1.56183 0 0 0 0 0 0 0 0 0 0 0 0 0 0 0 0 
0.476136 0 0 0 0 0 0 0 0 0 0 0 0 0 0 0 -2.42842 0.390457 0.390457 0 0.390457 0 0 0 0.390457 0 0 0 0 0 0 0 0 0 0 0 0 0 0 0 0 0 0 0 0 0 0 0 0.390457 0 0 0 0 0 0 0 0 0 0 0 0 0 0 0 
0 0.476136 0 0 0 0 0 0 0 0 0 0 0 0 0 0 0.476136 -4.07593 0 0.780915 0 0.780915 0 0 0 0.780915 0 0 0 0 0 0 0 0 0 0 0 0 0 0 0 0 0 0 0 0 0 0 0 0.780915 0 0 0 0 0 0 0 0 0 0 0 0 0 0 
0 0 0.476136 0 0 0 0 0 0 0 0 0 0 0 0 0 0.476136 0 -4.07593 0.780915 0 0 0.780915 0 0 0 0.780915 0 0 0 0 0 0 0 0 0 0 0 0 0 0 0 0 0 0 0 0 0 0 0 0.780915 0 0 0 0 0 0 0 0 0 0 0 0 0 
0 0 0 0.476136 0 0 0 0 0 0 0 0 0 0 0 0 0 0.476136 0.476136 -4.94252 0 0 0 1.17137 0 0 0 1.17137 0 0 0 0 0 0 0 0 0 0 0 0 0 0 0 0 0 0 0 0 0 0 0 1.17137 0 0 0 0 0 0 0 0 0 0 0 0 
0 0 0 0 0.476136 0 0 0 0 0 0 0 0 0 0 0 0.476136 0 0 0 -4.07593 0.780915 0.780915 0 0 0 0 0 0.780915 0 0 0 0 0 0 0 0 0 0 0 0 0 0 0 0 0 0 0 0 0 0 0 0.780915 0 0 0 0 0 0 0 0 0 0 0 
0 0 0 0 0 0.476136 0 0 0 0 0 0 0 0 0 0 0 0.476136 0 0 0.476136 -4.94252 0 1.17137 0 0 0 0 0 1.17137 0 0 0 0 0 0 0 0 0 0 0 0 0 0 0 0 0 0 0 0 0 0 0 1.17137 0 0 0 0 0 0 0 0 0 0 
0 0 0 0 0 0 0.476136 0 0 0 0 0 0 0 0 0 0 0 0.476136 0 0.476136 0 -4.94252 1.17137 0 0 0 0 0 0 1.17137 0 0 0 0 0 0 0 0 0 0 0 0 0 0 0 0 0 0 0 0 0 0 0 1.17137 0 0 0 0 0 0 0 0 0 
0 0 0 0 0 0 0 0.476136 0 0 0 0 0 0 0 0 0 0 0 0.476136 0 0.476136 0.476136 -5.0282 0 0 0 0 0 0 0 1.56183 0 0 0 0 0 0 0 0 0 0 0 0 0 0 0 0 0 0 0 0 0 0 0 1.56183 0 0 0 0 0 0 0 0 
0 0 0 0 0 0 0 0 0.476136 0 0 0 0 0 0 0 0.476136 0 0 0 0 0 0 0 -4.07593 0.780915 0.780915 0 0.780915 0 0 0 0 0 0 0 0 0 0 0 0 0 0 0 0 0 0 0 0 0 0 0 0 0 0 0 0.780915 0 0 0 0 0 0 0 
0 0 0 0 0 0 0 0 0 0.476136 0 0 0 0 0 0 0 0.476136 0 0 0 0 0 0 0.476136 -4.94252 0 1.17137 0 1.17137 0 0 0 0 0 0 0 0 0 0 0 0 0 0 0 0 0 0 0 0 0 0 0 0 0 0 0 1.17137 0 0 0 0 0 0 
0 0 0 0 0 0 0 0 0 0 0.476136 0 0 0 0 0 0 0 0.476136 0 0 0 0 0 0.476136 0 -4.94252 1.17137 0 0 1.17137 0 0 0 0 0 0 0 0 0 0 0 0 0 0 0 0 0 0 0 0 0 0 0 0 0 0 0 1.17137 0 0 0 0 0 
0 0 0 0 0 0 0 0 0 0 0 0.476136 0 0 0 0 0 0 0 0.476136 0 0 0 0 0 0.476136 0.476136 -5.0282 0 0 0 1.56183 0 0 0 0 0 0 0 0 0 0 0 0 0 0 0 0 0 0 0 0 0 0 0 0 0 0 0 1.56183 0 0 0 0 
0 0 0 0 0 0 0 0 0 0 0 0 0.476136 0 0 0 0 0 0 0 0.476136 0 0 0 0.476136 0 0 0 -4.94252 1.17137 1.17137 0 0 0 0 0 0 0 0 0 0 0 0 0 0 0 0 0 0 0 0 0 0 0 0 0 0 0 0 0 1.17137 0 0 0 
0 0 0 0 0 0 0 0 0 0 0 0 0 0.476136 0 0 0 0 0 0 0 0.476136 0 0 0 0.476136 0 0 0.476136 -5.0282 0 1.56183 0 0 0 0 0 0 0 0 0 0 0 0 0 0 0 0 0 0 0 0 0 0 0 0 0 0 0 0 0 1.56183 0 0 
0 0 0 0 0 0 0 0 0 0 0 0 0 0 0.476136 0 0 0 0 0 0 0 0.476136 0 0 0 0.476136 0 0.476136 0 -5.0282 1.56183 0 0 0 0 0 0 0 0 0 0 0 0 0 0 0 0 0 0 0 0 0 0 0 0 0 0 0 0 0 0 1.56183 0 
0 0 0 0 0 0 0 0 0 0 0 0 0 0 0 0.476136 0 0 0 0 0 0 0 0.476136 0 0 0 0.476136 0 0.476136 0.476136 -4.33297 0 0 0 0 0 0 0 0 0 0 0 0 0 0 0 0 0 0 0 0 0 0 0 0 0 0 0 0 0 0 0 1.95229 
0.476136 0 0 0 0 0 0 0 0 0 0 0 0 0 0 0 0 0 0 0 0 0 0 0 0 0 0 0 0 0 0 0 -2.42842 0.390457 0.390457 0 0.390457 0 0 0 0.390457 0 0 0 0 0 0 0 0.390457 0 0 0 0 0 0 0 0 0 0 0 0 0 0 0 
0 0.476136 0 0 0 0 0 0 0 0 0 0 0 0 0 0 0 0 0 0 0 0 0 0 0 0 0 0 0 0 0 0 0.476136 -4.07593 0 0.780915 0 0.780915 0 0 0 0.780915 0 0 0 0 0 0 0 0.780915 0 0 0 0 0 0 0 0 0 0 0 0 0 0 
0 0 0.476136 0 0 0 0 0 0 0 0 0 0 0 0 0 0 0 0 0 0 0 0 0 0 0 0 0 0 0 0 0 0.476136 0 -4.07593 0.780915 0 0 0.780915 0 0 0 0.780915 0 0 0 0 0 0 0 0.780915 0 0 0 0 0 0 0 0 0 0 0 0 0 
0 0 0 0.476136 0 0 0 0 0 0 0 0 0 0 0 0 0 0 0 0 0 0 0 0 0 0 0 0 0 0 0 0 0 0.476136 0.476136 -4.94252 0 0 0 1.17137 0 0 0 1.17137 0 0 0 0 0 0 0 1.17137 0 0 0 0 0 0 0 0 0 0 0 0 
0 0 0 0 0.476136 0 0 0 0 0 0 0 0 0 0 0 0 0 0 0 0 0 0 0 0 0 0 0 0 0 0 0 0.476136 0 0 0 -4.07593 0.780915 0.780915 0 0 0 0 0 0.780915 0 0 0 0 0 0 0 0.780915 0 0 0 0 0 0 0 0 0 0 0 
0 0 0 0 0 0.476136 0 0 0 0 0 0 0 0 0 0 0 0 0 0 0 0 0 0 0 0 0 0 0 0 0 0 0 0.476136 0 0 0.476136 -4.94252 0 1.17137 0 0 0 0 0 1.17137 0 0 0 0 0 0 0 1.17137 0 0 0 0 0 0 0 0 0 0 
0 0 0 0 0 0 0.476136 0 0 0 0 0 0 0 0 0 0 0 0 0 0 0 0 0 0 0 0 0 0 0 0 0 0 0 0.476136 0 0.476136 0 -4.94252 1.17137 0 0 0 0 0 0 1.17137 0 0 0 0 0 0 0 1.17137 0 0 0 0 0 0 0 0 0 
0 0 0 0 0 0 0 0.476136 0 0 0 0 0 0 0 0 0 0 0 0 0 0 0 0 0 0 0 0 0 0 0 0 0 0 0 0.476136 0 0.476136 0.476136 -5.0282 0 0 0 0 0 0 0 1.56183 0 0 0 0 0 0 0 1.56183 0 0 0 0 0 0 0 0 
0 0 0 0 0 0 0 0 0.476136 0 0 0 0 0 0 0 0 0 0 0 0 0 0 0 0 0 0 0 0 0 0 0 0.476136 0 0 0 0 0 0 0 -4.07593 0.780915 0.780915 0 0.780915 0 0 0 0 0 0 0 0 0 0 0 0.780915 0 0 0 0 0 0 0 
0 0 0 0 0 0 0 0 0 0.476136 0 0 0 0 0 0 0 0 0 0 0 0 0 0 0 0 0 0 0 0 0 0 0 0.476136 0 0 0 0 0 0 0.476136 -4.94252 0 1.17137 0 1.17137 0 0 0 0 0 0 0 0 0 0 0 1.17137 0 0 0 0 0 0 
0 0 0 0 0 0 0 0 0 0 0.476136 0 0 0 0 0 0 0 0 0 0 0 0 0 0 0 0 0 0 0 0 0 0 0 0.476136 0 0 0 0 0 0.476136 0 -4.94252 1.17137 0 0 1.17137 0 0 0 0 0 0 0 0 0 0 0 1.17137 0 0 0 0 0 
0 0 0 0 0 0 0 0 0 0 0 0.476136 0 0 0 0 0 0 0 0 0 0 0 0 0 0 0 0 0 0 0 0 0 0 0 0.476136 0 0 0 0 0 0.476136 0.476136 -5.0282 0 0 0 1.56183 0 0 0 0 0 0 0 0 0 0 0 1.56183 0 0 0 0 
0 0 0 0 0 0 0 0 0 0 0 0 0.476136 0 0 0 0 0 0 0 0 0 0 0 0 0 0 0 0 0 0 0 0 0 0 0 0.476136 0 0 0 0.476136 0 0 0 -4.94252 1.17137 1.17137 0 0 0 0 0 0 0 0 0 0 0 0 0 1.17137 0 0 0 
0 0 0 0 0 0 0 0 0 0 0 0 0 0.476136 0 0 0 0 0 0 0 0 0 0 0 0 0 0 0 0 0 0 0 0 0 0 0 0.476136 0 0 0 0.476136 0 0 0.476136 -5.0282 0 1.56183 0 0 0 0 0 0 0 0 0 0 0 0 0 1.56183 0 0 
0 0 0 0 0 0 0 0 0 0 0 0 0 0 0.476136 0 0 0 0 0 0 0 0 0 0 0 0 0 0 0 0 0 0 0 0 0 0 0 0.476136 0 0 0 0.476136 0 0.476136 0 -5.0282 1.56183 0 0 0 0 0 0 0 0 0 0 0 0 0 0 1.56183 0 
0 0 0 0 0 0 0 0 0 0 0 0 0 0 0 0.476136 0 0 0 0 0 0 0 0 0 0 0 0 0 0 0 0 0 0 0 0 0 0 0 0.476136 0 0 0 0.476136 0 0.476136 0.476136 -4.33297 0 0 0 0 0 0 0 0 0 0 0 0 0 0 0 1.95229 
0 0 0 0 0 0 0 0 0 0 0 0 0 0 0 0 0.476136 0 0 0 0 0 0 0 0 0 0 0 0 0 0 0 0.476136 0 0 0 0 0 0 0 0 0 0 0 0 0 0 0 -4.07593 0.780915 0.780915 0 0.780915 0 0 0 0.780915 0 0 0 0 0 0 0 
0 0 0 0 0 0 0 0 0 0 0 0 0 0 0 0 0 0.476136 0 0 0 0 0 0 0 0 0 0 0 0 0 0 0 0.476136 0 0 0 0 0 0 0 0 0 0 0 0 0 0 0.476136 -4.94252 0 1.17137 0 1.17137 0 0 0 1.17137 0 0 0 0 0 0 
0 0 0 0 0 0 0 0 0 0 0 0 0 0 0 0 0 0 0.476136 0 0 0 0 0 0 0 0 0 0 0 0 0 0 0 0.476136 0 0 0 0 0 0 0 0 0 0 0 0 0 0.476136 0 -4.94252 1.17137 0 0 1.17137 0 0 0 1.17137 0 0 0 0 0 
0 0 0 0 0 0 0 0 0 0 0 0 0 0 0 0 0 0 0 0.476136 0 0 0 0 0 0 0 0 0 0 0 0 0 0 0 0.476136 0 0 0 0 0 0 0 0 0 0 0 0 0 0.476136 0.476136 -5.0282 0 0 0 1.56183 0 0 0 1.56183 0 0 0 0 
0 0 0 0 0 0 0 0 0 0 0 0 0 0 0 0 0 0 0 0 0.476136 0 0 0 0 0 0 0 0 0 0 0 0 0 0 0 0.476136 0 0 0 0 0 0 0 0 0 0 0 0.476136 0 0 0 -4.94252 1.17137 1.17137 0 0 0 0 0 1.17137 0 0 0 
0 0 0 0 0 0 0 0 0 0 0 0 0 0 0 0 0 0 0 0 0 0.476136 0 0 0 0 0 0 0 0 0 0 0 0 0 0 0 0.476136 0 0 0 0 0 0 0 0 0 0 0 0.476136 0 0 0.476136 -5.0282 0 1.56183 0 0 0 0 0 1.56183 0 0 
0 0 0 0 0 0 0 0 0 0 0 0 0 0 0 0 0 0 0 0 0 0 0.476136 0 0 0 0 0 0 0 0 0 0 0 0 0 0 0 0.476136 0 0 0 0 0 0 0 0 0 0 0 0.476136 0 0.476136 0 -5.0282 1.56183 0 0 0 0 0 0 1.56183 0 
0 0 0 0 0 0 0 0 0 0 0 0 0 0 0 0 0 0 0 0 0 0 0 0.476136 0 0 0 0 0 0 0 0 0 0 0 0 0 0 0 0.476136 0 0 0 0 0 0 0 0 0 0 0 0.476136 0 0.476136 0.476136 -4.33297 0 0 0 0 0 0 0 1.95229 
0 0 0 0 0 0 0 0 0 0 0 0 0 0 0 0 0 0 0 0 0 0 0 0 0.476136 0 0 0 0 0 0 0 0 0 0 0 0 0 0 0 0.476136 0 0 0 0 0 0 0 0.476136 0 0 0 0 0 0 0 -4.94252 1.17137 1.17137 0 1.17137 0 0 0 
0 0 0 0 0 0 0 0 0 0 0 0 0 0 0 0 0 0 0 0 0 0 0 0 0 0.476136 0 0 0 0 0 0 0 0 0 0 0 0 0 0 0 0.476136 0 0 0 0 0 0 0 0.476136 0 0 0 0 0 0 0.476136 -5.0282 0 1.56183 0 1.56183 0 0 
0 0 0 0 0 0 0 0 0 0 0 0 0 0 0 0 0 0 0 0 0 0 0 0 0 0 0.476136 0 0 0 0 0 0 0 0 0 0 0 0 0 0 0 0.476136 0 0 0 0 0 0 0 0.476136 0 0 0 0 0 0.476136 0 -5.0282 1.56183 0 0 1.56183 0 
0 0 0 0 0 0 0 0 0 0 0 0 0 0 0 0 0 0 0 0 0 0 0 0 0 0 0 0.476136 0 0 0 0 0 0 0 0 0 0 0 0 0 0 0 0.476136 0 0 0 0 0 0 0 0.476136 0 0 0 0 0 0.476136 0.476136 -4.33297 0 0 0 1.95229 
0 0 0 0 0 0 0 0 0 0 0 0 0 0 0 0 0 0 0 0 0 0 0 0 0 0 0 0 0.476136 0 0 0 0 0 0 0 0 0 0 0 0 0 0 0 0.476136 0 0 0 0 0 0 0 0.476136 0 0 0 0.476136 0 0 0 -5.0282 1.56183 1.56183 0 
0 0 0 0 0 0 0 0 0 0 0 0 0 0 0 0 0 0 0 0 0 0 0 0 0 0 0 0 0 0.476136 0 0 0 0 0 0 0 0 0 0 0 0 0 0 0 0.476136 0 0 0 0 0 0 0 0.476136 0 0 0 0.476136 0 0 0.476136 -4.33297 0 1.95229 
0 0 0 0 0 0 0 0 0 0 0 0 0 0 0 0 0 0 0 0 0 0 0 0 0 0 0 0 0 0 0.476136 0 0 0 0 0 0 0 0 0 0 0 0 0 0 0 0.476136 0 0 0 0 0 0 0 0.476136 0 0 0 0.476136 0 0.476136 0 -4.33297 1.95229 
0 0 0 0 0 0 0 0 0 0 0 0 0 0 0 0 0 0 0 0 0 0 0 0 0 0 0 0 0 0 0 0.476136 0 0 0 0 0 0 0 0 0 0 0 0 0 0 0 0.476136 0 0 0 0 0 0 0 0.476136 0 0 0 0.476136 0 0.476136 0.476136 -2.85682 
