32
-0 0 0 0 0 0 0 0 0 0 0 0 0 0 0 0 0 0 0 0 0 0 0 0 0 0 0 0 0 0 0 0 
0.257411 -1.66782 0 0.352602 0 0.352602 0 0 0 0.352602 0 0 0 0 0 0 0 0.352602 0 0 0 0 0 0 0 0 0 0 0 0 0 0 
0.257411 0 -1.66782 0.352602 0 0 0.352602 0 0 0 0.352602 0 0 0 0 0 0 0 0.352602 0 0 0 0 0 0 0 0 0 0 0 0 0 
0 0.257411 0.257411 -2.63044 0 0 0 0.705204 0 0 0 0.705204 0 0 0 0 0 0 0 0.705204 0 0 0 0 0 0 0 0 0 0 0 0 
0.257411 0 0 0 -1.66782 0.352602 0.352602 0 0 0 0 0 0.352602 0 0 0 0 0 0 0 0.352602 0 0 0 0 0 0 0 0 0 0 0 
0 0.257411 0 0 0.257411 -2.63044 0 0.705204 0 0 0 0 0 0.705204 0 0 0 0 0 0 0 0.705204 0 0 0 0 0 0 0 0 0 0 
0 0 0.257411 0 0.257411 0 -2.63044 0.705204 0 0 0 0 0 0 0.705204 0 0 0 0 0 0 0 0.705204 0 0 0 0 0 0 0 0 0 
0 0 0 0.257411 0 0.257411 0.257411 -2.88785 0 0 0 0 0 0 0 1.05781 0 0 0 0 0 0 0 1.05781 0 0 0 0 0 0 0 0 
0.257411 0 0 0 0 0 0 0 -1.66782 0.352602 0.352602 0 0.352602 0 0 0 0 0 0 0 0 0 0 0 0.352602 0 0 0 0 0 0 0 
0 0.257411 0 0 0 0 0 0 0.257411 -2.63044 0 0.705204 0 0.705204 0 0 0 0 0 0 0 0 0 0 0 0.705204 0 0 0 0 0 0 
0 0 0.257411 0 0 0 0 0 0.257411 0 -2.63044 0.705204 0 0 0.705204 0 0 0 0 0 0 0 0 0 0 0 0.705204 0 0 0 0 0 
0 0 0 0.257411 0 0 0 0 0 0.257411 0.257411 -2.88785 0 0 0 1.05781 0 0 0 0 0 0 0 0 0 0 0 1.05781 0 0 0 0 
0 0 0 0 0.257411 0 0 0 0.257411 0 0 0 -2.63044 0.705204 0.705204 0 0 0 0 0 0 0 0 0 0 0 0 0 0.705204 0 0 0 
0 0 0 0 0 0.257411 0 0 0 0.257411 0 0 0.257411 -2.88785 0 1.05781 0 0 0 0 0 0 0 0 0 0 0 0 0 1.05781 0 0 
0 0 0 0 0 0 0.257411 0 0 0 0.257411 0 0.257411 0 -2.88785 1.05781 0 0 0 0 0 0 0 0 0 0 0 0 0 0 1.05781 0 
0 0 0 0 0 0 0 0.257411 0 0 0 0.257411 0 0.257411 0.257411 -2.44005 0 0 0 0 0 0 0 0 0 0 0 0 0 0 0 1.41041 
0.257411 0 0 0 0 0 0 0 0 0 0 0 0 0 0 0 -1.66782 0.352602 0.352602 0 0.352602 0 0 0 0.352602 0 0 0 0 0 0 0 
0 0.257411 0 0 0 0 0 0 0 0 0 0 0 0 0 0 0.257411 -2.63044 0 0.705204 0 0.705204 0 0 0 0.705204 0 0 0 0 0 0 
0 0 0.257411 0 0 0 0 0 0 0 0 0 0 0 0 0 0.257411 0 -2.63044 0.705204 0 0 0.705204 0 0 0 0.705204 0 0 0 0 0 
0 0 0 0.257411 0 0 0 0 0 0 0 0 0 0 0 0 0 0.257411 0.257411 -2.88785 0 0 0 1.05781 0 0 0 1.05781 0 0 0 0 
0 0 0 0 0.257411 0 0 0 0 0 0 0 0 0 0 0 0.257411 0 0 0 -2.63044 0.705204 0.705204 0 0 0 0 0 0.705204 0 0 0 
0 0 0 0 0 0.257411 0 0 0 0 0 0 0 0 0 0 0 0.257411 0 0 0.257411 -2.88785 0 1.05781 0 0 0 0 0 1.05781 0 0 
0 0 0 0 0 0 0.257411 0 0 0 0 0 0 0 0 0 0 0 0.257411 0 0.257411 0 -2.88785 1.05781 0 0 0 0 0 0 1.05781 0 
0 0 0 0 0 0 0 0.257411 0 0 0 0 0 0 0 0 0 0 0 0.257411 0 0.257411 0.257411 -2.44005 0 0 0 0 0 0 0 1.41041 
0 0 0 0 0 0 0 0 0.257411 0 0 0 0 0 0 0 0.257411 0 0 0 0 0 0 0 -2.63044 0.705204 0.705204 0 0.705204 0 0 0 
0 0 0 0 0 0 0 0 0 0.257411 0 0 0 0 0 0 0 0.257411 0 0 0 0 0 0 0.257411 -2.88785 0 1.05781 0 1.05781 0 0 
0 0 0 0 0 0 0 0 0 0 0.257411 0 0 0 0 0 0 0 0.257411 0 0 0 0 0 0.257411 0 -2.88785 1.05781 0 0 1.05781 0 
0 0 0 0 0 0 0 0 0 0 0 0.257411 0 0 0 0 0 0 0 0.257411 0 0 0 0 0 0.257411 0.257411 -2.44005 0 0 0 1.41041 
0 0 0 0 0 0 0 0 0 0 0 0 0.257411 0 0 0 0 0 0 0 0.257411 0 0 0 0.257411 0 0 0 -2.88785 1.05781 1.05781 0 
0 0 0 0 0 0 0 0 0 0 0 0 0 0.257411 0 0 0 0 0 0 0 0.257411 0 0 0 0.257411 0 0 0.257411 -2.44005 0 1.41041 
0 0 0 0 0 0 0 0 0 0 0 0 0 0 0.257411 0 0 0 0 0 0 0 0.257411 0 0 0 0.257411 0 0.257411 0 -2.44005 1.41041 
0 0 0 0 0 0 0 0 0 0 0 0 0 0 0 0.257411 0 0 0 0 0 0 0 0.257411 0 0 0 0.257411 0 0.257411 0.257411 -1.28706 
