64
-0 0 0 0 0 0 0 0 0 0 0 0 0 0 0 0 0 0 0 0 0 0 0 0 0 0 0 0 0 0 0 0 0 0 0 0 0 0 0 0 0 0 0 0 0 0 0 0 0 0 0 0 0 0 0 0 0 0 0 0 0 0 0 0 
0.244641 -1.31193 0 0.213457 0 0.213457 0 0 0 0.213457 0 0 0 0 0 0 0 0.213457 0 0 0 0 0 0 0 0 0 0 0 0 0 0 0 0.213457 0 0 0 0 0 0 0 0 0 0 0 0 0 0 0 0 0 0 0 0 0 0 0 0 0 0 0 0 0 0 
0.244641 0 -1.31193 0.213457 0 0 0.213457 0 0 0 0.213457 0 0 0 0 0 0 0 0.213457 0 0 0 0 0 0 0 0 0 0 0 0 0 0 0 0.213457 0 0 0 0 0 0 0 0 0 0 0 0 0 0 0 0 0 0 0 0 0 0 0 0 0 0 0 0 0 
0 0.244641 0.244641 -2.19694 0 0 0 0.426914 0 0 0 0.426914 0 0 0 0 0 0 0 0.426914 0 0 0 0 0 0 0 0 0 0 0 0 0 0 0 0.426914 0 0 0 0 0 0 0 0 0 0 0 0 0 0 0 0 0 0 0 0 0 0 0 0 0 0 0 0 
0.244641 0 0 0 -1.31193 0.213457 0.213457 0 0 0 0 0 0.213457 0 0 0 0 0 0 0 0.213457 0 0 0 0 0 0 0 0 0 0 0 0 0 0 0 0.213457 0 0 0 0 0 0 0 0 0 0 0 0 0 0 0 0 0 0 0 0 0 0 0 0 0 0 0 
0 0.244641 0 0 0.244641 -2.19694 0 0.426914 0 0 0 0 0 0.426914 0 0 0 0 0 0 0 0.426914 0 0 0 0 0 0 0 0 0 0 0 0 0 0 0 0.426914 0 0 0 0 0 0 0 0 0 0 0 0 0 0 0 0 0 0 0 0 0 0 0 0 0 0 
0 0 0.244641 0 0.244641 0 -2.19694 0.426914 0 0 0 0 0 0 0.426914 0 0 0 0 0 0 0 0.426914 0 0 0 0 0 0 0 0 0 0 0 0 0 0 0 0.426914 0 0 0 0 0 0 0 0 0 0 0 0 0 0 0 0 0 0 0 0 0 0 0 0 0 
0 0 0 0.244641 0 0.244641 0.244641 -2.65504 0 0 0 0 0 0 0 0.640372 0 0 0 0 0 0 0 0.640372 0 0 0 0 0 0 0 0 0 0 0 0 0 0 0 0.640372 0 0 0 0 0 0 0 0 0 0 0 0 0 0 0 0 0 0 0 0 0 0 0 0 
0.244641 0 0 0 0 0 0 0 -1.31193 0.213457 0.213457 0 0.213457 0 0 0 0 0 0 0 0 0 0 0 0.213457 0 0 0 0 0 0 0 0 0 0 0 0 0 0 0 0.213457 0 0 0 0 0 0 0 0 0 0 0 0 0 0 0 0 0 0 0 0 0 0 0 
0 0.244641 0 0 0 0 0 0 0.244641 -2.19694 0 0.426914 0 0.426914 0 0 0 0 0 0 0 0 0 0 0 0.426914 0 0 0 0 0 0 0 0 0 0 0 0 0 0 0 0.426914 0 0 0 0 0 0 0 0 0 0 0 0 0 0 0 0 0 0 0 0 0 0 
0 0 0.244641 0 0 0 0 0 0.244641 0 -2.19694 0.426914 0 0 0.426914 0 0 0 0 0 0 0 0 0 0 0 0.426914 0 0 0 0 0 0 0 0 0 0 0 0 0 0 0 0.426914 0 0 0 0 0 0 0 0 0 0 0 0 0 0 0 0 0 0 0 0 0 
0 0 0 0.244641 0 0 0 0 0 0.244641 0.244641 -2.65504 0 0 0 0.640372 0 0 0 0 0 0 0 0 0 0 0 0.640372 0 0 0 0 0 0 0 0 0 0 0 0 0 0 0 0.640372 0 0 0 0 0 0 0 0 0 0 0 0 0 0 0 0 0 0 0 0 
0 0 0 0 0.244641 0 0 0 0.244641 0 0 0 -2.19694 0.426914 0.426914 0 0 0 0 0 0 0 0 0 0 0 0 0 0.426914 0 0 0 0 0 0 0 0 0 0 0 0 0 0 0 0.426914 0 0 0 0 0 0 0 0 0 0 0 0 0 0 0 0 0 0 0 
0 0 0 0 0 0.244641 0 0 0 0.244641 0 0 0.244641 -2.65504 0 0.640372 0 0 0 0 0 0 0 0 0 0 0 0 0 0.640372 0 0 0 0 0 0 0 0 0 0 0 0 0 0 0 0.640372 0 0 0 0 0 0 0 0 0 0 0 0 0 0 0 0 0 0 
0 0 0 0 0 0 0.244641 0 0 0 0.244641 0 0.244641 0 -2.65504 0.640372 0 0 0 0 0 0 0 0 0 0 0 0 0 0 0.640372 0 0 0 0 0 0 0 0 0 0 0 0 0 0 0 0.640372 0 0 0 0 0 0 0 0 0 0 0 0 0 0 0 0 0 
0 0 0 0 0 0 0 0.244641 0 0 0 0.244641 0 0.244641 0.244641 -2.68622 0 0 0 0 0 0 0 0 0 0 0 0 0 0 0 0.853829 0 0 0 0 0 0 0 0 0 0 0 0 0 0 0 0.853829 0 0 0 0 0 0 0 0 0 0 0 0 0 0 0 0 
0.244641 0 0 0 0 0 0 0 0 0 0 0 0 0 0 0 -1.31193 0.213457 0.213457 0 0.213457 0 0 0 0.213457 0 0 0 0 0 0 0 0 0 0 0 0 0 0 0 0 0 0 0 0 0 0 0 0.213457 0 0 0 0 0 0 0 0 0 0 0 0 0 0 0 
0 0.244641 0 0 0 0 0 0 0 0 0 0 0 0 0 0 0.244641 -2.19694 0 0.426914 0 0.426914 0 0 0 0.426914 0 0 0 0 0 0 0 0 0 0 0 0 0 0 0 0 0 0 0 0 0 0 0 0.426914 0 0 0 0 0 0 0 0 0 0 0 0 0 0 
0 0 0.244641 0 0 0 0 0 0 0 0 0 0 0 0 0 0.244641 0 -2.19694 0.426914 0 0 0.426914 0 0 0 0.426914 0 0 0 0 0 0 0 0 0 0 0 0 0 0 0 0 0 0 0 0 0 0 0 0.426914 0 0 0 0 0 0 0 0 0 0 0 0 0 
0 0 0 0.244641 0 0 0 0 0 0 0 0 0 0 0 0 0 0.244641 0.244641 -2.65504 0 0 0 0.640372 0 0 0 0.640372 0 0 0 0 0 0 0 0 0 0 0 0 0 0 0 0 0 0 0 0 0 0 0 0.640372 0 0 0 0 0 0 0 0 0 0 0 0 
0 0 0 0 0.244641 0 0 0 0 0 0 0 0 0 0 0 0.244641 0 0 0 -2.19694 0.426914 0.426914 0 0 0 0 0 0.426914 0 0 0 0 0 0 0 0 0 0 0 0 0 0 0 0 0 0 0 0 0 0 0 0.426914 0 0 0 0 0 0 0 0 0 0 0 
0 0 0 0 0 0.244641 0 0 0 0 0 0 0 0 0 0 0 0.244641 0 0 0.244641 -2.65504 0 0.640372 0 0 0 0 0 0.640372 0 0 0 0 0 0 0 0 0 0 0 0 0 0 0 0 0 0 0 0 0 0 0 0.640372 0 0 0 0 0 0 0 0 0 0 
0 0 0 0 0 0 0.244641 0 0 0 0 0 0 0 0 0 0 0 0.244641 0 0.244641 0 -2.65504 0.640372 0 0 0 0 0 0 0.640372 0 0 0 0 0 0 0 0 0 0 0 0 0 0 0 0 0 0 0 0 0 0 0 0.640372 0 0 0 0 0 0 0 0 0 
0 0 0 0 0 0 0 0.244641 0 0 0 0 0 0 0 0 0 0 0 0.244641 0 0.244641 0.244641 -2.68622 0 0 0 0 0 0 0 0.853829 0 0 0 0 0 0 0 0 0 0 0 0 0 0 0 0 0 0 0 0 0 0 0 0.853829 0 0 0 0 0 0 0 0 
0 0 0 0 0 0 0 0 0.244641 0 0 0 0 0 0 0 0.244641 0 0 0 0 0 0 0 -2.19694 0.426914 0.426914 0 0.426914 0 0 0 0 0 0 0 0 0 0 0 0 0 0 0 0 0 0 0 0 0 0 0 0 0 0 0 0.426914 0 0 0 0 0 0 0 
0 0 0 0 0 0 0 0 0 0.244641 0 0 0 0 0 0 0 0.244641 0 0 0 0 0 0 0.244641 -2.65504 0 0.640372 0 0.640372 0 0 0 0 0 0 0 0 0 0 0 0 0 0 0 0 0 0 0 0 0 0 0 0 0 0 0 0.640372 0 0 0 0 0 0 
0 0 0 0 0 0 0 0 0 0 0.244641 0 0 0 0 0 0 0 0.244641 0 0 0 0 0 0.244641 0 -2.65504 0.640372 0 0 0.640372 0 0 0 0 0 0 0 0 0 0 0 0 0 0 0 0 0 0 0 0 0 0 0 0 0 0 0 0.640372 0 0 0 0 0 
0 0 0 0 0 0 0 0 0 0 0 0.244641 0 0 0 0 0 0 0 0.244641 0 0 0 0 0 0.244641 0.244641 -2.68622 0 0 0 0.853829 0 0 0 0 0 0 0 0 0 0 0 0 0 0 0 0 0 0 0 0 0 0 0 0 0 0 0 0.853829 0 0 0 0 
0 0 0 0 0 0 0 0 0 0 0 0 0.244641 0 0 0 0 0 0 0 0.244641 0 0 0 0.244641 0 0 0 -2.65504 0.640372 0.640372 0 0 0 0 0 0 0 0 0 0 0 0 0 0 0 0 0 0 0 0 0 0 0 0 0 0 0 0 0 0.640372 0 0 0 
0 0 0 0 0 0 0 0 0 0 0 0 0 0.244641 0 0 0 0 0 0 0 0.244641 0 0 0 0.244641 0 0 0.244641 -2.68622 0 0.853829 0 0 0 0 0 0 0 0 0 0 0 0 0 0 0 0 0 0 0 0 0 0 0 0 0 0 0 0 0 0.853829 0 0 
0 0 0 0 0 0 0 0 0 0 0 0 0 0 0.244641 0 0 0 0 0 0 0 0.244641 0 0 0 0.244641 0 0.244641 0 -2.68622 0.853829 0 0 0 0 0 0 0 0 0 0 0 0 0 0 0 0 0 0 0 0 0 0 0 0 0 0 0 0 0 0 0.853829 0 
0 0 0 0 0 0 0 0 0 0 0 0 0 0 0 0.244641 0 0 0 0 0 0 0 0.244641 0 0 0 0.244641 0 0.244641 0.244641 -2.29049 0 0 0 0 0 0 0 0 0 0 0 0 0 0 0 0 0 0 0 0 0 0 0 0 0 0 0 0 0 0 0 1.06729 
0.244641 0 0 0 0 0 0 0 0 0 0 0 0 0 0 0 0 0 0 0 0 0 0 0 0 0 0 0 0 0 0 0 -1.31193 0.213457 0.213457 0 0.213457 0 0 0 0.213457 0 0 0 0 0 0 0 0.213457 0 0 0 0 0 0 0 0 0 0 0 0 0 0 0 
0 0.244641 0 0 0 0 0 0 0 0 0 0 0 0 0 0 0 0 0 0 0 0 0 0 0 0 0 0 0 0 0 0 0.244641 -2.19694 0 0.426914 0 0.426914 0 0 0 0.426914 0 0 0 0 0 0 0 0.426914 0 0 0 0 0 0 0 0 0 0 0 0 0 0 
0 0 0.244641 0 0 0 0 0 0 0 0 0 0 0 0 0 0 0 0 0 0 0 0 0 0 0 0 0 0 0 0 0 0.244641 0 -2.19694 0.426914 0 0 0.426914 0 0 0 0.426914 0 0 0 0 0 0 0 0.426914 0 0 0 0 0 0 0 0 0 0 0 0 0 
0 0 0 0.244641 0 0 0 0 0 0 0 0 0 0 0 0 0 0 0 0 0 0 0 0 0 0 0 0 0 0 0 0 0 0.244641 0.244641 -2.65504 0 0 0 0.640372 0 0 0 0.640372 0 0 0 0 0 0 0 0.640372 0 0 0 0 0 0 0 0 0 0 0 0 
0 0 0 0 0.244641 0 0 0 0 0 0 0 0 0 0 0 0 0 0 0 0 0 0 0 0 0 0 0 0 0 0 0 0.244641 0 0 0 -2.19694 0.426914 0.426914 0 0 0 0 0 0.426914 0 0 0 0 0 0 0 0.426914 0 0 0 0 0 0 0 0 0 0 0 
0 0 0 0 0 0.244641 0 0 0 0 0 0 0 0 0 0 0 0 0 0 0 0 0 0 0 0 0 0 0 0 0 0 0 0.244641 0 0 0.244641 -2.65504 0 0.640372 0 0 0 0 0 0.640372 0 0 0 0 0 0 0 0.640372 0 0 0 0 0 0 0 0 0 0 
0 0 0 0 0 0 0.244641 0 0 0 0 0 0 0 0 0 0 0 0 0 0 0 0 0 0 0 0 0 0 0 0 0 0 0 0.244641 0 0.244641 0 -2.65504 0.640372 0 0 0 0 0 0 0.640372 0 0 0 0 0 0 0 0.640372 0 0 0 0 0 0 0 0 0 
0 0 0 0 0 0 0 0.244641 0 0 0 0 0 0 0 0 0 0 0 0 0 0 0 0 0 0 0 0 0 0 0 0 0 0 0 0.244641 0 0.244641 0.244641 -2.68622 0 0 0 0 0 0 0 0.853829 0 0 0 0 0 0 0 0.853829 0 0 0 0 0 0 0 0 
0 0 0 0 0 0 0 0 0.244641 0 0 0 0 0 0 0 0 0 0 0 0 0 0 0 0 0 0 0 0 0 0 0 0.244641 0 0 0 0 0 0 0 -2.19694 0.426914 0.426914 0 0.426914 0 0 0 0 0 0 0 0 0 0 0 0.426914 0 0 0 0 0 0 0 
0 0 0 0 0 0 0 0 0 0.244641 0 0 0 0 0 0 0 0 0 0 0 0 0 0 0 0 0 0 0 0 0 0 0 0.244641 0 0 0 0 0 0 0.244641 -2.65504 0 0.640372 0 0.640372 0 0 0 0 0 0 0 0 0 0 0 0.640372 0 0 0 0 0 0 
0 0 0 0 0 0 0 0 0 0 0.244641 0 0 0 0 0 0 0 0 0 0 0 0 0 0 0 0 0 0 0 0 0 0 0 0.244641 0 0 0 0 0 0.244641 0 -2.65504 0.640372 0 0 0.640372 0 0 0 0 0 0 0 0 0 0 0 0.640372 0 0 0 0 0 
0 0 0 0 0 0 0 0 0 0 0 0.244641 0 0 0 0 0 0 0 0 0 0 0 0 0 0 0 0 0 0 0 0 0 0 0 0.244641 0 0 0 0 0 0.244641 0.244641 -2.68622 0 0 0 0.853829 0 0 0 0 0 0 0 0 0 0 0 0.853829 0 0 0 0 
0 0 0 0 0 0 0 0 0 0 0 0 0.244641 0 0 0 0 0 0 0 0 0 0 0 0 0 0 0 0 0 0 0 0 0 0 0 0.244641 0 0 0 0.244641 0 0 0 -2.65504 0.640372 0.640372 0 0 0 0 0 0 0 0 0 0 0 0 0 0.640372 0 0 0 
0 0 0 0 0 0 0 0 0 0 0 0 0 0.244641 0 0 0 0 0 0 0 0 0 0 0 0 0 0 0 0 0 0 0 0 0 0 0 0.244641 0 0 0 0.244641 0 0 0.244641 -2.68622 0 0.853829 0 0 0 0 0 0 0 0 0 0 0 0 0 0.853829 0 0 
0 0 0 0 0 0 0 0 0 0 0 0 0 0 0.244641 0 0 0 0 0 0 0 0 0 0 0 0 0 0 0 0 0 0 0 0 0 0 0 0.244641 0 0 0 0.244641 0 0.244641 0 -2.68622 0.853829 0 0 0 0 0 0 0 0 0 0 0 0 0 0 0.853829 0 
0 0 0 0 0 0 0 0 0 0 0 0 0 0 0 0.244641 0 0 0 0 0 0 0 0 0 0 0 0 0 0 0 0 0 0 0 0 0 0 0 0.244641 0 0 0 0.244641 0 0.244641 0.244641 -2.29049 0 0 0 0 0 0 0 0 0 0 0 0 0 0 0 1.06729 
0 0 0 0 0 0 0 0 0 0 0 0 0 0 0 0 0.244641 0 0 0 0 0 0 0 0 0 0 0 0 0 0 0 0.244641 0 0 0 0 0 0 0 0 0 0 0 0 0 0 0 -2.19694 0.426914 0.426914 0 0.426914 0 0 0 0.426914 0 0 0 0 0 0 0 
0 0 0 0 0 0 0 0 0 0 0 0 0 0 0 0 0 0.244641 0 0 0 0 0 0 0 0 0 0 0 0 0 0 0 0.244641 0 0 0 0 0 0 0 0 0 0 0 0 0 0 0.244641 -2.65504 0 0.640372 0 0.640372 0 0 0 0.640372 0 0 0 0 0 0 
0 0 0 0 0 0 0 0 0 0 0 0 0 0 0 0 0 0 0.244641 0 0 0 0 0 0 0 0 0 0 0 0 0 0 0 0.244641 0 0 0 0 0 0 0 0 0 0 0 0 0 0.244641 0 -2.65504 0.640372 0 0 0.640372 0 0 0 0.640372 0 0 0 0 0 
0 0 0 0 0 0 0 0 0 0 0 0 0 0 0 0 0 0 0 0.244641 0 0 0 0 0 0 0 0 0 0 0 0 0 0 0 0.244641 0 0 0 0 0 0 0 0 0 0 0 0 0 0.244641 0.244641 -2.68622 0 0 0 0.853829 0 0 0 0.853829 0 0 0 0 
0 0 0 0 0 0 0 0 0 0 0 0 0 0 0 0 0 0 0 0 0.244641 0 0 0 0 0 0 0 0 0 0 0 0 0 0 0 0.244641 0 0 0 0 0 0 0 0 0 0 0 0.244641 0 0 0 -2.65504 0.640372 0.640372 0 0 0 0 0 0.640372 0 0 0 
0 0 0 0 0 0 0 0 0 0 0 0 0 0 0 0 0 0 0 0 0 0.244641 0 0 0 0 0 0 0 0 0 0 0 0 0 0 0 0.244641 0 0 0 0 0 0 0 0 0 0 0 0.244641 0 0 0.244641 -2.68622 0 0.853829 0 0 0 0 0 0.853829 0 0 
0 0 0 0 0 0 0 0 0 0 0 0 0 0 0 0 0 0 0 0 0 0 0.244641 0 0 0 0 0 0 0 0 0 0 0 0 0 0 0 0.244641 0 0 0 0 0 0 0 0 0 0 0 0.244641 0 0.244641 0 -2.68622 0.853829 0 0 0 0 0 0 0.853829 0 
0 0 0 0 0 0 0 0 0 0 0 0 0 0 0 0 0 0 0 0 0 0 0 0.244641 0 0 0 0 0 0 0 0 0 0 0 0 0 0 0 0.244641 0 0 0 0 0 0 0 0 0 0 0 0.244641 0 0.244641 0.244641 -2.29049 0 0 0 0 0 0 0 1.06729 
0 0 0 0 0 0 0 0 0 0 0 0 0 0 0 0 0 0 0 0 0 0 0 0 0.244641 0 0 0 0 0 0 0 0 0 0 0 0 0 0 0 0.244641 0 0 0 0 0 0 0 0.244641 0 0 0 0 0 0 0 -2.65504 0.640372 0.640372 0 0.640372 0 0 0 
0 0 0 0 0 0 0 0 0 0 0 0 0 0 0 0 0 0 0 0 0 0 0 0 0 0.244641 0 0 0 0 0 0 0 0 0 0 0 0 0 0 0 0.244641 0 0 0 0 0 0 0 0.244641 0 0 0 0 0 0 0.244641 -2.68622 0 0.853829 0 0.853829 0 0 
0 0 0 0 0 0 0 0 0 0 0 0 0 0 0 0 0 0 0 0 0 0 0 0 0 0 0.244641 0 0 0 0 0 0 0 0 0 0 0 0 0 0 0 0.244641 0 0 0 0 0 0 0 0.244641 0 0 0 0 0 0.244641 0 -2.68622 0.853829 0 0 0.853829 0 
0 0 0 0 0 0 0 0 0 0 0 0 0 0 0 0 0 0 0 0 0 0 0 0 0 0 0 0.244641 0 0 0 0 0 0 0 0 0 0 0 0 0 0 0 0.244641 0 0 0 0 0 0 0 0.244641 0 0 0 0 0 0.244641 0.244641 -2.29049 0 0 0 1.06729 
0 0 0 0 0 0 0 0 0 0 0 0 0 0 0 0 0 0 0 0 0 0 0 0 0 0 0 0 0.244641 0 0 0 0 0 0 0 0 0 0 0 0 0 0 0 0.244641 0 0 0 0 0 0 0 0.244641 0 0 0 0.244641 0 0 0 -2.68622 0.853829 0.853829 0 
0 0 0 0 0 0 0 0 0 0 0 0 0 0 0 0 0 0 0 0 0 0 0 0 0 0 0 0 0 0.244641 0 0 0 0 0 0 0 0 0 0 0 0 0 0 0 0.244641 0 0 0 0 0 0 0 0.244641 0 0 0 0.244641 0 0 0.244641 -2.29049 0 1.06729 
0 0 0 0 0 0 0 0 0 0 0 0 0 0 0 0 0 0 0 0 0 0 0 0 0 0 0 0 0 0 0.244641 0 0 0 0 0 0 0 0 0 0 0 0 0 0 0 0.244641 0 0 0 0 0 0 0 0.244641 0 0 0 0.244641 0 0.244641 0 -2.29049 1.06729 
0 0 0 0 0 0 0 0 0 0 0 0 0 0 0 0 0 0 0 0 0 0 0 0 0 0 0 0 0 0 0 0.244641 0 0 0 0 0 0 0 0 0 0 0 0 0 0 0 0.244641 0 0 0 0 0 0 0 0.244641 0 0 0 0.244641 0 0.244641 0.244641 -1.46785 
