32
-0 0 0 0 0 0 0 0 0 0 0 0 0 0 0 0 0 0 0 0 0 0 0 0 0 0 0 0 0 0 0 0 
0.319529 -1.70334 0 0.345953 0 0.345953 0 0 0 0.345953 0 0 0 0 0 0 0 0.345953 0 0 0 0 0 0 0 0 0 0 0 0 0 0 
0.319529 0 -1.70334 0.345953 0 0 0.345953 0 0 0 0.345953 0 0 0 0 0 0 0 0.345953 0 0 0 0 0 0 0 0 0 0 0 0 0 
0 0.319529 0.319529 -2.71478 0 0 0 0.691906 0 0 0 0.691906 0 0 0 0 0 0 0 0.691906 0 0 0 0 0 0 0 0 0 0 0 0 
0.319529 0 0 0 -1.70334 0.345953 0.345953 0 0 0 0 0 0.345953 0 0 0 0 0 0 0 0.345953 0 0 0 0 0 0 0 0 0 0 0 
0 0.319529 0 0 0.319529 -2.71478 0 0.691906 0 0 0 0 0 0.691906 0 0 0 0 0 0 0 0.691906 0 0 0 0 0 0 0 0 0 0 
0 0 0.319529 0 0.319529 0 -2.71478 0.691906 0 0 0 0 0 0 0.691906 0 0 0 0 0 0 0 0.691906 0 0 0 0 0 0 0 0 0 
0 0 0 0.319529 0 0.319529 0.319529 -3.0343 0 0 0 0 0 0 0 1.03786 0 0 0 0 0 0 0 1.03786 0 0 0 0 0 0 0 0 
0.319529 0 0 0 0 0 0 0 -1.70334 0.345953 0.345953 0 0.345953 0 0 0 0 0 0 0 0 0 0 0 0.345953 0 0 0 0 0 0 0 
0 0.319529 0 0 0 0 0 0 0.319529 -2.71478 0 0.691906 0 0.691906 0 0 0 0 0 0 0 0 0 0 0 0.691906 0 0 0 0 0 0 
0 0 0.319529 0 0 0 0 0 0.319529 0 -2.71478 0.691906 0 0 0.691906 0 0 0 0 0 0 0 0 0 0 0 0.691906 0 0 0 0 0 
0 0 0 0.319529 0 0 0 0 0 0.319529 0.319529 -3.0343 0 0 0 1.03786 0 0 0 0 0 0 0 0 0 0 0 1.03786 0 0 0 0 
0 0 0 0 0.319529 0 0 0 0.319529 0 0 0 -2.71478 0.691906 0.691906 0 0 0 0 0 0 0 0 0 0 0 0 0 0.691906 0 0 0 
0 0 0 0 0 0.319529 0 0 0 0.319529 0 0 0.319529 -3.0343 0 1.03786 0 0 0 0 0 0 0 0 0 0 0 0 0 1.03786 0 0 
0 0 0 0 0 0 0.319529 0 0 0 0.319529 0 0.319529 0 -3.0343 1.03786 0 0 0 0 0 0 0 0 0 0 0 0 0 0 1.03786 0 
0 0 0 0 0 0 0 0.319529 0 0 0 0.319529 0 0.319529 0.319529 -2.66193 0 0 0 0 0 0 0 0 0 0 0 0 0 0 0 1.38381 
0.319529 0 0 0 0 0 0 0 0 0 0 0 0 0 0 0 -1.70334 0.345953 0.345953 0 0.345953 0 0 0 0.345953 0 0 0 0 0 0 0 
0 0.319529 0 0 0 0 0 0 0 0 0 0 0 0 0 0 0.319529 -2.71478 0 0.691906 0 0.691906 0 0 0 0.691906 0 0 0 0 0 0 
0 0 0.319529 0 0 0 0 0 0 0 0 0 0 0 0 0 0.319529 0 -2.71478 0.691906 0 0 0.691906 0 0 0 0.691906 0 0 0 0 0 
0 0 0 0.319529 0 0 0 0 0 0 0 0 0 0 0 0 0 0.319529 0.319529 -3.0343 0 0 0 1.03786 0 0 0 1.03786 0 0 0 0 
0 0 0 0 0.319529 0 0 0 0 0 0 0 0 0 0 0 0.319529 0 0 0 -2.71478 0.691906 0.691906 0 0 0 0 0 0.691906 0 0 0 
0 0 0 0 0 0.319529 0 0 0 0 0 0 0 0 0 0 0 0.319529 0 0 0.319529 -3.0343 0 1.03786 0 0 0 0 0 1.03786 0 0 
0 0 0 0 0 0 0.319529 0 0 0 0 0 0 0 0 0 0 0 0.319529 0 0.319529 0 -3.0343 1.03786 0 0 0 0 0 0 1.03786 0 
0 0 0 0 0 0 0 0.319529 0 0 0 0 0 0 0 0 0 0 0 0.319529 0 0.319529 0.319529 -2.66193 0 0 0 0 0 0 0 1.38381 
0 0 0 0 0 0 0 0 0.319529 0 0 0 0 0 0 0 0.319529 0 0 0 0 0 0 0 -2.71478 0.691906 0.691906 0 0.691906 0 0 0 
0 0 0 0 0 0 0 0 0 0.319529 0 0 0 0 0 0 0 0.319529 0 0 0 0 0 0 0.319529 -3.0343 0 1.03786 0 1.03786 0 0 
0 0 0 0 0 0 0 0 0 0 0.319529 0 0 0 0 0 0 0 0.319529 0 0 0 0 0 0.319529 0 -3.0343 1.03786 0 0 1.03786 0 
0 0 0 0 0 0 0 0 0 0 0 0.319529 0 0 0 0 0 0 0 0.319529 0 0 0 0 0 0.319529 0.319529 -2.66193 0 0 0 1.38381 
0 0 0 0 0 0 0 0 0 0 0 0 0.319529 0 0 0 0 0 0 0 0.319529 0 0 0 0.319529 0 0 0 -3.0343 1.03786 1.03786 0 
0 0 0 0 0 0 0 0 0 0 0 0 0 0.319529 0 0 0 0 0 0 0 0.319529 0 0 0 0.319529 0 0 0.319529 -2.66193 0 1.38381 
0 0 0 0 0 0 0 0 0 0 0 0 0 0 0.319529 0 0 0 0 0 0 0 0.319529 0 0 0 0.319529 0 0.319529 0 -2.66193 1.38381 
0 0 0 0 0 0 0 0 0 0 0 0 0 0 0 0.319529 0 0 0 0 0 0 0 0.319529 0 0 0 0.319529 0 0.319529 0.319529 -1.59764 
