64
-0 0 0 0 0 0 0 0 0 0 0 0 0 0 0 0 0 0 0 0 0 0 0 0 0 0 0 0 0 0 0 0 0 0 0 0 0 0 0 0 0 0 0 0 0 0 0 0 0 0 0 0 0 0 0 0 0 0 0 0 0 0 0 0 
0.654715 -3.14045 0 0.497147 0 0.497147 0 0 0 0.497147 0 0 0 0 0 0 0 0.497147 0 0 0 0 0 0 0 0 0 0 0 0 0 0 0 0.497147 0 0 0 0 0 0 0 0 0 0 0 0 0 0 0 0 0 0 0 0 0 0 0 0 0 0 0 0 0 0 
0.654715 0 -3.14045 0.497147 0 0 0.497147 0 0 0 0.497147 0 0 0 0 0 0 0 0.497147 0 0 0 0 0 0 0 0 0 0 0 0 0 0 0 0.497147 0 0 0 0 0 0 0 0 0 0 0 0 0 0 0 0 0 0 0 0 0 0 0 0 0 0 0 0 0 
0 0.654715 0.654715 -5.2866 0 0 0 0.994293 0 0 0 0.994293 0 0 0 0 0 0 0 0.994293 0 0 0 0 0 0 0 0 0 0 0 0 0 0 0 0.994293 0 0 0 0 0 0 0 0 0 0 0 0 0 0 0 0 0 0 0 0 0 0 0 0 0 0 0 0 
0.654715 0 0 0 -3.14045 0.497147 0.497147 0 0 0 0 0 0.497147 0 0 0 0 0 0 0 0.497147 0 0 0 0 0 0 0 0 0 0 0 0 0 0 0 0.497147 0 0 0 0 0 0 0 0 0 0 0 0 0 0 0 0 0 0 0 0 0 0 0 0 0 0 0 
0 0.654715 0 0 0.654715 -5.2866 0 0.994293 0 0 0 0 0 0.994293 0 0 0 0 0 0 0 0.994293 0 0 0 0 0 0 0 0 0 0 0 0 0 0 0 0.994293 0 0 0 0 0 0 0 0 0 0 0 0 0 0 0 0 0 0 0 0 0 0 0 0 0 0 
0 0 0.654715 0 0.654715 0 -5.2866 0.994293 0 0 0 0 0 0 0.994293 0 0 0 0 0 0 0 0.994293 0 0 0 0 0 0 0 0 0 0 0 0 0 0 0 0.994293 0 0 0 0 0 0 0 0 0 0 0 0 0 0 0 0 0 0 0 0 0 0 0 0 0 
0 0 0 0.654715 0 0.654715 0.654715 -6.43846 0 0 0 0 0 0 0 1.49144 0 0 0 0 0 0 0 1.49144 0 0 0 0 0 0 0 0 0 0 0 0 0 0 0 1.49144 0 0 0 0 0 0 0 0 0 0 0 0 0 0 0 0 0 0 0 0 0 0 0 0 
0.654715 0 0 0 0 0 0 0 -3.14045 0.497147 0.497147 0 0.497147 0 0 0 0 0 0 0 0 0 0 0 0.497147 0 0 0 0 0 0 0 0 0 0 0 0 0 0 0 0.497147 0 0 0 0 0 0 0 0 0 0 0 0 0 0 0 0 0 0 0 0 0 0 0 
0 0.654715 0 0 0 0 0 0 0.654715 -5.2866 0 0.994293 0 0.994293 0 0 0 0 0 0 0 0 0 0 0 0.994293 0 0 0 0 0 0 0 0 0 0 0 0 0 0 0 0.994293 0 0 0 0 0 0 0 0 0 0 0 0 0 0 0 0 0 0 0 0 0 0 
0 0 0.654715 0 0 0 0 0 0.654715 0 -5.2866 0.994293 0 0 0.994293 0 0 0 0 0 0 0 0 0 0 0 0.994293 0 0 0 0 0 0 0 0 0 0 0 0 0 0 0 0.994293 0 0 0 0 0 0 0 0 0 0 0 0 0 0 0 0 0 0 0 0 0 
0 0 0 0.654715 0 0 0 0 0 0.654715 0.654715 -6.43846 0 0 0 1.49144 0 0 0 0 0 0 0 0 0 0 0 1.49144 0 0 0 0 0 0 0 0 0 0 0 0 0 0 0 1.49144 0 0 0 0 0 0 0 0 0 0 0 0 0 0 0 0 0 0 0 0 
0 0 0 0 0.654715 0 0 0 0.654715 0 0 0 -5.2866 0.994293 0.994293 0 0 0 0 0 0 0 0 0 0 0 0 0 0.994293 0 0 0 0 0 0 0 0 0 0 0 0 0 0 0 0.994293 0 0 0 0 0 0 0 0 0 0 0 0 0 0 0 0 0 0 0 
0 0 0 0 0 0.654715 0 0 0 0.654715 0 0 0.654715 -6.43846 0 1.49144 0 0 0 0 0 0 0 0 0 0 0 0 0 1.49144 0 0 0 0 0 0 0 0 0 0 0 0 0 0 0 1.49144 0 0 0 0 0 0 0 0 0 0 0 0 0 0 0 0 0 0 
0 0 0 0 0 0 0.654715 0 0 0 0.654715 0 0.654715 0 -6.43846 1.49144 0 0 0 0 0 0 0 0 0 0 0 0 0 0 1.49144 0 0 0 0 0 0 0 0 0 0 0 0 0 0 0 1.49144 0 0 0 0 0 0 0 0 0 0 0 0 0 0 0 0 0 
0 0 0 0 0 0 0 0.654715 0 0 0 0.654715 0 0.654715 0.654715 -6.59603 0 0 0 0 0 0 0 0 0 0 0 0 0 0 0 1.98859 0 0 0 0 0 0 0 0 0 0 0 0 0 0 0 1.98859 0 0 0 0 0 0 0 0 0 0 0 0 0 0 0 0 
0.654715 0 0 0 0 0 0 0 0 0 0 0 0 0 0 0 -3.14045 0.497147 0.497147 0 0.497147 0 0 0 0.497147 0 0 0 0 0 0 0 0 0 0 0 0 0 0 0 0 0 0 0 0 0 0 0 0.497147 0 0 0 0 0 0 0 0 0 0 0 0 0 0 0 
0 0.654715 0 0 0 0 0 0 0 0 0 0 0 0 0 0 0.654715 -5.2866 0 0.994293 0 0.994293 0 0 0 0.994293 0 0 0 0 0 0 0 0 0 0 0 0 0 0 0 0 0 0 0 0 0 0 0 0.994293 0 0 0 0 0 0 0 0 0 0 0 0 0 0 
0 0 0.654715 0 0 0 0 0 0 0 0 0 0 0 0 0 0.654715 0 -5.2866 0.994293 0 0 0.994293 0 0 0 0.994293 0 0 0 0 0 0 0 0 0 0 0 0 0 0 0 0 0 0 0 0 0 0 0 0.994293 0 0 0 0 0 0 0 0 0 0 0 0 0 
0 0 0 0.654715 0 0 0 0 0 0 0 0 0 0 0 0 0 0.654715 0.654715 -6.43846 0 0 0 1.49144 0 0 0 1.49144 0 0 0 0 0 0 0 0 0 0 0 0 0 0 0 0 0 0 0 0 0 0 0 1.49144 0 0 0 0 0 0 0 0 0 0 0 0 
0 0 0 0 0.654715 0 0 0 0 0 0 0 0 0 0 0 0.654715 0 0 0 -5.2866 0.994293 0.994293 0 0 0 0 0 0.994293 0 0 0 0 0 0 0 0 0 0 0 0 0 0 0 0 0 0 0 0 0 0 0 0.994293 0 0 0 0 0 0 0 0 0 0 0 
0 0 0 0 0 0.654715 0 0 0 0 0 0 0 0 0 0 0 0.654715 0 0 0.654715 -6.43846 0 1.49144 0 0 0 0 0 1.49144 0 0 0 0 0 0 0 0 0 0 0 0 0 0 0 0 0 0 0 0 0 0 0 1.49144 0 0 0 0 0 0 0 0 0 0 
0 0 0 0 0 0 0.654715 0 0 0 0 0 0 0 0 0 0 0 0.654715 0 0.654715 0 -6.43846 1.49144 0 0 0 0 0 0 1.49144 0 0 0 0 0 0 0 0 0 0 0 0 0 0 0 0 0 0 0 0 0 0 0 1.49144 0 0 0 0 0 0 0 0 0 
0 0 0 0 0 0 0 0.654715 0 0 0 0 0 0 0 0 0 0 0 0.654715 0 0.654715 0.654715 -6.59603 0 0 0 0 0 0 0 1.98859 0 0 0 0 0 0 0 0 0 0 0 0 0 0 0 0 0 0 0 0 0 0 0 1.98859 0 0 0 0 0 0 0 0 
0 0 0 0 0 0 0 0 0.654715 0 0 0 0 0 0 0 0.654715 0 0 0 0 0 0 0 -5.2866 0.994293 0.994293 0 0.994293 0 0 0 0 0 0 0 0 0 0 0 0 0 0 0 0 0 0 0 0 0 0 0 0 0 0 0 0.994293 0 0 0 0 0 0 0 
0 0 0 0 0 0 0 0 0 0.654715 0 0 0 0 0 0 0 0.654715 0 0 0 0 0 0 0.654715 -6.43846 0 1.49144 0 1.49144 0 0 0 0 0 0 0 0 0 0 0 0 0 0 0 0 0 0 0 0 0 0 0 0 0 0 0 1.49144 0 0 0 0 0 0 
0 0 0 0 0 0 0 0 0 0 0.654715 0 0 0 0 0 0 0 0.654715 0 0 0 0 0 0.654715 0 -6.43846 1.49144 0 0 1.49144 0 0 0 0 0 0 0 0 0 0 0 0 0 0 0 0 0 0 0 0 0 0 0 0 0 0 0 1.49144 0 0 0 0 0 
0 0 0 0 0 0 0 0 0 0 0 0.654715 0 0 0 0 0 0 0 0.654715 0 0 0 0 0 0.654715 0.654715 -6.59603 0 0 0 1.98859 0 0 0 0 0 0 0 0 0 0 0 0 0 0 0 0 0 0 0 0 0 0 0 0 0 0 0 1.98859 0 0 0 0 
0 0 0 0 0 0 0 0 0 0 0 0 0.654715 0 0 0 0 0 0 0 0.654715 0 0 0 0.654715 0 0 0 -6.43846 1.49144 1.49144 0 0 0 0 0 0 0 0 0 0 0 0 0 0 0 0 0 0 0 0 0 0 0 0 0 0 0 0 0 1.49144 0 0 0 
0 0 0 0 0 0 0 0 0 0 0 0 0 0.654715 0 0 0 0 0 0 0 0.654715 0 0 0 0.654715 0 0 0.654715 -6.59603 0 1.98859 0 0 0 0 0 0 0 0 0 0 0 0 0 0 0 0 0 0 0 0 0 0 0 0 0 0 0 0 0 1.98859 0 0 
0 0 0 0 0 0 0 0 0 0 0 0 0 0 0.654715 0 0 0 0 0 0 0 0.654715 0 0 0 0.654715 0 0.654715 0 -6.59603 1.98859 0 0 0 0 0 0 0 0 0 0 0 0 0 0 0 0 0 0 0 0 0 0 0 0 0 0 0 0 0 0 1.98859 0 
0 0 0 0 0 0 0 0 0 0 0 0 0 0 0 0.654715 0 0 0 0 0 0 0 0.654715 0 0 0 0.654715 0 0.654715 0.654715 -5.75931 0 0 0 0 0 0 0 0 0 0 0 0 0 0 0 0 0 0 0 0 0 0 0 0 0 0 0 0 0 0 0 2.48573 
0.654715 0 0 0 0 0 0 0 0 0 0 0 0 0 0 0 0 0 0 0 0 0 0 0 0 0 0 0 0 0 0 0 -3.14045 0.497147 0.497147 0 0.497147 0 0 0 0.497147 0 0 0 0 0 0 0 0.497147 0 0 0 0 0 0 0 0 0 0 0 0 0 0 0 
0 0.654715 0 0 0 0 0 0 0 0 0 0 0 0 0 0 0 0 0 0 0 0 0 0 0 0 0 0 0 0 0 0 0.654715 -5.2866 0 0.994293 0 0.994293 0 0 0 0.994293 0 0 0 0 0 0 0 0.994293 0 0 0 0 0 0 0 0 0 0 0 0 0 0 
0 0 0.654715 0 0 0 0 0 0 0 0 0 0 0 0 0 0 0 0 0 0 0 0 0 0 0 0 0 0 0 0 0 0.654715 0 -5.2866 0.994293 0 0 0.994293 0 0 0 0.994293 0 0 0 0 0 0 0 0.994293 0 0 0 0 0 0 0 0 0 0 0 0 0 
0 0 0 0.654715 0 0 0 0 0 0 0 0 0 0 0 0 0 0 0 0 0 0 0 0 0 0 0 0 0 0 0 0 0 0.654715 0.654715 -6.43846 0 0 0 1.49144 0 0 0 1.49144 0 0 0 0 0 0 0 1.49144 0 0 0 0 0 0 0 0 0 0 0 0 
0 0 0 0 0.654715 0 0 0 0 0 0 0 0 0 0 0 0 0 0 0 0 0 0 0 0 0 0 0 0 0 0 0 0.654715 0 0 0 -5.2866 0.994293 0.994293 0 0 0 0 0 0.994293 0 0 0 0 0 0 0 0.994293 0 0 0 0 0 0 0 0 0 0 0 
0 0 0 0 0 0.654715 0 0 0 0 0 0 0 0 0 0 0 0 0 0 0 0 0 0 0 0 0 0 0 0 0 0 0 0.654715 0 0 0.654715 -6.43846 0 1.49144 0 0 0 0 0 1.49144 0 0 0 0 0 0 0 1.49144 0 0 0 0 0 0 0 0 0 0 
0 0 0 0 0 0 0.654715 0 0 0 0 0 0 0 0 0 0 0 0 0 0 0 0 0 0 0 0 0 0 0 0 0 0 0 0.654715 0 0.654715 0 -6.43846 1.49144 0 0 0 0 0 0 1.49144 0 0 0 0 0 0 0 1.49144 0 0 0 0 0 0 0 0 0 
0 0 0 0 0 0 0 0.654715 0 0 0 0 0 0 0 0 0 0 0 0 0 0 0 0 0 0 0 0 0 0 0 0 0 0 0 0.654715 0 0.654715 0.654715 -6.59603 0 0 0 0 0 0 0 1.98859 0 0 0 0 0 0 0 1.98859 0 0 0 0 0 0 0 0 
0 0 0 0 0 0 0 0 0.654715 0 0 0 0 0 0 0 0 0 0 0 0 0 0 0 0 0 0 0 0 0 0 0 0.654715 0 0 0 0 0 0 0 -5.2866 0.994293 0.994293 0 0.994293 0 0 0 0 0 0 0 0 0 0 0 0.994293 0 0 0 0 0 0 0 
0 0 0 0 0 0 0 0 0 0.654715 0 0 0 0 0 0 0 0 0 0 0 0 0 0 0 0 0 0 0 0 0 0 0 0.654715 0 0 0 0 0 0 0.654715 -6.43846 0 1.49144 0 1.49144 0 0 0 0 0 0 0 0 0 0 0 1.49144 0 0 0 0 0 0 
0 0 0 0 0 0 0 0 0 0 0.654715 0 0 0 0 0 0 0 0 0 0 0 0 0 0 0 0 0 0 0 0 0 0 0 0.654715 0 0 0 0 0 0.654715 0 -6.43846 1.49144 0 0 1.49144 0 0 0 0 0 0 0 0 0 0 0 1.49144 0 0 0 0 0 
0 0 0 0 0 0 0 0 0 0 0 0.654715 0 0 0 0 0 0 0 0 0 0 0 0 0 0 0 0 0 0 0 0 0 0 0 0.654715 0 0 0 0 0 0.654715 0.654715 -6.59603 0 0 0 1.98859 0 0 0 0 0 0 0 0 0 0 0 1.98859 0 0 0 0 
0 0 0 0 0 0 0 0 0 0 0 0 0.654715 0 0 0 0 0 0 0 0 0 0 0 0 0 0 0 0 0 0 0 0 0 0 0 0.654715 0 0 0 0.654715 0 0 0 -6.43846 1.49144 1.49144 0 0 0 0 0 0 0 0 0 0 0 0 0 1.49144 0 0 0 
0 0 0 0 0 0 0 0 0 0 0 0 0 0.654715 0 0 0 0 0 0 0 0 0 0 0 0 0 0 0 0 0 0 0 0 0 0 0 0.654715 0 0 0 0.654715 0 0 0.654715 -6.59603 0 1.98859 0 0 0 0 0 0 0 0 0 0 0 0 0 1.98859 0 0 
0 0 0 0 0 0 0 0 0 0 0 0 0 0 0.654715 0 0 0 0 0 0 0 0 0 0 0 0 0 0 0 0 0 0 0 0 0 0 0 0.654715 0 0 0 0.654715 0 0.654715 0 -6.59603 1.98859 0 0 0 0 0 0 0 0 0 0 0 0 0 0 1.98859 0 
0 0 0 0 0 0 0 0 0 0 0 0 0 0 0 0.654715 0 0 0 0 0 0 0 0 0 0 0 0 0 0 0 0 0 0 0 0 0 0 0 0.654715 0 0 0 0.654715 0 0.654715 0.654715 -5.75931 0 0 0 0 0 0 0 0 0 0 0 0 0 0 0 2.48573 
0 0 0 0 0 0 0 0 0 0 0 0 0 0 0 0 0.654715 0 0 0 0 0 0 0 0 0 0 0 0 0 0 0 0.654715 0 0 0 0 0 0 0 0 0 0 0 0 0 0 0 -5.2866 0.994293 0.994293 0 0.994293 0 0 0 0.994293 0 0 0 0 0 0 0 
0 0 0 0 0 0 0 0 0 0 0 0 0 0 0 0 0 0.654715 0 0 0 0 0 0 0 0 0 0 0 0 0 0 0 0.654715 0 0 0 0 0 0 0 0 0 0 0 0 0 0 0.654715 -6.43846 0 1.49144 0 1.49144 0 0 0 1.49144 0 0 0 0 0 0 
0 0 0 0 0 0 0 0 0 0 0 0 0 0 0 0 0 0 0.654715 0 0 0 0 0 0 0 0 0 0 0 0 0 0 0 0.654715 0 0 0 0 0 0 0 0 0 0 0 0 0 0.654715 0 -6.43846 1.49144 0 0 1.49144 0 0 0 1.49144 0 0 0 0 0 
0 0 0 0 0 0 0 0 0 0 0 0 0 0 0 0 0 0 0 0.654715 0 0 0 0 0 0 0 0 0 0 0 0 0 0 0 0.654715 0 0 0 0 0 0 0 0 0 0 0 0 0 0.654715 0.654715 -6.59603 0 0 0 1.98859 0 0 0 1.98859 0 0 0 0 
0 0 0 0 0 0 0 0 0 0 0 0 0 0 0 0 0 0 0 0 0.654715 0 0 0 0 0 0 0 0 0 0 0 0 0 0 0 0.654715 0 0 0 0 0 0 0 0 0 0 0 0.654715 0 0 0 -6.43846 1.49144 1.49144 0 0 0 0 0 1.49144 0 0 0 
0 0 0 0 0 0 0 0 0 0 0 0 0 0 0 0 0 0 0 0 0 0.654715 0 0 0 0 0 0 0 0 0 0 0 0 0 0 0 0.654715 0 0 0 0 0 0 0 0 0 0 0 0.654715 0 0 0.654715 -6.59603 0 1.98859 0 0 0 0 0 1.98859 0 0 
0 0 0 0 0 0 0 0 0 0 0 0 0 0 0 0 0 0 0 0 0 0 0.654715 0 0 0 0 0 0 0 0 0 0 0 0 0 0 0 0.654715 0 0 0 0 0 0 0 0 0 0 0 0.654715 0 0.654715 0 -6.59603 1.98859 0 0 0 0 0 0 1.98859 0 
0 0 0 0 0 0 0 0 0 0 0 0 0 0 0 0 0 0 0 0 0 0 0 0.654715 0 0 0 0 0 0 0 0 0 0 0 0 0 0 0 0.654715 0 0 0 0 0 0 0 0 0 0 0 0.654715 0 0.654715 0.654715 -5.75931 0 0 0 0 0 0 0 2.48573 
0 0 0 0 0 0 0 0 0 0 0 0 0 0 0 0 0 0 0 0 0 0 0 0 0.654715 0 0 0 0 0 0 0 0 0 0 0 0 0 0 0 0.654715 0 0 0 0 0 0 0 0.654715 0 0 0 0 0 0 0 -6.43846 1.49144 1.49144 0 1.49144 0 0 0 
0 0 0 0 0 0 0 0 0 0 0 0 0 0 0 0 0 0 0 0 0 0 0 0 0 0.654715 0 0 0 0 0 0 0 0 0 0 0 0 0 0 0 0.654715 0 0 0 0 0 0 0 0.654715 0 0 0 0 0 0 0.654715 -6.59603 0 1.98859 0 1.98859 0 0 
0 0 0 0 0 0 0 0 0 0 0 0 0 0 0 0 0 0 0 0 0 0 0 0 0 0 0.654715 0 0 0 0 0 0 0 0 0 0 0 0 0 0 0 0.654715 0 0 0 0 0 0 0 0.654715 0 0 0 0 0 0.654715 0 -6.59603 1.98859 0 0 1.98859 0 
0 0 0 0 0 0 0 0 0 0 0 0 0 0 0 0 0 0 0 0 0 0 0 0 0 0 0 0.654715 0 0 0 0 0 0 0 0 0 0 0 0 0 0 0 0.654715 0 0 0 0 0 0 0 0.654715 0 0 0 0 0 0.654715 0.654715 -5.75931 0 0 0 2.48573 
0 0 0 0 0 0 0 0 0 0 0 0 0 0 0 0 0 0 0 0 0 0 0 0 0 0 0 0 0.654715 0 0 0 0 0 0 0 0 0 0 0 0 0 0 0 0.654715 0 0 0 0 0 0 0 0.654715 0 0 0 0.654715 0 0 0 -6.59603 1.98859 1.98859 0 
0 0 0 0 0 0 0 0 0 0 0 0 0 0 0 0 0 0 0 0 0 0 0 0 0 0 0 0 0 0.654715 0 0 0 0 0 0 0 0 0 0 0 0 0 0 0 0.654715 0 0 0 0 0 0 0 0.654715 0 0 0 0.654715 0 0 0.654715 -5.75931 0 2.48573 
0 0 0 0 0 0 0 0 0 0 0 0 0 0 0 0 0 0 0 0 0 0 0 0 0 0 0 0 0 0 0.654715 0 0 0 0 0 0 0 0 0 0 0 0 0 0 0 0.654715 0 0 0 0 0 0 0 0.654715 0 0 0 0.654715 0 0.654715 0 -5.75931 2.48573 
0 0 0 0 0 0 0 0 0 0 0 0 0 0 0 0 0 0 0 0 0 0 0 0 0 0 0 0 0 0 0 0.654715 0 0 0 0 0 0 0 0 0 0 0 0 0 0 0 0.654715 0 0 0 0 0 0 0 0.654715 0 0 0 0.654715 0 0.654715 0.654715 -3.92829 
