32
-0 0 0 0 0 0 0 0 0 0 0 0 0 0 0 0 0 0 0 0 0 0 0 0 0 0 0 0 0 0 0 0 
0.323245 -1.7868 0 0.365889 0 0.365889 0 0 0 0.365889 0 0 0 0 0 0 0 0.365889 0 0 0 0 0 0 0 0 0 0 0 0 0 0 
0.323245 0 -1.7868 0.365889 0 0 0.365889 0 0 0 0.365889 0 0 0 0 0 0 0 0.365889 0 0 0 0 0 0 0 0 0 0 0 0 0 
0 0.323245 0.323245 -2.84182 0 0 0 0.731777 0 0 0 0.731777 0 0 0 0 0 0 0 0.731777 0 0 0 0 0 0 0 0 0 0 0 0 
0.323245 0 0 0 -1.7868 0.365889 0.365889 0 0 0 0 0 0.365889 0 0 0 0 0 0 0 0.365889 0 0 0 0 0 0 0 0 0 0 0 
0 0.323245 0 0 0.323245 -2.84182 0 0.731777 0 0 0 0 0 0.731777 0 0 0 0 0 0 0 0.731777 0 0 0 0 0 0 0 0 0 0 
0 0 0.323245 0 0.323245 0 -2.84182 0.731777 0 0 0 0 0 0 0.731777 0 0 0 0 0 0 0 0.731777 0 0 0 0 0 0 0 0 0 
0 0 0 0.323245 0 0.323245 0.323245 -3.16506 0 0 0 0 0 0 0 1.09767 0 0 0 0 0 0 0 1.09767 0 0 0 0 0 0 0 0 
0.323245 0 0 0 0 0 0 0 -1.7868 0.365889 0.365889 0 0.365889 0 0 0 0 0 0 0 0 0 0 0 0.365889 0 0 0 0 0 0 0 
0 0.323245 0 0 0 0 0 0 0.323245 -2.84182 0 0.731777 0 0.731777 0 0 0 0 0 0 0 0 0 0 0 0.731777 0 0 0 0 0 0 
0 0 0.323245 0 0 0 0 0 0.323245 0 -2.84182 0.731777 0 0 0.731777 0 0 0 0 0 0 0 0 0 0 0 0.731777 0 0 0 0 0 
0 0 0 0.323245 0 0 0 0 0 0.323245 0.323245 -3.16506 0 0 0 1.09767 0 0 0 0 0 0 0 0 0 0 0 1.09767 0 0 0 0 
0 0 0 0 0.323245 0 0 0 0.323245 0 0 0 -2.84182 0.731777 0.731777 0 0 0 0 0 0 0 0 0 0 0 0 0 0.731777 0 0 0 
0 0 0 0 0 0.323245 0 0 0 0.323245 0 0 0.323245 -3.16506 0 1.09767 0 0 0 0 0 0 0 0 0 0 0 0 0 1.09767 0 0 
0 0 0 0 0 0 0.323245 0 0 0 0.323245 0 0.323245 0 -3.16506 1.09767 0 0 0 0 0 0 0 0 0 0 0 0 0 0 1.09767 0 
0 0 0 0 0 0 0 0.323245 0 0 0 0.323245 0 0.323245 0.323245 -2.75653 0 0 0 0 0 0 0 0 0 0 0 0 0 0 0 1.46355 
0.323245 0 0 0 0 0 0 0 0 0 0 0 0 0 0 0 -1.7868 0.365889 0.365889 0 0.365889 0 0 0 0.365889 0 0 0 0 0 0 0 
0 0.323245 0 0 0 0 0 0 0 0 0 0 0 0 0 0 0.323245 -2.84182 0 0.731777 0 0.731777 0 0 0 0.731777 0 0 0 0 0 0 
0 0 0.323245 0 0 0 0 0 0 0 0 0 0 0 0 0 0.323245 0 -2.84182 0.731777 0 0 0.731777 0 0 0 0.731777 0 0 0 0 0 
0 0 0 0.323245 0 0 0 0 0 0 0 0 0 0 0 0 0 0.323245 0.323245 -3.16506 0 0 0 1.09767 0 0 0 1.09767 0 0 0 0 
0 0 0 0 0.323245 0 0 0 0 0 0 0 0 0 0 0 0.323245 0 0 0 -2.84182 0.731777 0.731777 0 0 0 0 0 0.731777 0 0 0 
0 0 0 0 0 0.323245 0 0 0 0 0 0 0 0 0 0 0 0.323245 0 0 0.323245 -3.16506 0 1.09767 0 0 0 0 0 1.09767 0 0 
0 0 0 0 0 0 0.323245 0 0 0 0 0 0 0 0 0 0 0 0.323245 0 0.323245 0 -3.16506 1.09767 0 0 0 0 0 0 1.09767 0 
0 0 0 0 0 0 0 0.323245 0 0 0 0 0 0 0 0 0 0 0 0.323245 0 0.323245 0.323245 -2.75653 0 0 0 0 0 0 0 1.46355 
0 0 0 0 0 0 0 0 0.323245 0 0 0 0 0 0 0 0.323245 0 0 0 0 0 0 0 -2.84182 0.731777 0.731777 0 0.731777 0 0 0 
0 0 0 0 0 0 0 0 0 0.323245 0 0 0 0 0 0 0 0.323245 0 0 0 0 0 0 0.323245 -3.16506 0 1.09767 0 1.09767 0 0 
0 0 0 0 0 0 0 0 0 0 0.323245 0 0 0 0 0 0 0 0.323245 0 0 0 0 0 0.323245 0 -3.16506 1.09767 0 0 1.09767 0 
0 0 0 0 0 0 0 0 0 0 0 0.323245 0 0 0 0 0 0 0 0.323245 0 0 0 0 0 0.323245 0.323245 -2.75653 0 0 0 1.46355 
0 0 0 0 0 0 0 0 0 0 0 0 0.323245 0 0 0 0 0 0 0 0.323245 0 0 0 0.323245 0 0 0 -3.16506 1.09767 1.09767 0 
0 0 0 0 0 0 0 0 0 0 0 0 0 0.323245 0 0 0 0 0 0 0 0.323245 0 0 0 0.323245 0 0 0.323245 -2.75653 0 1.46355 
0 0 0 0 0 0 0 0 0 0 0 0 0 0 0.323245 0 0 0 0 0 0 0 0.323245 0 0 0 0.323245 0 0.323245 0 -2.75653 1.46355 
0 0 0 0 0 0 0 0 0 0 0 0 0 0 0 0.323245 0 0 0 0 0 0 0 0.323245 0 0 0 0.323245 0 0.323245 0.323245 -1.61622 
