64
-0 0 0 0 0 0 0 0 0 0 0 0 0 0 0 0 0 0 0 0 0 0 0 0 0 0 0 0 0 0 0 0 0 0 0 0 0 0 0 0 0 0 0 0 0 0 0 0 0 0 0 0 0 0 0 0 0 0 0 0 0 0 0 0 
0.448968 -2.62879 0 0.435965 0 0.435965 0 0 0 0.435965 0 0 0 0 0 0 0 0.435965 0 0 0 0 0 0 0 0 0 0 0 0 0 0 0 0.435965 0 0 0 0 0 0 0 0 0 0 0 0 0 0 0 0 0 0 0 0 0 0 0 0 0 0 0 0 0 0 
0.448968 0 -2.62879 0.435965 0 0 0.435965 0 0 0 0.435965 0 0 0 0 0 0 0 0.435965 0 0 0 0 0 0 0 0 0 0 0 0 0 0 0 0.435965 0 0 0 0 0 0 0 0 0 0 0 0 0 0 0 0 0 0 0 0 0 0 0 0 0 0 0 0 0 
0 0.448968 0.448968 -4.38565 0 0 0 0.87193 0 0 0 0.87193 0 0 0 0 0 0 0 0.87193 0 0 0 0 0 0 0 0 0 0 0 0 0 0 0 0.87193 0 0 0 0 0 0 0 0 0 0 0 0 0 0 0 0 0 0 0 0 0 0 0 0 0 0 0 0 
0.448968 0 0 0 -2.62879 0.435965 0.435965 0 0 0 0 0 0.435965 0 0 0 0 0 0 0 0.435965 0 0 0 0 0 0 0 0 0 0 0 0 0 0 0 0.435965 0 0 0 0 0 0 0 0 0 0 0 0 0 0 0 0 0 0 0 0 0 0 0 0 0 0 0 
0 0.448968 0 0 0.448968 -4.38565 0 0.87193 0 0 0 0 0 0.87193 0 0 0 0 0 0 0 0.87193 0 0 0 0 0 0 0 0 0 0 0 0 0 0 0 0.87193 0 0 0 0 0 0 0 0 0 0 0 0 0 0 0 0 0 0 0 0 0 0 0 0 0 0 
0 0 0.448968 0 0.448968 0 -4.38565 0.87193 0 0 0 0 0 0 0.87193 0 0 0 0 0 0 0 0.87193 0 0 0 0 0 0 0 0 0 0 0 0 0 0 0 0.87193 0 0 0 0 0 0 0 0 0 0 0 0 0 0 0 0 0 0 0 0 0 0 0 0 0 
0 0 0 0.448968 0 0.448968 0.448968 -5.27059 0 0 0 0 0 0 0 1.30789 0 0 0 0 0 0 0 1.30789 0 0 0 0 0 0 0 0 0 0 0 0 0 0 0 1.30789 0 0 0 0 0 0 0 0 0 0 0 0 0 0 0 0 0 0 0 0 0 0 0 0 
0.448968 0 0 0 0 0 0 0 -2.62879 0.435965 0.435965 0 0.435965 0 0 0 0 0 0 0 0 0 0 0 0.435965 0 0 0 0 0 0 0 0 0 0 0 0 0 0 0 0.435965 0 0 0 0 0 0 0 0 0 0 0 0 0 0 0 0 0 0 0 0 0 0 0 
0 0.448968 0 0 0 0 0 0 0.448968 -4.38565 0 0.87193 0 0.87193 0 0 0 0 0 0 0 0 0 0 0 0.87193 0 0 0 0 0 0 0 0 0 0 0 0 0 0 0 0.87193 0 0 0 0 0 0 0 0 0 0 0 0 0 0 0 0 0 0 0 0 0 0 
0 0 0.448968 0 0 0 0 0 0.448968 0 -4.38565 0.87193 0 0 0.87193 0 0 0 0 0 0 0 0 0 0 0 0.87193 0 0 0 0 0 0 0 0 0 0 0 0 0 0 0 0.87193 0 0 0 0 0 0 0 0 0 0 0 0 0 0 0 0 0 0 0 0 0 
0 0 0 0.448968 0 0 0 0 0 0.448968 0.448968 -5.27059 0 0 0 1.30789 0 0 0 0 0 0 0 0 0 0 0 1.30789 0 0 0 0 0 0 0 0 0 0 0 0 0 0 0 1.30789 0 0 0 0 0 0 0 0 0 0 0 0 0 0 0 0 0 0 0 0 
0 0 0 0 0.448968 0 0 0 0.448968 0 0 0 -4.38565 0.87193 0.87193 0 0 0 0 0 0 0 0 0 0 0 0 0 0.87193 0 0 0 0 0 0 0 0 0 0 0 0 0 0 0 0.87193 0 0 0 0 0 0 0 0 0 0 0 0 0 0 0 0 0 0 0 
0 0 0 0 0 0.448968 0 0 0 0.448968 0 0 0.448968 -5.27059 0 1.30789 0 0 0 0 0 0 0 0 0 0 0 0 0 1.30789 0 0 0 0 0 0 0 0 0 0 0 0 0 0 0 1.30789 0 0 0 0 0 0 0 0 0 0 0 0 0 0 0 0 0 0 
0 0 0 0 0 0 0.448968 0 0 0 0.448968 0 0.448968 0 -5.27059 1.30789 0 0 0 0 0 0 0 0 0 0 0 0 0 0 1.30789 0 0 0 0 0 0 0 0 0 0 0 0 0 0 0 1.30789 0 0 0 0 0 0 0 0 0 0 0 0 0 0 0 0 0 
0 0 0 0 0 0 0 0.448968 0 0 0 0.448968 0 0.448968 0.448968 -5.28359 0 0 0 0 0 0 0 0 0 0 0 0 0 0 0 1.74386 0 0 0 0 0 0 0 0 0 0 0 0 0 0 0 1.74386 0 0 0 0 0 0 0 0 0 0 0 0 0 0 0 0 
0.448968 0 0 0 0 0 0 0 0 0 0 0 0 0 0 0 -2.62879 0.435965 0.435965 0 0.435965 0 0 0 0.435965 0 0 0 0 0 0 0 0 0 0 0 0 0 0 0 0 0 0 0 0 0 0 0 0.435965 0 0 0 0 0 0 0 0 0 0 0 0 0 0 0 
0 0.448968 0 0 0 0 0 0 0 0 0 0 0 0 0 0 0.448968 -4.38565 0 0.87193 0 0.87193 0 0 0 0.87193 0 0 0 0 0 0 0 0 0 0 0 0 0 0 0 0 0 0 0 0 0 0 0 0.87193 0 0 0 0 0 0 0 0 0 0 0 0 0 0 
0 0 0.448968 0 0 0 0 0 0 0 0 0 0 0 0 0 0.448968 0 -4.38565 0.87193 0 0 0.87193 0 0 0 0.87193 0 0 0 0 0 0 0 0 0 0 0 0 0 0 0 0 0 0 0 0 0 0 0 0.87193 0 0 0 0 0 0 0 0 0 0 0 0 0 
0 0 0 0.448968 0 0 0 0 0 0 0 0 0 0 0 0 0 0.448968 0.448968 -5.27059 0 0 0 1.30789 0 0 0 1.30789 0 0 0 0 0 0 0 0 0 0 0 0 0 0 0 0 0 0 0 0 0 0 0 1.30789 0 0 0 0 0 0 0 0 0 0 0 0 
0 0 0 0 0.448968 0 0 0 0 0 0 0 0 0 0 0 0.448968 0 0 0 -4.38565 0.87193 0.87193 0 0 0 0 0 0.87193 0 0 0 0 0 0 0 0 0 0 0 0 0 0 0 0 0 0 0 0 0 0 0 0.87193 0 0 0 0 0 0 0 0 0 0 0 
0 0 0 0 0 0.448968 0 0 0 0 0 0 0 0 0 0 0 0.448968 0 0 0.448968 -5.27059 0 1.30789 0 0 0 0 0 1.30789 0 0 0 0 0 0 0 0 0 0 0 0 0 0 0 0 0 0 0 0 0 0 0 1.30789 0 0 0 0 0 0 0 0 0 0 
0 0 0 0 0 0 0.448968 0 0 0 0 0 0 0 0 0 0 0 0.448968 0 0.448968 0 -5.27059 1.30789 0 0 0 0 0 0 1.30789 0 0 0 0 0 0 0 0 0 0 0 0 0 0 0 0 0 0 0 0 0 0 0 1.30789 0 0 0 0 0 0 0 0 0 
0 0 0 0 0 0 0 0.448968 0 0 0 0 0 0 0 0 0 0 0 0.448968 0 0.448968 0.448968 -5.28359 0 0 0 0 0 0 0 1.74386 0 0 0 0 0 0 0 0 0 0 0 0 0 0 0 0 0 0 0 0 0 0 0 1.74386 0 0 0 0 0 0 0 0 
0 0 0 0 0 0 0 0 0.448968 0 0 0 0 0 0 0 0.448968 0 0 0 0 0 0 0 -4.38565 0.87193 0.87193 0 0.87193 0 0 0 0 0 0 0 0 0 0 0 0 0 0 0 0 0 0 0 0 0 0 0 0 0 0 0 0.87193 0 0 0 0 0 0 0 
0 0 0 0 0 0 0 0 0 0.448968 0 0 0 0 0 0 0 0.448968 0 0 0 0 0 0 0.448968 -5.27059 0 1.30789 0 1.30789 0 0 0 0 0 0 0 0 0 0 0 0 0 0 0 0 0 0 0 0 0 0 0 0 0 0 0 1.30789 0 0 0 0 0 0 
0 0 0 0 0 0 0 0 0 0 0.448968 0 0 0 0 0 0 0 0.448968 0 0 0 0 0 0.448968 0 -5.27059 1.30789 0 0 1.30789 0 0 0 0 0 0 0 0 0 0 0 0 0 0 0 0 0 0 0 0 0 0 0 0 0 0 0 1.30789 0 0 0 0 0 
0 0 0 0 0 0 0 0 0 0 0 0.448968 0 0 0 0 0 0 0 0.448968 0 0 0 0 0 0.448968 0.448968 -5.28359 0 0 0 1.74386 0 0 0 0 0 0 0 0 0 0 0 0 0 0 0 0 0 0 0 0 0 0 0 0 0 0 0 1.74386 0 0 0 0 
0 0 0 0 0 0 0 0 0 0 0 0 0.448968 0 0 0 0 0 0 0 0.448968 0 0 0 0.448968 0 0 0 -5.27059 1.30789 1.30789 0 0 0 0 0 0 0 0 0 0 0 0 0 0 0 0 0 0 0 0 0 0 0 0 0 0 0 0 0 1.30789 0 0 0 
0 0 0 0 0 0 0 0 0 0 0 0 0 0.448968 0 0 0 0 0 0 0 0.448968 0 0 0 0.448968 0 0 0.448968 -5.28359 0 1.74386 0 0 0 0 0 0 0 0 0 0 0 0 0 0 0 0 0 0 0 0 0 0 0 0 0 0 0 0 0 1.74386 0 0 
0 0 0 0 0 0 0 0 0 0 0 0 0 0 0.448968 0 0 0 0 0 0 0 0.448968 0 0 0 0.448968 0 0.448968 0 -5.28359 1.74386 0 0 0 0 0 0 0 0 0 0 0 0 0 0 0 0 0 0 0 0 0 0 0 0 0 0 0 0 0 0 1.74386 0 
0 0 0 0 0 0 0 0 0 0 0 0 0 0 0 0.448968 0 0 0 0 0 0 0 0.448968 0 0 0 0.448968 0 0.448968 0.448968 -4.42466 0 0 0 0 0 0 0 0 0 0 0 0 0 0 0 0 0 0 0 0 0 0 0 0 0 0 0 0 0 0 0 2.17982 
0.448968 0 0 0 0 0 0 0 0 0 0 0 0 0 0 0 0 0 0 0 0 0 0 0 0 0 0 0 0 0 0 0 -2.62879 0.435965 0.435965 0 0.435965 0 0 0 0.435965 0 0 0 0 0 0 0 0.435965 0 0 0 0 0 0 0 0 0 0 0 0 0 0 0 
0 0.448968 0 0 0 0 0 0 0 0 0 0 0 0 0 0 0 0 0 0 0 0 0 0 0 0 0 0 0 0 0 0 0.448968 -4.38565 0 0.87193 0 0.87193 0 0 0 0.87193 0 0 0 0 0 0 0 0.87193 0 0 0 0 0 0 0 0 0 0 0 0 0 0 
0 0 0.448968 0 0 0 0 0 0 0 0 0 0 0 0 0 0 0 0 0 0 0 0 0 0 0 0 0 0 0 0 0 0.448968 0 -4.38565 0.87193 0 0 0.87193 0 0 0 0.87193 0 0 0 0 0 0 0 0.87193 0 0 0 0 0 0 0 0 0 0 0 0 0 
0 0 0 0.448968 0 0 0 0 0 0 0 0 0 0 0 0 0 0 0 0 0 0 0 0 0 0 0 0 0 0 0 0 0 0.448968 0.448968 -5.27059 0 0 0 1.30789 0 0 0 1.30789 0 0 0 0 0 0 0 1.30789 0 0 0 0 0 0 0 0 0 0 0 0 
0 0 0 0 0.448968 0 0 0 0 0 0 0 0 0 0 0 0 0 0 0 0 0 0 0 0 0 0 0 0 0 0 0 0.448968 0 0 0 -4.38565 0.87193 0.87193 0 0 0 0 0 0.87193 0 0 0 0 0 0 0 0.87193 0 0 0 0 0 0 0 0 0 0 0 
0 0 0 0 0 0.448968 0 0 0 0 0 0 0 0 0 0 0 0 0 0 0 0 0 0 0 0 0 0 0 0 0 0 0 0.448968 0 0 0.448968 -5.27059 0 1.30789 0 0 0 0 0 1.30789 0 0 0 0 0 0 0 1.30789 0 0 0 0 0 0 0 0 0 0 
0 0 0 0 0 0 0.448968 0 0 0 0 0 0 0 0 0 0 0 0 0 0 0 0 0 0 0 0 0 0 0 0 0 0 0 0.448968 0 0.448968 0 -5.27059 1.30789 0 0 0 0 0 0 1.30789 0 0 0 0 0 0 0 1.30789 0 0 0 0 0 0 0 0 0 
0 0 0 0 0 0 0 0.448968 0 0 0 0 0 0 0 0 0 0 0 0 0 0 0 0 0 0 0 0 0 0 0 0 0 0 0 0.448968 0 0.448968 0.448968 -5.28359 0 0 0 0 0 0 0 1.74386 0 0 0 0 0 0 0 1.74386 0 0 0 0 0 0 0 0 
0 0 0 0 0 0 0 0 0.448968 0 0 0 0 0 0 0 0 0 0 0 0 0 0 0 0 0 0 0 0 0 0 0 0.448968 0 0 0 0 0 0 0 -4.38565 0.87193 0.87193 0 0.87193 0 0 0 0 0 0 0 0 0 0 0 0.87193 0 0 0 0 0 0 0 
0 0 0 0 0 0 0 0 0 0.448968 0 0 0 0 0 0 0 0 0 0 0 0 0 0 0 0 0 0 0 0 0 0 0 0.448968 0 0 0 0 0 0 0.448968 -5.27059 0 1.30789 0 1.30789 0 0 0 0 0 0 0 0 0 0 0 1.30789 0 0 0 0 0 0 
0 0 0 0 0 0 0 0 0 0 0.448968 0 0 0 0 0 0 0 0 0 0 0 0 0 0 0 0 0 0 0 0 0 0 0 0.448968 0 0 0 0 0 0.448968 0 -5.27059 1.30789 0 0 1.30789 0 0 0 0 0 0 0 0 0 0 0 1.30789 0 0 0 0 0 
0 0 0 0 0 0 0 0 0 0 0 0.448968 0 0 0 0 0 0 0 0 0 0 0 0 0 0 0 0 0 0 0 0 0 0 0 0.448968 0 0 0 0 0 0.448968 0.448968 -5.28359 0 0 0 1.74386 0 0 0 0 0 0 0 0 0 0 0 1.74386 0 0 0 0 
0 0 0 0 0 0 0 0 0 0 0 0 0.448968 0 0 0 0 0 0 0 0 0 0 0 0 0 0 0 0 0 0 0 0 0 0 0 0.448968 0 0 0 0.448968 0 0 0 -5.27059 1.30789 1.30789 0 0 0 0 0 0 0 0 0 0 0 0 0 1.30789 0 0 0 
0 0 0 0 0 0 0 0 0 0 0 0 0 0.448968 0 0 0 0 0 0 0 0 0 0 0 0 0 0 0 0 0 0 0 0 0 0 0 0.448968 0 0 0 0.448968 0 0 0.448968 -5.28359 0 1.74386 0 0 0 0 0 0 0 0 0 0 0 0 0 1.74386 0 0 
0 0 0 0 0 0 0 0 0 0 0 0 0 0 0.448968 0 0 0 0 0 0 0 0 0 0 0 0 0 0 0 0 0 0 0 0 0 0 0 0.448968 0 0 0 0.448968 0 0.448968 0 -5.28359 1.74386 0 0 0 0 0 0 0 0 0 0 0 0 0 0 1.74386 0 
0 0 0 0 0 0 0 0 0 0 0 0 0 0 0 0.448968 0 0 0 0 0 0 0 0 0 0 0 0 0 0 0 0 0 0 0 0 0 0 0 0.448968 0 0 0 0.448968 0 0.448968 0.448968 -4.42466 0 0 0 0 0 0 0 0 0 0 0 0 0 0 0 2.17982 
0 0 0 0 0 0 0 0 0 0 0 0 0 0 0 0 0.448968 0 0 0 0 0 0 0 0 0 0 0 0 0 0 0 0.448968 0 0 0 0 0 0 0 0 0 0 0 0 0 0 0 -4.38565 0.87193 0.87193 0 0.87193 0 0 0 0.87193 0 0 0 0 0 0 0 
0 0 0 0 0 0 0 0 0 0 0 0 0 0 0 0 0 0.448968 0 0 0 0 0 0 0 0 0 0 0 0 0 0 0 0.448968 0 0 0 0 0 0 0 0 0 0 0 0 0 0 0.448968 -5.27059 0 1.30789 0 1.30789 0 0 0 1.30789 0 0 0 0 0 0 
0 0 0 0 0 0 0 0 0 0 0 0 0 0 0 0 0 0 0.448968 0 0 0 0 0 0 0 0 0 0 0 0 0 0 0 0.448968 0 0 0 0 0 0 0 0 0 0 0 0 0 0.448968 0 -5.27059 1.30789 0 0 1.30789 0 0 0 1.30789 0 0 0 0 0 
0 0 0 0 0 0 0 0 0 0 0 0 0 0 0 0 0 0 0 0.448968 0 0 0 0 0 0 0 0 0 0 0 0 0 0 0 0.448968 0 0 0 0 0 0 0 0 0 0 0 0 0 0.448968 0.448968 -5.28359 0 0 0 1.74386 0 0 0 1.74386 0 0 0 0 
0 0 0 0 0 0 0 0 0 0 0 0 0 0 0 0 0 0 0 0 0.448968 0 0 0 0 0 0 0 0 0 0 0 0 0 0 0 0.448968 0 0 0 0 0 0 0 0 0 0 0 0.448968 0 0 0 -5.27059 1.30789 1.30789 0 0 0 0 0 1.30789 0 0 0 
0 0 0 0 0 0 0 0 0 0 0 0 0 0 0 0 0 0 0 0 0 0.448968 0 0 0 0 0 0 0 0 0 0 0 0 0 0 0 0.448968 0 0 0 0 0 0 0 0 0 0 0 0.448968 0 0 0.448968 -5.28359 0 1.74386 0 0 0 0 0 1.74386 0 0 
0 0 0 0 0 0 0 0 0 0 0 0 0 0 0 0 0 0 0 0 0 0 0.448968 0 0 0 0 0 0 0 0 0 0 0 0 0 0 0 0.448968 0 0 0 0 0 0 0 0 0 0 0 0.448968 0 0.448968 0 -5.28359 1.74386 0 0 0 0 0 0 1.74386 0 
0 0 0 0 0 0 0 0 0 0 0 0 0 0 0 0 0 0 0 0 0 0 0 0.448968 0 0 0 0 0 0 0 0 0 0 0 0 0 0 0 0.448968 0 0 0 0 0 0 0 0 0 0 0 0.448968 0 0.448968 0.448968 -4.42466 0 0 0 0 0 0 0 2.17982 
0 0 0 0 0 0 0 0 0 0 0 0 0 0 0 0 0 0 0 0 0 0 0 0 0.448968 0 0 0 0 0 0 0 0 0 0 0 0 0 0 0 0.448968 0 0 0 0 0 0 0 0.448968 0 0 0 0 0 0 0 -5.27059 1.30789 1.30789 0 1.30789 0 0 0 
0 0 0 0 0 0 0 0 0 0 0 0 0 0 0 0 0 0 0 0 0 0 0 0 0 0.448968 0 0 0 0 0 0 0 0 0 0 0 0 0 0 0 0.448968 0 0 0 0 0 0 0 0.448968 0 0 0 0 0 0 0.448968 -5.28359 0 1.74386 0 1.74386 0 0 
0 0 0 0 0 0 0 0 0 0 0 0 0 0 0 0 0 0 0 0 0 0 0 0 0 0 0.448968 0 0 0 0 0 0 0 0 0 0 0 0 0 0 0 0.448968 0 0 0 0 0 0 0 0.448968 0 0 0 0 0 0.448968 0 -5.28359 1.74386 0 0 1.74386 0 
0 0 0 0 0 0 0 0 0 0 0 0 0 0 0 0 0 0 0 0 0 0 0 0 0 0 0 0.448968 0 0 0 0 0 0 0 0 0 0 0 0 0 0 0 0.448968 0 0 0 0 0 0 0 0.448968 0 0 0 0 0 0.448968 0.448968 -4.42466 0 0 0 2.17982 
0 0 0 0 0 0 0 0 0 0 0 0 0 0 0 0 0 0 0 0 0 0 0 0 0 0 0 0 0.448968 0 0 0 0 0 0 0 0 0 0 0 0 0 0 0 0.448968 0 0 0 0 0 0 0 0.448968 0 0 0 0.448968 0 0 0 -5.28359 1.74386 1.74386 0 
0 0 0 0 0 0 0 0 0 0 0 0 0 0 0 0 0 0 0 0 0 0 0 0 0 0 0 0 0 0.448968 0 0 0 0 0 0 0 0 0 0 0 0 0 0 0 0.448968 0 0 0 0 0 0 0 0.448968 0 0 0 0.448968 0 0 0.448968 -4.42466 0 2.17982 
0 0 0 0 0 0 0 0 0 0 0 0 0 0 0 0 0 0 0 0 0 0 0 0 0 0 0 0 0 0 0.448968 0 0 0 0 0 0 0 0 0 0 0 0 0 0 0 0.448968 0 0 0 0 0 0 0 0.448968 0 0 0 0.448968 0 0.448968 0 -4.42466 2.17982 
0 0 0 0 0 0 0 0 0 0 0 0 0 0 0 0 0 0 0 0 0 0 0 0 0 0 0 0 0 0 0 0.448968 0 0 0 0 0 0 0 0 0 0 0 0 0 0 0 0.448968 0 0 0 0 0 0 0 0.448968 0 0 0 0.448968 0 0.448968 0.448968 -2.69381 
