64
-0 0 0 0 0 0 0 0 0 0 0 0 0 0 0 0 0 0 0 0 0 0 0 0 0 0 0 0 0 0 0 0 0 0 0 0 0 0 0 0 0 0 0 0 0 0 0 0 0 0 0 0 0 0 0 0 0 0 0 0 0 0 0 0 
0.855944 -3.99987 0 0.628785 0 0.628785 0 0 0 0.628785 0 0 0 0 0 0 0 0.628785 0 0 0 0 0 0 0 0 0 0 0 0 0 0 0 0.628785 0 0 0 0 0 0 0 0 0 0 0 0 0 0 0 0 0 0 0 0 0 0 0 0 0 0 0 0 0 0 
0.855944 0 -3.99987 0.628785 0 0 0.628785 0 0 0 0.628785 0 0 0 0 0 0 0 0.628785 0 0 0 0 0 0 0 0 0 0 0 0 0 0 0 0.628785 0 0 0 0 0 0 0 0 0 0 0 0 0 0 0 0 0 0 0 0 0 0 0 0 0 0 0 0 0 
0 0.855944 0.855944 -6.74217 0 0 0 1.25757 0 0 0 1.25757 0 0 0 0 0 0 0 1.25757 0 0 0 0 0 0 0 0 0 0 0 0 0 0 0 1.25757 0 0 0 0 0 0 0 0 0 0 0 0 0 0 0 0 0 0 0 0 0 0 0 0 0 0 0 0 
0.855944 0 0 0 -3.99987 0.628785 0.628785 0 0 0 0 0 0.628785 0 0 0 0 0 0 0 0.628785 0 0 0 0 0 0 0 0 0 0 0 0 0 0 0 0.628785 0 0 0 0 0 0 0 0 0 0 0 0 0 0 0 0 0 0 0 0 0 0 0 0 0 0 0 
0 0.855944 0 0 0.855944 -6.74217 0 1.25757 0 0 0 0 0 1.25757 0 0 0 0 0 0 0 1.25757 0 0 0 0 0 0 0 0 0 0 0 0 0 0 0 1.25757 0 0 0 0 0 0 0 0 0 0 0 0 0 0 0 0 0 0 0 0 0 0 0 0 0 0 
0 0 0.855944 0 0.855944 0 -6.74217 1.25757 0 0 0 0 0 0 1.25757 0 0 0 0 0 0 0 1.25757 0 0 0 0 0 0 0 0 0 0 0 0 0 0 0 1.25757 0 0 0 0 0 0 0 0 0 0 0 0 0 0 0 0 0 0 0 0 0 0 0 0 0 
0 0 0 0.855944 0 0.855944 0.855944 -8.2269 0 0 0 0 0 0 0 1.88635 0 0 0 0 0 0 0 1.88635 0 0 0 0 0 0 0 0 0 0 0 0 0 0 0 1.88635 0 0 0 0 0 0 0 0 0 0 0 0 0 0 0 0 0 0 0 0 0 0 0 0 
0.855944 0 0 0 0 0 0 0 -3.99987 0.628785 0.628785 0 0.628785 0 0 0 0 0 0 0 0 0 0 0 0.628785 0 0 0 0 0 0 0 0 0 0 0 0 0 0 0 0.628785 0 0 0 0 0 0 0 0 0 0 0 0 0 0 0 0 0 0 0 0 0 0 0 
0 0.855944 0 0 0 0 0 0 0.855944 -6.74217 0 1.25757 0 1.25757 0 0 0 0 0 0 0 0 0 0 0 1.25757 0 0 0 0 0 0 0 0 0 0 0 0 0 0 0 1.25757 0 0 0 0 0 0 0 0 0 0 0 0 0 0 0 0 0 0 0 0 0 0 
0 0 0.855944 0 0 0 0 0 0.855944 0 -6.74217 1.25757 0 0 1.25757 0 0 0 0 0 0 0 0 0 0 0 1.25757 0 0 0 0 0 0 0 0 0 0 0 0 0 0 0 1.25757 0 0 0 0 0 0 0 0 0 0 0 0 0 0 0 0 0 0 0 0 0 
0 0 0 0.855944 0 0 0 0 0 0.855944 0.855944 -8.2269 0 0 0 1.88635 0 0 0 0 0 0 0 0 0 0 0 1.88635 0 0 0 0 0 0 0 0 0 0 0 0 0 0 0 1.88635 0 0 0 0 0 0 0 0 0 0 0 0 0 0 0 0 0 0 0 0 
0 0 0 0 0.855944 0 0 0 0.855944 0 0 0 -6.74217 1.25757 1.25757 0 0 0 0 0 0 0 0 0 0 0 0 0 1.25757 0 0 0 0 0 0 0 0 0 0 0 0 0 0 0 1.25757 0 0 0 0 0 0 0 0 0 0 0 0 0 0 0 0 0 0 0 
0 0 0 0 0 0.855944 0 0 0 0.855944 0 0 0.855944 -8.2269 0 1.88635 0 0 0 0 0 0 0 0 0 0 0 0 0 1.88635 0 0 0 0 0 0 0 0 0 0 0 0 0 0 0 1.88635 0 0 0 0 0 0 0 0 0 0 0 0 0 0 0 0 0 0 
0 0 0 0 0 0 0.855944 0 0 0 0.855944 0 0.855944 0 -8.2269 1.88635 0 0 0 0 0 0 0 0 0 0 0 0 0 0 1.88635 0 0 0 0 0 0 0 0 0 0 0 0 0 0 0 1.88635 0 0 0 0 0 0 0 0 0 0 0 0 0 0 0 0 0 
0 0 0 0 0 0 0 0.855944 0 0 0 0.855944 0 0.855944 0.855944 -8.45405 0 0 0 0 0 0 0 0 0 0 0 0 0 0 0 2.51514 0 0 0 0 0 0 0 0 0 0 0 0 0 0 0 2.51514 0 0 0 0 0 0 0 0 0 0 0 0 0 0 0 0 
0.855944 0 0 0 0 0 0 0 0 0 0 0 0 0 0 0 -3.99987 0.628785 0.628785 0 0.628785 0 0 0 0.628785 0 0 0 0 0 0 0 0 0 0 0 0 0 0 0 0 0 0 0 0 0 0 0 0.628785 0 0 0 0 0 0 0 0 0 0 0 0 0 0 0 
0 0.855944 0 0 0 0 0 0 0 0 0 0 0 0 0 0 0.855944 -6.74217 0 1.25757 0 1.25757 0 0 0 1.25757 0 0 0 0 0 0 0 0 0 0 0 0 0 0 0 0 0 0 0 0 0 0 0 1.25757 0 0 0 0 0 0 0 0 0 0 0 0 0 0 
0 0 0.855944 0 0 0 0 0 0 0 0 0 0 0 0 0 0.855944 0 -6.74217 1.25757 0 0 1.25757 0 0 0 1.25757 0 0 0 0 0 0 0 0 0 0 0 0 0 0 0 0 0 0 0 0 0 0 0 1.25757 0 0 0 0 0 0 0 0 0 0 0 0 0 
0 0 0 0.855944 0 0 0 0 0 0 0 0 0 0 0 0 0 0.855944 0.855944 -8.2269 0 0 0 1.88635 0 0 0 1.88635 0 0 0 0 0 0 0 0 0 0 0 0 0 0 0 0 0 0 0 0 0 0 0 1.88635 0 0 0 0 0 0 0 0 0 0 0 0 
0 0 0 0 0.855944 0 0 0 0 0 0 0 0 0 0 0 0.855944 0 0 0 -6.74217 1.25757 1.25757 0 0 0 0 0 1.25757 0 0 0 0 0 0 0 0 0 0 0 0 0 0 0 0 0 0 0 0 0 0 0 1.25757 0 0 0 0 0 0 0 0 0 0 0 
0 0 0 0 0 0.855944 0 0 0 0 0 0 0 0 0 0 0 0.855944 0 0 0.855944 -8.2269 0 1.88635 0 0 0 0 0 1.88635 0 0 0 0 0 0 0 0 0 0 0 0 0 0 0 0 0 0 0 0 0 0 0 1.88635 0 0 0 0 0 0 0 0 0 0 
0 0 0 0 0 0 0.855944 0 0 0 0 0 0 0 0 0 0 0 0.855944 0 0.855944 0 -8.2269 1.88635 0 0 0 0 0 0 1.88635 0 0 0 0 0 0 0 0 0 0 0 0 0 0 0 0 0 0 0 0 0 0 0 1.88635 0 0 0 0 0 0 0 0 0 
0 0 0 0 0 0 0 0.855944 0 0 0 0 0 0 0 0 0 0 0 0.855944 0 0.855944 0.855944 -8.45405 0 0 0 0 0 0 0 2.51514 0 0 0 0 0 0 0 0 0 0 0 0 0 0 0 0 0 0 0 0 0 0 0 2.51514 0 0 0 0 0 0 0 0 
0 0 0 0 0 0 0 0 0.855944 0 0 0 0 0 0 0 0.855944 0 0 0 0 0 0 0 -6.74217 1.25757 1.25757 0 1.25757 0 0 0 0 0 0 0 0 0 0 0 0 0 0 0 0 0 0 0 0 0 0 0 0 0 0 0 1.25757 0 0 0 0 0 0 0 
0 0 0 0 0 0 0 0 0 0.855944 0 0 0 0 0 0 0 0.855944 0 0 0 0 0 0 0.855944 -8.2269 0 1.88635 0 1.88635 0 0 0 0 0 0 0 0 0 0 0 0 0 0 0 0 0 0 0 0 0 0 0 0 0 0 0 1.88635 0 0 0 0 0 0 
0 0 0 0 0 0 0 0 0 0 0.855944 0 0 0 0 0 0 0 0.855944 0 0 0 0 0 0.855944 0 -8.2269 1.88635 0 0 1.88635 0 0 0 0 0 0 0 0 0 0 0 0 0 0 0 0 0 0 0 0 0 0 0 0 0 0 0 1.88635 0 0 0 0 0 
0 0 0 0 0 0 0 0 0 0 0 0.855944 0 0 0 0 0 0 0 0.855944 0 0 0 0 0 0.855944 0.855944 -8.45405 0 0 0 2.51514 0 0 0 0 0 0 0 0 0 0 0 0 0 0 0 0 0 0 0 0 0 0 0 0 0 0 0 2.51514 0 0 0 0 
0 0 0 0 0 0 0 0 0 0 0 0 0.855944 0 0 0 0 0 0 0 0.855944 0 0 0 0.855944 0 0 0 -8.2269 1.88635 1.88635 0 0 0 0 0 0 0 0 0 0 0 0 0 0 0 0 0 0 0 0 0 0 0 0 0 0 0 0 0 1.88635 0 0 0 
0 0 0 0 0 0 0 0 0 0 0 0 0 0.855944 0 0 0 0 0 0 0 0.855944 0 0 0 0.855944 0 0 0.855944 -8.45405 0 2.51514 0 0 0 0 0 0 0 0 0 0 0 0 0 0 0 0 0 0 0 0 0 0 0 0 0 0 0 0 0 2.51514 0 0 
0 0 0 0 0 0 0 0 0 0 0 0 0 0 0.855944 0 0 0 0 0 0 0 0.855944 0 0 0 0.855944 0 0.855944 0 -8.45405 2.51514 0 0 0 0 0 0 0 0 0 0 0 0 0 0 0 0 0 0 0 0 0 0 0 0 0 0 0 0 0 0 2.51514 0 
0 0 0 0 0 0 0 0 0 0 0 0 0 0 0 0.855944 0 0 0 0 0 0 0 0.855944 0 0 0 0.855944 0 0.855944 0.855944 -7.42364 0 0 0 0 0 0 0 0 0 0 0 0 0 0 0 0 0 0 0 0 0 0 0 0 0 0 0 0 0 0 0 3.14392 
0.855944 0 0 0 0 0 0 0 0 0 0 0 0 0 0 0 0 0 0 0 0 0 0 0 0 0 0 0 0 0 0 0 -3.99987 0.628785 0.628785 0 0.628785 0 0 0 0.628785 0 0 0 0 0 0 0 0.628785 0 0 0 0 0 0 0 0 0 0 0 0 0 0 0 
0 0.855944 0 0 0 0 0 0 0 0 0 0 0 0 0 0 0 0 0 0 0 0 0 0 0 0 0 0 0 0 0 0 0.855944 -6.74217 0 1.25757 0 1.25757 0 0 0 1.25757 0 0 0 0 0 0 0 1.25757 0 0 0 0 0 0 0 0 0 0 0 0 0 0 
0 0 0.855944 0 0 0 0 0 0 0 0 0 0 0 0 0 0 0 0 0 0 0 0 0 0 0 0 0 0 0 0 0 0.855944 0 -6.74217 1.25757 0 0 1.25757 0 0 0 1.25757 0 0 0 0 0 0 0 1.25757 0 0 0 0 0 0 0 0 0 0 0 0 0 
0 0 0 0.855944 0 0 0 0 0 0 0 0 0 0 0 0 0 0 0 0 0 0 0 0 0 0 0 0 0 0 0 0 0 0.855944 0.855944 -8.2269 0 0 0 1.88635 0 0 0 1.88635 0 0 0 0 0 0 0 1.88635 0 0 0 0 0 0 0 0 0 0 0 0 
0 0 0 0 0.855944 0 0 0 0 0 0 0 0 0 0 0 0 0 0 0 0 0 0 0 0 0 0 0 0 0 0 0 0.855944 0 0 0 -6.74217 1.25757 1.25757 0 0 0 0 0 1.25757 0 0 0 0 0 0 0 1.25757 0 0 0 0 0 0 0 0 0 0 0 
0 0 0 0 0 0.855944 0 0 0 0 0 0 0 0 0 0 0 0 0 0 0 0 0 0 0 0 0 0 0 0 0 0 0 0.855944 0 0 0.855944 -8.2269 0 1.88635 0 0 0 0 0 1.88635 0 0 0 0 0 0 0 1.88635 0 0 0 0 0 0 0 0 0 0 
0 0 0 0 0 0 0.855944 0 0 0 0 0 0 0 0 0 0 0 0 0 0 0 0 0 0 0 0 0 0 0 0 0 0 0 0.855944 0 0.855944 0 -8.2269 1.88635 0 0 0 0 0 0 1.88635 0 0 0 0 0 0 0 1.88635 0 0 0 0 0 0 0 0 0 
0 0 0 0 0 0 0 0.855944 0 0 0 0 0 0 0 0 0 0 0 0 0 0 0 0 0 0 0 0 0 0 0 0 0 0 0 0.855944 0 0.855944 0.855944 -8.45405 0 0 0 0 0 0 0 2.51514 0 0 0 0 0 0 0 2.51514 0 0 0 0 0 0 0 0 
0 0 0 0 0 0 0 0 0.855944 0 0 0 0 0 0 0 0 0 0 0 0 0 0 0 0 0 0 0 0 0 0 0 0.855944 0 0 0 0 0 0 0 -6.74217 1.25757 1.25757 0 1.25757 0 0 0 0 0 0 0 0 0 0 0 1.25757 0 0 0 0 0 0 0 
0 0 0 0 0 0 0 0 0 0.855944 0 0 0 0 0 0 0 0 0 0 0 0 0 0 0 0 0 0 0 0 0 0 0 0.855944 0 0 0 0 0 0 0.855944 -8.2269 0 1.88635 0 1.88635 0 0 0 0 0 0 0 0 0 0 0 1.88635 0 0 0 0 0 0 
0 0 0 0 0 0 0 0 0 0 0.855944 0 0 0 0 0 0 0 0 0 0 0 0 0 0 0 0 0 0 0 0 0 0 0 0.855944 0 0 0 0 0 0.855944 0 -8.2269 1.88635 0 0 1.88635 0 0 0 0 0 0 0 0 0 0 0 1.88635 0 0 0 0 0 
0 0 0 0 0 0 0 0 0 0 0 0.855944 0 0 0 0 0 0 0 0 0 0 0 0 0 0 0 0 0 0 0 0 0 0 0 0.855944 0 0 0 0 0 0.855944 0.855944 -8.45405 0 0 0 2.51514 0 0 0 0 0 0 0 0 0 0 0 2.51514 0 0 0 0 
0 0 0 0 0 0 0 0 0 0 0 0 0.855944 0 0 0 0 0 0 0 0 0 0 0 0 0 0 0 0 0 0 0 0 0 0 0 0.855944 0 0 0 0.855944 0 0 0 -8.2269 1.88635 1.88635 0 0 0 0 0 0 0 0 0 0 0 0 0 1.88635 0 0 0 
0 0 0 0 0 0 0 0 0 0 0 0 0 0.855944 0 0 0 0 0 0 0 0 0 0 0 0 0 0 0 0 0 0 0 0 0 0 0 0.855944 0 0 0 0.855944 0 0 0.855944 -8.45405 0 2.51514 0 0 0 0 0 0 0 0 0 0 0 0 0 2.51514 0 0 
0 0 0 0 0 0 0 0 0 0 0 0 0 0 0.855944 0 0 0 0 0 0 0 0 0 0 0 0 0 0 0 0 0 0 0 0 0 0 0 0.855944 0 0 0 0.855944 0 0.855944 0 -8.45405 2.51514 0 0 0 0 0 0 0 0 0 0 0 0 0 0 2.51514 0 
0 0 0 0 0 0 0 0 0 0 0 0 0 0 0 0.855944 0 0 0 0 0 0 0 0 0 0 0 0 0 0 0 0 0 0 0 0 0 0 0 0.855944 0 0 0 0.855944 0 0.855944 0.855944 -7.42364 0 0 0 0 0 0 0 0 0 0 0 0 0 0 0 3.14392 
0 0 0 0 0 0 0 0 0 0 0 0 0 0 0 0 0.855944 0 0 0 0 0 0 0 0 0 0 0 0 0 0 0 0.855944 0 0 0 0 0 0 0 0 0 0 0 0 0 0 0 -6.74217 1.25757 1.25757 0 1.25757 0 0 0 1.25757 0 0 0 0 0 0 0 
0 0 0 0 0 0 0 0 0 0 0 0 0 0 0 0 0 0.855944 0 0 0 0 0 0 0 0 0 0 0 0 0 0 0 0.855944 0 0 0 0 0 0 0 0 0 0 0 0 0 0 0.855944 -8.2269 0 1.88635 0 1.88635 0 0 0 1.88635 0 0 0 0 0 0 
0 0 0 0 0 0 0 0 0 0 0 0 0 0 0 0 0 0 0.855944 0 0 0 0 0 0 0 0 0 0 0 0 0 0 0 0.855944 0 0 0 0 0 0 0 0 0 0 0 0 0 0.855944 0 -8.2269 1.88635 0 0 1.88635 0 0 0 1.88635 0 0 0 0 0 
0 0 0 0 0 0 0 0 0 0 0 0 0 0 0 0 0 0 0 0.855944 0 0 0 0 0 0 0 0 0 0 0 0 0 0 0 0.855944 0 0 0 0 0 0 0 0 0 0 0 0 0 0.855944 0.855944 -8.45405 0 0 0 2.51514 0 0 0 2.51514 0 0 0 0 
0 0 0 0 0 0 0 0 0 0 0 0 0 0 0 0 0 0 0 0 0.855944 0 0 0 0 0 0 0 0 0 0 0 0 0 0 0 0.855944 0 0 0 0 0 0 0 0 0 0 0 0.855944 0 0 0 -8.2269 1.88635 1.88635 0 0 0 0 0 1.88635 0 0 0 
0 0 0 0 0 0 0 0 0 0 0 0 0 0 0 0 0 0 0 0 0 0.855944 0 0 0 0 0 0 0 0 0 0 0 0 0 0 0 0.855944 0 0 0 0 0 0 0 0 0 0 0 0.855944 0 0 0.855944 -8.45405 0 2.51514 0 0 0 0 0 2.51514 0 0 
0 0 0 0 0 0 0 0 0 0 0 0 0 0 0 0 0 0 0 0 0 0 0.855944 0 0 0 0 0 0 0 0 0 0 0 0 0 0 0 0.855944 0 0 0 0 0 0 0 0 0 0 0 0.855944 0 0.855944 0 -8.45405 2.51514 0 0 0 0 0 0 2.51514 0 
0 0 0 0 0 0 0 0 0 0 0 0 0 0 0 0 0 0 0 0 0 0 0 0.855944 0 0 0 0 0 0 0 0 0 0 0 0 0 0 0 0.855944 0 0 0 0 0 0 0 0 0 0 0 0.855944 0 0.855944 0.855944 -7.42364 0 0 0 0 0 0 0 3.14392 
0 0 0 0 0 0 0 0 0 0 0 0 0 0 0 0 0 0 0 0 0 0 0 0 0.855944 0 0 0 0 0 0 0 0 0 0 0 0 0 0 0 0.855944 0 0 0 0 0 0 0 0.855944 0 0 0 0 0 0 0 -8.2269 1.88635 1.88635 0 1.88635 0 0 0 
0 0 0 0 0 0 0 0 0 0 0 0 0 0 0 0 0 0 0 0 0 0 0 0 0 0.855944 0 0 0 0 0 0 0 0 0 0 0 0 0 0 0 0.855944 0 0 0 0 0 0 0 0.855944 0 0 0 0 0 0 0.855944 -8.45405 0 2.51514 0 2.51514 0 0 
0 0 0 0 0 0 0 0 0 0 0 0 0 0 0 0 0 0 0 0 0 0 0 0 0 0 0.855944 0 0 0 0 0 0 0 0 0 0 0 0 0 0 0 0.855944 0 0 0 0 0 0 0 0.855944 0 0 0 0 0 0.855944 0 -8.45405 2.51514 0 0 2.51514 0 
0 0 0 0 0 0 0 0 0 0 0 0 0 0 0 0 0 0 0 0 0 0 0 0 0 0 0 0.855944 0 0 0 0 0 0 0 0 0 0 0 0 0 0 0 0.855944 0 0 0 0 0 0 0 0.855944 0 0 0 0 0 0.855944 0.855944 -7.42364 0 0 0 3.14392 
0 0 0 0 0 0 0 0 0 0 0 0 0 0 0 0 0 0 0 0 0 0 0 0 0 0 0 0 0.855944 0 0 0 0 0 0 0 0 0 0 0 0 0 0 0 0.855944 0 0 0 0 0 0 0 0.855944 0 0 0 0.855944 0 0 0 -8.45405 2.51514 2.51514 0 
0 0 0 0 0 0 0 0 0 0 0 0 0 0 0 0 0 0 0 0 0 0 0 0 0 0 0 0 0 0.855944 0 0 0 0 0 0 0 0 0 0 0 0 0 0 0 0.855944 0 0 0 0 0 0 0 0.855944 0 0 0 0.855944 0 0 0.855944 -7.42364 0 3.14392 
0 0 0 0 0 0 0 0 0 0 0 0 0 0 0 0 0 0 0 0 0 0 0 0 0 0 0 0 0 0 0.855944 0 0 0 0 0 0 0 0 0 0 0 0 0 0 0 0.855944 0 0 0 0 0 0 0 0.855944 0 0 0 0.855944 0 0.855944 0 -7.42364 3.14392 
0 0 0 0 0 0 0 0 0 0 0 0 0 0 0 0 0 0 0 0 0 0 0 0 0 0 0 0 0 0 0 0.855944 0 0 0 0 0 0 0 0 0 0 0 0 0 0 0 0.855944 0 0 0 0 0 0 0 0.855944 0 0 0 0.855944 0 0.855944 0.855944 -5.13566 
