32
-0 0 0 0 0 0 0 0 0 0 0 0 0 0 0 0 0 0 0 0 0 0 0 0 0 0 0 0 0 0 0 0 
0.276418 -1.36658 0 0.27254 0 0.27254 0 0 0 0.27254 0 0 0 0 0 0 0 0.27254 0 0 0 0 0 0 0 0 0 0 0 0 0 0 
0.276418 0 -1.36658 0.27254 0 0 0.27254 0 0 0 0.27254 0 0 0 0 0 0 0 0.27254 0 0 0 0 0 0 0 0 0 0 0 0 0 
0 0.276418 0.276418 -2.18808 0 0 0 0.545081 0 0 0 0.545081 0 0 0 0 0 0 0 0.545081 0 0 0 0 0 0 0 0 0 0 0 0 
0.276418 0 0 0 -1.36658 0.27254 0.27254 0 0 0 0 0 0.27254 0 0 0 0 0 0 0 0.27254 0 0 0 0 0 0 0 0 0 0 0 
0 0.276418 0 0 0.276418 -2.18808 0 0.545081 0 0 0 0 0 0.545081 0 0 0 0 0 0 0 0.545081 0 0 0 0 0 0 0 0 0 0 
0 0 0.276418 0 0.276418 0 -2.18808 0.545081 0 0 0 0 0 0 0.545081 0 0 0 0 0 0 0 0.545081 0 0 0 0 0 0 0 0 0 
0 0 0 0.276418 0 0.276418 0.276418 -2.4645 0 0 0 0 0 0 0 0.817621 0 0 0 0 0 0 0 0.817621 0 0 0 0 0 0 0 0 
0.276418 0 0 0 0 0 0 0 -1.36658 0.27254 0.27254 0 0.27254 0 0 0 0 0 0 0 0 0 0 0 0.27254 0 0 0 0 0 0 0 
0 0.276418 0 0 0 0 0 0 0.276418 -2.18808 0 0.545081 0 0.545081 0 0 0 0 0 0 0 0 0 0 0 0.545081 0 0 0 0 0 0 
0 0 0.276418 0 0 0 0 0 0.276418 0 -2.18808 0.545081 0 0 0.545081 0 0 0 0 0 0 0 0 0 0 0 0.545081 0 0 0 0 0 
0 0 0 0.276418 0 0 0 0 0 0.276418 0.276418 -2.4645 0 0 0 0.817621 0 0 0 0 0 0 0 0 0 0 0 0.817621 0 0 0 0 
0 0 0 0 0.276418 0 0 0 0.276418 0 0 0 -2.18808 0.545081 0.545081 0 0 0 0 0 0 0 0 0 0 0 0 0 0.545081 0 0 0 
0 0 0 0 0 0.276418 0 0 0 0.276418 0 0 0.276418 -2.4645 0 0.817621 0 0 0 0 0 0 0 0 0 0 0 0 0 0.817621 0 0 
0 0 0 0 0 0 0.276418 0 0 0 0.276418 0 0.276418 0 -2.4645 0.817621 0 0 0 0 0 0 0 0 0 0 0 0 0 0 0.817621 0 
0 0 0 0 0 0 0 0.276418 0 0 0 0.276418 0 0.276418 0.276418 -2.19584 0 0 0 0 0 0 0 0 0 0 0 0 0 0 0 1.09016 
0.276418 0 0 0 0 0 0 0 0 0 0 0 0 0 0 0 -1.36658 0.27254 0.27254 0 0.27254 0 0 0 0.27254 0 0 0 0 0 0 0 
0 0.276418 0 0 0 0 0 0 0 0 0 0 0 0 0 0 0.276418 -2.18808 0 0.545081 0 0.545081 0 0 0 0.545081 0 0 0 0 0 0 
0 0 0.276418 0 0 0 0 0 0 0 0 0 0 0 0 0 0.276418 0 -2.18808 0.545081 0 0 0.545081 0 0 0 0.545081 0 0 0 0 0 
0 0 0 0.276418 0 0 0 0 0 0 0 0 0 0 0 0 0 0.276418 0.276418 -2.4645 0 0 0 0.817621 0 0 0 0.817621 0 0 0 0 
0 0 0 0 0.276418 0 0 0 0 0 0 0 0 0 0 0 0.276418 0 0 0 -2.18808 0.545081 0.545081 0 0 0 0 0 0.545081 0 0 0 
0 0 0 0 0 0.276418 0 0 0 0 0 0 0 0 0 0 0 0.276418 0 0 0.276418 -2.4645 0 0.817621 0 0 0 0 0 0.817621 0 0 
0 0 0 0 0 0 0.276418 0 0 0 0 0 0 0 0 0 0 0 0.276418 0 0.276418 0 -2.4645 0.817621 0 0 0 0 0 0 0.817621 0 
0 0 0 0 0 0 0 0.276418 0 0 0 0 0 0 0 0 0 0 0 0.276418 0 0.276418 0.276418 -2.19584 0 0 0 0 0 0 0 1.09016 
0 0 0 0 0 0 0 0 0.276418 0 0 0 0 0 0 0 0.276418 0 0 0 0 0 0 0 -2.18808 0.545081 0.545081 0 0.545081 0 0 0 
0 0 0 0 0 0 0 0 0 0.276418 0 0 0 0 0 0 0 0.276418 0 0 0 0 0 0 0.276418 -2.4645 0 0.817621 0 0.817621 0 0 
0 0 0 0 0 0 0 0 0 0 0.276418 0 0 0 0 0 0 0 0.276418 0 0 0 0 0 0.276418 0 -2.4645 0.817621 0 0 0.817621 0 
0 0 0 0 0 0 0 0 0 0 0 0.276418 0 0 0 0 0 0 0 0.276418 0 0 0 0 0 0.276418 0.276418 -2.19584 0 0 0 1.09016 
0 0 0 0 0 0 0 0 0 0 0 0 0.276418 0 0 0 0 0 0 0 0.276418 0 0 0 0.276418 0 0 0 -2.4645 0.817621 0.817621 0 
0 0 0 0 0 0 0 0 0 0 0 0 0 0.276418 0 0 0 0 0 0 0 0.276418 0 0 0 0.276418 0 0 0.276418 -2.19584 0 1.09016 
0 0 0 0 0 0 0 0 0 0 0 0 0 0 0.276418 0 0 0 0 0 0 0 0.276418 0 0 0 0.276418 0 0.276418 0 -2.19584 1.09016 
0 0 0 0 0 0 0 0 0 0 0 0 0 0 0 0.276418 0 0 0 0 0 0 0 0.276418 0 0 0 0.276418 0 0.276418 0.276418 -1.38209 
