32
-0 0 0 0 0 0 0 0 0 0 0 0 0 0 0 0 0 0 0 0 0 0 0 0 0 0 0 0 0 0 0 0 
0.480886 -2.87732 0 0.599108 0 0.599108 0 0 0 0.599108 0 0 0 0 0 0 0 0.599108 0 0 0 0 0 0 0 0 0 0 0 0 0 0 
0.480886 0 -2.87732 0.599108 0 0 0.599108 0 0 0 0.599108 0 0 0 0 0 0 0 0.599108 0 0 0 0 0 0 0 0 0 0 0 0 0 
0 0.480886 0.480886 -4.55642 0 0 0 1.19822 0 0 0 1.19822 0 0 0 0 0 0 0 1.19822 0 0 0 0 0 0 0 0 0 0 0 0 
0.480886 0 0 0 -2.87732 0.599108 0.599108 0 0 0 0 0 0.599108 0 0 0 0 0 0 0 0.599108 0 0 0 0 0 0 0 0 0 0 0 
0 0.480886 0 0 0.480886 -4.55642 0 1.19822 0 0 0 0 0 1.19822 0 0 0 0 0 0 0 1.19822 0 0 0 0 0 0 0 0 0 0 
0 0 0.480886 0 0.480886 0 -4.55642 1.19822 0 0 0 0 0 0 1.19822 0 0 0 0 0 0 0 1.19822 0 0 0 0 0 0 0 0 0 
0 0 0 0.480886 0 0.480886 0.480886 -5.0373 0 0 0 0 0 0 0 1.79732 0 0 0 0 0 0 0 1.79732 0 0 0 0 0 0 0 0 
0.480886 0 0 0 0 0 0 0 -2.87732 0.599108 0.599108 0 0.599108 0 0 0 0 0 0 0 0 0 0 0 0.599108 0 0 0 0 0 0 0 
0 0.480886 0 0 0 0 0 0 0.480886 -4.55642 0 1.19822 0 1.19822 0 0 0 0 0 0 0 0 0 0 0 1.19822 0 0 0 0 0 0 
0 0 0.480886 0 0 0 0 0 0.480886 0 -4.55642 1.19822 0 0 1.19822 0 0 0 0 0 0 0 0 0 0 0 1.19822 0 0 0 0 0 
0 0 0 0.480886 0 0 0 0 0 0.480886 0.480886 -5.0373 0 0 0 1.79732 0 0 0 0 0 0 0 0 0 0 0 1.79732 0 0 0 0 
0 0 0 0 0.480886 0 0 0 0.480886 0 0 0 -4.55642 1.19822 1.19822 0 0 0 0 0 0 0 0 0 0 0 0 0 1.19822 0 0 0 
0 0 0 0 0 0.480886 0 0 0 0.480886 0 0 0.480886 -5.0373 0 1.79732 0 0 0 0 0 0 0 0 0 0 0 0 0 1.79732 0 0 
0 0 0 0 0 0 0.480886 0 0 0 0.480886 0 0.480886 0 -5.0373 1.79732 0 0 0 0 0 0 0 0 0 0 0 0 0 0 1.79732 0 
0 0 0 0 0 0 0 0.480886 0 0 0 0.480886 0 0.480886 0.480886 -4.31997 0 0 0 0 0 0 0 0 0 0 0 0 0 0 0 2.39643 
0.480886 0 0 0 0 0 0 0 0 0 0 0 0 0 0 0 -2.87732 0.599108 0.599108 0 0.599108 0 0 0 0.599108 0 0 0 0 0 0 0 
0 0.480886 0 0 0 0 0 0 0 0 0 0 0 0 0 0 0.480886 -4.55642 0 1.19822 0 1.19822 0 0 0 1.19822 0 0 0 0 0 0 
0 0 0.480886 0 0 0 0 0 0 0 0 0 0 0 0 0 0.480886 0 -4.55642 1.19822 0 0 1.19822 0 0 0 1.19822 0 0 0 0 0 
0 0 0 0.480886 0 0 0 0 0 0 0 0 0 0 0 0 0 0.480886 0.480886 -5.0373 0 0 0 1.79732 0 0 0 1.79732 0 0 0 0 
0 0 0 0 0.480886 0 0 0 0 0 0 0 0 0 0 0 0.480886 0 0 0 -4.55642 1.19822 1.19822 0 0 0 0 0 1.19822 0 0 0 
0 0 0 0 0 0.480886 0 0 0 0 0 0 0 0 0 0 0 0.480886 0 0 0.480886 -5.0373 0 1.79732 0 0 0 0 0 1.79732 0 0 
0 0 0 0 0 0 0.480886 0 0 0 0 0 0 0 0 0 0 0 0.480886 0 0.480886 0 -5.0373 1.79732 0 0 0 0 0 0 1.79732 0 
0 0 0 0 0 0 0 0.480886 0 0 0 0 0 0 0 0 0 0 0 0.480886 0 0.480886 0.480886 -4.31997 0 0 0 0 0 0 0 2.39643 
0 0 0 0 0 0 0 0 0.480886 0 0 0 0 0 0 0 0.480886 0 0 0 0 0 0 0 -4.55642 1.19822 1.19822 0 1.19822 0 0 0 
0 0 0 0 0 0 0 0 0 0.480886 0 0 0 0 0 0 0 0.480886 0 0 0 0 0 0 0.480886 -5.0373 0 1.79732 0 1.79732 0 0 
0 0 0 0 0 0 0 0 0 0 0.480886 0 0 0 0 0 0 0 0.480886 0 0 0 0 0 0.480886 0 -5.0373 1.79732 0 0 1.79732 0 
0 0 0 0 0 0 0 0 0 0 0 0.480886 0 0 0 0 0 0 0 0.480886 0 0 0 0 0 0.480886 0.480886 -4.31997 0 0 0 2.39643 
0 0 0 0 0 0 0 0 0 0 0 0 0.480886 0 0 0 0 0 0 0 0.480886 0 0 0 0.480886 0 0 0 -5.0373 1.79732 1.79732 0 
0 0 0 0 0 0 0 0 0 0 0 0 0 0.480886 0 0 0 0 0 0 0 0.480886 0 0 0 0.480886 0 0 0.480886 -4.31997 0 2.39643 
0 0 0 0 0 0 0 0 0 0 0 0 0 0 0.480886 0 0 0 0 0 0 0 0.480886 0 0 0 0.480886 0 0.480886 0 -4.31997 2.39643 
0 0 0 0 0 0 0 0 0 0 0 0 0 0 0 0.480886 0 0 0 0 0 0 0 0.480886 0 0 0 0.480886 0 0.480886 0.480886 -2.40443 
