32
-0 0 0 0 0 0 0 0 0 0 0 0 0 0 0 0 0 0 0 0 0 0 0 0 0 0 0 0 0 0 0 0 
0.194109 -1.38458 0 0.297618 0 0.297618 0 0 0 0.297618 0 0 0 0 0 0 0 0.297618 0 0 0 0 0 0 0 0 0 0 0 0 0 0 
0.194109 0 -1.38458 0.297618 0 0 0.297618 0 0 0 0.297618 0 0 0 0 0 0 0 0.297618 0 0 0 0 0 0 0 0 0 0 0 0 0 
0 0.194109 0.194109 -2.17393 0 0 0 0.595236 0 0 0 0.595236 0 0 0 0 0 0 0 0.595236 0 0 0 0 0 0 0 0 0 0 0 0 
0.194109 0 0 0 -1.38458 0.297618 0.297618 0 0 0 0 0 0.297618 0 0 0 0 0 0 0 0.297618 0 0 0 0 0 0 0 0 0 0 0 
0 0.194109 0 0 0.194109 -2.17393 0 0.595236 0 0 0 0 0 0.595236 0 0 0 0 0 0 0 0.595236 0 0 0 0 0 0 0 0 0 0 
0 0 0.194109 0 0.194109 0 -2.17393 0.595236 0 0 0 0 0 0 0.595236 0 0 0 0 0 0 0 0.595236 0 0 0 0 0 0 0 0 0 
0 0 0 0.194109 0 0.194109 0.194109 -2.36803 0 0 0 0 0 0 0 0.892854 0 0 0 0 0 0 0 0.892854 0 0 0 0 0 0 0 0 
0.194109 0 0 0 0 0 0 0 -1.38458 0.297618 0.297618 0 0.297618 0 0 0 0 0 0 0 0 0 0 0 0.297618 0 0 0 0 0 0 0 
0 0.194109 0 0 0 0 0 0 0.194109 -2.17393 0 0.595236 0 0.595236 0 0 0 0 0 0 0 0 0 0 0 0.595236 0 0 0 0 0 0 
0 0 0.194109 0 0 0 0 0 0.194109 0 -2.17393 0.595236 0 0 0.595236 0 0 0 0 0 0 0 0 0 0 0 0.595236 0 0 0 0 0 
0 0 0 0.194109 0 0 0 0 0 0.194109 0.194109 -2.36803 0 0 0 0.892854 0 0 0 0 0 0 0 0 0 0 0 0.892854 0 0 0 0 
0 0 0 0 0.194109 0 0 0 0.194109 0 0 0 -2.17393 0.595236 0.595236 0 0 0 0 0 0 0 0 0 0 0 0 0 0.595236 0 0 0 
0 0 0 0 0 0.194109 0 0 0 0.194109 0 0 0.194109 -2.36803 0 0.892854 0 0 0 0 0 0 0 0 0 0 0 0 0 0.892854 0 0 
0 0 0 0 0 0 0.194109 0 0 0 0.194109 0 0.194109 0 -2.36803 0.892854 0 0 0 0 0 0 0 0 0 0 0 0 0 0 0.892854 0 
0 0 0 0 0 0 0 0.194109 0 0 0 0.194109 0 0.194109 0.194109 -1.96691 0 0 0 0 0 0 0 0 0 0 0 0 0 0 0 1.19047 
0.194109 0 0 0 0 0 0 0 0 0 0 0 0 0 0 0 -1.38458 0.297618 0.297618 0 0.297618 0 0 0 0.297618 0 0 0 0 0 0 0 
0 0.194109 0 0 0 0 0 0 0 0 0 0 0 0 0 0 0.194109 -2.17393 0 0.595236 0 0.595236 0 0 0 0.595236 0 0 0 0 0 0 
0 0 0.194109 0 0 0 0 0 0 0 0 0 0 0 0 0 0.194109 0 -2.17393 0.595236 0 0 0.595236 0 0 0 0.595236 0 0 0 0 0 
0 0 0 0.194109 0 0 0 0 0 0 0 0 0 0 0 0 0 0.194109 0.194109 -2.36803 0 0 0 0.892854 0 0 0 0.892854 0 0 0 0 
0 0 0 0 0.194109 0 0 0 0 0 0 0 0 0 0 0 0.194109 0 0 0 -2.17393 0.595236 0.595236 0 0 0 0 0 0.595236 0 0 0 
0 0 0 0 0 0.194109 0 0 0 0 0 0 0 0 0 0 0 0.194109 0 0 0.194109 -2.36803 0 0.892854 0 0 0 0 0 0.892854 0 0 
0 0 0 0 0 0 0.194109 0 0 0 0 0 0 0 0 0 0 0 0.194109 0 0.194109 0 -2.36803 0.892854 0 0 0 0 0 0 0.892854 0 
0 0 0 0 0 0 0 0.194109 0 0 0 0 0 0 0 0 0 0 0 0.194109 0 0.194109 0.194109 -1.96691 0 0 0 0 0 0 0 1.19047 
0 0 0 0 0 0 0 0 0.194109 0 0 0 0 0 0 0 0.194109 0 0 0 0 0 0 0 -2.17393 0.595236 0.595236 0 0.595236 0 0 0 
0 0 0 0 0 0 0 0 0 0.194109 0 0 0 0 0 0 0 0.194109 0 0 0 0 0 0 0.194109 -2.36803 0 0.892854 0 0.892854 0 0 
0 0 0 0 0 0 0 0 0 0 0.194109 0 0 0 0 0 0 0 0.194109 0 0 0 0 0 0.194109 0 -2.36803 0.892854 0 0 0.892854 0 
0 0 0 0 0 0 0 0 0 0 0 0.194109 0 0 0 0 0 0 0 0.194109 0 0 0 0 0 0.194109 0.194109 -1.96691 0 0 0 1.19047 
0 0 0 0 0 0 0 0 0 0 0 0 0.194109 0 0 0 0 0 0 0 0.194109 0 0 0 0.194109 0 0 0 -2.36803 0.892854 0.892854 0 
0 0 0 0 0 0 0 0 0 0 0 0 0 0.194109 0 0 0 0 0 0 0 0.194109 0 0 0 0.194109 0 0 0.194109 -1.96691 0 1.19047 
0 0 0 0 0 0 0 0 0 0 0 0 0 0 0.194109 0 0 0 0 0 0 0 0.194109 0 0 0 0.194109 0 0.194109 0 -1.96691 1.19047 
0 0 0 0 0 0 0 0 0 0 0 0 0 0 0 0.194109 0 0 0 0 0 0 0 0.194109 0 0 0 0.194109 0 0.194109 0.194109 -0.970544 
