64
-0 0 0 0 0 0 0 0 0 0 0 0 0 0 0 0 0 0 0 0 0 0 0 0 0 0 0 0 0 0 0 0 0 0 0 0 0 0 0 0 0 0 0 0 0 0 0 0 0 0 0 0 0 0 0 0 0 0 0 0 0 0 0 0 
0.41692 -1.99924 0 0.316464 0 0.316464 0 0 0 0.316464 0 0 0 0 0 0 0 0.316464 0 0 0 0 0 0 0 0 0 0 0 0 0 0 0 0.316464 0 0 0 0 0 0 0 0 0 0 0 0 0 0 0 0 0 0 0 0 0 0 0 0 0 0 0 0 0 0 
0.41692 0 -1.99924 0.316464 0 0 0.316464 0 0 0 0.316464 0 0 0 0 0 0 0 0.316464 0 0 0 0 0 0 0 0 0 0 0 0 0 0 0 0.316464 0 0 0 0 0 0 0 0 0 0 0 0 0 0 0 0 0 0 0 0 0 0 0 0 0 0 0 0 0 
0 0.41692 0.41692 -3.36556 0 0 0 0.632929 0 0 0 0.632929 0 0 0 0 0 0 0 0.632929 0 0 0 0 0 0 0 0 0 0 0 0 0 0 0 0.632929 0 0 0 0 0 0 0 0 0 0 0 0 0 0 0 0 0 0 0 0 0 0 0 0 0 0 0 0 
0.41692 0 0 0 -1.99924 0.316464 0.316464 0 0 0 0 0 0.316464 0 0 0 0 0 0 0 0.316464 0 0 0 0 0 0 0 0 0 0 0 0 0 0 0 0.316464 0 0 0 0 0 0 0 0 0 0 0 0 0 0 0 0 0 0 0 0 0 0 0 0 0 0 0 
0 0.41692 0 0 0.41692 -3.36556 0 0.632929 0 0 0 0 0 0.632929 0 0 0 0 0 0 0 0.632929 0 0 0 0 0 0 0 0 0 0 0 0 0 0 0 0.632929 0 0 0 0 0 0 0 0 0 0 0 0 0 0 0 0 0 0 0 0 0 0 0 0 0 0 
0 0 0.41692 0 0.41692 0 -3.36556 0.632929 0 0 0 0 0 0 0.632929 0 0 0 0 0 0 0 0.632929 0 0 0 0 0 0 0 0 0 0 0 0 0 0 0 0.632929 0 0 0 0 0 0 0 0 0 0 0 0 0 0 0 0 0 0 0 0 0 0 0 0 0 
0 0 0 0.41692 0 0.41692 0.41692 -4.09894 0 0 0 0 0 0 0 0.949393 0 0 0 0 0 0 0 0.949393 0 0 0 0 0 0 0 0 0 0 0 0 0 0 0 0.949393 0 0 0 0 0 0 0 0 0 0 0 0 0 0 0 0 0 0 0 0 0 0 0 0 
0.41692 0 0 0 0 0 0 0 -1.99924 0.316464 0.316464 0 0.316464 0 0 0 0 0 0 0 0 0 0 0 0.316464 0 0 0 0 0 0 0 0 0 0 0 0 0 0 0 0.316464 0 0 0 0 0 0 0 0 0 0 0 0 0 0 0 0 0 0 0 0 0 0 0 
0 0.41692 0 0 0 0 0 0 0.41692 -3.36556 0 0.632929 0 0.632929 0 0 0 0 0 0 0 0 0 0 0 0.632929 0 0 0 0 0 0 0 0 0 0 0 0 0 0 0 0.632929 0 0 0 0 0 0 0 0 0 0 0 0 0 0 0 0 0 0 0 0 0 0 
0 0 0.41692 0 0 0 0 0 0.41692 0 -3.36556 0.632929 0 0 0.632929 0 0 0 0 0 0 0 0 0 0 0 0.632929 0 0 0 0 0 0 0 0 0 0 0 0 0 0 0 0.632929 0 0 0 0 0 0 0 0 0 0 0 0 0 0 0 0 0 0 0 0 0 
0 0 0 0.41692 0 0 0 0 0 0.41692 0.41692 -4.09894 0 0 0 0.949393 0 0 0 0 0 0 0 0 0 0 0 0.949393 0 0 0 0 0 0 0 0 0 0 0 0 0 0 0 0.949393 0 0 0 0 0 0 0 0 0 0 0 0 0 0 0 0 0 0 0 0 
0 0 0 0 0.41692 0 0 0 0.41692 0 0 0 -3.36556 0.632929 0.632929 0 0 0 0 0 0 0 0 0 0 0 0 0 0.632929 0 0 0 0 0 0 0 0 0 0 0 0 0 0 0 0.632929 0 0 0 0 0 0 0 0 0 0 0 0 0 0 0 0 0 0 0 
0 0 0 0 0 0.41692 0 0 0 0.41692 0 0 0.41692 -4.09894 0 0.949393 0 0 0 0 0 0 0 0 0 0 0 0 0 0.949393 0 0 0 0 0 0 0 0 0 0 0 0 0 0 0 0.949393 0 0 0 0 0 0 0 0 0 0 0 0 0 0 0 0 0 0 
0 0 0 0 0 0 0.41692 0 0 0 0.41692 0 0.41692 0 -4.09894 0.949393 0 0 0 0 0 0 0 0 0 0 0 0 0 0 0.949393 0 0 0 0 0 0 0 0 0 0 0 0 0 0 0 0.949393 0 0 0 0 0 0 0 0 0 0 0 0 0 0 0 0 0 
0 0 0 0 0 0 0 0.41692 0 0 0 0.41692 0 0.41692 0.41692 -4.1994 0 0 0 0 0 0 0 0 0 0 0 0 0 0 0 1.26586 0 0 0 0 0 0 0 0 0 0 0 0 0 0 0 1.26586 0 0 0 0 0 0 0 0 0 0 0 0 0 0 0 0 
0.41692 0 0 0 0 0 0 0 0 0 0 0 0 0 0 0 -1.99924 0.316464 0.316464 0 0.316464 0 0 0 0.316464 0 0 0 0 0 0 0 0 0 0 0 0 0 0 0 0 0 0 0 0 0 0 0 0.316464 0 0 0 0 0 0 0 0 0 0 0 0 0 0 0 
0 0.41692 0 0 0 0 0 0 0 0 0 0 0 0 0 0 0.41692 -3.36556 0 0.632929 0 0.632929 0 0 0 0.632929 0 0 0 0 0 0 0 0 0 0 0 0 0 0 0 0 0 0 0 0 0 0 0 0.632929 0 0 0 0 0 0 0 0 0 0 0 0 0 0 
0 0 0.41692 0 0 0 0 0 0 0 0 0 0 0 0 0 0.41692 0 -3.36556 0.632929 0 0 0.632929 0 0 0 0.632929 0 0 0 0 0 0 0 0 0 0 0 0 0 0 0 0 0 0 0 0 0 0 0 0.632929 0 0 0 0 0 0 0 0 0 0 0 0 0 
0 0 0 0.41692 0 0 0 0 0 0 0 0 0 0 0 0 0 0.41692 0.41692 -4.09894 0 0 0 0.949393 0 0 0 0.949393 0 0 0 0 0 0 0 0 0 0 0 0 0 0 0 0 0 0 0 0 0 0 0 0.949393 0 0 0 0 0 0 0 0 0 0 0 0 
0 0 0 0 0.41692 0 0 0 0 0 0 0 0 0 0 0 0.41692 0 0 0 -3.36556 0.632929 0.632929 0 0 0 0 0 0.632929 0 0 0 0 0 0 0 0 0 0 0 0 0 0 0 0 0 0 0 0 0 0 0 0.632929 0 0 0 0 0 0 0 0 0 0 0 
0 0 0 0 0 0.41692 0 0 0 0 0 0 0 0 0 0 0 0.41692 0 0 0.41692 -4.09894 0 0.949393 0 0 0 0 0 0.949393 0 0 0 0 0 0 0 0 0 0 0 0 0 0 0 0 0 0 0 0 0 0 0 0.949393 0 0 0 0 0 0 0 0 0 0 
0 0 0 0 0 0 0.41692 0 0 0 0 0 0 0 0 0 0 0 0.41692 0 0.41692 0 -4.09894 0.949393 0 0 0 0 0 0 0.949393 0 0 0 0 0 0 0 0 0 0 0 0 0 0 0 0 0 0 0 0 0 0 0 0.949393 0 0 0 0 0 0 0 0 0 
0 0 0 0 0 0 0 0.41692 0 0 0 0 0 0 0 0 0 0 0 0.41692 0 0.41692 0.41692 -4.1994 0 0 0 0 0 0 0 1.26586 0 0 0 0 0 0 0 0 0 0 0 0 0 0 0 0 0 0 0 0 0 0 0 1.26586 0 0 0 0 0 0 0 0 
0 0 0 0 0 0 0 0 0.41692 0 0 0 0 0 0 0 0.41692 0 0 0 0 0 0 0 -3.36556 0.632929 0.632929 0 0.632929 0 0 0 0 0 0 0 0 0 0 0 0 0 0 0 0 0 0 0 0 0 0 0 0 0 0 0 0.632929 0 0 0 0 0 0 0 
0 0 0 0 0 0 0 0 0 0.41692 0 0 0 0 0 0 0 0.41692 0 0 0 0 0 0 0.41692 -4.09894 0 0.949393 0 0.949393 0 0 0 0 0 0 0 0 0 0 0 0 0 0 0 0 0 0 0 0 0 0 0 0 0 0 0 0.949393 0 0 0 0 0 0 
0 0 0 0 0 0 0 0 0 0 0.41692 0 0 0 0 0 0 0 0.41692 0 0 0 0 0 0.41692 0 -4.09894 0.949393 0 0 0.949393 0 0 0 0 0 0 0 0 0 0 0 0 0 0 0 0 0 0 0 0 0 0 0 0 0 0 0 0.949393 0 0 0 0 0 
0 0 0 0 0 0 0 0 0 0 0 0.41692 0 0 0 0 0 0 0 0.41692 0 0 0 0 0 0.41692 0.41692 -4.1994 0 0 0 1.26586 0 0 0 0 0 0 0 0 0 0 0 0 0 0 0 0 0 0 0 0 0 0 0 0 0 0 0 1.26586 0 0 0 0 
0 0 0 0 0 0 0 0 0 0 0 0 0.41692 0 0 0 0 0 0 0 0.41692 0 0 0 0.41692 0 0 0 -4.09894 0.949393 0.949393 0 0 0 0 0 0 0 0 0 0 0 0 0 0 0 0 0 0 0 0 0 0 0 0 0 0 0 0 0 0.949393 0 0 0 
0 0 0 0 0 0 0 0 0 0 0 0 0 0.41692 0 0 0 0 0 0 0 0.41692 0 0 0 0.41692 0 0 0.41692 -4.1994 0 1.26586 0 0 0 0 0 0 0 0 0 0 0 0 0 0 0 0 0 0 0 0 0 0 0 0 0 0 0 0 0 1.26586 0 0 
0 0 0 0 0 0 0 0 0 0 0 0 0 0 0.41692 0 0 0 0 0 0 0 0.41692 0 0 0 0.41692 0 0.41692 0 -4.1994 1.26586 0 0 0 0 0 0 0 0 0 0 0 0 0 0 0 0 0 0 0 0 0 0 0 0 0 0 0 0 0 0 1.26586 0 
0 0 0 0 0 0 0 0 0 0 0 0 0 0 0 0.41692 0 0 0 0 0 0 0 0.41692 0 0 0 0.41692 0 0.41692 0.41692 -3.66692 0 0 0 0 0 0 0 0 0 0 0 0 0 0 0 0 0 0 0 0 0 0 0 0 0 0 0 0 0 0 0 1.58232 
0.41692 0 0 0 0 0 0 0 0 0 0 0 0 0 0 0 0 0 0 0 0 0 0 0 0 0 0 0 0 0 0 0 -1.99924 0.316464 0.316464 0 0.316464 0 0 0 0.316464 0 0 0 0 0 0 0 0.316464 0 0 0 0 0 0 0 0 0 0 0 0 0 0 0 
0 0.41692 0 0 0 0 0 0 0 0 0 0 0 0 0 0 0 0 0 0 0 0 0 0 0 0 0 0 0 0 0 0 0.41692 -3.36556 0 0.632929 0 0.632929 0 0 0 0.632929 0 0 0 0 0 0 0 0.632929 0 0 0 0 0 0 0 0 0 0 0 0 0 0 
0 0 0.41692 0 0 0 0 0 0 0 0 0 0 0 0 0 0 0 0 0 0 0 0 0 0 0 0 0 0 0 0 0 0.41692 0 -3.36556 0.632929 0 0 0.632929 0 0 0 0.632929 0 0 0 0 0 0 0 0.632929 0 0 0 0 0 0 0 0 0 0 0 0 0 
0 0 0 0.41692 0 0 0 0 0 0 0 0 0 0 0 0 0 0 0 0 0 0 0 0 0 0 0 0 0 0 0 0 0 0.41692 0.41692 -4.09894 0 0 0 0.949393 0 0 0 0.949393 0 0 0 0 0 0 0 0.949393 0 0 0 0 0 0 0 0 0 0 0 0 
0 0 0 0 0.41692 0 0 0 0 0 0 0 0 0 0 0 0 0 0 0 0 0 0 0 0 0 0 0 0 0 0 0 0.41692 0 0 0 -3.36556 0.632929 0.632929 0 0 0 0 0 0.632929 0 0 0 0 0 0 0 0.632929 0 0 0 0 0 0 0 0 0 0 0 
0 0 0 0 0 0.41692 0 0 0 0 0 0 0 0 0 0 0 0 0 0 0 0 0 0 0 0 0 0 0 0 0 0 0 0.41692 0 0 0.41692 -4.09894 0 0.949393 0 0 0 0 0 0.949393 0 0 0 0 0 0 0 0.949393 0 0 0 0 0 0 0 0 0 0 
0 0 0 0 0 0 0.41692 0 0 0 0 0 0 0 0 0 0 0 0 0 0 0 0 0 0 0 0 0 0 0 0 0 0 0 0.41692 0 0.41692 0 -4.09894 0.949393 0 0 0 0 0 0 0.949393 0 0 0 0 0 0 0 0.949393 0 0 0 0 0 0 0 0 0 
0 0 0 0 0 0 0 0.41692 0 0 0 0 0 0 0 0 0 0 0 0 0 0 0 0 0 0 0 0 0 0 0 0 0 0 0 0.41692 0 0.41692 0.41692 -4.1994 0 0 0 0 0 0 0 1.26586 0 0 0 0 0 0 0 1.26586 0 0 0 0 0 0 0 0 
0 0 0 0 0 0 0 0 0.41692 0 0 0 0 0 0 0 0 0 0 0 0 0 0 0 0 0 0 0 0 0 0 0 0.41692 0 0 0 0 0 0 0 -3.36556 0.632929 0.632929 0 0.632929 0 0 0 0 0 0 0 0 0 0 0 0.632929 0 0 0 0 0 0 0 
0 0 0 0 0 0 0 0 0 0.41692 0 0 0 0 0 0 0 0 0 0 0 0 0 0 0 0 0 0 0 0 0 0 0 0.41692 0 0 0 0 0 0 0.41692 -4.09894 0 0.949393 0 0.949393 0 0 0 0 0 0 0 0 0 0 0 0.949393 0 0 0 0 0 0 
0 0 0 0 0 0 0 0 0 0 0.41692 0 0 0 0 0 0 0 0 0 0 0 0 0 0 0 0 0 0 0 0 0 0 0 0.41692 0 0 0 0 0 0.41692 0 -4.09894 0.949393 0 0 0.949393 0 0 0 0 0 0 0 0 0 0 0 0.949393 0 0 0 0 0 
0 0 0 0 0 0 0 0 0 0 0 0.41692 0 0 0 0 0 0 0 0 0 0 0 0 0 0 0 0 0 0 0 0 0 0 0 0.41692 0 0 0 0 0 0.41692 0.41692 -4.1994 0 0 0 1.26586 0 0 0 0 0 0 0 0 0 0 0 1.26586 0 0 0 0 
0 0 0 0 0 0 0 0 0 0 0 0 0.41692 0 0 0 0 0 0 0 0 0 0 0 0 0 0 0 0 0 0 0 0 0 0 0 0.41692 0 0 0 0.41692 0 0 0 -4.09894 0.949393 0.949393 0 0 0 0 0 0 0 0 0 0 0 0 0 0.949393 0 0 0 
0 0 0 0 0 0 0 0 0 0 0 0 0 0.41692 0 0 0 0 0 0 0 0 0 0 0 0 0 0 0 0 0 0 0 0 0 0 0 0.41692 0 0 0 0.41692 0 0 0.41692 -4.1994 0 1.26586 0 0 0 0 0 0 0 0 0 0 0 0 0 1.26586 0 0 
0 0 0 0 0 0 0 0 0 0 0 0 0 0 0.41692 0 0 0 0 0 0 0 0 0 0 0 0 0 0 0 0 0 0 0 0 0 0 0 0.41692 0 0 0 0.41692 0 0.41692 0 -4.1994 1.26586 0 0 0 0 0 0 0 0 0 0 0 0 0 0 1.26586 0 
0 0 0 0 0 0 0 0 0 0 0 0 0 0 0 0.41692 0 0 0 0 0 0 0 0 0 0 0 0 0 0 0 0 0 0 0 0 0 0 0 0.41692 0 0 0 0.41692 0 0.41692 0.41692 -3.66692 0 0 0 0 0 0 0 0 0 0 0 0 0 0 0 1.58232 
0 0 0 0 0 0 0 0 0 0 0 0 0 0 0 0 0.41692 0 0 0 0 0 0 0 0 0 0 0 0 0 0 0 0.41692 0 0 0 0 0 0 0 0 0 0 0 0 0 0 0 -3.36556 0.632929 0.632929 0 0.632929 0 0 0 0.632929 0 0 0 0 0 0 0 
0 0 0 0 0 0 0 0 0 0 0 0 0 0 0 0 0 0.41692 0 0 0 0 0 0 0 0 0 0 0 0 0 0 0 0.41692 0 0 0 0 0 0 0 0 0 0 0 0 0 0 0.41692 -4.09894 0 0.949393 0 0.949393 0 0 0 0.949393 0 0 0 0 0 0 
0 0 0 0 0 0 0 0 0 0 0 0 0 0 0 0 0 0 0.41692 0 0 0 0 0 0 0 0 0 0 0 0 0 0 0 0.41692 0 0 0 0 0 0 0 0 0 0 0 0 0 0.41692 0 -4.09894 0.949393 0 0 0.949393 0 0 0 0.949393 0 0 0 0 0 
0 0 0 0 0 0 0 0 0 0 0 0 0 0 0 0 0 0 0 0.41692 0 0 0 0 0 0 0 0 0 0 0 0 0 0 0 0.41692 0 0 0 0 0 0 0 0 0 0 0 0 0 0.41692 0.41692 -4.1994 0 0 0 1.26586 0 0 0 1.26586 0 0 0 0 
0 0 0 0 0 0 0 0 0 0 0 0 0 0 0 0 0 0 0 0 0.41692 0 0 0 0 0 0 0 0 0 0 0 0 0 0 0 0.41692 0 0 0 0 0 0 0 0 0 0 0 0.41692 0 0 0 -4.09894 0.949393 0.949393 0 0 0 0 0 0.949393 0 0 0 
0 0 0 0 0 0 0 0 0 0 0 0 0 0 0 0 0 0 0 0 0 0.41692 0 0 0 0 0 0 0 0 0 0 0 0 0 0 0 0.41692 0 0 0 0 0 0 0 0 0 0 0 0.41692 0 0 0.41692 -4.1994 0 1.26586 0 0 0 0 0 1.26586 0 0 
0 0 0 0 0 0 0 0 0 0 0 0 0 0 0 0 0 0 0 0 0 0 0.41692 0 0 0 0 0 0 0 0 0 0 0 0 0 0 0 0.41692 0 0 0 0 0 0 0 0 0 0 0 0.41692 0 0.41692 0 -4.1994 1.26586 0 0 0 0 0 0 1.26586 0 
0 0 0 0 0 0 0 0 0 0 0 0 0 0 0 0 0 0 0 0 0 0 0 0.41692 0 0 0 0 0 0 0 0 0 0 0 0 0 0 0 0.41692 0 0 0 0 0 0 0 0 0 0 0 0.41692 0 0.41692 0.41692 -3.66692 0 0 0 0 0 0 0 1.58232 
0 0 0 0 0 0 0 0 0 0 0 0 0 0 0 0 0 0 0 0 0 0 0 0 0.41692 0 0 0 0 0 0 0 0 0 0 0 0 0 0 0 0.41692 0 0 0 0 0 0 0 0.41692 0 0 0 0 0 0 0 -4.09894 0.949393 0.949393 0 0.949393 0 0 0 
0 0 0 0 0 0 0 0 0 0 0 0 0 0 0 0 0 0 0 0 0 0 0 0 0 0.41692 0 0 0 0 0 0 0 0 0 0 0 0 0 0 0 0.41692 0 0 0 0 0 0 0 0.41692 0 0 0 0 0 0 0.41692 -4.1994 0 1.26586 0 1.26586 0 0 
0 0 0 0 0 0 0 0 0 0 0 0 0 0 0 0 0 0 0 0 0 0 0 0 0 0 0.41692 0 0 0 0 0 0 0 0 0 0 0 0 0 0 0 0.41692 0 0 0 0 0 0 0 0.41692 0 0 0 0 0 0.41692 0 -4.1994 1.26586 0 0 1.26586 0 
0 0 0 0 0 0 0 0 0 0 0 0 0 0 0 0 0 0 0 0 0 0 0 0 0 0 0 0.41692 0 0 0 0 0 0 0 0 0 0 0 0 0 0 0 0.41692 0 0 0 0 0 0 0 0.41692 0 0 0 0 0 0.41692 0.41692 -3.66692 0 0 0 1.58232 
0 0 0 0 0 0 0 0 0 0 0 0 0 0 0 0 0 0 0 0 0 0 0 0 0 0 0 0 0.41692 0 0 0 0 0 0 0 0 0 0 0 0 0 0 0 0.41692 0 0 0 0 0 0 0 0.41692 0 0 0 0.41692 0 0 0 -4.1994 1.26586 1.26586 0 
0 0 0 0 0 0 0 0 0 0 0 0 0 0 0 0 0 0 0 0 0 0 0 0 0 0 0 0 0 0.41692 0 0 0 0 0 0 0 0 0 0 0 0 0 0 0 0.41692 0 0 0 0 0 0 0 0.41692 0 0 0 0.41692 0 0 0.41692 -3.66692 0 1.58232 
0 0 0 0 0 0 0 0 0 0 0 0 0 0 0 0 0 0 0 0 0 0 0 0 0 0 0 0 0 0 0.41692 0 0 0 0 0 0 0 0 0 0 0 0 0 0 0 0.41692 0 0 0 0 0 0 0 0.41692 0 0 0 0.41692 0 0.41692 0 -3.66692 1.58232 
0 0 0 0 0 0 0 0 0 0 0 0 0 0 0 0 0 0 0 0 0 0 0 0 0 0 0 0 0 0 0 0.41692 0 0 0 0 0 0 0 0 0 0 0 0 0 0 0 0.41692 0 0 0 0 0 0 0 0.41692 0 0 0 0.41692 0 0.41692 0.41692 -2.50152 
