64
-0 0 0 0 0 0 0 0 0 0 0 0 0 0 0 0 0 0 0 0 0 0 0 0 0 0 0 0 0 0 0 0 0 0 0 0 0 0 0 0 0 0 0 0 0 0 0 0 0 0 0 0 0 0 0 0 0 0 0 0 0 0 0 0 
1.33717 -6.68645 0 1.06986 0 1.06986 0 0 0 1.06986 0 0 0 0 0 0 0 1.06986 0 0 0 0 0 0 0 0 0 0 0 0 0 0 0 1.06986 0 0 0 0 0 0 0 0 0 0 0 0 0 0 0 0 0 0 0 0 0 0 0 0 0 0 0 0 0 0 
1.33717 0 -6.68645 1.06986 0 0 1.06986 0 0 0 1.06986 0 0 0 0 0 0 0 1.06986 0 0 0 0 0 0 0 0 0 0 0 0 0 0 0 1.06986 0 0 0 0 0 0 0 0 0 0 0 0 0 0 0 0 0 0 0 0 0 0 0 0 0 0 0 0 0 
0 1.33717 1.33717 -11.2332 0 0 0 2.13971 0 0 0 2.13971 0 0 0 0 0 0 0 2.13971 0 0 0 0 0 0 0 0 0 0 0 0 0 0 0 2.13971 0 0 0 0 0 0 0 0 0 0 0 0 0 0 0 0 0 0 0 0 0 0 0 0 0 0 0 0 
1.33717 0 0 0 -6.68645 1.06986 1.06986 0 0 0 0 0 1.06986 0 0 0 0 0 0 0 1.06986 0 0 0 0 0 0 0 0 0 0 0 0 0 0 0 1.06986 0 0 0 0 0 0 0 0 0 0 0 0 0 0 0 0 0 0 0 0 0 0 0 0 0 0 0 
0 1.33717 0 0 1.33717 -11.2332 0 2.13971 0 0 0 0 0 2.13971 0 0 0 0 0 0 0 2.13971 0 0 0 0 0 0 0 0 0 0 0 0 0 0 0 2.13971 0 0 0 0 0 0 0 0 0 0 0 0 0 0 0 0 0 0 0 0 0 0 0 0 0 0 
0 0 1.33717 0 1.33717 0 -11.2332 2.13971 0 0 0 0 0 0 2.13971 0 0 0 0 0 0 0 2.13971 0 0 0 0 0 0 0 0 0 0 0 0 0 0 0 2.13971 0 0 0 0 0 0 0 0 0 0 0 0 0 0 0 0 0 0 0 0 0 0 0 0 0 
0 0 0 1.33717 0 1.33717 1.33717 -13.6402 0 0 0 0 0 0 0 3.20957 0 0 0 0 0 0 0 3.20957 0 0 0 0 0 0 0 0 0 0 0 0 0 0 0 3.20957 0 0 0 0 0 0 0 0 0 0 0 0 0 0 0 0 0 0 0 0 0 0 0 0 
1.33717 0 0 0 0 0 0 0 -6.68645 1.06986 1.06986 0 1.06986 0 0 0 0 0 0 0 0 0 0 0 1.06986 0 0 0 0 0 0 0 0 0 0 0 0 0 0 0 1.06986 0 0 0 0 0 0 0 0 0 0 0 0 0 0 0 0 0 0 0 0 0 0 0 
0 1.33717 0 0 0 0 0 0 1.33717 -11.2332 0 2.13971 0 2.13971 0 0 0 0 0 0 0 0 0 0 0 2.13971 0 0 0 0 0 0 0 0 0 0 0 0 0 0 0 2.13971 0 0 0 0 0 0 0 0 0 0 0 0 0 0 0 0 0 0 0 0 0 0 
0 0 1.33717 0 0 0 0 0 1.33717 0 -11.2332 2.13971 0 0 2.13971 0 0 0 0 0 0 0 0 0 0 0 2.13971 0 0 0 0 0 0 0 0 0 0 0 0 0 0 0 2.13971 0 0 0 0 0 0 0 0 0 0 0 0 0 0 0 0 0 0 0 0 0 
0 0 0 1.33717 0 0 0 0 0 1.33717 1.33717 -13.6402 0 0 0 3.20957 0 0 0 0 0 0 0 0 0 0 0 3.20957 0 0 0 0 0 0 0 0 0 0 0 0 0 0 0 3.20957 0 0 0 0 0 0 0 0 0 0 0 0 0 0 0 0 0 0 0 0 
0 0 0 0 1.33717 0 0 0 1.33717 0 0 0 -11.2332 2.13971 2.13971 0 0 0 0 0 0 0 0 0 0 0 0 0 2.13971 0 0 0 0 0 0 0 0 0 0 0 0 0 0 0 2.13971 0 0 0 0 0 0 0 0 0 0 0 0 0 0 0 0 0 0 0 
0 0 0 0 0 1.33717 0 0 0 1.33717 0 0 1.33717 -13.6402 0 3.20957 0 0 0 0 0 0 0 0 0 0 0 0 0 3.20957 0 0 0 0 0 0 0 0 0 0 0 0 0 0 0 3.20957 0 0 0 0 0 0 0 0 0 0 0 0 0 0 0 0 0 0 
0 0 0 0 0 0 1.33717 0 0 0 1.33717 0 1.33717 0 -13.6402 3.20957 0 0 0 0 0 0 0 0 0 0 0 0 0 0 3.20957 0 0 0 0 0 0 0 0 0 0 0 0 0 0 0 3.20957 0 0 0 0 0 0 0 0 0 0 0 0 0 0 0 0 0 
0 0 0 0 0 0 0 1.33717 0 0 0 1.33717 0 1.33717 1.33717 -13.9075 0 0 0 0 0 0 0 0 0 0 0 0 0 0 0 4.27942 0 0 0 0 0 0 0 0 0 0 0 0 0 0 0 4.27942 0 0 0 0 0 0 0 0 0 0 0 0 0 0 0 0 
1.33717 0 0 0 0 0 0 0 0 0 0 0 0 0 0 0 -6.68645 1.06986 1.06986 0 1.06986 0 0 0 1.06986 0 0 0 0 0 0 0 0 0 0 0 0 0 0 0 0 0 0 0 0 0 0 0 1.06986 0 0 0 0 0 0 0 0 0 0 0 0 0 0 0 
0 1.33717 0 0 0 0 0 0 0 0 0 0 0 0 0 0 1.33717 -11.2332 0 2.13971 0 2.13971 0 0 0 2.13971 0 0 0 0 0 0 0 0 0 0 0 0 0 0 0 0 0 0 0 0 0 0 0 2.13971 0 0 0 0 0 0 0 0 0 0 0 0 0 0 
0 0 1.33717 0 0 0 0 0 0 0 0 0 0 0 0 0 1.33717 0 -11.2332 2.13971 0 0 2.13971 0 0 0 2.13971 0 0 0 0 0 0 0 0 0 0 0 0 0 0 0 0 0 0 0 0 0 0 0 2.13971 0 0 0 0 0 0 0 0 0 0 0 0 0 
0 0 0 1.33717 0 0 0 0 0 0 0 0 0 0 0 0 0 1.33717 1.33717 -13.6402 0 0 0 3.20957 0 0 0 3.20957 0 0 0 0 0 0 0 0 0 0 0 0 0 0 0 0 0 0 0 0 0 0 0 3.20957 0 0 0 0 0 0 0 0 0 0 0 0 
0 0 0 0 1.33717 0 0 0 0 0 0 0 0 0 0 0 1.33717 0 0 0 -11.2332 2.13971 2.13971 0 0 0 0 0 2.13971 0 0 0 0 0 0 0 0 0 0 0 0 0 0 0 0 0 0 0 0 0 0 0 2.13971 0 0 0 0 0 0 0 0 0 0 0 
0 0 0 0 0 1.33717 0 0 0 0 0 0 0 0 0 0 0 1.33717 0 0 1.33717 -13.6402 0 3.20957 0 0 0 0 0 3.20957 0 0 0 0 0 0 0 0 0 0 0 0 0 0 0 0 0 0 0 0 0 0 0 3.20957 0 0 0 0 0 0 0 0 0 0 
0 0 0 0 0 0 1.33717 0 0 0 0 0 0 0 0 0 0 0 1.33717 0 1.33717 0 -13.6402 3.20957 0 0 0 0 0 0 3.20957 0 0 0 0 0 0 0 0 0 0 0 0 0 0 0 0 0 0 0 0 0 0 0 3.20957 0 0 0 0 0 0 0 0 0 
0 0 0 0 0 0 0 1.33717 0 0 0 0 0 0 0 0 0 0 0 1.33717 0 1.33717 1.33717 -13.9075 0 0 0 0 0 0 0 4.27942 0 0 0 0 0 0 0 0 0 0 0 0 0 0 0 0 0 0 0 0 0 0 0 4.27942 0 0 0 0 0 0 0 0 
0 0 0 0 0 0 0 0 1.33717 0 0 0 0 0 0 0 1.33717 0 0 0 0 0 0 0 -11.2332 2.13971 2.13971 0 2.13971 0 0 0 0 0 0 0 0 0 0 0 0 0 0 0 0 0 0 0 0 0 0 0 0 0 0 0 2.13971 0 0 0 0 0 0 0 
0 0 0 0 0 0 0 0 0 1.33717 0 0 0 0 0 0 0 1.33717 0 0 0 0 0 0 1.33717 -13.6402 0 3.20957 0 3.20957 0 0 0 0 0 0 0 0 0 0 0 0 0 0 0 0 0 0 0 0 0 0 0 0 0 0 0 3.20957 0 0 0 0 0 0 
0 0 0 0 0 0 0 0 0 0 1.33717 0 0 0 0 0 0 0 1.33717 0 0 0 0 0 1.33717 0 -13.6402 3.20957 0 0 3.20957 0 0 0 0 0 0 0 0 0 0 0 0 0 0 0 0 0 0 0 0 0 0 0 0 0 0 0 3.20957 0 0 0 0 0 
0 0 0 0 0 0 0 0 0 0 0 1.33717 0 0 0 0 0 0 0 1.33717 0 0 0 0 0 1.33717 1.33717 -13.9075 0 0 0 4.27942 0 0 0 0 0 0 0 0 0 0 0 0 0 0 0 0 0 0 0 0 0 0 0 0 0 0 0 4.27942 0 0 0 0 
0 0 0 0 0 0 0 0 0 0 0 0 1.33717 0 0 0 0 0 0 0 1.33717 0 0 0 1.33717 0 0 0 -13.6402 3.20957 3.20957 0 0 0 0 0 0 0 0 0 0 0 0 0 0 0 0 0 0 0 0 0 0 0 0 0 0 0 0 0 3.20957 0 0 0 
0 0 0 0 0 0 0 0 0 0 0 0 0 1.33717 0 0 0 0 0 0 0 1.33717 0 0 0 1.33717 0 0 1.33717 -13.9075 0 4.27942 0 0 0 0 0 0 0 0 0 0 0 0 0 0 0 0 0 0 0 0 0 0 0 0 0 0 0 0 0 4.27942 0 0 
0 0 0 0 0 0 0 0 0 0 0 0 0 0 1.33717 0 0 0 0 0 0 0 1.33717 0 0 0 1.33717 0 1.33717 0 -13.9075 4.27942 0 0 0 0 0 0 0 0 0 0 0 0 0 0 0 0 0 0 0 0 0 0 0 0 0 0 0 0 0 0 4.27942 0 
0 0 0 0 0 0 0 0 0 0 0 0 0 0 0 1.33717 0 0 0 0 0 0 0 1.33717 0 0 0 1.33717 0 1.33717 1.33717 -12.0351 0 0 0 0 0 0 0 0 0 0 0 0 0 0 0 0 0 0 0 0 0 0 0 0 0 0 0 0 0 0 0 5.34928 
1.33717 0 0 0 0 0 0 0 0 0 0 0 0 0 0 0 0 0 0 0 0 0 0 0 0 0 0 0 0 0 0 0 -6.68645 1.06986 1.06986 0 1.06986 0 0 0 1.06986 0 0 0 0 0 0 0 1.06986 0 0 0 0 0 0 0 0 0 0 0 0 0 0 0 
0 1.33717 0 0 0 0 0 0 0 0 0 0 0 0 0 0 0 0 0 0 0 0 0 0 0 0 0 0 0 0 0 0 1.33717 -11.2332 0 2.13971 0 2.13971 0 0 0 2.13971 0 0 0 0 0 0 0 2.13971 0 0 0 0 0 0 0 0 0 0 0 0 0 0 
0 0 1.33717 0 0 0 0 0 0 0 0 0 0 0 0 0 0 0 0 0 0 0 0 0 0 0 0 0 0 0 0 0 1.33717 0 -11.2332 2.13971 0 0 2.13971 0 0 0 2.13971 0 0 0 0 0 0 0 2.13971 0 0 0 0 0 0 0 0 0 0 0 0 0 
0 0 0 1.33717 0 0 0 0 0 0 0 0 0 0 0 0 0 0 0 0 0 0 0 0 0 0 0 0 0 0 0 0 0 1.33717 1.33717 -13.6402 0 0 0 3.20957 0 0 0 3.20957 0 0 0 0 0 0 0 3.20957 0 0 0 0 0 0 0 0 0 0 0 0 
0 0 0 0 1.33717 0 0 0 0 0 0 0 0 0 0 0 0 0 0 0 0 0 0 0 0 0 0 0 0 0 0 0 1.33717 0 0 0 -11.2332 2.13971 2.13971 0 0 0 0 0 2.13971 0 0 0 0 0 0 0 2.13971 0 0 0 0 0 0 0 0 0 0 0 
0 0 0 0 0 1.33717 0 0 0 0 0 0 0 0 0 0 0 0 0 0 0 0 0 0 0 0 0 0 0 0 0 0 0 1.33717 0 0 1.33717 -13.6402 0 3.20957 0 0 0 0 0 3.20957 0 0 0 0 0 0 0 3.20957 0 0 0 0 0 0 0 0 0 0 
0 0 0 0 0 0 1.33717 0 0 0 0 0 0 0 0 0 0 0 0 0 0 0 0 0 0 0 0 0 0 0 0 0 0 0 1.33717 0 1.33717 0 -13.6402 3.20957 0 0 0 0 0 0 3.20957 0 0 0 0 0 0 0 3.20957 0 0 0 0 0 0 0 0 0 
0 0 0 0 0 0 0 1.33717 0 0 0 0 0 0 0 0 0 0 0 0 0 0 0 0 0 0 0 0 0 0 0 0 0 0 0 1.33717 0 1.33717 1.33717 -13.9075 0 0 0 0 0 0 0 4.27942 0 0 0 0 0 0 0 4.27942 0 0 0 0 0 0 0 0 
0 0 0 0 0 0 0 0 1.33717 0 0 0 0 0 0 0 0 0 0 0 0 0 0 0 0 0 0 0 0 0 0 0 1.33717 0 0 0 0 0 0 0 -11.2332 2.13971 2.13971 0 2.13971 0 0 0 0 0 0 0 0 0 0 0 2.13971 0 0 0 0 0 0 0 
0 0 0 0 0 0 0 0 0 1.33717 0 0 0 0 0 0 0 0 0 0 0 0 0 0 0 0 0 0 0 0 0 0 0 1.33717 0 0 0 0 0 0 1.33717 -13.6402 0 3.20957 0 3.20957 0 0 0 0 0 0 0 0 0 0 0 3.20957 0 0 0 0 0 0 
0 0 0 0 0 0 0 0 0 0 1.33717 0 0 0 0 0 0 0 0 0 0 0 0 0 0 0 0 0 0 0 0 0 0 0 1.33717 0 0 0 0 0 1.33717 0 -13.6402 3.20957 0 0 3.20957 0 0 0 0 0 0 0 0 0 0 0 3.20957 0 0 0 0 0 
0 0 0 0 0 0 0 0 0 0 0 1.33717 0 0 0 0 0 0 0 0 0 0 0 0 0 0 0 0 0 0 0 0 0 0 0 1.33717 0 0 0 0 0 1.33717 1.33717 -13.9075 0 0 0 4.27942 0 0 0 0 0 0 0 0 0 0 0 4.27942 0 0 0 0 
0 0 0 0 0 0 0 0 0 0 0 0 1.33717 0 0 0 0 0 0 0 0 0 0 0 0 0 0 0 0 0 0 0 0 0 0 0 1.33717 0 0 0 1.33717 0 0 0 -13.6402 3.20957 3.20957 0 0 0 0 0 0 0 0 0 0 0 0 0 3.20957 0 0 0 
0 0 0 0 0 0 0 0 0 0 0 0 0 1.33717 0 0 0 0 0 0 0 0 0 0 0 0 0 0 0 0 0 0 0 0 0 0 0 1.33717 0 0 0 1.33717 0 0 1.33717 -13.9075 0 4.27942 0 0 0 0 0 0 0 0 0 0 0 0 0 4.27942 0 0 
0 0 0 0 0 0 0 0 0 0 0 0 0 0 1.33717 0 0 0 0 0 0 0 0 0 0 0 0 0 0 0 0 0 0 0 0 0 0 0 1.33717 0 0 0 1.33717 0 1.33717 0 -13.9075 4.27942 0 0 0 0 0 0 0 0 0 0 0 0 0 0 4.27942 0 
0 0 0 0 0 0 0 0 0 0 0 0 0 0 0 1.33717 0 0 0 0 0 0 0 0 0 0 0 0 0 0 0 0 0 0 0 0 0 0 0 1.33717 0 0 0 1.33717 0 1.33717 1.33717 -12.0351 0 0 0 0 0 0 0 0 0 0 0 0 0 0 0 5.34928 
0 0 0 0 0 0 0 0 0 0 0 0 0 0 0 0 1.33717 0 0 0 0 0 0 0 0 0 0 0 0 0 0 0 1.33717 0 0 0 0 0 0 0 0 0 0 0 0 0 0 0 -11.2332 2.13971 2.13971 0 2.13971 0 0 0 2.13971 0 0 0 0 0 0 0 
0 0 0 0 0 0 0 0 0 0 0 0 0 0 0 0 0 1.33717 0 0 0 0 0 0 0 0 0 0 0 0 0 0 0 1.33717 0 0 0 0 0 0 0 0 0 0 0 0 0 0 1.33717 -13.6402 0 3.20957 0 3.20957 0 0 0 3.20957 0 0 0 0 0 0 
0 0 0 0 0 0 0 0 0 0 0 0 0 0 0 0 0 0 1.33717 0 0 0 0 0 0 0 0 0 0 0 0 0 0 0 1.33717 0 0 0 0 0 0 0 0 0 0 0 0 0 1.33717 0 -13.6402 3.20957 0 0 3.20957 0 0 0 3.20957 0 0 0 0 0 
0 0 0 0 0 0 0 0 0 0 0 0 0 0 0 0 0 0 0 1.33717 0 0 0 0 0 0 0 0 0 0 0 0 0 0 0 1.33717 0 0 0 0 0 0 0 0 0 0 0 0 0 1.33717 1.33717 -13.9075 0 0 0 4.27942 0 0 0 4.27942 0 0 0 0 
0 0 0 0 0 0 0 0 0 0 0 0 0 0 0 0 0 0 0 0 1.33717 0 0 0 0 0 0 0 0 0 0 0 0 0 0 0 1.33717 0 0 0 0 0 0 0 0 0 0 0 1.33717 0 0 0 -13.6402 3.20957 3.20957 0 0 0 0 0 3.20957 0 0 0 
0 0 0 0 0 0 0 0 0 0 0 0 0 0 0 0 0 0 0 0 0 1.33717 0 0 0 0 0 0 0 0 0 0 0 0 0 0 0 1.33717 0 0 0 0 0 0 0 0 0 0 0 1.33717 0 0 1.33717 -13.9075 0 4.27942 0 0 0 0 0 4.27942 0 0 
0 0 0 0 0 0 0 0 0 0 0 0 0 0 0 0 0 0 0 0 0 0 1.33717 0 0 0 0 0 0 0 0 0 0 0 0 0 0 0 1.33717 0 0 0 0 0 0 0 0 0 0 0 1.33717 0 1.33717 0 -13.9075 4.27942 0 0 0 0 0 0 4.27942 0 
0 0 0 0 0 0 0 0 0 0 0 0 0 0 0 0 0 0 0 0 0 0 0 1.33717 0 0 0 0 0 0 0 0 0 0 0 0 0 0 0 1.33717 0 0 0 0 0 0 0 0 0 0 0 1.33717 0 1.33717 1.33717 -12.0351 0 0 0 0 0 0 0 5.34928 
0 0 0 0 0 0 0 0 0 0 0 0 0 0 0 0 0 0 0 0 0 0 0 0 1.33717 0 0 0 0 0 0 0 0 0 0 0 0 0 0 0 1.33717 0 0 0 0 0 0 0 1.33717 0 0 0 0 0 0 0 -13.6402 3.20957 3.20957 0 3.20957 0 0 0 
0 0 0 0 0 0 0 0 0 0 0 0 0 0 0 0 0 0 0 0 0 0 0 0 0 1.33717 0 0 0 0 0 0 0 0 0 0 0 0 0 0 0 1.33717 0 0 0 0 0 0 0 1.33717 0 0 0 0 0 0 1.33717 -13.9075 0 4.27942 0 4.27942 0 0 
0 0 0 0 0 0 0 0 0 0 0 0 0 0 0 0 0 0 0 0 0 0 0 0 0 0 1.33717 0 0 0 0 0 0 0 0 0 0 0 0 0 0 0 1.33717 0 0 0 0 0 0 0 1.33717 0 0 0 0 0 1.33717 0 -13.9075 4.27942 0 0 4.27942 0 
0 0 0 0 0 0 0 0 0 0 0 0 0 0 0 0 0 0 0 0 0 0 0 0 0 0 0 1.33717 0 0 0 0 0 0 0 0 0 0 0 0 0 0 0 1.33717 0 0 0 0 0 0 0 1.33717 0 0 0 0 0 1.33717 1.33717 -12.0351 0 0 0 5.34928 
0 0 0 0 0 0 0 0 0 0 0 0 0 0 0 0 0 0 0 0 0 0 0 0 0 0 0 0 1.33717 0 0 0 0 0 0 0 0 0 0 0 0 0 0 0 1.33717 0 0 0 0 0 0 0 1.33717 0 0 0 1.33717 0 0 0 -13.9075 4.27942 4.27942 0 
0 0 0 0 0 0 0 0 0 0 0 0 0 0 0 0 0 0 0 0 0 0 0 0 0 0 0 0 0 1.33717 0 0 0 0 0 0 0 0 0 0 0 0 0 0 0 1.33717 0 0 0 0 0 0 0 1.33717 0 0 0 1.33717 0 0 1.33717 -12.0351 0 5.34928 
0 0 0 0 0 0 0 0 0 0 0 0 0 0 0 0 0 0 0 0 0 0 0 0 0 0 0 0 0 0 1.33717 0 0 0 0 0 0 0 0 0 0 0 0 0 0 0 1.33717 0 0 0 0 0 0 0 1.33717 0 0 0 1.33717 0 1.33717 0 -12.0351 5.34928 
0 0 0 0 0 0 0 0 0 0 0 0 0 0 0 0 0 0 0 0 0 0 0 0 0 0 0 0 0 0 0 1.33717 0 0 0 0 0 0 0 0 0 0 0 0 0 0 0 1.33717 0 0 0 0 0 0 0 1.33717 0 0 0 1.33717 0 1.33717 1.33717 -8.02304 
