32
-0 0 0 0 0 0 0 0 0 0 0 0 0 0 0 0 0 0 0 0 0 0 0 0 0 0 0 0 0 0 0 0 
0.287132 -1.90567 0 0.404634 0 0.404634 0 0 0 0.404634 0 0 0 0 0 0 0 0.404634 0 0 0 0 0 0 0 0 0 0 0 0 0 0 
0.287132 0 -1.90567 0.404634 0 0 0.404634 0 0 0 0.404634 0 0 0 0 0 0 0 0.404634 0 0 0 0 0 0 0 0 0 0 0 0 0 
0 0.287132 0.287132 -3.00207 0 0 0 0.809268 0 0 0 0.809268 0 0 0 0 0 0 0 0.809268 0 0 0 0 0 0 0 0 0 0 0 0 
0.287132 0 0 0 -1.90567 0.404634 0.404634 0 0 0 0 0 0.404634 0 0 0 0 0 0 0 0.404634 0 0 0 0 0 0 0 0 0 0 0 
0 0.287132 0 0 0.287132 -3.00207 0 0.809268 0 0 0 0 0 0.809268 0 0 0 0 0 0 0 0.809268 0 0 0 0 0 0 0 0 0 0 
0 0 0.287132 0 0.287132 0 -3.00207 0.809268 0 0 0 0 0 0 0.809268 0 0 0 0 0 0 0 0.809268 0 0 0 0 0 0 0 0 0 
0 0 0 0.287132 0 0.287132 0.287132 -3.2892 0 0 0 0 0 0 0 1.2139 0 0 0 0 0 0 0 1.2139 0 0 0 0 0 0 0 0 
0.287132 0 0 0 0 0 0 0 -1.90567 0.404634 0.404634 0 0.404634 0 0 0 0 0 0 0 0 0 0 0 0.404634 0 0 0 0 0 0 0 
0 0.287132 0 0 0 0 0 0 0.287132 -3.00207 0 0.809268 0 0.809268 0 0 0 0 0 0 0 0 0 0 0 0.809268 0 0 0 0 0 0 
0 0 0.287132 0 0 0 0 0 0.287132 0 -3.00207 0.809268 0 0 0.809268 0 0 0 0 0 0 0 0 0 0 0 0.809268 0 0 0 0 0 
0 0 0 0.287132 0 0 0 0 0 0.287132 0.287132 -3.2892 0 0 0 1.2139 0 0 0 0 0 0 0 0 0 0 0 1.2139 0 0 0 0 
0 0 0 0 0.287132 0 0 0 0.287132 0 0 0 -3.00207 0.809268 0.809268 0 0 0 0 0 0 0 0 0 0 0 0 0 0.809268 0 0 0 
0 0 0 0 0 0.287132 0 0 0 0.287132 0 0 0.287132 -3.2892 0 1.2139 0 0 0 0 0 0 0 0 0 0 0 0 0 1.2139 0 0 
0 0 0 0 0 0 0.287132 0 0 0 0.287132 0 0.287132 0 -3.2892 1.2139 0 0 0 0 0 0 0 0 0 0 0 0 0 0 1.2139 0 
0 0 0 0 0 0 0 0.287132 0 0 0 0.287132 0 0.287132 0.287132 -2.76706 0 0 0 0 0 0 0 0 0 0 0 0 0 0 0 1.61854 
0.287132 0 0 0 0 0 0 0 0 0 0 0 0 0 0 0 -1.90567 0.404634 0.404634 0 0.404634 0 0 0 0.404634 0 0 0 0 0 0 0 
0 0.287132 0 0 0 0 0 0 0 0 0 0 0 0 0 0 0.287132 -3.00207 0 0.809268 0 0.809268 0 0 0 0.809268 0 0 0 0 0 0 
0 0 0.287132 0 0 0 0 0 0 0 0 0 0 0 0 0 0.287132 0 -3.00207 0.809268 0 0 0.809268 0 0 0 0.809268 0 0 0 0 0 
0 0 0 0.287132 0 0 0 0 0 0 0 0 0 0 0 0 0 0.287132 0.287132 -3.2892 0 0 0 1.2139 0 0 0 1.2139 0 0 0 0 
0 0 0 0 0.287132 0 0 0 0 0 0 0 0 0 0 0 0.287132 0 0 0 -3.00207 0.809268 0.809268 0 0 0 0 0 0.809268 0 0 0 
0 0 0 0 0 0.287132 0 0 0 0 0 0 0 0 0 0 0 0.287132 0 0 0.287132 -3.2892 0 1.2139 0 0 0 0 0 1.2139 0 0 
0 0 0 0 0 0 0.287132 0 0 0 0 0 0 0 0 0 0 0 0.287132 0 0.287132 0 -3.2892 1.2139 0 0 0 0 0 0 1.2139 0 
0 0 0 0 0 0 0 0.287132 0 0 0 0 0 0 0 0 0 0 0 0.287132 0 0.287132 0.287132 -2.76706 0 0 0 0 0 0 0 1.61854 
0 0 0 0 0 0 0 0 0.287132 0 0 0 0 0 0 0 0.287132 0 0 0 0 0 0 0 -3.00207 0.809268 0.809268 0 0.809268 0 0 0 
0 0 0 0 0 0 0 0 0 0.287132 0 0 0 0 0 0 0 0.287132 0 0 0 0 0 0 0.287132 -3.2892 0 1.2139 0 1.2139 0 0 
0 0 0 0 0 0 0 0 0 0 0.287132 0 0 0 0 0 0 0 0.287132 0 0 0 0 0 0.287132 0 -3.2892 1.2139 0 0 1.2139 0 
0 0 0 0 0 0 0 0 0 0 0 0.287132 0 0 0 0 0 0 0 0.287132 0 0 0 0 0 0.287132 0.287132 -2.76706 0 0 0 1.61854 
0 0 0 0 0 0 0 0 0 0 0 0 0.287132 0 0 0 0 0 0 0 0.287132 0 0 0 0.287132 0 0 0 -3.2892 1.2139 1.2139 0 
0 0 0 0 0 0 0 0 0 0 0 0 0 0.287132 0 0 0 0 0 0 0 0.287132 0 0 0 0.287132 0 0 0.287132 -2.76706 0 1.61854 
0 0 0 0 0 0 0 0 0 0 0 0 0 0 0.287132 0 0 0 0 0 0 0 0.287132 0 0 0 0.287132 0 0.287132 0 -2.76706 1.61854 
0 0 0 0 0 0 0 0 0 0 0 0 0 0 0 0.287132 0 0 0 0 0 0 0 0.287132 0 0 0 0.287132 0 0.287132 0.287132 -1.43566 
