32
-0 0 0 0 0 0 0 0 0 0 0 0 0 0 0 0 0 0 0 0 0 0 0 0 0 0 0 0 0 0 0 0 
0.129929 -1.00995 0 0.220004 0 0.220004 0 0 0 0.220004 0 0 0 0 0 0 0 0.220004 0 0 0 0 0 0 0 0 0 0 0 0 0 0 
0.129929 0 -1.00995 0.220004 0 0 0.220004 0 0 0 0.220004 0 0 0 0 0 0 0 0.220004 0 0 0 0 0 0 0 0 0 0 0 0 0 
0 0.129929 0.129929 -1.57988 0 0 0 0.440009 0 0 0 0.440009 0 0 0 0 0 0 0 0.440009 0 0 0 0 0 0 0 0 0 0 0 0 
0.129929 0 0 0 -1.00995 0.220004 0.220004 0 0 0 0 0 0.220004 0 0 0 0 0 0 0 0.220004 0 0 0 0 0 0 0 0 0 0 0 
0 0.129929 0 0 0.129929 -1.57988 0 0.440009 0 0 0 0 0 0.440009 0 0 0 0 0 0 0 0.440009 0 0 0 0 0 0 0 0 0 0 
0 0 0.129929 0 0.129929 0 -1.57988 0.440009 0 0 0 0 0 0 0.440009 0 0 0 0 0 0 0 0.440009 0 0 0 0 0 0 0 0 0 
0 0 0 0.129929 0 0.129929 0.129929 -1.70981 0 0 0 0 0 0 0 0.660013 0 0 0 0 0 0 0 0.660013 0 0 0 0 0 0 0 0 
0.129929 0 0 0 0 0 0 0 -1.00995 0.220004 0.220004 0 0.220004 0 0 0 0 0 0 0 0 0 0 0 0.220004 0 0 0 0 0 0 0 
0 0.129929 0 0 0 0 0 0 0.129929 -1.57988 0 0.440009 0 0.440009 0 0 0 0 0 0 0 0 0 0 0 0.440009 0 0 0 0 0 0 
0 0 0.129929 0 0 0 0 0 0.129929 0 -1.57988 0.440009 0 0 0.440009 0 0 0 0 0 0 0 0 0 0 0 0.440009 0 0 0 0 0 
0 0 0 0.129929 0 0 0 0 0 0.129929 0.129929 -1.70981 0 0 0 0.660013 0 0 0 0 0 0 0 0 0 0 0 0.660013 0 0 0 0 
0 0 0 0 0.129929 0 0 0 0.129929 0 0 0 -1.57988 0.440009 0.440009 0 0 0 0 0 0 0 0 0 0 0 0 0 0.440009 0 0 0 
0 0 0 0 0 0.129929 0 0 0 0.129929 0 0 0.129929 -1.70981 0 0.660013 0 0 0 0 0 0 0 0 0 0 0 0 0 0.660013 0 0 
0 0 0 0 0 0 0.129929 0 0 0 0.129929 0 0.129929 0 -1.70981 0.660013 0 0 0 0 0 0 0 0 0 0 0 0 0 0 0.660013 0 
0 0 0 0 0 0 0 0.129929 0 0 0 0.129929 0 0.129929 0.129929 -1.39973 0 0 0 0 0 0 0 0 0 0 0 0 0 0 0 0.880018 
0.129929 0 0 0 0 0 0 0 0 0 0 0 0 0 0 0 -1.00995 0.220004 0.220004 0 0.220004 0 0 0 0.220004 0 0 0 0 0 0 0 
0 0.129929 0 0 0 0 0 0 0 0 0 0 0 0 0 0 0.129929 -1.57988 0 0.440009 0 0.440009 0 0 0 0.440009 0 0 0 0 0 0 
0 0 0.129929 0 0 0 0 0 0 0 0 0 0 0 0 0 0.129929 0 -1.57988 0.440009 0 0 0.440009 0 0 0 0.440009 0 0 0 0 0 
0 0 0 0.129929 0 0 0 0 0 0 0 0 0 0 0 0 0 0.129929 0.129929 -1.70981 0 0 0 0.660013 0 0 0 0.660013 0 0 0 0 
0 0 0 0 0.129929 0 0 0 0 0 0 0 0 0 0 0 0.129929 0 0 0 -1.57988 0.440009 0.440009 0 0 0 0 0 0.440009 0 0 0 
0 0 0 0 0 0.129929 0 0 0 0 0 0 0 0 0 0 0 0.129929 0 0 0.129929 -1.70981 0 0.660013 0 0 0 0 0 0.660013 0 0 
0 0 0 0 0 0 0.129929 0 0 0 0 0 0 0 0 0 0 0 0.129929 0 0.129929 0 -1.70981 0.660013 0 0 0 0 0 0 0.660013 0 
0 0 0 0 0 0 0 0.129929 0 0 0 0 0 0 0 0 0 0 0 0.129929 0 0.129929 0.129929 -1.39973 0 0 0 0 0 0 0 0.880018 
0 0 0 0 0 0 0 0 0.129929 0 0 0 0 0 0 0 0.129929 0 0 0 0 0 0 0 -1.57988 0.440009 0.440009 0 0.440009 0 0 0 
0 0 0 0 0 0 0 0 0 0.129929 0 0 0 0 0 0 0 0.129929 0 0 0 0 0 0 0.129929 -1.70981 0 0.660013 0 0.660013 0 0 
0 0 0 0 0 0 0 0 0 0 0.129929 0 0 0 0 0 0 0 0.129929 0 0 0 0 0 0.129929 0 -1.70981 0.660013 0 0 0.660013 0 
0 0 0 0 0 0 0 0 0 0 0 0.129929 0 0 0 0 0 0 0 0.129929 0 0 0 0 0 0.129929 0.129929 -1.39973 0 0 0 0.880018 
0 0 0 0 0 0 0 0 0 0 0 0 0.129929 0 0 0 0 0 0 0 0.129929 0 0 0 0.129929 0 0 0 -1.70981 0.660013 0.660013 0 
0 0 0 0 0 0 0 0 0 0 0 0 0 0.129929 0 0 0 0 0 0 0 0.129929 0 0 0 0.129929 0 0 0.129929 -1.39973 0 0.880018 
0 0 0 0 0 0 0 0 0 0 0 0 0 0 0.129929 0 0 0 0 0 0 0 0.129929 0 0 0 0.129929 0 0.129929 0 -1.39973 0.880018 
0 0 0 0 0 0 0 0 0 0 0 0 0 0 0 0.129929 0 0 0 0 0 0 0 0.129929 0 0 0 0.129929 0 0.129929 0.129929 -0.649644 
