32
-0 0 0 0 0 0 0 0 0 0 0 0 0 0 0 0 0 0 0 0 0 0 0 0 0 0 0 0 0 0 0 0 
0.793463 -4.20418 0 0.85268 0 0.85268 0 0 0 0.85268 0 0 0 0 0 0 0 0.85268 0 0 0 0 0 0 0 0 0 0 0 0 0 0 
0.793463 0 -4.20418 0.85268 0 0 0.85268 0 0 0 0.85268 0 0 0 0 0 0 0 0.85268 0 0 0 0 0 0 0 0 0 0 0 0 0 
0 0.793463 0.793463 -6.703 0 0 0 1.70536 0 0 0 1.70536 0 0 0 0 0 0 0 1.70536 0 0 0 0 0 0 0 0 0 0 0 0 
0.793463 0 0 0 -4.20418 0.85268 0.85268 0 0 0 0 0 0.85268 0 0 0 0 0 0 0 0.85268 0 0 0 0 0 0 0 0 0 0 0 
0 0.793463 0 0 0.793463 -6.703 0 1.70536 0 0 0 0 0 1.70536 0 0 0 0 0 0 0 1.70536 0 0 0 0 0 0 0 0 0 0 
0 0 0.793463 0 0.793463 0 -6.703 1.70536 0 0 0 0 0 0 1.70536 0 0 0 0 0 0 0 1.70536 0 0 0 0 0 0 0 0 0 
0 0 0 0.793463 0 0.793463 0.793463 -7.49647 0 0 0 0 0 0 0 2.55804 0 0 0 0 0 0 0 2.55804 0 0 0 0 0 0 0 0 
0.793463 0 0 0 0 0 0 0 -4.20418 0.85268 0.85268 0 0.85268 0 0 0 0 0 0 0 0 0 0 0 0.85268 0 0 0 0 0 0 0 
0 0.793463 0 0 0 0 0 0 0.793463 -6.703 0 1.70536 0 1.70536 0 0 0 0 0 0 0 0 0 0 0 1.70536 0 0 0 0 0 0 
0 0 0.793463 0 0 0 0 0 0.793463 0 -6.703 1.70536 0 0 1.70536 0 0 0 0 0 0 0 0 0 0 0 1.70536 0 0 0 0 0 
0 0 0 0.793463 0 0 0 0 0 0.793463 0.793463 -7.49647 0 0 0 2.55804 0 0 0 0 0 0 0 0 0 0 0 2.55804 0 0 0 0 
0 0 0 0 0.793463 0 0 0 0.793463 0 0 0 -6.703 1.70536 1.70536 0 0 0 0 0 0 0 0 0 0 0 0 0 1.70536 0 0 0 
0 0 0 0 0 0.793463 0 0 0 0.793463 0 0 0.793463 -7.49647 0 2.55804 0 0 0 0 0 0 0 0 0 0 0 0 0 2.55804 0 0 
0 0 0 0 0 0 0.793463 0 0 0 0.793463 0 0.793463 0 -7.49647 2.55804 0 0 0 0 0 0 0 0 0 0 0 0 0 0 2.55804 0 
0 0 0 0 0 0 0 0.793463 0 0 0 0.793463 0 0.793463 0.793463 -6.58457 0 0 0 0 0 0 0 0 0 0 0 0 0 0 0 3.41072 
0.793463 0 0 0 0 0 0 0 0 0 0 0 0 0 0 0 -4.20418 0.85268 0.85268 0 0.85268 0 0 0 0.85268 0 0 0 0 0 0 0 
0 0.793463 0 0 0 0 0 0 0 0 0 0 0 0 0 0 0.793463 -6.703 0 1.70536 0 1.70536 0 0 0 1.70536 0 0 0 0 0 0 
0 0 0.793463 0 0 0 0 0 0 0 0 0 0 0 0 0 0.793463 0 -6.703 1.70536 0 0 1.70536 0 0 0 1.70536 0 0 0 0 0 
0 0 0 0.793463 0 0 0 0 0 0 0 0 0 0 0 0 0 0.793463 0.793463 -7.49647 0 0 0 2.55804 0 0 0 2.55804 0 0 0 0 
0 0 0 0 0.793463 0 0 0 0 0 0 0 0 0 0 0 0.793463 0 0 0 -6.703 1.70536 1.70536 0 0 0 0 0 1.70536 0 0 0 
0 0 0 0 0 0.793463 0 0 0 0 0 0 0 0 0 0 0 0.793463 0 0 0.793463 -7.49647 0 2.55804 0 0 0 0 0 2.55804 0 0 
0 0 0 0 0 0 0.793463 0 0 0 0 0 0 0 0 0 0 0 0.793463 0 0.793463 0 -7.49647 2.55804 0 0 0 0 0 0 2.55804 0 
0 0 0 0 0 0 0 0.793463 0 0 0 0 0 0 0 0 0 0 0 0.793463 0 0.793463 0.793463 -6.58457 0 0 0 0 0 0 0 3.41072 
0 0 0 0 0 0 0 0 0.793463 0 0 0 0 0 0 0 0.793463 0 0 0 0 0 0 0 -6.703 1.70536 1.70536 0 1.70536 0 0 0 
0 0 0 0 0 0 0 0 0 0.793463 0 0 0 0 0 0 0 0.793463 0 0 0 0 0 0 0.793463 -7.49647 0 2.55804 0 2.55804 0 0 
0 0 0 0 0 0 0 0 0 0 0.793463 0 0 0 0 0 0 0 0.793463 0 0 0 0 0 0.793463 0 -7.49647 2.55804 0 0 2.55804 0 
0 0 0 0 0 0 0 0 0 0 0 0.793463 0 0 0 0 0 0 0 0.793463 0 0 0 0 0 0.793463 0.793463 -6.58457 0 0 0 3.41072 
0 0 0 0 0 0 0 0 0 0 0 0 0.793463 0 0 0 0 0 0 0 0.793463 0 0 0 0.793463 0 0 0 -7.49647 2.55804 2.55804 0 
0 0 0 0 0 0 0 0 0 0 0 0 0 0.793463 0 0 0 0 0 0 0 0.793463 0 0 0 0.793463 0 0 0.793463 -6.58457 0 3.41072 
0 0 0 0 0 0 0 0 0 0 0 0 0 0 0.793463 0 0 0 0 0 0 0 0.793463 0 0 0 0.793463 0 0.793463 0 -6.58457 3.41072 
0 0 0 0 0 0 0 0 0 0 0 0 0 0 0 0.793463 0 0 0 0 0 0 0 0.793463 0 0 0 0.793463 0 0.793463 0.793463 -3.96731 
