32
-0 0 0 0 0 0 0 0 0 0 0 0 0 0 0 0 0 0 0 0 0 0 0 0 0 0 0 0 0 0 0 0 
0.339718 -1.70352 0 0.340951 0 0.340951 0 0 0 0.340951 0 0 0 0 0 0 0 0.340951 0 0 0 0 0 0 0 0 0 0 0 0 0 0 
0.339718 0 -1.70352 0.340951 0 0 0.340951 0 0 0 0.340951 0 0 0 0 0 0 0 0.340951 0 0 0 0 0 0 0 0 0 0 0 0 0 
0 0.339718 0.339718 -2.72514 0 0 0 0.681902 0 0 0 0.681902 0 0 0 0 0 0 0 0.681902 0 0 0 0 0 0 0 0 0 0 0 0 
0.339718 0 0 0 -1.70352 0.340951 0.340951 0 0 0 0 0 0.340951 0 0 0 0 0 0 0 0.340951 0 0 0 0 0 0 0 0 0 0 0 
0 0.339718 0 0 0.339718 -2.72514 0 0.681902 0 0 0 0 0 0.681902 0 0 0 0 0 0 0 0.681902 0 0 0 0 0 0 0 0 0 0 
0 0 0.339718 0 0.339718 0 -2.72514 0.681902 0 0 0 0 0 0 0.681902 0 0 0 0 0 0 0 0.681902 0 0 0 0 0 0 0 0 0 
0 0 0 0.339718 0 0.339718 0.339718 -3.06486 0 0 0 0 0 0 0 1.02285 0 0 0 0 0 0 0 1.02285 0 0 0 0 0 0 0 0 
0.339718 0 0 0 0 0 0 0 -1.70352 0.340951 0.340951 0 0.340951 0 0 0 0 0 0 0 0 0 0 0 0.340951 0 0 0 0 0 0 0 
0 0.339718 0 0 0 0 0 0 0.339718 -2.72514 0 0.681902 0 0.681902 0 0 0 0 0 0 0 0 0 0 0 0.681902 0 0 0 0 0 0 
0 0 0.339718 0 0 0 0 0 0.339718 0 -2.72514 0.681902 0 0 0.681902 0 0 0 0 0 0 0 0 0 0 0 0.681902 0 0 0 0 0 
0 0 0 0.339718 0 0 0 0 0 0.339718 0.339718 -3.06486 0 0 0 1.02285 0 0 0 0 0 0 0 0 0 0 0 1.02285 0 0 0 0 
0 0 0 0 0.339718 0 0 0 0.339718 0 0 0 -2.72514 0.681902 0.681902 0 0 0 0 0 0 0 0 0 0 0 0 0 0.681902 0 0 0 
0 0 0 0 0 0.339718 0 0 0 0.339718 0 0 0.339718 -3.06486 0 1.02285 0 0 0 0 0 0 0 0 0 0 0 0 0 1.02285 0 0 
0 0 0 0 0 0 0.339718 0 0 0 0.339718 0 0.339718 0 -3.06486 1.02285 0 0 0 0 0 0 0 0 0 0 0 0 0 0 1.02285 0 
0 0 0 0 0 0 0 0.339718 0 0 0 0.339718 0 0.339718 0.339718 -2.72268 0 0 0 0 0 0 0 0 0 0 0 0 0 0 0 1.3638 
0.339718 0 0 0 0 0 0 0 0 0 0 0 0 0 0 0 -1.70352 0.340951 0.340951 0 0.340951 0 0 0 0.340951 0 0 0 0 0 0 0 
0 0.339718 0 0 0 0 0 0 0 0 0 0 0 0 0 0 0.339718 -2.72514 0 0.681902 0 0.681902 0 0 0 0.681902 0 0 0 0 0 0 
0 0 0.339718 0 0 0 0 0 0 0 0 0 0 0 0 0 0.339718 0 -2.72514 0.681902 0 0 0.681902 0 0 0 0.681902 0 0 0 0 0 
0 0 0 0.339718 0 0 0 0 0 0 0 0 0 0 0 0 0 0.339718 0.339718 -3.06486 0 0 0 1.02285 0 0 0 1.02285 0 0 0 0 
0 0 0 0 0.339718 0 0 0 0 0 0 0 0 0 0 0 0.339718 0 0 0 -2.72514 0.681902 0.681902 0 0 0 0 0 0.681902 0 0 0 
0 0 0 0 0 0.339718 0 0 0 0 0 0 0 0 0 0 0 0.339718 0 0 0.339718 -3.06486 0 1.02285 0 0 0 0 0 1.02285 0 0 
0 0 0 0 0 0 0.339718 0 0 0 0 0 0 0 0 0 0 0 0.339718 0 0.339718 0 -3.06486 1.02285 0 0 0 0 0 0 1.02285 0 
0 0 0 0 0 0 0 0.339718 0 0 0 0 0 0 0 0 0 0 0 0.339718 0 0.339718 0.339718 -2.72268 0 0 0 0 0 0 0 1.3638 
0 0 0 0 0 0 0 0 0.339718 0 0 0 0 0 0 0 0.339718 0 0 0 0 0 0 0 -2.72514 0.681902 0.681902 0 0.681902 0 0 0 
0 0 0 0 0 0 0 0 0 0.339718 0 0 0 0 0 0 0 0.339718 0 0 0 0 0 0 0.339718 -3.06486 0 1.02285 0 1.02285 0 0 
0 0 0 0 0 0 0 0 0 0 0.339718 0 0 0 0 0 0 0 0.339718 0 0 0 0 0 0.339718 0 -3.06486 1.02285 0 0 1.02285 0 
0 0 0 0 0 0 0 0 0 0 0 0.339718 0 0 0 0 0 0 0 0.339718 0 0 0 0 0 0.339718 0.339718 -2.72268 0 0 0 1.3638 
0 0 0 0 0 0 0 0 0 0 0 0 0.339718 0 0 0 0 0 0 0 0.339718 0 0 0 0.339718 0 0 0 -3.06486 1.02285 1.02285 0 
0 0 0 0 0 0 0 0 0 0 0 0 0 0.339718 0 0 0 0 0 0 0 0.339718 0 0 0 0.339718 0 0 0.339718 -2.72268 0 1.3638 
0 0 0 0 0 0 0 0 0 0 0 0 0 0 0.339718 0 0 0 0 0 0 0 0.339718 0 0 0 0.339718 0 0.339718 0 -2.72268 1.3638 
0 0 0 0 0 0 0 0 0 0 0 0 0 0 0 0.339718 0 0 0 0 0 0 0 0.339718 0 0 0 0.339718 0 0.339718 0.339718 -1.69859 
