64
-0 0 0 0 0 0 0 0 0 0 0 0 0 0 0 0 0 0 0 0 0 0 0 0 0 0 0 0 0 0 0 0 0 0 0 0 0 0 0 0 0 0 0 0 0 0 0 0 0 0 0 0 0 0 0 0 0 0 0 0 0 0 0 0 
0.392318 -2.16875 0 0.355285 0 0.355285 0 0 0 0.355285 0 0 0 0 0 0 0 0.355285 0 0 0 0 0 0 0 0 0 0 0 0 0 0 0 0.355285 0 0 0 0 0 0 0 0 0 0 0 0 0 0 0 0 0 0 0 0 0 0 0 0 0 0 0 0 0 0 
0.392318 0 -2.16875 0.355285 0 0 0.355285 0 0 0 0.355285 0 0 0 0 0 0 0 0.355285 0 0 0 0 0 0 0 0 0 0 0 0 0 0 0 0.355285 0 0 0 0 0 0 0 0 0 0 0 0 0 0 0 0 0 0 0 0 0 0 0 0 0 0 0 0 0 
0 0.392318 0.392318 -3.62692 0 0 0 0.710571 0 0 0 0.710571 0 0 0 0 0 0 0 0.710571 0 0 0 0 0 0 0 0 0 0 0 0 0 0 0 0.710571 0 0 0 0 0 0 0 0 0 0 0 0 0 0 0 0 0 0 0 0 0 0 0 0 0 0 0 0 
0.392318 0 0 0 -2.16875 0.355285 0.355285 0 0 0 0 0 0.355285 0 0 0 0 0 0 0 0.355285 0 0 0 0 0 0 0 0 0 0 0 0 0 0 0 0.355285 0 0 0 0 0 0 0 0 0 0 0 0 0 0 0 0 0 0 0 0 0 0 0 0 0 0 0 
0 0.392318 0 0 0.392318 -3.62692 0 0.710571 0 0 0 0 0 0.710571 0 0 0 0 0 0 0 0.710571 0 0 0 0 0 0 0 0 0 0 0 0 0 0 0 0.710571 0 0 0 0 0 0 0 0 0 0 0 0 0 0 0 0 0 0 0 0 0 0 0 0 0 0 
0 0 0.392318 0 0.392318 0 -3.62692 0.710571 0 0 0 0 0 0 0.710571 0 0 0 0 0 0 0 0.710571 0 0 0 0 0 0 0 0 0 0 0 0 0 0 0 0.710571 0 0 0 0 0 0 0 0 0 0 0 0 0 0 0 0 0 0 0 0 0 0 0 0 0 
0 0 0 0.392318 0 0.392318 0.392318 -4.37452 0 0 0 0 0 0 0 1.06586 0 0 0 0 0 0 0 1.06586 0 0 0 0 0 0 0 0 0 0 0 0 0 0 0 1.06586 0 0 0 0 0 0 0 0 0 0 0 0 0 0 0 0 0 0 0 0 0 0 0 0 
0.392318 0 0 0 0 0 0 0 -2.16875 0.355285 0.355285 0 0.355285 0 0 0 0 0 0 0 0 0 0 0 0.355285 0 0 0 0 0 0 0 0 0 0 0 0 0 0 0 0.355285 0 0 0 0 0 0 0 0 0 0 0 0 0 0 0 0 0 0 0 0 0 0 0 
0 0.392318 0 0 0 0 0 0 0.392318 -3.62692 0 0.710571 0 0.710571 0 0 0 0 0 0 0 0 0 0 0 0.710571 0 0 0 0 0 0 0 0 0 0 0 0 0 0 0 0.710571 0 0 0 0 0 0 0 0 0 0 0 0 0 0 0 0 0 0 0 0 0 0 
0 0 0.392318 0 0 0 0 0 0.392318 0 -3.62692 0.710571 0 0 0.710571 0 0 0 0 0 0 0 0 0 0 0 0.710571 0 0 0 0 0 0 0 0 0 0 0 0 0 0 0 0.710571 0 0 0 0 0 0 0 0 0 0 0 0 0 0 0 0 0 0 0 0 0 
0 0 0 0.392318 0 0 0 0 0 0.392318 0.392318 -4.37452 0 0 0 1.06586 0 0 0 0 0 0 0 0 0 0 0 1.06586 0 0 0 0 0 0 0 0 0 0 0 0 0 0 0 1.06586 0 0 0 0 0 0 0 0 0 0 0 0 0 0 0 0 0 0 0 0 
0 0 0 0 0.392318 0 0 0 0.392318 0 0 0 -3.62692 0.710571 0.710571 0 0 0 0 0 0 0 0 0 0 0 0 0 0.710571 0 0 0 0 0 0 0 0 0 0 0 0 0 0 0 0.710571 0 0 0 0 0 0 0 0 0 0 0 0 0 0 0 0 0 0 0 
0 0 0 0 0 0.392318 0 0 0 0.392318 0 0 0.392318 -4.37452 0 1.06586 0 0 0 0 0 0 0 0 0 0 0 0 0 1.06586 0 0 0 0 0 0 0 0 0 0 0 0 0 0 0 1.06586 0 0 0 0 0 0 0 0 0 0 0 0 0 0 0 0 0 0 
0 0 0 0 0 0 0.392318 0 0 0 0.392318 0 0.392318 0 -4.37452 1.06586 0 0 0 0 0 0 0 0 0 0 0 0 0 0 1.06586 0 0 0 0 0 0 0 0 0 0 0 0 0 0 0 1.06586 0 0 0 0 0 0 0 0 0 0 0 0 0 0 0 0 0 
0 0 0 0 0 0 0 0.392318 0 0 0 0.392318 0 0.392318 0.392318 -4.41156 0 0 0 0 0 0 0 0 0 0 0 0 0 0 0 1.42114 0 0 0 0 0 0 0 0 0 0 0 0 0 0 0 1.42114 0 0 0 0 0 0 0 0 0 0 0 0 0 0 0 0 
0.392318 0 0 0 0 0 0 0 0 0 0 0 0 0 0 0 -2.16875 0.355285 0.355285 0 0.355285 0 0 0 0.355285 0 0 0 0 0 0 0 0 0 0 0 0 0 0 0 0 0 0 0 0 0 0 0 0.355285 0 0 0 0 0 0 0 0 0 0 0 0 0 0 0 
0 0.392318 0 0 0 0 0 0 0 0 0 0 0 0 0 0 0.392318 -3.62692 0 0.710571 0 0.710571 0 0 0 0.710571 0 0 0 0 0 0 0 0 0 0 0 0 0 0 0 0 0 0 0 0 0 0 0 0.710571 0 0 0 0 0 0 0 0 0 0 0 0 0 0 
0 0 0.392318 0 0 0 0 0 0 0 0 0 0 0 0 0 0.392318 0 -3.62692 0.710571 0 0 0.710571 0 0 0 0.710571 0 0 0 0 0 0 0 0 0 0 0 0 0 0 0 0 0 0 0 0 0 0 0 0.710571 0 0 0 0 0 0 0 0 0 0 0 0 0 
0 0 0 0.392318 0 0 0 0 0 0 0 0 0 0 0 0 0 0.392318 0.392318 -4.37452 0 0 0 1.06586 0 0 0 1.06586 0 0 0 0 0 0 0 0 0 0 0 0 0 0 0 0 0 0 0 0 0 0 0 1.06586 0 0 0 0 0 0 0 0 0 0 0 0 
0 0 0 0 0.392318 0 0 0 0 0 0 0 0 0 0 0 0.392318 0 0 0 -3.62692 0.710571 0.710571 0 0 0 0 0 0.710571 0 0 0 0 0 0 0 0 0 0 0 0 0 0 0 0 0 0 0 0 0 0 0 0.710571 0 0 0 0 0 0 0 0 0 0 0 
0 0 0 0 0 0.392318 0 0 0 0 0 0 0 0 0 0 0 0.392318 0 0 0.392318 -4.37452 0 1.06586 0 0 0 0 0 1.06586 0 0 0 0 0 0 0 0 0 0 0 0 0 0 0 0 0 0 0 0 0 0 0 1.06586 0 0 0 0 0 0 0 0 0 0 
0 0 0 0 0 0 0.392318 0 0 0 0 0 0 0 0 0 0 0 0.392318 0 0.392318 0 -4.37452 1.06586 0 0 0 0 0 0 1.06586 0 0 0 0 0 0 0 0 0 0 0 0 0 0 0 0 0 0 0 0 0 0 0 1.06586 0 0 0 0 0 0 0 0 0 
0 0 0 0 0 0 0 0.392318 0 0 0 0 0 0 0 0 0 0 0 0.392318 0 0.392318 0.392318 -4.41156 0 0 0 0 0 0 0 1.42114 0 0 0 0 0 0 0 0 0 0 0 0 0 0 0 0 0 0 0 0 0 0 0 1.42114 0 0 0 0 0 0 0 0 
0 0 0 0 0 0 0 0 0.392318 0 0 0 0 0 0 0 0.392318 0 0 0 0 0 0 0 -3.62692 0.710571 0.710571 0 0.710571 0 0 0 0 0 0 0 0 0 0 0 0 0 0 0 0 0 0 0 0 0 0 0 0 0 0 0 0.710571 0 0 0 0 0 0 0 
0 0 0 0 0 0 0 0 0 0.392318 0 0 0 0 0 0 0 0.392318 0 0 0 0 0 0 0.392318 -4.37452 0 1.06586 0 1.06586 0 0 0 0 0 0 0 0 0 0 0 0 0 0 0 0 0 0 0 0 0 0 0 0 0 0 0 1.06586 0 0 0 0 0 0 
0 0 0 0 0 0 0 0 0 0 0.392318 0 0 0 0 0 0 0 0.392318 0 0 0 0 0 0.392318 0 -4.37452 1.06586 0 0 1.06586 0 0 0 0 0 0 0 0 0 0 0 0 0 0 0 0 0 0 0 0 0 0 0 0 0 0 0 1.06586 0 0 0 0 0 
0 0 0 0 0 0 0 0 0 0 0 0.392318 0 0 0 0 0 0 0 0.392318 0 0 0 0 0 0.392318 0.392318 -4.41156 0 0 0 1.42114 0 0 0 0 0 0 0 0 0 0 0 0 0 0 0 0 0 0 0 0 0 0 0 0 0 0 0 1.42114 0 0 0 0 
0 0 0 0 0 0 0 0 0 0 0 0 0.392318 0 0 0 0 0 0 0 0.392318 0 0 0 0.392318 0 0 0 -4.37452 1.06586 1.06586 0 0 0 0 0 0 0 0 0 0 0 0 0 0 0 0 0 0 0 0 0 0 0 0 0 0 0 0 0 1.06586 0 0 0 
0 0 0 0 0 0 0 0 0 0 0 0 0 0.392318 0 0 0 0 0 0 0 0.392318 0 0 0 0.392318 0 0 0.392318 -4.41156 0 1.42114 0 0 0 0 0 0 0 0 0 0 0 0 0 0 0 0 0 0 0 0 0 0 0 0 0 0 0 0 0 1.42114 0 0 
0 0 0 0 0 0 0 0 0 0 0 0 0 0 0.392318 0 0 0 0 0 0 0 0.392318 0 0 0 0.392318 0 0.392318 0 -4.41156 1.42114 0 0 0 0 0 0 0 0 0 0 0 0 0 0 0 0 0 0 0 0 0 0 0 0 0 0 0 0 0 0 1.42114 0 
0 0 0 0 0 0 0 0 0 0 0 0 0 0 0 0.392318 0 0 0 0 0 0 0 0.392318 0 0 0 0.392318 0 0.392318 0.392318 -3.73802 0 0 0 0 0 0 0 0 0 0 0 0 0 0 0 0 0 0 0 0 0 0 0 0 0 0 0 0 0 0 0 1.77643 
0.392318 0 0 0 0 0 0 0 0 0 0 0 0 0 0 0 0 0 0 0 0 0 0 0 0 0 0 0 0 0 0 0 -2.16875 0.355285 0.355285 0 0.355285 0 0 0 0.355285 0 0 0 0 0 0 0 0.355285 0 0 0 0 0 0 0 0 0 0 0 0 0 0 0 
0 0.392318 0 0 0 0 0 0 0 0 0 0 0 0 0 0 0 0 0 0 0 0 0 0 0 0 0 0 0 0 0 0 0.392318 -3.62692 0 0.710571 0 0.710571 0 0 0 0.710571 0 0 0 0 0 0 0 0.710571 0 0 0 0 0 0 0 0 0 0 0 0 0 0 
0 0 0.392318 0 0 0 0 0 0 0 0 0 0 0 0 0 0 0 0 0 0 0 0 0 0 0 0 0 0 0 0 0 0.392318 0 -3.62692 0.710571 0 0 0.710571 0 0 0 0.710571 0 0 0 0 0 0 0 0.710571 0 0 0 0 0 0 0 0 0 0 0 0 0 
0 0 0 0.392318 0 0 0 0 0 0 0 0 0 0 0 0 0 0 0 0 0 0 0 0 0 0 0 0 0 0 0 0 0 0.392318 0.392318 -4.37452 0 0 0 1.06586 0 0 0 1.06586 0 0 0 0 0 0 0 1.06586 0 0 0 0 0 0 0 0 0 0 0 0 
0 0 0 0 0.392318 0 0 0 0 0 0 0 0 0 0 0 0 0 0 0 0 0 0 0 0 0 0 0 0 0 0 0 0.392318 0 0 0 -3.62692 0.710571 0.710571 0 0 0 0 0 0.710571 0 0 0 0 0 0 0 0.710571 0 0 0 0 0 0 0 0 0 0 0 
0 0 0 0 0 0.392318 0 0 0 0 0 0 0 0 0 0 0 0 0 0 0 0 0 0 0 0 0 0 0 0 0 0 0 0.392318 0 0 0.392318 -4.37452 0 1.06586 0 0 0 0 0 1.06586 0 0 0 0 0 0 0 1.06586 0 0 0 0 0 0 0 0 0 0 
0 0 0 0 0 0 0.392318 0 0 0 0 0 0 0 0 0 0 0 0 0 0 0 0 0 0 0 0 0 0 0 0 0 0 0 0.392318 0 0.392318 0 -4.37452 1.06586 0 0 0 0 0 0 1.06586 0 0 0 0 0 0 0 1.06586 0 0 0 0 0 0 0 0 0 
0 0 0 0 0 0 0 0.392318 0 0 0 0 0 0 0 0 0 0 0 0 0 0 0 0 0 0 0 0 0 0 0 0 0 0 0 0.392318 0 0.392318 0.392318 -4.41156 0 0 0 0 0 0 0 1.42114 0 0 0 0 0 0 0 1.42114 0 0 0 0 0 0 0 0 
0 0 0 0 0 0 0 0 0.392318 0 0 0 0 0 0 0 0 0 0 0 0 0 0 0 0 0 0 0 0 0 0 0 0.392318 0 0 0 0 0 0 0 -3.62692 0.710571 0.710571 0 0.710571 0 0 0 0 0 0 0 0 0 0 0 0.710571 0 0 0 0 0 0 0 
0 0 0 0 0 0 0 0 0 0.392318 0 0 0 0 0 0 0 0 0 0 0 0 0 0 0 0 0 0 0 0 0 0 0 0.392318 0 0 0 0 0 0 0.392318 -4.37452 0 1.06586 0 1.06586 0 0 0 0 0 0 0 0 0 0 0 1.06586 0 0 0 0 0 0 
0 0 0 0 0 0 0 0 0 0 0.392318 0 0 0 0 0 0 0 0 0 0 0 0 0 0 0 0 0 0 0 0 0 0 0 0.392318 0 0 0 0 0 0.392318 0 -4.37452 1.06586 0 0 1.06586 0 0 0 0 0 0 0 0 0 0 0 1.06586 0 0 0 0 0 
0 0 0 0 0 0 0 0 0 0 0 0.392318 0 0 0 0 0 0 0 0 0 0 0 0 0 0 0 0 0 0 0 0 0 0 0 0.392318 0 0 0 0 0 0.392318 0.392318 -4.41156 0 0 0 1.42114 0 0 0 0 0 0 0 0 0 0 0 1.42114 0 0 0 0 
0 0 0 0 0 0 0 0 0 0 0 0 0.392318 0 0 0 0 0 0 0 0 0 0 0 0 0 0 0 0 0 0 0 0 0 0 0 0.392318 0 0 0 0.392318 0 0 0 -4.37452 1.06586 1.06586 0 0 0 0 0 0 0 0 0 0 0 0 0 1.06586 0 0 0 
0 0 0 0 0 0 0 0 0 0 0 0 0 0.392318 0 0 0 0 0 0 0 0 0 0 0 0 0 0 0 0 0 0 0 0 0 0 0 0.392318 0 0 0 0.392318 0 0 0.392318 -4.41156 0 1.42114 0 0 0 0 0 0 0 0 0 0 0 0 0 1.42114 0 0 
0 0 0 0 0 0 0 0 0 0 0 0 0 0 0.392318 0 0 0 0 0 0 0 0 0 0 0 0 0 0 0 0 0 0 0 0 0 0 0 0.392318 0 0 0 0.392318 0 0.392318 0 -4.41156 1.42114 0 0 0 0 0 0 0 0 0 0 0 0 0 0 1.42114 0 
0 0 0 0 0 0 0 0 0 0 0 0 0 0 0 0.392318 0 0 0 0 0 0 0 0 0 0 0 0 0 0 0 0 0 0 0 0 0 0 0 0.392318 0 0 0 0.392318 0 0.392318 0.392318 -3.73802 0 0 0 0 0 0 0 0 0 0 0 0 0 0 0 1.77643 
0 0 0 0 0 0 0 0 0 0 0 0 0 0 0 0 0.392318 0 0 0 0 0 0 0 0 0 0 0 0 0 0 0 0.392318 0 0 0 0 0 0 0 0 0 0 0 0 0 0 0 -3.62692 0.710571 0.710571 0 0.710571 0 0 0 0.710571 0 0 0 0 0 0 0 
0 0 0 0 0 0 0 0 0 0 0 0 0 0 0 0 0 0.392318 0 0 0 0 0 0 0 0 0 0 0 0 0 0 0 0.392318 0 0 0 0 0 0 0 0 0 0 0 0 0 0 0.392318 -4.37452 0 1.06586 0 1.06586 0 0 0 1.06586 0 0 0 0 0 0 
0 0 0 0 0 0 0 0 0 0 0 0 0 0 0 0 0 0 0.392318 0 0 0 0 0 0 0 0 0 0 0 0 0 0 0 0.392318 0 0 0 0 0 0 0 0 0 0 0 0 0 0.392318 0 -4.37452 1.06586 0 0 1.06586 0 0 0 1.06586 0 0 0 0 0 
0 0 0 0 0 0 0 0 0 0 0 0 0 0 0 0 0 0 0 0.392318 0 0 0 0 0 0 0 0 0 0 0 0 0 0 0 0.392318 0 0 0 0 0 0 0 0 0 0 0 0 0 0.392318 0.392318 -4.41156 0 0 0 1.42114 0 0 0 1.42114 0 0 0 0 
0 0 0 0 0 0 0 0 0 0 0 0 0 0 0 0 0 0 0 0 0.392318 0 0 0 0 0 0 0 0 0 0 0 0 0 0 0 0.392318 0 0 0 0 0 0 0 0 0 0 0 0.392318 0 0 0 -4.37452 1.06586 1.06586 0 0 0 0 0 1.06586 0 0 0 
0 0 0 0 0 0 0 0 0 0 0 0 0 0 0 0 0 0 0 0 0 0.392318 0 0 0 0 0 0 0 0 0 0 0 0 0 0 0 0.392318 0 0 0 0 0 0 0 0 0 0 0 0.392318 0 0 0.392318 -4.41156 0 1.42114 0 0 0 0 0 1.42114 0 0 
0 0 0 0 0 0 0 0 0 0 0 0 0 0 0 0 0 0 0 0 0 0 0.392318 0 0 0 0 0 0 0 0 0 0 0 0 0 0 0 0.392318 0 0 0 0 0 0 0 0 0 0 0 0.392318 0 0.392318 0 -4.41156 1.42114 0 0 0 0 0 0 1.42114 0 
0 0 0 0 0 0 0 0 0 0 0 0 0 0 0 0 0 0 0 0 0 0 0 0.392318 0 0 0 0 0 0 0 0 0 0 0 0 0 0 0 0.392318 0 0 0 0 0 0 0 0 0 0 0 0.392318 0 0.392318 0.392318 -3.73802 0 0 0 0 0 0 0 1.77643 
0 0 0 0 0 0 0 0 0 0 0 0 0 0 0 0 0 0 0 0 0 0 0 0 0.392318 0 0 0 0 0 0 0 0 0 0 0 0 0 0 0 0.392318 0 0 0 0 0 0 0 0.392318 0 0 0 0 0 0 0 -4.37452 1.06586 1.06586 0 1.06586 0 0 0 
0 0 0 0 0 0 0 0 0 0 0 0 0 0 0 0 0 0 0 0 0 0 0 0 0 0.392318 0 0 0 0 0 0 0 0 0 0 0 0 0 0 0 0.392318 0 0 0 0 0 0 0 0.392318 0 0 0 0 0 0 0.392318 -4.41156 0 1.42114 0 1.42114 0 0 
0 0 0 0 0 0 0 0 0 0 0 0 0 0 0 0 0 0 0 0 0 0 0 0 0 0 0.392318 0 0 0 0 0 0 0 0 0 0 0 0 0 0 0 0.392318 0 0 0 0 0 0 0 0.392318 0 0 0 0 0 0.392318 0 -4.41156 1.42114 0 0 1.42114 0 
0 0 0 0 0 0 0 0 0 0 0 0 0 0 0 0 0 0 0 0 0 0 0 0 0 0 0 0.392318 0 0 0 0 0 0 0 0 0 0 0 0 0 0 0 0.392318 0 0 0 0 0 0 0 0.392318 0 0 0 0 0 0.392318 0.392318 -3.73802 0 0 0 1.77643 
0 0 0 0 0 0 0 0 0 0 0 0 0 0 0 0 0 0 0 0 0 0 0 0 0 0 0 0 0.392318 0 0 0 0 0 0 0 0 0 0 0 0 0 0 0 0.392318 0 0 0 0 0 0 0 0.392318 0 0 0 0.392318 0 0 0 -4.41156 1.42114 1.42114 0 
0 0 0 0 0 0 0 0 0 0 0 0 0 0 0 0 0 0 0 0 0 0 0 0 0 0 0 0 0 0.392318 0 0 0 0 0 0 0 0 0 0 0 0 0 0 0 0.392318 0 0 0 0 0 0 0 0.392318 0 0 0 0.392318 0 0 0.392318 -3.73802 0 1.77643 
0 0 0 0 0 0 0 0 0 0 0 0 0 0 0 0 0 0 0 0 0 0 0 0 0 0 0 0 0 0 0.392318 0 0 0 0 0 0 0 0 0 0 0 0 0 0 0 0.392318 0 0 0 0 0 0 0 0.392318 0 0 0 0.392318 0 0.392318 0 -3.73802 1.77643 
0 0 0 0 0 0 0 0 0 0 0 0 0 0 0 0 0 0 0 0 0 0 0 0 0 0 0 0 0 0 0 0.392318 0 0 0 0 0 0 0 0 0 0 0 0 0 0 0 0.392318 0 0 0 0 0 0 0 0.392318 0 0 0 0.392318 0 0.392318 0.392318 -2.35391 
