64
-0 0 0 0 0 0 0 0 0 0 0 0 0 0 0 0 0 0 0 0 0 0 0 0 0 0 0 0 0 0 0 0 0 0 0 0 0 0 0 0 0 0 0 0 0 0 0 0 0 0 0 0 0 0 0 0 0 0 0 0 0 0 0 0 
0.438332 -2.30022 0 0.372378 0 0.372378 0 0 0 0.372378 0 0 0 0 0 0 0 0.372378 0 0 0 0 0 0 0 0 0 0 0 0 0 0 0 0.372378 0 0 0 0 0 0 0 0 0 0 0 0 0 0 0 0 0 0 0 0 0 0 0 0 0 0 0 0 0 0 
0.438332 0 -2.30022 0.372378 0 0 0.372378 0 0 0 0.372378 0 0 0 0 0 0 0 0.372378 0 0 0 0 0 0 0 0 0 0 0 0 0 0 0 0.372378 0 0 0 0 0 0 0 0 0 0 0 0 0 0 0 0 0 0 0 0 0 0 0 0 0 0 0 0 0 
0 0.438332 0.438332 -3.85569 0 0 0 0.744756 0 0 0 0.744756 0 0 0 0 0 0 0 0.744756 0 0 0 0 0 0 0 0 0 0 0 0 0 0 0 0.744756 0 0 0 0 0 0 0 0 0 0 0 0 0 0 0 0 0 0 0 0 0 0 0 0 0 0 0 0 
0.438332 0 0 0 -2.30022 0.372378 0.372378 0 0 0 0 0 0.372378 0 0 0 0 0 0 0 0.372378 0 0 0 0 0 0 0 0 0 0 0 0 0 0 0 0.372378 0 0 0 0 0 0 0 0 0 0 0 0 0 0 0 0 0 0 0 0 0 0 0 0 0 0 0 
0 0.438332 0 0 0.438332 -3.85569 0 0.744756 0 0 0 0 0 0.744756 0 0 0 0 0 0 0 0.744756 0 0 0 0 0 0 0 0 0 0 0 0 0 0 0 0.744756 0 0 0 0 0 0 0 0 0 0 0 0 0 0 0 0 0 0 0 0 0 0 0 0 0 0 
0 0 0.438332 0 0.438332 0 -3.85569 0.744756 0 0 0 0 0 0 0.744756 0 0 0 0 0 0 0 0.744756 0 0 0 0 0 0 0 0 0 0 0 0 0 0 0 0.744756 0 0 0 0 0 0 0 0 0 0 0 0 0 0 0 0 0 0 0 0 0 0 0 0 0 
0 0 0 0.438332 0 0.438332 0.438332 -4.6664 0 0 0 0 0 0 0 1.11713 0 0 0 0 0 0 0 1.11713 0 0 0 0 0 0 0 0 0 0 0 0 0 0 0 1.11713 0 0 0 0 0 0 0 0 0 0 0 0 0 0 0 0 0 0 0 0 0 0 0 0 
0.438332 0 0 0 0 0 0 0 -2.30022 0.372378 0.372378 0 0.372378 0 0 0 0 0 0 0 0 0 0 0 0.372378 0 0 0 0 0 0 0 0 0 0 0 0 0 0 0 0.372378 0 0 0 0 0 0 0 0 0 0 0 0 0 0 0 0 0 0 0 0 0 0 0 
0 0.438332 0 0 0 0 0 0 0.438332 -3.85569 0 0.744756 0 0.744756 0 0 0 0 0 0 0 0 0 0 0 0.744756 0 0 0 0 0 0 0 0 0 0 0 0 0 0 0 0.744756 0 0 0 0 0 0 0 0 0 0 0 0 0 0 0 0 0 0 0 0 0 0 
0 0 0.438332 0 0 0 0 0 0.438332 0 -3.85569 0.744756 0 0 0.744756 0 0 0 0 0 0 0 0 0 0 0 0.744756 0 0 0 0 0 0 0 0 0 0 0 0 0 0 0 0.744756 0 0 0 0 0 0 0 0 0 0 0 0 0 0 0 0 0 0 0 0 0 
0 0 0 0.438332 0 0 0 0 0 0.438332 0.438332 -4.6664 0 0 0 1.11713 0 0 0 0 0 0 0 0 0 0 0 1.11713 0 0 0 0 0 0 0 0 0 0 0 0 0 0 0 1.11713 0 0 0 0 0 0 0 0 0 0 0 0 0 0 0 0 0 0 0 0 
0 0 0 0 0.438332 0 0 0 0.438332 0 0 0 -3.85569 0.744756 0.744756 0 0 0 0 0 0 0 0 0 0 0 0 0 0.744756 0 0 0 0 0 0 0 0 0 0 0 0 0 0 0 0.744756 0 0 0 0 0 0 0 0 0 0 0 0 0 0 0 0 0 0 0 
0 0 0 0 0 0.438332 0 0 0 0.438332 0 0 0.438332 -4.6664 0 1.11713 0 0 0 0 0 0 0 0 0 0 0 0 0 1.11713 0 0 0 0 0 0 0 0 0 0 0 0 0 0 0 1.11713 0 0 0 0 0 0 0 0 0 0 0 0 0 0 0 0 0 0 
0 0 0 0 0 0 0.438332 0 0 0 0.438332 0 0.438332 0 -4.6664 1.11713 0 0 0 0 0 0 0 0 0 0 0 0 0 0 1.11713 0 0 0 0 0 0 0 0 0 0 0 0 0 0 0 1.11713 0 0 0 0 0 0 0 0 0 0 0 0 0 0 0 0 0 
0 0 0 0 0 0 0 0.438332 0 0 0 0.438332 0 0.438332 0.438332 -4.73235 0 0 0 0 0 0 0 0 0 0 0 0 0 0 0 1.48951 0 0 0 0 0 0 0 0 0 0 0 0 0 0 0 1.48951 0 0 0 0 0 0 0 0 0 0 0 0 0 0 0 0 
0.438332 0 0 0 0 0 0 0 0 0 0 0 0 0 0 0 -2.30022 0.372378 0.372378 0 0.372378 0 0 0 0.372378 0 0 0 0 0 0 0 0 0 0 0 0 0 0 0 0 0 0 0 0 0 0 0 0.372378 0 0 0 0 0 0 0 0 0 0 0 0 0 0 0 
0 0.438332 0 0 0 0 0 0 0 0 0 0 0 0 0 0 0.438332 -3.85569 0 0.744756 0 0.744756 0 0 0 0.744756 0 0 0 0 0 0 0 0 0 0 0 0 0 0 0 0 0 0 0 0 0 0 0 0.744756 0 0 0 0 0 0 0 0 0 0 0 0 0 0 
0 0 0.438332 0 0 0 0 0 0 0 0 0 0 0 0 0 0.438332 0 -3.85569 0.744756 0 0 0.744756 0 0 0 0.744756 0 0 0 0 0 0 0 0 0 0 0 0 0 0 0 0 0 0 0 0 0 0 0 0.744756 0 0 0 0 0 0 0 0 0 0 0 0 0 
0 0 0 0.438332 0 0 0 0 0 0 0 0 0 0 0 0 0 0.438332 0.438332 -4.6664 0 0 0 1.11713 0 0 0 1.11713 0 0 0 0 0 0 0 0 0 0 0 0 0 0 0 0 0 0 0 0 0 0 0 1.11713 0 0 0 0 0 0 0 0 0 0 0 0 
0 0 0 0 0.438332 0 0 0 0 0 0 0 0 0 0 0 0.438332 0 0 0 -3.85569 0.744756 0.744756 0 0 0 0 0 0.744756 0 0 0 0 0 0 0 0 0 0 0 0 0 0 0 0 0 0 0 0 0 0 0 0.744756 0 0 0 0 0 0 0 0 0 0 0 
0 0 0 0 0 0.438332 0 0 0 0 0 0 0 0 0 0 0 0.438332 0 0 0.438332 -4.6664 0 1.11713 0 0 0 0 0 1.11713 0 0 0 0 0 0 0 0 0 0 0 0 0 0 0 0 0 0 0 0 0 0 0 1.11713 0 0 0 0 0 0 0 0 0 0 
0 0 0 0 0 0 0.438332 0 0 0 0 0 0 0 0 0 0 0 0.438332 0 0.438332 0 -4.6664 1.11713 0 0 0 0 0 0 1.11713 0 0 0 0 0 0 0 0 0 0 0 0 0 0 0 0 0 0 0 0 0 0 0 1.11713 0 0 0 0 0 0 0 0 0 
0 0 0 0 0 0 0 0.438332 0 0 0 0 0 0 0 0 0 0 0 0.438332 0 0.438332 0.438332 -4.73235 0 0 0 0 0 0 0 1.48951 0 0 0 0 0 0 0 0 0 0 0 0 0 0 0 0 0 0 0 0 0 0 0 1.48951 0 0 0 0 0 0 0 0 
0 0 0 0 0 0 0 0 0.438332 0 0 0 0 0 0 0 0.438332 0 0 0 0 0 0 0 -3.85569 0.744756 0.744756 0 0.744756 0 0 0 0 0 0 0 0 0 0 0 0 0 0 0 0 0 0 0 0 0 0 0 0 0 0 0 0.744756 0 0 0 0 0 0 0 
0 0 0 0 0 0 0 0 0 0.438332 0 0 0 0 0 0 0 0.438332 0 0 0 0 0 0 0.438332 -4.6664 0 1.11713 0 1.11713 0 0 0 0 0 0 0 0 0 0 0 0 0 0 0 0 0 0 0 0 0 0 0 0 0 0 0 1.11713 0 0 0 0 0 0 
0 0 0 0 0 0 0 0 0 0 0.438332 0 0 0 0 0 0 0 0.438332 0 0 0 0 0 0.438332 0 -4.6664 1.11713 0 0 1.11713 0 0 0 0 0 0 0 0 0 0 0 0 0 0 0 0 0 0 0 0 0 0 0 0 0 0 0 1.11713 0 0 0 0 0 
0 0 0 0 0 0 0 0 0 0 0 0.438332 0 0 0 0 0 0 0 0.438332 0 0 0 0 0 0.438332 0.438332 -4.73235 0 0 0 1.48951 0 0 0 0 0 0 0 0 0 0 0 0 0 0 0 0 0 0 0 0 0 0 0 0 0 0 0 1.48951 0 0 0 0 
0 0 0 0 0 0 0 0 0 0 0 0 0.438332 0 0 0 0 0 0 0 0.438332 0 0 0 0.438332 0 0 0 -4.6664 1.11713 1.11713 0 0 0 0 0 0 0 0 0 0 0 0 0 0 0 0 0 0 0 0 0 0 0 0 0 0 0 0 0 1.11713 0 0 0 
0 0 0 0 0 0 0 0 0 0 0 0 0 0.438332 0 0 0 0 0 0 0 0.438332 0 0 0 0.438332 0 0 0.438332 -4.73235 0 1.48951 0 0 0 0 0 0 0 0 0 0 0 0 0 0 0 0 0 0 0 0 0 0 0 0 0 0 0 0 0 1.48951 0 0 
0 0 0 0 0 0 0 0 0 0 0 0 0 0 0.438332 0 0 0 0 0 0 0 0.438332 0 0 0 0.438332 0 0.438332 0 -4.73235 1.48951 0 0 0 0 0 0 0 0 0 0 0 0 0 0 0 0 0 0 0 0 0 0 0 0 0 0 0 0 0 0 1.48951 0 
0 0 0 0 0 0 0 0 0 0 0 0 0 0 0 0.438332 0 0 0 0 0 0 0 0.438332 0 0 0 0.438332 0 0.438332 0.438332 -4.05355 0 0 0 0 0 0 0 0 0 0 0 0 0 0 0 0 0 0 0 0 0 0 0 0 0 0 0 0 0 0 0 1.86189 
0.438332 0 0 0 0 0 0 0 0 0 0 0 0 0 0 0 0 0 0 0 0 0 0 0 0 0 0 0 0 0 0 0 -2.30022 0.372378 0.372378 0 0.372378 0 0 0 0.372378 0 0 0 0 0 0 0 0.372378 0 0 0 0 0 0 0 0 0 0 0 0 0 0 0 
0 0.438332 0 0 0 0 0 0 0 0 0 0 0 0 0 0 0 0 0 0 0 0 0 0 0 0 0 0 0 0 0 0 0.438332 -3.85569 0 0.744756 0 0.744756 0 0 0 0.744756 0 0 0 0 0 0 0 0.744756 0 0 0 0 0 0 0 0 0 0 0 0 0 0 
0 0 0.438332 0 0 0 0 0 0 0 0 0 0 0 0 0 0 0 0 0 0 0 0 0 0 0 0 0 0 0 0 0 0.438332 0 -3.85569 0.744756 0 0 0.744756 0 0 0 0.744756 0 0 0 0 0 0 0 0.744756 0 0 0 0 0 0 0 0 0 0 0 0 0 
0 0 0 0.438332 0 0 0 0 0 0 0 0 0 0 0 0 0 0 0 0 0 0 0 0 0 0 0 0 0 0 0 0 0 0.438332 0.438332 -4.6664 0 0 0 1.11713 0 0 0 1.11713 0 0 0 0 0 0 0 1.11713 0 0 0 0 0 0 0 0 0 0 0 0 
0 0 0 0 0.438332 0 0 0 0 0 0 0 0 0 0 0 0 0 0 0 0 0 0 0 0 0 0 0 0 0 0 0 0.438332 0 0 0 -3.85569 0.744756 0.744756 0 0 0 0 0 0.744756 0 0 0 0 0 0 0 0.744756 0 0 0 0 0 0 0 0 0 0 0 
0 0 0 0 0 0.438332 0 0 0 0 0 0 0 0 0 0 0 0 0 0 0 0 0 0 0 0 0 0 0 0 0 0 0 0.438332 0 0 0.438332 -4.6664 0 1.11713 0 0 0 0 0 1.11713 0 0 0 0 0 0 0 1.11713 0 0 0 0 0 0 0 0 0 0 
0 0 0 0 0 0 0.438332 0 0 0 0 0 0 0 0 0 0 0 0 0 0 0 0 0 0 0 0 0 0 0 0 0 0 0 0.438332 0 0.438332 0 -4.6664 1.11713 0 0 0 0 0 0 1.11713 0 0 0 0 0 0 0 1.11713 0 0 0 0 0 0 0 0 0 
0 0 0 0 0 0 0 0.438332 0 0 0 0 0 0 0 0 0 0 0 0 0 0 0 0 0 0 0 0 0 0 0 0 0 0 0 0.438332 0 0.438332 0.438332 -4.73235 0 0 0 0 0 0 0 1.48951 0 0 0 0 0 0 0 1.48951 0 0 0 0 0 0 0 0 
0 0 0 0 0 0 0 0 0.438332 0 0 0 0 0 0 0 0 0 0 0 0 0 0 0 0 0 0 0 0 0 0 0 0.438332 0 0 0 0 0 0 0 -3.85569 0.744756 0.744756 0 0.744756 0 0 0 0 0 0 0 0 0 0 0 0.744756 0 0 0 0 0 0 0 
0 0 0 0 0 0 0 0 0 0.438332 0 0 0 0 0 0 0 0 0 0 0 0 0 0 0 0 0 0 0 0 0 0 0 0.438332 0 0 0 0 0 0 0.438332 -4.6664 0 1.11713 0 1.11713 0 0 0 0 0 0 0 0 0 0 0 1.11713 0 0 0 0 0 0 
0 0 0 0 0 0 0 0 0 0 0.438332 0 0 0 0 0 0 0 0 0 0 0 0 0 0 0 0 0 0 0 0 0 0 0 0.438332 0 0 0 0 0 0.438332 0 -4.6664 1.11713 0 0 1.11713 0 0 0 0 0 0 0 0 0 0 0 1.11713 0 0 0 0 0 
0 0 0 0 0 0 0 0 0 0 0 0.438332 0 0 0 0 0 0 0 0 0 0 0 0 0 0 0 0 0 0 0 0 0 0 0 0.438332 0 0 0 0 0 0.438332 0.438332 -4.73235 0 0 0 1.48951 0 0 0 0 0 0 0 0 0 0 0 1.48951 0 0 0 0 
0 0 0 0 0 0 0 0 0 0 0 0 0.438332 0 0 0 0 0 0 0 0 0 0 0 0 0 0 0 0 0 0 0 0 0 0 0 0.438332 0 0 0 0.438332 0 0 0 -4.6664 1.11713 1.11713 0 0 0 0 0 0 0 0 0 0 0 0 0 1.11713 0 0 0 
0 0 0 0 0 0 0 0 0 0 0 0 0 0.438332 0 0 0 0 0 0 0 0 0 0 0 0 0 0 0 0 0 0 0 0 0 0 0 0.438332 0 0 0 0.438332 0 0 0.438332 -4.73235 0 1.48951 0 0 0 0 0 0 0 0 0 0 0 0 0 1.48951 0 0 
0 0 0 0 0 0 0 0 0 0 0 0 0 0 0.438332 0 0 0 0 0 0 0 0 0 0 0 0 0 0 0 0 0 0 0 0 0 0 0 0.438332 0 0 0 0.438332 0 0.438332 0 -4.73235 1.48951 0 0 0 0 0 0 0 0 0 0 0 0 0 0 1.48951 0 
0 0 0 0 0 0 0 0 0 0 0 0 0 0 0 0.438332 0 0 0 0 0 0 0 0 0 0 0 0 0 0 0 0 0 0 0 0 0 0 0 0.438332 0 0 0 0.438332 0 0.438332 0.438332 -4.05355 0 0 0 0 0 0 0 0 0 0 0 0 0 0 0 1.86189 
0 0 0 0 0 0 0 0 0 0 0 0 0 0 0 0 0.438332 0 0 0 0 0 0 0 0 0 0 0 0 0 0 0 0.438332 0 0 0 0 0 0 0 0 0 0 0 0 0 0 0 -3.85569 0.744756 0.744756 0 0.744756 0 0 0 0.744756 0 0 0 0 0 0 0 
0 0 0 0 0 0 0 0 0 0 0 0 0 0 0 0 0 0.438332 0 0 0 0 0 0 0 0 0 0 0 0 0 0 0 0.438332 0 0 0 0 0 0 0 0 0 0 0 0 0 0 0.438332 -4.6664 0 1.11713 0 1.11713 0 0 0 1.11713 0 0 0 0 0 0 
0 0 0 0 0 0 0 0 0 0 0 0 0 0 0 0 0 0 0.438332 0 0 0 0 0 0 0 0 0 0 0 0 0 0 0 0.438332 0 0 0 0 0 0 0 0 0 0 0 0 0 0.438332 0 -4.6664 1.11713 0 0 1.11713 0 0 0 1.11713 0 0 0 0 0 
0 0 0 0 0 0 0 0 0 0 0 0 0 0 0 0 0 0 0 0.438332 0 0 0 0 0 0 0 0 0 0 0 0 0 0 0 0.438332 0 0 0 0 0 0 0 0 0 0 0 0 0 0.438332 0.438332 -4.73235 0 0 0 1.48951 0 0 0 1.48951 0 0 0 0 
0 0 0 0 0 0 0 0 0 0 0 0 0 0 0 0 0 0 0 0 0.438332 0 0 0 0 0 0 0 0 0 0 0 0 0 0 0 0.438332 0 0 0 0 0 0 0 0 0 0 0 0.438332 0 0 0 -4.6664 1.11713 1.11713 0 0 0 0 0 1.11713 0 0 0 
0 0 0 0 0 0 0 0 0 0 0 0 0 0 0 0 0 0 0 0 0 0.438332 0 0 0 0 0 0 0 0 0 0 0 0 0 0 0 0.438332 0 0 0 0 0 0 0 0 0 0 0 0.438332 0 0 0.438332 -4.73235 0 1.48951 0 0 0 0 0 1.48951 0 0 
0 0 0 0 0 0 0 0 0 0 0 0 0 0 0 0 0 0 0 0 0 0 0.438332 0 0 0 0 0 0 0 0 0 0 0 0 0 0 0 0.438332 0 0 0 0 0 0 0 0 0 0 0 0.438332 0 0.438332 0 -4.73235 1.48951 0 0 0 0 0 0 1.48951 0 
0 0 0 0 0 0 0 0 0 0 0 0 0 0 0 0 0 0 0 0 0 0 0 0.438332 0 0 0 0 0 0 0 0 0 0 0 0 0 0 0 0.438332 0 0 0 0 0 0 0 0 0 0 0 0.438332 0 0.438332 0.438332 -4.05355 0 0 0 0 0 0 0 1.86189 
0 0 0 0 0 0 0 0 0 0 0 0 0 0 0 0 0 0 0 0 0 0 0 0 0.438332 0 0 0 0 0 0 0 0 0 0 0 0 0 0 0 0.438332 0 0 0 0 0 0 0 0.438332 0 0 0 0 0 0 0 -4.6664 1.11713 1.11713 0 1.11713 0 0 0 
0 0 0 0 0 0 0 0 0 0 0 0 0 0 0 0 0 0 0 0 0 0 0 0 0 0.438332 0 0 0 0 0 0 0 0 0 0 0 0 0 0 0 0.438332 0 0 0 0 0 0 0 0.438332 0 0 0 0 0 0 0.438332 -4.73235 0 1.48951 0 1.48951 0 0 
0 0 0 0 0 0 0 0 0 0 0 0 0 0 0 0 0 0 0 0 0 0 0 0 0 0 0.438332 0 0 0 0 0 0 0 0 0 0 0 0 0 0 0 0.438332 0 0 0 0 0 0 0 0.438332 0 0 0 0 0 0.438332 0 -4.73235 1.48951 0 0 1.48951 0 
0 0 0 0 0 0 0 0 0 0 0 0 0 0 0 0 0 0 0 0 0 0 0 0 0 0 0 0.438332 0 0 0 0 0 0 0 0 0 0 0 0 0 0 0 0.438332 0 0 0 0 0 0 0 0.438332 0 0 0 0 0 0.438332 0.438332 -4.05355 0 0 0 1.86189 
0 0 0 0 0 0 0 0 0 0 0 0 0 0 0 0 0 0 0 0 0 0 0 0 0 0 0 0 0.438332 0 0 0 0 0 0 0 0 0 0 0 0 0 0 0 0.438332 0 0 0 0 0 0 0 0.438332 0 0 0 0.438332 0 0 0 -4.73235 1.48951 1.48951 0 
0 0 0 0 0 0 0 0 0 0 0 0 0 0 0 0 0 0 0 0 0 0 0 0 0 0 0 0 0 0.438332 0 0 0 0 0 0 0 0 0 0 0 0 0 0 0 0.438332 0 0 0 0 0 0 0 0.438332 0 0 0 0.438332 0 0 0.438332 -4.05355 0 1.86189 
0 0 0 0 0 0 0 0 0 0 0 0 0 0 0 0 0 0 0 0 0 0 0 0 0 0 0 0 0 0 0.438332 0 0 0 0 0 0 0 0 0 0 0 0 0 0 0 0.438332 0 0 0 0 0 0 0 0.438332 0 0 0 0.438332 0 0.438332 0 -4.05355 1.86189 
0 0 0 0 0 0 0 0 0 0 0 0 0 0 0 0 0 0 0 0 0 0 0 0 0 0 0 0 0 0 0 0.438332 0 0 0 0 0 0 0 0 0 0 0 0 0 0 0 0.438332 0 0 0 0 0 0 0 0.438332 0 0 0 0.438332 0 0.438332 0.438332 -2.62999 
