64
-0 0 0 0 0 0 0 0 0 0 0 0 0 0 0 0 0 0 0 0 0 0 0 0 0 0 0 0 0 0 0 0 0 0 0 0 0 0 0 0 0 0 0 0 0 0 0 0 0 0 0 0 0 0 0 0 0 0 0 0 0 0 0 0 
0.902451 -4.23872 0 0.667255 0 0.667255 0 0 0 0.667255 0 0 0 0 0 0 0 0.667255 0 0 0 0 0 0 0 0 0 0 0 0 0 0 0 0.667255 0 0 0 0 0 0 0 0 0 0 0 0 0 0 0 0 0 0 0 0 0 0 0 0 0 0 0 0 0 0 
0.902451 0 -4.23872 0.667255 0 0 0.667255 0 0 0 0.667255 0 0 0 0 0 0 0 0.667255 0 0 0 0 0 0 0 0 0 0 0 0 0 0 0 0.667255 0 0 0 0 0 0 0 0 0 0 0 0 0 0 0 0 0 0 0 0 0 0 0 0 0 0 0 0 0 
0 0.902451 0.902451 -7.14294 0 0 0 1.33451 0 0 0 1.33451 0 0 0 0 0 0 0 1.33451 0 0 0 0 0 0 0 0 0 0 0 0 0 0 0 1.33451 0 0 0 0 0 0 0 0 0 0 0 0 0 0 0 0 0 0 0 0 0 0 0 0 0 0 0 0 
0.902451 0 0 0 -4.23872 0.667255 0.667255 0 0 0 0 0 0.667255 0 0 0 0 0 0 0 0.667255 0 0 0 0 0 0 0 0 0 0 0 0 0 0 0 0.667255 0 0 0 0 0 0 0 0 0 0 0 0 0 0 0 0 0 0 0 0 0 0 0 0 0 0 0 
0 0.902451 0 0 0.902451 -7.14294 0 1.33451 0 0 0 0 0 1.33451 0 0 0 0 0 0 0 1.33451 0 0 0 0 0 0 0 0 0 0 0 0 0 0 0 1.33451 0 0 0 0 0 0 0 0 0 0 0 0 0 0 0 0 0 0 0 0 0 0 0 0 0 0 
0 0 0.902451 0 0.902451 0 -7.14294 1.33451 0 0 0 0 0 0 1.33451 0 0 0 0 0 0 0 1.33451 0 0 0 0 0 0 0 0 0 0 0 0 0 0 0 1.33451 0 0 0 0 0 0 0 0 0 0 0 0 0 0 0 0 0 0 0 0 0 0 0 0 0 
0 0 0 0.902451 0 0.902451 0.902451 -8.71265 0 0 0 0 0 0 0 2.00176 0 0 0 0 0 0 0 2.00176 0 0 0 0 0 0 0 0 0 0 0 0 0 0 0 2.00176 0 0 0 0 0 0 0 0 0 0 0 0 0 0 0 0 0 0 0 0 0 0 0 0 
0.902451 0 0 0 0 0 0 0 -4.23872 0.667255 0.667255 0 0.667255 0 0 0 0 0 0 0 0 0 0 0 0.667255 0 0 0 0 0 0 0 0 0 0 0 0 0 0 0 0.667255 0 0 0 0 0 0 0 0 0 0 0 0 0 0 0 0 0 0 0 0 0 0 0 
0 0.902451 0 0 0 0 0 0 0.902451 -7.14294 0 1.33451 0 1.33451 0 0 0 0 0 0 0 0 0 0 0 1.33451 0 0 0 0 0 0 0 0 0 0 0 0 0 0 0 1.33451 0 0 0 0 0 0 0 0 0 0 0 0 0 0 0 0 0 0 0 0 0 0 
0 0 0.902451 0 0 0 0 0 0.902451 0 -7.14294 1.33451 0 0 1.33451 0 0 0 0 0 0 0 0 0 0 0 1.33451 0 0 0 0 0 0 0 0 0 0 0 0 0 0 0 1.33451 0 0 0 0 0 0 0 0 0 0 0 0 0 0 0 0 0 0 0 0 0 
0 0 0 0.902451 0 0 0 0 0 0.902451 0.902451 -8.71265 0 0 0 2.00176 0 0 0 0 0 0 0 0 0 0 0 2.00176 0 0 0 0 0 0 0 0 0 0 0 0 0 0 0 2.00176 0 0 0 0 0 0 0 0 0 0 0 0 0 0 0 0 0 0 0 0 
0 0 0 0 0.902451 0 0 0 0.902451 0 0 0 -7.14294 1.33451 1.33451 0 0 0 0 0 0 0 0 0 0 0 0 0 1.33451 0 0 0 0 0 0 0 0 0 0 0 0 0 0 0 1.33451 0 0 0 0 0 0 0 0 0 0 0 0 0 0 0 0 0 0 0 
0 0 0 0 0 0.902451 0 0 0 0.902451 0 0 0.902451 -8.71265 0 2.00176 0 0 0 0 0 0 0 0 0 0 0 0 0 2.00176 0 0 0 0 0 0 0 0 0 0 0 0 0 0 0 2.00176 0 0 0 0 0 0 0 0 0 0 0 0 0 0 0 0 0 0 
0 0 0 0 0 0 0.902451 0 0 0 0.902451 0 0.902451 0 -8.71265 2.00176 0 0 0 0 0 0 0 0 0 0 0 0 0 0 2.00176 0 0 0 0 0 0 0 0 0 0 0 0 0 0 0 2.00176 0 0 0 0 0 0 0 0 0 0 0 0 0 0 0 0 0 
0 0 0 0 0 0 0 0.902451 0 0 0 0.902451 0 0.902451 0.902451 -8.94784 0 0 0 0 0 0 0 0 0 0 0 0 0 0 0 2.66902 0 0 0 0 0 0 0 0 0 0 0 0 0 0 0 2.66902 0 0 0 0 0 0 0 0 0 0 0 0 0 0 0 0 
0.902451 0 0 0 0 0 0 0 0 0 0 0 0 0 0 0 -4.23872 0.667255 0.667255 0 0.667255 0 0 0 0.667255 0 0 0 0 0 0 0 0 0 0 0 0 0 0 0 0 0 0 0 0 0 0 0 0.667255 0 0 0 0 0 0 0 0 0 0 0 0 0 0 0 
0 0.902451 0 0 0 0 0 0 0 0 0 0 0 0 0 0 0.902451 -7.14294 0 1.33451 0 1.33451 0 0 0 1.33451 0 0 0 0 0 0 0 0 0 0 0 0 0 0 0 0 0 0 0 0 0 0 0 1.33451 0 0 0 0 0 0 0 0 0 0 0 0 0 0 
0 0 0.902451 0 0 0 0 0 0 0 0 0 0 0 0 0 0.902451 0 -7.14294 1.33451 0 0 1.33451 0 0 0 1.33451 0 0 0 0 0 0 0 0 0 0 0 0 0 0 0 0 0 0 0 0 0 0 0 1.33451 0 0 0 0 0 0 0 0 0 0 0 0 0 
0 0 0 0.902451 0 0 0 0 0 0 0 0 0 0 0 0 0 0.902451 0.902451 -8.71265 0 0 0 2.00176 0 0 0 2.00176 0 0 0 0 0 0 0 0 0 0 0 0 0 0 0 0 0 0 0 0 0 0 0 2.00176 0 0 0 0 0 0 0 0 0 0 0 0 
0 0 0 0 0.902451 0 0 0 0 0 0 0 0 0 0 0 0.902451 0 0 0 -7.14294 1.33451 1.33451 0 0 0 0 0 1.33451 0 0 0 0 0 0 0 0 0 0 0 0 0 0 0 0 0 0 0 0 0 0 0 1.33451 0 0 0 0 0 0 0 0 0 0 0 
0 0 0 0 0 0.902451 0 0 0 0 0 0 0 0 0 0 0 0.902451 0 0 0.902451 -8.71265 0 2.00176 0 0 0 0 0 2.00176 0 0 0 0 0 0 0 0 0 0 0 0 0 0 0 0 0 0 0 0 0 0 0 2.00176 0 0 0 0 0 0 0 0 0 0 
0 0 0 0 0 0 0.902451 0 0 0 0 0 0 0 0 0 0 0 0.902451 0 0.902451 0 -8.71265 2.00176 0 0 0 0 0 0 2.00176 0 0 0 0 0 0 0 0 0 0 0 0 0 0 0 0 0 0 0 0 0 0 0 2.00176 0 0 0 0 0 0 0 0 0 
0 0 0 0 0 0 0 0.902451 0 0 0 0 0 0 0 0 0 0 0 0.902451 0 0.902451 0.902451 -8.94784 0 0 0 0 0 0 0 2.66902 0 0 0 0 0 0 0 0 0 0 0 0 0 0 0 0 0 0 0 0 0 0 0 2.66902 0 0 0 0 0 0 0 0 
0 0 0 0 0 0 0 0 0.902451 0 0 0 0 0 0 0 0.902451 0 0 0 0 0 0 0 -7.14294 1.33451 1.33451 0 1.33451 0 0 0 0 0 0 0 0 0 0 0 0 0 0 0 0 0 0 0 0 0 0 0 0 0 0 0 1.33451 0 0 0 0 0 0 0 
0 0 0 0 0 0 0 0 0 0.902451 0 0 0 0 0 0 0 0.902451 0 0 0 0 0 0 0.902451 -8.71265 0 2.00176 0 2.00176 0 0 0 0 0 0 0 0 0 0 0 0 0 0 0 0 0 0 0 0 0 0 0 0 0 0 0 2.00176 0 0 0 0 0 0 
0 0 0 0 0 0 0 0 0 0 0.902451 0 0 0 0 0 0 0 0.902451 0 0 0 0 0 0.902451 0 -8.71265 2.00176 0 0 2.00176 0 0 0 0 0 0 0 0 0 0 0 0 0 0 0 0 0 0 0 0 0 0 0 0 0 0 0 2.00176 0 0 0 0 0 
0 0 0 0 0 0 0 0 0 0 0 0.902451 0 0 0 0 0 0 0 0.902451 0 0 0 0 0 0.902451 0.902451 -8.94784 0 0 0 2.66902 0 0 0 0 0 0 0 0 0 0 0 0 0 0 0 0 0 0 0 0 0 0 0 0 0 0 0 2.66902 0 0 0 0 
0 0 0 0 0 0 0 0 0 0 0 0 0.902451 0 0 0 0 0 0 0 0.902451 0 0 0 0.902451 0 0 0 -8.71265 2.00176 2.00176 0 0 0 0 0 0 0 0 0 0 0 0 0 0 0 0 0 0 0 0 0 0 0 0 0 0 0 0 0 2.00176 0 0 0 
0 0 0 0 0 0 0 0 0 0 0 0 0 0.902451 0 0 0 0 0 0 0 0.902451 0 0 0 0.902451 0 0 0.902451 -8.94784 0 2.66902 0 0 0 0 0 0 0 0 0 0 0 0 0 0 0 0 0 0 0 0 0 0 0 0 0 0 0 0 0 2.66902 0 0 
0 0 0 0 0 0 0 0 0 0 0 0 0 0 0.902451 0 0 0 0 0 0 0 0.902451 0 0 0 0.902451 0 0.902451 0 -8.94784 2.66902 0 0 0 0 0 0 0 0 0 0 0 0 0 0 0 0 0 0 0 0 0 0 0 0 0 0 0 0 0 0 2.66902 0 
0 0 0 0 0 0 0 0 0 0 0 0 0 0 0 0.902451 0 0 0 0 0 0 0 0.902451 0 0 0 0.902451 0 0.902451 0.902451 -7.84853 0 0 0 0 0 0 0 0 0 0 0 0 0 0 0 0 0 0 0 0 0 0 0 0 0 0 0 0 0 0 0 3.33627 
0.902451 0 0 0 0 0 0 0 0 0 0 0 0 0 0 0 0 0 0 0 0 0 0 0 0 0 0 0 0 0 0 0 -4.23872 0.667255 0.667255 0 0.667255 0 0 0 0.667255 0 0 0 0 0 0 0 0.667255 0 0 0 0 0 0 0 0 0 0 0 0 0 0 0 
0 0.902451 0 0 0 0 0 0 0 0 0 0 0 0 0 0 0 0 0 0 0 0 0 0 0 0 0 0 0 0 0 0 0.902451 -7.14294 0 1.33451 0 1.33451 0 0 0 1.33451 0 0 0 0 0 0 0 1.33451 0 0 0 0 0 0 0 0 0 0 0 0 0 0 
0 0 0.902451 0 0 0 0 0 0 0 0 0 0 0 0 0 0 0 0 0 0 0 0 0 0 0 0 0 0 0 0 0 0.902451 0 -7.14294 1.33451 0 0 1.33451 0 0 0 1.33451 0 0 0 0 0 0 0 1.33451 0 0 0 0 0 0 0 0 0 0 0 0 0 
0 0 0 0.902451 0 0 0 0 0 0 0 0 0 0 0 0 0 0 0 0 0 0 0 0 0 0 0 0 0 0 0 0 0 0.902451 0.902451 -8.71265 0 0 0 2.00176 0 0 0 2.00176 0 0 0 0 0 0 0 2.00176 0 0 0 0 0 0 0 0 0 0 0 0 
0 0 0 0 0.902451 0 0 0 0 0 0 0 0 0 0 0 0 0 0 0 0 0 0 0 0 0 0 0 0 0 0 0 0.902451 0 0 0 -7.14294 1.33451 1.33451 0 0 0 0 0 1.33451 0 0 0 0 0 0 0 1.33451 0 0 0 0 0 0 0 0 0 0 0 
0 0 0 0 0 0.902451 0 0 0 0 0 0 0 0 0 0 0 0 0 0 0 0 0 0 0 0 0 0 0 0 0 0 0 0.902451 0 0 0.902451 -8.71265 0 2.00176 0 0 0 0 0 2.00176 0 0 0 0 0 0 0 2.00176 0 0 0 0 0 0 0 0 0 0 
0 0 0 0 0 0 0.902451 0 0 0 0 0 0 0 0 0 0 0 0 0 0 0 0 0 0 0 0 0 0 0 0 0 0 0 0.902451 0 0.902451 0 -8.71265 2.00176 0 0 0 0 0 0 2.00176 0 0 0 0 0 0 0 2.00176 0 0 0 0 0 0 0 0 0 
0 0 0 0 0 0 0 0.902451 0 0 0 0 0 0 0 0 0 0 0 0 0 0 0 0 0 0 0 0 0 0 0 0 0 0 0 0.902451 0 0.902451 0.902451 -8.94784 0 0 0 0 0 0 0 2.66902 0 0 0 0 0 0 0 2.66902 0 0 0 0 0 0 0 0 
0 0 0 0 0 0 0 0 0.902451 0 0 0 0 0 0 0 0 0 0 0 0 0 0 0 0 0 0 0 0 0 0 0 0.902451 0 0 0 0 0 0 0 -7.14294 1.33451 1.33451 0 1.33451 0 0 0 0 0 0 0 0 0 0 0 1.33451 0 0 0 0 0 0 0 
0 0 0 0 0 0 0 0 0 0.902451 0 0 0 0 0 0 0 0 0 0 0 0 0 0 0 0 0 0 0 0 0 0 0 0.902451 0 0 0 0 0 0 0.902451 -8.71265 0 2.00176 0 2.00176 0 0 0 0 0 0 0 0 0 0 0 2.00176 0 0 0 0 0 0 
0 0 0 0 0 0 0 0 0 0 0.902451 0 0 0 0 0 0 0 0 0 0 0 0 0 0 0 0 0 0 0 0 0 0 0 0.902451 0 0 0 0 0 0.902451 0 -8.71265 2.00176 0 0 2.00176 0 0 0 0 0 0 0 0 0 0 0 2.00176 0 0 0 0 0 
0 0 0 0 0 0 0 0 0 0 0 0.902451 0 0 0 0 0 0 0 0 0 0 0 0 0 0 0 0 0 0 0 0 0 0 0 0.902451 0 0 0 0 0 0.902451 0.902451 -8.94784 0 0 0 2.66902 0 0 0 0 0 0 0 0 0 0 0 2.66902 0 0 0 0 
0 0 0 0 0 0 0 0 0 0 0 0 0.902451 0 0 0 0 0 0 0 0 0 0 0 0 0 0 0 0 0 0 0 0 0 0 0 0.902451 0 0 0 0.902451 0 0 0 -8.71265 2.00176 2.00176 0 0 0 0 0 0 0 0 0 0 0 0 0 2.00176 0 0 0 
0 0 0 0 0 0 0 0 0 0 0 0 0 0.902451 0 0 0 0 0 0 0 0 0 0 0 0 0 0 0 0 0 0 0 0 0 0 0 0.902451 0 0 0 0.902451 0 0 0.902451 -8.94784 0 2.66902 0 0 0 0 0 0 0 0 0 0 0 0 0 2.66902 0 0 
0 0 0 0 0 0 0 0 0 0 0 0 0 0 0.902451 0 0 0 0 0 0 0 0 0 0 0 0 0 0 0 0 0 0 0 0 0 0 0 0.902451 0 0 0 0.902451 0 0.902451 0 -8.94784 2.66902 0 0 0 0 0 0 0 0 0 0 0 0 0 0 2.66902 0 
0 0 0 0 0 0 0 0 0 0 0 0 0 0 0 0.902451 0 0 0 0 0 0 0 0 0 0 0 0 0 0 0 0 0 0 0 0 0 0 0 0.902451 0 0 0 0.902451 0 0.902451 0.902451 -7.84853 0 0 0 0 0 0 0 0 0 0 0 0 0 0 0 3.33627 
0 0 0 0 0 0 0 0 0 0 0 0 0 0 0 0 0.902451 0 0 0 0 0 0 0 0 0 0 0 0 0 0 0 0.902451 0 0 0 0 0 0 0 0 0 0 0 0 0 0 0 -7.14294 1.33451 1.33451 0 1.33451 0 0 0 1.33451 0 0 0 0 0 0 0 
0 0 0 0 0 0 0 0 0 0 0 0 0 0 0 0 0 0.902451 0 0 0 0 0 0 0 0 0 0 0 0 0 0 0 0.902451 0 0 0 0 0 0 0 0 0 0 0 0 0 0 0.902451 -8.71265 0 2.00176 0 2.00176 0 0 0 2.00176 0 0 0 0 0 0 
0 0 0 0 0 0 0 0 0 0 0 0 0 0 0 0 0 0 0.902451 0 0 0 0 0 0 0 0 0 0 0 0 0 0 0 0.902451 0 0 0 0 0 0 0 0 0 0 0 0 0 0.902451 0 -8.71265 2.00176 0 0 2.00176 0 0 0 2.00176 0 0 0 0 0 
0 0 0 0 0 0 0 0 0 0 0 0 0 0 0 0 0 0 0 0.902451 0 0 0 0 0 0 0 0 0 0 0 0 0 0 0 0.902451 0 0 0 0 0 0 0 0 0 0 0 0 0 0.902451 0.902451 -8.94784 0 0 0 2.66902 0 0 0 2.66902 0 0 0 0 
0 0 0 0 0 0 0 0 0 0 0 0 0 0 0 0 0 0 0 0 0.902451 0 0 0 0 0 0 0 0 0 0 0 0 0 0 0 0.902451 0 0 0 0 0 0 0 0 0 0 0 0.902451 0 0 0 -8.71265 2.00176 2.00176 0 0 0 0 0 2.00176 0 0 0 
0 0 0 0 0 0 0 0 0 0 0 0 0 0 0 0 0 0 0 0 0 0.902451 0 0 0 0 0 0 0 0 0 0 0 0 0 0 0 0.902451 0 0 0 0 0 0 0 0 0 0 0 0.902451 0 0 0.902451 -8.94784 0 2.66902 0 0 0 0 0 2.66902 0 0 
0 0 0 0 0 0 0 0 0 0 0 0 0 0 0 0 0 0 0 0 0 0 0.902451 0 0 0 0 0 0 0 0 0 0 0 0 0 0 0 0.902451 0 0 0 0 0 0 0 0 0 0 0 0.902451 0 0.902451 0 -8.94784 2.66902 0 0 0 0 0 0 2.66902 0 
0 0 0 0 0 0 0 0 0 0 0 0 0 0 0 0 0 0 0 0 0 0 0 0.902451 0 0 0 0 0 0 0 0 0 0 0 0 0 0 0 0.902451 0 0 0 0 0 0 0 0 0 0 0 0.902451 0 0.902451 0.902451 -7.84853 0 0 0 0 0 0 0 3.33627 
0 0 0 0 0 0 0 0 0 0 0 0 0 0 0 0 0 0 0 0 0 0 0 0 0.902451 0 0 0 0 0 0 0 0 0 0 0 0 0 0 0 0.902451 0 0 0 0 0 0 0 0.902451 0 0 0 0 0 0 0 -8.71265 2.00176 2.00176 0 2.00176 0 0 0 
0 0 0 0 0 0 0 0 0 0 0 0 0 0 0 0 0 0 0 0 0 0 0 0 0 0.902451 0 0 0 0 0 0 0 0 0 0 0 0 0 0 0 0.902451 0 0 0 0 0 0 0 0.902451 0 0 0 0 0 0 0.902451 -8.94784 0 2.66902 0 2.66902 0 0 
0 0 0 0 0 0 0 0 0 0 0 0 0 0 0 0 0 0 0 0 0 0 0 0 0 0 0.902451 0 0 0 0 0 0 0 0 0 0 0 0 0 0 0 0.902451 0 0 0 0 0 0 0 0.902451 0 0 0 0 0 0.902451 0 -8.94784 2.66902 0 0 2.66902 0 
0 0 0 0 0 0 0 0 0 0 0 0 0 0 0 0 0 0 0 0 0 0 0 0 0 0 0 0.902451 0 0 0 0 0 0 0 0 0 0 0 0 0 0 0 0.902451 0 0 0 0 0 0 0 0.902451 0 0 0 0 0 0.902451 0.902451 -7.84853 0 0 0 3.33627 
0 0 0 0 0 0 0 0 0 0 0 0 0 0 0 0 0 0 0 0 0 0 0 0 0 0 0 0 0.902451 0 0 0 0 0 0 0 0 0 0 0 0 0 0 0 0.902451 0 0 0 0 0 0 0 0.902451 0 0 0 0.902451 0 0 0 -8.94784 2.66902 2.66902 0 
0 0 0 0 0 0 0 0 0 0 0 0 0 0 0 0 0 0 0 0 0 0 0 0 0 0 0 0 0 0.902451 0 0 0 0 0 0 0 0 0 0 0 0 0 0 0 0.902451 0 0 0 0 0 0 0 0.902451 0 0 0 0.902451 0 0 0.902451 -7.84853 0 3.33627 
0 0 0 0 0 0 0 0 0 0 0 0 0 0 0 0 0 0 0 0 0 0 0 0 0 0 0 0 0 0 0.902451 0 0 0 0 0 0 0 0 0 0 0 0 0 0 0 0.902451 0 0 0 0 0 0 0 0.902451 0 0 0 0.902451 0 0.902451 0 -7.84853 3.33627 
0 0 0 0 0 0 0 0 0 0 0 0 0 0 0 0 0 0 0 0 0 0 0 0 0 0 0 0 0 0 0 0.902451 0 0 0 0 0 0 0 0 0 0 0 0 0 0 0 0.902451 0 0 0 0 0 0 0 0.902451 0 0 0 0.902451 0 0.902451 0.902451 -5.4147 
