64
-0 0 0 0 0 0 0 0 0 0 0 0 0 0 0 0 0 0 0 0 0 0 0 0 0 0 0 0 0 0 0 0 0 0 0 0 0 0 0 0 0 0 0 0 0 0 0 0 0 0 0 0 0 0 0 0 0 0 0 0 0 0 0 0 
0.217662 -1.48874 0 0.254216 0 0.254216 0 0 0 0.254216 0 0 0 0 0 0 0 0.254216 0 0 0 0 0 0 0 0 0 0 0 0 0 0 0 0.254216 0 0 0 0 0 0 0 0 0 0 0 0 0 0 0 0 0 0 0 0 0 0 0 0 0 0 0 0 0 0 
0.217662 0 -1.48874 0.254216 0 0 0.254216 0 0 0 0.254216 0 0 0 0 0 0 0 0.254216 0 0 0 0 0 0 0 0 0 0 0 0 0 0 0 0.254216 0 0 0 0 0 0 0 0 0 0 0 0 0 0 0 0 0 0 0 0 0 0 0 0 0 0 0 0 0 
0 0.217662 0.217662 -2.46905 0 0 0 0.508431 0 0 0 0.508431 0 0 0 0 0 0 0 0.508431 0 0 0 0 0 0 0 0 0 0 0 0 0 0 0 0.508431 0 0 0 0 0 0 0 0 0 0 0 0 0 0 0 0 0 0 0 0 0 0 0 0 0 0 0 0 
0.217662 0 0 0 -1.48874 0.254216 0.254216 0 0 0 0 0 0.254216 0 0 0 0 0 0 0 0.254216 0 0 0 0 0 0 0 0 0 0 0 0 0 0 0 0.254216 0 0 0 0 0 0 0 0 0 0 0 0 0 0 0 0 0 0 0 0 0 0 0 0 0 0 0 
0 0.217662 0 0 0.217662 -2.46905 0 0.508431 0 0 0 0 0 0.508431 0 0 0 0 0 0 0 0.508431 0 0 0 0 0 0 0 0 0 0 0 0 0 0 0 0.508431 0 0 0 0 0 0 0 0 0 0 0 0 0 0 0 0 0 0 0 0 0 0 0 0 0 0 
0 0 0.217662 0 0.217662 0 -2.46905 0.508431 0 0 0 0 0 0 0.508431 0 0 0 0 0 0 0 0.508431 0 0 0 0 0 0 0 0 0 0 0 0 0 0 0 0.508431 0 0 0 0 0 0 0 0 0 0 0 0 0 0 0 0 0 0 0 0 0 0 0 0 0 
0 0 0 0.217662 0 0.217662 0.217662 -2.94093 0 0 0 0 0 0 0 0.762647 0 0 0 0 0 0 0 0.762647 0 0 0 0 0 0 0 0 0 0 0 0 0 0 0 0.762647 0 0 0 0 0 0 0 0 0 0 0 0 0 0 0 0 0 0 0 0 0 0 0 0 
0.217662 0 0 0 0 0 0 0 -1.48874 0.254216 0.254216 0 0.254216 0 0 0 0 0 0 0 0 0 0 0 0.254216 0 0 0 0 0 0 0 0 0 0 0 0 0 0 0 0.254216 0 0 0 0 0 0 0 0 0 0 0 0 0 0 0 0 0 0 0 0 0 0 0 
0 0.217662 0 0 0 0 0 0 0.217662 -2.46905 0 0.508431 0 0.508431 0 0 0 0 0 0 0 0 0 0 0 0.508431 0 0 0 0 0 0 0 0 0 0 0 0 0 0 0 0.508431 0 0 0 0 0 0 0 0 0 0 0 0 0 0 0 0 0 0 0 0 0 0 
0 0 0.217662 0 0 0 0 0 0.217662 0 -2.46905 0.508431 0 0 0.508431 0 0 0 0 0 0 0 0 0 0 0 0.508431 0 0 0 0 0 0 0 0 0 0 0 0 0 0 0 0.508431 0 0 0 0 0 0 0 0 0 0 0 0 0 0 0 0 0 0 0 0 0 
0 0 0 0.217662 0 0 0 0 0 0.217662 0.217662 -2.94093 0 0 0 0.762647 0 0 0 0 0 0 0 0 0 0 0 0.762647 0 0 0 0 0 0 0 0 0 0 0 0 0 0 0 0.762647 0 0 0 0 0 0 0 0 0 0 0 0 0 0 0 0 0 0 0 0 
0 0 0 0 0.217662 0 0 0 0.217662 0 0 0 -2.46905 0.508431 0.508431 0 0 0 0 0 0 0 0 0 0 0 0 0 0.508431 0 0 0 0 0 0 0 0 0 0 0 0 0 0 0 0.508431 0 0 0 0 0 0 0 0 0 0 0 0 0 0 0 0 0 0 0 
0 0 0 0 0 0.217662 0 0 0 0.217662 0 0 0.217662 -2.94093 0 0.762647 0 0 0 0 0 0 0 0 0 0 0 0 0 0.762647 0 0 0 0 0 0 0 0 0 0 0 0 0 0 0 0.762647 0 0 0 0 0 0 0 0 0 0 0 0 0 0 0 0 0 0 
0 0 0 0 0 0 0.217662 0 0 0 0.217662 0 0.217662 0 -2.94093 0.762647 0 0 0 0 0 0 0 0 0 0 0 0 0 0 0.762647 0 0 0 0 0 0 0 0 0 0 0 0 0 0 0 0.762647 0 0 0 0 0 0 0 0 0 0 0 0 0 0 0 0 0 
0 0 0 0 0 0 0 0.217662 0 0 0 0.217662 0 0.217662 0.217662 -2.90437 0 0 0 0 0 0 0 0 0 0 0 0 0 0 0 1.01686 0 0 0 0 0 0 0 0 0 0 0 0 0 0 0 1.01686 0 0 0 0 0 0 0 0 0 0 0 0 0 0 0 0 
0.217662 0 0 0 0 0 0 0 0 0 0 0 0 0 0 0 -1.48874 0.254216 0.254216 0 0.254216 0 0 0 0.254216 0 0 0 0 0 0 0 0 0 0 0 0 0 0 0 0 0 0 0 0 0 0 0 0.254216 0 0 0 0 0 0 0 0 0 0 0 0 0 0 0 
0 0.217662 0 0 0 0 0 0 0 0 0 0 0 0 0 0 0.217662 -2.46905 0 0.508431 0 0.508431 0 0 0 0.508431 0 0 0 0 0 0 0 0 0 0 0 0 0 0 0 0 0 0 0 0 0 0 0 0.508431 0 0 0 0 0 0 0 0 0 0 0 0 0 0 
0 0 0.217662 0 0 0 0 0 0 0 0 0 0 0 0 0 0.217662 0 -2.46905 0.508431 0 0 0.508431 0 0 0 0.508431 0 0 0 0 0 0 0 0 0 0 0 0 0 0 0 0 0 0 0 0 0 0 0 0.508431 0 0 0 0 0 0 0 0 0 0 0 0 0 
0 0 0 0.217662 0 0 0 0 0 0 0 0 0 0 0 0 0 0.217662 0.217662 -2.94093 0 0 0 0.762647 0 0 0 0.762647 0 0 0 0 0 0 0 0 0 0 0 0 0 0 0 0 0 0 0 0 0 0 0 0.762647 0 0 0 0 0 0 0 0 0 0 0 0 
0 0 0 0 0.217662 0 0 0 0 0 0 0 0 0 0 0 0.217662 0 0 0 -2.46905 0.508431 0.508431 0 0 0 0 0 0.508431 0 0 0 0 0 0 0 0 0 0 0 0 0 0 0 0 0 0 0 0 0 0 0 0.508431 0 0 0 0 0 0 0 0 0 0 0 
0 0 0 0 0 0.217662 0 0 0 0 0 0 0 0 0 0 0 0.217662 0 0 0.217662 -2.94093 0 0.762647 0 0 0 0 0 0.762647 0 0 0 0 0 0 0 0 0 0 0 0 0 0 0 0 0 0 0 0 0 0 0 0.762647 0 0 0 0 0 0 0 0 0 0 
0 0 0 0 0 0 0.217662 0 0 0 0 0 0 0 0 0 0 0 0.217662 0 0.217662 0 -2.94093 0.762647 0 0 0 0 0 0 0.762647 0 0 0 0 0 0 0 0 0 0 0 0 0 0 0 0 0 0 0 0 0 0 0 0.762647 0 0 0 0 0 0 0 0 0 
0 0 0 0 0 0 0 0.217662 0 0 0 0 0 0 0 0 0 0 0 0.217662 0 0.217662 0.217662 -2.90437 0 0 0 0 0 0 0 1.01686 0 0 0 0 0 0 0 0 0 0 0 0 0 0 0 0 0 0 0 0 0 0 0 1.01686 0 0 0 0 0 0 0 0 
0 0 0 0 0 0 0 0 0.217662 0 0 0 0 0 0 0 0.217662 0 0 0 0 0 0 0 -2.46905 0.508431 0.508431 0 0.508431 0 0 0 0 0 0 0 0 0 0 0 0 0 0 0 0 0 0 0 0 0 0 0 0 0 0 0 0.508431 0 0 0 0 0 0 0 
0 0 0 0 0 0 0 0 0 0.217662 0 0 0 0 0 0 0 0.217662 0 0 0 0 0 0 0.217662 -2.94093 0 0.762647 0 0.762647 0 0 0 0 0 0 0 0 0 0 0 0 0 0 0 0 0 0 0 0 0 0 0 0 0 0 0 0.762647 0 0 0 0 0 0 
0 0 0 0 0 0 0 0 0 0 0.217662 0 0 0 0 0 0 0 0.217662 0 0 0 0 0 0.217662 0 -2.94093 0.762647 0 0 0.762647 0 0 0 0 0 0 0 0 0 0 0 0 0 0 0 0 0 0 0 0 0 0 0 0 0 0 0 0.762647 0 0 0 0 0 
0 0 0 0 0 0 0 0 0 0 0 0.217662 0 0 0 0 0 0 0 0.217662 0 0 0 0 0 0.217662 0.217662 -2.90437 0 0 0 1.01686 0 0 0 0 0 0 0 0 0 0 0 0 0 0 0 0 0 0 0 0 0 0 0 0 0 0 0 1.01686 0 0 0 0 
0 0 0 0 0 0 0 0 0 0 0 0 0.217662 0 0 0 0 0 0 0 0.217662 0 0 0 0.217662 0 0 0 -2.94093 0.762647 0.762647 0 0 0 0 0 0 0 0 0 0 0 0 0 0 0 0 0 0 0 0 0 0 0 0 0 0 0 0 0 0.762647 0 0 0 
0 0 0 0 0 0 0 0 0 0 0 0 0 0.217662 0 0 0 0 0 0 0 0.217662 0 0 0 0.217662 0 0 0.217662 -2.90437 0 1.01686 0 0 0 0 0 0 0 0 0 0 0 0 0 0 0 0 0 0 0 0 0 0 0 0 0 0 0 0 0 1.01686 0 0 
0 0 0 0 0 0 0 0 0 0 0 0 0 0 0.217662 0 0 0 0 0 0 0 0.217662 0 0 0 0.217662 0 0.217662 0 -2.90437 1.01686 0 0 0 0 0 0 0 0 0 0 0 0 0 0 0 0 0 0 0 0 0 0 0 0 0 0 0 0 0 0 1.01686 0 
0 0 0 0 0 0 0 0 0 0 0 0 0 0 0 0.217662 0 0 0 0 0 0 0 0.217662 0 0 0 0.217662 0 0.217662 0.217662 -2.35939 0 0 0 0 0 0 0 0 0 0 0 0 0 0 0 0 0 0 0 0 0 0 0 0 0 0 0 0 0 0 0 1.27108 
0.217662 0 0 0 0 0 0 0 0 0 0 0 0 0 0 0 0 0 0 0 0 0 0 0 0 0 0 0 0 0 0 0 -1.48874 0.254216 0.254216 0 0.254216 0 0 0 0.254216 0 0 0 0 0 0 0 0.254216 0 0 0 0 0 0 0 0 0 0 0 0 0 0 0 
0 0.217662 0 0 0 0 0 0 0 0 0 0 0 0 0 0 0 0 0 0 0 0 0 0 0 0 0 0 0 0 0 0 0.217662 -2.46905 0 0.508431 0 0.508431 0 0 0 0.508431 0 0 0 0 0 0 0 0.508431 0 0 0 0 0 0 0 0 0 0 0 0 0 0 
0 0 0.217662 0 0 0 0 0 0 0 0 0 0 0 0 0 0 0 0 0 0 0 0 0 0 0 0 0 0 0 0 0 0.217662 0 -2.46905 0.508431 0 0 0.508431 0 0 0 0.508431 0 0 0 0 0 0 0 0.508431 0 0 0 0 0 0 0 0 0 0 0 0 0 
0 0 0 0.217662 0 0 0 0 0 0 0 0 0 0 0 0 0 0 0 0 0 0 0 0 0 0 0 0 0 0 0 0 0 0.217662 0.217662 -2.94093 0 0 0 0.762647 0 0 0 0.762647 0 0 0 0 0 0 0 0.762647 0 0 0 0 0 0 0 0 0 0 0 0 
0 0 0 0 0.217662 0 0 0 0 0 0 0 0 0 0 0 0 0 0 0 0 0 0 0 0 0 0 0 0 0 0 0 0.217662 0 0 0 -2.46905 0.508431 0.508431 0 0 0 0 0 0.508431 0 0 0 0 0 0 0 0.508431 0 0 0 0 0 0 0 0 0 0 0 
0 0 0 0 0 0.217662 0 0 0 0 0 0 0 0 0 0 0 0 0 0 0 0 0 0 0 0 0 0 0 0 0 0 0 0.217662 0 0 0.217662 -2.94093 0 0.762647 0 0 0 0 0 0.762647 0 0 0 0 0 0 0 0.762647 0 0 0 0 0 0 0 0 0 0 
0 0 0 0 0 0 0.217662 0 0 0 0 0 0 0 0 0 0 0 0 0 0 0 0 0 0 0 0 0 0 0 0 0 0 0 0.217662 0 0.217662 0 -2.94093 0.762647 0 0 0 0 0 0 0.762647 0 0 0 0 0 0 0 0.762647 0 0 0 0 0 0 0 0 0 
0 0 0 0 0 0 0 0.217662 0 0 0 0 0 0 0 0 0 0 0 0 0 0 0 0 0 0 0 0 0 0 0 0 0 0 0 0.217662 0 0.217662 0.217662 -2.90437 0 0 0 0 0 0 0 1.01686 0 0 0 0 0 0 0 1.01686 0 0 0 0 0 0 0 0 
0 0 0 0 0 0 0 0 0.217662 0 0 0 0 0 0 0 0 0 0 0 0 0 0 0 0 0 0 0 0 0 0 0 0.217662 0 0 0 0 0 0 0 -2.46905 0.508431 0.508431 0 0.508431 0 0 0 0 0 0 0 0 0 0 0 0.508431 0 0 0 0 0 0 0 
0 0 0 0 0 0 0 0 0 0.217662 0 0 0 0 0 0 0 0 0 0 0 0 0 0 0 0 0 0 0 0 0 0 0 0.217662 0 0 0 0 0 0 0.217662 -2.94093 0 0.762647 0 0.762647 0 0 0 0 0 0 0 0 0 0 0 0.762647 0 0 0 0 0 0 
0 0 0 0 0 0 0 0 0 0 0.217662 0 0 0 0 0 0 0 0 0 0 0 0 0 0 0 0 0 0 0 0 0 0 0 0.217662 0 0 0 0 0 0.217662 0 -2.94093 0.762647 0 0 0.762647 0 0 0 0 0 0 0 0 0 0 0 0.762647 0 0 0 0 0 
0 0 0 0 0 0 0 0 0 0 0 0.217662 0 0 0 0 0 0 0 0 0 0 0 0 0 0 0 0 0 0 0 0 0 0 0 0.217662 0 0 0 0 0 0.217662 0.217662 -2.90437 0 0 0 1.01686 0 0 0 0 0 0 0 0 0 0 0 1.01686 0 0 0 0 
0 0 0 0 0 0 0 0 0 0 0 0 0.217662 0 0 0 0 0 0 0 0 0 0 0 0 0 0 0 0 0 0 0 0 0 0 0 0.217662 0 0 0 0.217662 0 0 0 -2.94093 0.762647 0.762647 0 0 0 0 0 0 0 0 0 0 0 0 0 0.762647 0 0 0 
0 0 0 0 0 0 0 0 0 0 0 0 0 0.217662 0 0 0 0 0 0 0 0 0 0 0 0 0 0 0 0 0 0 0 0 0 0 0 0.217662 0 0 0 0.217662 0 0 0.217662 -2.90437 0 1.01686 0 0 0 0 0 0 0 0 0 0 0 0 0 1.01686 0 0 
0 0 0 0 0 0 0 0 0 0 0 0 0 0 0.217662 0 0 0 0 0 0 0 0 0 0 0 0 0 0 0 0 0 0 0 0 0 0 0 0.217662 0 0 0 0.217662 0 0.217662 0 -2.90437 1.01686 0 0 0 0 0 0 0 0 0 0 0 0 0 0 1.01686 0 
0 0 0 0 0 0 0 0 0 0 0 0 0 0 0 0.217662 0 0 0 0 0 0 0 0 0 0 0 0 0 0 0 0 0 0 0 0 0 0 0 0.217662 0 0 0 0.217662 0 0.217662 0.217662 -2.35939 0 0 0 0 0 0 0 0 0 0 0 0 0 0 0 1.27108 
0 0 0 0 0 0 0 0 0 0 0 0 0 0 0 0 0.217662 0 0 0 0 0 0 0 0 0 0 0 0 0 0 0 0.217662 0 0 0 0 0 0 0 0 0 0 0 0 0 0 0 -2.46905 0.508431 0.508431 0 0.508431 0 0 0 0.508431 0 0 0 0 0 0 0 
0 0 0 0 0 0 0 0 0 0 0 0 0 0 0 0 0 0.217662 0 0 0 0 0 0 0 0 0 0 0 0 0 0 0 0.217662 0 0 0 0 0 0 0 0 0 0 0 0 0 0 0.217662 -2.94093 0 0.762647 0 0.762647 0 0 0 0.762647 0 0 0 0 0 0 
0 0 0 0 0 0 0 0 0 0 0 0 0 0 0 0 0 0 0.217662 0 0 0 0 0 0 0 0 0 0 0 0 0 0 0 0.217662 0 0 0 0 0 0 0 0 0 0 0 0 0 0.217662 0 -2.94093 0.762647 0 0 0.762647 0 0 0 0.762647 0 0 0 0 0 
0 0 0 0 0 0 0 0 0 0 0 0 0 0 0 0 0 0 0 0.217662 0 0 0 0 0 0 0 0 0 0 0 0 0 0 0 0.217662 0 0 0 0 0 0 0 0 0 0 0 0 0 0.217662 0.217662 -2.90437 0 0 0 1.01686 0 0 0 1.01686 0 0 0 0 
0 0 0 0 0 0 0 0 0 0 0 0 0 0 0 0 0 0 0 0 0.217662 0 0 0 0 0 0 0 0 0 0 0 0 0 0 0 0.217662 0 0 0 0 0 0 0 0 0 0 0 0.217662 0 0 0 -2.94093 0.762647 0.762647 0 0 0 0 0 0.762647 0 0 0 
0 0 0 0 0 0 0 0 0 0 0 0 0 0 0 0 0 0 0 0 0 0.217662 0 0 0 0 0 0 0 0 0 0 0 0 0 0 0 0.217662 0 0 0 0 0 0 0 0 0 0 0 0.217662 0 0 0.217662 -2.90437 0 1.01686 0 0 0 0 0 1.01686 0 0 
0 0 0 0 0 0 0 0 0 0 0 0 0 0 0 0 0 0 0 0 0 0 0.217662 0 0 0 0 0 0 0 0 0 0 0 0 0 0 0 0.217662 0 0 0 0 0 0 0 0 0 0 0 0.217662 0 0.217662 0 -2.90437 1.01686 0 0 0 0 0 0 1.01686 0 
0 0 0 0 0 0 0 0 0 0 0 0 0 0 0 0 0 0 0 0 0 0 0 0.217662 0 0 0 0 0 0 0 0 0 0 0 0 0 0 0 0.217662 0 0 0 0 0 0 0 0 0 0 0 0.217662 0 0.217662 0.217662 -2.35939 0 0 0 0 0 0 0 1.27108 
0 0 0 0 0 0 0 0 0 0 0 0 0 0 0 0 0 0 0 0 0 0 0 0 0.217662 0 0 0 0 0 0 0 0 0 0 0 0 0 0 0 0.217662 0 0 0 0 0 0 0 0.217662 0 0 0 0 0 0 0 -2.94093 0.762647 0.762647 0 0.762647 0 0 0 
0 0 0 0 0 0 0 0 0 0 0 0 0 0 0 0 0 0 0 0 0 0 0 0 0 0.217662 0 0 0 0 0 0 0 0 0 0 0 0 0 0 0 0.217662 0 0 0 0 0 0 0 0.217662 0 0 0 0 0 0 0.217662 -2.90437 0 1.01686 0 1.01686 0 0 
0 0 0 0 0 0 0 0 0 0 0 0 0 0 0 0 0 0 0 0 0 0 0 0 0 0 0.217662 0 0 0 0 0 0 0 0 0 0 0 0 0 0 0 0.217662 0 0 0 0 0 0 0 0.217662 0 0 0 0 0 0.217662 0 -2.90437 1.01686 0 0 1.01686 0 
0 0 0 0 0 0 0 0 0 0 0 0 0 0 0 0 0 0 0 0 0 0 0 0 0 0 0 0.217662 0 0 0 0 0 0 0 0 0 0 0 0 0 0 0 0.217662 0 0 0 0 0 0 0 0.217662 0 0 0 0 0 0.217662 0.217662 -2.35939 0 0 0 1.27108 
0 0 0 0 0 0 0 0 0 0 0 0 0 0 0 0 0 0 0 0 0 0 0 0 0 0 0 0 0.217662 0 0 0 0 0 0 0 0 0 0 0 0 0 0 0 0.217662 0 0 0 0 0 0 0 0.217662 0 0 0 0.217662 0 0 0 -2.90437 1.01686 1.01686 0 
0 0 0 0 0 0 0 0 0 0 0 0 0 0 0 0 0 0 0 0 0 0 0 0 0 0 0 0 0 0.217662 0 0 0 0 0 0 0 0 0 0 0 0 0 0 0 0.217662 0 0 0 0 0 0 0 0.217662 0 0 0 0.217662 0 0 0.217662 -2.35939 0 1.27108 
0 0 0 0 0 0 0 0 0 0 0 0 0 0 0 0 0 0 0 0 0 0 0 0 0 0 0 0 0 0 0.217662 0 0 0 0 0 0 0 0 0 0 0 0 0 0 0 0.217662 0 0 0 0 0 0 0 0.217662 0 0 0 0.217662 0 0.217662 0 -2.35939 1.27108 
0 0 0 0 0 0 0 0 0 0 0 0 0 0 0 0 0 0 0 0 0 0 0 0 0 0 0 0 0 0 0 0.217662 0 0 0 0 0 0 0 0 0 0 0 0 0 0 0 0.217662 0 0 0 0 0 0 0 0.217662 0 0 0 0.217662 0 0.217662 0.217662 -1.30597 
