64
-0 0 0 0 0 0 0 0 0 0 0 0 0 0 0 0 0 0 0 0 0 0 0 0 0 0 0 0 0 0 0 0 0 0 0 0 0 0 0 0 0 0 0 0 0 0 0 0 0 0 0 0 0 0 0 0 0 0 0 0 0 0 0 0 
0.726156 -3.42852 0 0.540473 0 0.540473 0 0 0 0.540473 0 0 0 0 0 0 0 0.540473 0 0 0 0 0 0 0 0 0 0 0 0 0 0 0 0.540473 0 0 0 0 0 0 0 0 0 0 0 0 0 0 0 0 0 0 0 0 0 0 0 0 0 0 0 0 0 0 
0.726156 0 -3.42852 0.540473 0 0 0.540473 0 0 0 0.540473 0 0 0 0 0 0 0 0.540473 0 0 0 0 0 0 0 0 0 0 0 0 0 0 0 0.540473 0 0 0 0 0 0 0 0 0 0 0 0 0 0 0 0 0 0 0 0 0 0 0 0 0 0 0 0 0 
0 0.726156 0.726156 -5.7761 0 0 0 1.08095 0 0 0 1.08095 0 0 0 0 0 0 0 1.08095 0 0 0 0 0 0 0 0 0 0 0 0 0 0 0 1.08095 0 0 0 0 0 0 0 0 0 0 0 0 0 0 0 0 0 0 0 0 0 0 0 0 0 0 0 0 
0.726156 0 0 0 -3.42852 0.540473 0.540473 0 0 0 0 0 0.540473 0 0 0 0 0 0 0 0.540473 0 0 0 0 0 0 0 0 0 0 0 0 0 0 0 0.540473 0 0 0 0 0 0 0 0 0 0 0 0 0 0 0 0 0 0 0 0 0 0 0 0 0 0 0 
0 0.726156 0 0 0.726156 -5.7761 0 1.08095 0 0 0 0 0 1.08095 0 0 0 0 0 0 0 1.08095 0 0 0 0 0 0 0 0 0 0 0 0 0 0 0 1.08095 0 0 0 0 0 0 0 0 0 0 0 0 0 0 0 0 0 0 0 0 0 0 0 0 0 0 
0 0 0.726156 0 0.726156 0 -5.7761 1.08095 0 0 0 0 0 0 1.08095 0 0 0 0 0 0 0 1.08095 0 0 0 0 0 0 0 0 0 0 0 0 0 0 0 1.08095 0 0 0 0 0 0 0 0 0 0 0 0 0 0 0 0 0 0 0 0 0 0 0 0 0 
0 0 0 0.726156 0 0.726156 0.726156 -7.04273 0 0 0 0 0 0 0 1.62142 0 0 0 0 0 0 0 1.62142 0 0 0 0 0 0 0 0 0 0 0 0 0 0 0 1.62142 0 0 0 0 0 0 0 0 0 0 0 0 0 0 0 0 0 0 0 0 0 0 0 0 
0.726156 0 0 0 0 0 0 0 -3.42852 0.540473 0.540473 0 0.540473 0 0 0 0 0 0 0 0 0 0 0 0.540473 0 0 0 0 0 0 0 0 0 0 0 0 0 0 0 0.540473 0 0 0 0 0 0 0 0 0 0 0 0 0 0 0 0 0 0 0 0 0 0 0 
0 0.726156 0 0 0 0 0 0 0.726156 -5.7761 0 1.08095 0 1.08095 0 0 0 0 0 0 0 0 0 0 0 1.08095 0 0 0 0 0 0 0 0 0 0 0 0 0 0 0 1.08095 0 0 0 0 0 0 0 0 0 0 0 0 0 0 0 0 0 0 0 0 0 0 
0 0 0.726156 0 0 0 0 0 0.726156 0 -5.7761 1.08095 0 0 1.08095 0 0 0 0 0 0 0 0 0 0 0 1.08095 0 0 0 0 0 0 0 0 0 0 0 0 0 0 0 1.08095 0 0 0 0 0 0 0 0 0 0 0 0 0 0 0 0 0 0 0 0 0 
0 0 0 0.726156 0 0 0 0 0 0.726156 0.726156 -7.04273 0 0 0 1.62142 0 0 0 0 0 0 0 0 0 0 0 1.62142 0 0 0 0 0 0 0 0 0 0 0 0 0 0 0 1.62142 0 0 0 0 0 0 0 0 0 0 0 0 0 0 0 0 0 0 0 0 
0 0 0 0 0.726156 0 0 0 0.726156 0 0 0 -5.7761 1.08095 1.08095 0 0 0 0 0 0 0 0 0 0 0 0 0 1.08095 0 0 0 0 0 0 0 0 0 0 0 0 0 0 0 1.08095 0 0 0 0 0 0 0 0 0 0 0 0 0 0 0 0 0 0 0 
0 0 0 0 0 0.726156 0 0 0 0.726156 0 0 0.726156 -7.04273 0 1.62142 0 0 0 0 0 0 0 0 0 0 0 0 0 1.62142 0 0 0 0 0 0 0 0 0 0 0 0 0 0 0 1.62142 0 0 0 0 0 0 0 0 0 0 0 0 0 0 0 0 0 0 
0 0 0 0 0 0 0.726156 0 0 0 0.726156 0 0.726156 0 -7.04273 1.62142 0 0 0 0 0 0 0 0 0 0 0 0 0 0 1.62142 0 0 0 0 0 0 0 0 0 0 0 0 0 0 0 1.62142 0 0 0 0 0 0 0 0 0 0 0 0 0 0 0 0 0 
0 0 0 0 0 0 0 0.726156 0 0 0 0.726156 0 0.726156 0.726156 -7.22841 0 0 0 0 0 0 0 0 0 0 0 0 0 0 0 2.16189 0 0 0 0 0 0 0 0 0 0 0 0 0 0 0 2.16189 0 0 0 0 0 0 0 0 0 0 0 0 0 0 0 0 
0.726156 0 0 0 0 0 0 0 0 0 0 0 0 0 0 0 -3.42852 0.540473 0.540473 0 0.540473 0 0 0 0.540473 0 0 0 0 0 0 0 0 0 0 0 0 0 0 0 0 0 0 0 0 0 0 0 0.540473 0 0 0 0 0 0 0 0 0 0 0 0 0 0 0 
0 0.726156 0 0 0 0 0 0 0 0 0 0 0 0 0 0 0.726156 -5.7761 0 1.08095 0 1.08095 0 0 0 1.08095 0 0 0 0 0 0 0 0 0 0 0 0 0 0 0 0 0 0 0 0 0 0 0 1.08095 0 0 0 0 0 0 0 0 0 0 0 0 0 0 
0 0 0.726156 0 0 0 0 0 0 0 0 0 0 0 0 0 0.726156 0 -5.7761 1.08095 0 0 1.08095 0 0 0 1.08095 0 0 0 0 0 0 0 0 0 0 0 0 0 0 0 0 0 0 0 0 0 0 0 1.08095 0 0 0 0 0 0 0 0 0 0 0 0 0 
0 0 0 0.726156 0 0 0 0 0 0 0 0 0 0 0 0 0 0.726156 0.726156 -7.04273 0 0 0 1.62142 0 0 0 1.62142 0 0 0 0 0 0 0 0 0 0 0 0 0 0 0 0 0 0 0 0 0 0 0 1.62142 0 0 0 0 0 0 0 0 0 0 0 0 
0 0 0 0 0.726156 0 0 0 0 0 0 0 0 0 0 0 0.726156 0 0 0 -5.7761 1.08095 1.08095 0 0 0 0 0 1.08095 0 0 0 0 0 0 0 0 0 0 0 0 0 0 0 0 0 0 0 0 0 0 0 1.08095 0 0 0 0 0 0 0 0 0 0 0 
0 0 0 0 0 0.726156 0 0 0 0 0 0 0 0 0 0 0 0.726156 0 0 0.726156 -7.04273 0 1.62142 0 0 0 0 0 1.62142 0 0 0 0 0 0 0 0 0 0 0 0 0 0 0 0 0 0 0 0 0 0 0 1.62142 0 0 0 0 0 0 0 0 0 0 
0 0 0 0 0 0 0.726156 0 0 0 0 0 0 0 0 0 0 0 0.726156 0 0.726156 0 -7.04273 1.62142 0 0 0 0 0 0 1.62142 0 0 0 0 0 0 0 0 0 0 0 0 0 0 0 0 0 0 0 0 0 0 0 1.62142 0 0 0 0 0 0 0 0 0 
0 0 0 0 0 0 0 0.726156 0 0 0 0 0 0 0 0 0 0 0 0.726156 0 0.726156 0.726156 -7.22841 0 0 0 0 0 0 0 2.16189 0 0 0 0 0 0 0 0 0 0 0 0 0 0 0 0 0 0 0 0 0 0 0 2.16189 0 0 0 0 0 0 0 0 
0 0 0 0 0 0 0 0 0.726156 0 0 0 0 0 0 0 0.726156 0 0 0 0 0 0 0 -5.7761 1.08095 1.08095 0 1.08095 0 0 0 0 0 0 0 0 0 0 0 0 0 0 0 0 0 0 0 0 0 0 0 0 0 0 0 1.08095 0 0 0 0 0 0 0 
0 0 0 0 0 0 0 0 0 0.726156 0 0 0 0 0 0 0 0.726156 0 0 0 0 0 0 0.726156 -7.04273 0 1.62142 0 1.62142 0 0 0 0 0 0 0 0 0 0 0 0 0 0 0 0 0 0 0 0 0 0 0 0 0 0 0 1.62142 0 0 0 0 0 0 
0 0 0 0 0 0 0 0 0 0 0.726156 0 0 0 0 0 0 0 0.726156 0 0 0 0 0 0.726156 0 -7.04273 1.62142 0 0 1.62142 0 0 0 0 0 0 0 0 0 0 0 0 0 0 0 0 0 0 0 0 0 0 0 0 0 0 0 1.62142 0 0 0 0 0 
0 0 0 0 0 0 0 0 0 0 0 0.726156 0 0 0 0 0 0 0 0.726156 0 0 0 0 0 0.726156 0.726156 -7.22841 0 0 0 2.16189 0 0 0 0 0 0 0 0 0 0 0 0 0 0 0 0 0 0 0 0 0 0 0 0 0 0 0 2.16189 0 0 0 0 
0 0 0 0 0 0 0 0 0 0 0 0 0.726156 0 0 0 0 0 0 0 0.726156 0 0 0 0.726156 0 0 0 -7.04273 1.62142 1.62142 0 0 0 0 0 0 0 0 0 0 0 0 0 0 0 0 0 0 0 0 0 0 0 0 0 0 0 0 0 1.62142 0 0 0 
0 0 0 0 0 0 0 0 0 0 0 0 0 0.726156 0 0 0 0 0 0 0 0.726156 0 0 0 0.726156 0 0 0.726156 -7.22841 0 2.16189 0 0 0 0 0 0 0 0 0 0 0 0 0 0 0 0 0 0 0 0 0 0 0 0 0 0 0 0 0 2.16189 0 0 
0 0 0 0 0 0 0 0 0 0 0 0 0 0 0.726156 0 0 0 0 0 0 0 0.726156 0 0 0 0.726156 0 0.726156 0 -7.22841 2.16189 0 0 0 0 0 0 0 0 0 0 0 0 0 0 0 0 0 0 0 0 0 0 0 0 0 0 0 0 0 0 2.16189 0 
0 0 0 0 0 0 0 0 0 0 0 0 0 0 0 0.726156 0 0 0 0 0 0 0 0.726156 0 0 0 0.726156 0 0.726156 0.726156 -6.33315 0 0 0 0 0 0 0 0 0 0 0 0 0 0 0 0 0 0 0 0 0 0 0 0 0 0 0 0 0 0 0 2.70237 
0.726156 0 0 0 0 0 0 0 0 0 0 0 0 0 0 0 0 0 0 0 0 0 0 0 0 0 0 0 0 0 0 0 -3.42852 0.540473 0.540473 0 0.540473 0 0 0 0.540473 0 0 0 0 0 0 0 0.540473 0 0 0 0 0 0 0 0 0 0 0 0 0 0 0 
0 0.726156 0 0 0 0 0 0 0 0 0 0 0 0 0 0 0 0 0 0 0 0 0 0 0 0 0 0 0 0 0 0 0.726156 -5.7761 0 1.08095 0 1.08095 0 0 0 1.08095 0 0 0 0 0 0 0 1.08095 0 0 0 0 0 0 0 0 0 0 0 0 0 0 
0 0 0.726156 0 0 0 0 0 0 0 0 0 0 0 0 0 0 0 0 0 0 0 0 0 0 0 0 0 0 0 0 0 0.726156 0 -5.7761 1.08095 0 0 1.08095 0 0 0 1.08095 0 0 0 0 0 0 0 1.08095 0 0 0 0 0 0 0 0 0 0 0 0 0 
0 0 0 0.726156 0 0 0 0 0 0 0 0 0 0 0 0 0 0 0 0 0 0 0 0 0 0 0 0 0 0 0 0 0 0.726156 0.726156 -7.04273 0 0 0 1.62142 0 0 0 1.62142 0 0 0 0 0 0 0 1.62142 0 0 0 0 0 0 0 0 0 0 0 0 
0 0 0 0 0.726156 0 0 0 0 0 0 0 0 0 0 0 0 0 0 0 0 0 0 0 0 0 0 0 0 0 0 0 0.726156 0 0 0 -5.7761 1.08095 1.08095 0 0 0 0 0 1.08095 0 0 0 0 0 0 0 1.08095 0 0 0 0 0 0 0 0 0 0 0 
0 0 0 0 0 0.726156 0 0 0 0 0 0 0 0 0 0 0 0 0 0 0 0 0 0 0 0 0 0 0 0 0 0 0 0.726156 0 0 0.726156 -7.04273 0 1.62142 0 0 0 0 0 1.62142 0 0 0 0 0 0 0 1.62142 0 0 0 0 0 0 0 0 0 0 
0 0 0 0 0 0 0.726156 0 0 0 0 0 0 0 0 0 0 0 0 0 0 0 0 0 0 0 0 0 0 0 0 0 0 0 0.726156 0 0.726156 0 -7.04273 1.62142 0 0 0 0 0 0 1.62142 0 0 0 0 0 0 0 1.62142 0 0 0 0 0 0 0 0 0 
0 0 0 0 0 0 0 0.726156 0 0 0 0 0 0 0 0 0 0 0 0 0 0 0 0 0 0 0 0 0 0 0 0 0 0 0 0.726156 0 0.726156 0.726156 -7.22841 0 0 0 0 0 0 0 2.16189 0 0 0 0 0 0 0 2.16189 0 0 0 0 0 0 0 0 
0 0 0 0 0 0 0 0 0.726156 0 0 0 0 0 0 0 0 0 0 0 0 0 0 0 0 0 0 0 0 0 0 0 0.726156 0 0 0 0 0 0 0 -5.7761 1.08095 1.08095 0 1.08095 0 0 0 0 0 0 0 0 0 0 0 1.08095 0 0 0 0 0 0 0 
0 0 0 0 0 0 0 0 0 0.726156 0 0 0 0 0 0 0 0 0 0 0 0 0 0 0 0 0 0 0 0 0 0 0 0.726156 0 0 0 0 0 0 0.726156 -7.04273 0 1.62142 0 1.62142 0 0 0 0 0 0 0 0 0 0 0 1.62142 0 0 0 0 0 0 
0 0 0 0 0 0 0 0 0 0 0.726156 0 0 0 0 0 0 0 0 0 0 0 0 0 0 0 0 0 0 0 0 0 0 0 0.726156 0 0 0 0 0 0.726156 0 -7.04273 1.62142 0 0 1.62142 0 0 0 0 0 0 0 0 0 0 0 1.62142 0 0 0 0 0 
0 0 0 0 0 0 0 0 0 0 0 0.726156 0 0 0 0 0 0 0 0 0 0 0 0 0 0 0 0 0 0 0 0 0 0 0 0.726156 0 0 0 0 0 0.726156 0.726156 -7.22841 0 0 0 2.16189 0 0 0 0 0 0 0 0 0 0 0 2.16189 0 0 0 0 
0 0 0 0 0 0 0 0 0 0 0 0 0.726156 0 0 0 0 0 0 0 0 0 0 0 0 0 0 0 0 0 0 0 0 0 0 0 0.726156 0 0 0 0.726156 0 0 0 -7.04273 1.62142 1.62142 0 0 0 0 0 0 0 0 0 0 0 0 0 1.62142 0 0 0 
0 0 0 0 0 0 0 0 0 0 0 0 0 0.726156 0 0 0 0 0 0 0 0 0 0 0 0 0 0 0 0 0 0 0 0 0 0 0 0.726156 0 0 0 0.726156 0 0 0.726156 -7.22841 0 2.16189 0 0 0 0 0 0 0 0 0 0 0 0 0 2.16189 0 0 
0 0 0 0 0 0 0 0 0 0 0 0 0 0 0.726156 0 0 0 0 0 0 0 0 0 0 0 0 0 0 0 0 0 0 0 0 0 0 0 0.726156 0 0 0 0.726156 0 0.726156 0 -7.22841 2.16189 0 0 0 0 0 0 0 0 0 0 0 0 0 0 2.16189 0 
0 0 0 0 0 0 0 0 0 0 0 0 0 0 0 0.726156 0 0 0 0 0 0 0 0 0 0 0 0 0 0 0 0 0 0 0 0 0 0 0 0.726156 0 0 0 0.726156 0 0.726156 0.726156 -6.33315 0 0 0 0 0 0 0 0 0 0 0 0 0 0 0 2.70237 
0 0 0 0 0 0 0 0 0 0 0 0 0 0 0 0 0.726156 0 0 0 0 0 0 0 0 0 0 0 0 0 0 0 0.726156 0 0 0 0 0 0 0 0 0 0 0 0 0 0 0 -5.7761 1.08095 1.08095 0 1.08095 0 0 0 1.08095 0 0 0 0 0 0 0 
0 0 0 0 0 0 0 0 0 0 0 0 0 0 0 0 0 0.726156 0 0 0 0 0 0 0 0 0 0 0 0 0 0 0 0.726156 0 0 0 0 0 0 0 0 0 0 0 0 0 0 0.726156 -7.04273 0 1.62142 0 1.62142 0 0 0 1.62142 0 0 0 0 0 0 
0 0 0 0 0 0 0 0 0 0 0 0 0 0 0 0 0 0 0.726156 0 0 0 0 0 0 0 0 0 0 0 0 0 0 0 0.726156 0 0 0 0 0 0 0 0 0 0 0 0 0 0.726156 0 -7.04273 1.62142 0 0 1.62142 0 0 0 1.62142 0 0 0 0 0 
0 0 0 0 0 0 0 0 0 0 0 0 0 0 0 0 0 0 0 0.726156 0 0 0 0 0 0 0 0 0 0 0 0 0 0 0 0.726156 0 0 0 0 0 0 0 0 0 0 0 0 0 0.726156 0.726156 -7.22841 0 0 0 2.16189 0 0 0 2.16189 0 0 0 0 
0 0 0 0 0 0 0 0 0 0 0 0 0 0 0 0 0 0 0 0 0.726156 0 0 0 0 0 0 0 0 0 0 0 0 0 0 0 0.726156 0 0 0 0 0 0 0 0 0 0 0 0.726156 0 0 0 -7.04273 1.62142 1.62142 0 0 0 0 0 1.62142 0 0 0 
0 0 0 0 0 0 0 0 0 0 0 0 0 0 0 0 0 0 0 0 0 0.726156 0 0 0 0 0 0 0 0 0 0 0 0 0 0 0 0.726156 0 0 0 0 0 0 0 0 0 0 0 0.726156 0 0 0.726156 -7.22841 0 2.16189 0 0 0 0 0 2.16189 0 0 
0 0 0 0 0 0 0 0 0 0 0 0 0 0 0 0 0 0 0 0 0 0 0.726156 0 0 0 0 0 0 0 0 0 0 0 0 0 0 0 0.726156 0 0 0 0 0 0 0 0 0 0 0 0.726156 0 0.726156 0 -7.22841 2.16189 0 0 0 0 0 0 2.16189 0 
0 0 0 0 0 0 0 0 0 0 0 0 0 0 0 0 0 0 0 0 0 0 0 0.726156 0 0 0 0 0 0 0 0 0 0 0 0 0 0 0 0.726156 0 0 0 0 0 0 0 0 0 0 0 0.726156 0 0.726156 0.726156 -6.33315 0 0 0 0 0 0 0 2.70237 
0 0 0 0 0 0 0 0 0 0 0 0 0 0 0 0 0 0 0 0 0 0 0 0 0.726156 0 0 0 0 0 0 0 0 0 0 0 0 0 0 0 0.726156 0 0 0 0 0 0 0 0.726156 0 0 0 0 0 0 0 -7.04273 1.62142 1.62142 0 1.62142 0 0 0 
0 0 0 0 0 0 0 0 0 0 0 0 0 0 0 0 0 0 0 0 0 0 0 0 0 0.726156 0 0 0 0 0 0 0 0 0 0 0 0 0 0 0 0.726156 0 0 0 0 0 0 0 0.726156 0 0 0 0 0 0 0.726156 -7.22841 0 2.16189 0 2.16189 0 0 
0 0 0 0 0 0 0 0 0 0 0 0 0 0 0 0 0 0 0 0 0 0 0 0 0 0 0.726156 0 0 0 0 0 0 0 0 0 0 0 0 0 0 0 0.726156 0 0 0 0 0 0 0 0.726156 0 0 0 0 0 0.726156 0 -7.22841 2.16189 0 0 2.16189 0 
0 0 0 0 0 0 0 0 0 0 0 0 0 0 0 0 0 0 0 0 0 0 0 0 0 0 0 0.726156 0 0 0 0 0 0 0 0 0 0 0 0 0 0 0 0.726156 0 0 0 0 0 0 0 0.726156 0 0 0 0 0 0.726156 0.726156 -6.33315 0 0 0 2.70237 
0 0 0 0 0 0 0 0 0 0 0 0 0 0 0 0 0 0 0 0 0 0 0 0 0 0 0 0 0.726156 0 0 0 0 0 0 0 0 0 0 0 0 0 0 0 0.726156 0 0 0 0 0 0 0 0.726156 0 0 0 0.726156 0 0 0 -7.22841 2.16189 2.16189 0 
0 0 0 0 0 0 0 0 0 0 0 0 0 0 0 0 0 0 0 0 0 0 0 0 0 0 0 0 0 0.726156 0 0 0 0 0 0 0 0 0 0 0 0 0 0 0 0.726156 0 0 0 0 0 0 0 0.726156 0 0 0 0.726156 0 0 0.726156 -6.33315 0 2.70237 
0 0 0 0 0 0 0 0 0 0 0 0 0 0 0 0 0 0 0 0 0 0 0 0 0 0 0 0 0 0 0.726156 0 0 0 0 0 0 0 0 0 0 0 0 0 0 0 0.726156 0 0 0 0 0 0 0 0.726156 0 0 0 0.726156 0 0.726156 0 -6.33315 2.70237 
0 0 0 0 0 0 0 0 0 0 0 0 0 0 0 0 0 0 0 0 0 0 0 0 0 0 0 0 0 0 0 0.726156 0 0 0 0 0 0 0 0 0 0 0 0 0 0 0 0.726156 0 0 0 0 0 0 0 0.726156 0 0 0 0.726156 0 0.726156 0.726156 -4.35693 
