64
-0 0 0 0 0 0 0 0 0 0 0 0 0 0 0 0 0 0 0 0 0 0 0 0 0 0 0 0 0 0 0 0 0 0 0 0 0 0 0 0 0 0 0 0 0 0 0 0 0 0 0 0 0 0 0 0 0 0 0 0 0 0 0 0 
0.659 -3.09796 0 0.487792 0 0.487792 0 0 0 0.487792 0 0 0 0 0 0 0 0.487792 0 0 0 0 0 0 0 0 0 0 0 0 0 0 0 0.487792 0 0 0 0 0 0 0 0 0 0 0 0 0 0 0 0 0 0 0 0 0 0 0 0 0 0 0 0 0 0 
0.659 0 -3.09796 0.487792 0 0 0.487792 0 0 0 0.487792 0 0 0 0 0 0 0 0.487792 0 0 0 0 0 0 0 0 0 0 0 0 0 0 0 0.487792 0 0 0 0 0 0 0 0 0 0 0 0 0 0 0 0 0 0 0 0 0 0 0 0 0 0 0 0 0 
0 0.659 0.659 -5.22034 0 0 0 0.975584 0 0 0 0.975584 0 0 0 0 0 0 0 0.975584 0 0 0 0 0 0 0 0 0 0 0 0 0 0 0 0.975584 0 0 0 0 0 0 0 0 0 0 0 0 0 0 0 0 0 0 0 0 0 0 0 0 0 0 0 0 
0.659 0 0 0 -3.09796 0.487792 0.487792 0 0 0 0 0 0.487792 0 0 0 0 0 0 0 0.487792 0 0 0 0 0 0 0 0 0 0 0 0 0 0 0 0.487792 0 0 0 0 0 0 0 0 0 0 0 0 0 0 0 0 0 0 0 0 0 0 0 0 0 0 0 
0 0.659 0 0 0.659 -5.22034 0 0.975584 0 0 0 0 0 0.975584 0 0 0 0 0 0 0 0.975584 0 0 0 0 0 0 0 0 0 0 0 0 0 0 0 0.975584 0 0 0 0 0 0 0 0 0 0 0 0 0 0 0 0 0 0 0 0 0 0 0 0 0 0 
0 0 0.659 0 0.659 0 -5.22034 0.975584 0 0 0 0 0 0 0.975584 0 0 0 0 0 0 0 0.975584 0 0 0 0 0 0 0 0 0 0 0 0 0 0 0 0.975584 0 0 0 0 0 0 0 0 0 0 0 0 0 0 0 0 0 0 0 0 0 0 0 0 0 
0 0 0 0.659 0 0.659 0.659 -6.36713 0 0 0 0 0 0 0 1.46338 0 0 0 0 0 0 0 1.46338 0 0 0 0 0 0 0 0 0 0 0 0 0 0 0 1.46338 0 0 0 0 0 0 0 0 0 0 0 0 0 0 0 0 0 0 0 0 0 0 0 0 
0.659 0 0 0 0 0 0 0 -3.09796 0.487792 0.487792 0 0.487792 0 0 0 0 0 0 0 0 0 0 0 0.487792 0 0 0 0 0 0 0 0 0 0 0 0 0 0 0 0.487792 0 0 0 0 0 0 0 0 0 0 0 0 0 0 0 0 0 0 0 0 0 0 0 
0 0.659 0 0 0 0 0 0 0.659 -5.22034 0 0.975584 0 0.975584 0 0 0 0 0 0 0 0 0 0 0 0.975584 0 0 0 0 0 0 0 0 0 0 0 0 0 0 0 0.975584 0 0 0 0 0 0 0 0 0 0 0 0 0 0 0 0 0 0 0 0 0 0 
0 0 0.659 0 0 0 0 0 0.659 0 -5.22034 0.975584 0 0 0.975584 0 0 0 0 0 0 0 0 0 0 0 0.975584 0 0 0 0 0 0 0 0 0 0 0 0 0 0 0 0.975584 0 0 0 0 0 0 0 0 0 0 0 0 0 0 0 0 0 0 0 0 0 
0 0 0 0.659 0 0 0 0 0 0.659 0.659 -6.36713 0 0 0 1.46338 0 0 0 0 0 0 0 0 0 0 0 1.46338 0 0 0 0 0 0 0 0 0 0 0 0 0 0 0 1.46338 0 0 0 0 0 0 0 0 0 0 0 0 0 0 0 0 0 0 0 0 
0 0 0 0 0.659 0 0 0 0.659 0 0 0 -5.22034 0.975584 0.975584 0 0 0 0 0 0 0 0 0 0 0 0 0 0.975584 0 0 0 0 0 0 0 0 0 0 0 0 0 0 0 0.975584 0 0 0 0 0 0 0 0 0 0 0 0 0 0 0 0 0 0 0 
0 0 0 0 0 0.659 0 0 0 0.659 0 0 0.659 -6.36713 0 1.46338 0 0 0 0 0 0 0 0 0 0 0 0 0 1.46338 0 0 0 0 0 0 0 0 0 0 0 0 0 0 0 1.46338 0 0 0 0 0 0 0 0 0 0 0 0 0 0 0 0 0 0 
0 0 0 0 0 0 0.659 0 0 0 0.659 0 0.659 0 -6.36713 1.46338 0 0 0 0 0 0 0 0 0 0 0 0 0 0 1.46338 0 0 0 0 0 0 0 0 0 0 0 0 0 0 0 1.46338 0 0 0 0 0 0 0 0 0 0 0 0 0 0 0 0 0 
0 0 0 0 0 0 0 0.659 0 0 0 0.659 0 0.659 0.659 -6.53834 0 0 0 0 0 0 0 0 0 0 0 0 0 0 0 1.95117 0 0 0 0 0 0 0 0 0 0 0 0 0 0 0 1.95117 0 0 0 0 0 0 0 0 0 0 0 0 0 0 0 0 
0.659 0 0 0 0 0 0 0 0 0 0 0 0 0 0 0 -3.09796 0.487792 0.487792 0 0.487792 0 0 0 0.487792 0 0 0 0 0 0 0 0 0 0 0 0 0 0 0 0 0 0 0 0 0 0 0 0.487792 0 0 0 0 0 0 0 0 0 0 0 0 0 0 0 
0 0.659 0 0 0 0 0 0 0 0 0 0 0 0 0 0 0.659 -5.22034 0 0.975584 0 0.975584 0 0 0 0.975584 0 0 0 0 0 0 0 0 0 0 0 0 0 0 0 0 0 0 0 0 0 0 0 0.975584 0 0 0 0 0 0 0 0 0 0 0 0 0 0 
0 0 0.659 0 0 0 0 0 0 0 0 0 0 0 0 0 0.659 0 -5.22034 0.975584 0 0 0.975584 0 0 0 0.975584 0 0 0 0 0 0 0 0 0 0 0 0 0 0 0 0 0 0 0 0 0 0 0 0.975584 0 0 0 0 0 0 0 0 0 0 0 0 0 
0 0 0 0.659 0 0 0 0 0 0 0 0 0 0 0 0 0 0.659 0.659 -6.36713 0 0 0 1.46338 0 0 0 1.46338 0 0 0 0 0 0 0 0 0 0 0 0 0 0 0 0 0 0 0 0 0 0 0 1.46338 0 0 0 0 0 0 0 0 0 0 0 0 
0 0 0 0 0.659 0 0 0 0 0 0 0 0 0 0 0 0.659 0 0 0 -5.22034 0.975584 0.975584 0 0 0 0 0 0.975584 0 0 0 0 0 0 0 0 0 0 0 0 0 0 0 0 0 0 0 0 0 0 0 0.975584 0 0 0 0 0 0 0 0 0 0 0 
0 0 0 0 0 0.659 0 0 0 0 0 0 0 0 0 0 0 0.659 0 0 0.659 -6.36713 0 1.46338 0 0 0 0 0 1.46338 0 0 0 0 0 0 0 0 0 0 0 0 0 0 0 0 0 0 0 0 0 0 0 1.46338 0 0 0 0 0 0 0 0 0 0 
0 0 0 0 0 0 0.659 0 0 0 0 0 0 0 0 0 0 0 0.659 0 0.659 0 -6.36713 1.46338 0 0 0 0 0 0 1.46338 0 0 0 0 0 0 0 0 0 0 0 0 0 0 0 0 0 0 0 0 0 0 0 1.46338 0 0 0 0 0 0 0 0 0 
0 0 0 0 0 0 0 0.659 0 0 0 0 0 0 0 0 0 0 0 0.659 0 0.659 0.659 -6.53834 0 0 0 0 0 0 0 1.95117 0 0 0 0 0 0 0 0 0 0 0 0 0 0 0 0 0 0 0 0 0 0 0 1.95117 0 0 0 0 0 0 0 0 
0 0 0 0 0 0 0 0 0.659 0 0 0 0 0 0 0 0.659 0 0 0 0 0 0 0 -5.22034 0.975584 0.975584 0 0.975584 0 0 0 0 0 0 0 0 0 0 0 0 0 0 0 0 0 0 0 0 0 0 0 0 0 0 0 0.975584 0 0 0 0 0 0 0 
0 0 0 0 0 0 0 0 0 0.659 0 0 0 0 0 0 0 0.659 0 0 0 0 0 0 0.659 -6.36713 0 1.46338 0 1.46338 0 0 0 0 0 0 0 0 0 0 0 0 0 0 0 0 0 0 0 0 0 0 0 0 0 0 0 1.46338 0 0 0 0 0 0 
0 0 0 0 0 0 0 0 0 0 0.659 0 0 0 0 0 0 0 0.659 0 0 0 0 0 0.659 0 -6.36713 1.46338 0 0 1.46338 0 0 0 0 0 0 0 0 0 0 0 0 0 0 0 0 0 0 0 0 0 0 0 0 0 0 0 1.46338 0 0 0 0 0 
0 0 0 0 0 0 0 0 0 0 0 0.659 0 0 0 0 0 0 0 0.659 0 0 0 0 0 0.659 0.659 -6.53834 0 0 0 1.95117 0 0 0 0 0 0 0 0 0 0 0 0 0 0 0 0 0 0 0 0 0 0 0 0 0 0 0 1.95117 0 0 0 0 
0 0 0 0 0 0 0 0 0 0 0 0 0.659 0 0 0 0 0 0 0 0.659 0 0 0 0.659 0 0 0 -6.36713 1.46338 1.46338 0 0 0 0 0 0 0 0 0 0 0 0 0 0 0 0 0 0 0 0 0 0 0 0 0 0 0 0 0 1.46338 0 0 0 
0 0 0 0 0 0 0 0 0 0 0 0 0 0.659 0 0 0 0 0 0 0 0.659 0 0 0 0.659 0 0 0.659 -6.53834 0 1.95117 0 0 0 0 0 0 0 0 0 0 0 0 0 0 0 0 0 0 0 0 0 0 0 0 0 0 0 0 0 1.95117 0 0 
0 0 0 0 0 0 0 0 0 0 0 0 0 0 0.659 0 0 0 0 0 0 0 0.659 0 0 0 0.659 0 0.659 0 -6.53834 1.95117 0 0 0 0 0 0 0 0 0 0 0 0 0 0 0 0 0 0 0 0 0 0 0 0 0 0 0 0 0 0 1.95117 0 
0 0 0 0 0 0 0 0 0 0 0 0 0 0 0 0.659 0 0 0 0 0 0 0 0.659 0 0 0 0.659 0 0.659 0.659 -5.73396 0 0 0 0 0 0 0 0 0 0 0 0 0 0 0 0 0 0 0 0 0 0 0 0 0 0 0 0 0 0 0 2.43896 
0.659 0 0 0 0 0 0 0 0 0 0 0 0 0 0 0 0 0 0 0 0 0 0 0 0 0 0 0 0 0 0 0 -3.09796 0.487792 0.487792 0 0.487792 0 0 0 0.487792 0 0 0 0 0 0 0 0.487792 0 0 0 0 0 0 0 0 0 0 0 0 0 0 0 
0 0.659 0 0 0 0 0 0 0 0 0 0 0 0 0 0 0 0 0 0 0 0 0 0 0 0 0 0 0 0 0 0 0.659 -5.22034 0 0.975584 0 0.975584 0 0 0 0.975584 0 0 0 0 0 0 0 0.975584 0 0 0 0 0 0 0 0 0 0 0 0 0 0 
0 0 0.659 0 0 0 0 0 0 0 0 0 0 0 0 0 0 0 0 0 0 0 0 0 0 0 0 0 0 0 0 0 0.659 0 -5.22034 0.975584 0 0 0.975584 0 0 0 0.975584 0 0 0 0 0 0 0 0.975584 0 0 0 0 0 0 0 0 0 0 0 0 0 
0 0 0 0.659 0 0 0 0 0 0 0 0 0 0 0 0 0 0 0 0 0 0 0 0 0 0 0 0 0 0 0 0 0 0.659 0.659 -6.36713 0 0 0 1.46338 0 0 0 1.46338 0 0 0 0 0 0 0 1.46338 0 0 0 0 0 0 0 0 0 0 0 0 
0 0 0 0 0.659 0 0 0 0 0 0 0 0 0 0 0 0 0 0 0 0 0 0 0 0 0 0 0 0 0 0 0 0.659 0 0 0 -5.22034 0.975584 0.975584 0 0 0 0 0 0.975584 0 0 0 0 0 0 0 0.975584 0 0 0 0 0 0 0 0 0 0 0 
0 0 0 0 0 0.659 0 0 0 0 0 0 0 0 0 0 0 0 0 0 0 0 0 0 0 0 0 0 0 0 0 0 0 0.659 0 0 0.659 -6.36713 0 1.46338 0 0 0 0 0 1.46338 0 0 0 0 0 0 0 1.46338 0 0 0 0 0 0 0 0 0 0 
0 0 0 0 0 0 0.659 0 0 0 0 0 0 0 0 0 0 0 0 0 0 0 0 0 0 0 0 0 0 0 0 0 0 0 0.659 0 0.659 0 -6.36713 1.46338 0 0 0 0 0 0 1.46338 0 0 0 0 0 0 0 1.46338 0 0 0 0 0 0 0 0 0 
0 0 0 0 0 0 0 0.659 0 0 0 0 0 0 0 0 0 0 0 0 0 0 0 0 0 0 0 0 0 0 0 0 0 0 0 0.659 0 0.659 0.659 -6.53834 0 0 0 0 0 0 0 1.95117 0 0 0 0 0 0 0 1.95117 0 0 0 0 0 0 0 0 
0 0 0 0 0 0 0 0 0.659 0 0 0 0 0 0 0 0 0 0 0 0 0 0 0 0 0 0 0 0 0 0 0 0.659 0 0 0 0 0 0 0 -5.22034 0.975584 0.975584 0 0.975584 0 0 0 0 0 0 0 0 0 0 0 0.975584 0 0 0 0 0 0 0 
0 0 0 0 0 0 0 0 0 0.659 0 0 0 0 0 0 0 0 0 0 0 0 0 0 0 0 0 0 0 0 0 0 0 0.659 0 0 0 0 0 0 0.659 -6.36713 0 1.46338 0 1.46338 0 0 0 0 0 0 0 0 0 0 0 1.46338 0 0 0 0 0 0 
0 0 0 0 0 0 0 0 0 0 0.659 0 0 0 0 0 0 0 0 0 0 0 0 0 0 0 0 0 0 0 0 0 0 0 0.659 0 0 0 0 0 0.659 0 -6.36713 1.46338 0 0 1.46338 0 0 0 0 0 0 0 0 0 0 0 1.46338 0 0 0 0 0 
0 0 0 0 0 0 0 0 0 0 0 0.659 0 0 0 0 0 0 0 0 0 0 0 0 0 0 0 0 0 0 0 0 0 0 0 0.659 0 0 0 0 0 0.659 0.659 -6.53834 0 0 0 1.95117 0 0 0 0 0 0 0 0 0 0 0 1.95117 0 0 0 0 
0 0 0 0 0 0 0 0 0 0 0 0 0.659 0 0 0 0 0 0 0 0 0 0 0 0 0 0 0 0 0 0 0 0 0 0 0 0.659 0 0 0 0.659 0 0 0 -6.36713 1.46338 1.46338 0 0 0 0 0 0 0 0 0 0 0 0 0 1.46338 0 0 0 
0 0 0 0 0 0 0 0 0 0 0 0 0 0.659 0 0 0 0 0 0 0 0 0 0 0 0 0 0 0 0 0 0 0 0 0 0 0 0.659 0 0 0 0.659 0 0 0.659 -6.53834 0 1.95117 0 0 0 0 0 0 0 0 0 0 0 0 0 1.95117 0 0 
0 0 0 0 0 0 0 0 0 0 0 0 0 0 0.659 0 0 0 0 0 0 0 0 0 0 0 0 0 0 0 0 0 0 0 0 0 0 0 0.659 0 0 0 0.659 0 0.659 0 -6.53834 1.95117 0 0 0 0 0 0 0 0 0 0 0 0 0 0 1.95117 0 
0 0 0 0 0 0 0 0 0 0 0 0 0 0 0 0.659 0 0 0 0 0 0 0 0 0 0 0 0 0 0 0 0 0 0 0 0 0 0 0 0.659 0 0 0 0.659 0 0.659 0.659 -5.73396 0 0 0 0 0 0 0 0 0 0 0 0 0 0 0 2.43896 
0 0 0 0 0 0 0 0 0 0 0 0 0 0 0 0 0.659 0 0 0 0 0 0 0 0 0 0 0 0 0 0 0 0.659 0 0 0 0 0 0 0 0 0 0 0 0 0 0 0 -5.22034 0.975584 0.975584 0 0.975584 0 0 0 0.975584 0 0 0 0 0 0 0 
0 0 0 0 0 0 0 0 0 0 0 0 0 0 0 0 0 0.659 0 0 0 0 0 0 0 0 0 0 0 0 0 0 0 0.659 0 0 0 0 0 0 0 0 0 0 0 0 0 0 0.659 -6.36713 0 1.46338 0 1.46338 0 0 0 1.46338 0 0 0 0 0 0 
0 0 0 0 0 0 0 0 0 0 0 0 0 0 0 0 0 0 0.659 0 0 0 0 0 0 0 0 0 0 0 0 0 0 0 0.659 0 0 0 0 0 0 0 0 0 0 0 0 0 0.659 0 -6.36713 1.46338 0 0 1.46338 0 0 0 1.46338 0 0 0 0 0 
0 0 0 0 0 0 0 0 0 0 0 0 0 0 0 0 0 0 0 0.659 0 0 0 0 0 0 0 0 0 0 0 0 0 0 0 0.659 0 0 0 0 0 0 0 0 0 0 0 0 0 0.659 0.659 -6.53834 0 0 0 1.95117 0 0 0 1.95117 0 0 0 0 
0 0 0 0 0 0 0 0 0 0 0 0 0 0 0 0 0 0 0 0 0.659 0 0 0 0 0 0 0 0 0 0 0 0 0 0 0 0.659 0 0 0 0 0 0 0 0 0 0 0 0.659 0 0 0 -6.36713 1.46338 1.46338 0 0 0 0 0 1.46338 0 0 0 
0 0 0 0 0 0 0 0 0 0 0 0 0 0 0 0 0 0 0 0 0 0.659 0 0 0 0 0 0 0 0 0 0 0 0 0 0 0 0.659 0 0 0 0 0 0 0 0 0 0 0 0.659 0 0 0.659 -6.53834 0 1.95117 0 0 0 0 0 1.95117 0 0 
0 0 0 0 0 0 0 0 0 0 0 0 0 0 0 0 0 0 0 0 0 0 0.659 0 0 0 0 0 0 0 0 0 0 0 0 0 0 0 0.659 0 0 0 0 0 0 0 0 0 0 0 0.659 0 0.659 0 -6.53834 1.95117 0 0 0 0 0 0 1.95117 0 
0 0 0 0 0 0 0 0 0 0 0 0 0 0 0 0 0 0 0 0 0 0 0 0.659 0 0 0 0 0 0 0 0 0 0 0 0 0 0 0 0.659 0 0 0 0 0 0 0 0 0 0 0 0.659 0 0.659 0.659 -5.73396 0 0 0 0 0 0 0 2.43896 
0 0 0 0 0 0 0 0 0 0 0 0 0 0 0 0 0 0 0 0 0 0 0 0 0.659 0 0 0 0 0 0 0 0 0 0 0 0 0 0 0 0.659 0 0 0 0 0 0 0 0.659 0 0 0 0 0 0 0 -6.36713 1.46338 1.46338 0 1.46338 0 0 0 
0 0 0 0 0 0 0 0 0 0 0 0 0 0 0 0 0 0 0 0 0 0 0 0 0 0.659 0 0 0 0 0 0 0 0 0 0 0 0 0 0 0 0.659 0 0 0 0 0 0 0 0.659 0 0 0 0 0 0 0.659 -6.53834 0 1.95117 0 1.95117 0 0 
0 0 0 0 0 0 0 0 0 0 0 0 0 0 0 0 0 0 0 0 0 0 0 0 0 0 0.659 0 0 0 0 0 0 0 0 0 0 0 0 0 0 0 0.659 0 0 0 0 0 0 0 0.659 0 0 0 0 0 0.659 0 -6.53834 1.95117 0 0 1.95117 0 
0 0 0 0 0 0 0 0 0 0 0 0 0 0 0 0 0 0 0 0 0 0 0 0 0 0 0 0.659 0 0 0 0 0 0 0 0 0 0 0 0 0 0 0 0.659 0 0 0 0 0 0 0 0.659 0 0 0 0 0 0.659 0.659 -5.73396 0 0 0 2.43896 
0 0 0 0 0 0 0 0 0 0 0 0 0 0 0 0 0 0 0 0 0 0 0 0 0 0 0 0 0.659 0 0 0 0 0 0 0 0 0 0 0 0 0 0 0 0.659 0 0 0 0 0 0 0 0.659 0 0 0 0.659 0 0 0 -6.53834 1.95117 1.95117 0 
0 0 0 0 0 0 0 0 0 0 0 0 0 0 0 0 0 0 0 0 0 0 0 0 0 0 0 0 0 0.659 0 0 0 0 0 0 0 0 0 0 0 0 0 0 0 0.659 0 0 0 0 0 0 0 0.659 0 0 0 0.659 0 0 0.659 -5.73396 0 2.43896 
0 0 0 0 0 0 0 0 0 0 0 0 0 0 0 0 0 0 0 0 0 0 0 0 0 0 0 0 0 0 0.659 0 0 0 0 0 0 0 0 0 0 0 0 0 0 0 0.659 0 0 0 0 0 0 0 0.659 0 0 0 0.659 0 0.659 0 -5.73396 2.43896 
0 0 0 0 0 0 0 0 0 0 0 0 0 0 0 0 0 0 0 0 0 0 0 0 0 0 0 0 0 0 0 0.659 0 0 0 0 0 0 0 0 0 0 0 0 0 0 0 0.659 0 0 0 0 0 0 0 0.659 0 0 0 0.659 0 0.659 0.659 -3.954 
