64
-0 0 0 0 0 0 0 0 0 0 0 0 0 0 0 0 0 0 0 0 0 0 0 0 0 0 0 0 0 0 0 0 0 0 0 0 0 0 0 0 0 0 0 0 0 0 0 0 0 0 0 0 0 0 0 0 0 0 0 0 0 0 0 0 
0.295436 -1.50642 0 0.242198 0 0.242198 0 0 0 0.242198 0 0 0 0 0 0 0 0.242198 0 0 0 0 0 0 0 0 0 0 0 0 0 0 0 0.242198 0 0 0 0 0 0 0 0 0 0 0 0 0 0 0 0 0 0 0 0 0 0 0 0 0 0 0 0 0 0 
0.295436 0 -1.50642 0.242198 0 0 0.242198 0 0 0 0.242198 0 0 0 0 0 0 0 0.242198 0 0 0 0 0 0 0 0 0 0 0 0 0 0 0 0.242198 0 0 0 0 0 0 0 0 0 0 0 0 0 0 0 0 0 0 0 0 0 0 0 0 0 0 0 0 0 
0 0.295436 0.295436 -2.52845 0 0 0 0.484396 0 0 0 0.484396 0 0 0 0 0 0 0 0.484396 0 0 0 0 0 0 0 0 0 0 0 0 0 0 0 0.484396 0 0 0 0 0 0 0 0 0 0 0 0 0 0 0 0 0 0 0 0 0 0 0 0 0 0 0 0 
0.295436 0 0 0 -1.50642 0.242198 0.242198 0 0 0 0 0 0.242198 0 0 0 0 0 0 0 0.242198 0 0 0 0 0 0 0 0 0 0 0 0 0 0 0 0.242198 0 0 0 0 0 0 0 0 0 0 0 0 0 0 0 0 0 0 0 0 0 0 0 0 0 0 0 
0 0.295436 0 0 0.295436 -2.52845 0 0.484396 0 0 0 0 0 0.484396 0 0 0 0 0 0 0 0.484396 0 0 0 0 0 0 0 0 0 0 0 0 0 0 0 0.484396 0 0 0 0 0 0 0 0 0 0 0 0 0 0 0 0 0 0 0 0 0 0 0 0 0 0 
0 0 0.295436 0 0.295436 0 -2.52845 0.484396 0 0 0 0 0 0 0.484396 0 0 0 0 0 0 0 0.484396 0 0 0 0 0 0 0 0 0 0 0 0 0 0 0 0.484396 0 0 0 0 0 0 0 0 0 0 0 0 0 0 0 0 0 0 0 0 0 0 0 0 0 
0 0 0 0.295436 0 0.295436 0.295436 -3.06609 0 0 0 0 0 0 0 0.726593 0 0 0 0 0 0 0 0.726593 0 0 0 0 0 0 0 0 0 0 0 0 0 0 0 0.726593 0 0 0 0 0 0 0 0 0 0 0 0 0 0 0 0 0 0 0 0 0 0 0 0 
0.295436 0 0 0 0 0 0 0 -1.50642 0.242198 0.242198 0 0.242198 0 0 0 0 0 0 0 0 0 0 0 0.242198 0 0 0 0 0 0 0 0 0 0 0 0 0 0 0 0.242198 0 0 0 0 0 0 0 0 0 0 0 0 0 0 0 0 0 0 0 0 0 0 0 
0 0.295436 0 0 0 0 0 0 0.295436 -2.52845 0 0.484396 0 0.484396 0 0 0 0 0 0 0 0 0 0 0 0.484396 0 0 0 0 0 0 0 0 0 0 0 0 0 0 0 0.484396 0 0 0 0 0 0 0 0 0 0 0 0 0 0 0 0 0 0 0 0 0 0 
0 0 0.295436 0 0 0 0 0 0.295436 0 -2.52845 0.484396 0 0 0.484396 0 0 0 0 0 0 0 0 0 0 0 0.484396 0 0 0 0 0 0 0 0 0 0 0 0 0 0 0 0.484396 0 0 0 0 0 0 0 0 0 0 0 0 0 0 0 0 0 0 0 0 0 
0 0 0 0.295436 0 0 0 0 0 0.295436 0.295436 -3.06609 0 0 0 0.726593 0 0 0 0 0 0 0 0 0 0 0 0.726593 0 0 0 0 0 0 0 0 0 0 0 0 0 0 0 0.726593 0 0 0 0 0 0 0 0 0 0 0 0 0 0 0 0 0 0 0 0 
0 0 0 0 0.295436 0 0 0 0.295436 0 0 0 -2.52845 0.484396 0.484396 0 0 0 0 0 0 0 0 0 0 0 0 0 0.484396 0 0 0 0 0 0 0 0 0 0 0 0 0 0 0 0.484396 0 0 0 0 0 0 0 0 0 0 0 0 0 0 0 0 0 0 0 
0 0 0 0 0 0.295436 0 0 0 0.295436 0 0 0.295436 -3.06609 0 0.726593 0 0 0 0 0 0 0 0 0 0 0 0 0 0.726593 0 0 0 0 0 0 0 0 0 0 0 0 0 0 0 0.726593 0 0 0 0 0 0 0 0 0 0 0 0 0 0 0 0 0 0 
0 0 0 0 0 0 0.295436 0 0 0 0.295436 0 0.295436 0 -3.06609 0.726593 0 0 0 0 0 0 0 0 0 0 0 0 0 0 0.726593 0 0 0 0 0 0 0 0 0 0 0 0 0 0 0 0.726593 0 0 0 0 0 0 0 0 0 0 0 0 0 0 0 0 0 
0 0 0 0 0 0 0 0.295436 0 0 0 0.295436 0 0.295436 0.295436 -3.11932 0 0 0 0 0 0 0 0 0 0 0 0 0 0 0 0.968791 0 0 0 0 0 0 0 0 0 0 0 0 0 0 0 0.968791 0 0 0 0 0 0 0 0 0 0 0 0 0 0 0 0 
0.295436 0 0 0 0 0 0 0 0 0 0 0 0 0 0 0 -1.50642 0.242198 0.242198 0 0.242198 0 0 0 0.242198 0 0 0 0 0 0 0 0 0 0 0 0 0 0 0 0 0 0 0 0 0 0 0 0.242198 0 0 0 0 0 0 0 0 0 0 0 0 0 0 0 
0 0.295436 0 0 0 0 0 0 0 0 0 0 0 0 0 0 0.295436 -2.52845 0 0.484396 0 0.484396 0 0 0 0.484396 0 0 0 0 0 0 0 0 0 0 0 0 0 0 0 0 0 0 0 0 0 0 0 0.484396 0 0 0 0 0 0 0 0 0 0 0 0 0 0 
0 0 0.295436 0 0 0 0 0 0 0 0 0 0 0 0 0 0.295436 0 -2.52845 0.484396 0 0 0.484396 0 0 0 0.484396 0 0 0 0 0 0 0 0 0 0 0 0 0 0 0 0 0 0 0 0 0 0 0 0.484396 0 0 0 0 0 0 0 0 0 0 0 0 0 
0 0 0 0.295436 0 0 0 0 0 0 0 0 0 0 0 0 0 0.295436 0.295436 -3.06609 0 0 0 0.726593 0 0 0 0.726593 0 0 0 0 0 0 0 0 0 0 0 0 0 0 0 0 0 0 0 0 0 0 0 0.726593 0 0 0 0 0 0 0 0 0 0 0 0 
0 0 0 0 0.295436 0 0 0 0 0 0 0 0 0 0 0 0.295436 0 0 0 -2.52845 0.484396 0.484396 0 0 0 0 0 0.484396 0 0 0 0 0 0 0 0 0 0 0 0 0 0 0 0 0 0 0 0 0 0 0 0.484396 0 0 0 0 0 0 0 0 0 0 0 
0 0 0 0 0 0.295436 0 0 0 0 0 0 0 0 0 0 0 0.295436 0 0 0.295436 -3.06609 0 0.726593 0 0 0 0 0 0.726593 0 0 0 0 0 0 0 0 0 0 0 0 0 0 0 0 0 0 0 0 0 0 0 0.726593 0 0 0 0 0 0 0 0 0 0 
0 0 0 0 0 0 0.295436 0 0 0 0 0 0 0 0 0 0 0 0.295436 0 0.295436 0 -3.06609 0.726593 0 0 0 0 0 0 0.726593 0 0 0 0 0 0 0 0 0 0 0 0 0 0 0 0 0 0 0 0 0 0 0 0.726593 0 0 0 0 0 0 0 0 0 
0 0 0 0 0 0 0 0.295436 0 0 0 0 0 0 0 0 0 0 0 0.295436 0 0.295436 0.295436 -3.11932 0 0 0 0 0 0 0 0.968791 0 0 0 0 0 0 0 0 0 0 0 0 0 0 0 0 0 0 0 0 0 0 0 0.968791 0 0 0 0 0 0 0 0 
0 0 0 0 0 0 0 0 0.295436 0 0 0 0 0 0 0 0.295436 0 0 0 0 0 0 0 -2.52845 0.484396 0.484396 0 0.484396 0 0 0 0 0 0 0 0 0 0 0 0 0 0 0 0 0 0 0 0 0 0 0 0 0 0 0 0.484396 0 0 0 0 0 0 0 
0 0 0 0 0 0 0 0 0 0.295436 0 0 0 0 0 0 0 0.295436 0 0 0 0 0 0 0.295436 -3.06609 0 0.726593 0 0.726593 0 0 0 0 0 0 0 0 0 0 0 0 0 0 0 0 0 0 0 0 0 0 0 0 0 0 0 0.726593 0 0 0 0 0 0 
0 0 0 0 0 0 0 0 0 0 0.295436 0 0 0 0 0 0 0 0.295436 0 0 0 0 0 0.295436 0 -3.06609 0.726593 0 0 0.726593 0 0 0 0 0 0 0 0 0 0 0 0 0 0 0 0 0 0 0 0 0 0 0 0 0 0 0 0.726593 0 0 0 0 0 
0 0 0 0 0 0 0 0 0 0 0 0.295436 0 0 0 0 0 0 0 0.295436 0 0 0 0 0 0.295436 0.295436 -3.11932 0 0 0 0.968791 0 0 0 0 0 0 0 0 0 0 0 0 0 0 0 0 0 0 0 0 0 0 0 0 0 0 0 0.968791 0 0 0 0 
0 0 0 0 0 0 0 0 0 0 0 0 0.295436 0 0 0 0 0 0 0 0.295436 0 0 0 0.295436 0 0 0 -3.06609 0.726593 0.726593 0 0 0 0 0 0 0 0 0 0 0 0 0 0 0 0 0 0 0 0 0 0 0 0 0 0 0 0 0 0.726593 0 0 0 
0 0 0 0 0 0 0 0 0 0 0 0 0 0.295436 0 0 0 0 0 0 0 0.295436 0 0 0 0.295436 0 0 0.295436 -3.11932 0 0.968791 0 0 0 0 0 0 0 0 0 0 0 0 0 0 0 0 0 0 0 0 0 0 0 0 0 0 0 0 0 0.968791 0 0 
0 0 0 0 0 0 0 0 0 0 0 0 0 0 0.295436 0 0 0 0 0 0 0 0.295436 0 0 0 0.295436 0 0.295436 0 -3.11932 0.968791 0 0 0 0 0 0 0 0 0 0 0 0 0 0 0 0 0 0 0 0 0 0 0 0 0 0 0 0 0 0 0.968791 0 
0 0 0 0 0 0 0 0 0 0 0 0 0 0 0 0.295436 0 0 0 0 0 0 0 0.295436 0 0 0 0.295436 0 0.295436 0.295436 -2.68817 0 0 0 0 0 0 0 0 0 0 0 0 0 0 0 0 0 0 0 0 0 0 0 0 0 0 0 0 0 0 0 1.21099 
0.295436 0 0 0 0 0 0 0 0 0 0 0 0 0 0 0 0 0 0 0 0 0 0 0 0 0 0 0 0 0 0 0 -1.50642 0.242198 0.242198 0 0.242198 0 0 0 0.242198 0 0 0 0 0 0 0 0.242198 0 0 0 0 0 0 0 0 0 0 0 0 0 0 0 
0 0.295436 0 0 0 0 0 0 0 0 0 0 0 0 0 0 0 0 0 0 0 0 0 0 0 0 0 0 0 0 0 0 0.295436 -2.52845 0 0.484396 0 0.484396 0 0 0 0.484396 0 0 0 0 0 0 0 0.484396 0 0 0 0 0 0 0 0 0 0 0 0 0 0 
0 0 0.295436 0 0 0 0 0 0 0 0 0 0 0 0 0 0 0 0 0 0 0 0 0 0 0 0 0 0 0 0 0 0.295436 0 -2.52845 0.484396 0 0 0.484396 0 0 0 0.484396 0 0 0 0 0 0 0 0.484396 0 0 0 0 0 0 0 0 0 0 0 0 0 
0 0 0 0.295436 0 0 0 0 0 0 0 0 0 0 0 0 0 0 0 0 0 0 0 0 0 0 0 0 0 0 0 0 0 0.295436 0.295436 -3.06609 0 0 0 0.726593 0 0 0 0.726593 0 0 0 0 0 0 0 0.726593 0 0 0 0 0 0 0 0 0 0 0 0 
0 0 0 0 0.295436 0 0 0 0 0 0 0 0 0 0 0 0 0 0 0 0 0 0 0 0 0 0 0 0 0 0 0 0.295436 0 0 0 -2.52845 0.484396 0.484396 0 0 0 0 0 0.484396 0 0 0 0 0 0 0 0.484396 0 0 0 0 0 0 0 0 0 0 0 
0 0 0 0 0 0.295436 0 0 0 0 0 0 0 0 0 0 0 0 0 0 0 0 0 0 0 0 0 0 0 0 0 0 0 0.295436 0 0 0.295436 -3.06609 0 0.726593 0 0 0 0 0 0.726593 0 0 0 0 0 0 0 0.726593 0 0 0 0 0 0 0 0 0 0 
0 0 0 0 0 0 0.295436 0 0 0 0 0 0 0 0 0 0 0 0 0 0 0 0 0 0 0 0 0 0 0 0 0 0 0 0.295436 0 0.295436 0 -3.06609 0.726593 0 0 0 0 0 0 0.726593 0 0 0 0 0 0 0 0.726593 0 0 0 0 0 0 0 0 0 
0 0 0 0 0 0 0 0.295436 0 0 0 0 0 0 0 0 0 0 0 0 0 0 0 0 0 0 0 0 0 0 0 0 0 0 0 0.295436 0 0.295436 0.295436 -3.11932 0 0 0 0 0 0 0 0.968791 0 0 0 0 0 0 0 0.968791 0 0 0 0 0 0 0 0 
0 0 0 0 0 0 0 0 0.295436 0 0 0 0 0 0 0 0 0 0 0 0 0 0 0 0 0 0 0 0 0 0 0 0.295436 0 0 0 0 0 0 0 -2.52845 0.484396 0.484396 0 0.484396 0 0 0 0 0 0 0 0 0 0 0 0.484396 0 0 0 0 0 0 0 
0 0 0 0 0 0 0 0 0 0.295436 0 0 0 0 0 0 0 0 0 0 0 0 0 0 0 0 0 0 0 0 0 0 0 0.295436 0 0 0 0 0 0 0.295436 -3.06609 0 0.726593 0 0.726593 0 0 0 0 0 0 0 0 0 0 0 0.726593 0 0 0 0 0 0 
0 0 0 0 0 0 0 0 0 0 0.295436 0 0 0 0 0 0 0 0 0 0 0 0 0 0 0 0 0 0 0 0 0 0 0 0.295436 0 0 0 0 0 0.295436 0 -3.06609 0.726593 0 0 0.726593 0 0 0 0 0 0 0 0 0 0 0 0.726593 0 0 0 0 0 
0 0 0 0 0 0 0 0 0 0 0 0.295436 0 0 0 0 0 0 0 0 0 0 0 0 0 0 0 0 0 0 0 0 0 0 0 0.295436 0 0 0 0 0 0.295436 0.295436 -3.11932 0 0 0 0.968791 0 0 0 0 0 0 0 0 0 0 0 0.968791 0 0 0 0 
0 0 0 0 0 0 0 0 0 0 0 0 0.295436 0 0 0 0 0 0 0 0 0 0 0 0 0 0 0 0 0 0 0 0 0 0 0 0.295436 0 0 0 0.295436 0 0 0 -3.06609 0.726593 0.726593 0 0 0 0 0 0 0 0 0 0 0 0 0 0.726593 0 0 0 
0 0 0 0 0 0 0 0 0 0 0 0 0 0.295436 0 0 0 0 0 0 0 0 0 0 0 0 0 0 0 0 0 0 0 0 0 0 0 0.295436 0 0 0 0.295436 0 0 0.295436 -3.11932 0 0.968791 0 0 0 0 0 0 0 0 0 0 0 0 0 0.968791 0 0 
0 0 0 0 0 0 0 0 0 0 0 0 0 0 0.295436 0 0 0 0 0 0 0 0 0 0 0 0 0 0 0 0 0 0 0 0 0 0 0 0.295436 0 0 0 0.295436 0 0.295436 0 -3.11932 0.968791 0 0 0 0 0 0 0 0 0 0 0 0 0 0 0.968791 0 
0 0 0 0 0 0 0 0 0 0 0 0 0 0 0 0.295436 0 0 0 0 0 0 0 0 0 0 0 0 0 0 0 0 0 0 0 0 0 0 0 0.295436 0 0 0 0.295436 0 0.295436 0.295436 -2.68817 0 0 0 0 0 0 0 0 0 0 0 0 0 0 0 1.21099 
0 0 0 0 0 0 0 0 0 0 0 0 0 0 0 0 0.295436 0 0 0 0 0 0 0 0 0 0 0 0 0 0 0 0.295436 0 0 0 0 0 0 0 0 0 0 0 0 0 0 0 -2.52845 0.484396 0.484396 0 0.484396 0 0 0 0.484396 0 0 0 0 0 0 0 
0 0 0 0 0 0 0 0 0 0 0 0 0 0 0 0 0 0.295436 0 0 0 0 0 0 0 0 0 0 0 0 0 0 0 0.295436 0 0 0 0 0 0 0 0 0 0 0 0 0 0 0.295436 -3.06609 0 0.726593 0 0.726593 0 0 0 0.726593 0 0 0 0 0 0 
0 0 0 0 0 0 0 0 0 0 0 0 0 0 0 0 0 0 0.295436 0 0 0 0 0 0 0 0 0 0 0 0 0 0 0 0.295436 0 0 0 0 0 0 0 0 0 0 0 0 0 0.295436 0 -3.06609 0.726593 0 0 0.726593 0 0 0 0.726593 0 0 0 0 0 
0 0 0 0 0 0 0 0 0 0 0 0 0 0 0 0 0 0 0 0.295436 0 0 0 0 0 0 0 0 0 0 0 0 0 0 0 0.295436 0 0 0 0 0 0 0 0 0 0 0 0 0 0.295436 0.295436 -3.11932 0 0 0 0.968791 0 0 0 0.968791 0 0 0 0 
0 0 0 0 0 0 0 0 0 0 0 0 0 0 0 0 0 0 0 0 0.295436 0 0 0 0 0 0 0 0 0 0 0 0 0 0 0 0.295436 0 0 0 0 0 0 0 0 0 0 0 0.295436 0 0 0 -3.06609 0.726593 0.726593 0 0 0 0 0 0.726593 0 0 0 
0 0 0 0 0 0 0 0 0 0 0 0 0 0 0 0 0 0 0 0 0 0.295436 0 0 0 0 0 0 0 0 0 0 0 0 0 0 0 0.295436 0 0 0 0 0 0 0 0 0 0 0 0.295436 0 0 0.295436 -3.11932 0 0.968791 0 0 0 0 0 0.968791 0 0 
0 0 0 0 0 0 0 0 0 0 0 0 0 0 0 0 0 0 0 0 0 0 0.295436 0 0 0 0 0 0 0 0 0 0 0 0 0 0 0 0.295436 0 0 0 0 0 0 0 0 0 0 0 0.295436 0 0.295436 0 -3.11932 0.968791 0 0 0 0 0 0 0.968791 0 
0 0 0 0 0 0 0 0 0 0 0 0 0 0 0 0 0 0 0 0 0 0 0 0.295436 0 0 0 0 0 0 0 0 0 0 0 0 0 0 0 0.295436 0 0 0 0 0 0 0 0 0 0 0 0.295436 0 0.295436 0.295436 -2.68817 0 0 0 0 0 0 0 1.21099 
0 0 0 0 0 0 0 0 0 0 0 0 0 0 0 0 0 0 0 0 0 0 0 0 0.295436 0 0 0 0 0 0 0 0 0 0 0 0 0 0 0 0.295436 0 0 0 0 0 0 0 0.295436 0 0 0 0 0 0 0 -3.06609 0.726593 0.726593 0 0.726593 0 0 0 
0 0 0 0 0 0 0 0 0 0 0 0 0 0 0 0 0 0 0 0 0 0 0 0 0 0.295436 0 0 0 0 0 0 0 0 0 0 0 0 0 0 0 0.295436 0 0 0 0 0 0 0 0.295436 0 0 0 0 0 0 0.295436 -3.11932 0 0.968791 0 0.968791 0 0 
0 0 0 0 0 0 0 0 0 0 0 0 0 0 0 0 0 0 0 0 0 0 0 0 0 0 0.295436 0 0 0 0 0 0 0 0 0 0 0 0 0 0 0 0.295436 0 0 0 0 0 0 0 0.295436 0 0 0 0 0 0.295436 0 -3.11932 0.968791 0 0 0.968791 0 
0 0 0 0 0 0 0 0 0 0 0 0 0 0 0 0 0 0 0 0 0 0 0 0 0 0 0 0.295436 0 0 0 0 0 0 0 0 0 0 0 0 0 0 0 0.295436 0 0 0 0 0 0 0 0.295436 0 0 0 0 0 0.295436 0.295436 -2.68817 0 0 0 1.21099 
0 0 0 0 0 0 0 0 0 0 0 0 0 0 0 0 0 0 0 0 0 0 0 0 0 0 0 0 0.295436 0 0 0 0 0 0 0 0 0 0 0 0 0 0 0 0.295436 0 0 0 0 0 0 0 0.295436 0 0 0 0.295436 0 0 0 -3.11932 0.968791 0.968791 0 
0 0 0 0 0 0 0 0 0 0 0 0 0 0 0 0 0 0 0 0 0 0 0 0 0 0 0 0 0 0.295436 0 0 0 0 0 0 0 0 0 0 0 0 0 0 0 0.295436 0 0 0 0 0 0 0 0.295436 0 0 0 0.295436 0 0 0.295436 -2.68817 0 1.21099 
0 0 0 0 0 0 0 0 0 0 0 0 0 0 0 0 0 0 0 0 0 0 0 0 0 0 0 0 0 0 0.295436 0 0 0 0 0 0 0 0 0 0 0 0 0 0 0 0.295436 0 0 0 0 0 0 0 0.295436 0 0 0 0.295436 0 0.295436 0 -2.68817 1.21099 
0 0 0 0 0 0 0 0 0 0 0 0 0 0 0 0 0 0 0 0 0 0 0 0 0 0 0 0 0 0 0 0.295436 0 0 0 0 0 0 0 0 0 0 0 0 0 0 0 0.295436 0 0 0 0 0 0 0 0.295436 0 0 0 0.295436 0 0.295436 0.295436 -1.77261 
