64
-0 0 0 0 0 0 0 0 0 0 0 0 0 0 0 0 0 0 0 0 0 0 0 0 0 0 0 0 0 0 0 0 0 0 0 0 0 0 0 0 0 0 0 0 0 0 0 0 0 0 0 0 0 0 0 0 0 0 0 0 0 0 0 0 
0.712424 -3.43178 0 0.543871 0 0.543871 0 0 0 0.543871 0 0 0 0 0 0 0 0.543871 0 0 0 0 0 0 0 0 0 0 0 0 0 0 0 0.543871 0 0 0 0 0 0 0 0 0 0 0 0 0 0 0 0 0 0 0 0 0 0 0 0 0 0 0 0 0 0 
0.712424 0 -3.43178 0.543871 0 0 0.543871 0 0 0 0.543871 0 0 0 0 0 0 0 0.543871 0 0 0 0 0 0 0 0 0 0 0 0 0 0 0 0.543871 0 0 0 0 0 0 0 0 0 0 0 0 0 0 0 0 0 0 0 0 0 0 0 0 0 0 0 0 0 
0 0.712424 0.712424 -5.77582 0 0 0 1.08774 0 0 0 1.08774 0 0 0 0 0 0 0 1.08774 0 0 0 0 0 0 0 0 0 0 0 0 0 0 0 1.08774 0 0 0 0 0 0 0 0 0 0 0 0 0 0 0 0 0 0 0 0 0 0 0 0 0 0 0 0 
0.712424 0 0 0 -3.43178 0.543871 0.543871 0 0 0 0 0 0.543871 0 0 0 0 0 0 0 0.543871 0 0 0 0 0 0 0 0 0 0 0 0 0 0 0 0.543871 0 0 0 0 0 0 0 0 0 0 0 0 0 0 0 0 0 0 0 0 0 0 0 0 0 0 0 
0 0.712424 0 0 0.712424 -5.77582 0 1.08774 0 0 0 0 0 1.08774 0 0 0 0 0 0 0 1.08774 0 0 0 0 0 0 0 0 0 0 0 0 0 0 0 1.08774 0 0 0 0 0 0 0 0 0 0 0 0 0 0 0 0 0 0 0 0 0 0 0 0 0 0 
0 0 0.712424 0 0.712424 0 -5.77582 1.08774 0 0 0 0 0 0 1.08774 0 0 0 0 0 0 0 1.08774 0 0 0 0 0 0 0 0 0 0 0 0 0 0 0 1.08774 0 0 0 0 0 0 0 0 0 0 0 0 0 0 0 0 0 0 0 0 0 0 0 0 0 
0 0 0 0.712424 0 0.712424 0.712424 -7.03211 0 0 0 0 0 0 0 1.63161 0 0 0 0 0 0 0 1.63161 0 0 0 0 0 0 0 0 0 0 0 0 0 0 0 1.63161 0 0 0 0 0 0 0 0 0 0 0 0 0 0 0 0 0 0 0 0 0 0 0 0 
0.712424 0 0 0 0 0 0 0 -3.43178 0.543871 0.543871 0 0.543871 0 0 0 0 0 0 0 0 0 0 0 0.543871 0 0 0 0 0 0 0 0 0 0 0 0 0 0 0 0.543871 0 0 0 0 0 0 0 0 0 0 0 0 0 0 0 0 0 0 0 0 0 0 0 
0 0.712424 0 0 0 0 0 0 0.712424 -5.77582 0 1.08774 0 1.08774 0 0 0 0 0 0 0 0 0 0 0 1.08774 0 0 0 0 0 0 0 0 0 0 0 0 0 0 0 1.08774 0 0 0 0 0 0 0 0 0 0 0 0 0 0 0 0 0 0 0 0 0 0 
0 0 0.712424 0 0 0 0 0 0.712424 0 -5.77582 1.08774 0 0 1.08774 0 0 0 0 0 0 0 0 0 0 0 1.08774 0 0 0 0 0 0 0 0 0 0 0 0 0 0 0 1.08774 0 0 0 0 0 0 0 0 0 0 0 0 0 0 0 0 0 0 0 0 0 
0 0 0 0.712424 0 0 0 0 0 0.712424 0.712424 -7.03211 0 0 0 1.63161 0 0 0 0 0 0 0 0 0 0 0 1.63161 0 0 0 0 0 0 0 0 0 0 0 0 0 0 0 1.63161 0 0 0 0 0 0 0 0 0 0 0 0 0 0 0 0 0 0 0 0 
0 0 0 0 0.712424 0 0 0 0.712424 0 0 0 -5.77582 1.08774 1.08774 0 0 0 0 0 0 0 0 0 0 0 0 0 1.08774 0 0 0 0 0 0 0 0 0 0 0 0 0 0 0 1.08774 0 0 0 0 0 0 0 0 0 0 0 0 0 0 0 0 0 0 0 
0 0 0 0 0 0.712424 0 0 0 0.712424 0 0 0.712424 -7.03211 0 1.63161 0 0 0 0 0 0 0 0 0 0 0 0 0 1.63161 0 0 0 0 0 0 0 0 0 0 0 0 0 0 0 1.63161 0 0 0 0 0 0 0 0 0 0 0 0 0 0 0 0 0 0 
0 0 0 0 0 0 0.712424 0 0 0 0.712424 0 0.712424 0 -7.03211 1.63161 0 0 0 0 0 0 0 0 0 0 0 0 0 0 1.63161 0 0 0 0 0 0 0 0 0 0 0 0 0 0 0 1.63161 0 0 0 0 0 0 0 0 0 0 0 0 0 0 0 0 0 
0 0 0 0 0 0 0 0.712424 0 0 0 0.712424 0 0.712424 0.712424 -7.20067 0 0 0 0 0 0 0 0 0 0 0 0 0 0 0 2.17549 0 0 0 0 0 0 0 0 0 0 0 0 0 0 0 2.17549 0 0 0 0 0 0 0 0 0 0 0 0 0 0 0 0 
0.712424 0 0 0 0 0 0 0 0 0 0 0 0 0 0 0 -3.43178 0.543871 0.543871 0 0.543871 0 0 0 0.543871 0 0 0 0 0 0 0 0 0 0 0 0 0 0 0 0 0 0 0 0 0 0 0 0.543871 0 0 0 0 0 0 0 0 0 0 0 0 0 0 0 
0 0.712424 0 0 0 0 0 0 0 0 0 0 0 0 0 0 0.712424 -5.77582 0 1.08774 0 1.08774 0 0 0 1.08774 0 0 0 0 0 0 0 0 0 0 0 0 0 0 0 0 0 0 0 0 0 0 0 1.08774 0 0 0 0 0 0 0 0 0 0 0 0 0 0 
0 0 0.712424 0 0 0 0 0 0 0 0 0 0 0 0 0 0.712424 0 -5.77582 1.08774 0 0 1.08774 0 0 0 1.08774 0 0 0 0 0 0 0 0 0 0 0 0 0 0 0 0 0 0 0 0 0 0 0 1.08774 0 0 0 0 0 0 0 0 0 0 0 0 0 
0 0 0 0.712424 0 0 0 0 0 0 0 0 0 0 0 0 0 0.712424 0.712424 -7.03211 0 0 0 1.63161 0 0 0 1.63161 0 0 0 0 0 0 0 0 0 0 0 0 0 0 0 0 0 0 0 0 0 0 0 1.63161 0 0 0 0 0 0 0 0 0 0 0 0 
0 0 0 0 0.712424 0 0 0 0 0 0 0 0 0 0 0 0.712424 0 0 0 -5.77582 1.08774 1.08774 0 0 0 0 0 1.08774 0 0 0 0 0 0 0 0 0 0 0 0 0 0 0 0 0 0 0 0 0 0 0 1.08774 0 0 0 0 0 0 0 0 0 0 0 
0 0 0 0 0 0.712424 0 0 0 0 0 0 0 0 0 0 0 0.712424 0 0 0.712424 -7.03211 0 1.63161 0 0 0 0 0 1.63161 0 0 0 0 0 0 0 0 0 0 0 0 0 0 0 0 0 0 0 0 0 0 0 1.63161 0 0 0 0 0 0 0 0 0 0 
0 0 0 0 0 0 0.712424 0 0 0 0 0 0 0 0 0 0 0 0.712424 0 0.712424 0 -7.03211 1.63161 0 0 0 0 0 0 1.63161 0 0 0 0 0 0 0 0 0 0 0 0 0 0 0 0 0 0 0 0 0 0 0 1.63161 0 0 0 0 0 0 0 0 0 
0 0 0 0 0 0 0 0.712424 0 0 0 0 0 0 0 0 0 0 0 0.712424 0 0.712424 0.712424 -7.20067 0 0 0 0 0 0 0 2.17549 0 0 0 0 0 0 0 0 0 0 0 0 0 0 0 0 0 0 0 0 0 0 0 2.17549 0 0 0 0 0 0 0 0 
0 0 0 0 0 0 0 0 0.712424 0 0 0 0 0 0 0 0.712424 0 0 0 0 0 0 0 -5.77582 1.08774 1.08774 0 1.08774 0 0 0 0 0 0 0 0 0 0 0 0 0 0 0 0 0 0 0 0 0 0 0 0 0 0 0 1.08774 0 0 0 0 0 0 0 
0 0 0 0 0 0 0 0 0 0.712424 0 0 0 0 0 0 0 0.712424 0 0 0 0 0 0 0.712424 -7.03211 0 1.63161 0 1.63161 0 0 0 0 0 0 0 0 0 0 0 0 0 0 0 0 0 0 0 0 0 0 0 0 0 0 0 1.63161 0 0 0 0 0 0 
0 0 0 0 0 0 0 0 0 0 0.712424 0 0 0 0 0 0 0 0.712424 0 0 0 0 0 0.712424 0 -7.03211 1.63161 0 0 1.63161 0 0 0 0 0 0 0 0 0 0 0 0 0 0 0 0 0 0 0 0 0 0 0 0 0 0 0 1.63161 0 0 0 0 0 
0 0 0 0 0 0 0 0 0 0 0 0.712424 0 0 0 0 0 0 0 0.712424 0 0 0 0 0 0.712424 0.712424 -7.20067 0 0 0 2.17549 0 0 0 0 0 0 0 0 0 0 0 0 0 0 0 0 0 0 0 0 0 0 0 0 0 0 0 2.17549 0 0 0 0 
0 0 0 0 0 0 0 0 0 0 0 0 0.712424 0 0 0 0 0 0 0 0.712424 0 0 0 0.712424 0 0 0 -7.03211 1.63161 1.63161 0 0 0 0 0 0 0 0 0 0 0 0 0 0 0 0 0 0 0 0 0 0 0 0 0 0 0 0 0 1.63161 0 0 0 
0 0 0 0 0 0 0 0 0 0 0 0 0 0.712424 0 0 0 0 0 0 0 0.712424 0 0 0 0.712424 0 0 0.712424 -7.20067 0 2.17549 0 0 0 0 0 0 0 0 0 0 0 0 0 0 0 0 0 0 0 0 0 0 0 0 0 0 0 0 0 2.17549 0 0 
0 0 0 0 0 0 0 0 0 0 0 0 0 0 0.712424 0 0 0 0 0 0 0 0.712424 0 0 0 0.712424 0 0.712424 0 -7.20067 2.17549 0 0 0 0 0 0 0 0 0 0 0 0 0 0 0 0 0 0 0 0 0 0 0 0 0 0 0 0 0 0 2.17549 0 
0 0 0 0 0 0 0 0 0 0 0 0 0 0 0 0.712424 0 0 0 0 0 0 0 0.712424 0 0 0 0.712424 0 0.712424 0.712424 -6.28148 0 0 0 0 0 0 0 0 0 0 0 0 0 0 0 0 0 0 0 0 0 0 0 0 0 0 0 0 0 0 0 2.71936 
0.712424 0 0 0 0 0 0 0 0 0 0 0 0 0 0 0 0 0 0 0 0 0 0 0 0 0 0 0 0 0 0 0 -3.43178 0.543871 0.543871 0 0.543871 0 0 0 0.543871 0 0 0 0 0 0 0 0.543871 0 0 0 0 0 0 0 0 0 0 0 0 0 0 0 
0 0.712424 0 0 0 0 0 0 0 0 0 0 0 0 0 0 0 0 0 0 0 0 0 0 0 0 0 0 0 0 0 0 0.712424 -5.77582 0 1.08774 0 1.08774 0 0 0 1.08774 0 0 0 0 0 0 0 1.08774 0 0 0 0 0 0 0 0 0 0 0 0 0 0 
0 0 0.712424 0 0 0 0 0 0 0 0 0 0 0 0 0 0 0 0 0 0 0 0 0 0 0 0 0 0 0 0 0 0.712424 0 -5.77582 1.08774 0 0 1.08774 0 0 0 1.08774 0 0 0 0 0 0 0 1.08774 0 0 0 0 0 0 0 0 0 0 0 0 0 
0 0 0 0.712424 0 0 0 0 0 0 0 0 0 0 0 0 0 0 0 0 0 0 0 0 0 0 0 0 0 0 0 0 0 0.712424 0.712424 -7.03211 0 0 0 1.63161 0 0 0 1.63161 0 0 0 0 0 0 0 1.63161 0 0 0 0 0 0 0 0 0 0 0 0 
0 0 0 0 0.712424 0 0 0 0 0 0 0 0 0 0 0 0 0 0 0 0 0 0 0 0 0 0 0 0 0 0 0 0.712424 0 0 0 -5.77582 1.08774 1.08774 0 0 0 0 0 1.08774 0 0 0 0 0 0 0 1.08774 0 0 0 0 0 0 0 0 0 0 0 
0 0 0 0 0 0.712424 0 0 0 0 0 0 0 0 0 0 0 0 0 0 0 0 0 0 0 0 0 0 0 0 0 0 0 0.712424 0 0 0.712424 -7.03211 0 1.63161 0 0 0 0 0 1.63161 0 0 0 0 0 0 0 1.63161 0 0 0 0 0 0 0 0 0 0 
0 0 0 0 0 0 0.712424 0 0 0 0 0 0 0 0 0 0 0 0 0 0 0 0 0 0 0 0 0 0 0 0 0 0 0 0.712424 0 0.712424 0 -7.03211 1.63161 0 0 0 0 0 0 1.63161 0 0 0 0 0 0 0 1.63161 0 0 0 0 0 0 0 0 0 
0 0 0 0 0 0 0 0.712424 0 0 0 0 0 0 0 0 0 0 0 0 0 0 0 0 0 0 0 0 0 0 0 0 0 0 0 0.712424 0 0.712424 0.712424 -7.20067 0 0 0 0 0 0 0 2.17549 0 0 0 0 0 0 0 2.17549 0 0 0 0 0 0 0 0 
0 0 0 0 0 0 0 0 0.712424 0 0 0 0 0 0 0 0 0 0 0 0 0 0 0 0 0 0 0 0 0 0 0 0.712424 0 0 0 0 0 0 0 -5.77582 1.08774 1.08774 0 1.08774 0 0 0 0 0 0 0 0 0 0 0 1.08774 0 0 0 0 0 0 0 
0 0 0 0 0 0 0 0 0 0.712424 0 0 0 0 0 0 0 0 0 0 0 0 0 0 0 0 0 0 0 0 0 0 0 0.712424 0 0 0 0 0 0 0.712424 -7.03211 0 1.63161 0 1.63161 0 0 0 0 0 0 0 0 0 0 0 1.63161 0 0 0 0 0 0 
0 0 0 0 0 0 0 0 0 0 0.712424 0 0 0 0 0 0 0 0 0 0 0 0 0 0 0 0 0 0 0 0 0 0 0 0.712424 0 0 0 0 0 0.712424 0 -7.03211 1.63161 0 0 1.63161 0 0 0 0 0 0 0 0 0 0 0 1.63161 0 0 0 0 0 
0 0 0 0 0 0 0 0 0 0 0 0.712424 0 0 0 0 0 0 0 0 0 0 0 0 0 0 0 0 0 0 0 0 0 0 0 0.712424 0 0 0 0 0 0.712424 0.712424 -7.20067 0 0 0 2.17549 0 0 0 0 0 0 0 0 0 0 0 2.17549 0 0 0 0 
0 0 0 0 0 0 0 0 0 0 0 0 0.712424 0 0 0 0 0 0 0 0 0 0 0 0 0 0 0 0 0 0 0 0 0 0 0 0.712424 0 0 0 0.712424 0 0 0 -7.03211 1.63161 1.63161 0 0 0 0 0 0 0 0 0 0 0 0 0 1.63161 0 0 0 
0 0 0 0 0 0 0 0 0 0 0 0 0 0.712424 0 0 0 0 0 0 0 0 0 0 0 0 0 0 0 0 0 0 0 0 0 0 0 0.712424 0 0 0 0.712424 0 0 0.712424 -7.20067 0 2.17549 0 0 0 0 0 0 0 0 0 0 0 0 0 2.17549 0 0 
0 0 0 0 0 0 0 0 0 0 0 0 0 0 0.712424 0 0 0 0 0 0 0 0 0 0 0 0 0 0 0 0 0 0 0 0 0 0 0 0.712424 0 0 0 0.712424 0 0.712424 0 -7.20067 2.17549 0 0 0 0 0 0 0 0 0 0 0 0 0 0 2.17549 0 
0 0 0 0 0 0 0 0 0 0 0 0 0 0 0 0.712424 0 0 0 0 0 0 0 0 0 0 0 0 0 0 0 0 0 0 0 0 0 0 0 0.712424 0 0 0 0.712424 0 0.712424 0.712424 -6.28148 0 0 0 0 0 0 0 0 0 0 0 0 0 0 0 2.71936 
0 0 0 0 0 0 0 0 0 0 0 0 0 0 0 0 0.712424 0 0 0 0 0 0 0 0 0 0 0 0 0 0 0 0.712424 0 0 0 0 0 0 0 0 0 0 0 0 0 0 0 -5.77582 1.08774 1.08774 0 1.08774 0 0 0 1.08774 0 0 0 0 0 0 0 
0 0 0 0 0 0 0 0 0 0 0 0 0 0 0 0 0 0.712424 0 0 0 0 0 0 0 0 0 0 0 0 0 0 0 0.712424 0 0 0 0 0 0 0 0 0 0 0 0 0 0 0.712424 -7.03211 0 1.63161 0 1.63161 0 0 0 1.63161 0 0 0 0 0 0 
0 0 0 0 0 0 0 0 0 0 0 0 0 0 0 0 0 0 0.712424 0 0 0 0 0 0 0 0 0 0 0 0 0 0 0 0.712424 0 0 0 0 0 0 0 0 0 0 0 0 0 0.712424 0 -7.03211 1.63161 0 0 1.63161 0 0 0 1.63161 0 0 0 0 0 
0 0 0 0 0 0 0 0 0 0 0 0 0 0 0 0 0 0 0 0.712424 0 0 0 0 0 0 0 0 0 0 0 0 0 0 0 0.712424 0 0 0 0 0 0 0 0 0 0 0 0 0 0.712424 0.712424 -7.20067 0 0 0 2.17549 0 0 0 2.17549 0 0 0 0 
0 0 0 0 0 0 0 0 0 0 0 0 0 0 0 0 0 0 0 0 0.712424 0 0 0 0 0 0 0 0 0 0 0 0 0 0 0 0.712424 0 0 0 0 0 0 0 0 0 0 0 0.712424 0 0 0 -7.03211 1.63161 1.63161 0 0 0 0 0 1.63161 0 0 0 
0 0 0 0 0 0 0 0 0 0 0 0 0 0 0 0 0 0 0 0 0 0.712424 0 0 0 0 0 0 0 0 0 0 0 0 0 0 0 0.712424 0 0 0 0 0 0 0 0 0 0 0 0.712424 0 0 0.712424 -7.20067 0 2.17549 0 0 0 0 0 2.17549 0 0 
0 0 0 0 0 0 0 0 0 0 0 0 0 0 0 0 0 0 0 0 0 0 0.712424 0 0 0 0 0 0 0 0 0 0 0 0 0 0 0 0.712424 0 0 0 0 0 0 0 0 0 0 0 0.712424 0 0.712424 0 -7.20067 2.17549 0 0 0 0 0 0 2.17549 0 
0 0 0 0 0 0 0 0 0 0 0 0 0 0 0 0 0 0 0 0 0 0 0 0.712424 0 0 0 0 0 0 0 0 0 0 0 0 0 0 0 0.712424 0 0 0 0 0 0 0 0 0 0 0 0.712424 0 0.712424 0.712424 -6.28148 0 0 0 0 0 0 0 2.71936 
0 0 0 0 0 0 0 0 0 0 0 0 0 0 0 0 0 0 0 0 0 0 0 0 0.712424 0 0 0 0 0 0 0 0 0 0 0 0 0 0 0 0.712424 0 0 0 0 0 0 0 0.712424 0 0 0 0 0 0 0 -7.03211 1.63161 1.63161 0 1.63161 0 0 0 
0 0 0 0 0 0 0 0 0 0 0 0 0 0 0 0 0 0 0 0 0 0 0 0 0 0.712424 0 0 0 0 0 0 0 0 0 0 0 0 0 0 0 0.712424 0 0 0 0 0 0 0 0.712424 0 0 0 0 0 0 0.712424 -7.20067 0 2.17549 0 2.17549 0 0 
0 0 0 0 0 0 0 0 0 0 0 0 0 0 0 0 0 0 0 0 0 0 0 0 0 0 0.712424 0 0 0 0 0 0 0 0 0 0 0 0 0 0 0 0.712424 0 0 0 0 0 0 0 0.712424 0 0 0 0 0 0.712424 0 -7.20067 2.17549 0 0 2.17549 0 
0 0 0 0 0 0 0 0 0 0 0 0 0 0 0 0 0 0 0 0 0 0 0 0 0 0 0 0.712424 0 0 0 0 0 0 0 0 0 0 0 0 0 0 0 0.712424 0 0 0 0 0 0 0 0.712424 0 0 0 0 0 0.712424 0.712424 -6.28148 0 0 0 2.71936 
0 0 0 0 0 0 0 0 0 0 0 0 0 0 0 0 0 0 0 0 0 0 0 0 0 0 0 0 0.712424 0 0 0 0 0 0 0 0 0 0 0 0 0 0 0 0.712424 0 0 0 0 0 0 0 0.712424 0 0 0 0.712424 0 0 0 -7.20067 2.17549 2.17549 0 
0 0 0 0 0 0 0 0 0 0 0 0 0 0 0 0 0 0 0 0 0 0 0 0 0 0 0 0 0 0.712424 0 0 0 0 0 0 0 0 0 0 0 0 0 0 0 0.712424 0 0 0 0 0 0 0 0.712424 0 0 0 0.712424 0 0 0.712424 -6.28148 0 2.71936 
0 0 0 0 0 0 0 0 0 0 0 0 0 0 0 0 0 0 0 0 0 0 0 0 0 0 0 0 0 0 0.712424 0 0 0 0 0 0 0 0 0 0 0 0 0 0 0 0.712424 0 0 0 0 0 0 0 0.712424 0 0 0 0.712424 0 0.712424 0 -6.28148 2.71936 
0 0 0 0 0 0 0 0 0 0 0 0 0 0 0 0 0 0 0 0 0 0 0 0 0 0 0 0 0 0 0 0.712424 0 0 0 0 0 0 0 0 0 0 0 0 0 0 0 0.712424 0 0 0 0 0 0 0 0.712424 0 0 0 0.712424 0 0.712424 0.712424 -4.27454 
