64
-0 0 0 0 0 0 0 0 0 0 0 0 0 0 0 0 0 0 0 0 0 0 0 0 0 0 0 0 0 0 0 0 0 0 0 0 0 0 0 0 0 0 0 0 0 0 0 0 0 0 0 0 0 0 0 0 0 0 0 0 0 0 0 0 
0.366535 -2.32548 0 0.39179 0 0.39179 0 0 0 0.39179 0 0 0 0 0 0 0 0.39179 0 0 0 0 0 0 0 0 0 0 0 0 0 0 0 0.39179 0 0 0 0 0 0 0 0 0 0 0 0 0 0 0 0 0 0 0 0 0 0 0 0 0 0 0 0 0 0 
0.366535 0 -2.32548 0.39179 0 0 0.39179 0 0 0 0.39179 0 0 0 0 0 0 0 0.39179 0 0 0 0 0 0 0 0 0 0 0 0 0 0 0 0.39179 0 0 0 0 0 0 0 0 0 0 0 0 0 0 0 0 0 0 0 0 0 0 0 0 0 0 0 0 0 
0 0.366535 0.366535 -3.86739 0 0 0 0.78358 0 0 0 0.78358 0 0 0 0 0 0 0 0.78358 0 0 0 0 0 0 0 0 0 0 0 0 0 0 0 0.78358 0 0 0 0 0 0 0 0 0 0 0 0 0 0 0 0 0 0 0 0 0 0 0 0 0 0 0 0 
0.366535 0 0 0 -2.32548 0.39179 0.39179 0 0 0 0 0 0.39179 0 0 0 0 0 0 0 0.39179 0 0 0 0 0 0 0 0 0 0 0 0 0 0 0 0.39179 0 0 0 0 0 0 0 0 0 0 0 0 0 0 0 0 0 0 0 0 0 0 0 0 0 0 0 
0 0.366535 0 0 0.366535 -3.86739 0 0.78358 0 0 0 0 0 0.78358 0 0 0 0 0 0 0 0.78358 0 0 0 0 0 0 0 0 0 0 0 0 0 0 0 0.78358 0 0 0 0 0 0 0 0 0 0 0 0 0 0 0 0 0 0 0 0 0 0 0 0 0 0 
0 0 0.366535 0 0.366535 0 -3.86739 0.78358 0 0 0 0 0 0 0.78358 0 0 0 0 0 0 0 0.78358 0 0 0 0 0 0 0 0 0 0 0 0 0 0 0 0.78358 0 0 0 0 0 0 0 0 0 0 0 0 0 0 0 0 0 0 0 0 0 0 0 0 0 
0 0 0 0.366535 0 0.366535 0.366535 -4.62571 0 0 0 0 0 0 0 1.17537 0 0 0 0 0 0 0 1.17537 0 0 0 0 0 0 0 0 0 0 0 0 0 0 0 1.17537 0 0 0 0 0 0 0 0 0 0 0 0 0 0 0 0 0 0 0 0 0 0 0 0 
0.366535 0 0 0 0 0 0 0 -2.32548 0.39179 0.39179 0 0.39179 0 0 0 0 0 0 0 0 0 0 0 0.39179 0 0 0 0 0 0 0 0 0 0 0 0 0 0 0 0.39179 0 0 0 0 0 0 0 0 0 0 0 0 0 0 0 0 0 0 0 0 0 0 0 
0 0.366535 0 0 0 0 0 0 0.366535 -3.86739 0 0.78358 0 0.78358 0 0 0 0 0 0 0 0 0 0 0 0.78358 0 0 0 0 0 0 0 0 0 0 0 0 0 0 0 0.78358 0 0 0 0 0 0 0 0 0 0 0 0 0 0 0 0 0 0 0 0 0 0 
0 0 0.366535 0 0 0 0 0 0.366535 0 -3.86739 0.78358 0 0 0.78358 0 0 0 0 0 0 0 0 0 0 0 0.78358 0 0 0 0 0 0 0 0 0 0 0 0 0 0 0 0.78358 0 0 0 0 0 0 0 0 0 0 0 0 0 0 0 0 0 0 0 0 0 
0 0 0 0.366535 0 0 0 0 0 0.366535 0.366535 -4.62571 0 0 0 1.17537 0 0 0 0 0 0 0 0 0 0 0 1.17537 0 0 0 0 0 0 0 0 0 0 0 0 0 0 0 1.17537 0 0 0 0 0 0 0 0 0 0 0 0 0 0 0 0 0 0 0 0 
0 0 0 0 0.366535 0 0 0 0.366535 0 0 0 -3.86739 0.78358 0.78358 0 0 0 0 0 0 0 0 0 0 0 0 0 0.78358 0 0 0 0 0 0 0 0 0 0 0 0 0 0 0 0.78358 0 0 0 0 0 0 0 0 0 0 0 0 0 0 0 0 0 0 0 
0 0 0 0 0 0.366535 0 0 0 0.366535 0 0 0.366535 -4.62571 0 1.17537 0 0 0 0 0 0 0 0 0 0 0 0 0 1.17537 0 0 0 0 0 0 0 0 0 0 0 0 0 0 0 1.17537 0 0 0 0 0 0 0 0 0 0 0 0 0 0 0 0 0 0 
0 0 0 0 0 0 0.366535 0 0 0 0.366535 0 0.366535 0 -4.62571 1.17537 0 0 0 0 0 0 0 0 0 0 0 0 0 0 1.17537 0 0 0 0 0 0 0 0 0 0 0 0 0 0 0 1.17537 0 0 0 0 0 0 0 0 0 0 0 0 0 0 0 0 0 
0 0 0 0 0 0 0 0.366535 0 0 0 0.366535 0 0.366535 0.366535 -4.60046 0 0 0 0 0 0 0 0 0 0 0 0 0 0 0 1.56716 0 0 0 0 0 0 0 0 0 0 0 0 0 0 0 1.56716 0 0 0 0 0 0 0 0 0 0 0 0 0 0 0 0 
0.366535 0 0 0 0 0 0 0 0 0 0 0 0 0 0 0 -2.32548 0.39179 0.39179 0 0.39179 0 0 0 0.39179 0 0 0 0 0 0 0 0 0 0 0 0 0 0 0 0 0 0 0 0 0 0 0 0.39179 0 0 0 0 0 0 0 0 0 0 0 0 0 0 0 
0 0.366535 0 0 0 0 0 0 0 0 0 0 0 0 0 0 0.366535 -3.86739 0 0.78358 0 0.78358 0 0 0 0.78358 0 0 0 0 0 0 0 0 0 0 0 0 0 0 0 0 0 0 0 0 0 0 0 0.78358 0 0 0 0 0 0 0 0 0 0 0 0 0 0 
0 0 0.366535 0 0 0 0 0 0 0 0 0 0 0 0 0 0.366535 0 -3.86739 0.78358 0 0 0.78358 0 0 0 0.78358 0 0 0 0 0 0 0 0 0 0 0 0 0 0 0 0 0 0 0 0 0 0 0 0.78358 0 0 0 0 0 0 0 0 0 0 0 0 0 
0 0 0 0.366535 0 0 0 0 0 0 0 0 0 0 0 0 0 0.366535 0.366535 -4.62571 0 0 0 1.17537 0 0 0 1.17537 0 0 0 0 0 0 0 0 0 0 0 0 0 0 0 0 0 0 0 0 0 0 0 1.17537 0 0 0 0 0 0 0 0 0 0 0 0 
0 0 0 0 0.366535 0 0 0 0 0 0 0 0 0 0 0 0.366535 0 0 0 -3.86739 0.78358 0.78358 0 0 0 0 0 0.78358 0 0 0 0 0 0 0 0 0 0 0 0 0 0 0 0 0 0 0 0 0 0 0 0.78358 0 0 0 0 0 0 0 0 0 0 0 
0 0 0 0 0 0.366535 0 0 0 0 0 0 0 0 0 0 0 0.366535 0 0 0.366535 -4.62571 0 1.17537 0 0 0 0 0 1.17537 0 0 0 0 0 0 0 0 0 0 0 0 0 0 0 0 0 0 0 0 0 0 0 1.17537 0 0 0 0 0 0 0 0 0 0 
0 0 0 0 0 0 0.366535 0 0 0 0 0 0 0 0 0 0 0 0.366535 0 0.366535 0 -4.62571 1.17537 0 0 0 0 0 0 1.17537 0 0 0 0 0 0 0 0 0 0 0 0 0 0 0 0 0 0 0 0 0 0 0 1.17537 0 0 0 0 0 0 0 0 0 
0 0 0 0 0 0 0 0.366535 0 0 0 0 0 0 0 0 0 0 0 0.366535 0 0.366535 0.366535 -4.60046 0 0 0 0 0 0 0 1.56716 0 0 0 0 0 0 0 0 0 0 0 0 0 0 0 0 0 0 0 0 0 0 0 1.56716 0 0 0 0 0 0 0 0 
0 0 0 0 0 0 0 0 0.366535 0 0 0 0 0 0 0 0.366535 0 0 0 0 0 0 0 -3.86739 0.78358 0.78358 0 0.78358 0 0 0 0 0 0 0 0 0 0 0 0 0 0 0 0 0 0 0 0 0 0 0 0 0 0 0 0.78358 0 0 0 0 0 0 0 
0 0 0 0 0 0 0 0 0 0.366535 0 0 0 0 0 0 0 0.366535 0 0 0 0 0 0 0.366535 -4.62571 0 1.17537 0 1.17537 0 0 0 0 0 0 0 0 0 0 0 0 0 0 0 0 0 0 0 0 0 0 0 0 0 0 0 1.17537 0 0 0 0 0 0 
0 0 0 0 0 0 0 0 0 0 0.366535 0 0 0 0 0 0 0 0.366535 0 0 0 0 0 0.366535 0 -4.62571 1.17537 0 0 1.17537 0 0 0 0 0 0 0 0 0 0 0 0 0 0 0 0 0 0 0 0 0 0 0 0 0 0 0 1.17537 0 0 0 0 0 
0 0 0 0 0 0 0 0 0 0 0 0.366535 0 0 0 0 0 0 0 0.366535 0 0 0 0 0 0.366535 0.366535 -4.60046 0 0 0 1.56716 0 0 0 0 0 0 0 0 0 0 0 0 0 0 0 0 0 0 0 0 0 0 0 0 0 0 0 1.56716 0 0 0 0 
0 0 0 0 0 0 0 0 0 0 0 0 0.366535 0 0 0 0 0 0 0 0.366535 0 0 0 0.366535 0 0 0 -4.62571 1.17537 1.17537 0 0 0 0 0 0 0 0 0 0 0 0 0 0 0 0 0 0 0 0 0 0 0 0 0 0 0 0 0 1.17537 0 0 0 
0 0 0 0 0 0 0 0 0 0 0 0 0 0.366535 0 0 0 0 0 0 0 0.366535 0 0 0 0.366535 0 0 0.366535 -4.60046 0 1.56716 0 0 0 0 0 0 0 0 0 0 0 0 0 0 0 0 0 0 0 0 0 0 0 0 0 0 0 0 0 1.56716 0 0 
0 0 0 0 0 0 0 0 0 0 0 0 0 0 0.366535 0 0 0 0 0 0 0 0.366535 0 0 0 0.366535 0 0.366535 0 -4.60046 1.56716 0 0 0 0 0 0 0 0 0 0 0 0 0 0 0 0 0 0 0 0 0 0 0 0 0 0 0 0 0 0 1.56716 0 
0 0 0 0 0 0 0 0 0 0 0 0 0 0 0 0.366535 0 0 0 0 0 0 0 0.366535 0 0 0 0.366535 0 0.366535 0.366535 -3.79163 0 0 0 0 0 0 0 0 0 0 0 0 0 0 0 0 0 0 0 0 0 0 0 0 0 0 0 0 0 0 0 1.95895 
0.366535 0 0 0 0 0 0 0 0 0 0 0 0 0 0 0 0 0 0 0 0 0 0 0 0 0 0 0 0 0 0 0 -2.32548 0.39179 0.39179 0 0.39179 0 0 0 0.39179 0 0 0 0 0 0 0 0.39179 0 0 0 0 0 0 0 0 0 0 0 0 0 0 0 
0 0.366535 0 0 0 0 0 0 0 0 0 0 0 0 0 0 0 0 0 0 0 0 0 0 0 0 0 0 0 0 0 0 0.366535 -3.86739 0 0.78358 0 0.78358 0 0 0 0.78358 0 0 0 0 0 0 0 0.78358 0 0 0 0 0 0 0 0 0 0 0 0 0 0 
0 0 0.366535 0 0 0 0 0 0 0 0 0 0 0 0 0 0 0 0 0 0 0 0 0 0 0 0 0 0 0 0 0 0.366535 0 -3.86739 0.78358 0 0 0.78358 0 0 0 0.78358 0 0 0 0 0 0 0 0.78358 0 0 0 0 0 0 0 0 0 0 0 0 0 
0 0 0 0.366535 0 0 0 0 0 0 0 0 0 0 0 0 0 0 0 0 0 0 0 0 0 0 0 0 0 0 0 0 0 0.366535 0.366535 -4.62571 0 0 0 1.17537 0 0 0 1.17537 0 0 0 0 0 0 0 1.17537 0 0 0 0 0 0 0 0 0 0 0 0 
0 0 0 0 0.366535 0 0 0 0 0 0 0 0 0 0 0 0 0 0 0 0 0 0 0 0 0 0 0 0 0 0 0 0.366535 0 0 0 -3.86739 0.78358 0.78358 0 0 0 0 0 0.78358 0 0 0 0 0 0 0 0.78358 0 0 0 0 0 0 0 0 0 0 0 
0 0 0 0 0 0.366535 0 0 0 0 0 0 0 0 0 0 0 0 0 0 0 0 0 0 0 0 0 0 0 0 0 0 0 0.366535 0 0 0.366535 -4.62571 0 1.17537 0 0 0 0 0 1.17537 0 0 0 0 0 0 0 1.17537 0 0 0 0 0 0 0 0 0 0 
0 0 0 0 0 0 0.366535 0 0 0 0 0 0 0 0 0 0 0 0 0 0 0 0 0 0 0 0 0 0 0 0 0 0 0 0.366535 0 0.366535 0 -4.62571 1.17537 0 0 0 0 0 0 1.17537 0 0 0 0 0 0 0 1.17537 0 0 0 0 0 0 0 0 0 
0 0 0 0 0 0 0 0.366535 0 0 0 0 0 0 0 0 0 0 0 0 0 0 0 0 0 0 0 0 0 0 0 0 0 0 0 0.366535 0 0.366535 0.366535 -4.60046 0 0 0 0 0 0 0 1.56716 0 0 0 0 0 0 0 1.56716 0 0 0 0 0 0 0 0 
0 0 0 0 0 0 0 0 0.366535 0 0 0 0 0 0 0 0 0 0 0 0 0 0 0 0 0 0 0 0 0 0 0 0.366535 0 0 0 0 0 0 0 -3.86739 0.78358 0.78358 0 0.78358 0 0 0 0 0 0 0 0 0 0 0 0.78358 0 0 0 0 0 0 0 
0 0 0 0 0 0 0 0 0 0.366535 0 0 0 0 0 0 0 0 0 0 0 0 0 0 0 0 0 0 0 0 0 0 0 0.366535 0 0 0 0 0 0 0.366535 -4.62571 0 1.17537 0 1.17537 0 0 0 0 0 0 0 0 0 0 0 1.17537 0 0 0 0 0 0 
0 0 0 0 0 0 0 0 0 0 0.366535 0 0 0 0 0 0 0 0 0 0 0 0 0 0 0 0 0 0 0 0 0 0 0 0.366535 0 0 0 0 0 0.366535 0 -4.62571 1.17537 0 0 1.17537 0 0 0 0 0 0 0 0 0 0 0 1.17537 0 0 0 0 0 
0 0 0 0 0 0 0 0 0 0 0 0.366535 0 0 0 0 0 0 0 0 0 0 0 0 0 0 0 0 0 0 0 0 0 0 0 0.366535 0 0 0 0 0 0.366535 0.366535 -4.60046 0 0 0 1.56716 0 0 0 0 0 0 0 0 0 0 0 1.56716 0 0 0 0 
0 0 0 0 0 0 0 0 0 0 0 0 0.366535 0 0 0 0 0 0 0 0 0 0 0 0 0 0 0 0 0 0 0 0 0 0 0 0.366535 0 0 0 0.366535 0 0 0 -4.62571 1.17537 1.17537 0 0 0 0 0 0 0 0 0 0 0 0 0 1.17537 0 0 0 
0 0 0 0 0 0 0 0 0 0 0 0 0 0.366535 0 0 0 0 0 0 0 0 0 0 0 0 0 0 0 0 0 0 0 0 0 0 0 0.366535 0 0 0 0.366535 0 0 0.366535 -4.60046 0 1.56716 0 0 0 0 0 0 0 0 0 0 0 0 0 1.56716 0 0 
0 0 0 0 0 0 0 0 0 0 0 0 0 0 0.366535 0 0 0 0 0 0 0 0 0 0 0 0 0 0 0 0 0 0 0 0 0 0 0 0.366535 0 0 0 0.366535 0 0.366535 0 -4.60046 1.56716 0 0 0 0 0 0 0 0 0 0 0 0 0 0 1.56716 0 
0 0 0 0 0 0 0 0 0 0 0 0 0 0 0 0.366535 0 0 0 0 0 0 0 0 0 0 0 0 0 0 0 0 0 0 0 0 0 0 0 0.366535 0 0 0 0.366535 0 0.366535 0.366535 -3.79163 0 0 0 0 0 0 0 0 0 0 0 0 0 0 0 1.95895 
0 0 0 0 0 0 0 0 0 0 0 0 0 0 0 0 0.366535 0 0 0 0 0 0 0 0 0 0 0 0 0 0 0 0.366535 0 0 0 0 0 0 0 0 0 0 0 0 0 0 0 -3.86739 0.78358 0.78358 0 0.78358 0 0 0 0.78358 0 0 0 0 0 0 0 
0 0 0 0 0 0 0 0 0 0 0 0 0 0 0 0 0 0.366535 0 0 0 0 0 0 0 0 0 0 0 0 0 0 0 0.366535 0 0 0 0 0 0 0 0 0 0 0 0 0 0 0.366535 -4.62571 0 1.17537 0 1.17537 0 0 0 1.17537 0 0 0 0 0 0 
0 0 0 0 0 0 0 0 0 0 0 0 0 0 0 0 0 0 0.366535 0 0 0 0 0 0 0 0 0 0 0 0 0 0 0 0.366535 0 0 0 0 0 0 0 0 0 0 0 0 0 0.366535 0 -4.62571 1.17537 0 0 1.17537 0 0 0 1.17537 0 0 0 0 0 
0 0 0 0 0 0 0 0 0 0 0 0 0 0 0 0 0 0 0 0.366535 0 0 0 0 0 0 0 0 0 0 0 0 0 0 0 0.366535 0 0 0 0 0 0 0 0 0 0 0 0 0 0.366535 0.366535 -4.60046 0 0 0 1.56716 0 0 0 1.56716 0 0 0 0 
0 0 0 0 0 0 0 0 0 0 0 0 0 0 0 0 0 0 0 0 0.366535 0 0 0 0 0 0 0 0 0 0 0 0 0 0 0 0.366535 0 0 0 0 0 0 0 0 0 0 0 0.366535 0 0 0 -4.62571 1.17537 1.17537 0 0 0 0 0 1.17537 0 0 0 
0 0 0 0 0 0 0 0 0 0 0 0 0 0 0 0 0 0 0 0 0 0.366535 0 0 0 0 0 0 0 0 0 0 0 0 0 0 0 0.366535 0 0 0 0 0 0 0 0 0 0 0 0.366535 0 0 0.366535 -4.60046 0 1.56716 0 0 0 0 0 1.56716 0 0 
0 0 0 0 0 0 0 0 0 0 0 0 0 0 0 0 0 0 0 0 0 0 0.366535 0 0 0 0 0 0 0 0 0 0 0 0 0 0 0 0.366535 0 0 0 0 0 0 0 0 0 0 0 0.366535 0 0.366535 0 -4.60046 1.56716 0 0 0 0 0 0 1.56716 0 
0 0 0 0 0 0 0 0 0 0 0 0 0 0 0 0 0 0 0 0 0 0 0 0.366535 0 0 0 0 0 0 0 0 0 0 0 0 0 0 0 0.366535 0 0 0 0 0 0 0 0 0 0 0 0.366535 0 0.366535 0.366535 -3.79163 0 0 0 0 0 0 0 1.95895 
0 0 0 0 0 0 0 0 0 0 0 0 0 0 0 0 0 0 0 0 0 0 0 0 0.366535 0 0 0 0 0 0 0 0 0 0 0 0 0 0 0 0.366535 0 0 0 0 0 0 0 0.366535 0 0 0 0 0 0 0 -4.62571 1.17537 1.17537 0 1.17537 0 0 0 
0 0 0 0 0 0 0 0 0 0 0 0 0 0 0 0 0 0 0 0 0 0 0 0 0 0.366535 0 0 0 0 0 0 0 0 0 0 0 0 0 0 0 0.366535 0 0 0 0 0 0 0 0.366535 0 0 0 0 0 0 0.366535 -4.60046 0 1.56716 0 1.56716 0 0 
0 0 0 0 0 0 0 0 0 0 0 0 0 0 0 0 0 0 0 0 0 0 0 0 0 0 0.366535 0 0 0 0 0 0 0 0 0 0 0 0 0 0 0 0.366535 0 0 0 0 0 0 0 0.366535 0 0 0 0 0 0.366535 0 -4.60046 1.56716 0 0 1.56716 0 
0 0 0 0 0 0 0 0 0 0 0 0 0 0 0 0 0 0 0 0 0 0 0 0 0 0 0 0.366535 0 0 0 0 0 0 0 0 0 0 0 0 0 0 0 0.366535 0 0 0 0 0 0 0 0.366535 0 0 0 0 0 0.366535 0.366535 -3.79163 0 0 0 1.95895 
0 0 0 0 0 0 0 0 0 0 0 0 0 0 0 0 0 0 0 0 0 0 0 0 0 0 0 0 0.366535 0 0 0 0 0 0 0 0 0 0 0 0 0 0 0 0.366535 0 0 0 0 0 0 0 0.366535 0 0 0 0.366535 0 0 0 -4.60046 1.56716 1.56716 0 
0 0 0 0 0 0 0 0 0 0 0 0 0 0 0 0 0 0 0 0 0 0 0 0 0 0 0 0 0 0.366535 0 0 0 0 0 0 0 0 0 0 0 0 0 0 0 0.366535 0 0 0 0 0 0 0 0.366535 0 0 0 0.366535 0 0 0.366535 -3.79163 0 1.95895 
0 0 0 0 0 0 0 0 0 0 0 0 0 0 0 0 0 0 0 0 0 0 0 0 0 0 0 0 0 0 0.366535 0 0 0 0 0 0 0 0 0 0 0 0 0 0 0 0.366535 0 0 0 0 0 0 0 0.366535 0 0 0 0.366535 0 0.366535 0 -3.79163 1.95895 
0 0 0 0 0 0 0 0 0 0 0 0 0 0 0 0 0 0 0 0 0 0 0 0 0 0 0 0 0 0 0 0.366535 0 0 0 0 0 0 0 0 0 0 0 0 0 0 0 0.366535 0 0 0 0 0 0 0 0.366535 0 0 0 0.366535 0 0.366535 0.366535 -2.19921 
