64
-0 0 0 0 0 0 0 0 0 0 0 0 0 0 0 0 0 0 0 0 0 0 0 0 0 0 0 0 0 0 0 0 0 0 0 0 0 0 0 0 0 0 0 0 0 0 0 0 0 0 0 0 0 0 0 0 0 0 0 0 0 0 0 0 
0.860826 -4.46341 0 0.720516 0 0.720516 0 0 0 0.720516 0 0 0 0 0 0 0 0.720516 0 0 0 0 0 0 0 0 0 0 0 0 0 0 0 0.720516 0 0 0 0 0 0 0 0 0 0 0 0 0 0 0 0 0 0 0 0 0 0 0 0 0 0 0 0 0 0 
0.860826 0 -4.46341 0.720516 0 0 0.720516 0 0 0 0.720516 0 0 0 0 0 0 0 0.720516 0 0 0 0 0 0 0 0 0 0 0 0 0 0 0 0.720516 0 0 0 0 0 0 0 0 0 0 0 0 0 0 0 0 0 0 0 0 0 0 0 0 0 0 0 0 0 
0 0.860826 0.860826 -7.48578 0 0 0 1.44103 0 0 0 1.44103 0 0 0 0 0 0 0 1.44103 0 0 0 0 0 0 0 0 0 0 0 0 0 0 0 1.44103 0 0 0 0 0 0 0 0 0 0 0 0 0 0 0 0 0 0 0 0 0 0 0 0 0 0 0 0 
0.860826 0 0 0 -4.46341 0.720516 0.720516 0 0 0 0 0 0.720516 0 0 0 0 0 0 0 0.720516 0 0 0 0 0 0 0 0 0 0 0 0 0 0 0 0.720516 0 0 0 0 0 0 0 0 0 0 0 0 0 0 0 0 0 0 0 0 0 0 0 0 0 0 0 
0 0.860826 0 0 0.860826 -7.48578 0 1.44103 0 0 0 0 0 1.44103 0 0 0 0 0 0 0 1.44103 0 0 0 0 0 0 0 0 0 0 0 0 0 0 0 1.44103 0 0 0 0 0 0 0 0 0 0 0 0 0 0 0 0 0 0 0 0 0 0 0 0 0 0 
0 0 0.860826 0 0.860826 0 -7.48578 1.44103 0 0 0 0 0 0 1.44103 0 0 0 0 0 0 0 1.44103 0 0 0 0 0 0 0 0 0 0 0 0 0 0 0 1.44103 0 0 0 0 0 0 0 0 0 0 0 0 0 0 0 0 0 0 0 0 0 0 0 0 0 
0 0 0 0.860826 0 0.860826 0.860826 -9.06712 0 0 0 0 0 0 0 2.16155 0 0 0 0 0 0 0 2.16155 0 0 0 0 0 0 0 0 0 0 0 0 0 0 0 2.16155 0 0 0 0 0 0 0 0 0 0 0 0 0 0 0 0 0 0 0 0 0 0 0 0 
0.860826 0 0 0 0 0 0 0 -4.46341 0.720516 0.720516 0 0.720516 0 0 0 0 0 0 0 0 0 0 0 0.720516 0 0 0 0 0 0 0 0 0 0 0 0 0 0 0 0.720516 0 0 0 0 0 0 0 0 0 0 0 0 0 0 0 0 0 0 0 0 0 0 0 
0 0.860826 0 0 0 0 0 0 0.860826 -7.48578 0 1.44103 0 1.44103 0 0 0 0 0 0 0 0 0 0 0 1.44103 0 0 0 0 0 0 0 0 0 0 0 0 0 0 0 1.44103 0 0 0 0 0 0 0 0 0 0 0 0 0 0 0 0 0 0 0 0 0 0 
0 0 0.860826 0 0 0 0 0 0.860826 0 -7.48578 1.44103 0 0 1.44103 0 0 0 0 0 0 0 0 0 0 0 1.44103 0 0 0 0 0 0 0 0 0 0 0 0 0 0 0 1.44103 0 0 0 0 0 0 0 0 0 0 0 0 0 0 0 0 0 0 0 0 0 
0 0 0 0.860826 0 0 0 0 0 0.860826 0.860826 -9.06712 0 0 0 2.16155 0 0 0 0 0 0 0 0 0 0 0 2.16155 0 0 0 0 0 0 0 0 0 0 0 0 0 0 0 2.16155 0 0 0 0 0 0 0 0 0 0 0 0 0 0 0 0 0 0 0 0 
0 0 0 0 0.860826 0 0 0 0.860826 0 0 0 -7.48578 1.44103 1.44103 0 0 0 0 0 0 0 0 0 0 0 0 0 1.44103 0 0 0 0 0 0 0 0 0 0 0 0 0 0 0 1.44103 0 0 0 0 0 0 0 0 0 0 0 0 0 0 0 0 0 0 0 
0 0 0 0 0 0.860826 0 0 0 0.860826 0 0 0.860826 -9.06712 0 2.16155 0 0 0 0 0 0 0 0 0 0 0 0 0 2.16155 0 0 0 0 0 0 0 0 0 0 0 0 0 0 0 2.16155 0 0 0 0 0 0 0 0 0 0 0 0 0 0 0 0 0 0 
0 0 0 0 0 0 0.860826 0 0 0 0.860826 0 0.860826 0 -9.06712 2.16155 0 0 0 0 0 0 0 0 0 0 0 0 0 0 2.16155 0 0 0 0 0 0 0 0 0 0 0 0 0 0 0 2.16155 0 0 0 0 0 0 0 0 0 0 0 0 0 0 0 0 0 
0 0 0 0 0 0 0 0.860826 0 0 0 0.860826 0 0.860826 0.860826 -9.20743 0 0 0 0 0 0 0 0 0 0 0 0 0 0 0 2.88206 0 0 0 0 0 0 0 0 0 0 0 0 0 0 0 2.88206 0 0 0 0 0 0 0 0 0 0 0 0 0 0 0 0 
0.860826 0 0 0 0 0 0 0 0 0 0 0 0 0 0 0 -4.46341 0.720516 0.720516 0 0.720516 0 0 0 0.720516 0 0 0 0 0 0 0 0 0 0 0 0 0 0 0 0 0 0 0 0 0 0 0 0.720516 0 0 0 0 0 0 0 0 0 0 0 0 0 0 0 
0 0.860826 0 0 0 0 0 0 0 0 0 0 0 0 0 0 0.860826 -7.48578 0 1.44103 0 1.44103 0 0 0 1.44103 0 0 0 0 0 0 0 0 0 0 0 0 0 0 0 0 0 0 0 0 0 0 0 1.44103 0 0 0 0 0 0 0 0 0 0 0 0 0 0 
0 0 0.860826 0 0 0 0 0 0 0 0 0 0 0 0 0 0.860826 0 -7.48578 1.44103 0 0 1.44103 0 0 0 1.44103 0 0 0 0 0 0 0 0 0 0 0 0 0 0 0 0 0 0 0 0 0 0 0 1.44103 0 0 0 0 0 0 0 0 0 0 0 0 0 
0 0 0 0.860826 0 0 0 0 0 0 0 0 0 0 0 0 0 0.860826 0.860826 -9.06712 0 0 0 2.16155 0 0 0 2.16155 0 0 0 0 0 0 0 0 0 0 0 0 0 0 0 0 0 0 0 0 0 0 0 2.16155 0 0 0 0 0 0 0 0 0 0 0 0 
0 0 0 0 0.860826 0 0 0 0 0 0 0 0 0 0 0 0.860826 0 0 0 -7.48578 1.44103 1.44103 0 0 0 0 0 1.44103 0 0 0 0 0 0 0 0 0 0 0 0 0 0 0 0 0 0 0 0 0 0 0 1.44103 0 0 0 0 0 0 0 0 0 0 0 
0 0 0 0 0 0.860826 0 0 0 0 0 0 0 0 0 0 0 0.860826 0 0 0.860826 -9.06712 0 2.16155 0 0 0 0 0 2.16155 0 0 0 0 0 0 0 0 0 0 0 0 0 0 0 0 0 0 0 0 0 0 0 2.16155 0 0 0 0 0 0 0 0 0 0 
0 0 0 0 0 0 0.860826 0 0 0 0 0 0 0 0 0 0 0 0.860826 0 0.860826 0 -9.06712 2.16155 0 0 0 0 0 0 2.16155 0 0 0 0 0 0 0 0 0 0 0 0 0 0 0 0 0 0 0 0 0 0 0 2.16155 0 0 0 0 0 0 0 0 0 
0 0 0 0 0 0 0 0.860826 0 0 0 0 0 0 0 0 0 0 0 0.860826 0 0.860826 0.860826 -9.20743 0 0 0 0 0 0 0 2.88206 0 0 0 0 0 0 0 0 0 0 0 0 0 0 0 0 0 0 0 0 0 0 0 2.88206 0 0 0 0 0 0 0 0 
0 0 0 0 0 0 0 0 0.860826 0 0 0 0 0 0 0 0.860826 0 0 0 0 0 0 0 -7.48578 1.44103 1.44103 0 1.44103 0 0 0 0 0 0 0 0 0 0 0 0 0 0 0 0 0 0 0 0 0 0 0 0 0 0 0 1.44103 0 0 0 0 0 0 0 
0 0 0 0 0 0 0 0 0 0.860826 0 0 0 0 0 0 0 0.860826 0 0 0 0 0 0 0.860826 -9.06712 0 2.16155 0 2.16155 0 0 0 0 0 0 0 0 0 0 0 0 0 0 0 0 0 0 0 0 0 0 0 0 0 0 0 2.16155 0 0 0 0 0 0 
0 0 0 0 0 0 0 0 0 0 0.860826 0 0 0 0 0 0 0 0.860826 0 0 0 0 0 0.860826 0 -9.06712 2.16155 0 0 2.16155 0 0 0 0 0 0 0 0 0 0 0 0 0 0 0 0 0 0 0 0 0 0 0 0 0 0 0 2.16155 0 0 0 0 0 
0 0 0 0 0 0 0 0 0 0 0 0.860826 0 0 0 0 0 0 0 0.860826 0 0 0 0 0 0.860826 0.860826 -9.20743 0 0 0 2.88206 0 0 0 0 0 0 0 0 0 0 0 0 0 0 0 0 0 0 0 0 0 0 0 0 0 0 0 2.88206 0 0 0 0 
0 0 0 0 0 0 0 0 0 0 0 0 0.860826 0 0 0 0 0 0 0 0.860826 0 0 0 0.860826 0 0 0 -9.06712 2.16155 2.16155 0 0 0 0 0 0 0 0 0 0 0 0 0 0 0 0 0 0 0 0 0 0 0 0 0 0 0 0 0 2.16155 0 0 0 
0 0 0 0 0 0 0 0 0 0 0 0 0 0.860826 0 0 0 0 0 0 0 0.860826 0 0 0 0.860826 0 0 0.860826 -9.20743 0 2.88206 0 0 0 0 0 0 0 0 0 0 0 0 0 0 0 0 0 0 0 0 0 0 0 0 0 0 0 0 0 2.88206 0 0 
0 0 0 0 0 0 0 0 0 0 0 0 0 0 0.860826 0 0 0 0 0 0 0 0.860826 0 0 0 0.860826 0 0.860826 0 -9.20743 2.88206 0 0 0 0 0 0 0 0 0 0 0 0 0 0 0 0 0 0 0 0 0 0 0 0 0 0 0 0 0 0 2.88206 0 
0 0 0 0 0 0 0 0 0 0 0 0 0 0 0 0.860826 0 0 0 0 0 0 0 0.860826 0 0 0 0.860826 0 0.860826 0.860826 -7.90671 0 0 0 0 0 0 0 0 0 0 0 0 0 0 0 0 0 0 0 0 0 0 0 0 0 0 0 0 0 0 0 3.60258 
0.860826 0 0 0 0 0 0 0 0 0 0 0 0 0 0 0 0 0 0 0 0 0 0 0 0 0 0 0 0 0 0 0 -4.46341 0.720516 0.720516 0 0.720516 0 0 0 0.720516 0 0 0 0 0 0 0 0.720516 0 0 0 0 0 0 0 0 0 0 0 0 0 0 0 
0 0.860826 0 0 0 0 0 0 0 0 0 0 0 0 0 0 0 0 0 0 0 0 0 0 0 0 0 0 0 0 0 0 0.860826 -7.48578 0 1.44103 0 1.44103 0 0 0 1.44103 0 0 0 0 0 0 0 1.44103 0 0 0 0 0 0 0 0 0 0 0 0 0 0 
0 0 0.860826 0 0 0 0 0 0 0 0 0 0 0 0 0 0 0 0 0 0 0 0 0 0 0 0 0 0 0 0 0 0.860826 0 -7.48578 1.44103 0 0 1.44103 0 0 0 1.44103 0 0 0 0 0 0 0 1.44103 0 0 0 0 0 0 0 0 0 0 0 0 0 
0 0 0 0.860826 0 0 0 0 0 0 0 0 0 0 0 0 0 0 0 0 0 0 0 0 0 0 0 0 0 0 0 0 0 0.860826 0.860826 -9.06712 0 0 0 2.16155 0 0 0 2.16155 0 0 0 0 0 0 0 2.16155 0 0 0 0 0 0 0 0 0 0 0 0 
0 0 0 0 0.860826 0 0 0 0 0 0 0 0 0 0 0 0 0 0 0 0 0 0 0 0 0 0 0 0 0 0 0 0.860826 0 0 0 -7.48578 1.44103 1.44103 0 0 0 0 0 1.44103 0 0 0 0 0 0 0 1.44103 0 0 0 0 0 0 0 0 0 0 0 
0 0 0 0 0 0.860826 0 0 0 0 0 0 0 0 0 0 0 0 0 0 0 0 0 0 0 0 0 0 0 0 0 0 0 0.860826 0 0 0.860826 -9.06712 0 2.16155 0 0 0 0 0 2.16155 0 0 0 0 0 0 0 2.16155 0 0 0 0 0 0 0 0 0 0 
0 0 0 0 0 0 0.860826 0 0 0 0 0 0 0 0 0 0 0 0 0 0 0 0 0 0 0 0 0 0 0 0 0 0 0 0.860826 0 0.860826 0 -9.06712 2.16155 0 0 0 0 0 0 2.16155 0 0 0 0 0 0 0 2.16155 0 0 0 0 0 0 0 0 0 
0 0 0 0 0 0 0 0.860826 0 0 0 0 0 0 0 0 0 0 0 0 0 0 0 0 0 0 0 0 0 0 0 0 0 0 0 0.860826 0 0.860826 0.860826 -9.20743 0 0 0 0 0 0 0 2.88206 0 0 0 0 0 0 0 2.88206 0 0 0 0 0 0 0 0 
0 0 0 0 0 0 0 0 0.860826 0 0 0 0 0 0 0 0 0 0 0 0 0 0 0 0 0 0 0 0 0 0 0 0.860826 0 0 0 0 0 0 0 -7.48578 1.44103 1.44103 0 1.44103 0 0 0 0 0 0 0 0 0 0 0 1.44103 0 0 0 0 0 0 0 
0 0 0 0 0 0 0 0 0 0.860826 0 0 0 0 0 0 0 0 0 0 0 0 0 0 0 0 0 0 0 0 0 0 0 0.860826 0 0 0 0 0 0 0.860826 -9.06712 0 2.16155 0 2.16155 0 0 0 0 0 0 0 0 0 0 0 2.16155 0 0 0 0 0 0 
0 0 0 0 0 0 0 0 0 0 0.860826 0 0 0 0 0 0 0 0 0 0 0 0 0 0 0 0 0 0 0 0 0 0 0 0.860826 0 0 0 0 0 0.860826 0 -9.06712 2.16155 0 0 2.16155 0 0 0 0 0 0 0 0 0 0 0 2.16155 0 0 0 0 0 
0 0 0 0 0 0 0 0 0 0 0 0.860826 0 0 0 0 0 0 0 0 0 0 0 0 0 0 0 0 0 0 0 0 0 0 0 0.860826 0 0 0 0 0 0.860826 0.860826 -9.20743 0 0 0 2.88206 0 0 0 0 0 0 0 0 0 0 0 2.88206 0 0 0 0 
0 0 0 0 0 0 0 0 0 0 0 0 0.860826 0 0 0 0 0 0 0 0 0 0 0 0 0 0 0 0 0 0 0 0 0 0 0 0.860826 0 0 0 0.860826 0 0 0 -9.06712 2.16155 2.16155 0 0 0 0 0 0 0 0 0 0 0 0 0 2.16155 0 0 0 
0 0 0 0 0 0 0 0 0 0 0 0 0 0.860826 0 0 0 0 0 0 0 0 0 0 0 0 0 0 0 0 0 0 0 0 0 0 0 0.860826 0 0 0 0.860826 0 0 0.860826 -9.20743 0 2.88206 0 0 0 0 0 0 0 0 0 0 0 0 0 2.88206 0 0 
0 0 0 0 0 0 0 0 0 0 0 0 0 0 0.860826 0 0 0 0 0 0 0 0 0 0 0 0 0 0 0 0 0 0 0 0 0 0 0 0.860826 0 0 0 0.860826 0 0.860826 0 -9.20743 2.88206 0 0 0 0 0 0 0 0 0 0 0 0 0 0 2.88206 0 
0 0 0 0 0 0 0 0 0 0 0 0 0 0 0 0.860826 0 0 0 0 0 0 0 0 0 0 0 0 0 0 0 0 0 0 0 0 0 0 0 0.860826 0 0 0 0.860826 0 0.860826 0.860826 -7.90671 0 0 0 0 0 0 0 0 0 0 0 0 0 0 0 3.60258 
0 0 0 0 0 0 0 0 0 0 0 0 0 0 0 0 0.860826 0 0 0 0 0 0 0 0 0 0 0 0 0 0 0 0.860826 0 0 0 0 0 0 0 0 0 0 0 0 0 0 0 -7.48578 1.44103 1.44103 0 1.44103 0 0 0 1.44103 0 0 0 0 0 0 0 
0 0 0 0 0 0 0 0 0 0 0 0 0 0 0 0 0 0.860826 0 0 0 0 0 0 0 0 0 0 0 0 0 0 0 0.860826 0 0 0 0 0 0 0 0 0 0 0 0 0 0 0.860826 -9.06712 0 2.16155 0 2.16155 0 0 0 2.16155 0 0 0 0 0 0 
0 0 0 0 0 0 0 0 0 0 0 0 0 0 0 0 0 0 0.860826 0 0 0 0 0 0 0 0 0 0 0 0 0 0 0 0.860826 0 0 0 0 0 0 0 0 0 0 0 0 0 0.860826 0 -9.06712 2.16155 0 0 2.16155 0 0 0 2.16155 0 0 0 0 0 
0 0 0 0 0 0 0 0 0 0 0 0 0 0 0 0 0 0 0 0.860826 0 0 0 0 0 0 0 0 0 0 0 0 0 0 0 0.860826 0 0 0 0 0 0 0 0 0 0 0 0 0 0.860826 0.860826 -9.20743 0 0 0 2.88206 0 0 0 2.88206 0 0 0 0 
0 0 0 0 0 0 0 0 0 0 0 0 0 0 0 0 0 0 0 0 0.860826 0 0 0 0 0 0 0 0 0 0 0 0 0 0 0 0.860826 0 0 0 0 0 0 0 0 0 0 0 0.860826 0 0 0 -9.06712 2.16155 2.16155 0 0 0 0 0 2.16155 0 0 0 
0 0 0 0 0 0 0 0 0 0 0 0 0 0 0 0 0 0 0 0 0 0.860826 0 0 0 0 0 0 0 0 0 0 0 0 0 0 0 0.860826 0 0 0 0 0 0 0 0 0 0 0 0.860826 0 0 0.860826 -9.20743 0 2.88206 0 0 0 0 0 2.88206 0 0 
0 0 0 0 0 0 0 0 0 0 0 0 0 0 0 0 0 0 0 0 0 0 0.860826 0 0 0 0 0 0 0 0 0 0 0 0 0 0 0 0.860826 0 0 0 0 0 0 0 0 0 0 0 0.860826 0 0.860826 0 -9.20743 2.88206 0 0 0 0 0 0 2.88206 0 
0 0 0 0 0 0 0 0 0 0 0 0 0 0 0 0 0 0 0 0 0 0 0 0.860826 0 0 0 0 0 0 0 0 0 0 0 0 0 0 0 0.860826 0 0 0 0 0 0 0 0 0 0 0 0.860826 0 0.860826 0.860826 -7.90671 0 0 0 0 0 0 0 3.60258 
0 0 0 0 0 0 0 0 0 0 0 0 0 0 0 0 0 0 0 0 0 0 0 0 0.860826 0 0 0 0 0 0 0 0 0 0 0 0 0 0 0 0.860826 0 0 0 0 0 0 0 0.860826 0 0 0 0 0 0 0 -9.06712 2.16155 2.16155 0 2.16155 0 0 0 
0 0 0 0 0 0 0 0 0 0 0 0 0 0 0 0 0 0 0 0 0 0 0 0 0 0.860826 0 0 0 0 0 0 0 0 0 0 0 0 0 0 0 0.860826 0 0 0 0 0 0 0 0.860826 0 0 0 0 0 0 0.860826 -9.20743 0 2.88206 0 2.88206 0 0 
0 0 0 0 0 0 0 0 0 0 0 0 0 0 0 0 0 0 0 0 0 0 0 0 0 0 0.860826 0 0 0 0 0 0 0 0 0 0 0 0 0 0 0 0.860826 0 0 0 0 0 0 0 0.860826 0 0 0 0 0 0.860826 0 -9.20743 2.88206 0 0 2.88206 0 
0 0 0 0 0 0 0 0 0 0 0 0 0 0 0 0 0 0 0 0 0 0 0 0 0 0 0 0.860826 0 0 0 0 0 0 0 0 0 0 0 0 0 0 0 0.860826 0 0 0 0 0 0 0 0.860826 0 0 0 0 0 0.860826 0.860826 -7.90671 0 0 0 3.60258 
0 0 0 0 0 0 0 0 0 0 0 0 0 0 0 0 0 0 0 0 0 0 0 0 0 0 0 0 0.860826 0 0 0 0 0 0 0 0 0 0 0 0 0 0 0 0.860826 0 0 0 0 0 0 0 0.860826 0 0 0 0.860826 0 0 0 -9.20743 2.88206 2.88206 0 
0 0 0 0 0 0 0 0 0 0 0 0 0 0 0 0 0 0 0 0 0 0 0 0 0 0 0 0 0 0.860826 0 0 0 0 0 0 0 0 0 0 0 0 0 0 0 0.860826 0 0 0 0 0 0 0 0.860826 0 0 0 0.860826 0 0 0.860826 -7.90671 0 3.60258 
0 0 0 0 0 0 0 0 0 0 0 0 0 0 0 0 0 0 0 0 0 0 0 0 0 0 0 0 0 0 0.860826 0 0 0 0 0 0 0 0 0 0 0 0 0 0 0 0.860826 0 0 0 0 0 0 0 0.860826 0 0 0 0.860826 0 0.860826 0 -7.90671 3.60258 
0 0 0 0 0 0 0 0 0 0 0 0 0 0 0 0 0 0 0 0 0 0 0 0 0 0 0 0 0 0 0 0.860826 0 0 0 0 0 0 0 0 0 0 0 0 0 0 0 0.860826 0 0 0 0 0 0 0 0.860826 0 0 0 0.860826 0 0.860826 0.860826 -5.16495 
