32
-0 0 0 0 0 0 0 0 0 0 0 0 0 0 0 0 0 0 0 0 0 0 0 0 0 0 0 0 0 0 0 0 
0.197761 -1.18357 0 0.246452 0 0.246452 0 0 0 0.246452 0 0 0 0 0 0 0 0.246452 0 0 0 0 0 0 0 0 0 0 0 0 0 0 
0.197761 0 -1.18357 0.246452 0 0 0.246452 0 0 0 0.246452 0 0 0 0 0 0 0 0.246452 0 0 0 0 0 0 0 0 0 0 0 0 0 
0 0.197761 0.197761 -1.87423 0 0 0 0.492904 0 0 0 0.492904 0 0 0 0 0 0 0 0.492904 0 0 0 0 0 0 0 0 0 0 0 0 
0.197761 0 0 0 -1.18357 0.246452 0.246452 0 0 0 0 0 0.246452 0 0 0 0 0 0 0 0.246452 0 0 0 0 0 0 0 0 0 0 0 
0 0.197761 0 0 0.197761 -1.87423 0 0.492904 0 0 0 0 0 0.492904 0 0 0 0 0 0 0 0.492904 0 0 0 0 0 0 0 0 0 0 
0 0 0.197761 0 0.197761 0 -1.87423 0.492904 0 0 0 0 0 0 0.492904 0 0 0 0 0 0 0 0.492904 0 0 0 0 0 0 0 0 0 
0 0 0 0.197761 0 0.197761 0.197761 -2.07199 0 0 0 0 0 0 0 0.739355 0 0 0 0 0 0 0 0.739355 0 0 0 0 0 0 0 0 
0.197761 0 0 0 0 0 0 0 -1.18357 0.246452 0.246452 0 0.246452 0 0 0 0 0 0 0 0 0 0 0 0.246452 0 0 0 0 0 0 0 
0 0.197761 0 0 0 0 0 0 0.197761 -1.87423 0 0.492904 0 0.492904 0 0 0 0 0 0 0 0 0 0 0 0.492904 0 0 0 0 0 0 
0 0 0.197761 0 0 0 0 0 0.197761 0 -1.87423 0.492904 0 0 0.492904 0 0 0 0 0 0 0 0 0 0 0 0.492904 0 0 0 0 0 
0 0 0 0.197761 0 0 0 0 0 0.197761 0.197761 -2.07199 0 0 0 0.739355 0 0 0 0 0 0 0 0 0 0 0 0.739355 0 0 0 0 
0 0 0 0 0.197761 0 0 0 0.197761 0 0 0 -1.87423 0.492904 0.492904 0 0 0 0 0 0 0 0 0 0 0 0 0 0.492904 0 0 0 
0 0 0 0 0 0.197761 0 0 0 0.197761 0 0 0.197761 -2.07199 0 0.739355 0 0 0 0 0 0 0 0 0 0 0 0 0 0.739355 0 0 
0 0 0 0 0 0 0.197761 0 0 0 0.197761 0 0.197761 0 -2.07199 0.739355 0 0 0 0 0 0 0 0 0 0 0 0 0 0 0.739355 0 
0 0 0 0 0 0 0 0.197761 0 0 0 0.197761 0 0.197761 0.197761 -1.77685 0 0 0 0 0 0 0 0 0 0 0 0 0 0 0 0.985807 
0.197761 0 0 0 0 0 0 0 0 0 0 0 0 0 0 0 -1.18357 0.246452 0.246452 0 0.246452 0 0 0 0.246452 0 0 0 0 0 0 0 
0 0.197761 0 0 0 0 0 0 0 0 0 0 0 0 0 0 0.197761 -1.87423 0 0.492904 0 0.492904 0 0 0 0.492904 0 0 0 0 0 0 
0 0 0.197761 0 0 0 0 0 0 0 0 0 0 0 0 0 0.197761 0 -1.87423 0.492904 0 0 0.492904 0 0 0 0.492904 0 0 0 0 0 
0 0 0 0.197761 0 0 0 0 0 0 0 0 0 0 0 0 0 0.197761 0.197761 -2.07199 0 0 0 0.739355 0 0 0 0.739355 0 0 0 0 
0 0 0 0 0.197761 0 0 0 0 0 0 0 0 0 0 0 0.197761 0 0 0 -1.87423 0.492904 0.492904 0 0 0 0 0 0.492904 0 0 0 
0 0 0 0 0 0.197761 0 0 0 0 0 0 0 0 0 0 0 0.197761 0 0 0.197761 -2.07199 0 0.739355 0 0 0 0 0 0.739355 0 0 
0 0 0 0 0 0 0.197761 0 0 0 0 0 0 0 0 0 0 0 0.197761 0 0.197761 0 -2.07199 0.739355 0 0 0 0 0 0 0.739355 0 
0 0 0 0 0 0 0 0.197761 0 0 0 0 0 0 0 0 0 0 0 0.197761 0 0.197761 0.197761 -1.77685 0 0 0 0 0 0 0 0.985807 
0 0 0 0 0 0 0 0 0.197761 0 0 0 0 0 0 0 0.197761 0 0 0 0 0 0 0 -1.87423 0.492904 0.492904 0 0.492904 0 0 0 
0 0 0 0 0 0 0 0 0 0.197761 0 0 0 0 0 0 0 0.197761 0 0 0 0 0 0 0.197761 -2.07199 0 0.739355 0 0.739355 0 0 
0 0 0 0 0 0 0 0 0 0 0.197761 0 0 0 0 0 0 0 0.197761 0 0 0 0 0 0.197761 0 -2.07199 0.739355 0 0 0.739355 0 
0 0 0 0 0 0 0 0 0 0 0 0.197761 0 0 0 0 0 0 0 0.197761 0 0 0 0 0 0.197761 0.197761 -1.77685 0 0 0 0.985807 
0 0 0 0 0 0 0 0 0 0 0 0 0.197761 0 0 0 0 0 0 0 0.197761 0 0 0 0.197761 0 0 0 -2.07199 0.739355 0.739355 0 
0 0 0 0 0 0 0 0 0 0 0 0 0 0.197761 0 0 0 0 0 0 0 0.197761 0 0 0 0.197761 0 0 0.197761 -1.77685 0 0.985807 
0 0 0 0 0 0 0 0 0 0 0 0 0 0 0.197761 0 0 0 0 0 0 0 0.197761 0 0 0 0.197761 0 0.197761 0 -1.77685 0.985807 
0 0 0 0 0 0 0 0 0 0 0 0 0 0 0 0.197761 0 0 0 0 0 0 0 0.197761 0 0 0 0.197761 0 0.197761 0.197761 -0.988805 
