32
-0 0 0 0 0 0 0 0 0 0 0 0 0 0 0 0 0 0 0 0 0 0 0 0 0 0 0 0 0 0 0 0 
0.216875 -1.45219 0 0.308828 0 0.308828 0 0 0 0.308828 0 0 0 0 0 0 0 0.308828 0 0 0 0 0 0 0 0 0 0 0 0 0 0 
0.216875 0 -1.45219 0.308828 0 0 0.308828 0 0 0 0.308828 0 0 0 0 0 0 0 0.308828 0 0 0 0 0 0 0 0 0 0 0 0 0 
0 0.216875 0.216875 -2.28672 0 0 0 0.617655 0 0 0 0.617655 0 0 0 0 0 0 0 0.617655 0 0 0 0 0 0 0 0 0 0 0 0 
0.216875 0 0 0 -1.45219 0.308828 0.308828 0 0 0 0 0 0.308828 0 0 0 0 0 0 0 0.308828 0 0 0 0 0 0 0 0 0 0 0 
0 0.216875 0 0 0.216875 -2.28672 0 0.617655 0 0 0 0 0 0.617655 0 0 0 0 0 0 0 0.617655 0 0 0 0 0 0 0 0 0 0 
0 0 0.216875 0 0.216875 0 -2.28672 0.617655 0 0 0 0 0 0 0.617655 0 0 0 0 0 0 0 0.617655 0 0 0 0 0 0 0 0 0 
0 0 0 0.216875 0 0.216875 0.216875 -2.50359 0 0 0 0 0 0 0 0.926483 0 0 0 0 0 0 0 0.926483 0 0 0 0 0 0 0 0 
0.216875 0 0 0 0 0 0 0 -1.45219 0.308828 0.308828 0 0.308828 0 0 0 0 0 0 0 0 0 0 0 0.308828 0 0 0 0 0 0 0 
0 0.216875 0 0 0 0 0 0 0.216875 -2.28672 0 0.617655 0 0.617655 0 0 0 0 0 0 0 0 0 0 0 0.617655 0 0 0 0 0 0 
0 0 0.216875 0 0 0 0 0 0.216875 0 -2.28672 0.617655 0 0 0.617655 0 0 0 0 0 0 0 0 0 0 0 0.617655 0 0 0 0 0 
0 0 0 0.216875 0 0 0 0 0 0.216875 0.216875 -2.50359 0 0 0 0.926483 0 0 0 0 0 0 0 0 0 0 0 0.926483 0 0 0 0 
0 0 0 0 0.216875 0 0 0 0.216875 0 0 0 -2.28672 0.617655 0.617655 0 0 0 0 0 0 0 0 0 0 0 0 0 0.617655 0 0 0 
0 0 0 0 0 0.216875 0 0 0 0.216875 0 0 0.216875 -2.50359 0 0.926483 0 0 0 0 0 0 0 0 0 0 0 0 0 0.926483 0 0 
0 0 0 0 0 0 0.216875 0 0 0 0.216875 0 0.216875 0 -2.50359 0.926483 0 0 0 0 0 0 0 0 0 0 0 0 0 0 0.926483 0 
0 0 0 0 0 0 0 0.216875 0 0 0 0.216875 0 0.216875 0.216875 -2.10281 0 0 0 0 0 0 0 0 0 0 0 0 0 0 0 1.23531 
0.216875 0 0 0 0 0 0 0 0 0 0 0 0 0 0 0 -1.45219 0.308828 0.308828 0 0.308828 0 0 0 0.308828 0 0 0 0 0 0 0 
0 0.216875 0 0 0 0 0 0 0 0 0 0 0 0 0 0 0.216875 -2.28672 0 0.617655 0 0.617655 0 0 0 0.617655 0 0 0 0 0 0 
0 0 0.216875 0 0 0 0 0 0 0 0 0 0 0 0 0 0.216875 0 -2.28672 0.617655 0 0 0.617655 0 0 0 0.617655 0 0 0 0 0 
0 0 0 0.216875 0 0 0 0 0 0 0 0 0 0 0 0 0 0.216875 0.216875 -2.50359 0 0 0 0.926483 0 0 0 0.926483 0 0 0 0 
0 0 0 0 0.216875 0 0 0 0 0 0 0 0 0 0 0 0.216875 0 0 0 -2.28672 0.617655 0.617655 0 0 0 0 0 0.617655 0 0 0 
0 0 0 0 0 0.216875 0 0 0 0 0 0 0 0 0 0 0 0.216875 0 0 0.216875 -2.50359 0 0.926483 0 0 0 0 0 0.926483 0 0 
0 0 0 0 0 0 0.216875 0 0 0 0 0 0 0 0 0 0 0 0.216875 0 0.216875 0 -2.50359 0.926483 0 0 0 0 0 0 0.926483 0 
0 0 0 0 0 0 0 0.216875 0 0 0 0 0 0 0 0 0 0 0 0.216875 0 0.216875 0.216875 -2.10281 0 0 0 0 0 0 0 1.23531 
0 0 0 0 0 0 0 0 0.216875 0 0 0 0 0 0 0 0.216875 0 0 0 0 0 0 0 -2.28672 0.617655 0.617655 0 0.617655 0 0 0 
0 0 0 0 0 0 0 0 0 0.216875 0 0 0 0 0 0 0 0.216875 0 0 0 0 0 0 0.216875 -2.50359 0 0.926483 0 0.926483 0 0 
0 0 0 0 0 0 0 0 0 0 0.216875 0 0 0 0 0 0 0 0.216875 0 0 0 0 0 0.216875 0 -2.50359 0.926483 0 0 0.926483 0 
0 0 0 0 0 0 0 0 0 0 0 0.216875 0 0 0 0 0 0 0 0.216875 0 0 0 0 0 0.216875 0.216875 -2.10281 0 0 0 1.23531 
0 0 0 0 0 0 0 0 0 0 0 0 0.216875 0 0 0 0 0 0 0 0.216875 0 0 0 0.216875 0 0 0 -2.50359 0.926483 0.926483 0 
0 0 0 0 0 0 0 0 0 0 0 0 0 0.216875 0 0 0 0 0 0 0 0.216875 0 0 0 0.216875 0 0 0.216875 -2.10281 0 1.23531 
0 0 0 0 0 0 0 0 0 0 0 0 0 0 0.216875 0 0 0 0 0 0 0 0.216875 0 0 0 0.216875 0 0.216875 0 -2.10281 1.23531 
0 0 0 0 0 0 0 0 0 0 0 0 0 0 0 0.216875 0 0 0 0 0 0 0 0.216875 0 0 0 0.216875 0 0.216875 0.216875 -1.08437 
