32
-0 0 0 0 0 0 0 0 0 0 0 0 0 0 0 0 0 0 0 0 0 0 0 0 0 0 0 0 0 0 0 0 
0.297394 -1.65839 0 0.340249 0 0.340249 0 0 0 0.340249 0 0 0 0 0 0 0 0.340249 0 0 0 0 0 0 0 0 0 0 0 0 0 0 
0.297394 0 -1.65839 0.340249 0 0 0.340249 0 0 0 0.340249 0 0 0 0 0 0 0 0.340249 0 0 0 0 0 0 0 0 0 0 0 0 0 
0 0.297394 0.297394 -2.63628 0 0 0 0.680497 0 0 0 0.680497 0 0 0 0 0 0 0 0.680497 0 0 0 0 0 0 0 0 0 0 0 0 
0.297394 0 0 0 -1.65839 0.340249 0.340249 0 0 0 0 0 0.340249 0 0 0 0 0 0 0 0.340249 0 0 0 0 0 0 0 0 0 0 0 
0 0.297394 0 0 0.297394 -2.63628 0 0.680497 0 0 0 0 0 0.680497 0 0 0 0 0 0 0 0.680497 0 0 0 0 0 0 0 0 0 0 
0 0 0.297394 0 0.297394 0 -2.63628 0.680497 0 0 0 0 0 0 0.680497 0 0 0 0 0 0 0 0.680497 0 0 0 0 0 0 0 0 0 
0 0 0 0.297394 0 0.297394 0.297394 -2.93367 0 0 0 0 0 0 0 1.02075 0 0 0 0 0 0 0 1.02075 0 0 0 0 0 0 0 0 
0.297394 0 0 0 0 0 0 0 -1.65839 0.340249 0.340249 0 0.340249 0 0 0 0 0 0 0 0 0 0 0 0.340249 0 0 0 0 0 0 0 
0 0.297394 0 0 0 0 0 0 0.297394 -2.63628 0 0.680497 0 0.680497 0 0 0 0 0 0 0 0 0 0 0 0.680497 0 0 0 0 0 0 
0 0 0.297394 0 0 0 0 0 0.297394 0 -2.63628 0.680497 0 0 0.680497 0 0 0 0 0 0 0 0 0 0 0 0.680497 0 0 0 0 0 
0 0 0 0.297394 0 0 0 0 0 0.297394 0.297394 -2.93367 0 0 0 1.02075 0 0 0 0 0 0 0 0 0 0 0 1.02075 0 0 0 0 
0 0 0 0 0.297394 0 0 0 0.297394 0 0 0 -2.63628 0.680497 0.680497 0 0 0 0 0 0 0 0 0 0 0 0 0 0.680497 0 0 0 
0 0 0 0 0 0.297394 0 0 0 0.297394 0 0 0.297394 -2.93367 0 1.02075 0 0 0 0 0 0 0 0 0 0 0 0 0 1.02075 0 0 
0 0 0 0 0 0 0.297394 0 0 0 0.297394 0 0.297394 0 -2.93367 1.02075 0 0 0 0 0 0 0 0 0 0 0 0 0 0 1.02075 0 
0 0 0 0 0 0 0 0.297394 0 0 0 0.297394 0 0.297394 0.297394 -2.55057 0 0 0 0 0 0 0 0 0 0 0 0 0 0 0 1.36099 
0.297394 0 0 0 0 0 0 0 0 0 0 0 0 0 0 0 -1.65839 0.340249 0.340249 0 0.340249 0 0 0 0.340249 0 0 0 0 0 0 0 
0 0.297394 0 0 0 0 0 0 0 0 0 0 0 0 0 0 0.297394 -2.63628 0 0.680497 0 0.680497 0 0 0 0.680497 0 0 0 0 0 0 
0 0 0.297394 0 0 0 0 0 0 0 0 0 0 0 0 0 0.297394 0 -2.63628 0.680497 0 0 0.680497 0 0 0 0.680497 0 0 0 0 0 
0 0 0 0.297394 0 0 0 0 0 0 0 0 0 0 0 0 0 0.297394 0.297394 -2.93367 0 0 0 1.02075 0 0 0 1.02075 0 0 0 0 
0 0 0 0 0.297394 0 0 0 0 0 0 0 0 0 0 0 0.297394 0 0 0 -2.63628 0.680497 0.680497 0 0 0 0 0 0.680497 0 0 0 
0 0 0 0 0 0.297394 0 0 0 0 0 0 0 0 0 0 0 0.297394 0 0 0.297394 -2.93367 0 1.02075 0 0 0 0 0 1.02075 0 0 
0 0 0 0 0 0 0.297394 0 0 0 0 0 0 0 0 0 0 0 0.297394 0 0.297394 0 -2.93367 1.02075 0 0 0 0 0 0 1.02075 0 
0 0 0 0 0 0 0 0.297394 0 0 0 0 0 0 0 0 0 0 0 0.297394 0 0.297394 0.297394 -2.55057 0 0 0 0 0 0 0 1.36099 
0 0 0 0 0 0 0 0 0.297394 0 0 0 0 0 0 0 0.297394 0 0 0 0 0 0 0 -2.63628 0.680497 0.680497 0 0.680497 0 0 0 
0 0 0 0 0 0 0 0 0 0.297394 0 0 0 0 0 0 0 0.297394 0 0 0 0 0 0 0.297394 -2.93367 0 1.02075 0 1.02075 0 0 
0 0 0 0 0 0 0 0 0 0 0.297394 0 0 0 0 0 0 0 0.297394 0 0 0 0 0 0.297394 0 -2.93367 1.02075 0 0 1.02075 0 
0 0 0 0 0 0 0 0 0 0 0 0.297394 0 0 0 0 0 0 0 0.297394 0 0 0 0 0 0.297394 0.297394 -2.55057 0 0 0 1.36099 
0 0 0 0 0 0 0 0 0 0 0 0 0.297394 0 0 0 0 0 0 0 0.297394 0 0 0 0.297394 0 0 0 -2.93367 1.02075 1.02075 0 
0 0 0 0 0 0 0 0 0 0 0 0 0 0.297394 0 0 0 0 0 0 0 0.297394 0 0 0 0.297394 0 0 0.297394 -2.55057 0 1.36099 
0 0 0 0 0 0 0 0 0 0 0 0 0 0 0.297394 0 0 0 0 0 0 0 0.297394 0 0 0 0.297394 0 0.297394 0 -2.55057 1.36099 
0 0 0 0 0 0 0 0 0 0 0 0 0 0 0 0.297394 0 0 0 0 0 0 0 0.297394 0 0 0 0.297394 0 0.297394 0.297394 -1.48697 
