64
-0 0 0 0 0 0 0 0 0 0 0 0 0 0 0 0 0 0 0 0 0 0 0 0 0 0 0 0 0 0 0 0 0 0 0 0 0 0 0 0 0 0 0 0 0 0 0 0 0 0 0 0 0 0 0 0 0 0 0 0 0 0 0 0 
0.890657 -4.25478 0 0.672825 0 0.672825 0 0 0 0.672825 0 0 0 0 0 0 0 0.672825 0 0 0 0 0 0 0 0 0 0 0 0 0 0 0 0.672825 0 0 0 0 0 0 0 0 0 0 0 0 0 0 0 0 0 0 0 0 0 0 0 0 0 0 0 0 0 0 
0.890657 0 -4.25478 0.672825 0 0 0.672825 0 0 0 0.672825 0 0 0 0 0 0 0 0.672825 0 0 0 0 0 0 0 0 0 0 0 0 0 0 0 0.672825 0 0 0 0 0 0 0 0 0 0 0 0 0 0 0 0 0 0 0 0 0 0 0 0 0 0 0 0 0 
0 0.890657 0.890657 -7.16392 0 0 0 1.34565 0 0 0 1.34565 0 0 0 0 0 0 0 1.34565 0 0 0 0 0 0 0 0 0 0 0 0 0 0 0 1.34565 0 0 0 0 0 0 0 0 0 0 0 0 0 0 0 0 0 0 0 0 0 0 0 0 0 0 0 0 
0.890657 0 0 0 -4.25478 0.672825 0.672825 0 0 0 0 0 0.672825 0 0 0 0 0 0 0 0.672825 0 0 0 0 0 0 0 0 0 0 0 0 0 0 0 0.672825 0 0 0 0 0 0 0 0 0 0 0 0 0 0 0 0 0 0 0 0 0 0 0 0 0 0 0 
0 0.890657 0 0 0.890657 -7.16392 0 1.34565 0 0 0 0 0 1.34565 0 0 0 0 0 0 0 1.34565 0 0 0 0 0 0 0 0 0 0 0 0 0 0 0 1.34565 0 0 0 0 0 0 0 0 0 0 0 0 0 0 0 0 0 0 0 0 0 0 0 0 0 0 
0 0 0.890657 0 0.890657 0 -7.16392 1.34565 0 0 0 0 0 0 1.34565 0 0 0 0 0 0 0 1.34565 0 0 0 0 0 0 0 0 0 0 0 0 0 0 0 1.34565 0 0 0 0 0 0 0 0 0 0 0 0 0 0 0 0 0 0 0 0 0 0 0 0 0 
0 0 0 0.890657 0 0.890657 0.890657 -8.7274 0 0 0 0 0 0 0 2.01848 0 0 0 0 0 0 0 2.01848 0 0 0 0 0 0 0 0 0 0 0 0 0 0 0 2.01848 0 0 0 0 0 0 0 0 0 0 0 0 0 0 0 0 0 0 0 0 0 0 0 0 
0.890657 0 0 0 0 0 0 0 -4.25478 0.672825 0.672825 0 0.672825 0 0 0 0 0 0 0 0 0 0 0 0.672825 0 0 0 0 0 0 0 0 0 0 0 0 0 0 0 0.672825 0 0 0 0 0 0 0 0 0 0 0 0 0 0 0 0 0 0 0 0 0 0 0 
0 0.890657 0 0 0 0 0 0 0.890657 -7.16392 0 1.34565 0 1.34565 0 0 0 0 0 0 0 0 0 0 0 1.34565 0 0 0 0 0 0 0 0 0 0 0 0 0 0 0 1.34565 0 0 0 0 0 0 0 0 0 0 0 0 0 0 0 0 0 0 0 0 0 0 
0 0 0.890657 0 0 0 0 0 0.890657 0 -7.16392 1.34565 0 0 1.34565 0 0 0 0 0 0 0 0 0 0 0 1.34565 0 0 0 0 0 0 0 0 0 0 0 0 0 0 0 1.34565 0 0 0 0 0 0 0 0 0 0 0 0 0 0 0 0 0 0 0 0 0 
0 0 0 0.890657 0 0 0 0 0 0.890657 0.890657 -8.7274 0 0 0 2.01848 0 0 0 0 0 0 0 0 0 0 0 2.01848 0 0 0 0 0 0 0 0 0 0 0 0 0 0 0 2.01848 0 0 0 0 0 0 0 0 0 0 0 0 0 0 0 0 0 0 0 0 
0 0 0 0 0.890657 0 0 0 0.890657 0 0 0 -7.16392 1.34565 1.34565 0 0 0 0 0 0 0 0 0 0 0 0 0 1.34565 0 0 0 0 0 0 0 0 0 0 0 0 0 0 0 1.34565 0 0 0 0 0 0 0 0 0 0 0 0 0 0 0 0 0 0 0 
0 0 0 0 0 0.890657 0 0 0 0.890657 0 0 0.890657 -8.7274 0 2.01848 0 0 0 0 0 0 0 0 0 0 0 0 0 2.01848 0 0 0 0 0 0 0 0 0 0 0 0 0 0 0 2.01848 0 0 0 0 0 0 0 0 0 0 0 0 0 0 0 0 0 0 
0 0 0 0 0 0 0.890657 0 0 0 0.890657 0 0.890657 0 -8.7274 2.01848 0 0 0 0 0 0 0 0 0 0 0 0 0 0 2.01848 0 0 0 0 0 0 0 0 0 0 0 0 0 0 0 2.01848 0 0 0 0 0 0 0 0 0 0 0 0 0 0 0 0 0 
0 0 0 0 0 0 0 0.890657 0 0 0 0.890657 0 0.890657 0.890657 -8.94523 0 0 0 0 0 0 0 0 0 0 0 0 0 0 0 2.6913 0 0 0 0 0 0 0 0 0 0 0 0 0 0 0 2.6913 0 0 0 0 0 0 0 0 0 0 0 0 0 0 0 0 
0.890657 0 0 0 0 0 0 0 0 0 0 0 0 0 0 0 -4.25478 0.672825 0.672825 0 0.672825 0 0 0 0.672825 0 0 0 0 0 0 0 0 0 0 0 0 0 0 0 0 0 0 0 0 0 0 0 0.672825 0 0 0 0 0 0 0 0 0 0 0 0 0 0 0 
0 0.890657 0 0 0 0 0 0 0 0 0 0 0 0 0 0 0.890657 -7.16392 0 1.34565 0 1.34565 0 0 0 1.34565 0 0 0 0 0 0 0 0 0 0 0 0 0 0 0 0 0 0 0 0 0 0 0 1.34565 0 0 0 0 0 0 0 0 0 0 0 0 0 0 
0 0 0.890657 0 0 0 0 0 0 0 0 0 0 0 0 0 0.890657 0 -7.16392 1.34565 0 0 1.34565 0 0 0 1.34565 0 0 0 0 0 0 0 0 0 0 0 0 0 0 0 0 0 0 0 0 0 0 0 1.34565 0 0 0 0 0 0 0 0 0 0 0 0 0 
0 0 0 0.890657 0 0 0 0 0 0 0 0 0 0 0 0 0 0.890657 0.890657 -8.7274 0 0 0 2.01848 0 0 0 2.01848 0 0 0 0 0 0 0 0 0 0 0 0 0 0 0 0 0 0 0 0 0 0 0 2.01848 0 0 0 0 0 0 0 0 0 0 0 0 
0 0 0 0 0.890657 0 0 0 0 0 0 0 0 0 0 0 0.890657 0 0 0 -7.16392 1.34565 1.34565 0 0 0 0 0 1.34565 0 0 0 0 0 0 0 0 0 0 0 0 0 0 0 0 0 0 0 0 0 0 0 1.34565 0 0 0 0 0 0 0 0 0 0 0 
0 0 0 0 0 0.890657 0 0 0 0 0 0 0 0 0 0 0 0.890657 0 0 0.890657 -8.7274 0 2.01848 0 0 0 0 0 2.01848 0 0 0 0 0 0 0 0 0 0 0 0 0 0 0 0 0 0 0 0 0 0 0 2.01848 0 0 0 0 0 0 0 0 0 0 
0 0 0 0 0 0 0.890657 0 0 0 0 0 0 0 0 0 0 0 0.890657 0 0.890657 0 -8.7274 2.01848 0 0 0 0 0 0 2.01848 0 0 0 0 0 0 0 0 0 0 0 0 0 0 0 0 0 0 0 0 0 0 0 2.01848 0 0 0 0 0 0 0 0 0 
0 0 0 0 0 0 0 0.890657 0 0 0 0 0 0 0 0 0 0 0 0.890657 0 0.890657 0.890657 -8.94523 0 0 0 0 0 0 0 2.6913 0 0 0 0 0 0 0 0 0 0 0 0 0 0 0 0 0 0 0 0 0 0 0 2.6913 0 0 0 0 0 0 0 0 
0 0 0 0 0 0 0 0 0.890657 0 0 0 0 0 0 0 0.890657 0 0 0 0 0 0 0 -7.16392 1.34565 1.34565 0 1.34565 0 0 0 0 0 0 0 0 0 0 0 0 0 0 0 0 0 0 0 0 0 0 0 0 0 0 0 1.34565 0 0 0 0 0 0 0 
0 0 0 0 0 0 0 0 0 0.890657 0 0 0 0 0 0 0 0.890657 0 0 0 0 0 0 0.890657 -8.7274 0 2.01848 0 2.01848 0 0 0 0 0 0 0 0 0 0 0 0 0 0 0 0 0 0 0 0 0 0 0 0 0 0 0 2.01848 0 0 0 0 0 0 
0 0 0 0 0 0 0 0 0 0 0.890657 0 0 0 0 0 0 0 0.890657 0 0 0 0 0 0.890657 0 -8.7274 2.01848 0 0 2.01848 0 0 0 0 0 0 0 0 0 0 0 0 0 0 0 0 0 0 0 0 0 0 0 0 0 0 0 2.01848 0 0 0 0 0 
0 0 0 0 0 0 0 0 0 0 0 0.890657 0 0 0 0 0 0 0 0.890657 0 0 0 0 0 0.890657 0.890657 -8.94523 0 0 0 2.6913 0 0 0 0 0 0 0 0 0 0 0 0 0 0 0 0 0 0 0 0 0 0 0 0 0 0 0 2.6913 0 0 0 0 
0 0 0 0 0 0 0 0 0 0 0 0 0.890657 0 0 0 0 0 0 0 0.890657 0 0 0 0.890657 0 0 0 -8.7274 2.01848 2.01848 0 0 0 0 0 0 0 0 0 0 0 0 0 0 0 0 0 0 0 0 0 0 0 0 0 0 0 0 0 2.01848 0 0 0 
0 0 0 0 0 0 0 0 0 0 0 0 0 0.890657 0 0 0 0 0 0 0 0.890657 0 0 0 0.890657 0 0 0.890657 -8.94523 0 2.6913 0 0 0 0 0 0 0 0 0 0 0 0 0 0 0 0 0 0 0 0 0 0 0 0 0 0 0 0 0 2.6913 0 0 
0 0 0 0 0 0 0 0 0 0 0 0 0 0 0.890657 0 0 0 0 0 0 0 0.890657 0 0 0 0.890657 0 0.890657 0 -8.94523 2.6913 0 0 0 0 0 0 0 0 0 0 0 0 0 0 0 0 0 0 0 0 0 0 0 0 0 0 0 0 0 0 2.6913 0 
0 0 0 0 0 0 0 0 0 0 0 0 0 0 0 0.890657 0 0 0 0 0 0 0 0.890657 0 0 0 0.890657 0 0.890657 0.890657 -7.81741 0 0 0 0 0 0 0 0 0 0 0 0 0 0 0 0 0 0 0 0 0 0 0 0 0 0 0 0 0 0 0 3.36413 
0.890657 0 0 0 0 0 0 0 0 0 0 0 0 0 0 0 0 0 0 0 0 0 0 0 0 0 0 0 0 0 0 0 -4.25478 0.672825 0.672825 0 0.672825 0 0 0 0.672825 0 0 0 0 0 0 0 0.672825 0 0 0 0 0 0 0 0 0 0 0 0 0 0 0 
0 0.890657 0 0 0 0 0 0 0 0 0 0 0 0 0 0 0 0 0 0 0 0 0 0 0 0 0 0 0 0 0 0 0.890657 -7.16392 0 1.34565 0 1.34565 0 0 0 1.34565 0 0 0 0 0 0 0 1.34565 0 0 0 0 0 0 0 0 0 0 0 0 0 0 
0 0 0.890657 0 0 0 0 0 0 0 0 0 0 0 0 0 0 0 0 0 0 0 0 0 0 0 0 0 0 0 0 0 0.890657 0 -7.16392 1.34565 0 0 1.34565 0 0 0 1.34565 0 0 0 0 0 0 0 1.34565 0 0 0 0 0 0 0 0 0 0 0 0 0 
0 0 0 0.890657 0 0 0 0 0 0 0 0 0 0 0 0 0 0 0 0 0 0 0 0 0 0 0 0 0 0 0 0 0 0.890657 0.890657 -8.7274 0 0 0 2.01848 0 0 0 2.01848 0 0 0 0 0 0 0 2.01848 0 0 0 0 0 0 0 0 0 0 0 0 
0 0 0 0 0.890657 0 0 0 0 0 0 0 0 0 0 0 0 0 0 0 0 0 0 0 0 0 0 0 0 0 0 0 0.890657 0 0 0 -7.16392 1.34565 1.34565 0 0 0 0 0 1.34565 0 0 0 0 0 0 0 1.34565 0 0 0 0 0 0 0 0 0 0 0 
0 0 0 0 0 0.890657 0 0 0 0 0 0 0 0 0 0 0 0 0 0 0 0 0 0 0 0 0 0 0 0 0 0 0 0.890657 0 0 0.890657 -8.7274 0 2.01848 0 0 0 0 0 2.01848 0 0 0 0 0 0 0 2.01848 0 0 0 0 0 0 0 0 0 0 
0 0 0 0 0 0 0.890657 0 0 0 0 0 0 0 0 0 0 0 0 0 0 0 0 0 0 0 0 0 0 0 0 0 0 0 0.890657 0 0.890657 0 -8.7274 2.01848 0 0 0 0 0 0 2.01848 0 0 0 0 0 0 0 2.01848 0 0 0 0 0 0 0 0 0 
0 0 0 0 0 0 0 0.890657 0 0 0 0 0 0 0 0 0 0 0 0 0 0 0 0 0 0 0 0 0 0 0 0 0 0 0 0.890657 0 0.890657 0.890657 -8.94523 0 0 0 0 0 0 0 2.6913 0 0 0 0 0 0 0 2.6913 0 0 0 0 0 0 0 0 
0 0 0 0 0 0 0 0 0.890657 0 0 0 0 0 0 0 0 0 0 0 0 0 0 0 0 0 0 0 0 0 0 0 0.890657 0 0 0 0 0 0 0 -7.16392 1.34565 1.34565 0 1.34565 0 0 0 0 0 0 0 0 0 0 0 1.34565 0 0 0 0 0 0 0 
0 0 0 0 0 0 0 0 0 0.890657 0 0 0 0 0 0 0 0 0 0 0 0 0 0 0 0 0 0 0 0 0 0 0 0.890657 0 0 0 0 0 0 0.890657 -8.7274 0 2.01848 0 2.01848 0 0 0 0 0 0 0 0 0 0 0 2.01848 0 0 0 0 0 0 
0 0 0 0 0 0 0 0 0 0 0.890657 0 0 0 0 0 0 0 0 0 0 0 0 0 0 0 0 0 0 0 0 0 0 0 0.890657 0 0 0 0 0 0.890657 0 -8.7274 2.01848 0 0 2.01848 0 0 0 0 0 0 0 0 0 0 0 2.01848 0 0 0 0 0 
0 0 0 0 0 0 0 0 0 0 0 0.890657 0 0 0 0 0 0 0 0 0 0 0 0 0 0 0 0 0 0 0 0 0 0 0 0.890657 0 0 0 0 0 0.890657 0.890657 -8.94523 0 0 0 2.6913 0 0 0 0 0 0 0 0 0 0 0 2.6913 0 0 0 0 
0 0 0 0 0 0 0 0 0 0 0 0 0.890657 0 0 0 0 0 0 0 0 0 0 0 0 0 0 0 0 0 0 0 0 0 0 0 0.890657 0 0 0 0.890657 0 0 0 -8.7274 2.01848 2.01848 0 0 0 0 0 0 0 0 0 0 0 0 0 2.01848 0 0 0 
0 0 0 0 0 0 0 0 0 0 0 0 0 0.890657 0 0 0 0 0 0 0 0 0 0 0 0 0 0 0 0 0 0 0 0 0 0 0 0.890657 0 0 0 0.890657 0 0 0.890657 -8.94523 0 2.6913 0 0 0 0 0 0 0 0 0 0 0 0 0 2.6913 0 0 
0 0 0 0 0 0 0 0 0 0 0 0 0 0 0.890657 0 0 0 0 0 0 0 0 0 0 0 0 0 0 0 0 0 0 0 0 0 0 0 0.890657 0 0 0 0.890657 0 0.890657 0 -8.94523 2.6913 0 0 0 0 0 0 0 0 0 0 0 0 0 0 2.6913 0 
0 0 0 0 0 0 0 0 0 0 0 0 0 0 0 0.890657 0 0 0 0 0 0 0 0 0 0 0 0 0 0 0 0 0 0 0 0 0 0 0 0.890657 0 0 0 0.890657 0 0.890657 0.890657 -7.81741 0 0 0 0 0 0 0 0 0 0 0 0 0 0 0 3.36413 
0 0 0 0 0 0 0 0 0 0 0 0 0 0 0 0 0.890657 0 0 0 0 0 0 0 0 0 0 0 0 0 0 0 0.890657 0 0 0 0 0 0 0 0 0 0 0 0 0 0 0 -7.16392 1.34565 1.34565 0 1.34565 0 0 0 1.34565 0 0 0 0 0 0 0 
0 0 0 0 0 0 0 0 0 0 0 0 0 0 0 0 0 0.890657 0 0 0 0 0 0 0 0 0 0 0 0 0 0 0 0.890657 0 0 0 0 0 0 0 0 0 0 0 0 0 0 0.890657 -8.7274 0 2.01848 0 2.01848 0 0 0 2.01848 0 0 0 0 0 0 
0 0 0 0 0 0 0 0 0 0 0 0 0 0 0 0 0 0 0.890657 0 0 0 0 0 0 0 0 0 0 0 0 0 0 0 0.890657 0 0 0 0 0 0 0 0 0 0 0 0 0 0.890657 0 -8.7274 2.01848 0 0 2.01848 0 0 0 2.01848 0 0 0 0 0 
0 0 0 0 0 0 0 0 0 0 0 0 0 0 0 0 0 0 0 0.890657 0 0 0 0 0 0 0 0 0 0 0 0 0 0 0 0.890657 0 0 0 0 0 0 0 0 0 0 0 0 0 0.890657 0.890657 -8.94523 0 0 0 2.6913 0 0 0 2.6913 0 0 0 0 
0 0 0 0 0 0 0 0 0 0 0 0 0 0 0 0 0 0 0 0 0.890657 0 0 0 0 0 0 0 0 0 0 0 0 0 0 0 0.890657 0 0 0 0 0 0 0 0 0 0 0 0.890657 0 0 0 -8.7274 2.01848 2.01848 0 0 0 0 0 2.01848 0 0 0 
0 0 0 0 0 0 0 0 0 0 0 0 0 0 0 0 0 0 0 0 0 0.890657 0 0 0 0 0 0 0 0 0 0 0 0 0 0 0 0.890657 0 0 0 0 0 0 0 0 0 0 0 0.890657 0 0 0.890657 -8.94523 0 2.6913 0 0 0 0 0 2.6913 0 0 
0 0 0 0 0 0 0 0 0 0 0 0 0 0 0 0 0 0 0 0 0 0 0.890657 0 0 0 0 0 0 0 0 0 0 0 0 0 0 0 0.890657 0 0 0 0 0 0 0 0 0 0 0 0.890657 0 0.890657 0 -8.94523 2.6913 0 0 0 0 0 0 2.6913 0 
0 0 0 0 0 0 0 0 0 0 0 0 0 0 0 0 0 0 0 0 0 0 0 0.890657 0 0 0 0 0 0 0 0 0 0 0 0 0 0 0 0.890657 0 0 0 0 0 0 0 0 0 0 0 0.890657 0 0.890657 0.890657 -7.81741 0 0 0 0 0 0 0 3.36413 
0 0 0 0 0 0 0 0 0 0 0 0 0 0 0 0 0 0 0 0 0 0 0 0 0.890657 0 0 0 0 0 0 0 0 0 0 0 0 0 0 0 0.890657 0 0 0 0 0 0 0 0.890657 0 0 0 0 0 0 0 -8.7274 2.01848 2.01848 0 2.01848 0 0 0 
0 0 0 0 0 0 0 0 0 0 0 0 0 0 0 0 0 0 0 0 0 0 0 0 0 0.890657 0 0 0 0 0 0 0 0 0 0 0 0 0 0 0 0.890657 0 0 0 0 0 0 0 0.890657 0 0 0 0 0 0 0.890657 -8.94523 0 2.6913 0 2.6913 0 0 
0 0 0 0 0 0 0 0 0 0 0 0 0 0 0 0 0 0 0 0 0 0 0 0 0 0 0.890657 0 0 0 0 0 0 0 0 0 0 0 0 0 0 0 0.890657 0 0 0 0 0 0 0 0.890657 0 0 0 0 0 0.890657 0 -8.94523 2.6913 0 0 2.6913 0 
0 0 0 0 0 0 0 0 0 0 0 0 0 0 0 0 0 0 0 0 0 0 0 0 0 0 0 0.890657 0 0 0 0 0 0 0 0 0 0 0 0 0 0 0 0.890657 0 0 0 0 0 0 0 0.890657 0 0 0 0 0 0.890657 0.890657 -7.81741 0 0 0 3.36413 
0 0 0 0 0 0 0 0 0 0 0 0 0 0 0 0 0 0 0 0 0 0 0 0 0 0 0 0 0.890657 0 0 0 0 0 0 0 0 0 0 0 0 0 0 0 0.890657 0 0 0 0 0 0 0 0.890657 0 0 0 0.890657 0 0 0 -8.94523 2.6913 2.6913 0 
0 0 0 0 0 0 0 0 0 0 0 0 0 0 0 0 0 0 0 0 0 0 0 0 0 0 0 0 0 0.890657 0 0 0 0 0 0 0 0 0 0 0 0 0 0 0 0.890657 0 0 0 0 0 0 0 0.890657 0 0 0 0.890657 0 0 0.890657 -7.81741 0 3.36413 
0 0 0 0 0 0 0 0 0 0 0 0 0 0 0 0 0 0 0 0 0 0 0 0 0 0 0 0 0 0 0.890657 0 0 0 0 0 0 0 0 0 0 0 0 0 0 0 0.890657 0 0 0 0 0 0 0 0.890657 0 0 0 0.890657 0 0.890657 0 -7.81741 3.36413 
0 0 0 0 0 0 0 0 0 0 0 0 0 0 0 0 0 0 0 0 0 0 0 0 0 0 0 0 0 0 0 0.890657 0 0 0 0 0 0 0 0 0 0 0 0 0 0 0 0.890657 0 0 0 0 0 0 0 0.890657 0 0 0 0.890657 0 0.890657 0.890657 -5.34394 
