64
-0 0 0 0 0 0 0 0 0 0 0 0 0 0 0 0 0 0 0 0 0 0 0 0 0 0 0 0 0 0 0 0 0 0 0 0 0 0 0 0 0 0 0 0 0 0 0 0 0 0 0 0 0 0 0 0 0 0 0 0 0 0 0 0 
0.927117 -4.7916 0 0.772896 0 0.772896 0 0 0 0.772896 0 0 0 0 0 0 0 0.772896 0 0 0 0 0 0 0 0 0 0 0 0 0 0 0 0.772896 0 0 0 0 0 0 0 0 0 0 0 0 0 0 0 0 0 0 0 0 0 0 0 0 0 0 0 0 0 0 
0.927117 0 -4.7916 0.772896 0 0 0.772896 0 0 0 0.772896 0 0 0 0 0 0 0 0.772896 0 0 0 0 0 0 0 0 0 0 0 0 0 0 0 0.772896 0 0 0 0 0 0 0 0 0 0 0 0 0 0 0 0 0 0 0 0 0 0 0 0 0 0 0 0 0 
0 0.927117 0.927117 -8.0374 0 0 0 1.54579 0 0 0 1.54579 0 0 0 0 0 0 0 1.54579 0 0 0 0 0 0 0 0 0 0 0 0 0 0 0 1.54579 0 0 0 0 0 0 0 0 0 0 0 0 0 0 0 0 0 0 0 0 0 0 0 0 0 0 0 0 
0.927117 0 0 0 -4.7916 0.772896 0.772896 0 0 0 0 0 0.772896 0 0 0 0 0 0 0 0.772896 0 0 0 0 0 0 0 0 0 0 0 0 0 0 0 0.772896 0 0 0 0 0 0 0 0 0 0 0 0 0 0 0 0 0 0 0 0 0 0 0 0 0 0 0 
0 0.927117 0 0 0.927117 -8.0374 0 1.54579 0 0 0 0 0 1.54579 0 0 0 0 0 0 0 1.54579 0 0 0 0 0 0 0 0 0 0 0 0 0 0 0 1.54579 0 0 0 0 0 0 0 0 0 0 0 0 0 0 0 0 0 0 0 0 0 0 0 0 0 0 
0 0 0.927117 0 0.927117 0 -8.0374 1.54579 0 0 0 0 0 0 1.54579 0 0 0 0 0 0 0 1.54579 0 0 0 0 0 0 0 0 0 0 0 0 0 0 0 1.54579 0 0 0 0 0 0 0 0 0 0 0 0 0 0 0 0 0 0 0 0 0 0 0 0 0 
0 0 0 0.927117 0 0.927117 0.927117 -9.73742 0 0 0 0 0 0 0 2.31869 0 0 0 0 0 0 0 2.31869 0 0 0 0 0 0 0 0 0 0 0 0 0 0 0 2.31869 0 0 0 0 0 0 0 0 0 0 0 0 0 0 0 0 0 0 0 0 0 0 0 0 
0.927117 0 0 0 0 0 0 0 -4.7916 0.772896 0.772896 0 0.772896 0 0 0 0 0 0 0 0 0 0 0 0.772896 0 0 0 0 0 0 0 0 0 0 0 0 0 0 0 0.772896 0 0 0 0 0 0 0 0 0 0 0 0 0 0 0 0 0 0 0 0 0 0 0 
0 0.927117 0 0 0 0 0 0 0.927117 -8.0374 0 1.54579 0 1.54579 0 0 0 0 0 0 0 0 0 0 0 1.54579 0 0 0 0 0 0 0 0 0 0 0 0 0 0 0 1.54579 0 0 0 0 0 0 0 0 0 0 0 0 0 0 0 0 0 0 0 0 0 0 
0 0 0.927117 0 0 0 0 0 0.927117 0 -8.0374 1.54579 0 0 1.54579 0 0 0 0 0 0 0 0 0 0 0 1.54579 0 0 0 0 0 0 0 0 0 0 0 0 0 0 0 1.54579 0 0 0 0 0 0 0 0 0 0 0 0 0 0 0 0 0 0 0 0 0 
0 0 0 0.927117 0 0 0 0 0 0.927117 0.927117 -9.73742 0 0 0 2.31869 0 0 0 0 0 0 0 0 0 0 0 2.31869 0 0 0 0 0 0 0 0 0 0 0 0 0 0 0 2.31869 0 0 0 0 0 0 0 0 0 0 0 0 0 0 0 0 0 0 0 0 
0 0 0 0 0.927117 0 0 0 0.927117 0 0 0 -8.0374 1.54579 1.54579 0 0 0 0 0 0 0 0 0 0 0 0 0 1.54579 0 0 0 0 0 0 0 0 0 0 0 0 0 0 0 1.54579 0 0 0 0 0 0 0 0 0 0 0 0 0 0 0 0 0 0 0 
0 0 0 0 0 0.927117 0 0 0 0.927117 0 0 0.927117 -9.73742 0 2.31869 0 0 0 0 0 0 0 0 0 0 0 0 0 2.31869 0 0 0 0 0 0 0 0 0 0 0 0 0 0 0 2.31869 0 0 0 0 0 0 0 0 0 0 0 0 0 0 0 0 0 0 
0 0 0 0 0 0 0.927117 0 0 0 0.927117 0 0.927117 0 -9.73742 2.31869 0 0 0 0 0 0 0 0 0 0 0 0 0 0 2.31869 0 0 0 0 0 0 0 0 0 0 0 0 0 0 0 2.31869 0 0 0 0 0 0 0 0 0 0 0 0 0 0 0 0 0 
0 0 0 0 0 0 0 0.927117 0 0 0 0.927117 0 0.927117 0.927117 -9.89164 0 0 0 0 0 0 0 0 0 0 0 0 0 0 0 3.09159 0 0 0 0 0 0 0 0 0 0 0 0 0 0 0 3.09159 0 0 0 0 0 0 0 0 0 0 0 0 0 0 0 0 
0.927117 0 0 0 0 0 0 0 0 0 0 0 0 0 0 0 -4.7916 0.772896 0.772896 0 0.772896 0 0 0 0.772896 0 0 0 0 0 0 0 0 0 0 0 0 0 0 0 0 0 0 0 0 0 0 0 0.772896 0 0 0 0 0 0 0 0 0 0 0 0 0 0 0 
0 0.927117 0 0 0 0 0 0 0 0 0 0 0 0 0 0 0.927117 -8.0374 0 1.54579 0 1.54579 0 0 0 1.54579 0 0 0 0 0 0 0 0 0 0 0 0 0 0 0 0 0 0 0 0 0 0 0 1.54579 0 0 0 0 0 0 0 0 0 0 0 0 0 0 
0 0 0.927117 0 0 0 0 0 0 0 0 0 0 0 0 0 0.927117 0 -8.0374 1.54579 0 0 1.54579 0 0 0 1.54579 0 0 0 0 0 0 0 0 0 0 0 0 0 0 0 0 0 0 0 0 0 0 0 1.54579 0 0 0 0 0 0 0 0 0 0 0 0 0 
0 0 0 0.927117 0 0 0 0 0 0 0 0 0 0 0 0 0 0.927117 0.927117 -9.73742 0 0 0 2.31869 0 0 0 2.31869 0 0 0 0 0 0 0 0 0 0 0 0 0 0 0 0 0 0 0 0 0 0 0 2.31869 0 0 0 0 0 0 0 0 0 0 0 0 
0 0 0 0 0.927117 0 0 0 0 0 0 0 0 0 0 0 0.927117 0 0 0 -8.0374 1.54579 1.54579 0 0 0 0 0 1.54579 0 0 0 0 0 0 0 0 0 0 0 0 0 0 0 0 0 0 0 0 0 0 0 1.54579 0 0 0 0 0 0 0 0 0 0 0 
0 0 0 0 0 0.927117 0 0 0 0 0 0 0 0 0 0 0 0.927117 0 0 0.927117 -9.73742 0 2.31869 0 0 0 0 0 2.31869 0 0 0 0 0 0 0 0 0 0 0 0 0 0 0 0 0 0 0 0 0 0 0 2.31869 0 0 0 0 0 0 0 0 0 0 
0 0 0 0 0 0 0.927117 0 0 0 0 0 0 0 0 0 0 0 0.927117 0 0.927117 0 -9.73742 2.31869 0 0 0 0 0 0 2.31869 0 0 0 0 0 0 0 0 0 0 0 0 0 0 0 0 0 0 0 0 0 0 0 2.31869 0 0 0 0 0 0 0 0 0 
0 0 0 0 0 0 0 0.927117 0 0 0 0 0 0 0 0 0 0 0 0.927117 0 0.927117 0.927117 -9.89164 0 0 0 0 0 0 0 3.09159 0 0 0 0 0 0 0 0 0 0 0 0 0 0 0 0 0 0 0 0 0 0 0 3.09159 0 0 0 0 0 0 0 0 
0 0 0 0 0 0 0 0 0.927117 0 0 0 0 0 0 0 0.927117 0 0 0 0 0 0 0 -8.0374 1.54579 1.54579 0 1.54579 0 0 0 0 0 0 0 0 0 0 0 0 0 0 0 0 0 0 0 0 0 0 0 0 0 0 0 1.54579 0 0 0 0 0 0 0 
0 0 0 0 0 0 0 0 0 0.927117 0 0 0 0 0 0 0 0.927117 0 0 0 0 0 0 0.927117 -9.73742 0 2.31869 0 2.31869 0 0 0 0 0 0 0 0 0 0 0 0 0 0 0 0 0 0 0 0 0 0 0 0 0 0 0 2.31869 0 0 0 0 0 0 
0 0 0 0 0 0 0 0 0 0 0.927117 0 0 0 0 0 0 0 0.927117 0 0 0 0 0 0.927117 0 -9.73742 2.31869 0 0 2.31869 0 0 0 0 0 0 0 0 0 0 0 0 0 0 0 0 0 0 0 0 0 0 0 0 0 0 0 2.31869 0 0 0 0 0 
0 0 0 0 0 0 0 0 0 0 0 0.927117 0 0 0 0 0 0 0 0.927117 0 0 0 0 0 0.927117 0.927117 -9.89164 0 0 0 3.09159 0 0 0 0 0 0 0 0 0 0 0 0 0 0 0 0 0 0 0 0 0 0 0 0 0 0 0 3.09159 0 0 0 0 
0 0 0 0 0 0 0 0 0 0 0 0 0.927117 0 0 0 0 0 0 0 0.927117 0 0 0 0.927117 0 0 0 -9.73742 2.31869 2.31869 0 0 0 0 0 0 0 0 0 0 0 0 0 0 0 0 0 0 0 0 0 0 0 0 0 0 0 0 0 2.31869 0 0 0 
0 0 0 0 0 0 0 0 0 0 0 0 0 0.927117 0 0 0 0 0 0 0 0.927117 0 0 0 0.927117 0 0 0.927117 -9.89164 0 3.09159 0 0 0 0 0 0 0 0 0 0 0 0 0 0 0 0 0 0 0 0 0 0 0 0 0 0 0 0 0 3.09159 0 0 
0 0 0 0 0 0 0 0 0 0 0 0 0 0 0.927117 0 0 0 0 0 0 0 0.927117 0 0 0 0.927117 0 0.927117 0 -9.89164 3.09159 0 0 0 0 0 0 0 0 0 0 0 0 0 0 0 0 0 0 0 0 0 0 0 0 0 0 0 0 0 0 3.09159 0 
0 0 0 0 0 0 0 0 0 0 0 0 0 0 0 0.927117 0 0 0 0 0 0 0 0.927117 0 0 0 0.927117 0 0.927117 0.927117 -8.50007 0 0 0 0 0 0 0 0 0 0 0 0 0 0 0 0 0 0 0 0 0 0 0 0 0 0 0 0 0 0 0 3.86448 
0.927117 0 0 0 0 0 0 0 0 0 0 0 0 0 0 0 0 0 0 0 0 0 0 0 0 0 0 0 0 0 0 0 -4.7916 0.772896 0.772896 0 0.772896 0 0 0 0.772896 0 0 0 0 0 0 0 0.772896 0 0 0 0 0 0 0 0 0 0 0 0 0 0 0 
0 0.927117 0 0 0 0 0 0 0 0 0 0 0 0 0 0 0 0 0 0 0 0 0 0 0 0 0 0 0 0 0 0 0.927117 -8.0374 0 1.54579 0 1.54579 0 0 0 1.54579 0 0 0 0 0 0 0 1.54579 0 0 0 0 0 0 0 0 0 0 0 0 0 0 
0 0 0.927117 0 0 0 0 0 0 0 0 0 0 0 0 0 0 0 0 0 0 0 0 0 0 0 0 0 0 0 0 0 0.927117 0 -8.0374 1.54579 0 0 1.54579 0 0 0 1.54579 0 0 0 0 0 0 0 1.54579 0 0 0 0 0 0 0 0 0 0 0 0 0 
0 0 0 0.927117 0 0 0 0 0 0 0 0 0 0 0 0 0 0 0 0 0 0 0 0 0 0 0 0 0 0 0 0 0 0.927117 0.927117 -9.73742 0 0 0 2.31869 0 0 0 2.31869 0 0 0 0 0 0 0 2.31869 0 0 0 0 0 0 0 0 0 0 0 0 
0 0 0 0 0.927117 0 0 0 0 0 0 0 0 0 0 0 0 0 0 0 0 0 0 0 0 0 0 0 0 0 0 0 0.927117 0 0 0 -8.0374 1.54579 1.54579 0 0 0 0 0 1.54579 0 0 0 0 0 0 0 1.54579 0 0 0 0 0 0 0 0 0 0 0 
0 0 0 0 0 0.927117 0 0 0 0 0 0 0 0 0 0 0 0 0 0 0 0 0 0 0 0 0 0 0 0 0 0 0 0.927117 0 0 0.927117 -9.73742 0 2.31869 0 0 0 0 0 2.31869 0 0 0 0 0 0 0 2.31869 0 0 0 0 0 0 0 0 0 0 
0 0 0 0 0 0 0.927117 0 0 0 0 0 0 0 0 0 0 0 0 0 0 0 0 0 0 0 0 0 0 0 0 0 0 0 0.927117 0 0.927117 0 -9.73742 2.31869 0 0 0 0 0 0 2.31869 0 0 0 0 0 0 0 2.31869 0 0 0 0 0 0 0 0 0 
0 0 0 0 0 0 0 0.927117 0 0 0 0 0 0 0 0 0 0 0 0 0 0 0 0 0 0 0 0 0 0 0 0 0 0 0 0.927117 0 0.927117 0.927117 -9.89164 0 0 0 0 0 0 0 3.09159 0 0 0 0 0 0 0 3.09159 0 0 0 0 0 0 0 0 
0 0 0 0 0 0 0 0 0.927117 0 0 0 0 0 0 0 0 0 0 0 0 0 0 0 0 0 0 0 0 0 0 0 0.927117 0 0 0 0 0 0 0 -8.0374 1.54579 1.54579 0 1.54579 0 0 0 0 0 0 0 0 0 0 0 1.54579 0 0 0 0 0 0 0 
0 0 0 0 0 0 0 0 0 0.927117 0 0 0 0 0 0 0 0 0 0 0 0 0 0 0 0 0 0 0 0 0 0 0 0.927117 0 0 0 0 0 0 0.927117 -9.73742 0 2.31869 0 2.31869 0 0 0 0 0 0 0 0 0 0 0 2.31869 0 0 0 0 0 0 
0 0 0 0 0 0 0 0 0 0 0.927117 0 0 0 0 0 0 0 0 0 0 0 0 0 0 0 0 0 0 0 0 0 0 0 0.927117 0 0 0 0 0 0.927117 0 -9.73742 2.31869 0 0 2.31869 0 0 0 0 0 0 0 0 0 0 0 2.31869 0 0 0 0 0 
0 0 0 0 0 0 0 0 0 0 0 0.927117 0 0 0 0 0 0 0 0 0 0 0 0 0 0 0 0 0 0 0 0 0 0 0 0.927117 0 0 0 0 0 0.927117 0.927117 -9.89164 0 0 0 3.09159 0 0 0 0 0 0 0 0 0 0 0 3.09159 0 0 0 0 
0 0 0 0 0 0 0 0 0 0 0 0 0.927117 0 0 0 0 0 0 0 0 0 0 0 0 0 0 0 0 0 0 0 0 0 0 0 0.927117 0 0 0 0.927117 0 0 0 -9.73742 2.31869 2.31869 0 0 0 0 0 0 0 0 0 0 0 0 0 2.31869 0 0 0 
0 0 0 0 0 0 0 0 0 0 0 0 0 0.927117 0 0 0 0 0 0 0 0 0 0 0 0 0 0 0 0 0 0 0 0 0 0 0 0.927117 0 0 0 0.927117 0 0 0.927117 -9.89164 0 3.09159 0 0 0 0 0 0 0 0 0 0 0 0 0 3.09159 0 0 
0 0 0 0 0 0 0 0 0 0 0 0 0 0 0.927117 0 0 0 0 0 0 0 0 0 0 0 0 0 0 0 0 0 0 0 0 0 0 0 0.927117 0 0 0 0.927117 0 0.927117 0 -9.89164 3.09159 0 0 0 0 0 0 0 0 0 0 0 0 0 0 3.09159 0 
0 0 0 0 0 0 0 0 0 0 0 0 0 0 0 0.927117 0 0 0 0 0 0 0 0 0 0 0 0 0 0 0 0 0 0 0 0 0 0 0 0.927117 0 0 0 0.927117 0 0.927117 0.927117 -8.50007 0 0 0 0 0 0 0 0 0 0 0 0 0 0 0 3.86448 
0 0 0 0 0 0 0 0 0 0 0 0 0 0 0 0 0.927117 0 0 0 0 0 0 0 0 0 0 0 0 0 0 0 0.927117 0 0 0 0 0 0 0 0 0 0 0 0 0 0 0 -8.0374 1.54579 1.54579 0 1.54579 0 0 0 1.54579 0 0 0 0 0 0 0 
0 0 0 0 0 0 0 0 0 0 0 0 0 0 0 0 0 0.927117 0 0 0 0 0 0 0 0 0 0 0 0 0 0 0 0.927117 0 0 0 0 0 0 0 0 0 0 0 0 0 0 0.927117 -9.73742 0 2.31869 0 2.31869 0 0 0 2.31869 0 0 0 0 0 0 
0 0 0 0 0 0 0 0 0 0 0 0 0 0 0 0 0 0 0.927117 0 0 0 0 0 0 0 0 0 0 0 0 0 0 0 0.927117 0 0 0 0 0 0 0 0 0 0 0 0 0 0.927117 0 -9.73742 2.31869 0 0 2.31869 0 0 0 2.31869 0 0 0 0 0 
0 0 0 0 0 0 0 0 0 0 0 0 0 0 0 0 0 0 0 0.927117 0 0 0 0 0 0 0 0 0 0 0 0 0 0 0 0.927117 0 0 0 0 0 0 0 0 0 0 0 0 0 0.927117 0.927117 -9.89164 0 0 0 3.09159 0 0 0 3.09159 0 0 0 0 
0 0 0 0 0 0 0 0 0 0 0 0 0 0 0 0 0 0 0 0 0.927117 0 0 0 0 0 0 0 0 0 0 0 0 0 0 0 0.927117 0 0 0 0 0 0 0 0 0 0 0 0.927117 0 0 0 -9.73742 2.31869 2.31869 0 0 0 0 0 2.31869 0 0 0 
0 0 0 0 0 0 0 0 0 0 0 0 0 0 0 0 0 0 0 0 0 0.927117 0 0 0 0 0 0 0 0 0 0 0 0 0 0 0 0.927117 0 0 0 0 0 0 0 0 0 0 0 0.927117 0 0 0.927117 -9.89164 0 3.09159 0 0 0 0 0 3.09159 0 0 
0 0 0 0 0 0 0 0 0 0 0 0 0 0 0 0 0 0 0 0 0 0 0.927117 0 0 0 0 0 0 0 0 0 0 0 0 0 0 0 0.927117 0 0 0 0 0 0 0 0 0 0 0 0.927117 0 0.927117 0 -9.89164 3.09159 0 0 0 0 0 0 3.09159 0 
0 0 0 0 0 0 0 0 0 0 0 0 0 0 0 0 0 0 0 0 0 0 0 0.927117 0 0 0 0 0 0 0 0 0 0 0 0 0 0 0 0.927117 0 0 0 0 0 0 0 0 0 0 0 0.927117 0 0.927117 0.927117 -8.50007 0 0 0 0 0 0 0 3.86448 
0 0 0 0 0 0 0 0 0 0 0 0 0 0 0 0 0 0 0 0 0 0 0 0 0.927117 0 0 0 0 0 0 0 0 0 0 0 0 0 0 0 0.927117 0 0 0 0 0 0 0 0.927117 0 0 0 0 0 0 0 -9.73742 2.31869 2.31869 0 2.31869 0 0 0 
0 0 0 0 0 0 0 0 0 0 0 0 0 0 0 0 0 0 0 0 0 0 0 0 0 0.927117 0 0 0 0 0 0 0 0 0 0 0 0 0 0 0 0.927117 0 0 0 0 0 0 0 0.927117 0 0 0 0 0 0 0.927117 -9.89164 0 3.09159 0 3.09159 0 0 
0 0 0 0 0 0 0 0 0 0 0 0 0 0 0 0 0 0 0 0 0 0 0 0 0 0 0.927117 0 0 0 0 0 0 0 0 0 0 0 0 0 0 0 0.927117 0 0 0 0 0 0 0 0.927117 0 0 0 0 0 0.927117 0 -9.89164 3.09159 0 0 3.09159 0 
0 0 0 0 0 0 0 0 0 0 0 0 0 0 0 0 0 0 0 0 0 0 0 0 0 0 0 0.927117 0 0 0 0 0 0 0 0 0 0 0 0 0 0 0 0.927117 0 0 0 0 0 0 0 0.927117 0 0 0 0 0 0.927117 0.927117 -8.50007 0 0 0 3.86448 
0 0 0 0 0 0 0 0 0 0 0 0 0 0 0 0 0 0 0 0 0 0 0 0 0 0 0 0 0.927117 0 0 0 0 0 0 0 0 0 0 0 0 0 0 0 0.927117 0 0 0 0 0 0 0 0.927117 0 0 0 0.927117 0 0 0 -9.89164 3.09159 3.09159 0 
0 0 0 0 0 0 0 0 0 0 0 0 0 0 0 0 0 0 0 0 0 0 0 0 0 0 0 0 0 0.927117 0 0 0 0 0 0 0 0 0 0 0 0 0 0 0 0.927117 0 0 0 0 0 0 0 0.927117 0 0 0 0.927117 0 0 0.927117 -8.50007 0 3.86448 
0 0 0 0 0 0 0 0 0 0 0 0 0 0 0 0 0 0 0 0 0 0 0 0 0 0 0 0 0 0 0.927117 0 0 0 0 0 0 0 0 0 0 0 0 0 0 0 0.927117 0 0 0 0 0 0 0 0.927117 0 0 0 0.927117 0 0.927117 0 -8.50007 3.86448 
0 0 0 0 0 0 0 0 0 0 0 0 0 0 0 0 0 0 0 0 0 0 0 0 0 0 0 0 0 0 0 0.927117 0 0 0 0 0 0 0 0 0 0 0 0 0 0 0 0.927117 0 0 0 0 0 0 0 0.927117 0 0 0 0.927117 0 0.927117 0.927117 -5.5627 
