32
-0 0 0 0 0 0 0 0 0 0 0 0 0 0 0 0 0 0 0 0 0 0 0 0 0 0 0 0 0 0 0 0 
0.259765 -1.51844 0 0.314669 0 0.314669 0 0 0 0.314669 0 0 0 0 0 0 0 0.314669 0 0 0 0 0 0 0 0 0 0 0 0 0 0 
0.259765 0 -1.51844 0.314669 0 0 0.314669 0 0 0 0.314669 0 0 0 0 0 0 0 0.314669 0 0 0 0 0 0 0 0 0 0 0 0 0 
0 0.259765 0.259765 -2.40754 0 0 0 0.629338 0 0 0 0.629338 0 0 0 0 0 0 0 0.629338 0 0 0 0 0 0 0 0 0 0 0 0 
0.259765 0 0 0 -1.51844 0.314669 0.314669 0 0 0 0 0 0.314669 0 0 0 0 0 0 0 0.314669 0 0 0 0 0 0 0 0 0 0 0 
0 0.259765 0 0 0.259765 -2.40754 0 0.629338 0 0 0 0 0 0.629338 0 0 0 0 0 0 0 0.629338 0 0 0 0 0 0 0 0 0 0 
0 0 0.259765 0 0.259765 0 -2.40754 0.629338 0 0 0 0 0 0 0.629338 0 0 0 0 0 0 0 0.629338 0 0 0 0 0 0 0 0 0 
0 0 0 0.259765 0 0.259765 0.259765 -2.66731 0 0 0 0 0 0 0 0.944006 0 0 0 0 0 0 0 0.944006 0 0 0 0 0 0 0 0 
0.259765 0 0 0 0 0 0 0 -1.51844 0.314669 0.314669 0 0.314669 0 0 0 0 0 0 0 0 0 0 0 0.314669 0 0 0 0 0 0 0 
0 0.259765 0 0 0 0 0 0 0.259765 -2.40754 0 0.629338 0 0.629338 0 0 0 0 0 0 0 0 0 0 0 0.629338 0 0 0 0 0 0 
0 0 0.259765 0 0 0 0 0 0.259765 0 -2.40754 0.629338 0 0 0.629338 0 0 0 0 0 0 0 0 0 0 0 0.629338 0 0 0 0 0 
0 0 0 0.259765 0 0 0 0 0 0.259765 0.259765 -2.66731 0 0 0 0.944006 0 0 0 0 0 0 0 0 0 0 0 0.944006 0 0 0 0 
0 0 0 0 0.259765 0 0 0 0.259765 0 0 0 -2.40754 0.629338 0.629338 0 0 0 0 0 0 0 0 0 0 0 0 0 0.629338 0 0 0 
0 0 0 0 0 0.259765 0 0 0 0.259765 0 0 0.259765 -2.66731 0 0.944006 0 0 0 0 0 0 0 0 0 0 0 0 0 0.944006 0 0 
0 0 0 0 0 0 0.259765 0 0 0 0.259765 0 0.259765 0 -2.66731 0.944006 0 0 0 0 0 0 0 0 0 0 0 0 0 0 0.944006 0 
0 0 0 0 0 0 0 0.259765 0 0 0 0.259765 0 0.259765 0.259765 -2.29773 0 0 0 0 0 0 0 0 0 0 0 0 0 0 0 1.25868 
0.259765 0 0 0 0 0 0 0 0 0 0 0 0 0 0 0 -1.51844 0.314669 0.314669 0 0.314669 0 0 0 0.314669 0 0 0 0 0 0 0 
0 0.259765 0 0 0 0 0 0 0 0 0 0 0 0 0 0 0.259765 -2.40754 0 0.629338 0 0.629338 0 0 0 0.629338 0 0 0 0 0 0 
0 0 0.259765 0 0 0 0 0 0 0 0 0 0 0 0 0 0.259765 0 -2.40754 0.629338 0 0 0.629338 0 0 0 0.629338 0 0 0 0 0 
0 0 0 0.259765 0 0 0 0 0 0 0 0 0 0 0 0 0 0.259765 0.259765 -2.66731 0 0 0 0.944006 0 0 0 0.944006 0 0 0 0 
0 0 0 0 0.259765 0 0 0 0 0 0 0 0 0 0 0 0.259765 0 0 0 -2.40754 0.629338 0.629338 0 0 0 0 0 0.629338 0 0 0 
0 0 0 0 0 0.259765 0 0 0 0 0 0 0 0 0 0 0 0.259765 0 0 0.259765 -2.66731 0 0.944006 0 0 0 0 0 0.944006 0 0 
0 0 0 0 0 0 0.259765 0 0 0 0 0 0 0 0 0 0 0 0.259765 0 0.259765 0 -2.66731 0.944006 0 0 0 0 0 0 0.944006 0 
0 0 0 0 0 0 0 0.259765 0 0 0 0 0 0 0 0 0 0 0 0.259765 0 0.259765 0.259765 -2.29773 0 0 0 0 0 0 0 1.25868 
0 0 0 0 0 0 0 0 0.259765 0 0 0 0 0 0 0 0.259765 0 0 0 0 0 0 0 -2.40754 0.629338 0.629338 0 0.629338 0 0 0 
0 0 0 0 0 0 0 0 0 0.259765 0 0 0 0 0 0 0 0.259765 0 0 0 0 0 0 0.259765 -2.66731 0 0.944006 0 0.944006 0 0 
0 0 0 0 0 0 0 0 0 0 0.259765 0 0 0 0 0 0 0 0.259765 0 0 0 0 0 0.259765 0 -2.66731 0.944006 0 0 0.944006 0 
0 0 0 0 0 0 0 0 0 0 0 0.259765 0 0 0 0 0 0 0 0.259765 0 0 0 0 0 0.259765 0.259765 -2.29773 0 0 0 1.25868 
0 0 0 0 0 0 0 0 0 0 0 0 0.259765 0 0 0 0 0 0 0 0.259765 0 0 0 0.259765 0 0 0 -2.66731 0.944006 0.944006 0 
0 0 0 0 0 0 0 0 0 0 0 0 0 0.259765 0 0 0 0 0 0 0 0.259765 0 0 0 0.259765 0 0 0.259765 -2.29773 0 1.25868 
0 0 0 0 0 0 0 0 0 0 0 0 0 0 0.259765 0 0 0 0 0 0 0 0.259765 0 0 0 0.259765 0 0.259765 0 -2.29773 1.25868 
0 0 0 0 0 0 0 0 0 0 0 0 0 0 0 0.259765 0 0 0 0 0 0 0 0.259765 0 0 0 0.259765 0 0.259765 0.259765 -1.29882 
