64
-0 0 0 0 0 0 0 0 0 0 0 0 0 0 0 0 0 0 0 0 0 0 0 0 0 0 0 0 0 0 0 0 0 0 0 0 0 0 0 0 0 0 0 0 0 0 0 0 0 0 0 0 0 0 0 0 0 0 0 0 0 0 0 0 
0.656097 -3.23289 0 0.515359 0 0.515359 0 0 0 0.515359 0 0 0 0 0 0 0 0.515359 0 0 0 0 0 0 0 0 0 0 0 0 0 0 0 0.515359 0 0 0 0 0 0 0 0 0 0 0 0 0 0 0 0 0 0 0 0 0 0 0 0 0 0 0 0 0 0 
0.656097 0 -3.23289 0.515359 0 0 0.515359 0 0 0 0.515359 0 0 0 0 0 0 0 0.515359 0 0 0 0 0 0 0 0 0 0 0 0 0 0 0 0.515359 0 0 0 0 0 0 0 0 0 0 0 0 0 0 0 0 0 0 0 0 0 0 0 0 0 0 0 0 0 
0 0.656097 0.656097 -5.43507 0 0 0 1.03072 0 0 0 1.03072 0 0 0 0 0 0 0 1.03072 0 0 0 0 0 0 0 0 0 0 0 0 0 0 0 1.03072 0 0 0 0 0 0 0 0 0 0 0 0 0 0 0 0 0 0 0 0 0 0 0 0 0 0 0 0 
0.656097 0 0 0 -3.23289 0.515359 0.515359 0 0 0 0 0 0.515359 0 0 0 0 0 0 0 0.515359 0 0 0 0 0 0 0 0 0 0 0 0 0 0 0 0.515359 0 0 0 0 0 0 0 0 0 0 0 0 0 0 0 0 0 0 0 0 0 0 0 0 0 0 0 
0 0.656097 0 0 0.656097 -5.43507 0 1.03072 0 0 0 0 0 1.03072 0 0 0 0 0 0 0 1.03072 0 0 0 0 0 0 0 0 0 0 0 0 0 0 0 1.03072 0 0 0 0 0 0 0 0 0 0 0 0 0 0 0 0 0 0 0 0 0 0 0 0 0 0 
0 0 0.656097 0 0.656097 0 -5.43507 1.03072 0 0 0 0 0 0 1.03072 0 0 0 0 0 0 0 1.03072 0 0 0 0 0 0 0 0 0 0 0 0 0 0 0 1.03072 0 0 0 0 0 0 0 0 0 0 0 0 0 0 0 0 0 0 0 0 0 0 0 0 0 
0 0 0 0.656097 0 0.656097 0.656097 -6.60652 0 0 0 0 0 0 0 1.54608 0 0 0 0 0 0 0 1.54608 0 0 0 0 0 0 0 0 0 0 0 0 0 0 0 1.54608 0 0 0 0 0 0 0 0 0 0 0 0 0 0 0 0 0 0 0 0 0 0 0 0 
0.656097 0 0 0 0 0 0 0 -3.23289 0.515359 0.515359 0 0.515359 0 0 0 0 0 0 0 0 0 0 0 0.515359 0 0 0 0 0 0 0 0 0 0 0 0 0 0 0 0.515359 0 0 0 0 0 0 0 0 0 0 0 0 0 0 0 0 0 0 0 0 0 0 0 
0 0.656097 0 0 0 0 0 0 0.656097 -5.43507 0 1.03072 0 1.03072 0 0 0 0 0 0 0 0 0 0 0 1.03072 0 0 0 0 0 0 0 0 0 0 0 0 0 0 0 1.03072 0 0 0 0 0 0 0 0 0 0 0 0 0 0 0 0 0 0 0 0 0 0 
0 0 0.656097 0 0 0 0 0 0.656097 0 -5.43507 1.03072 0 0 1.03072 0 0 0 0 0 0 0 0 0 0 0 1.03072 0 0 0 0 0 0 0 0 0 0 0 0 0 0 0 1.03072 0 0 0 0 0 0 0 0 0 0 0 0 0 0 0 0 0 0 0 0 0 
0 0 0 0.656097 0 0 0 0 0 0.656097 0.656097 -6.60652 0 0 0 1.54608 0 0 0 0 0 0 0 0 0 0 0 1.54608 0 0 0 0 0 0 0 0 0 0 0 0 0 0 0 1.54608 0 0 0 0 0 0 0 0 0 0 0 0 0 0 0 0 0 0 0 0 
0 0 0 0 0.656097 0 0 0 0.656097 0 0 0 -5.43507 1.03072 1.03072 0 0 0 0 0 0 0 0 0 0 0 0 0 1.03072 0 0 0 0 0 0 0 0 0 0 0 0 0 0 0 1.03072 0 0 0 0 0 0 0 0 0 0 0 0 0 0 0 0 0 0 0 
0 0 0 0 0 0.656097 0 0 0 0.656097 0 0 0.656097 -6.60652 0 1.54608 0 0 0 0 0 0 0 0 0 0 0 0 0 1.54608 0 0 0 0 0 0 0 0 0 0 0 0 0 0 0 1.54608 0 0 0 0 0 0 0 0 0 0 0 0 0 0 0 0 0 0 
0 0 0 0 0 0 0.656097 0 0 0 0.656097 0 0.656097 0 -6.60652 1.54608 0 0 0 0 0 0 0 0 0 0 0 0 0 0 1.54608 0 0 0 0 0 0 0 0 0 0 0 0 0 0 0 1.54608 0 0 0 0 0 0 0 0 0 0 0 0 0 0 0 0 0 
0 0 0 0 0 0 0 0.656097 0 0 0 0.656097 0 0.656097 0.656097 -6.74726 0 0 0 0 0 0 0 0 0 0 0 0 0 0 0 2.06144 0 0 0 0 0 0 0 0 0 0 0 0 0 0 0 2.06144 0 0 0 0 0 0 0 0 0 0 0 0 0 0 0 0 
0.656097 0 0 0 0 0 0 0 0 0 0 0 0 0 0 0 -3.23289 0.515359 0.515359 0 0.515359 0 0 0 0.515359 0 0 0 0 0 0 0 0 0 0 0 0 0 0 0 0 0 0 0 0 0 0 0 0.515359 0 0 0 0 0 0 0 0 0 0 0 0 0 0 0 
0 0.656097 0 0 0 0 0 0 0 0 0 0 0 0 0 0 0.656097 -5.43507 0 1.03072 0 1.03072 0 0 0 1.03072 0 0 0 0 0 0 0 0 0 0 0 0 0 0 0 0 0 0 0 0 0 0 0 1.03072 0 0 0 0 0 0 0 0 0 0 0 0 0 0 
0 0 0.656097 0 0 0 0 0 0 0 0 0 0 0 0 0 0.656097 0 -5.43507 1.03072 0 0 1.03072 0 0 0 1.03072 0 0 0 0 0 0 0 0 0 0 0 0 0 0 0 0 0 0 0 0 0 0 0 1.03072 0 0 0 0 0 0 0 0 0 0 0 0 0 
0 0 0 0.656097 0 0 0 0 0 0 0 0 0 0 0 0 0 0.656097 0.656097 -6.60652 0 0 0 1.54608 0 0 0 1.54608 0 0 0 0 0 0 0 0 0 0 0 0 0 0 0 0 0 0 0 0 0 0 0 1.54608 0 0 0 0 0 0 0 0 0 0 0 0 
0 0 0 0 0.656097 0 0 0 0 0 0 0 0 0 0 0 0.656097 0 0 0 -5.43507 1.03072 1.03072 0 0 0 0 0 1.03072 0 0 0 0 0 0 0 0 0 0 0 0 0 0 0 0 0 0 0 0 0 0 0 1.03072 0 0 0 0 0 0 0 0 0 0 0 
0 0 0 0 0 0.656097 0 0 0 0 0 0 0 0 0 0 0 0.656097 0 0 0.656097 -6.60652 0 1.54608 0 0 0 0 0 1.54608 0 0 0 0 0 0 0 0 0 0 0 0 0 0 0 0 0 0 0 0 0 0 0 1.54608 0 0 0 0 0 0 0 0 0 0 
0 0 0 0 0 0 0.656097 0 0 0 0 0 0 0 0 0 0 0 0.656097 0 0.656097 0 -6.60652 1.54608 0 0 0 0 0 0 1.54608 0 0 0 0 0 0 0 0 0 0 0 0 0 0 0 0 0 0 0 0 0 0 0 1.54608 0 0 0 0 0 0 0 0 0 
0 0 0 0 0 0 0 0.656097 0 0 0 0 0 0 0 0 0 0 0 0.656097 0 0.656097 0.656097 -6.74726 0 0 0 0 0 0 0 2.06144 0 0 0 0 0 0 0 0 0 0 0 0 0 0 0 0 0 0 0 0 0 0 0 2.06144 0 0 0 0 0 0 0 0 
0 0 0 0 0 0 0 0 0.656097 0 0 0 0 0 0 0 0.656097 0 0 0 0 0 0 0 -5.43507 1.03072 1.03072 0 1.03072 0 0 0 0 0 0 0 0 0 0 0 0 0 0 0 0 0 0 0 0 0 0 0 0 0 0 0 1.03072 0 0 0 0 0 0 0 
0 0 0 0 0 0 0 0 0 0.656097 0 0 0 0 0 0 0 0.656097 0 0 0 0 0 0 0.656097 -6.60652 0 1.54608 0 1.54608 0 0 0 0 0 0 0 0 0 0 0 0 0 0 0 0 0 0 0 0 0 0 0 0 0 0 0 1.54608 0 0 0 0 0 0 
0 0 0 0 0 0 0 0 0 0 0.656097 0 0 0 0 0 0 0 0.656097 0 0 0 0 0 0.656097 0 -6.60652 1.54608 0 0 1.54608 0 0 0 0 0 0 0 0 0 0 0 0 0 0 0 0 0 0 0 0 0 0 0 0 0 0 0 1.54608 0 0 0 0 0 
0 0 0 0 0 0 0 0 0 0 0 0.656097 0 0 0 0 0 0 0 0.656097 0 0 0 0 0 0.656097 0.656097 -6.74726 0 0 0 2.06144 0 0 0 0 0 0 0 0 0 0 0 0 0 0 0 0 0 0 0 0 0 0 0 0 0 0 0 2.06144 0 0 0 0 
0 0 0 0 0 0 0 0 0 0 0 0 0.656097 0 0 0 0 0 0 0 0.656097 0 0 0 0.656097 0 0 0 -6.60652 1.54608 1.54608 0 0 0 0 0 0 0 0 0 0 0 0 0 0 0 0 0 0 0 0 0 0 0 0 0 0 0 0 0 1.54608 0 0 0 
0 0 0 0 0 0 0 0 0 0 0 0 0 0.656097 0 0 0 0 0 0 0 0.656097 0 0 0 0.656097 0 0 0.656097 -6.74726 0 2.06144 0 0 0 0 0 0 0 0 0 0 0 0 0 0 0 0 0 0 0 0 0 0 0 0 0 0 0 0 0 2.06144 0 0 
0 0 0 0 0 0 0 0 0 0 0 0 0 0 0.656097 0 0 0 0 0 0 0 0.656097 0 0 0 0.656097 0 0.656097 0 -6.74726 2.06144 0 0 0 0 0 0 0 0 0 0 0 0 0 0 0 0 0 0 0 0 0 0 0 0 0 0 0 0 0 0 2.06144 0 
0 0 0 0 0 0 0 0 0 0 0 0 0 0 0 0.656097 0 0 0 0 0 0 0 0.656097 0 0 0 0.656097 0 0.656097 0.656097 -5.85728 0 0 0 0 0 0 0 0 0 0 0 0 0 0 0 0 0 0 0 0 0 0 0 0 0 0 0 0 0 0 0 2.5768 
0.656097 0 0 0 0 0 0 0 0 0 0 0 0 0 0 0 0 0 0 0 0 0 0 0 0 0 0 0 0 0 0 0 -3.23289 0.515359 0.515359 0 0.515359 0 0 0 0.515359 0 0 0 0 0 0 0 0.515359 0 0 0 0 0 0 0 0 0 0 0 0 0 0 0 
0 0.656097 0 0 0 0 0 0 0 0 0 0 0 0 0 0 0 0 0 0 0 0 0 0 0 0 0 0 0 0 0 0 0.656097 -5.43507 0 1.03072 0 1.03072 0 0 0 1.03072 0 0 0 0 0 0 0 1.03072 0 0 0 0 0 0 0 0 0 0 0 0 0 0 
0 0 0.656097 0 0 0 0 0 0 0 0 0 0 0 0 0 0 0 0 0 0 0 0 0 0 0 0 0 0 0 0 0 0.656097 0 -5.43507 1.03072 0 0 1.03072 0 0 0 1.03072 0 0 0 0 0 0 0 1.03072 0 0 0 0 0 0 0 0 0 0 0 0 0 
0 0 0 0.656097 0 0 0 0 0 0 0 0 0 0 0 0 0 0 0 0 0 0 0 0 0 0 0 0 0 0 0 0 0 0.656097 0.656097 -6.60652 0 0 0 1.54608 0 0 0 1.54608 0 0 0 0 0 0 0 1.54608 0 0 0 0 0 0 0 0 0 0 0 0 
0 0 0 0 0.656097 0 0 0 0 0 0 0 0 0 0 0 0 0 0 0 0 0 0 0 0 0 0 0 0 0 0 0 0.656097 0 0 0 -5.43507 1.03072 1.03072 0 0 0 0 0 1.03072 0 0 0 0 0 0 0 1.03072 0 0 0 0 0 0 0 0 0 0 0 
0 0 0 0 0 0.656097 0 0 0 0 0 0 0 0 0 0 0 0 0 0 0 0 0 0 0 0 0 0 0 0 0 0 0 0.656097 0 0 0.656097 -6.60652 0 1.54608 0 0 0 0 0 1.54608 0 0 0 0 0 0 0 1.54608 0 0 0 0 0 0 0 0 0 0 
0 0 0 0 0 0 0.656097 0 0 0 0 0 0 0 0 0 0 0 0 0 0 0 0 0 0 0 0 0 0 0 0 0 0 0 0.656097 0 0.656097 0 -6.60652 1.54608 0 0 0 0 0 0 1.54608 0 0 0 0 0 0 0 1.54608 0 0 0 0 0 0 0 0 0 
0 0 0 0 0 0 0 0.656097 0 0 0 0 0 0 0 0 0 0 0 0 0 0 0 0 0 0 0 0 0 0 0 0 0 0 0 0.656097 0 0.656097 0.656097 -6.74726 0 0 0 0 0 0 0 2.06144 0 0 0 0 0 0 0 2.06144 0 0 0 0 0 0 0 0 
0 0 0 0 0 0 0 0 0.656097 0 0 0 0 0 0 0 0 0 0 0 0 0 0 0 0 0 0 0 0 0 0 0 0.656097 0 0 0 0 0 0 0 -5.43507 1.03072 1.03072 0 1.03072 0 0 0 0 0 0 0 0 0 0 0 1.03072 0 0 0 0 0 0 0 
0 0 0 0 0 0 0 0 0 0.656097 0 0 0 0 0 0 0 0 0 0 0 0 0 0 0 0 0 0 0 0 0 0 0 0.656097 0 0 0 0 0 0 0.656097 -6.60652 0 1.54608 0 1.54608 0 0 0 0 0 0 0 0 0 0 0 1.54608 0 0 0 0 0 0 
0 0 0 0 0 0 0 0 0 0 0.656097 0 0 0 0 0 0 0 0 0 0 0 0 0 0 0 0 0 0 0 0 0 0 0 0.656097 0 0 0 0 0 0.656097 0 -6.60652 1.54608 0 0 1.54608 0 0 0 0 0 0 0 0 0 0 0 1.54608 0 0 0 0 0 
0 0 0 0 0 0 0 0 0 0 0 0.656097 0 0 0 0 0 0 0 0 0 0 0 0 0 0 0 0 0 0 0 0 0 0 0 0.656097 0 0 0 0 0 0.656097 0.656097 -6.74726 0 0 0 2.06144 0 0 0 0 0 0 0 0 0 0 0 2.06144 0 0 0 0 
0 0 0 0 0 0 0 0 0 0 0 0 0.656097 0 0 0 0 0 0 0 0 0 0 0 0 0 0 0 0 0 0 0 0 0 0 0 0.656097 0 0 0 0.656097 0 0 0 -6.60652 1.54608 1.54608 0 0 0 0 0 0 0 0 0 0 0 0 0 1.54608 0 0 0 
0 0 0 0 0 0 0 0 0 0 0 0 0 0.656097 0 0 0 0 0 0 0 0 0 0 0 0 0 0 0 0 0 0 0 0 0 0 0 0.656097 0 0 0 0.656097 0 0 0.656097 -6.74726 0 2.06144 0 0 0 0 0 0 0 0 0 0 0 0 0 2.06144 0 0 
0 0 0 0 0 0 0 0 0 0 0 0 0 0 0.656097 0 0 0 0 0 0 0 0 0 0 0 0 0 0 0 0 0 0 0 0 0 0 0 0.656097 0 0 0 0.656097 0 0.656097 0 -6.74726 2.06144 0 0 0 0 0 0 0 0 0 0 0 0 0 0 2.06144 0 
0 0 0 0 0 0 0 0 0 0 0 0 0 0 0 0.656097 0 0 0 0 0 0 0 0 0 0 0 0 0 0 0 0 0 0 0 0 0 0 0 0.656097 0 0 0 0.656097 0 0.656097 0.656097 -5.85728 0 0 0 0 0 0 0 0 0 0 0 0 0 0 0 2.5768 
0 0 0 0 0 0 0 0 0 0 0 0 0 0 0 0 0.656097 0 0 0 0 0 0 0 0 0 0 0 0 0 0 0 0.656097 0 0 0 0 0 0 0 0 0 0 0 0 0 0 0 -5.43507 1.03072 1.03072 0 1.03072 0 0 0 1.03072 0 0 0 0 0 0 0 
0 0 0 0 0 0 0 0 0 0 0 0 0 0 0 0 0 0.656097 0 0 0 0 0 0 0 0 0 0 0 0 0 0 0 0.656097 0 0 0 0 0 0 0 0 0 0 0 0 0 0 0.656097 -6.60652 0 1.54608 0 1.54608 0 0 0 1.54608 0 0 0 0 0 0 
0 0 0 0 0 0 0 0 0 0 0 0 0 0 0 0 0 0 0.656097 0 0 0 0 0 0 0 0 0 0 0 0 0 0 0 0.656097 0 0 0 0 0 0 0 0 0 0 0 0 0 0.656097 0 -6.60652 1.54608 0 0 1.54608 0 0 0 1.54608 0 0 0 0 0 
0 0 0 0 0 0 0 0 0 0 0 0 0 0 0 0 0 0 0 0.656097 0 0 0 0 0 0 0 0 0 0 0 0 0 0 0 0.656097 0 0 0 0 0 0 0 0 0 0 0 0 0 0.656097 0.656097 -6.74726 0 0 0 2.06144 0 0 0 2.06144 0 0 0 0 
0 0 0 0 0 0 0 0 0 0 0 0 0 0 0 0 0 0 0 0 0.656097 0 0 0 0 0 0 0 0 0 0 0 0 0 0 0 0.656097 0 0 0 0 0 0 0 0 0 0 0 0.656097 0 0 0 -6.60652 1.54608 1.54608 0 0 0 0 0 1.54608 0 0 0 
0 0 0 0 0 0 0 0 0 0 0 0 0 0 0 0 0 0 0 0 0 0.656097 0 0 0 0 0 0 0 0 0 0 0 0 0 0 0 0.656097 0 0 0 0 0 0 0 0 0 0 0 0.656097 0 0 0.656097 -6.74726 0 2.06144 0 0 0 0 0 2.06144 0 0 
0 0 0 0 0 0 0 0 0 0 0 0 0 0 0 0 0 0 0 0 0 0 0.656097 0 0 0 0 0 0 0 0 0 0 0 0 0 0 0 0.656097 0 0 0 0 0 0 0 0 0 0 0 0.656097 0 0.656097 0 -6.74726 2.06144 0 0 0 0 0 0 2.06144 0 
0 0 0 0 0 0 0 0 0 0 0 0 0 0 0 0 0 0 0 0 0 0 0 0.656097 0 0 0 0 0 0 0 0 0 0 0 0 0 0 0 0.656097 0 0 0 0 0 0 0 0 0 0 0 0.656097 0 0.656097 0.656097 -5.85728 0 0 0 0 0 0 0 2.5768 
0 0 0 0 0 0 0 0 0 0 0 0 0 0 0 0 0 0 0 0 0 0 0 0 0.656097 0 0 0 0 0 0 0 0 0 0 0 0 0 0 0 0.656097 0 0 0 0 0 0 0 0.656097 0 0 0 0 0 0 0 -6.60652 1.54608 1.54608 0 1.54608 0 0 0 
0 0 0 0 0 0 0 0 0 0 0 0 0 0 0 0 0 0 0 0 0 0 0 0 0 0.656097 0 0 0 0 0 0 0 0 0 0 0 0 0 0 0 0.656097 0 0 0 0 0 0 0 0.656097 0 0 0 0 0 0 0.656097 -6.74726 0 2.06144 0 2.06144 0 0 
0 0 0 0 0 0 0 0 0 0 0 0 0 0 0 0 0 0 0 0 0 0 0 0 0 0 0.656097 0 0 0 0 0 0 0 0 0 0 0 0 0 0 0 0.656097 0 0 0 0 0 0 0 0.656097 0 0 0 0 0 0.656097 0 -6.74726 2.06144 0 0 2.06144 0 
0 0 0 0 0 0 0 0 0 0 0 0 0 0 0 0 0 0 0 0 0 0 0 0 0 0 0 0.656097 0 0 0 0 0 0 0 0 0 0 0 0 0 0 0 0.656097 0 0 0 0 0 0 0 0.656097 0 0 0 0 0 0.656097 0.656097 -5.85728 0 0 0 2.5768 
0 0 0 0 0 0 0 0 0 0 0 0 0 0 0 0 0 0 0 0 0 0 0 0 0 0 0 0 0.656097 0 0 0 0 0 0 0 0 0 0 0 0 0 0 0 0.656097 0 0 0 0 0 0 0 0.656097 0 0 0 0.656097 0 0 0 -6.74726 2.06144 2.06144 0 
0 0 0 0 0 0 0 0 0 0 0 0 0 0 0 0 0 0 0 0 0 0 0 0 0 0 0 0 0 0.656097 0 0 0 0 0 0 0 0 0 0 0 0 0 0 0 0.656097 0 0 0 0 0 0 0 0.656097 0 0 0 0.656097 0 0 0.656097 -5.85728 0 2.5768 
0 0 0 0 0 0 0 0 0 0 0 0 0 0 0 0 0 0 0 0 0 0 0 0 0 0 0 0 0 0 0.656097 0 0 0 0 0 0 0 0 0 0 0 0 0 0 0 0.656097 0 0 0 0 0 0 0 0.656097 0 0 0 0.656097 0 0.656097 0 -5.85728 2.5768 
0 0 0 0 0 0 0 0 0 0 0 0 0 0 0 0 0 0 0 0 0 0 0 0 0 0 0 0 0 0 0 0.656097 0 0 0 0 0 0 0 0 0 0 0 0 0 0 0 0.656097 0 0 0 0 0 0 0 0.656097 0 0 0 0.656097 0 0.656097 0.656097 -3.93658 
