64
-0 0 0 0 0 0 0 0 0 0 0 0 0 0 0 0 0 0 0 0 0 0 0 0 0 0 0 0 0 0 0 0 0 0 0 0 0 0 0 0 0 0 0 0 0 0 0 0 0 0 0 0 0 0 0 0 0 0 0 0 0 0 0 0 
0.197459 -1.21513 0 0.203534 0 0.203534 0 0 0 0.203534 0 0 0 0 0 0 0 0.203534 0 0 0 0 0 0 0 0 0 0 0 0 0 0 0 0.203534 0 0 0 0 0 0 0 0 0 0 0 0 0 0 0 0 0 0 0 0 0 0 0 0 0 0 0 0 0 0 
0.197459 0 -1.21513 0.203534 0 0 0.203534 0 0 0 0.203534 0 0 0 0 0 0 0 0.203534 0 0 0 0 0 0 0 0 0 0 0 0 0 0 0 0.203534 0 0 0 0 0 0 0 0 0 0 0 0 0 0 0 0 0 0 0 0 0 0 0 0 0 0 0 0 0 
0 0.197459 0.197459 -2.02319 0 0 0 0.407068 0 0 0 0.407068 0 0 0 0 0 0 0 0.407068 0 0 0 0 0 0 0 0 0 0 0 0 0 0 0 0.407068 0 0 0 0 0 0 0 0 0 0 0 0 0 0 0 0 0 0 0 0 0 0 0 0 0 0 0 0 
0.197459 0 0 0 -1.21513 0.203534 0.203534 0 0 0 0 0 0.203534 0 0 0 0 0 0 0 0.203534 0 0 0 0 0 0 0 0 0 0 0 0 0 0 0 0.203534 0 0 0 0 0 0 0 0 0 0 0 0 0 0 0 0 0 0 0 0 0 0 0 0 0 0 0 
0 0.197459 0 0 0.197459 -2.02319 0 0.407068 0 0 0 0 0 0.407068 0 0 0 0 0 0 0 0.407068 0 0 0 0 0 0 0 0 0 0 0 0 0 0 0 0.407068 0 0 0 0 0 0 0 0 0 0 0 0 0 0 0 0 0 0 0 0 0 0 0 0 0 0 
0 0 0.197459 0 0.197459 0 -2.02319 0.407068 0 0 0 0 0 0 0.407068 0 0 0 0 0 0 0 0.407068 0 0 0 0 0 0 0 0 0 0 0 0 0 0 0 0.407068 0 0 0 0 0 0 0 0 0 0 0 0 0 0 0 0 0 0 0 0 0 0 0 0 0 
0 0 0 0.197459 0 0.197459 0.197459 -2.42418 0 0 0 0 0 0 0 0.610601 0 0 0 0 0 0 0 0.610601 0 0 0 0 0 0 0 0 0 0 0 0 0 0 0 0.610601 0 0 0 0 0 0 0 0 0 0 0 0 0 0 0 0 0 0 0 0 0 0 0 0 
0.197459 0 0 0 0 0 0 0 -1.21513 0.203534 0.203534 0 0.203534 0 0 0 0 0 0 0 0 0 0 0 0.203534 0 0 0 0 0 0 0 0 0 0 0 0 0 0 0 0.203534 0 0 0 0 0 0 0 0 0 0 0 0 0 0 0 0 0 0 0 0 0 0 0 
0 0.197459 0 0 0 0 0 0 0.197459 -2.02319 0 0.407068 0 0.407068 0 0 0 0 0 0 0 0 0 0 0 0.407068 0 0 0 0 0 0 0 0 0 0 0 0 0 0 0 0.407068 0 0 0 0 0 0 0 0 0 0 0 0 0 0 0 0 0 0 0 0 0 0 
0 0 0.197459 0 0 0 0 0 0.197459 0 -2.02319 0.407068 0 0 0.407068 0 0 0 0 0 0 0 0 0 0 0 0.407068 0 0 0 0 0 0 0 0 0 0 0 0 0 0 0 0.407068 0 0 0 0 0 0 0 0 0 0 0 0 0 0 0 0 0 0 0 0 0 
0 0 0 0.197459 0 0 0 0 0 0.197459 0.197459 -2.42418 0 0 0 0.610601 0 0 0 0 0 0 0 0 0 0 0 0.610601 0 0 0 0 0 0 0 0 0 0 0 0 0 0 0 0.610601 0 0 0 0 0 0 0 0 0 0 0 0 0 0 0 0 0 0 0 0 
0 0 0 0 0.197459 0 0 0 0.197459 0 0 0 -2.02319 0.407068 0.407068 0 0 0 0 0 0 0 0 0 0 0 0 0 0.407068 0 0 0 0 0 0 0 0 0 0 0 0 0 0 0 0.407068 0 0 0 0 0 0 0 0 0 0 0 0 0 0 0 0 0 0 0 
0 0 0 0 0 0.197459 0 0 0 0.197459 0 0 0.197459 -2.42418 0 0.610601 0 0 0 0 0 0 0 0 0 0 0 0 0 0.610601 0 0 0 0 0 0 0 0 0 0 0 0 0 0 0 0.610601 0 0 0 0 0 0 0 0 0 0 0 0 0 0 0 0 0 0 
0 0 0 0 0 0 0.197459 0 0 0 0.197459 0 0.197459 0 -2.42418 0.610601 0 0 0 0 0 0 0 0 0 0 0 0 0 0 0.610601 0 0 0 0 0 0 0 0 0 0 0 0 0 0 0 0.610601 0 0 0 0 0 0 0 0 0 0 0 0 0 0 0 0 0 
0 0 0 0 0 0 0 0.197459 0 0 0 0.197459 0 0.197459 0.197459 -2.41811 0 0 0 0 0 0 0 0 0 0 0 0 0 0 0 0.814135 0 0 0 0 0 0 0 0 0 0 0 0 0 0 0 0.814135 0 0 0 0 0 0 0 0 0 0 0 0 0 0 0 0 
0.197459 0 0 0 0 0 0 0 0 0 0 0 0 0 0 0 -1.21513 0.203534 0.203534 0 0.203534 0 0 0 0.203534 0 0 0 0 0 0 0 0 0 0 0 0 0 0 0 0 0 0 0 0 0 0 0 0.203534 0 0 0 0 0 0 0 0 0 0 0 0 0 0 0 
0 0.197459 0 0 0 0 0 0 0 0 0 0 0 0 0 0 0.197459 -2.02319 0 0.407068 0 0.407068 0 0 0 0.407068 0 0 0 0 0 0 0 0 0 0 0 0 0 0 0 0 0 0 0 0 0 0 0 0.407068 0 0 0 0 0 0 0 0 0 0 0 0 0 0 
0 0 0.197459 0 0 0 0 0 0 0 0 0 0 0 0 0 0.197459 0 -2.02319 0.407068 0 0 0.407068 0 0 0 0.407068 0 0 0 0 0 0 0 0 0 0 0 0 0 0 0 0 0 0 0 0 0 0 0 0.407068 0 0 0 0 0 0 0 0 0 0 0 0 0 
0 0 0 0.197459 0 0 0 0 0 0 0 0 0 0 0 0 0 0.197459 0.197459 -2.42418 0 0 0 0.610601 0 0 0 0.610601 0 0 0 0 0 0 0 0 0 0 0 0 0 0 0 0 0 0 0 0 0 0 0 0.610601 0 0 0 0 0 0 0 0 0 0 0 0 
0 0 0 0 0.197459 0 0 0 0 0 0 0 0 0 0 0 0.197459 0 0 0 -2.02319 0.407068 0.407068 0 0 0 0 0 0.407068 0 0 0 0 0 0 0 0 0 0 0 0 0 0 0 0 0 0 0 0 0 0 0 0.407068 0 0 0 0 0 0 0 0 0 0 0 
0 0 0 0 0 0.197459 0 0 0 0 0 0 0 0 0 0 0 0.197459 0 0 0.197459 -2.42418 0 0.610601 0 0 0 0 0 0.610601 0 0 0 0 0 0 0 0 0 0 0 0 0 0 0 0 0 0 0 0 0 0 0 0.610601 0 0 0 0 0 0 0 0 0 0 
0 0 0 0 0 0 0.197459 0 0 0 0 0 0 0 0 0 0 0 0.197459 0 0.197459 0 -2.42418 0.610601 0 0 0 0 0 0 0.610601 0 0 0 0 0 0 0 0 0 0 0 0 0 0 0 0 0 0 0 0 0 0 0 0.610601 0 0 0 0 0 0 0 0 0 
0 0 0 0 0 0 0 0.197459 0 0 0 0 0 0 0 0 0 0 0 0.197459 0 0.197459 0.197459 -2.41811 0 0 0 0 0 0 0 0.814135 0 0 0 0 0 0 0 0 0 0 0 0 0 0 0 0 0 0 0 0 0 0 0 0.814135 0 0 0 0 0 0 0 0 
0 0 0 0 0 0 0 0 0.197459 0 0 0 0 0 0 0 0.197459 0 0 0 0 0 0 0 -2.02319 0.407068 0.407068 0 0.407068 0 0 0 0 0 0 0 0 0 0 0 0 0 0 0 0 0 0 0 0 0 0 0 0 0 0 0 0.407068 0 0 0 0 0 0 0 
0 0 0 0 0 0 0 0 0 0.197459 0 0 0 0 0 0 0 0.197459 0 0 0 0 0 0 0.197459 -2.42418 0 0.610601 0 0.610601 0 0 0 0 0 0 0 0 0 0 0 0 0 0 0 0 0 0 0 0 0 0 0 0 0 0 0 0.610601 0 0 0 0 0 0 
0 0 0 0 0 0 0 0 0 0 0.197459 0 0 0 0 0 0 0 0.197459 0 0 0 0 0 0.197459 0 -2.42418 0.610601 0 0 0.610601 0 0 0 0 0 0 0 0 0 0 0 0 0 0 0 0 0 0 0 0 0 0 0 0 0 0 0 0.610601 0 0 0 0 0 
0 0 0 0 0 0 0 0 0 0 0 0.197459 0 0 0 0 0 0 0 0.197459 0 0 0 0 0 0.197459 0.197459 -2.41811 0 0 0 0.814135 0 0 0 0 0 0 0 0 0 0 0 0 0 0 0 0 0 0 0 0 0 0 0 0 0 0 0 0.814135 0 0 0 0 
0 0 0 0 0 0 0 0 0 0 0 0 0.197459 0 0 0 0 0 0 0 0.197459 0 0 0 0.197459 0 0 0 -2.42418 0.610601 0.610601 0 0 0 0 0 0 0 0 0 0 0 0 0 0 0 0 0 0 0 0 0 0 0 0 0 0 0 0 0 0.610601 0 0 0 
0 0 0 0 0 0 0 0 0 0 0 0 0 0.197459 0 0 0 0 0 0 0 0.197459 0 0 0 0.197459 0 0 0.197459 -2.41811 0 0.814135 0 0 0 0 0 0 0 0 0 0 0 0 0 0 0 0 0 0 0 0 0 0 0 0 0 0 0 0 0 0.814135 0 0 
0 0 0 0 0 0 0 0 0 0 0 0 0 0 0.197459 0 0 0 0 0 0 0 0.197459 0 0 0 0.197459 0 0.197459 0 -2.41811 0.814135 0 0 0 0 0 0 0 0 0 0 0 0 0 0 0 0 0 0 0 0 0 0 0 0 0 0 0 0 0 0 0.814135 0 
0 0 0 0 0 0 0 0 0 0 0 0 0 0 0 0.197459 0 0 0 0 0 0 0 0.197459 0 0 0 0.197459 0 0.197459 0.197459 -2.00496 0 0 0 0 0 0 0 0 0 0 0 0 0 0 0 0 0 0 0 0 0 0 0 0 0 0 0 0 0 0 0 1.01767 
0.197459 0 0 0 0 0 0 0 0 0 0 0 0 0 0 0 0 0 0 0 0 0 0 0 0 0 0 0 0 0 0 0 -1.21513 0.203534 0.203534 0 0.203534 0 0 0 0.203534 0 0 0 0 0 0 0 0.203534 0 0 0 0 0 0 0 0 0 0 0 0 0 0 0 
0 0.197459 0 0 0 0 0 0 0 0 0 0 0 0 0 0 0 0 0 0 0 0 0 0 0 0 0 0 0 0 0 0 0.197459 -2.02319 0 0.407068 0 0.407068 0 0 0 0.407068 0 0 0 0 0 0 0 0.407068 0 0 0 0 0 0 0 0 0 0 0 0 0 0 
0 0 0.197459 0 0 0 0 0 0 0 0 0 0 0 0 0 0 0 0 0 0 0 0 0 0 0 0 0 0 0 0 0 0.197459 0 -2.02319 0.407068 0 0 0.407068 0 0 0 0.407068 0 0 0 0 0 0 0 0.407068 0 0 0 0 0 0 0 0 0 0 0 0 0 
0 0 0 0.197459 0 0 0 0 0 0 0 0 0 0 0 0 0 0 0 0 0 0 0 0 0 0 0 0 0 0 0 0 0 0.197459 0.197459 -2.42418 0 0 0 0.610601 0 0 0 0.610601 0 0 0 0 0 0 0 0.610601 0 0 0 0 0 0 0 0 0 0 0 0 
0 0 0 0 0.197459 0 0 0 0 0 0 0 0 0 0 0 0 0 0 0 0 0 0 0 0 0 0 0 0 0 0 0 0.197459 0 0 0 -2.02319 0.407068 0.407068 0 0 0 0 0 0.407068 0 0 0 0 0 0 0 0.407068 0 0 0 0 0 0 0 0 0 0 0 
0 0 0 0 0 0.197459 0 0 0 0 0 0 0 0 0 0 0 0 0 0 0 0 0 0 0 0 0 0 0 0 0 0 0 0.197459 0 0 0.197459 -2.42418 0 0.610601 0 0 0 0 0 0.610601 0 0 0 0 0 0 0 0.610601 0 0 0 0 0 0 0 0 0 0 
0 0 0 0 0 0 0.197459 0 0 0 0 0 0 0 0 0 0 0 0 0 0 0 0 0 0 0 0 0 0 0 0 0 0 0 0.197459 0 0.197459 0 -2.42418 0.610601 0 0 0 0 0 0 0.610601 0 0 0 0 0 0 0 0.610601 0 0 0 0 0 0 0 0 0 
0 0 0 0 0 0 0 0.197459 0 0 0 0 0 0 0 0 0 0 0 0 0 0 0 0 0 0 0 0 0 0 0 0 0 0 0 0.197459 0 0.197459 0.197459 -2.41811 0 0 0 0 0 0 0 0.814135 0 0 0 0 0 0 0 0.814135 0 0 0 0 0 0 0 0 
0 0 0 0 0 0 0 0 0.197459 0 0 0 0 0 0 0 0 0 0 0 0 0 0 0 0 0 0 0 0 0 0 0 0.197459 0 0 0 0 0 0 0 -2.02319 0.407068 0.407068 0 0.407068 0 0 0 0 0 0 0 0 0 0 0 0.407068 0 0 0 0 0 0 0 
0 0 0 0 0 0 0 0 0 0.197459 0 0 0 0 0 0 0 0 0 0 0 0 0 0 0 0 0 0 0 0 0 0 0 0.197459 0 0 0 0 0 0 0.197459 -2.42418 0 0.610601 0 0.610601 0 0 0 0 0 0 0 0 0 0 0 0.610601 0 0 0 0 0 0 
0 0 0 0 0 0 0 0 0 0 0.197459 0 0 0 0 0 0 0 0 0 0 0 0 0 0 0 0 0 0 0 0 0 0 0 0.197459 0 0 0 0 0 0.197459 0 -2.42418 0.610601 0 0 0.610601 0 0 0 0 0 0 0 0 0 0 0 0.610601 0 0 0 0 0 
0 0 0 0 0 0 0 0 0 0 0 0.197459 0 0 0 0 0 0 0 0 0 0 0 0 0 0 0 0 0 0 0 0 0 0 0 0.197459 0 0 0 0 0 0.197459 0.197459 -2.41811 0 0 0 0.814135 0 0 0 0 0 0 0 0 0 0 0 0.814135 0 0 0 0 
0 0 0 0 0 0 0 0 0 0 0 0 0.197459 0 0 0 0 0 0 0 0 0 0 0 0 0 0 0 0 0 0 0 0 0 0 0 0.197459 0 0 0 0.197459 0 0 0 -2.42418 0.610601 0.610601 0 0 0 0 0 0 0 0 0 0 0 0 0 0.610601 0 0 0 
0 0 0 0 0 0 0 0 0 0 0 0 0 0.197459 0 0 0 0 0 0 0 0 0 0 0 0 0 0 0 0 0 0 0 0 0 0 0 0.197459 0 0 0 0.197459 0 0 0.197459 -2.41811 0 0.814135 0 0 0 0 0 0 0 0 0 0 0 0 0 0.814135 0 0 
0 0 0 0 0 0 0 0 0 0 0 0 0 0 0.197459 0 0 0 0 0 0 0 0 0 0 0 0 0 0 0 0 0 0 0 0 0 0 0 0.197459 0 0 0 0.197459 0 0.197459 0 -2.41811 0.814135 0 0 0 0 0 0 0 0 0 0 0 0 0 0 0.814135 0 
0 0 0 0 0 0 0 0 0 0 0 0 0 0 0 0.197459 0 0 0 0 0 0 0 0 0 0 0 0 0 0 0 0 0 0 0 0 0 0 0 0.197459 0 0 0 0.197459 0 0.197459 0.197459 -2.00496 0 0 0 0 0 0 0 0 0 0 0 0 0 0 0 1.01767 
0 0 0 0 0 0 0 0 0 0 0 0 0 0 0 0 0.197459 0 0 0 0 0 0 0 0 0 0 0 0 0 0 0 0.197459 0 0 0 0 0 0 0 0 0 0 0 0 0 0 0 -2.02319 0.407068 0.407068 0 0.407068 0 0 0 0.407068 0 0 0 0 0 0 0 
0 0 0 0 0 0 0 0 0 0 0 0 0 0 0 0 0 0.197459 0 0 0 0 0 0 0 0 0 0 0 0 0 0 0 0.197459 0 0 0 0 0 0 0 0 0 0 0 0 0 0 0.197459 -2.42418 0 0.610601 0 0.610601 0 0 0 0.610601 0 0 0 0 0 0 
0 0 0 0 0 0 0 0 0 0 0 0 0 0 0 0 0 0 0.197459 0 0 0 0 0 0 0 0 0 0 0 0 0 0 0 0.197459 0 0 0 0 0 0 0 0 0 0 0 0 0 0.197459 0 -2.42418 0.610601 0 0 0.610601 0 0 0 0.610601 0 0 0 0 0 
0 0 0 0 0 0 0 0 0 0 0 0 0 0 0 0 0 0 0 0.197459 0 0 0 0 0 0 0 0 0 0 0 0 0 0 0 0.197459 0 0 0 0 0 0 0 0 0 0 0 0 0 0.197459 0.197459 -2.41811 0 0 0 0.814135 0 0 0 0.814135 0 0 0 0 
0 0 0 0 0 0 0 0 0 0 0 0 0 0 0 0 0 0 0 0 0.197459 0 0 0 0 0 0 0 0 0 0 0 0 0 0 0 0.197459 0 0 0 0 0 0 0 0 0 0 0 0.197459 0 0 0 -2.42418 0.610601 0.610601 0 0 0 0 0 0.610601 0 0 0 
0 0 0 0 0 0 0 0 0 0 0 0 0 0 0 0 0 0 0 0 0 0.197459 0 0 0 0 0 0 0 0 0 0 0 0 0 0 0 0.197459 0 0 0 0 0 0 0 0 0 0 0 0.197459 0 0 0.197459 -2.41811 0 0.814135 0 0 0 0 0 0.814135 0 0 
0 0 0 0 0 0 0 0 0 0 0 0 0 0 0 0 0 0 0 0 0 0 0.197459 0 0 0 0 0 0 0 0 0 0 0 0 0 0 0 0.197459 0 0 0 0 0 0 0 0 0 0 0 0.197459 0 0.197459 0 -2.41811 0.814135 0 0 0 0 0 0 0.814135 0 
0 0 0 0 0 0 0 0 0 0 0 0 0 0 0 0 0 0 0 0 0 0 0 0.197459 0 0 0 0 0 0 0 0 0 0 0 0 0 0 0 0.197459 0 0 0 0 0 0 0 0 0 0 0 0.197459 0 0.197459 0.197459 -2.00496 0 0 0 0 0 0 0 1.01767 
0 0 0 0 0 0 0 0 0 0 0 0 0 0 0 0 0 0 0 0 0 0 0 0 0.197459 0 0 0 0 0 0 0 0 0 0 0 0 0 0 0 0.197459 0 0 0 0 0 0 0 0.197459 0 0 0 0 0 0 0 -2.42418 0.610601 0.610601 0 0.610601 0 0 0 
0 0 0 0 0 0 0 0 0 0 0 0 0 0 0 0 0 0 0 0 0 0 0 0 0 0.197459 0 0 0 0 0 0 0 0 0 0 0 0 0 0 0 0.197459 0 0 0 0 0 0 0 0.197459 0 0 0 0 0 0 0.197459 -2.41811 0 0.814135 0 0.814135 0 0 
0 0 0 0 0 0 0 0 0 0 0 0 0 0 0 0 0 0 0 0 0 0 0 0 0 0 0.197459 0 0 0 0 0 0 0 0 0 0 0 0 0 0 0 0.197459 0 0 0 0 0 0 0 0.197459 0 0 0 0 0 0.197459 0 -2.41811 0.814135 0 0 0.814135 0 
0 0 0 0 0 0 0 0 0 0 0 0 0 0 0 0 0 0 0 0 0 0 0 0 0 0 0 0.197459 0 0 0 0 0 0 0 0 0 0 0 0 0 0 0 0.197459 0 0 0 0 0 0 0 0.197459 0 0 0 0 0 0.197459 0.197459 -2.00496 0 0 0 1.01767 
0 0 0 0 0 0 0 0 0 0 0 0 0 0 0 0 0 0 0 0 0 0 0 0 0 0 0 0 0.197459 0 0 0 0 0 0 0 0 0 0 0 0 0 0 0 0.197459 0 0 0 0 0 0 0 0.197459 0 0 0 0.197459 0 0 0 -2.41811 0.814135 0.814135 0 
0 0 0 0 0 0 0 0 0 0 0 0 0 0 0 0 0 0 0 0 0 0 0 0 0 0 0 0 0 0.197459 0 0 0 0 0 0 0 0 0 0 0 0 0 0 0 0.197459 0 0 0 0 0 0 0 0.197459 0 0 0 0.197459 0 0 0.197459 -2.00496 0 1.01767 
0 0 0 0 0 0 0 0 0 0 0 0 0 0 0 0 0 0 0 0 0 0 0 0 0 0 0 0 0 0 0.197459 0 0 0 0 0 0 0 0 0 0 0 0 0 0 0 0.197459 0 0 0 0 0 0 0 0.197459 0 0 0 0.197459 0 0.197459 0 -2.00496 1.01767 
0 0 0 0 0 0 0 0 0 0 0 0 0 0 0 0 0 0 0 0 0 0 0 0 0 0 0 0 0 0 0 0.197459 0 0 0 0 0 0 0 0 0 0 0 0 0 0 0 0.197459 0 0 0 0 0 0 0 0.197459 0 0 0 0.197459 0 0.197459 0.197459 -1.18475 
