64
-0 0 0 0 0 0 0 0 0 0 0 0 0 0 0 0 0 0 0 0 0 0 0 0 0 0 0 0 0 0 0 0 0 0 0 0 0 0 0 0 0 0 0 0 0 0 0 0 0 0 0 0 0 0 0 0 0 0 0 0 0 0 0 0 
0.64666 -3.51292 0 0.573253 0 0.573253 0 0 0 0.573253 0 0 0 0 0 0 0 0.573253 0 0 0 0 0 0 0 0 0 0 0 0 0 0 0 0.573253 0 0 0 0 0 0 0 0 0 0 0 0 0 0 0 0 0 0 0 0 0 0 0 0 0 0 0 0 0 0 
0.64666 0 -3.51292 0.573253 0 0 0.573253 0 0 0 0.573253 0 0 0 0 0 0 0 0.573253 0 0 0 0 0 0 0 0 0 0 0 0 0 0 0 0.573253 0 0 0 0 0 0 0 0 0 0 0 0 0 0 0 0 0 0 0 0 0 0 0 0 0 0 0 0 0 
0 0.64666 0.64666 -5.87934 0 0 0 1.14651 0 0 0 1.14651 0 0 0 0 0 0 0 1.14651 0 0 0 0 0 0 0 0 0 0 0 0 0 0 0 1.14651 0 0 0 0 0 0 0 0 0 0 0 0 0 0 0 0 0 0 0 0 0 0 0 0 0 0 0 0 
0.64666 0 0 0 -3.51292 0.573253 0.573253 0 0 0 0 0 0.573253 0 0 0 0 0 0 0 0.573253 0 0 0 0 0 0 0 0 0 0 0 0 0 0 0 0.573253 0 0 0 0 0 0 0 0 0 0 0 0 0 0 0 0 0 0 0 0 0 0 0 0 0 0 0 
0 0.64666 0 0 0.64666 -5.87934 0 1.14651 0 0 0 0 0 1.14651 0 0 0 0 0 0 0 1.14651 0 0 0 0 0 0 0 0 0 0 0 0 0 0 0 1.14651 0 0 0 0 0 0 0 0 0 0 0 0 0 0 0 0 0 0 0 0 0 0 0 0 0 0 
0 0 0.64666 0 0.64666 0 -5.87934 1.14651 0 0 0 0 0 0 1.14651 0 0 0 0 0 0 0 1.14651 0 0 0 0 0 0 0 0 0 0 0 0 0 0 0 1.14651 0 0 0 0 0 0 0 0 0 0 0 0 0 0 0 0 0 0 0 0 0 0 0 0 0 
0 0 0 0.64666 0 0.64666 0.64666 -7.09925 0 0 0 0 0 0 0 1.71976 0 0 0 0 0 0 0 1.71976 0 0 0 0 0 0 0 0 0 0 0 0 0 0 0 1.71976 0 0 0 0 0 0 0 0 0 0 0 0 0 0 0 0 0 0 0 0 0 0 0 0 
0.64666 0 0 0 0 0 0 0 -3.51292 0.573253 0.573253 0 0.573253 0 0 0 0 0 0 0 0 0 0 0 0.573253 0 0 0 0 0 0 0 0 0 0 0 0 0 0 0 0.573253 0 0 0 0 0 0 0 0 0 0 0 0 0 0 0 0 0 0 0 0 0 0 0 
0 0.64666 0 0 0 0 0 0 0.64666 -5.87934 0 1.14651 0 1.14651 0 0 0 0 0 0 0 0 0 0 0 1.14651 0 0 0 0 0 0 0 0 0 0 0 0 0 0 0 1.14651 0 0 0 0 0 0 0 0 0 0 0 0 0 0 0 0 0 0 0 0 0 0 
0 0 0.64666 0 0 0 0 0 0.64666 0 -5.87934 1.14651 0 0 1.14651 0 0 0 0 0 0 0 0 0 0 0 1.14651 0 0 0 0 0 0 0 0 0 0 0 0 0 0 0 1.14651 0 0 0 0 0 0 0 0 0 0 0 0 0 0 0 0 0 0 0 0 0 
0 0 0 0.64666 0 0 0 0 0 0.64666 0.64666 -7.09925 0 0 0 1.71976 0 0 0 0 0 0 0 0 0 0 0 1.71976 0 0 0 0 0 0 0 0 0 0 0 0 0 0 0 1.71976 0 0 0 0 0 0 0 0 0 0 0 0 0 0 0 0 0 0 0 0 
0 0 0 0 0.64666 0 0 0 0.64666 0 0 0 -5.87934 1.14651 1.14651 0 0 0 0 0 0 0 0 0 0 0 0 0 1.14651 0 0 0 0 0 0 0 0 0 0 0 0 0 0 0 1.14651 0 0 0 0 0 0 0 0 0 0 0 0 0 0 0 0 0 0 0 
0 0 0 0 0 0.64666 0 0 0 0.64666 0 0 0.64666 -7.09925 0 1.71976 0 0 0 0 0 0 0 0 0 0 0 0 0 1.71976 0 0 0 0 0 0 0 0 0 0 0 0 0 0 0 1.71976 0 0 0 0 0 0 0 0 0 0 0 0 0 0 0 0 0 0 
0 0 0 0 0 0 0.64666 0 0 0 0.64666 0 0.64666 0 -7.09925 1.71976 0 0 0 0 0 0 0 0 0 0 0 0 0 0 1.71976 0 0 0 0 0 0 0 0 0 0 0 0 0 0 0 1.71976 0 0 0 0 0 0 0 0 0 0 0 0 0 0 0 0 0 
0 0 0 0 0 0 0 0.64666 0 0 0 0.64666 0 0.64666 0.64666 -7.17266 0 0 0 0 0 0 0 0 0 0 0 0 0 0 0 2.29301 0 0 0 0 0 0 0 0 0 0 0 0 0 0 0 2.29301 0 0 0 0 0 0 0 0 0 0 0 0 0 0 0 0 
0.64666 0 0 0 0 0 0 0 0 0 0 0 0 0 0 0 -3.51292 0.573253 0.573253 0 0.573253 0 0 0 0.573253 0 0 0 0 0 0 0 0 0 0 0 0 0 0 0 0 0 0 0 0 0 0 0 0.573253 0 0 0 0 0 0 0 0 0 0 0 0 0 0 0 
0 0.64666 0 0 0 0 0 0 0 0 0 0 0 0 0 0 0.64666 -5.87934 0 1.14651 0 1.14651 0 0 0 1.14651 0 0 0 0 0 0 0 0 0 0 0 0 0 0 0 0 0 0 0 0 0 0 0 1.14651 0 0 0 0 0 0 0 0 0 0 0 0 0 0 
0 0 0.64666 0 0 0 0 0 0 0 0 0 0 0 0 0 0.64666 0 -5.87934 1.14651 0 0 1.14651 0 0 0 1.14651 0 0 0 0 0 0 0 0 0 0 0 0 0 0 0 0 0 0 0 0 0 0 0 1.14651 0 0 0 0 0 0 0 0 0 0 0 0 0 
0 0 0 0.64666 0 0 0 0 0 0 0 0 0 0 0 0 0 0.64666 0.64666 -7.09925 0 0 0 1.71976 0 0 0 1.71976 0 0 0 0 0 0 0 0 0 0 0 0 0 0 0 0 0 0 0 0 0 0 0 1.71976 0 0 0 0 0 0 0 0 0 0 0 0 
0 0 0 0 0.64666 0 0 0 0 0 0 0 0 0 0 0 0.64666 0 0 0 -5.87934 1.14651 1.14651 0 0 0 0 0 1.14651 0 0 0 0 0 0 0 0 0 0 0 0 0 0 0 0 0 0 0 0 0 0 0 1.14651 0 0 0 0 0 0 0 0 0 0 0 
0 0 0 0 0 0.64666 0 0 0 0 0 0 0 0 0 0 0 0.64666 0 0 0.64666 -7.09925 0 1.71976 0 0 0 0 0 1.71976 0 0 0 0 0 0 0 0 0 0 0 0 0 0 0 0 0 0 0 0 0 0 0 1.71976 0 0 0 0 0 0 0 0 0 0 
0 0 0 0 0 0 0.64666 0 0 0 0 0 0 0 0 0 0 0 0.64666 0 0.64666 0 -7.09925 1.71976 0 0 0 0 0 0 1.71976 0 0 0 0 0 0 0 0 0 0 0 0 0 0 0 0 0 0 0 0 0 0 0 1.71976 0 0 0 0 0 0 0 0 0 
0 0 0 0 0 0 0 0.64666 0 0 0 0 0 0 0 0 0 0 0 0.64666 0 0.64666 0.64666 -7.17266 0 0 0 0 0 0 0 2.29301 0 0 0 0 0 0 0 0 0 0 0 0 0 0 0 0 0 0 0 0 0 0 0 2.29301 0 0 0 0 0 0 0 0 
0 0 0 0 0 0 0 0 0.64666 0 0 0 0 0 0 0 0.64666 0 0 0 0 0 0 0 -5.87934 1.14651 1.14651 0 1.14651 0 0 0 0 0 0 0 0 0 0 0 0 0 0 0 0 0 0 0 0 0 0 0 0 0 0 0 1.14651 0 0 0 0 0 0 0 
0 0 0 0 0 0 0 0 0 0.64666 0 0 0 0 0 0 0 0.64666 0 0 0 0 0 0 0.64666 -7.09925 0 1.71976 0 1.71976 0 0 0 0 0 0 0 0 0 0 0 0 0 0 0 0 0 0 0 0 0 0 0 0 0 0 0 1.71976 0 0 0 0 0 0 
0 0 0 0 0 0 0 0 0 0 0.64666 0 0 0 0 0 0 0 0.64666 0 0 0 0 0 0.64666 0 -7.09925 1.71976 0 0 1.71976 0 0 0 0 0 0 0 0 0 0 0 0 0 0 0 0 0 0 0 0 0 0 0 0 0 0 0 1.71976 0 0 0 0 0 
0 0 0 0 0 0 0 0 0 0 0 0.64666 0 0 0 0 0 0 0 0.64666 0 0 0 0 0 0.64666 0.64666 -7.17266 0 0 0 2.29301 0 0 0 0 0 0 0 0 0 0 0 0 0 0 0 0 0 0 0 0 0 0 0 0 0 0 0 2.29301 0 0 0 0 
0 0 0 0 0 0 0 0 0 0 0 0 0.64666 0 0 0 0 0 0 0 0.64666 0 0 0 0.64666 0 0 0 -7.09925 1.71976 1.71976 0 0 0 0 0 0 0 0 0 0 0 0 0 0 0 0 0 0 0 0 0 0 0 0 0 0 0 0 0 1.71976 0 0 0 
0 0 0 0 0 0 0 0 0 0 0 0 0 0.64666 0 0 0 0 0 0 0 0.64666 0 0 0 0.64666 0 0 0.64666 -7.17266 0 2.29301 0 0 0 0 0 0 0 0 0 0 0 0 0 0 0 0 0 0 0 0 0 0 0 0 0 0 0 0 0 2.29301 0 0 
0 0 0 0 0 0 0 0 0 0 0 0 0 0 0.64666 0 0 0 0 0 0 0 0.64666 0 0 0 0.64666 0 0.64666 0 -7.17266 2.29301 0 0 0 0 0 0 0 0 0 0 0 0 0 0 0 0 0 0 0 0 0 0 0 0 0 0 0 0 0 0 2.29301 0 
0 0 0 0 0 0 0 0 0 0 0 0 0 0 0 0.64666 0 0 0 0 0 0 0 0.64666 0 0 0 0.64666 0 0.64666 0.64666 -6.09956 0 0 0 0 0 0 0 0 0 0 0 0 0 0 0 0 0 0 0 0 0 0 0 0 0 0 0 0 0 0 0 2.86626 
0.64666 0 0 0 0 0 0 0 0 0 0 0 0 0 0 0 0 0 0 0 0 0 0 0 0 0 0 0 0 0 0 0 -3.51292 0.573253 0.573253 0 0.573253 0 0 0 0.573253 0 0 0 0 0 0 0 0.573253 0 0 0 0 0 0 0 0 0 0 0 0 0 0 0 
0 0.64666 0 0 0 0 0 0 0 0 0 0 0 0 0 0 0 0 0 0 0 0 0 0 0 0 0 0 0 0 0 0 0.64666 -5.87934 0 1.14651 0 1.14651 0 0 0 1.14651 0 0 0 0 0 0 0 1.14651 0 0 0 0 0 0 0 0 0 0 0 0 0 0 
0 0 0.64666 0 0 0 0 0 0 0 0 0 0 0 0 0 0 0 0 0 0 0 0 0 0 0 0 0 0 0 0 0 0.64666 0 -5.87934 1.14651 0 0 1.14651 0 0 0 1.14651 0 0 0 0 0 0 0 1.14651 0 0 0 0 0 0 0 0 0 0 0 0 0 
0 0 0 0.64666 0 0 0 0 0 0 0 0 0 0 0 0 0 0 0 0 0 0 0 0 0 0 0 0 0 0 0 0 0 0.64666 0.64666 -7.09925 0 0 0 1.71976 0 0 0 1.71976 0 0 0 0 0 0 0 1.71976 0 0 0 0 0 0 0 0 0 0 0 0 
0 0 0 0 0.64666 0 0 0 0 0 0 0 0 0 0 0 0 0 0 0 0 0 0 0 0 0 0 0 0 0 0 0 0.64666 0 0 0 -5.87934 1.14651 1.14651 0 0 0 0 0 1.14651 0 0 0 0 0 0 0 1.14651 0 0 0 0 0 0 0 0 0 0 0 
0 0 0 0 0 0.64666 0 0 0 0 0 0 0 0 0 0 0 0 0 0 0 0 0 0 0 0 0 0 0 0 0 0 0 0.64666 0 0 0.64666 -7.09925 0 1.71976 0 0 0 0 0 1.71976 0 0 0 0 0 0 0 1.71976 0 0 0 0 0 0 0 0 0 0 
0 0 0 0 0 0 0.64666 0 0 0 0 0 0 0 0 0 0 0 0 0 0 0 0 0 0 0 0 0 0 0 0 0 0 0 0.64666 0 0.64666 0 -7.09925 1.71976 0 0 0 0 0 0 1.71976 0 0 0 0 0 0 0 1.71976 0 0 0 0 0 0 0 0 0 
0 0 0 0 0 0 0 0.64666 0 0 0 0 0 0 0 0 0 0 0 0 0 0 0 0 0 0 0 0 0 0 0 0 0 0 0 0.64666 0 0.64666 0.64666 -7.17266 0 0 0 0 0 0 0 2.29301 0 0 0 0 0 0 0 2.29301 0 0 0 0 0 0 0 0 
0 0 0 0 0 0 0 0 0.64666 0 0 0 0 0 0 0 0 0 0 0 0 0 0 0 0 0 0 0 0 0 0 0 0.64666 0 0 0 0 0 0 0 -5.87934 1.14651 1.14651 0 1.14651 0 0 0 0 0 0 0 0 0 0 0 1.14651 0 0 0 0 0 0 0 
0 0 0 0 0 0 0 0 0 0.64666 0 0 0 0 0 0 0 0 0 0 0 0 0 0 0 0 0 0 0 0 0 0 0 0.64666 0 0 0 0 0 0 0.64666 -7.09925 0 1.71976 0 1.71976 0 0 0 0 0 0 0 0 0 0 0 1.71976 0 0 0 0 0 0 
0 0 0 0 0 0 0 0 0 0 0.64666 0 0 0 0 0 0 0 0 0 0 0 0 0 0 0 0 0 0 0 0 0 0 0 0.64666 0 0 0 0 0 0.64666 0 -7.09925 1.71976 0 0 1.71976 0 0 0 0 0 0 0 0 0 0 0 1.71976 0 0 0 0 0 
0 0 0 0 0 0 0 0 0 0 0 0.64666 0 0 0 0 0 0 0 0 0 0 0 0 0 0 0 0 0 0 0 0 0 0 0 0.64666 0 0 0 0 0 0.64666 0.64666 -7.17266 0 0 0 2.29301 0 0 0 0 0 0 0 0 0 0 0 2.29301 0 0 0 0 
0 0 0 0 0 0 0 0 0 0 0 0 0.64666 0 0 0 0 0 0 0 0 0 0 0 0 0 0 0 0 0 0 0 0 0 0 0 0.64666 0 0 0 0.64666 0 0 0 -7.09925 1.71976 1.71976 0 0 0 0 0 0 0 0 0 0 0 0 0 1.71976 0 0 0 
0 0 0 0 0 0 0 0 0 0 0 0 0 0.64666 0 0 0 0 0 0 0 0 0 0 0 0 0 0 0 0 0 0 0 0 0 0 0 0.64666 0 0 0 0.64666 0 0 0.64666 -7.17266 0 2.29301 0 0 0 0 0 0 0 0 0 0 0 0 0 2.29301 0 0 
0 0 0 0 0 0 0 0 0 0 0 0 0 0 0.64666 0 0 0 0 0 0 0 0 0 0 0 0 0 0 0 0 0 0 0 0 0 0 0 0.64666 0 0 0 0.64666 0 0.64666 0 -7.17266 2.29301 0 0 0 0 0 0 0 0 0 0 0 0 0 0 2.29301 0 
0 0 0 0 0 0 0 0 0 0 0 0 0 0 0 0.64666 0 0 0 0 0 0 0 0 0 0 0 0 0 0 0 0 0 0 0 0 0 0 0 0.64666 0 0 0 0.64666 0 0.64666 0.64666 -6.09956 0 0 0 0 0 0 0 0 0 0 0 0 0 0 0 2.86626 
0 0 0 0 0 0 0 0 0 0 0 0 0 0 0 0 0.64666 0 0 0 0 0 0 0 0 0 0 0 0 0 0 0 0.64666 0 0 0 0 0 0 0 0 0 0 0 0 0 0 0 -5.87934 1.14651 1.14651 0 1.14651 0 0 0 1.14651 0 0 0 0 0 0 0 
0 0 0 0 0 0 0 0 0 0 0 0 0 0 0 0 0 0.64666 0 0 0 0 0 0 0 0 0 0 0 0 0 0 0 0.64666 0 0 0 0 0 0 0 0 0 0 0 0 0 0 0.64666 -7.09925 0 1.71976 0 1.71976 0 0 0 1.71976 0 0 0 0 0 0 
0 0 0 0 0 0 0 0 0 0 0 0 0 0 0 0 0 0 0.64666 0 0 0 0 0 0 0 0 0 0 0 0 0 0 0 0.64666 0 0 0 0 0 0 0 0 0 0 0 0 0 0.64666 0 -7.09925 1.71976 0 0 1.71976 0 0 0 1.71976 0 0 0 0 0 
0 0 0 0 0 0 0 0 0 0 0 0 0 0 0 0 0 0 0 0.64666 0 0 0 0 0 0 0 0 0 0 0 0 0 0 0 0.64666 0 0 0 0 0 0 0 0 0 0 0 0 0 0.64666 0.64666 -7.17266 0 0 0 2.29301 0 0 0 2.29301 0 0 0 0 
0 0 0 0 0 0 0 0 0 0 0 0 0 0 0 0 0 0 0 0 0.64666 0 0 0 0 0 0 0 0 0 0 0 0 0 0 0 0.64666 0 0 0 0 0 0 0 0 0 0 0 0.64666 0 0 0 -7.09925 1.71976 1.71976 0 0 0 0 0 1.71976 0 0 0 
0 0 0 0 0 0 0 0 0 0 0 0 0 0 0 0 0 0 0 0 0 0.64666 0 0 0 0 0 0 0 0 0 0 0 0 0 0 0 0.64666 0 0 0 0 0 0 0 0 0 0 0 0.64666 0 0 0.64666 -7.17266 0 2.29301 0 0 0 0 0 2.29301 0 0 
0 0 0 0 0 0 0 0 0 0 0 0 0 0 0 0 0 0 0 0 0 0 0.64666 0 0 0 0 0 0 0 0 0 0 0 0 0 0 0 0.64666 0 0 0 0 0 0 0 0 0 0 0 0.64666 0 0.64666 0 -7.17266 2.29301 0 0 0 0 0 0 2.29301 0 
0 0 0 0 0 0 0 0 0 0 0 0 0 0 0 0 0 0 0 0 0 0 0 0.64666 0 0 0 0 0 0 0 0 0 0 0 0 0 0 0 0.64666 0 0 0 0 0 0 0 0 0 0 0 0.64666 0 0.64666 0.64666 -6.09956 0 0 0 0 0 0 0 2.86626 
0 0 0 0 0 0 0 0 0 0 0 0 0 0 0 0 0 0 0 0 0 0 0 0 0.64666 0 0 0 0 0 0 0 0 0 0 0 0 0 0 0 0.64666 0 0 0 0 0 0 0 0.64666 0 0 0 0 0 0 0 -7.09925 1.71976 1.71976 0 1.71976 0 0 0 
0 0 0 0 0 0 0 0 0 0 0 0 0 0 0 0 0 0 0 0 0 0 0 0 0 0.64666 0 0 0 0 0 0 0 0 0 0 0 0 0 0 0 0.64666 0 0 0 0 0 0 0 0.64666 0 0 0 0 0 0 0.64666 -7.17266 0 2.29301 0 2.29301 0 0 
0 0 0 0 0 0 0 0 0 0 0 0 0 0 0 0 0 0 0 0 0 0 0 0 0 0 0.64666 0 0 0 0 0 0 0 0 0 0 0 0 0 0 0 0.64666 0 0 0 0 0 0 0 0.64666 0 0 0 0 0 0.64666 0 -7.17266 2.29301 0 0 2.29301 0 
0 0 0 0 0 0 0 0 0 0 0 0 0 0 0 0 0 0 0 0 0 0 0 0 0 0 0 0.64666 0 0 0 0 0 0 0 0 0 0 0 0 0 0 0 0.64666 0 0 0 0 0 0 0 0.64666 0 0 0 0 0 0.64666 0.64666 -6.09956 0 0 0 2.86626 
0 0 0 0 0 0 0 0 0 0 0 0 0 0 0 0 0 0 0 0 0 0 0 0 0 0 0 0 0.64666 0 0 0 0 0 0 0 0 0 0 0 0 0 0 0 0.64666 0 0 0 0 0 0 0 0.64666 0 0 0 0.64666 0 0 0 -7.17266 2.29301 2.29301 0 
0 0 0 0 0 0 0 0 0 0 0 0 0 0 0 0 0 0 0 0 0 0 0 0 0 0 0 0 0 0.64666 0 0 0 0 0 0 0 0 0 0 0 0 0 0 0 0.64666 0 0 0 0 0 0 0 0.64666 0 0 0 0.64666 0 0 0.64666 -6.09956 0 2.86626 
0 0 0 0 0 0 0 0 0 0 0 0 0 0 0 0 0 0 0 0 0 0 0 0 0 0 0 0 0 0 0.64666 0 0 0 0 0 0 0 0 0 0 0 0 0 0 0 0.64666 0 0 0 0 0 0 0 0.64666 0 0 0 0.64666 0 0.64666 0 -6.09956 2.86626 
0 0 0 0 0 0 0 0 0 0 0 0 0 0 0 0 0 0 0 0 0 0 0 0 0 0 0 0 0 0 0 0.64666 0 0 0 0 0 0 0 0 0 0 0 0 0 0 0 0.64666 0 0 0 0 0 0 0 0.64666 0 0 0 0.64666 0 0.64666 0.64666 -3.87996 
