32
-0 0 0 0 0 0 0 0 0 0 0 0 0 0 0 0 0 0 0 0 0 0 0 0 0 0 0 0 0 0 0 0 
0.28364 -1.58005 0 0.324101 0 0.324101 0 0 0 0.324101 0 0 0 0 0 0 0 0.324101 0 0 0 0 0 0 0 0 0 0 0 0 0 0 
0.28364 0 -1.58005 0.324101 0 0 0.324101 0 0 0 0.324101 0 0 0 0 0 0 0 0.324101 0 0 0 0 0 0 0 0 0 0 0 0 0 
0 0.28364 0.28364 -2.51189 0 0 0 0.648202 0 0 0 0.648202 0 0 0 0 0 0 0 0.648202 0 0 0 0 0 0 0 0 0 0 0 0 
0.28364 0 0 0 -1.58005 0.324101 0.324101 0 0 0 0 0 0.324101 0 0 0 0 0 0 0 0.324101 0 0 0 0 0 0 0 0 0 0 0 
0 0.28364 0 0 0.28364 -2.51189 0 0.648202 0 0 0 0 0 0.648202 0 0 0 0 0 0 0 0.648202 0 0 0 0 0 0 0 0 0 0 
0 0 0.28364 0 0.28364 0 -2.51189 0.648202 0 0 0 0 0 0 0.648202 0 0 0 0 0 0 0 0.648202 0 0 0 0 0 0 0 0 0 
0 0 0 0.28364 0 0.28364 0.28364 -2.79553 0 0 0 0 0 0 0 0.972304 0 0 0 0 0 0 0 0.972304 0 0 0 0 0 0 0 0 
0.28364 0 0 0 0 0 0 0 -1.58005 0.324101 0.324101 0 0.324101 0 0 0 0 0 0 0 0 0 0 0 0.324101 0 0 0 0 0 0 0 
0 0.28364 0 0 0 0 0 0 0.28364 -2.51189 0 0.648202 0 0.648202 0 0 0 0 0 0 0 0 0 0 0 0.648202 0 0 0 0 0 0 
0 0 0.28364 0 0 0 0 0 0.28364 0 -2.51189 0.648202 0 0 0.648202 0 0 0 0 0 0 0 0 0 0 0 0.648202 0 0 0 0 0 
0 0 0 0.28364 0 0 0 0 0 0.28364 0.28364 -2.79553 0 0 0 0.972304 0 0 0 0 0 0 0 0 0 0 0 0.972304 0 0 0 0 
0 0 0 0 0.28364 0 0 0 0.28364 0 0 0 -2.51189 0.648202 0.648202 0 0 0 0 0 0 0 0 0 0 0 0 0 0.648202 0 0 0 
0 0 0 0 0 0.28364 0 0 0 0.28364 0 0 0.28364 -2.79553 0 0.972304 0 0 0 0 0 0 0 0 0 0 0 0 0 0.972304 0 0 
0 0 0 0 0 0 0.28364 0 0 0 0.28364 0 0.28364 0 -2.79553 0.972304 0 0 0 0 0 0 0 0 0 0 0 0 0 0 0.972304 0 
0 0 0 0 0 0 0 0.28364 0 0 0 0.28364 0 0.28364 0.28364 -2.43097 0 0 0 0 0 0 0 0 0 0 0 0 0 0 0 1.2964 
0.28364 0 0 0 0 0 0 0 0 0 0 0 0 0 0 0 -1.58005 0.324101 0.324101 0 0.324101 0 0 0 0.324101 0 0 0 0 0 0 0 
0 0.28364 0 0 0 0 0 0 0 0 0 0 0 0 0 0 0.28364 -2.51189 0 0.648202 0 0.648202 0 0 0 0.648202 0 0 0 0 0 0 
0 0 0.28364 0 0 0 0 0 0 0 0 0 0 0 0 0 0.28364 0 -2.51189 0.648202 0 0 0.648202 0 0 0 0.648202 0 0 0 0 0 
0 0 0 0.28364 0 0 0 0 0 0 0 0 0 0 0 0 0 0.28364 0.28364 -2.79553 0 0 0 0.972304 0 0 0 0.972304 0 0 0 0 
0 0 0 0 0.28364 0 0 0 0 0 0 0 0 0 0 0 0.28364 0 0 0 -2.51189 0.648202 0.648202 0 0 0 0 0 0.648202 0 0 0 
0 0 0 0 0 0.28364 0 0 0 0 0 0 0 0 0 0 0 0.28364 0 0 0.28364 -2.79553 0 0.972304 0 0 0 0 0 0.972304 0 0 
0 0 0 0 0 0 0.28364 0 0 0 0 0 0 0 0 0 0 0 0.28364 0 0.28364 0 -2.79553 0.972304 0 0 0 0 0 0 0.972304 0 
0 0 0 0 0 0 0 0.28364 0 0 0 0 0 0 0 0 0 0 0 0.28364 0 0.28364 0.28364 -2.43097 0 0 0 0 0 0 0 1.2964 
0 0 0 0 0 0 0 0 0.28364 0 0 0 0 0 0 0 0.28364 0 0 0 0 0 0 0 -2.51189 0.648202 0.648202 0 0.648202 0 0 0 
0 0 0 0 0 0 0 0 0 0.28364 0 0 0 0 0 0 0 0.28364 0 0 0 0 0 0 0.28364 -2.79553 0 0.972304 0 0.972304 0 0 
0 0 0 0 0 0 0 0 0 0 0.28364 0 0 0 0 0 0 0 0.28364 0 0 0 0 0 0.28364 0 -2.79553 0.972304 0 0 0.972304 0 
0 0 0 0 0 0 0 0 0 0 0 0.28364 0 0 0 0 0 0 0 0.28364 0 0 0 0 0 0.28364 0.28364 -2.43097 0 0 0 1.2964 
0 0 0 0 0 0 0 0 0 0 0 0 0.28364 0 0 0 0 0 0 0 0.28364 0 0 0 0.28364 0 0 0 -2.79553 0.972304 0.972304 0 
0 0 0 0 0 0 0 0 0 0 0 0 0 0.28364 0 0 0 0 0 0 0 0.28364 0 0 0 0.28364 0 0 0.28364 -2.43097 0 1.2964 
0 0 0 0 0 0 0 0 0 0 0 0 0 0 0.28364 0 0 0 0 0 0 0 0.28364 0 0 0 0.28364 0 0.28364 0 -2.43097 1.2964 
0 0 0 0 0 0 0 0 0 0 0 0 0 0 0 0.28364 0 0 0 0 0 0 0 0.28364 0 0 0 0.28364 0 0.28364 0.28364 -1.4182 
