32
-0 0 0 0 0 0 0 0 0 0 0 0 0 0 0 0 0 0 0 0 0 0 0 0 0 0 0 0 0 0 0 0 
0.15768 -1.05804 0 0.225091 0 0.225091 0 0 0 0.225091 0 0 0 0 0 0 0 0.225091 0 0 0 0 0 0 0 0 0 0 0 0 0 0 
0.15768 0 -1.05804 0.225091 0 0 0.225091 0 0 0 0.225091 0 0 0 0 0 0 0 0.225091 0 0 0 0 0 0 0 0 0 0 0 0 0 
0 0.15768 0.15768 -1.66591 0 0 0 0.450182 0 0 0 0.450182 0 0 0 0 0 0 0 0.450182 0 0 0 0 0 0 0 0 0 0 0 0 
0.15768 0 0 0 -1.05804 0.225091 0.225091 0 0 0 0 0 0.225091 0 0 0 0 0 0 0 0.225091 0 0 0 0 0 0 0 0 0 0 0 
0 0.15768 0 0 0.15768 -1.66591 0 0.450182 0 0 0 0 0 0.450182 0 0 0 0 0 0 0 0.450182 0 0 0 0 0 0 0 0 0 0 
0 0 0.15768 0 0.15768 0 -1.66591 0.450182 0 0 0 0 0 0 0.450182 0 0 0 0 0 0 0 0.450182 0 0 0 0 0 0 0 0 0 
0 0 0 0.15768 0 0.15768 0.15768 -1.82359 0 0 0 0 0 0 0 0.675272 0 0 0 0 0 0 0 0.675272 0 0 0 0 0 0 0 0 
0.15768 0 0 0 0 0 0 0 -1.05804 0.225091 0.225091 0 0.225091 0 0 0 0 0 0 0 0 0 0 0 0.225091 0 0 0 0 0 0 0 
0 0.15768 0 0 0 0 0 0 0.15768 -1.66591 0 0.450182 0 0.450182 0 0 0 0 0 0 0 0 0 0 0 0.450182 0 0 0 0 0 0 
0 0 0.15768 0 0 0 0 0 0.15768 0 -1.66591 0.450182 0 0 0.450182 0 0 0 0 0 0 0 0 0 0 0 0.450182 0 0 0 0 0 
0 0 0 0.15768 0 0 0 0 0 0.15768 0.15768 -1.82359 0 0 0 0.675272 0 0 0 0 0 0 0 0 0 0 0 0.675272 0 0 0 0 
0 0 0 0 0.15768 0 0 0 0.15768 0 0 0 -1.66591 0.450182 0.450182 0 0 0 0 0 0 0 0 0 0 0 0 0 0.450182 0 0 0 
0 0 0 0 0 0.15768 0 0 0 0.15768 0 0 0.15768 -1.82359 0 0.675272 0 0 0 0 0 0 0 0 0 0 0 0 0 0.675272 0 0 
0 0 0 0 0 0 0.15768 0 0 0 0.15768 0 0.15768 0 -1.82359 0.675272 0 0 0 0 0 0 0 0 0 0 0 0 0 0 0.675272 0 
0 0 0 0 0 0 0 0.15768 0 0 0 0.15768 0 0.15768 0.15768 -1.53108 0 0 0 0 0 0 0 0 0 0 0 0 0 0 0 0.900363 
0.15768 0 0 0 0 0 0 0 0 0 0 0 0 0 0 0 -1.05804 0.225091 0.225091 0 0.225091 0 0 0 0.225091 0 0 0 0 0 0 0 
0 0.15768 0 0 0 0 0 0 0 0 0 0 0 0 0 0 0.15768 -1.66591 0 0.450182 0 0.450182 0 0 0 0.450182 0 0 0 0 0 0 
0 0 0.15768 0 0 0 0 0 0 0 0 0 0 0 0 0 0.15768 0 -1.66591 0.450182 0 0 0.450182 0 0 0 0.450182 0 0 0 0 0 
0 0 0 0.15768 0 0 0 0 0 0 0 0 0 0 0 0 0 0.15768 0.15768 -1.82359 0 0 0 0.675272 0 0 0 0.675272 0 0 0 0 
0 0 0 0 0.15768 0 0 0 0 0 0 0 0 0 0 0 0.15768 0 0 0 -1.66591 0.450182 0.450182 0 0 0 0 0 0.450182 0 0 0 
0 0 0 0 0 0.15768 0 0 0 0 0 0 0 0 0 0 0 0.15768 0 0 0.15768 -1.82359 0 0.675272 0 0 0 0 0 0.675272 0 0 
0 0 0 0 0 0 0.15768 0 0 0 0 0 0 0 0 0 0 0 0.15768 0 0.15768 0 -1.82359 0.675272 0 0 0 0 0 0 0.675272 0 
0 0 0 0 0 0 0 0.15768 0 0 0 0 0 0 0 0 0 0 0 0.15768 0 0.15768 0.15768 -1.53108 0 0 0 0 0 0 0 0.900363 
0 0 0 0 0 0 0 0 0.15768 0 0 0 0 0 0 0 0.15768 0 0 0 0 0 0 0 -1.66591 0.450182 0.450182 0 0.450182 0 0 0 
0 0 0 0 0 0 0 0 0 0.15768 0 0 0 0 0 0 0 0.15768 0 0 0 0 0 0 0.15768 -1.82359 0 0.675272 0 0.675272 0 0 
0 0 0 0 0 0 0 0 0 0 0.15768 0 0 0 0 0 0 0 0.15768 0 0 0 0 0 0.15768 0 -1.82359 0.675272 0 0 0.675272 0 
0 0 0 0 0 0 0 0 0 0 0 0.15768 0 0 0 0 0 0 0 0.15768 0 0 0 0 0 0.15768 0.15768 -1.53108 0 0 0 0.900363 
0 0 0 0 0 0 0 0 0 0 0 0 0.15768 0 0 0 0 0 0 0 0.15768 0 0 0 0.15768 0 0 0 -1.82359 0.675272 0.675272 0 
0 0 0 0 0 0 0 0 0 0 0 0 0 0.15768 0 0 0 0 0 0 0 0.15768 0 0 0 0.15768 0 0 0.15768 -1.53108 0 0.900363 
0 0 0 0 0 0 0 0 0 0 0 0 0 0 0.15768 0 0 0 0 0 0 0 0.15768 0 0 0 0.15768 0 0.15768 0 -1.53108 0.900363 
0 0 0 0 0 0 0 0 0 0 0 0 0 0 0 0.15768 0 0 0 0 0 0 0 0.15768 0 0 0 0.15768 0 0.15768 0.15768 -0.788401 
