32
-0 0 0 0 0 0 0 0 0 0 0 0 0 0 0 0 0 0 0 0 0 0 0 0 0 0 0 0 0 0 0 0 
0.25337 -1.6114 0 0.339508 0 0.339508 0 0 0 0.339508 0 0 0 0 0 0 0 0.339508 0 0 0 0 0 0 0 0 0 0 0 0 0 0 
0.25337 0 -1.6114 0.339508 0 0 0.339508 0 0 0 0.339508 0 0 0 0 0 0 0 0.339508 0 0 0 0 0 0 0 0 0 0 0 0 0 
0 0.25337 0.25337 -2.54379 0 0 0 0.679016 0 0 0 0.679016 0 0 0 0 0 0 0 0.679016 0 0 0 0 0 0 0 0 0 0 0 0 
0.25337 0 0 0 -1.6114 0.339508 0.339508 0 0 0 0 0 0.339508 0 0 0 0 0 0 0 0.339508 0 0 0 0 0 0 0 0 0 0 0 
0 0.25337 0 0 0.25337 -2.54379 0 0.679016 0 0 0 0 0 0.679016 0 0 0 0 0 0 0 0.679016 0 0 0 0 0 0 0 0 0 0 
0 0 0.25337 0 0.25337 0 -2.54379 0.679016 0 0 0 0 0 0 0.679016 0 0 0 0 0 0 0 0.679016 0 0 0 0 0 0 0 0 0 
0 0 0 0.25337 0 0.25337 0.25337 -2.79716 0 0 0 0 0 0 0 1.01852 0 0 0 0 0 0 0 1.01852 0 0 0 0 0 0 0 0 
0.25337 0 0 0 0 0 0 0 -1.6114 0.339508 0.339508 0 0.339508 0 0 0 0 0 0 0 0 0 0 0 0.339508 0 0 0 0 0 0 0 
0 0.25337 0 0 0 0 0 0 0.25337 -2.54379 0 0.679016 0 0.679016 0 0 0 0 0 0 0 0 0 0 0 0.679016 0 0 0 0 0 0 
0 0 0.25337 0 0 0 0 0 0.25337 0 -2.54379 0.679016 0 0 0.679016 0 0 0 0 0 0 0 0 0 0 0 0.679016 0 0 0 0 0 
0 0 0 0.25337 0 0 0 0 0 0.25337 0.25337 -2.79716 0 0 0 1.01852 0 0 0 0 0 0 0 0 0 0 0 1.01852 0 0 0 0 
0 0 0 0 0.25337 0 0 0 0.25337 0 0 0 -2.54379 0.679016 0.679016 0 0 0 0 0 0 0 0 0 0 0 0 0 0.679016 0 0 0 
0 0 0 0 0 0.25337 0 0 0 0.25337 0 0 0.25337 -2.79716 0 1.01852 0 0 0 0 0 0 0 0 0 0 0 0 0 1.01852 0 0 
0 0 0 0 0 0 0.25337 0 0 0 0.25337 0 0.25337 0 -2.79716 1.01852 0 0 0 0 0 0 0 0 0 0 0 0 0 0 1.01852 0 
0 0 0 0 0 0 0 0.25337 0 0 0 0.25337 0 0.25337 0.25337 -2.37151 0 0 0 0 0 0 0 0 0 0 0 0 0 0 0 1.35803 
0.25337 0 0 0 0 0 0 0 0 0 0 0 0 0 0 0 -1.6114 0.339508 0.339508 0 0.339508 0 0 0 0.339508 0 0 0 0 0 0 0 
0 0.25337 0 0 0 0 0 0 0 0 0 0 0 0 0 0 0.25337 -2.54379 0 0.679016 0 0.679016 0 0 0 0.679016 0 0 0 0 0 0 
0 0 0.25337 0 0 0 0 0 0 0 0 0 0 0 0 0 0.25337 0 -2.54379 0.679016 0 0 0.679016 0 0 0 0.679016 0 0 0 0 0 
0 0 0 0.25337 0 0 0 0 0 0 0 0 0 0 0 0 0 0.25337 0.25337 -2.79716 0 0 0 1.01852 0 0 0 1.01852 0 0 0 0 
0 0 0 0 0.25337 0 0 0 0 0 0 0 0 0 0 0 0.25337 0 0 0 -2.54379 0.679016 0.679016 0 0 0 0 0 0.679016 0 0 0 
0 0 0 0 0 0.25337 0 0 0 0 0 0 0 0 0 0 0 0.25337 0 0 0.25337 -2.79716 0 1.01852 0 0 0 0 0 1.01852 0 0 
0 0 0 0 0 0 0.25337 0 0 0 0 0 0 0 0 0 0 0 0.25337 0 0.25337 0 -2.79716 1.01852 0 0 0 0 0 0 1.01852 0 
0 0 0 0 0 0 0 0.25337 0 0 0 0 0 0 0 0 0 0 0 0.25337 0 0.25337 0.25337 -2.37151 0 0 0 0 0 0 0 1.35803 
0 0 0 0 0 0 0 0 0.25337 0 0 0 0 0 0 0 0.25337 0 0 0 0 0 0 0 -2.54379 0.679016 0.679016 0 0.679016 0 0 0 
0 0 0 0 0 0 0 0 0 0.25337 0 0 0 0 0 0 0 0.25337 0 0 0 0 0 0 0.25337 -2.79716 0 1.01852 0 1.01852 0 0 
0 0 0 0 0 0 0 0 0 0 0.25337 0 0 0 0 0 0 0 0.25337 0 0 0 0 0 0.25337 0 -2.79716 1.01852 0 0 1.01852 0 
0 0 0 0 0 0 0 0 0 0 0 0.25337 0 0 0 0 0 0 0 0.25337 0 0 0 0 0 0.25337 0.25337 -2.37151 0 0 0 1.35803 
0 0 0 0 0 0 0 0 0 0 0 0 0.25337 0 0 0 0 0 0 0 0.25337 0 0 0 0.25337 0 0 0 -2.79716 1.01852 1.01852 0 
0 0 0 0 0 0 0 0 0 0 0 0 0 0.25337 0 0 0 0 0 0 0 0.25337 0 0 0 0.25337 0 0 0.25337 -2.37151 0 1.35803 
0 0 0 0 0 0 0 0 0 0 0 0 0 0 0.25337 0 0 0 0 0 0 0 0.25337 0 0 0 0.25337 0 0.25337 0 -2.37151 1.35803 
0 0 0 0 0 0 0 0 0 0 0 0 0 0 0 0.25337 0 0 0 0 0 0 0 0.25337 0 0 0 0.25337 0 0.25337 0.25337 -1.26685 
