32
-0 0 0 0 0 0 0 0 0 0 0 0 0 0 0 0 0 0 0 0 0 0 0 0 0 0 0 0 0 0 0 0 
0.220184 -1.53096 0 0.327695 0 0.327695 0 0 0 0.327695 0 0 0 0 0 0 0 0.327695 0 0 0 0 0 0 0 0 0 0 0 0 0 0 
0.220184 0 -1.53096 0.327695 0 0 0.327695 0 0 0 0.327695 0 0 0 0 0 0 0 0.327695 0 0 0 0 0 0 0 0 0 0 0 0 0 
0 0.220184 0.220184 -2.40654 0 0 0 0.65539 0 0 0 0.65539 0 0 0 0 0 0 0 0.65539 0 0 0 0 0 0 0 0 0 0 0 0 
0.220184 0 0 0 -1.53096 0.327695 0.327695 0 0 0 0 0 0.327695 0 0 0 0 0 0 0 0.327695 0 0 0 0 0 0 0 0 0 0 0 
0 0.220184 0 0 0.220184 -2.40654 0 0.65539 0 0 0 0 0 0.65539 0 0 0 0 0 0 0 0.65539 0 0 0 0 0 0 0 0 0 0 
0 0 0.220184 0 0.220184 0 -2.40654 0.65539 0 0 0 0 0 0 0.65539 0 0 0 0 0 0 0 0.65539 0 0 0 0 0 0 0 0 0 
0 0 0 0.220184 0 0.220184 0.220184 -2.62672 0 0 0 0 0 0 0 0.983085 0 0 0 0 0 0 0 0.983085 0 0 0 0 0 0 0 0 
0.220184 0 0 0 0 0 0 0 -1.53096 0.327695 0.327695 0 0.327695 0 0 0 0 0 0 0 0 0 0 0 0.327695 0 0 0 0 0 0 0 
0 0.220184 0 0 0 0 0 0 0.220184 -2.40654 0 0.65539 0 0.65539 0 0 0 0 0 0 0 0 0 0 0 0.65539 0 0 0 0 0 0 
0 0 0.220184 0 0 0 0 0 0.220184 0 -2.40654 0.65539 0 0 0.65539 0 0 0 0 0 0 0 0 0 0 0 0.65539 0 0 0 0 0 
0 0 0 0.220184 0 0 0 0 0 0.220184 0.220184 -2.62672 0 0 0 0.983085 0 0 0 0 0 0 0 0 0 0 0 0.983085 0 0 0 0 
0 0 0 0 0.220184 0 0 0 0.220184 0 0 0 -2.40654 0.65539 0.65539 0 0 0 0 0 0 0 0 0 0 0 0 0 0.65539 0 0 0 
0 0 0 0 0 0.220184 0 0 0 0.220184 0 0 0.220184 -2.62672 0 0.983085 0 0 0 0 0 0 0 0 0 0 0 0 0 0.983085 0 0 
0 0 0 0 0 0 0.220184 0 0 0 0.220184 0 0.220184 0 -2.62672 0.983085 0 0 0 0 0 0 0 0 0 0 0 0 0 0 0.983085 0 
0 0 0 0 0 0 0 0.220184 0 0 0 0.220184 0 0.220184 0.220184 -2.19152 0 0 0 0 0 0 0 0 0 0 0 0 0 0 0 1.31078 
0.220184 0 0 0 0 0 0 0 0 0 0 0 0 0 0 0 -1.53096 0.327695 0.327695 0 0.327695 0 0 0 0.327695 0 0 0 0 0 0 0 
0 0.220184 0 0 0 0 0 0 0 0 0 0 0 0 0 0 0.220184 -2.40654 0 0.65539 0 0.65539 0 0 0 0.65539 0 0 0 0 0 0 
0 0 0.220184 0 0 0 0 0 0 0 0 0 0 0 0 0 0.220184 0 -2.40654 0.65539 0 0 0.65539 0 0 0 0.65539 0 0 0 0 0 
0 0 0 0.220184 0 0 0 0 0 0 0 0 0 0 0 0 0 0.220184 0.220184 -2.62672 0 0 0 0.983085 0 0 0 0.983085 0 0 0 0 
0 0 0 0 0.220184 0 0 0 0 0 0 0 0 0 0 0 0.220184 0 0 0 -2.40654 0.65539 0.65539 0 0 0 0 0 0.65539 0 0 0 
0 0 0 0 0 0.220184 0 0 0 0 0 0 0 0 0 0 0 0.220184 0 0 0.220184 -2.62672 0 0.983085 0 0 0 0 0 0.983085 0 0 
0 0 0 0 0 0 0.220184 0 0 0 0 0 0 0 0 0 0 0 0.220184 0 0.220184 0 -2.62672 0.983085 0 0 0 0 0 0 0.983085 0 
0 0 0 0 0 0 0 0.220184 0 0 0 0 0 0 0 0 0 0 0 0.220184 0 0.220184 0.220184 -2.19152 0 0 0 0 0 0 0 1.31078 
0 0 0 0 0 0 0 0 0.220184 0 0 0 0 0 0 0 0.220184 0 0 0 0 0 0 0 -2.40654 0.65539 0.65539 0 0.65539 0 0 0 
0 0 0 0 0 0 0 0 0 0.220184 0 0 0 0 0 0 0 0.220184 0 0 0 0 0 0 0.220184 -2.62672 0 0.983085 0 0.983085 0 0 
0 0 0 0 0 0 0 0 0 0 0.220184 0 0 0 0 0 0 0 0.220184 0 0 0 0 0 0.220184 0 -2.62672 0.983085 0 0 0.983085 0 
0 0 0 0 0 0 0 0 0 0 0 0.220184 0 0 0 0 0 0 0 0.220184 0 0 0 0 0 0.220184 0.220184 -2.19152 0 0 0 1.31078 
0 0 0 0 0 0 0 0 0 0 0 0 0.220184 0 0 0 0 0 0 0 0.220184 0 0 0 0.220184 0 0 0 -2.62672 0.983085 0.983085 0 
0 0 0 0 0 0 0 0 0 0 0 0 0 0.220184 0 0 0 0 0 0 0 0.220184 0 0 0 0.220184 0 0 0.220184 -2.19152 0 1.31078 
0 0 0 0 0 0 0 0 0 0 0 0 0 0 0.220184 0 0 0 0 0 0 0 0.220184 0 0 0 0.220184 0 0.220184 0 -2.19152 1.31078 
0 0 0 0 0 0 0 0 0 0 0 0 0 0 0 0.220184 0 0 0 0 0 0 0 0.220184 0 0 0 0.220184 0 0.220184 0.220184 -1.10092 
