32
-0 0 0 0 0 0 0 0 0 0 0 0 0 0 0 0 0 0 0 0 0 0 0 0 0 0 0 0 0 0 0 0 
0.269731 -1.63594 0 0.341552 0 0.341552 0 0 0 0.341552 0 0 0 0 0 0 0 0.341552 0 0 0 0 0 0 0 0 0 0 0 0 0 0 
0.269731 0 -1.63594 0.341552 0 0 0.341552 0 0 0 0.341552 0 0 0 0 0 0 0 0.341552 0 0 0 0 0 0 0 0 0 0 0 0 0 
0 0.269731 0.269731 -2.58878 0 0 0 0.683105 0 0 0 0.683105 0 0 0 0 0 0 0 0.683105 0 0 0 0 0 0 0 0 0 0 0 0 
0.269731 0 0 0 -1.63594 0.341552 0.341552 0 0 0 0 0 0.341552 0 0 0 0 0 0 0 0.341552 0 0 0 0 0 0 0 0 0 0 0 
0 0.269731 0 0 0.269731 -2.58878 0 0.683105 0 0 0 0 0 0.683105 0 0 0 0 0 0 0 0.683105 0 0 0 0 0 0 0 0 0 0 
0 0 0.269731 0 0.269731 0 -2.58878 0.683105 0 0 0 0 0 0 0.683105 0 0 0 0 0 0 0 0.683105 0 0 0 0 0 0 0 0 0 
0 0 0 0.269731 0 0.269731 0.269731 -2.85851 0 0 0 0 0 0 0 1.02466 0 0 0 0 0 0 0 1.02466 0 0 0 0 0 0 0 0 
0.269731 0 0 0 0 0 0 0 -1.63594 0.341552 0.341552 0 0.341552 0 0 0 0 0 0 0 0 0 0 0 0.341552 0 0 0 0 0 0 0 
0 0.269731 0 0 0 0 0 0 0.269731 -2.58878 0 0.683105 0 0.683105 0 0 0 0 0 0 0 0 0 0 0 0.683105 0 0 0 0 0 0 
0 0 0.269731 0 0 0 0 0 0.269731 0 -2.58878 0.683105 0 0 0.683105 0 0 0 0 0 0 0 0 0 0 0 0.683105 0 0 0 0 0 
0 0 0 0.269731 0 0 0 0 0 0.269731 0.269731 -2.85851 0 0 0 1.02466 0 0 0 0 0 0 0 0 0 0 0 1.02466 0 0 0 0 
0 0 0 0 0.269731 0 0 0 0.269731 0 0 0 -2.58878 0.683105 0.683105 0 0 0 0 0 0 0 0 0 0 0 0 0 0.683105 0 0 0 
0 0 0 0 0 0.269731 0 0 0 0.269731 0 0 0.269731 -2.85851 0 1.02466 0 0 0 0 0 0 0 0 0 0 0 0 0 1.02466 0 0 
0 0 0 0 0 0 0.269731 0 0 0 0.269731 0 0.269731 0 -2.85851 1.02466 0 0 0 0 0 0 0 0 0 0 0 0 0 0 1.02466 0 
0 0 0 0 0 0 0 0.269731 0 0 0 0.269731 0 0.269731 0.269731 -2.44514 0 0 0 0 0 0 0 0 0 0 0 0 0 0 0 1.36621 
0.269731 0 0 0 0 0 0 0 0 0 0 0 0 0 0 0 -1.63594 0.341552 0.341552 0 0.341552 0 0 0 0.341552 0 0 0 0 0 0 0 
0 0.269731 0 0 0 0 0 0 0 0 0 0 0 0 0 0 0.269731 -2.58878 0 0.683105 0 0.683105 0 0 0 0.683105 0 0 0 0 0 0 
0 0 0.269731 0 0 0 0 0 0 0 0 0 0 0 0 0 0.269731 0 -2.58878 0.683105 0 0 0.683105 0 0 0 0.683105 0 0 0 0 0 
0 0 0 0.269731 0 0 0 0 0 0 0 0 0 0 0 0 0 0.269731 0.269731 -2.85851 0 0 0 1.02466 0 0 0 1.02466 0 0 0 0 
0 0 0 0 0.269731 0 0 0 0 0 0 0 0 0 0 0 0.269731 0 0 0 -2.58878 0.683105 0.683105 0 0 0 0 0 0.683105 0 0 0 
0 0 0 0 0 0.269731 0 0 0 0 0 0 0 0 0 0 0 0.269731 0 0 0.269731 -2.85851 0 1.02466 0 0 0 0 0 1.02466 0 0 
0 0 0 0 0 0 0.269731 0 0 0 0 0 0 0 0 0 0 0 0.269731 0 0.269731 0 -2.85851 1.02466 0 0 0 0 0 0 1.02466 0 
0 0 0 0 0 0 0 0.269731 0 0 0 0 0 0 0 0 0 0 0 0.269731 0 0.269731 0.269731 -2.44514 0 0 0 0 0 0 0 1.36621 
0 0 0 0 0 0 0 0 0.269731 0 0 0 0 0 0 0 0.269731 0 0 0 0 0 0 0 -2.58878 0.683105 0.683105 0 0.683105 0 0 0 
0 0 0 0 0 0 0 0 0 0.269731 0 0 0 0 0 0 0 0.269731 0 0 0 0 0 0 0.269731 -2.85851 0 1.02466 0 1.02466 0 0 
0 0 0 0 0 0 0 0 0 0 0.269731 0 0 0 0 0 0 0 0.269731 0 0 0 0 0 0.269731 0 -2.85851 1.02466 0 0 1.02466 0 
0 0 0 0 0 0 0 0 0 0 0 0.269731 0 0 0 0 0 0 0 0.269731 0 0 0 0 0 0.269731 0.269731 -2.44514 0 0 0 1.36621 
0 0 0 0 0 0 0 0 0 0 0 0 0.269731 0 0 0 0 0 0 0 0.269731 0 0 0 0.269731 0 0 0 -2.85851 1.02466 1.02466 0 
0 0 0 0 0 0 0 0 0 0 0 0 0 0.269731 0 0 0 0 0 0 0 0.269731 0 0 0 0.269731 0 0 0.269731 -2.44514 0 1.36621 
0 0 0 0 0 0 0 0 0 0 0 0 0 0 0.269731 0 0 0 0 0 0 0 0.269731 0 0 0 0.269731 0 0.269731 0 -2.44514 1.36621 
0 0 0 0 0 0 0 0 0 0 0 0 0 0 0 0.269731 0 0 0 0 0 0 0 0.269731 0 0 0 0.269731 0 0.269731 0.269731 -1.34866 
