32
-0 0 0 0 0 0 0 0 0 0 0 0 0 0 0 0 0 0 0 0 0 0 0 0 0 0 0 0 0 0 0 0 
0.498113 -2.678 0 0.544971 0 0.544971 0 0 0 0.544971 0 0 0 0 0 0 0 0.544971 0 0 0 0 0 0 0 0 0 0 0 0 0 0 
0.498113 0 -2.678 0.544971 0 0 0.544971 0 0 0 0.544971 0 0 0 0 0 0 0 0.544971 0 0 0 0 0 0 0 0 0 0 0 0 0 
0 0.498113 0.498113 -4.26605 0 0 0 1.08994 0 0 0 1.08994 0 0 0 0 0 0 0 1.08994 0 0 0 0 0 0 0 0 0 0 0 0 
0.498113 0 0 0 -2.678 0.544971 0.544971 0 0 0 0 0 0.544971 0 0 0 0 0 0 0 0.544971 0 0 0 0 0 0 0 0 0 0 0 
0 0.498113 0 0 0.498113 -4.26605 0 1.08994 0 0 0 0 0 1.08994 0 0 0 0 0 0 0 1.08994 0 0 0 0 0 0 0 0 0 0 
0 0 0.498113 0 0.498113 0 -4.26605 1.08994 0 0 0 0 0 0 1.08994 0 0 0 0 0 0 0 1.08994 0 0 0 0 0 0 0 0 0 
0 0 0 0.498113 0 0.498113 0.498113 -4.76417 0 0 0 0 0 0 0 1.63491 0 0 0 0 0 0 0 1.63491 0 0 0 0 0 0 0 0 
0.498113 0 0 0 0 0 0 0 -2.678 0.544971 0.544971 0 0.544971 0 0 0 0 0 0 0 0 0 0 0 0.544971 0 0 0 0 0 0 0 
0 0.498113 0 0 0 0 0 0 0.498113 -4.26605 0 1.08994 0 1.08994 0 0 0 0 0 0 0 0 0 0 0 1.08994 0 0 0 0 0 0 
0 0 0.498113 0 0 0 0 0 0.498113 0 -4.26605 1.08994 0 0 1.08994 0 0 0 0 0 0 0 0 0 0 0 1.08994 0 0 0 0 0 
0 0 0 0.498113 0 0 0 0 0 0.498113 0.498113 -4.76417 0 0 0 1.63491 0 0 0 0 0 0 0 0 0 0 0 1.63491 0 0 0 0 
0 0 0 0 0.498113 0 0 0 0.498113 0 0 0 -4.26605 1.08994 1.08994 0 0 0 0 0 0 0 0 0 0 0 0 0 1.08994 0 0 0 
0 0 0 0 0 0.498113 0 0 0 0.498113 0 0 0.498113 -4.76417 0 1.63491 0 0 0 0 0 0 0 0 0 0 0 0 0 1.63491 0 0 
0 0 0 0 0 0 0.498113 0 0 0 0.498113 0 0.498113 0 -4.76417 1.63491 0 0 0 0 0 0 0 0 0 0 0 0 0 0 1.63491 0 
0 0 0 0 0 0 0 0.498113 0 0 0 0.498113 0 0.498113 0.498113 -4.17234 0 0 0 0 0 0 0 0 0 0 0 0 0 0 0 2.17989 
0.498113 0 0 0 0 0 0 0 0 0 0 0 0 0 0 0 -2.678 0.544971 0.544971 0 0.544971 0 0 0 0.544971 0 0 0 0 0 0 0 
0 0.498113 0 0 0 0 0 0 0 0 0 0 0 0 0 0 0.498113 -4.26605 0 1.08994 0 1.08994 0 0 0 1.08994 0 0 0 0 0 0 
0 0 0.498113 0 0 0 0 0 0 0 0 0 0 0 0 0 0.498113 0 -4.26605 1.08994 0 0 1.08994 0 0 0 1.08994 0 0 0 0 0 
0 0 0 0.498113 0 0 0 0 0 0 0 0 0 0 0 0 0 0.498113 0.498113 -4.76417 0 0 0 1.63491 0 0 0 1.63491 0 0 0 0 
0 0 0 0 0.498113 0 0 0 0 0 0 0 0 0 0 0 0.498113 0 0 0 -4.26605 1.08994 1.08994 0 0 0 0 0 1.08994 0 0 0 
0 0 0 0 0 0.498113 0 0 0 0 0 0 0 0 0 0 0 0.498113 0 0 0.498113 -4.76417 0 1.63491 0 0 0 0 0 1.63491 0 0 
0 0 0 0 0 0 0.498113 0 0 0 0 0 0 0 0 0 0 0 0.498113 0 0.498113 0 -4.76417 1.63491 0 0 0 0 0 0 1.63491 0 
0 0 0 0 0 0 0 0.498113 0 0 0 0 0 0 0 0 0 0 0 0.498113 0 0.498113 0.498113 -4.17234 0 0 0 0 0 0 0 2.17989 
0 0 0 0 0 0 0 0 0.498113 0 0 0 0 0 0 0 0.498113 0 0 0 0 0 0 0 -4.26605 1.08994 1.08994 0 1.08994 0 0 0 
0 0 0 0 0 0 0 0 0 0.498113 0 0 0 0 0 0 0 0.498113 0 0 0 0 0 0 0.498113 -4.76417 0 1.63491 0 1.63491 0 0 
0 0 0 0 0 0 0 0 0 0 0.498113 0 0 0 0 0 0 0 0.498113 0 0 0 0 0 0.498113 0 -4.76417 1.63491 0 0 1.63491 0 
0 0 0 0 0 0 0 0 0 0 0 0.498113 0 0 0 0 0 0 0 0.498113 0 0 0 0 0 0.498113 0.498113 -4.17234 0 0 0 2.17989 
0 0 0 0 0 0 0 0 0 0 0 0 0.498113 0 0 0 0 0 0 0 0.498113 0 0 0 0.498113 0 0 0 -4.76417 1.63491 1.63491 0 
0 0 0 0 0 0 0 0 0 0 0 0 0 0.498113 0 0 0 0 0 0 0 0.498113 0 0 0 0.498113 0 0 0.498113 -4.17234 0 2.17989 
0 0 0 0 0 0 0 0 0 0 0 0 0 0 0.498113 0 0 0 0 0 0 0 0.498113 0 0 0 0.498113 0 0.498113 0 -4.17234 2.17989 
0 0 0 0 0 0 0 0 0 0 0 0 0 0 0 0.498113 0 0 0 0 0 0 0 0.498113 0 0 0 0.498113 0 0.498113 0.498113 -2.49056 
